,Day,Hour,Month,Year,temp_10,wind_100ms,wind_10ms,wind_40ms
0,1,0,1,2007,-2.5908333333333333,14.38,9.05,11.87
1,1,1,1,2007,-2.9658333333333338,14.33,8.59,11.52
2,1,2,1,2007,-3.004166666666667,14.76,9.01,11.99
3,1,3,1,2007,-2.958333333333334,15.61,9.27,12.5
4,1,4,1,2007,-2.8766666666666665,15.35,9.1,12.26
5,1,5,1,2007,-2.9533333333333336,15.23,8.620000000000001,11.74
6,1,6,1,2007,-3.124166666666666,15.61,8.74,12.02
7,1,7,1,2007,-3.0291666666666663,16.41,9.45,12.88
8,1,8,1,2007,-3.0025,16.39,9.45,12.87
9,1,9,1,2007,-3.1841666666666675,14.71,7.97,11.16
10,1,10,1,2007,-3.375,13.51,7.15,10.07
11,1,11,1,2007,-3.5991666666666666,13.43,7.08,9.98
12,1,12,1,2007,-3.846666666666667,12.2,5.98,8.67
13,1,13,1,2007,-4.0275,11.51,5.57,8.11
14,1,14,1,2007,-3.705833333333333,10.62,5.7,7.73
15,1,15,1,2007,-2.8708333333333336,9.35,5.69,7.21
16,1,16,1,2007,-1.8124999999999998,6.38,4.89,5.87
17,1,17,1,2007,-0.8891666666666665,5.95,4.57,5.5
18,1,18,1,2007,0.05166666666666669,4.91,3.85,4.58
19,1,19,1,2007,0.8224999999999999,4.29,3.38,4.0200000000000005
20,1,20,1,2007,1.24,4.0200000000000005,3.18,3.78
21,1,21,1,2007,1.2566666666666666,3.68,2.86,3.42
22,1,22,1,2007,0.29916666666666675,3.95,2.23,3.45
23,1,23,1,2007,-0.8566666666666666,3.92,1.83,3.78
24,2,0,1,2007,-1.3225,3.33,1.81,2.96
25,2,1,1,2007,-1.6875,3.8,2.1,4.0200000000000005
26,2,2,1,2007,-2.0733333333333333,3.78,2.12,4.01
27,2,3,1,2007,-2.275,3.45,2.25,3.75
28,2,4,1,2007,-2.4766666666666666,3.04,1.98,3.12
29,2,5,1,2007,-2.3691666666666666,3.73,2.51,3.76
30,2,6,1,2007,-2.3725,3.99,2.97,4.49
31,2,7,1,2007,-2.035833333333333,4.61,3.04,4.5200000000000005
32,2,8,1,2007,-2.0199999999999996,5.84,3.36,5.2
33,2,9,1,2007,-2.1366666666666667,7.0200000000000005,3.97,5.87
34,2,10,1,2007,-2.0866666666666664,7.68,4.42,6.4
35,2,11,1,2007,-2.095833333333333,8.11,4.73,6.59
36,2,12,1,2007,-2.391666666666667,8.41,4.5600000000000005,6.5
37,2,13,1,2007,-2.4166666666666665,8.65,4.58,6.58
38,2,14,1,2007,-2.1525,8.65,4.72,6.3900000000000015
39,2,15,1,2007,-1.2083333333333333,8.040000000000001,4.54,5.94
40,2,16,1,2007,0.2608333333333333,7.36,5.12,6.15
41,2,17,1,2007,1.5108333333333333,6.84,5.1000000000000005,6.15
42,2,18,1,2007,2.5991666666666666,6.87,5.12,6.23
43,2,19,1,2007,3.364166666666667,7.81,5.8500000000000005,7.13
44,2,20,1,2007,3.7325000000000004,7.5,5.5200000000000005,6.7700000000000005
45,2,21,1,2007,3.5708333333333333,9.34,5.4,7.32
46,2,22,1,2007,2.466666666666667,12.07,5.03,8.5
47,2,23,1,2007,1.9233333333333331,13.55,6.34,9.79
48,3,0,1,2007,1.8250000000000002,14.9,7.33,10.86
49,3,1,1,2007,1.7666666666666668,15.48,8.040000000000001,11.55
50,3,2,1,2007,1.5683333333333336,16.41,8.870000000000003,12.45
51,3,3,1,2007,1.3866666666666667,16.68,9.11,12.71
52,3,4,1,2007,1.1691666666666667,16.4,8.73,12.31
53,3,5,1,2007,1.0058333333333334,16.19,8.48,12.05
54,3,6,1,2007,0.8525000000000001,16.14,8.52,12.04
55,3,7,1,2007,0.7666666666666666,16.17,8.56,12.06
56,3,8,1,2007,0.6150000000000001,15.9,8.23,11.72
57,3,9,1,2007,0.6416666666666666,15.98,8.27,11.75
58,3,10,1,2007,0.7558333333333332,15.97,8.4,11.88
59,3,11,1,2007,0.8658333333333332,16.02,8.42,11.92
60,3,12,1,2007,1.0633333333333335,15.78,8.290000000000001,11.78
61,3,13,1,2007,0.9566666666666667,15.74,8.26,11.75
62,3,14,1,2007,1.345,15.45,8.33,11.38
63,3,15,1,2007,2.9725,14.35,8.76,11.44
64,3,16,1,2007,3.8041666666666667,13.71,8.620000000000001,11.28
65,3,17,1,2007,4.803333333333334,13.19,8.0,10.14
66,3,18,1,2007,6.1725,11.68,7.84,9.88
67,3,19,1,2007,6.964166666666665,12.25,7.57,9.54
68,3,20,1,2007,7.484999999999999,12.43,7.85,10.3
69,3,21,1,2007,7.051666666666667,13.66,6.82,10.03
70,3,22,1,2007,5.735833333333335,16.38,7.79,11.89
71,3,23,1,2007,5.058333333333334,17.67,8.92,12.99
72,4,0,1,2007,4.803333333333334,19.17,10.37,14.55
73,4,1,1,2007,4.2825,19.69,10.44,14.66
74,4,2,1,2007,4.198333333333333,19.99,10.91,15.12
75,4,3,1,2007,3.9699999999999993,20.47,11.67,15.89
76,4,4,1,2007,4.076666666666666,20.72,12.02,16.21
77,4,5,1,2007,3.9516666666666667,20.08,11.44,15.5
78,4,6,1,2007,3.6374999999999997,19.73,11.21,15.2
79,4,7,1,2007,3.6958333333333333,19.73,11.43,15.41
80,4,8,1,2007,3.608333333333334,19.75,11.58,15.51
81,4,9,1,2007,3.440833333333334,20.26,12.16,16.17
82,4,10,1,2007,3.498333333333333,20.53,12.45,16.5
83,4,11,1,2007,3.5866666666666673,20.12,12.23,16.13
84,4,12,1,2007,3.695,19.73,12.17,16.03
85,4,13,1,2007,3.4899999999999998,18.02,11.04,14.6
86,4,14,1,2007,3.8350000000000004,17.45,10.32,13.81
87,4,15,1,2007,4.778333333333332,15.72,9.93,12.97
88,4,16,1,2007,5.344166666666666,14.34,8.98,11.36
89,4,17,1,2007,6.634166666666665,12.75,8.99,11.18
90,4,18,1,2007,7.9025,12.17,8.66,10.72
91,4,19,1,2007,8.894166666666669,11.54,8.25,10.23
92,4,20,1,2007,9.303333333333333,10.15,7.24,9.0
93,4,21,1,2007,9.145833333333332,10.46,7.11,8.89
94,4,22,1,2007,8.236666666666668,12.06,6.59,9.39
95,4,23,1,2007,7.265833333333333,13.02,6.3500000000000005,9.32
96,5,0,1,2007,6.352499999999999,12.63,6.3500000000000005,9.15
97,5,1,1,2007,5.719166666666666,12.81,6.6000000000000005,9.53
98,5,2,1,2007,4.689166666666667,12.68,6.45,9.38
99,5,3,1,2007,3.316666666666667,11.55,6.38,8.67
100,5,4,1,2007,2.67,11.32,6.36,8.55
101,5,5,1,2007,2.874166666666667,12.0,6.53,9.04
102,5,6,1,2007,2.6999999999999997,11.71,5.98,8.57
103,5,7,1,2007,1.7858333333333336,11.13,4.63,7.49
104,5,8,1,2007,0.6858333333333334,8.950000000000003,2.83,4.91
105,5,9,1,2007,0.17499999999999996,5.61,2.88,3.96
106,5,10,1,2007,-0.40666666666666673,5.48,2.74,3.8
107,5,11,1,2007,0.5075,8.99,4.2,6.5600000000000005
108,5,12,1,2007,1.2941666666666667,8.84,4.79,6.62
109,5,13,1,2007,1.5775,7.03,4.01,5.42
110,5,14,1,2007,1.6791666666666665,7.61,4.66,6.13
111,5,15,1,2007,1.6716666666666666,7.6400000000000015,4.65,6.41
112,5,16,1,2007,1.6483333333333334,7.92,4.9,6.6000000000000005
113,5,17,1,2007,2.0033333333333334,6.83,4.79,5.86
114,5,18,1,2007,2.8783333333333334,7.21,5.4,6.54
115,5,19,1,2007,4.534166666666667,8.34,6.13,7.48
116,5,20,1,2007,5.2225,9.14,6.63,8.18
117,5,21,1,2007,4.963333333333334,9.87,6.97,8.69
118,5,22,1,2007,4.045000000000001,9.16,6.1000000000000005,7.71
119,5,23,1,2007,3.313333333333333,11.22,6.17,8.540000000000001
120,6,0,1,2007,3.186666666666667,10.72,6.41,8.370000000000001
121,6,1,1,2007,2.9008333333333334,9.06,5.83,7.54
122,6,2,1,2007,2.6916666666666664,8.14,4.57,6.01
123,6,3,1,2007,2.2641666666666667,9.82,4.45,6.87
124,6,4,1,2007,1.5483333333333336,10.86,5.22,7.71
125,6,5,1,2007,0.7700000000000001,10.98,5.33,7.82
126,6,6,1,2007,0.24000000000000002,10.97,4.7700000000000005,7.48
127,6,7,1,2007,0.13166666666666663,11.11,5.36,7.97
128,6,8,1,2007,0.04583333333333334,11.15,5.55,8.120000000000001
129,6,9,1,2007,-0.42916666666666664,10.18,4.18,6.68
130,6,10,1,2007,-0.5541666666666668,9.94,4.18,6.6400000000000015
131,6,11,1,2007,-0.9541666666666667,8.93,3.69,5.63
132,6,12,1,2007,-1.1958333333333335,8.77,3.7,5.66
133,6,13,1,2007,-1.2116666666666667,8.17,3.91,5.79
134,6,14,1,2007,-0.7533333333333334,7.72,4.07,5.48
135,6,15,1,2007,0.3316666666666666,6.13,4.22,4.83
136,6,16,1,2007,1.7466666666666668,5.94,4.28,4.91
137,6,17,1,2007,3.2283333333333335,4.61,3.64,4.2700000000000005
138,6,18,1,2007,4.340833333333333,3.5500000000000003,2.72,3.23
139,6,19,1,2007,5.0841666666666665,3.62,2.78,3.3200000000000003
140,6,20,1,2007,5.47,4.59,3.45,4.2
141,6,21,1,2007,5.197500000000001,6.2,3.69,4.88
142,6,22,1,2007,3.7241666666666666,8.16,3.95,6.78
143,6,23,1,2007,2.4475000000000002,9.83,4.6000000000000005,7.77
144,7,0,1,2007,1.8475,10.66,5.22,8.290000000000001
145,7,1,1,2007,1.6083333333333334,11.34,5.74,8.82
146,7,2,1,2007,1.445,11.84,5.76,8.83
147,7,3,1,2007,1.46,12.6,5.94,9.21
148,7,4,1,2007,1.9366666666666665,13.03,6.43,9.68
149,7,5,1,2007,1.7925000000000002,13.35,6.8100000000000005,10.01
150,7,6,1,2007,1.465833333333333,13.28,6.84,9.96
151,7,7,1,2007,1.2466666666666666,12.99,6.62,9.73
152,7,8,1,2007,0.9816666666666668,12.94,6.76,9.68
153,7,9,1,2007,0.7974999999999999,12.67,6.63,9.41
154,7,10,1,2007,0.5316666666666667,11.8,6.28,8.790000000000001
155,7,11,1,2007,0.36250000000000004,11.1,6.19,8.33
156,7,12,1,2007,0.32999999999999996,10.01,6.16,8.07
157,7,13,1,2007,0.37166666666666665,9.46,5.43,7.36
158,7,14,1,2007,0.6825,11.73,6.93,9.24
159,7,15,1,2007,1.5708333333333335,12.17,7.44,9.77
160,7,16,1,2007,2.0775,11.38,8.15,10.13
161,7,17,1,2007,2.591666666666667,11.63,8.31,10.33
162,7,18,1,2007,2.941666666666667,11.92,8.44,10.55
163,7,19,1,2007,3.0574999999999997,11.91,8.43,10.53
164,7,20,1,2007,2.7674999999999996,11.99,8.48,10.61
165,7,21,1,2007,2.3158333333333334,12.36,8.56,10.84
166,7,22,1,2007,1.2741666666666667,11.0,7.2,9.32
167,7,23,1,2007,-0.09083333333333334,12.29,6.07,8.96
168,8,0,1,2007,-0.815,12.36,6.13,8.99
169,8,1,1,2007,-0.6483333333333333,12.34,6.23,9.09
170,8,2,1,2007,-1.0541666666666667,11.77,5.98,8.66
171,8,3,1,2007,-1.4341666666666668,11.05,5.6000000000000005,7.98
172,8,4,1,2007,-1.8291666666666668,11.42,5.8,8.16
173,8,5,1,2007,-1.973333333333333,11.48,6.09,8.42
174,8,6,1,2007,-1.9933333333333332,11.34,6.07,8.31
175,8,7,1,2007,-1.9425000000000001,12.05,6.5600000000000005,8.97
176,8,8,1,2007,-1.9641666666666666,13.07,7.42,10.01
177,8,9,1,2007,-1.7608333333333333,13.42,7.75,10.37
178,8,10,1,2007,-1.4666666666666666,14.34,8.17,11.0
179,8,11,1,2007,-1.2083333333333333,14.96,8.76,11.71
180,8,12,1,2007,-1.6075,14.8,8.73,11.62
181,8,13,1,2007,-1.5675,13.89,8.47,11.15
182,8,14,1,2007,-0.6275,13.54,8.65,11.11
183,8,15,1,2007,1.465,13.73,7.84,10.74
184,8,16,1,2007,4.320833333333334,11.52,6.79,8.48
185,8,17,1,2007,5.881666666666668,9.08,6.4,7.9300000000000015
186,8,18,1,2007,6.995833333333333,10.27,7.17,8.96
187,8,19,1,2007,7.615833333333334,10.52,7.27,9.16
188,8,20,1,2007,7.8133333333333335,10.59,7.27,9.2
189,8,21,1,2007,7.123333333333332,10.11,6.48,8.43
190,8,22,1,2007,5.195833333333334,11.93,5.32,8.9
191,8,23,1,2007,3.6550000000000007,12.6,5.57,9.02
192,9,0,1,2007,2.539166666666667,13.35,6.11,9.3
193,9,1,1,2007,1.7800000000000002,13.73,5.78,9.08
194,9,2,1,2007,1.2633333333333334,14.79,5.73,9.04
195,9,3,1,2007,1.9008333333333332,16.15,7.65,11.26
196,9,4,1,2007,1.7108333333333332,16.98,8.69,12.33
197,9,5,1,2007,1.1866666666666668,17.17,9.09,12.59
198,9,6,1,2007,0.3066666666666666,16.7,8.52,11.94
199,9,7,1,2007,-0.19666666666666666,15.41,8.19,11.41
200,9,8,1,2007,-0.6291666666666668,16.34,8.57,11.92
201,9,9,1,2007,-0.9216666666666667,16.57,8.91,12.27
202,9,10,1,2007,-1.2141666666666666,16.87,9.73,13.08
203,9,11,1,2007,-1.8775000000000002,13.9,7.36,10.23
204,9,12,1,2007,-2.0675000000000003,14.48,8.290000000000001,11.14
205,9,13,1,2007,-2.3716666666666666,15.37,9.2,12.38
206,9,14,1,2007,-2.3408333333333333,16.17,10.29,13.48
207,9,15,1,2007,-1.9158333333333333,13.33,9.41,11.85
208,9,16,1,2007,-1.3141666666666667,12.1,8.6,10.77
209,9,17,1,2007,-0.6583333333333333,9.84,7.09,8.72
210,9,18,1,2007,0.00833333333333333,8.22,6.0600000000000005,7.41
211,9,19,1,2007,0.5591666666666667,7.32,5.33,6.53
212,9,20,1,2007,0.9183333333333333,6.3,4.64,5.68
213,9,21,1,2007,1.0199999999999998,5.37,3.91,4.78
214,9,22,1,2007,0.16916666666666666,5.98,3.03,5.04
215,9,23,1,2007,-0.8025000000000002,6.0600000000000005,2.87,5.16
216,10,0,1,2007,-1.1316666666666666,6.34,3.09,5.51
217,10,1,1,2007,-1.8416666666666668,5.76,2.59,4.89
218,10,2,1,2007,-1.8375000000000001,6.4,3.29,5.45
219,10,3,1,2007,-1.2924999999999998,7.47,3.62,6.0
220,10,4,1,2007,-0.9866666666666667,9.36,4.2,6.9
221,10,5,1,2007,-1.1458333333333333,10.73,4.64,7.27
222,10,6,1,2007,-1.1366666666666667,11.93,5.74,8.41
223,10,7,1,2007,-0.9849999999999999,13.21,6.88,9.69
224,10,8,1,2007,-0.8333333333333334,13.88,7.16,10.12
225,10,9,1,2007,-0.6383333333333333,14.14,7.28,10.28
226,10,10,1,2007,-0.4858333333333332,14.78,8.040000000000001,11.11
227,10,11,1,2007,-0.44750000000000006,14.95,8.14,11.28
228,10,12,1,2007,-0.10500000000000002,16.03,9.21,12.49
229,10,13,1,2007,-0.08666666666666667,16.36,9.33,12.67
230,10,14,1,2007,1.0725,17.98,11.37,14.86
231,10,15,1,2007,3.746666666666666,18.12,12.0,15.39
232,10,16,1,2007,4.7683333333333335,17.13,10.59,14.5
233,10,17,1,2007,6.3875,14.75,10.13,12.78
234,10,18,1,2007,7.315,14.25,9.91,12.44
235,10,19,1,2007,8.177500000000002,13.27,9.2,11.62
236,10,20,1,2007,8.4175,13.82,8.950000000000003,11.43
237,10,21,1,2007,7.954166666666666,14.5,8.63,11.55
238,10,22,1,2007,6.675,17.07,8.9,12.8
239,10,23,1,2007,5.7875000000000005,18.54,10.2,14.18
240,11,0,1,2007,5.390833333333334,19.6,11.09,15.16
241,11,1,1,2007,5.078333333333334,21.09,12.45,16.7
242,11,2,1,2007,4.953333333333334,21.18,12.58,16.84
243,11,3,1,2007,4.720833333333334,20.38,12.02,16.11
244,11,4,1,2007,4.561666666666666,20.04,11.71,15.73
245,11,5,1,2007,4.208333333333333,19.79,11.58,15.49
246,11,6,1,2007,3.8350000000000004,18.58,10.53,14.26
247,11,7,1,2007,3.5408333333333335,17.28,9.43,12.97
248,11,8,1,2007,3.3841666666666668,17.11,9.4,12.94
249,11,9,1,2007,3.230833333333333,17.03,9.63,13.06
250,11,10,1,2007,3.5191666666666666,16.73,9.83,13.1
251,11,11,1,2007,3.550833333333333,16.4,9.62,12.84
252,11,12,1,2007,3.7383333333333333,15.51,9.09,12.14
253,11,13,1,2007,4.229166666666667,15.07,9.13,12.05
254,11,14,1,2007,5.105833333333333,13.95,8.19,10.93
255,11,15,1,2007,5.804166666666667,11.8,6.9,9.27
256,11,16,1,2007,6.224166666666668,9.49,5.5200000000000005,7.44
257,11,17,1,2007,6.829166666666667,8.19,4.88,6.53
258,11,18,1,2007,7.371666666666666,6.28,3.47,4.54
259,11,19,1,2007,8.580833333333333,4.28,3.04,3.64
260,11,20,1,2007,8.886666666666665,3.02,1.89,2.38
261,11,21,1,2007,6.579166666666666,9.27,6.92,8.32
262,11,22,1,2007,4.015,9.6,7.0200000000000005,8.540000000000001
263,11,23,1,2007,2.908333333333333,10.63,6.88,8.950000000000003
264,12,0,1,2007,2.0625,10.91,7.69,9.6
265,12,1,1,2007,0.82,11.23,7.98,9.89
266,12,2,1,2007,-0.8258333333333332,12.26,7.71,10.06
267,12,3,1,2007,-2.2683333333333335,12.44,8.09,10.34
268,12,4,1,2007,-3.4500000000000006,12.39,8.21,10.47
269,12,5,1,2007,-4.421666666666667,11.65,8.11,10.16
270,12,6,1,2007,-5.131666666666667,10.9,7.77,9.66
271,12,7,1,2007,-5.7025,10.6,7.66,9.49
272,12,8,1,2007,-6.140833333333333,10.64,7.67,9.51
273,12,9,1,2007,-6.6125,10.57,7.62,9.45
274,12,10,1,2007,-7.28,10.22,7.43,9.17
275,12,11,1,2007,-7.734166666666667,9.92,7.17,8.870000000000003
276,12,12,1,2007,-8.451666666666668,9.98,7.27,8.97
277,12,13,1,2007,-9.0825,10.17,7.3900000000000015,9.13
278,12,14,1,2007,-9.680000000000001,10.57,7.79,9.57
279,12,15,1,2007,-9.805833333333332,10.24,7.52,9.23
280,12,16,1,2007,-9.540833333333333,9.54,7.11,8.66
281,12,17,1,2007,-9.207499999999998,9.44,7.05,8.56
282,12,18,1,2007,-8.673333333333332,9.68,7.2,8.76
283,12,19,1,2007,-8.1975,9.62,7.16,8.72
284,12,20,1,2007,-7.9366666666666665,9.25,6.86,8.370000000000001
285,12,21,1,2007,-7.970833333333335,9.16,6.71,8.25
286,12,22,1,2007,-8.369166666666667,9.18,6.73,8.27
287,12,23,1,2007,-8.655833333333335,8.74,6.38,7.85
288,13,0,1,2007,-9.075000000000001,9.23,6.84,8.39
289,13,1,1,2007,-9.39,9.14,6.7700000000000005,8.3
290,13,2,1,2007,-9.694166666666666,8.63,6.3900000000000015,7.84
291,13,3,1,2007,-10.120833333333332,8.56,6.3500000000000005,7.77
292,13,4,1,2007,-10.4,8.870000000000003,6.6000000000000005,8.08
293,13,5,1,2007,-10.4475,8.41,6.19,7.6
294,13,6,1,2007,-10.480833333333333,7.98,5.93,7.25
295,13,7,1,2007,-10.766666666666666,8.290000000000001,6.16,7.55
296,13,8,1,2007,-10.897499999999999,8.41,6.23,7.6400000000000015
297,13,9,1,2007,-11.090000000000002,8.120000000000001,6.04,7.3900000000000015
298,13,10,1,2007,-11.303333333333335,7.63,5.71,6.96
299,13,11,1,2007,-11.49,7.54,5.71,6.94
300,13,12,1,2007,-11.725,7.84,5.97,7.25
301,13,13,1,2007,-11.904166666666667,7.28,5.53,6.7
302,13,14,1,2007,-12.091666666666667,7.71,5.84,7.1000000000000005
303,13,15,1,2007,-12.078333333333335,6.44,4.9,5.93
304,13,16,1,2007,-12.080833333333333,6.0200000000000005,4.66,5.6000000000000005
305,13,17,1,2007,-11.9375,6.4,4.97,5.95
306,13,18,1,2007,-11.875833333333334,6.23,4.82,5.8100000000000005
307,13,19,1,2007,-11.813333333333334,5.91,4.62,5.5200000000000005
308,13,20,1,2007,-11.651666666666669,4.78,3.7,4.44
309,13,21,1,2007,-11.456666666666669,5.24,4.07,4.89
310,13,22,1,2007,-11.164166666666667,5.07,3.89,4.68
311,13,23,1,2007,-10.9325,4.8500000000000005,3.73,4.5
312,14,0,1,2007,-10.724166666666667,4.43,3.45,4.12
313,14,1,1,2007,-10.499166666666666,4.2,3.26,3.92
314,14,2,1,2007,-10.288333333333332,4.57,3.54,4.25
315,14,3,1,2007,-10.159166666666666,4.91,3.79,4.5600000000000005
316,14,4,1,2007,-10.1825,4.8500000000000005,3.8,4.54
317,14,5,1,2007,-10.342500000000001,4.8100000000000005,3.76,4.49
318,14,6,1,2007,-10.349166666666667,4.79,3.73,4.46
319,14,7,1,2007,-10.270000000000001,4.8500000000000005,3.73,4.48
320,14,8,1,2007,-10.120833333333332,4.75,3.68,4.41
321,14,9,1,2007,-9.958333333333336,4.76,3.7,4.44
322,14,10,1,2007,-9.948333333333334,5.45,4.1,4.93
323,14,11,1,2007,-10.376666666666667,5.7700000000000005,4.0,4.83
324,14,12,1,2007,-10.8075,6.2700000000000005,3.9,4.86
325,14,13,1,2007,-10.645833333333334,6.26,3.52,4.7
326,14,14,1,2007,-10.215,5.47,3.54,4.39
327,14,15,1,2007,-9.764166666666666,5.3100000000000005,3.78,4.54
328,14,16,1,2007,-9.211666666666668,5.3500000000000005,4.18,4.99
329,14,17,1,2007,-8.734166666666667,5.75,4.49,5.36
330,14,18,1,2007,-8.217500000000003,7.56,5.86,7.03
331,14,19,1,2007,-7.920000000000001,6.41,4.79,5.84
332,14,20,1,2007,-7.828333333333332,7.5,5.3100000000000005,6.55
333,14,21,1,2007,-7.861666666666667,8.25,5.09,6.49
334,14,22,1,2007,-7.7375,8.26,4.94,6.61
335,14,23,1,2007,-7.590000000000001,8.69,5.12,6.99
336,15,0,1,2007,-7.445833333333333,8.53,5.26,7.05
337,15,1,1,2007,-7.41,8.05,5.09,6.6400000000000015
338,15,2,1,2007,-7.525833333333334,8.31,5.28,6.84
339,15,3,1,2007,-7.829166666666667,9.45,5.98,7.79
340,15,4,1,2007,-8.2275,9.33,6.21,7.8900000000000015
341,15,5,1,2007,-8.629166666666668,9.59,6.23,7.96
342,15,6,1,2007,-9.023333333333333,9.89,6.65,8.45
343,15,7,1,2007,-9.414166666666667,9.7,6.48,8.28
344,15,8,1,2007,-9.791666666666666,10.49,6.47,8.48
345,15,9,1,2007,-10.366666666666665,11.19,6.8500000000000005,8.950000000000003
346,15,10,1,2007,-10.880833333333333,11.45,6.98,9.16
347,15,11,1,2007,-11.635,12.02,7.05,9.43
348,15,12,1,2007,-12.542499999999999,12.76,7.32,9.88
349,15,13,1,2007,-13.770000000000001,13.67,7.8,10.57
350,15,14,1,2007,-14.995833333333332,13.52,8.0,10.5
351,15,15,1,2007,-15.001666666666667,12.1,7.77,10.03
352,15,16,1,2007,-14.674166666666665,10.46,7.59,9.32
353,15,17,1,2007,-14.164166666666667,9.89,7.3,8.92
354,15,18,1,2007,-13.648333333333333,10.01,7.43,9.07
355,15,19,1,2007,-13.245833333333337,9.9,7.32,8.94
356,15,20,1,2007,-12.992500000000001,9.45,6.92,8.49
357,15,21,1,2007,-12.956666666666669,9.29,6.72,8.290000000000001
358,15,22,1,2007,-13.847499999999998,10.83,5.1000000000000005,7.97
359,15,23,1,2007,-14.762500000000001,11.76,5.5600000000000005,8.73
360,16,0,1,2007,-15.360833333333332,11.81,5.55,8.72
361,16,1,1,2007,-16.201666666666664,11.54,5.33,8.51
362,16,2,1,2007,-16.764166666666668,11.58,4.94,8.31
363,16,3,1,2007,-17.110833333333332,11.4,4.9,8.16
364,16,4,1,2007,-17.255,11.75,5.13,8.27
365,16,5,1,2007,-17.578333333333337,11.58,5.23,8.290000000000001
366,16,6,1,2007,-18.058333333333334,10.53,4.98,8.01
367,16,7,1,2007,-18.816666666666666,9.8,4.4,7.53
368,16,8,1,2007,-19.4475,8.98,4.32,7.35
369,16,9,1,2007,-20.1375,8.39,4.04,7.31
370,16,10,1,2007,-20.488333333333333,7.65,4.03,7.22
371,16,11,1,2007,-21.137500000000003,6.96,3.76,6.8
372,16,12,1,2007,-21.415833333333335,6.95,3.43,6.71
373,16,13,1,2007,-21.446666666666662,6.22,3.42,6.25
374,16,14,1,2007,-20.344166666666666,6.08,3.53,6.07
375,16,15,1,2007,-18.419166666666666,5.72,3.02,4.5
376,16,16,1,2007,-16.661666666666665,4.05,1.82,2.03
377,16,17,1,2007,-15.0875,2.08,1.64,1.88
378,16,18,1,2007,-13.758333333333335,1.55,1.29,1.47
379,16,19,1,2007,-12.725833333333334,0.59,0.62,0.63
380,16,20,1,2007,-11.716666666666667,0.95,0.65,0.81
381,16,21,1,2007,-11.398333333333333,1.14,0.9,1.09
382,16,22,1,2007,-12.869166666666667,2.59,1.06,2.09
383,16,23,1,2007,-14.836666666666664,4.0600000000000005,2.21,3.75
384,17,0,1,2007,-15.465000000000002,5.5,3.73,5.88
385,17,1,1,2007,-15.39583333333333,6.49,4.18,6.74
386,17,2,1,2007,-15.416666666666666,7.3900000000000015,4.36,7.21
387,17,3,1,2007,-15.270833333333334,8.9,4.83,7.7
388,17,4,1,2007,-15.038333333333334,10.05,5.3500000000000005,8.16
389,17,5,1,2007,-14.900833333333333,11.0,5.8500000000000005,8.69
390,17,6,1,2007,-14.604166666666666,11.93,6.21,9.08
391,17,7,1,2007,-14.327499999999999,12.27,6.3100000000000005,9.21
392,17,8,1,2007,-14.355833333333331,12.6,6.34,9.24
393,17,9,1,2007,-14.469999999999999,12.82,6.49,9.44
394,17,10,1,2007,-14.621666666666668,12.7,6.46,9.38
395,17,11,1,2007,-14.875833333333333,12.58,6.73,9.56
396,17,12,1,2007,-15.069999999999999,12.59,6.66,9.53
397,17,13,1,2007,-15.00333333333333,12.77,6.9,9.67
398,17,14,1,2007,-14.21,12.36,7.0,9.67
399,17,15,1,2007,-13.714166666666669,11.0,5.69,7.82
400,17,16,1,2007,-11.165833333333333,10.75,6.21,7.71
401,17,17,1,2007,-9.895833333333334,9.8,5.9,7.03
402,17,18,1,2007,-8.615,7.86,5.88,7.01
403,17,19,1,2007,-7.113333333333333,8.26,6.16,7.46
404,17,20,1,2007,-6.789166666666667,9.74,6.5,8.08
405,17,21,1,2007,-6.688333333333333,10.05,6.3900000000000015,8.08
406,17,22,1,2007,-7.411666666666668,12.95,6.36,9.48
407,17,23,1,2007,-7.724166666666668,14.4,7.69,10.85
408,18,0,1,2007,-8.166666666666666,14.41,7.68,10.84
409,18,1,1,2007,-8.616666666666667,14.51,7.18,10.32
410,18,2,1,2007,-8.84666666666667,14.94,7.75,10.81
411,18,3,1,2007,-8.612499999999999,14.92,8.06,11.03
412,18,4,1,2007,-8.924999999999999,14.69,8.1,11.04
413,18,5,1,2007,-8.399166666666666,15.93,9.58,12.58
414,18,6,1,2007,-7.0225,16.28,9.73,12.83
415,18,7,1,2007,-6.0108333333333315,16.48,10.01,13.21
416,18,8,1,2007,-5.739166666666667,16.5,10.06,13.25
417,18,9,1,2007,-5.631666666666667,15.2,8.85,11.89
418,18,10,1,2007,-5.6475,14.73,8.46,11.39
419,18,11,1,2007,-5.617500000000001,14.76,8.4,11.33
420,18,12,1,2007,-6.158333333333334,13.9,7.9,10.71
421,18,13,1,2007,-6.581666666666668,12.95,7.13,9.87
422,18,14,1,2007,-6.3566666666666665,12.7,6.94,9.51
423,18,15,1,2007,-4.245,11.33,7.2,9.22
424,18,16,1,2007,-2.4016666666666664,10.48,6.45,7.96
425,18,17,1,2007,-1.3124999999999998,9.61,6.74,8.290000000000001
426,18,18,1,2007,-0.35999999999999993,11.18,7.74,9.63
427,18,19,1,2007,0.22333333333333336,11.15,7.73,9.61
428,18,20,1,2007,0.5316666666666667,11.04,7.47,9.41
429,18,21,1,2007,0.4541666666666668,11.02,6.62,8.68
430,18,22,1,2007,-0.6283333333333333,12.2,5.96,8.370000000000001
431,18,23,1,2007,-2.066666666666667,12.92,5.45,8.86
432,19,0,1,2007,-2.986666666666667,13.16,5.8,9.16
433,19,1,1,2007,-3.5116666666666663,13.32,6.15,9.24
434,19,2,1,2007,-4.1525,13.49,6.07,9.21
435,19,3,1,2007,-4.408333333333334,12.86,5.87,9.11
436,19,4,1,2007,-5.521666666666667,12.32,5.43,8.69
437,19,5,1,2007,-6.57,11.21,4.29,7.87
438,19,6,1,2007,-6.545000000000001,9.59,4.47,7.66
439,19,7,1,2007,-6.815000000000001,8.620000000000001,4.5600000000000005,7.53
440,19,8,1,2007,-7.575833333333333,9.14,5.0,7.2
441,19,9,1,2007,-7.147499999999998,9.46,5.7,7.9
442,19,10,1,2007,-7.230833333333333,10.16,5.83,8.2
443,19,11,1,2007,-7.761666666666666,10.78,5.98,8.44
444,19,12,1,2007,-7.788333333333334,11.99,5.92,8.53
445,19,13,1,2007,-7.881666666666667,12.43,6.07,8.700000000000001
446,19,14,1,2007,-7.195,12.32,7.03,9.22
447,19,15,1,2007,-6.281666666666667,11.39,7.12,9.01
448,19,16,1,2007,-4.675,10.59,6.17,8.09
449,19,17,1,2007,-3.625,9.4,5.88,7.07
450,19,18,1,2007,-2.395833333333333,7.27,5.33,6.26
451,19,19,1,2007,-1.3908333333333331,6.26,4.8,5.7
452,19,20,1,2007,-0.7991666666666665,6.4,4.78,5.68
453,19,21,1,2007,-0.9458333333333333,6.3100000000000005,4.25,5.34
454,19,22,1,2007,-2.703333333333333,4.8500000000000005,1.97,3.69
455,19,23,1,2007,-4.106666666666667,5.48,2.87,4.78
456,20,0,1,2007,-4.6875,5.48,2.95,4.88
457,20,1,1,2007,-5.445,4.43,2.65,3.99
458,20,2,1,2007,-5.183333333333334,3.31,2.5,3.35
459,20,3,1,2007,-4.9941666666666675,2.21,2.4,2.75
460,20,4,1,2007,-5.602499999999999,0.96,0.8,1.16
461,20,5,1,2007,-6.214166666666666,2.86,1.1,2.22
462,20,6,1,2007,-6.193333333333334,4.5,1.82,3.43
463,20,7,1,2007,-6.7825000000000015,4.5200000000000005,1.83,3.44
464,20,8,1,2007,-7.109166666666667,5.04,2.19,3.92
465,20,9,1,2007,-7.239999999999999,5.75,2.73,4.66
466,20,10,1,2007,-7.858333333333333,6.83,3.31,5.68
467,20,11,1,2007,-8.2675,7.68,3.46,6.36
468,20,12,1,2007,-8.2075,8.28,3.86,6.78
469,20,13,1,2007,-8.155,8.66,3.8,6.76
470,20,14,1,2007,-6.48,9.04,4.42,6.55
471,20,15,1,2007,-5.267499999999999,9.26,4.42,6.04
472,20,16,1,2007,-3.4816666666666674,8.73,4.49,5.8
473,20,17,1,2007,-2.223333333333333,7.13,4.45,5.2700000000000005
474,20,18,1,2007,-1.3949999999999998,5.87,4.34,5.13
475,20,19,1,2007,-0.8899999999999998,5.98,4.44,5.34
476,20,20,1,2007,-0.6641666666666667,6.6400000000000015,4.42,5.34
477,20,21,1,2007,-0.645,6.88,4.09,5.45
478,20,22,1,2007,-0.9091666666666667,8.05,4.38,6.13
479,20,23,1,2007,-1.18,7.98,4.62,6.23
480,21,0,1,2007,-1.2808333333333335,7.17,4.38,5.78
481,21,1,1,2007,-1.2983333333333331,8.620000000000001,5.41,7.07
482,21,2,1,2007,-1.7225000000000001,9.41,6.03,7.82
483,21,3,1,2007,-1.9408333333333332,8.45,5.3,6.92
484,21,4,1,2007,-1.933333333333333,8.15,5.24,6.78
485,21,5,1,2007,-2.0291666666666663,8.08,5.19,6.72
486,21,6,1,2007,-2.0849999999999995,8.02,5.14,6.66
487,21,7,1,2007,-1.9799999999999998,7.24,4.53,5.91
488,21,8,1,2007,-1.859166666666667,6.8500000000000005,4.24,5.55
489,21,9,1,2007,-1.905,6.5200000000000005,3.99,5.25
490,21,10,1,2007,-2.0100000000000002,5.97,3.6,4.7700000000000005
491,21,11,1,2007,-2.1216666666666666,5.19,2.98,4.03
492,21,12,1,2007,-2.3416666666666663,4.49,2.26,3.28
493,21,13,1,2007,-2.7716666666666665,3.88,1.4,2.77
494,21,14,1,2007,-3.5150000000000006,3.42,1.04,2.64
495,21,15,1,2007,-3.6341666666666668,1.87,0.75,2.27
496,21,16,1,2007,-2.9325000000000006,2.11,1.36,1.79
497,21,17,1,2007,-2.1783333333333332,2.66,1.75,2.04
498,21,18,1,2007,-1.616666666666667,3.93,3.0500000000000003,3.63
499,21,19,1,2007,-1.5191666666666668,4.39,3.37,4.03
500,21,20,1,2007,-1.6025,5.65,3.78,4.86
501,21,21,1,2007,-2.02,6.7,3.81,5.26
502,21,22,1,2007,-3.669166666666667,7.86,3.65,6.72
503,21,23,1,2007,-4.441666666666666,9.41,4.59,7.3900000000000015
504,22,0,1,2007,-4.5275,10.0,4.89,7.46
505,22,1,1,2007,-5.3258333333333345,10.17,4.46,7.45
506,22,2,1,2007,-6.013333333333333,10.18,4.2,7.32
507,22,3,1,2007,-6.093333333333333,10.31,4.51,7.46
508,22,4,1,2007,-6.7683333333333335,9.75,4.37,7.35
509,22,5,1,2007,-7.196666666666665,9.03,4.18,7.07
510,22,6,1,2007,-7.958333333333335,7.9,4.0,6.88
511,22,7,1,2007,-6.943333333333334,8.96,4.4,7.03
512,22,8,1,2007,-6.7875000000000005,10.59,4.71,8.120000000000001
513,22,9,1,2007,-7.132499999999999,12.3,5.21,8.63
514,22,10,1,2007,-7.5925,10.9,4.89,7.98
515,22,11,1,2007,-7.596666666666667,11.08,4.68,7.97
516,22,12,1,2007,-7.9991666666666665,10.72,4.17,7.63
517,22,13,1,2007,-8.759166666666667,9.87,4.2,7.7
518,22,14,1,2007,-8.994166666666667,10.04,4.32,7.57
519,22,15,1,2007,-8.171666666666667,8.15,4.69,6.3
520,22,16,1,2007,-7.445833333333334,6.16,3.99,4.82
521,22,17,1,2007,-6.468333333333334,4.71,3.58,4.24
522,22,18,1,2007,-5.6025,4.16,3.25,3.85
523,22,19,1,2007,-4.910833333333334,4.12,3.15,3.79
524,22,20,1,2007,-4.485833333333333,4.8500000000000005,3.52,4.29
525,22,21,1,2007,-4.960833333333333,6.01,3.25,5.01
526,22,22,1,2007,-6.358333333333333,7.52,3.86,6.86
527,22,23,1,2007,-7.305000000000001,9.06,4.89,7.79
528,23,0,1,2007,-7.7725,10.42,5.29,8.3
529,23,1,1,2007,-7.899166666666667,11.3,5.76,8.56
530,23,2,1,2007,-7.803333333333334,12.12,6.48,9.16
531,23,3,1,2007,-7.852500000000002,13.17,7.5,10.25
532,23,4,1,2007,-7.63,14.01,8.120000000000001,10.87
533,23,5,1,2007,-7.420000000000001,14.37,8.290000000000001,11.09
534,23,6,1,2007,-7.029166666666666,14.52,8.36,11.18
535,23,7,1,2007,-6.900000000000001,14.46,8.38,11.16
536,23,8,1,2007,-6.815833333333333,14.4,8.38,11.14
537,23,9,1,2007,-6.763333333333333,13.9,7.96,10.65
538,23,10,1,2007,-6.638333333333333,13.54,7.7,10.37
539,23,11,1,2007,-6.55,13.12,7.52,10.13
540,23,12,1,2007,-6.466666666666666,12.35,7.11,9.59
541,23,13,1,2007,-6.206666666666667,12.2,6.88,9.35
542,23,14,1,2007,-5.170000000000001,11.53,6.24,8.58
543,23,15,1,2007,-3.7583333333333333,10.31,6.1400000000000015,7.85
544,23,16,1,2007,-2.3833333333333337,9.07,5.17,6.92
545,23,17,1,2007,-0.9624999999999999,7.62,4.62,5.7700000000000005
546,23,18,1,2007,-0.41416666666666674,6.8500000000000005,4.29,5.13
547,23,19,1,2007,0.04416666666666667,5.59,3.31,4.25
548,23,20,1,2007,0.4041666666666666,6.67,4.0,5.34
549,23,21,1,2007,0.42916666666666675,7.84,4.0600000000000005,5.8500000000000005
550,23,22,1,2007,-0.43750000000000006,8.32,3.9,6.5600000000000005
551,23,23,1,2007,-1.649166666666667,9.35,4.26,7.24
552,24,0,1,2007,-2.165833333333333,10.56,4.3100000000000005,7.7
553,24,1,1,2007,-2.6008333333333336,11.27,4.11,7.81
554,24,2,1,2007,-1.9991666666666663,11.1,4.41,7.74
555,24,3,1,2007,-1.8575000000000002,10.83,4.55,7.78
556,24,4,1,2007,-2.5091666666666668,10.11,4.1,7.46
557,24,5,1,2007,-3.063333333333334,9.2,3.53,7.13
558,24,6,1,2007,-3.2099999999999995,7.75,3.48,6.8100000000000005
559,24,7,1,2007,-3.778333333333333,7.01,3.99,6.66
560,24,8,1,2007,-4.032500000000001,6.88,4.08,6.78
561,24,9,1,2007,-3.986666666666667,9.27,4.9,7.88
562,24,10,1,2007,-3.5833333333333335,9.9,4.96,7.9
563,24,11,1,2007,-2.6941666666666673,10.76,4.93,7.79
564,24,12,1,2007,-2.5033333333333334,11.4,4.89,7.72
565,24,13,1,2007,-2.2566666666666664,11.54,5.01,7.87
566,24,14,1,2007,-2.225833333333333,11.46,4.46,7.52
567,24,15,1,2007,-0.35916666666666663,10.61,5.18,7.01
568,24,16,1,2007,0.5091666666666667,8.370000000000001,5.21,6.78
569,24,17,1,2007,0.7908333333333334,7.29,4.38,5.86
570,24,18,1,2007,1.1366666666666665,7.36,4.23,5.73
571,24,19,1,2007,1.3816666666666668,7.3,4.26,5.72
572,24,20,1,2007,1.4241666666666666,7.26,3.84,5.39
573,24,21,1,2007,1.2300000000000002,7.71,3.51,5.28
574,24,22,1,2007,0.16249999999999998,8.89,4.3,6.34
575,24,23,1,2007,-0.02,9.47,4.82,7.22
576,25,0,1,2007,-1.1674999999999998,9.41,4.49,7.13
577,25,1,1,2007,-2.4133333333333336,9.34,4.07,7.23
578,25,2,1,2007,-2.64,9.22,3.63,7.21
579,25,3,1,2007,-2.656666666666667,9.31,4.07,7.5
580,25,4,1,2007,-2.5841666666666665,9.28,4.03,7.56
581,25,5,1,2007,-2.8266666666666667,8.66,4.0,7.32
582,25,6,1,2007,-3.5050000000000003,7.43,3.44,6.5
583,25,7,1,2007,-3.9025000000000003,7.03,3.21,6.13
584,25,8,1,2007,-4.275833333333334,5.61,2.43,4.8500000000000005
585,25,9,1,2007,-4.565833333333334,4.04,1.66,2.99
586,25,10,1,2007,-5.030833333333333,2.8000000000000003,1.05,1.86
587,25,11,1,2007,-5.289166666666667,1.83,0.63,0.99
588,25,12,1,2007,-5.492500000000001,0.78,0.7000000000000001,0.14
589,25,13,1,2007,-5.538333333333334,0.99,1.05,1.32
590,25,14,1,2007,-5.5183333333333335,1.45,0.86,1.77
591,25,15,1,2007,-4.8758333333333335,2.16,1.13,2.2
592,25,16,1,2007,-3.4625,3.6,1.95,2.48
593,25,17,1,2007,-1.8891666666666664,4.39,2.77,3.17
594,25,18,1,2007,-1.305,4.6000000000000005,3.11,3.65
595,25,19,1,2007,-0.7158333333333333,4.72,3.21,3.78
596,25,20,1,2007,-0.7949999999999999,6.13,3.15,4.3500000000000005
597,25,21,1,2007,-1.6466666666666667,8.040000000000001,3.9,5.8500000000000005
598,25,22,1,2007,-2.1825000000000006,8.28,4.4,5.95
599,25,23,1,2007,-2.8266666666666667,8.81,4.08,6.25
600,26,0,1,2007,-2.5141666666666667,9.62,4.98,7.12
601,26,1,1,2007,-2.0366666666666666,10.49,5.48,7.94
602,26,2,1,2007,-1.7291666666666663,11.4,6.12,8.65
603,26,3,1,2007,-1.4974999999999998,12.45,6.98,9.6
604,26,4,1,2007,-1.2766666666666666,13.25,7.65,10.33
605,26,5,1,2007,-1.0941666666666667,13.85,8.11,10.88
606,26,6,1,2007,-1.1383333333333334,14.47,8.49,11.33
607,26,7,1,2007,-1.135,14.97,8.83,11.75
608,26,8,1,2007,-0.8858333333333334,15.2,8.96,11.92
609,26,9,1,2007,-0.5424999999999999,15.2,9.13,12.01
610,26,10,1,2007,-0.5633333333333334,15.52,9.17,12.1
611,26,11,1,2007,-0.48166666666666674,16.52,9.67,12.85
612,26,12,1,2007,-0.20416666666666664,16.62,9.81,12.99
613,26,13,1,2007,-0.08583333333333333,16.64,9.81,13.03
614,26,14,1,2007,0.65,16.9,10.31,13.48
615,26,15,1,2007,1.2608333333333333,15.62,9.84,12.75
616,26,16,1,2007,1.7400000000000002,15.13,9.57,12.45
617,26,17,1,2007,2.2183333333333333,15.29,9.74,12.66
618,26,18,1,2007,2.380833333333333,15.79,10.14,13.14
619,26,19,1,2007,2.537499999999999,16.09,10.37,13.46
620,26,20,1,2007,2.6575,15.76,10.14,13.18
621,26,21,1,2007,2.665,13.86,8.56,11.31
622,26,22,1,2007,2.2016666666666667,11.94,6.13,8.77
623,26,23,1,2007,1.205,11.61,5.91,8.2
624,27,0,1,2007,0.9166666666666666,10.52,5.17,7.61
625,27,1,1,2007,0.6525000000000001,10.48,6.0,8.21
626,27,2,1,2007,-0.1825,11.98,6.59,8.75
627,27,3,1,2007,-0.7708333333333334,13.52,6.8900000000000015,9.86
628,27,4,1,2007,-1.7558333333333331,14.4,7.77,10.88
629,27,5,1,2007,-2.5783333333333327,14.04,7.19,10.25
630,27,6,1,2007,-3.578333333333333,13.99,6.96,10.05
631,27,7,1,2007,-4.275833333333334,14.03,6.53,9.72
632,27,8,1,2007,-4.674166666666666,13.32,5.8,8.94
633,27,9,1,2007,-4.986666666666666,13.33,6.0200000000000005,9.1
634,27,10,1,2007,-5.185,13.1,6.11,9.02
635,27,11,1,2007,-5.019166666666667,12.51,5.87,8.700000000000001
636,27,12,1,2007,-5.126666666666667,12.11,6.07,8.78
637,27,13,1,2007,-5.338333333333334,12.12,6.2,8.88
638,27,14,1,2007,-5.230833333333333,11.86,7.77,9.95
639,27,15,1,2007,-5.835,12.59,8.43,10.73
640,27,16,1,2007,-5.738333333333333,12.6,8.85,11.09
641,27,17,1,2007,-5.81,12.44,8.75,10.95
642,27,18,1,2007,-6.011666666666666,12.99,9.14,11.46
643,27,19,1,2007,-6.043333333333334,13.89,9.78,12.28
644,27,20,1,2007,-6.7058333333333335,14.39,10.07,12.68
645,27,21,1,2007,-7.0,12.71,8.700000000000001,11.04
646,27,22,1,2007,-7.732500000000001,12.53,7.77,10.25
647,27,23,1,2007,-8.490833333333333,11.84,6.73,9.23
648,28,0,1,2007,-8.863333333333335,13.96,7.67,10.62
649,28,1,1,2007,-9.482499999999998,14.56,8.49,11.47
650,28,2,1,2007,-10.263333333333334,11.64,6.44,8.91
651,28,3,1,2007,-10.781666666666666,11.51,7.37,9.45
652,28,4,1,2007,-11.698333333333336,10.36,6.4,8.39
653,28,5,1,2007,-12.841666666666669,13.77,7.81,10.62
654,28,6,1,2007,-13.82,14.29,8.58,11.44
655,28,7,1,2007,-14.569999999999999,12.04,7.34,9.74
656,28,8,1,2007,-15.125,12.96,7.9,10.49
657,28,9,1,2007,-15.484166666666667,12.14,7.6,10.0
658,28,10,1,2007,-15.753333333333332,12.27,7.3900000000000015,9.87
659,28,11,1,2007,-16.045,11.97,7.1400000000000015,9.59
660,28,12,1,2007,-16.348333333333333,10.82,6.6000000000000005,8.84
661,28,13,1,2007,-16.709166666666665,9.78,5.38,7.51
662,28,14,1,2007,-16.28166666666667,9.28,4.89,6.73
663,28,15,1,2007,-15.887500000000003,5.5200000000000005,4.19,5.04
664,28,16,1,2007,-15.045833333333334,4.86,3.78,4.51
665,28,17,1,2007,-13.810833333333335,4.07,3.24,3.82
666,28,18,1,2007,-12.489166666666668,3.09,2.42,2.87
667,28,19,1,2007,-11.293333333333335,2.56,2.06,2.41
668,28,20,1,2007,-10.583333333333336,3.82,2.94,3.53
669,28,21,1,2007,-9.996666666666666,4.21,3.25,3.91
670,28,22,1,2007,-10.038333333333332,6.66,3.23,5.3100000000000005
671,28,23,1,2007,-10.8025,8.77,4.53,6.91
672,29,0,1,2007,-10.968333333333334,10.49,5.12,7.4
673,29,1,1,2007,-10.801666666666668,12.27,5.93,8.540000000000001
674,29,2,1,2007,-10.027499999999998,12.39,6.07,8.69
675,29,3,1,2007,-9.314166666666667,13.06,6.49,9.13
676,29,4,1,2007,-8.493333333333334,13.86,7.55,10.24
677,29,5,1,2007,-7.655833333333333,14.11,7.81,10.55
678,29,6,1,2007,-6.984166666666667,13.84,7.66,10.36
679,29,7,1,2007,-6.671666666666667,13.25,7.15,9.86
680,29,8,1,2007,-6.261666666666667,12.58,6.25,8.9
681,29,9,1,2007,-5.7825,12.51,5.93,8.790000000000001
682,29,10,1,2007,-6.1025,12.48,5.5,8.17
683,29,11,1,2007,-6.551666666666667,12.44,4.79,7.41
684,29,12,1,2007,-6.9975,11.22,4.45,6.99
685,29,13,1,2007,-6.641666666666666,10.92,4.92,7.25
686,29,14,1,2007,-5.915833333333333,10.57,5.17,7.07
687,29,15,1,2007,-4.395833333333333,9.37,5.24,6.97
688,29,16,1,2007,-2.6833333333333336,9.16,5.22,6.9
689,29,17,1,2007,-1.4716666666666667,8.8,6.23,7.72
690,29,18,1,2007,-1.0333333333333334,8.89,6.3100000000000005,7.82
691,29,19,1,2007,-0.7391666666666667,9.13,6.33,7.9300000000000015
692,29,20,1,2007,-0.9508333333333333,11.26,7.68,9.73
693,29,21,1,2007,-1.6441666666666668,9.73,6.2,7.99
694,29,22,1,2007,-3.435833333333333,12.21,7.16,9.75
695,29,23,1,2007,-4.504166666666667,12.83,6.7,9.24
696,30,0,1,2007,-5.2283333333333335,16.04,7.19,10.9
697,30,1,1,2007,-6.772500000000001,15.34,7.61,10.96
698,30,2,1,2007,-8.1925,12.62,6.3500000000000005,9.11
699,30,3,1,2007,-9.229166666666666,12.42,6.4,9.02
700,30,4,1,2007,-10.638333333333334,12.81,6.2,9.0
701,30,5,1,2007,-11.7025,12.45,6.66,9.35
702,30,6,1,2007,-13.189166666666667,12.04,6.05,8.36
703,30,7,1,2007,-13.823333333333336,11.81,6.53,8.96
704,30,8,1,2007,-14.295833333333333,11.48,6.42,8.84
705,30,9,1,2007,-15.101666666666667,13.56,8.21,10.85
706,30,10,1,2007,-15.456666666666665,13.67,8.5,11.16
707,30,11,1,2007,-15.7975,14.34,8.86,11.69
708,30,12,1,2007,-16.07166666666667,13.94,8.24,11.03
709,30,13,1,2007,-16.309166666666666,13.42,7.99,10.67
710,30,14,1,2007,-16.180000000000003,11.63,7.67,9.78
711,30,15,1,2007,-15.784166666666666,10.82,7.43,9.29
712,30,16,1,2007,-15.306666666666665,9.85,7.13,8.8
713,30,17,1,2007,-14.670833333333334,9.02,6.59,8.1
714,30,18,1,2007,-13.968333333333334,7.83,5.76,7.0600000000000005
715,30,19,1,2007,-13.30166666666667,7.08,5.22,6.4
716,30,20,1,2007,-12.6875,6.67,4.99,6.0600000000000005
717,30,21,1,2007,-12.377499999999998,6.3,4.66,5.71
718,30,22,1,2007,-12.487500000000002,5.33,3.86,4.78
719,30,23,1,2007,-13.386666666666668,5.18,2.33,4.24
720,31,0,1,2007,-13.867500000000001,4.57,1.68,3.63
721,31,1,1,2007,-14.08083333333333,4.33,2.26,3.85
722,31,2,1,2007,-14.264166666666666,4.5200000000000005,2.26,4.03
723,31,3,1,2007,-14.609166666666667,4.92,2.91,4.4
724,31,4,1,2007,-14.635,5.11,3.02,4.75
725,31,5,1,2007,-14.257499999999999,6.2700000000000005,3.52,5.62
726,31,6,1,2007,-14.1575,7.99,3.97,6.46
727,31,7,1,2007,-14.0225,8.61,4.26,6.83
728,31,8,1,2007,-13.596666666666666,8.72,4.28,6.67
729,31,9,1,2007,-13.2275,8.56,4.46,6.3100000000000005
730,31,10,1,2007,-12.75083333333333,8.77,4.96,6.61
731,31,11,1,2007,-11.551666666666664,8.64,5.23,6.71
732,31,12,1,2007,-11.171666666666667,8.55,5.3500000000000005,7.05
733,31,13,1,2007,-10.761666666666668,9.83,5.09,7.6400000000000015
734,31,14,1,2007,-10.180833333333332,10.0,5.92,8.22
735,31,15,1,2007,-9.539166666666668,9.86,6.0,7.44
736,31,16,1,2007,-8.842500000000001,9.82,6.2,7.66
737,31,17,1,2007,-8.262500000000001,8.3,6.09,7.38
738,31,18,1,2007,-7.2683333333333335,7.88,5.88,7.11
739,31,19,1,2007,-6.420000000000001,7.57,5.62,6.83
740,31,20,1,2007,-5.787500000000001,7.3900000000000015,5.46,6.66
741,31,21,1,2007,-5.4383333333333335,7.37,5.42,6.61
742,31,22,1,2007,-5.5375000000000005,7.44,4.5200000000000005,5.86
743,31,23,1,2007,-6.070833333333334,7.98,4.37,6.2
744,1,0,2,2007,-6.418333333333333,8.45,4.5600000000000005,6.61
745,1,1,2,2007,-6.636666666666667,8.63,4.45,6.73
746,1,2,2,2007,-6.208333333333333,8.36,4.44,6.57
747,1,3,2,2007,-6.4991666666666665,7.59,3.98,6.3
748,1,4,2,2007,-6.937499999999999,6.8100000000000005,3.69,6.04
749,1,5,2,2007,-7.3075,8.19,3.5500000000000003,6.2
750,1,6,2,2007,-7.525833333333334,8.1,3.56,6.07
751,1,7,2,2007,-8.335833333333335,7.73,2.97,5.98
752,1,8,2,2007,-8.541666666666668,7.17,2.87,5.71
753,1,9,2,2007,-8.79,5.93,2.61,5.01
754,1,10,2,2007,-9.424166666666668,5.71,2.67,5.1000000000000005
755,1,11,2,2007,-9.72,5.5,2.49,4.98
756,1,12,2,2007,-9.909166666666668,5.49,2.45,4.82
757,1,13,2,2007,-10.0925,5.01,2.44,4.53
758,1,14,2,2007,-9.391666666666667,4.19,2.14,3.72
759,1,15,2,2007,-8.095833333333333,2.48,1.65,1.94
760,1,16,2,2007,-6.816666666666666,2.78,2.17,2.56
761,1,17,2,2007,-5.569166666666667,3.18,2.45,2.91
762,1,18,2,2007,-4.415000000000001,3.5700000000000003,2.74,3.26
763,1,19,2,2007,-3.3575000000000004,3.92,2.98,3.5700000000000003
764,1,20,2,2007,-2.4775000000000005,4.17,3.09,3.73
765,1,21,2,2007,-1.9200000000000002,5.1000000000000005,3.61,4.48
766,1,22,2,2007,-1.9949999999999999,5.5,3.59,4.55
767,1,23,2,2007,-2.924166666666667,6.0200000000000005,2.68,4.98
768,2,0,2,2007,-3.2983333333333333,6.55,2.87,5.29
769,2,1,2,2007,-3.3274999999999992,8.19,3.42,5.76
770,2,2,2,2007,-3.388333333333334,9.36,3.62,6.0200000000000005
771,2,3,2,2007,-2.8550000000000004,11.96,7.23,9.66
772,2,4,2,2007,-3.6325000000000003,14.31,8.92,11.76
773,2,5,2,2007,-5.1275,13.64,8.4,11.11
774,2,6,2,2007,-6.364999999999999,13.12,7.91,10.59
775,2,7,2,2007,-7.479166666666667,13.28,8.64,11.13
776,2,8,2,2007,-8.485000000000001,12.13,7.3900000000000015,9.78
777,2,9,2,2007,-9.419166666666667,12.9,7.8900000000000015,10.41
778,2,10,2,2007,-10.415000000000001,13.34,8.46,11.05
779,2,11,2,2007,-11.471666666666666,14.47,9.42,12.1
780,2,12,2,2007,-12.420833333333334,12.41,7.78,10.19
781,2,13,2,2007,-12.670833333333333,9.88,5.7,7.7
782,2,14,2,2007,-12.315833333333336,8.620000000000001,5.62,7.01
783,2,15,2,2007,-11.484166666666667,8.5,6.0200000000000005,7.48
784,2,16,2,2007,-10.396666666666667,8.86,6.3500000000000005,7.82
785,2,17,2,2007,-9.45,8.84,6.42,7.9
786,2,18,2,2007,-8.614166666666668,8.84,6.43,7.8900000000000015
787,2,19,2,2007,-7.821666666666666,9.06,6.5,8.040000000000001
788,2,20,2,2007,-7.1525,9.98,7.1000000000000005,8.83
789,2,21,2,2007,-6.538333333333333,10.45,7.32,9.15
790,2,22,2,2007,-6.464166666666666,10.94,7.52,9.5
791,2,23,2,2007,-7.109999999999999,10.75,5.66,7.83
792,3,0,2,2007,-7.379166666666667,11.54,5.45,8.2
793,3,1,2,2007,-7.325833333333335,12.14,5.91,8.63
794,3,2,2,2007,-7.2700000000000005,12.73,6.3500000000000005,9.21
795,3,3,2,2007,-7.38,13.08,6.57,9.61
796,3,4,2,2007,-7.958333333333336,13.46,4.65,8.0
797,3,5,2,2007,-7.9191666666666665,13.87,4.89,8.34
798,3,6,2,2007,-7.844999999999999,14.55,6.21,9.86
799,3,7,2,2007,-8.874166666666667,11.43,5.34,8.24
800,3,8,2,2007,-9.49,13.92,6.12,9.21
801,3,9,2,2007,-10.528333333333332,12.39,6.45,9.26
802,3,10,2,2007,-11.429166666666669,11.15,5.51,8.07
803,3,11,2,2007,-12.225,10.64,5.2700000000000005,7.8
804,3,12,2,2007,-12.953333333333335,8.6,2.4,5.04
805,3,13,2,2007,-13.125833333333338,7.98,3.49,5.3
806,3,14,2,2007,-12.803333333333335,7.22,4.97,6.24
807,3,15,2,2007,-11.888333333333334,8.370000000000001,6.04,7.46
808,3,16,2,2007,-11.185,8.290000000000001,5.97,7.37
809,3,17,2,2007,-10.493333333333334,7.7,5.62,6.88
810,3,18,2,2007,-9.784999999999998,7.57,5.53,6.7700000000000005
811,3,19,2,2007,-8.975833333333332,7.28,5.33,6.51
812,3,20,2,2007,-8.360000000000001,6.8500000000000005,5.04,6.15
813,3,21,2,2007,-7.954166666666668,6.98,5.0,6.19
814,3,22,2,2007,-7.845833333333335,6.83,4.84,6.01
815,3,23,2,2007,-8.440833333333332,6.09,3.48,4.79
816,4,0,2,2007,-8.974166666666667,7.49,1.9,4.63
817,4,1,2,2007,-9.031666666666665,5.87,2.04,4.44
818,4,2,2,2007,-9.341666666666667,4.97,1.87,3.99
819,4,3,2,2007,-9.577499999999999,5.43,2.87,5.12
820,4,4,2,2007,-9.545,5.61,2.93,5.22
821,4,5,2,2007,-10.104999999999999,5.89,3.08,5.11
822,4,6,2,2007,-10.160833333333334,8.13,4.09,6.5
823,4,7,2,2007,-10.3425,9.87,4.61,7.42
824,4,8,2,2007,-10.464166666666666,10.61,4.82,7.66
825,4,9,2,2007,-10.8175,10.63,4.75,7.57
826,4,10,2,2007,-11.164166666666667,10.91,4.5,7.43
827,4,11,2,2007,-11.085833333333332,10.55,4.79,7.58
828,4,12,2,2007,-11.550833333333335,9.78,4.47,7.1400000000000015
829,4,13,2,2007,-12.091666666666669,9.12,4.3100000000000005,6.78
830,4,14,2,2007,-11.6025,8.11,4.93,6.15
831,4,15,2,2007,-10.681666666666667,6.88,4.88,5.98
832,4,16,2,2007,-9.784166666666666,6.51,4.83,5.88
833,4,17,2,2007,-8.9475,6.45,4.8500000000000005,5.8500000000000005
834,4,18,2,2007,-8.153333333333336,6.42,4.82,5.83
835,4,19,2,2007,-7.368333333333332,5.48,4.11,4.95
836,4,20,2,2007,-6.613333333333334,4.7700000000000005,3.61,4.33
837,4,21,2,2007,-6.075833333333333,4.68,3.47,4.19
838,4,22,2,2007,-5.924166666666668,4.2,3.08,3.74
839,4,23,2,2007,-6.595,3.59,2.01,3.22
840,5,0,2,2007,-7.1116666666666655,3.48,1.52,3.52
841,5,1,2,2007,-7.700833333333333,4.07,1.36,3.59
842,5,2,2,2007,-8.3125,3.46,1.39,3.79
843,5,3,2,2007,-8.6425,2.28,1.37,3.01
844,5,4,2,2007,-8.635833333333334,2.5,2.08,2.5
845,5,5,2,2007,-8.684166666666666,2.82,2.34,2.73
846,5,6,2,2007,-8.694166666666666,3.19,2.6,3.06
847,5,7,2,2007,-8.801666666666668,3.89,2.9,3.53
848,5,8,2,2007,-8.985833333333334,5.0,3.03,4.01
849,5,9,2,2007,-9.296666666666667,6.3500000000000005,3.36,4.72
850,5,10,2,2007,-9.61,6.57,3.8,5.07
851,5,11,2,2007,-9.734166666666667,6.8500000000000005,4.34,5.61
852,5,12,2,2007,-9.889166666666666,7.2,4.5600000000000005,5.87
853,5,13,2,2007,-10.149166666666666,7.71,4.74,6.09
854,5,14,2,2007,-9.887500000000001,7.57,5.18,6.24
855,5,15,2,2007,-8.984166666666665,6.67,5.15,6.17
856,5,16,2,2007,-7.846666666666668,6.58,5.1000000000000005,6.09
857,5,17,2,2007,-6.6825,6.19,4.82,5.74
858,5,18,2,2007,-5.604166666666667,5.73,4.49,5.32
859,5,19,2,2007,-4.7175,5.48,4.3100000000000005,5.1000000000000005
860,5,20,2,2007,-4.049166666666667,4.87,3.82,4.5200000000000005
861,5,21,2,2007,-3.641666666666666,4.69,3.67,4.3500000000000005
862,5,22,2,2007,-3.6824999999999997,5.01,3.75,4.57
863,5,23,2,2007,-4.263333333333333,5.41,3.31,4.23
864,6,0,2,2007,-4.721666666666668,6.09,3.4,4.64
865,6,1,2,2007,-5.2225,7.12,3.37,4.88
866,6,2,2,2007,-5.857499999999999,7.74,3.73,5.33
867,6,3,2,2007,-6.4558333333333335,7.78,3.93,5.51
868,6,4,2,2007,-6.946666666666666,7.72,4.0,5.51
869,6,5,2,2007,-7.298333333333333,7.56,4.28,5.66
870,6,6,2,2007,-7.623333333333334,7.48,4.28,5.66
871,6,7,2,2007,-7.868333333333333,7.55,4.4,5.75
872,6,8,2,2007,-7.665,7.34,4.3500000000000005,5.46
873,6,9,2,2007,-7.290833333333333,7.3900000000000015,4.04,5.3500000000000005
874,6,10,2,2007,-6.7749999999999995,7.91,4.63,6.12
875,6,11,2,2007,-6.403333333333332,8.620000000000001,4.8,6.38
876,6,12,2,2007,-6.6241666666666665,9.35,4.19,6.0
877,6,13,2,2007,-6.697500000000001,9.43,4.28,5.99
878,6,14,2,2007,-5.057500000000001,8.89,4.22,5.89
879,6,15,2,2007,-2.3124999999999996,6.12,2.1,2.37
880,6,16,2,2007,0.3225,2.51,1.97,2.3000000000000003
881,6,17,2,2007,2.3008333333333337,3.38,2.7,3.16
882,6,18,2,2007,3.4324999999999997,4.5,3.46,4.12
883,6,19,2,2007,4.434166666666667,5.62,4.26,5.11
884,6,20,2,2007,5.068333333333334,6.8,5.1000000000000005,6.17
885,6,21,2,2007,4.8325000000000005,6.87,4.83,6.0600000000000005
886,6,22,2,2007,3.703333333333333,7.8900000000000015,4.96,6.22
887,6,23,2,2007,1.3058333333333332,12.16,5.57,8.85
888,7,0,2,2007,0.32249999999999995,11.09,5.2,8.4
889,7,1,2,2007,-1.1283333333333334,11.58,6.46,9.14
890,7,2,2,2007,-2.341666666666667,10.9,5.54,8.06
891,7,3,2,2007,-2.9508333333333336,11.5,5.5,8.05
892,7,4,2,2007,-3.4325000000000006,9.17,4.7,6.83
893,7,5,2,2007,-3.8941666666666666,7.36,4.62,5.83
894,7,6,2,2007,-4.765833333333334,7.22,4.79,6.15
895,7,7,2,2007,-5.715000000000001,7.57,5.5200000000000005,6.78
896,7,8,2,2007,-6.5825000000000005,7.96,5.84,7.18
897,7,9,2,2007,-7.107499999999999,7.27,5.45,6.65
898,7,10,2,2007,-7.697500000000001,6.98,5.22,6.37
899,7,11,2,2007,-7.945833333333334,6.48,4.95,5.98
900,7,12,2,2007,-8.183333333333332,6.54,5.0,6.04
901,7,13,2,2007,-8.431666666666667,6.19,4.7,5.69
902,7,14,2,2007,-8.450833333333334,6.07,4.63,5.59
903,7,15,2,2007,-8.118333333333334,5.41,4.24,5.04
904,7,16,2,2007,-7.645833333333333,5.23,4.18,4.9
905,7,17,2,2007,-7.4675,5.3100000000000005,4.2700000000000005,5.01
906,7,18,2,2007,-7.331666666666668,5.12,4.12,4.82
907,7,19,2,2007,-6.979166666666667,4.75,3.8,4.46
908,7,20,2,2007,-6.489999999999999,4.92,3.93,4.62
909,7,21,2,2007,-6.340833333333335,5.01,3.98,4.7
910,7,22,2,2007,-6.619166666666666,4.9,3.88,4.6000000000000005
911,7,23,2,2007,-6.925,4.89,3.81,4.57
912,8,0,2,2007,-7.1241666666666665,5.12,3.95,4.75
913,8,1,2,2007,-7.319999999999999,5.26,3.98,4.83
914,8,2,2,2007,-7.534166666666667,5.44,4.13,5.0
915,8,3,2,2007,-7.635000000000001,4.83,3.62,4.39
916,8,4,2,2007,-7.641666666666668,4.83,3.52,4.32
917,8,5,2,2007,-7.628333333333335,4.87,3.49,4.3
918,8,6,2,2007,-7.6925,5.2700000000000005,3.5,4.41
919,8,7,2,2007,-7.911666666666669,5.32,3.43,4.39
920,8,8,2,2007,-8.226666666666668,5.34,3.44,4.4
921,8,9,2,2007,-8.517499999999998,4.82,3.02,3.94
922,8,10,2,2007,-8.83,4.49,2.92,3.74
923,8,11,2,2007,-9.274166666666666,3.7,2.46,3.03
924,8,12,2,2007,-9.67,4.18,2.28,2.85
925,8,13,2,2007,-10.128333333333336,4.58,2.36,3.21
926,8,14,2,2007,-9.930833333333332,3.77,2.48,2.88
927,8,15,2,2007,-9.255833333333333,3.22,2.69,3.1
928,8,16,2,2007,-8.317499999999999,2.91,2.42,2.79
929,8,17,2,2007,-7.271666666666668,2.76,2.33,2.66
930,8,18,2,2007,-6.296666666666667,2.68,2.26,2.58
931,8,19,2,2007,-5.399166666666667,2.61,2.2,2.51
932,8,20,2,2007,-4.743333333333333,2.26,1.93,2.19
933,8,21,2,2007,-4.374166666666667,2.35,1.98,2.26
934,8,22,2,2007,-4.370833333333334,2.37,1.93,2.26
935,8,23,2,2007,-4.680000000000001,3.17,2.01,2.8000000000000003
936,9,0,2,2007,-5.024166666666667,4.19,2.62,3.4
937,9,1,2,2007,-5.434166666666666,4.68,2.99,3.8
938,9,2,2,2007,-5.584166666666666,4.14,2.75,3.44
939,9,3,2,2007,-5.760833333333333,4.04,2.88,3.54
940,9,4,2,2007,-5.884999999999999,4.36,3.25,3.96
941,9,5,2,2007,-6.017499999999999,4.45,3.38,4.1
942,9,6,2,2007,-6.164166666666667,4.63,3.24,3.94
943,9,7,2,2007,-6.634166666666665,5.51,2.85,4.39
944,9,8,2,2007,-6.899166666666667,6.1000000000000005,3.53,4.75
945,9,9,2,2007,-6.918333333333333,5.58,3.53,4.6000000000000005
946,9,10,2,2007,-7.190000000000001,4.99,3.91,4.72
947,9,11,2,2007,-7.6375,4.45,3.46,4.17
948,9,12,2,2007,-7.730833333333334,3.52,2.73,3.28
949,9,13,2,2007,-7.7941666666666665,3.75,2.91,3.5
950,9,14,2,2007,-7.697499999999999,4.04,3.15,3.77
951,9,15,2,2007,-7.303333333333334,3.64,2.91,3.44
952,9,16,2,2007,-6.628333333333333,3.45,2.76,3.24
953,9,17,2,2007,-5.769166666666667,4.0,3.14,3.7
954,9,18,2,2007,-4.9325,3.9,3.06,3.61
955,9,19,2,2007,-4.2,3.82,3.0,3.54
956,9,20,2,2007,-3.705833333333333,4.04,3.12,3.71
957,9,21,2,2007,-3.4683333333333337,4.51,3.4,4.1
958,9,22,2,2007,-3.626666666666667,4.82,3.6,4.37
959,9,23,2,2007,-4.309166666666667,6.23,3.4,5.22
960,10,0,2,2007,-4.8625,6.32,3.72,5.47
961,10,1,2,2007,-5.415833333333334,6.5600000000000005,3.3000000000000003,4.97
962,10,2,2,2007,-5.745833333333333,7.1000000000000005,3.56,5.21
963,10,3,2,2007,-6.171666666666667,7.2,3.56,5.24
964,10,4,2,2007,-6.574166666666667,7.46,3.81,5.54
965,10,5,2,2007,-7.0424999999999995,6.96,3.58,5.13
966,10,6,2,2007,-7.438333333333332,6.47,3.4,4.8100000000000005
967,10,7,2,2007,-7.7316666666666665,6.36,3.63,4.91
968,10,8,2,2007,-8.110833333333334,5.96,3.41,4.6000000000000005
969,10,9,2,2007,-8.684999999999999,6.59,3.11,4.45
970,10,10,2,2007,-9.233333333333333,6.92,2.69,4.67
971,10,11,2,2007,-9.663333333333332,6.46,2.65,4.65
972,10,12,2,2007,-10.121666666666668,6.2700000000000005,2.73,4.57
973,10,13,2,2007,-10.567499999999999,5.96,3.0500000000000003,4.57
974,10,14,2,2007,-10.343333333333332,4.53,3.13,3.82
975,10,15,2,2007,-9.715000000000002,3.19,2.59,3.02
976,10,16,2,2007,-8.610833333333332,1.79,1.54,1.74
977,10,17,2,2007,-7.298333333333333,1.3,1.15,1.28
978,10,18,2,2007,-6.020833333333333,0.72,0.73,0.76
979,10,19,2,2007,-4.805000000000001,1.17,0.85,1.02
980,10,20,2,2007,-3.830833333333333,1.92,1.5,1.76
981,10,21,2,2007,-3.2308333333333343,2.33,1.79,2.11
982,10,22,2,2007,-2.9716666666666662,2.97,2.14,2.62
983,10,23,2,2007,-3.547499999999999,4.3100000000000005,1.76,3.56
984,11,0,2,2007,-4.128333333333333,6.0600000000000005,1.68,4.24
985,11,1,2,2007,-4.619166666666667,6.41,1.59,4.25
986,11,2,2,2007,-4.8549999999999995,6.73,2.49,4.74
987,11,3,2,2007,-4.895833333333335,7.32,3.37,5.55
988,11,4,2,2007,-4.960833333333333,8.790000000000001,3.95,6.25
989,11,5,2,2007,-5.043333333333334,9.44,4.54,6.86
990,11,6,2,2007,-5.090833333333334,10.72,5.13,7.62
991,11,7,2,2007,-4.9775,11.43,5.62,8.22
992,11,8,2,2007,-4.9225,11.87,5.75,8.49
993,11,9,2,2007,-4.7975,12.07,5.78,8.540000000000001
994,11,10,2,2007,-4.888333333333333,12.14,5.69,8.49
995,11,11,2,2007,-5.340833333333333,11.84,5.51,8.24
996,11,12,2,2007,-5.514166666666667,11.8,5.59,8.32
997,11,13,2,2007,-5.336666666666667,12.01,6.2,8.540000000000001
998,11,14,2,2007,-3.8350000000000004,11.14,6.5,8.57
999,11,15,2,2007,-2.2225,8.05,5.11,6.26
1000,11,16,2,2007,-0.3874999999999999,6.59,4.9,5.95
1001,11,17,2,2007,0.9266666666666666,7.05,5.2700000000000005,6.3900000000000015
1002,11,18,2,2007,1.9825000000000002,6.42,4.79,5.8
1003,11,19,2,2007,3.1675,6.75,5.01,6.09
1004,11,20,2,2007,3.8583333333333325,7.17,5.21,6.4
1005,11,21,2,2007,4.138333333333333,7.5,5.3500000000000005,6.65
1006,11,22,2,2007,3.521666666666667,8.14,5.17,6.49
1007,11,23,2,2007,1.965833333333333,9.85,3.6,6.63
1008,12,0,2,2007,1.0899999999999999,12.38,4.5200000000000005,8.02
1009,12,1,2,2007,0.15000000000000005,12.76,4.7,8.120000000000001
1010,12,2,2,2007,-0.4100000000000001,12.16,4.78,7.88
1011,12,3,2,2007,-0.02833333333333334,11.61,5.57,7.9
1012,12,4,2,2007,-0.6158333333333332,11.06,4.64,7.33
1013,12,5,2,2007,-0.6008333333333334,10.32,4.61,7.28
1014,12,6,2,2007,-0.7325,10.15,4.68,7.29
1015,12,7,2,2007,-1.1683333333333332,9.34,3.92,6.5
1016,12,8,2,2007,-1.3675,7.87,3.03,5.47
1017,12,9,2,2007,-1.9816666666666667,8.0,2.65,5.26
1018,12,10,2,2007,-2.67,6.8100000000000005,2.06,5.11
1019,12,11,2,2007,-3.103333333333333,6.11,1.72,4.66
1020,12,12,2,2007,-3.3225,5.73,1.79,4.26
1021,12,13,2,2007,-3.4916666666666667,5.5200000000000005,1.71,4.09
1022,12,14,2,2007,-3.4291666666666667,5.7,2.41,4.09
1023,12,15,2,2007,-3.1283333333333334,5.74,2.64,3.77
1024,12,16,2,2007,-2.5516666666666663,5.64,3.02,3.47
1025,12,17,2,2007,-1.7641666666666669,5.22,3.96,4.64
1026,12,18,2,2007,-1.0816666666666668,5.75,4.5,5.33
1027,12,19,2,2007,-0.4975,6.23,4.65,5.62
1028,12,20,2,2007,-0.1525,7.27,4.74,5.76
1029,12,21,2,2007,-0.18166666666666667,7.87,4.94,6.41
1030,12,22,2,2007,-0.7341666666666667,9.15,5.72,7.45
1031,12,23,2,2007,-1.1416666666666664,10.66,6.87,8.88
1032,13,0,2,2007,-1.2966666666666666,10.18,6.47,8.41
1033,13,1,2,2007,-1.4400000000000002,9.31,6.15,7.88
1034,13,2,2,2007,-1.5874999999999997,8.69,5.7700000000000005,7.4
1035,13,3,2,2007,-1.6125,10.68,7.13,9.13
1036,13,4,2,2007,-1.4091666666666667,10.69,7.16,9.16
1037,13,5,2,2007,-1.5541666666666665,10.79,7.33,9.35
1038,13,6,2,2007,-2.3866666666666663,11.09,7.59,9.66
1039,13,7,2,2007,-3.2733333333333334,12.35,8.46,10.74
1040,13,8,2,2007,-4.0633333333333335,12.27,7.85,10.45
1041,13,9,2,2007,-4.726666666666667,13.92,7.73,11.73
1042,13,10,2,2007,-5.405,14.66,8.1,12.33
1043,13,11,2,2007,-6.301666666666667,13.71,8.23,11.06
1044,13,12,2,2007,-6.910000000000001,13.99,9.45,12.06
1045,13,13,2,2007,-7.279166666666668,13.46,9.06,11.56
1046,13,14,2,2007,-7.588333333333334,12.74,8.71,10.84
1047,13,15,2,2007,-7.634166666666668,12.61,9.13,11.31
1048,13,16,2,2007,-7.55,12.65,9.19,11.38
1049,13,17,2,2007,-7.413333333333334,12.59,9.16,11.33
1050,13,18,2,2007,-7.164166666666667,12.47,9.06,11.21
1051,13,19,2,2007,-6.967500000000001,12.3,8.91,11.04
1052,13,20,2,2007,-6.904166666666666,12.03,8.69,10.77
1053,13,21,2,2007,-6.975833333333333,11.5,8.21,10.22
1054,13,22,2,2007,-7.340833333333333,12.25,7.92,10.25
1055,13,23,2,2007,-8.051666666666668,11.85,7.53,9.71
1056,14,0,2,2007,-8.784166666666666,11.49,6.65,9.03
1057,14,1,2,2007,-9.423333333333334,11.15,6.36,8.620000000000001
1058,14,2,2,2007,-9.860833333333334,11.19,6.05,8.51
1059,14,3,2,2007,-10.493333333333334,11.47,5.72,8.22
1060,14,4,2,2007,-11.0775,11.61,5.74,8.36
1061,14,5,2,2007,-11.801666666666664,11.22,5.4,7.95
1062,14,6,2,2007,-12.602499999999997,11.87,5.47,8.290000000000001
1063,14,7,2,2007,-13.542499999999997,11.89,5.38,8.27
1064,14,8,2,2007,-14.416666666666666,11.58,5.2,8.0
1065,14,9,2,2007,-15.119166666666667,11.48,5.14,7.92
1066,14,10,2,2007,-15.794166666666667,11.15,4.78,7.61
1067,14,11,2,2007,-16.404166666666665,10.84,4.63,7.3900000000000015
1068,14,12,2,2007,-16.893333333333334,10.56,4.63,7.32
1069,14,13,2,2007,-17.205833333333334,10.52,5.0,7.31
1070,14,14,2,2007,-16.495833333333334,9.12,4.92,6.72
1071,14,15,2,2007,-15.214999999999998,6.25,4.8100000000000005,5.74
1072,14,16,2,2007,-14.065833333333336,5.86,4.59,5.48
1073,14,17,2,2007,-12.974166666666667,5.74,4.44,5.3100000000000005
1074,14,18,2,2007,-12.035000000000002,5.7700000000000005,4.45,5.32
1075,14,19,2,2007,-11.258333333333333,5.7,4.37,5.24
1076,14,20,2,2007,-10.731666666666667,5.38,4.1,4.92
1077,14,21,2,2007,-10.490833333333335,5.53,4.11,5.01
1078,14,22,2,2007,-10.571666666666667,5.93,4.3100000000000005,5.32
1079,14,23,2,2007,-10.875,6.65,3.93,5.3
1080,15,0,2,2007,-11.11,7.21,4.18,5.68
1081,15,1,2,2007,-11.300833333333332,7.36,4.36,5.8500000000000005
1082,15,2,2,2007,-11.456666666666665,7.1000000000000005,4.2700000000000005,5.67
1083,15,3,2,2007,-11.690833333333332,7.15,4.46,5.82
1084,15,4,2,2007,-11.95583333333333,7.03,4.5200000000000005,5.82
1085,15,5,2,2007,-12.310000000000002,6.76,4.47,5.69
1086,15,6,2,2007,-12.663333333333334,6.43,4.43,5.5600000000000005
1087,15,7,2,2007,-12.971666666666664,6.6000000000000005,4.6000000000000005,5.76
1088,15,8,2,2007,-13.329166666666666,6.66,4.62,5.8
1089,15,9,2,2007,-13.482500000000002,6.3500000000000005,4.48,5.59
1090,15,10,2,2007,-13.677500000000002,6.5200000000000005,4.5,5.64
1091,15,11,2,2007,-13.761666666666665,5.96,4.08,5.14
1092,15,12,2,2007,-13.844999999999997,5.5200000000000005,3.84,4.8
1093,15,13,2,2007,-14.121666666666664,6.5600000000000005,4.66,5.82
1094,15,14,2,2007,-14.279166666666669,6.72,4.87,6.03
1095,15,15,2,2007,-13.997500000000002,6.45,4.79,5.86
1096,15,16,2,2007,-13.626666666666667,5.88,4.49,5.42
1097,15,17,2,2007,-13.213333333333336,5.21,3.99,4.8
1098,15,18,2,2007,-12.895000000000001,5.48,4.25,5.1000000000000005
1099,15,19,2,2007,-12.566666666666668,5.53,4.18,5.07
1100,15,20,2,2007,-12.308333333333332,5.47,4.14,5.0200000000000005
1101,15,21,2,2007,-12.18583333333333,5.33,3.99,4.86
1102,15,22,2,2007,-12.4825,5.01,3.63,4.49
1103,15,23,2,2007,-14.160833333333331,5.36,2.36,4.72
1104,16,0,2,2007,-15.15916666666667,5.37,2.35,4.91
1105,16,1,2,2007,-15.875,4.54,2.76,4.0600000000000005
1106,16,2,2,2007,-17.090833333333336,5.57,3.31,4.86
1107,16,3,2,2007,-17.805000000000003,6.83,4.07,6.19
1108,16,4,2,2007,-17.794999999999998,9.32,4.74,7.7
1109,16,5,2,2007,-17.691666666666666,10.31,5.15,7.96
1110,16,6,2,2007,-17.228333333333335,11.49,5.84,8.61
1111,16,7,2,2007,-16.999166666666667,12.3,6.49,9.18
1112,16,8,2,2007,-16.815,13.3,7.24,10.07
1113,16,9,2,2007,-16.331666666666667,14.11,7.83,10.73
1114,16,10,2,2007,-16.0425,14.43,8.11,11.03
1115,16,11,2,2007,-15.371666666666664,15.34,8.9,11.96
1116,16,12,2,2007,-14.161666666666664,15.83,9.62,12.57
1117,16,13,2,2007,-12.549166666666666,16.17,10.68,13.65
1118,16,14,2,2007,-11.207500000000001,16.65,10.0,13.55
1119,16,15,2,2007,-9.955833333333333,17.06,10.67,13.49
1120,16,16,2,2007,-8.115833333333333,16.91,11.22,13.99
1121,16,17,2,2007,-6.665833333333334,15.31,10.82,13.38
1122,16,18,2,2007,-5.435833333333334,14.87,10.88,13.31
1123,16,19,2,2007,-3.9725,14.55,10.61,13.04
1124,16,20,2,2007,-2.6775,14.44,10.52,12.91
1125,16,21,2,2007,-1.6841666666666664,14.35,9.38,11.76
1126,16,22,2,2007,-1.0141666666666667,13.19,8.65,11.02
1127,16,23,2,2007,-1.2033333333333331,13.89,8.08,10.47
1128,17,0,2,2007,0.20249999999999999,12.84,8.05,10.48
1129,17,1,2,2007,0.6025,12.23,6.84,8.96
1130,17,2,2,2007,2.469166666666667,18.5,9.56,13.68
1131,17,3,2,2007,1.7791666666666666,22.35,13.91,18.16
1132,17,4,2,2007,-0.5225,20.68,13.07,17.150000000000002
1133,17,5,2,2007,-2.3416666666666663,16.85,10.36,13.64
1134,17,6,2,2007,-2.973333333333333,15.99,10.0,13.17
1135,17,7,2,2007,-3.51,17.78,11.63,15.09
1136,17,8,2,2007,-3.956666666666667,17.14,11.21,14.52
1137,17,9,2,2007,-4.5166666666666675,15.48,9.96,12.99
1138,17,10,2,2007,-5.615833333333334,16.41,10.1,13.34
1139,17,11,2,2007,-6.632500000000001,16.4,9.91,13.28
1140,17,12,2,2007,-7.052499999999998,15.02,8.65,11.85
1141,17,13,2,2007,-7.416666666666667,15.21,8.52,11.81
1142,17,14,2,2007,-7.294999999999999,13.59,7.76,10.5
1143,17,15,2,2007,-6.536666666666666,11.26,7.46,9.34
1144,17,16,2,2007,-5.537500000000001,11.16,7.92,9.92
1145,17,17,2,2007,-4.555833333333333,11.16,7.9300000000000015,9.92
1146,17,18,2,2007,-3.6316666666666664,10.86,7.7,9.64
1147,17,19,2,2007,-2.8591666666666664,9.99,7.07,8.84
1148,17,20,2,2007,-2.2866666666666666,10.03,7.1000000000000005,8.88
1149,17,21,2,2007,-1.7725000000000002,8.81,6.3100000000000005,7.85
1150,17,22,2,2007,-2.1041666666666665,8.26,4.78,6.5
1151,17,23,2,2007,-3.7658333333333336,9.93,4.57,7.92
1152,18,0,2,2007,-3.4225000000000008,9.73,4.58,7.73
1153,18,1,2,2007,-3.829166666666667,9.84,4.7700000000000005,7.77
1154,18,2,2,2007,-4.036666666666666,9.59,4.58,7.86
1155,18,3,2,2007,-4.783333333333333,7.49,3.7,7.0
1156,18,4,2,2007,-4.48,6.83,4.3100000000000005,6.32
1157,18,5,2,2007,-5.355833333333334,6.3,4.67,6.91
1158,18,6,2,2007,-4.903333333333333,8.56,5.18,7.69
1159,18,7,2,2007,-4.492499999999999,8.49,4.99,7.62
1160,18,8,2,2007,-4.71,6.69,5.26,7.57
1161,18,9,2,2007,-4.7625,7.9,5.51,8.11
1162,18,10,2,2007,-4.2,8.370000000000001,5.66,8.25
1163,18,11,2,2007,-4.029166666666667,10.12,6.17,8.66
1164,18,12,2,2007,-4.0925,10.65,5.78,8.42
1165,18,13,2,2007,-3.635833333333333,12.41,6.74,9.31
1166,18,14,2,2007,-2.021666666666667,13.09,7.32,9.86
1167,18,15,2,2007,-0.12416666666666672,12.0,7.25,9.41
1168,18,16,2,2007,1.0650000000000002,11.56,7.3900000000000015,9.51
1169,18,17,2,2007,1.6683333333333332,11.52,7.33,9.46
1170,18,18,2,2007,2.205,11.28,7.16,9.26
1171,18,19,2,2007,2.5316666666666667,12.15,7.3900000000000015,9.77
1172,18,20,2,2007,2.859166666666667,13.3,7.85,10.53
1173,18,21,2,2007,2.956666666666667,14.76,8.22,11.13
1174,18,22,2,2007,3.026666666666667,15.55,8.15,11.4
1175,18,23,2,2007,2.9066666666666667,15.67,7.72,11.3
1176,19,0,2,2007,3.3175000000000003,16.18,7.88,11.52
1177,19,1,2,2007,3.359166666666667,16.78,8.26,12.0
1178,19,2,2,2007,3.1925000000000003,18.05,9.05,12.92
1179,19,3,2,2007,3.299166666666667,18.42,9.32,13.23
1180,19,4,2,2007,2.6725,18.34,9.16,13.06
1181,19,5,2,2007,2.830833333333333,18.32,8.86,12.8
1182,19,6,2,2007,3.2066666666666666,19.97,10.0,14.28
1183,19,7,2,2007,3.68,20.69,10.5,14.98
1184,19,8,2,2007,3.5966666666666662,20.93,11.17,15.55
1185,19,9,2,2007,3.5033333333333334,20.77,11.06,15.4
1186,19,10,2,2007,3.5083333333333333,20.46,10.99,15.24
1187,19,11,2,2007,3.289166666666667,20.08,10.88,15.1
1188,19,12,2,2007,3.230833333333333,20.08,10.85,15.06
1189,19,13,2,2007,2.955833333333333,19.17,10.28,14.38
1190,19,14,2,2007,3.2725000000000004,18.52,10.13,13.97
1191,19,15,2,2007,3.5333333333333337,17.61,9.85,13.48
1192,19,16,2,2007,3.8000000000000003,14.54,8.64,11.46
1193,19,17,2,2007,4.225833333333334,11.8,7.53,9.72
1194,19,18,2,2007,4.793333333333333,8.83,5.83,7.3
1195,19,19,2,2007,5.604166666666667,6.34,4.6000000000000005,5.53
1196,19,20,2,2007,7.013333333333333,5.44,3.79,4.53
1197,19,21,2,2007,7.34,5.68,3.17,4.3500000000000005
1198,19,22,2,2007,6.1208333333333345,6.99,2.96,5.74
1199,19,23,2,2007,4.7266666666666675,7.51,3.56,6.74
1200,20,0,2,2007,3.869166666666667,7.28,3.52,6.73
1201,20,1,2,2007,2.888333333333333,8.18,3.5700000000000003,7.04
1202,20,2,2,2007,2.016666666666667,9.08,4.19,6.88
1203,20,3,2,2007,1.4683333333333335,9.21,4.3,6.48
1204,20,4,2,2007,1.13,8.870000000000003,4.28,6.26
1205,20,5,2,2007,0.4175,7.66,3.39,4.88
1206,20,6,2,2007,0.15666666666666665,7.68,4.2,5.6000000000000005
1207,20,7,2,2007,0.11583333333333334,7.5,4.01,5.39
1208,20,8,2,2007,0.1025,7.29,3.84,5.22
1209,20,9,2,2007,0.10416666666666664,7.28,3.92,5.32
1210,20,10,2,2007,0.15749999999999997,7.25,3.92,5.32
1211,20,11,2,2007,0.04666666666666666,7.33,3.77,5.19
1212,20,12,2,2007,0.36333333333333334,8.3,4.14,5.71
1213,20,13,2,2007,0.08,6.53,2.31,3.68
1214,20,14,2,2007,-0.08083333333333334,4.8100000000000005,2.07,3.04
1215,20,15,2,2007,0.2816666666666667,4.54,2.37,2.84
1216,20,16,2,2007,1.04,4.38,2.57,2.87
1217,20,17,2,2007,3.176666666666667,1.98,1.41,1.68
1218,20,18,2,2007,4.748333333333334,1.64,1.29,1.51
1219,20,19,2,2007,5.502499999999999,1.17,1.35,1.41
1220,20,20,2,2007,5.7175,1.72,1.65,1.83
1221,20,21,2,2007,5.829166666666667,2.86,2.02,2.52
1222,20,22,2,2007,5.114166666666667,4.32,3.13,4.54
1223,20,23,2,2007,2.0733333333333337,5.12,3.82,5.36
1224,21,0,2,2007,0.9358333333333334,6.09,4.19,5.8500000000000005
1225,21,1,2,2007,1.1683333333333332,6.8900000000000015,4.48,6.25
1226,21,2,2,2007,1.3716666666666668,7.55,4.53,6.3
1227,21,3,2,2007,1.0658333333333332,8.83,4.54,6.25
1228,21,4,2,2007,1.3250000000000002,9.51,4.9,6.71
1229,21,5,2,2007,1.4366666666666665,10.0,5.46,7.33
1230,21,6,2,2007,1.375,10.56,6.07,7.96
1231,21,7,2,2007,1.0016666666666665,10.99,6.45,8.43
1232,21,8,2,2007,0.71,11.26,6.8500000000000005,8.81
1233,21,9,2,2007,0.5599999999999999,11.31,6.96,8.93
1234,21,10,2,2007,0.27666666666666667,11.81,6.97,9.1
1235,21,11,2,2007,0.31083333333333335,12.87,6.83,9.48
1236,21,12,2,2007,1.1033333333333335,13.8,7.11,10.07
1237,21,13,2,2007,1.6858333333333333,14.09,7.37,10.32
1238,21,14,2,2007,2.5975,13.3,8.4,10.74
1239,21,15,2,2007,4.519166666666666,12.09,7.9,10.05
1240,21,16,2,2007,6.720833333333332,11.04,6.4,8.93
1241,21,17,2,2007,8.140833333333335,9.43,6.04,7.53
1242,21,18,2,2007,9.595833333333333,8.31,5.45,6.79
1243,21,19,2,2007,11.196666666666665,8.47,5.29,6.86
1244,21,20,2,2007,12.338333333333331,9.22,5.61,7.48
1245,21,21,2,2007,12.345833333333337,9.02,4.67,6.44
1246,21,22,2,2007,11.601666666666665,10.51,4.68,7.9
1247,21,23,2,2007,10.291666666666666,11.96,5.13,9.0
1248,22,0,2,2007,9.129166666666666,14.52,5.99,10.28
1249,22,1,2,2007,7.729166666666667,14.53,5.67,9.78
1250,22,2,2,2007,6.0225,13.13,4.78,8.88
1251,22,3,2,2007,5.1816666666666675,13.52,4.53,8.74
1252,22,4,2,2007,4.534166666666667,12.86,4.13,8.32
1253,22,5,2,2007,3.8891666666666675,12.26,3.79,7.53
1254,22,6,2,2007,2.4774999999999996,11.29,3.89,7.11
1255,22,7,2,2007,1.864166666666667,11.49,4.04,7.68
1256,22,8,2,2007,2.345,11.57,4.45,8.0
1257,22,9,2,2007,1.8449999999999998,10.95,4.0600000000000005,7.5
1258,22,10,2,2007,1.6466666666666665,11.14,4.53,7.74
1259,22,11,2,2007,1.2566666666666668,11.18,4.55,7.75
1260,22,12,2,2007,0.6891666666666666,11.21,4.63,7.73
1261,22,13,2,2007,0.44,12.89,5.2700000000000005,7.81
1262,22,14,2,2007,0.8208333333333334,10.0,4.88,6.94
1263,22,15,2,2007,1.6758333333333333,5.29,3.82,4.61
1264,22,16,2,2007,2.735,4.25,3.42,4.0
1265,22,17,2,2007,3.8408333333333338,4.3,3.46,4.05
1266,22,18,2,2007,4.879166666666666,4.2700000000000005,3.41,4.0
1267,22,19,2,2007,5.608333333333333,4.0,3.26,3.79
1268,22,20,2,2007,6.080000000000001,3.94,3.14,3.69
1269,22,21,2,2007,6.303333333333335,4.03,3.22,3.79
1270,22,22,2,2007,6.197499999999999,5.05,3.3200000000000003,4.07
1271,22,23,2,2007,4.930000000000001,7.19,2.53,5.32
1272,23,0,2,2007,3.6466666666666665,9.23,3.66,7.23
1273,23,1,2,2007,2.6725000000000008,10.74,4.03,7.55
1274,23,2,2,2007,1.9941666666666669,11.87,4.76,8.15
1275,23,3,2,2007,1.3966666666666667,12.55,5.17,8.25
1276,23,4,2,2007,1.0975,12.82,5.41,8.43
1277,23,5,2,2007,0.5425,12.59,5.2700000000000005,8.19
1278,23,6,2,2007,0.17999999999999997,12.56,5.5,8.3
1279,23,7,2,2007,0.1166666666666667,12.52,5.91,8.6
1280,23,8,2,2007,0.06000000000000002,12.63,6.5200000000000005,9.15
1281,23,9,2,2007,-0.0575,12.93,7.0600000000000005,9.71
1282,23,10,2,2007,-0.35916666666666663,12.98,7.31,9.91
1283,23,11,2,2007,-0.5958333333333333,13.17,7.59,10.21
1284,23,12,2,2007,-0.3858333333333333,13.43,7.78,10.46
1285,23,13,2,2007,0.030833333333333306,13.86,8.61,11.27
1286,23,14,2,2007,1.67,13.92,8.81,11.44
1287,23,15,2,2007,3.7033333333333336,12.74,8.15,10.27
1288,23,16,2,2007,5.219166666666667,10.77,7.66,9.45
1289,23,17,2,2007,6.914999999999999,11.01,8.040000000000001,9.87
1290,23,18,2,2007,8.388333333333334,11.57,8.33,10.3
1291,23,19,2,2007,9.598333333333334,12.18,8.64,10.76
1292,23,20,2,2007,10.510833333333334,12.61,8.51,10.66
1293,23,21,2,2007,11.283333333333337,13.87,8.73,11.42
1294,23,22,2,2007,11.060833333333333,15.02,8.76,11.93
1295,23,23,2,2007,9.663333333333334,17.0,8.41,12.4
1296,24,0,2,2007,8.851666666666668,17.21,8.67,12.68
1297,24,1,2,2007,7.966666666666666,16.91,8.27,12.19
1298,24,2,2,2007,7.472499999999999,16.79,8.35,12.19
1299,24,3,2,2007,7.325,18.27,9.45,13.51
1300,24,4,2,2007,6.912500000000001,18.23,9.44,13.49
1301,24,5,2,2007,6.200833333333333,17.61,9.01,12.91
1302,24,6,2,2007,5.464166666666667,16.8,8.68,12.43
1303,24,7,2,2007,5.361666666666667,16.07,9.07,12.44
1304,24,8,2,2007,4.906666666666667,15.91,8.83,12.23
1305,24,9,2,2007,4.383333333333334,14.21,7.75,10.66
1306,24,10,2,2007,4.099999999999999,14.19,8.28,11.23
1307,24,11,2,2007,3.4758333333333327,12.66,7.67,10.18
1308,24,12,2,2007,3.2583333333333333,12.04,7.47,9.84
1309,24,13,2,2007,3.348333333333334,17.03,11.76,14.86
1310,24,14,2,2007,3.3658333333333332,15.13,10.17,13.0
1311,24,15,2,2007,3.3524999999999996,14.31,9.62,12.08
1312,24,16,2,2007,3.9491666666666667,14.13,9.88,12.19
1313,24,17,2,2007,3.766666666666666,12.16,8.92,10.86
1314,24,18,2,2007,3.6799999999999997,11.66,8.51,10.41
1315,24,19,2,2007,3.551666666666666,10.68,8.0,9.71
1316,24,20,2,2007,4.554166666666667,9.75,6.3500000000000005,8.01
1317,24,21,2,2007,5.948333333333333,10.06,6.5200000000000005,8.23
1318,24,22,2,2007,5.628333333333334,10.25,6.42,8.26
1319,24,23,2,2007,4.769166666666666,8.73,5.26,7.07
1320,25,0,2,2007,4.4991666666666665,8.38,4.68,6.44
1321,25,1,2,2007,3.5366666666666666,9.93,6.1400000000000015,8.46
1322,25,2,2,2007,2.1041666666666665,10.1,6.26,8.71
1323,25,3,2,2007,1.1066666666666667,8.38,4.99,6.41
1324,25,4,2,2007,0.4466666666666667,12.64,7.0,10.66
1325,25,5,2,2007,0.0675,13.0,6.9,10.72
1326,25,6,2,2007,-0.2225,13.83,7.19,11.46
1327,25,7,2,2007,-0.7441666666666668,15.22,10.15,13.03
1328,25,8,2,2007,-1.2133333333333334,15.13,9.94,12.82
1329,25,9,2,2007,-1.75,15.54,9.93,12.99
1330,25,10,2,2007,-2.496666666666667,15.55,9.78,12.88
1331,25,11,2,2007,-2.9983333333333335,15.31,8.89,12.1
1332,25,12,2,2007,-3.2849999999999997,15.35,9.03,12.21
1333,25,13,2,2007,-3.385,15.78,9.93,13.02
1334,25,14,2,2007,-2.6341666666666668,17.17,11.22,14.54
1335,25,15,2,2007,-1.9600000000000002,16.47,11.34,14.3
1336,25,16,2,2007,-1.2833333333333332,15.84,10.99,13.83
1337,25,17,2,2007,-0.655,15.39,10.68,13.43
1338,25,18,2,2007,-0.08416666666666667,14.81,10.3,12.98
1339,25,19,2,2007,0.42333333333333334,14.0,9.73,12.25
1340,25,20,2,2007,0.7566666666666668,13.43,9.34,11.77
1341,25,21,2,2007,0.725,12.65,8.64,10.96
1342,25,22,2,2007,0.48666666666666664,10.93,7.32,9.35
1343,25,23,2,2007,-0.4925,10.54,6.18,8.18
1344,26,0,2,2007,-1.5683333333333334,12.58,4.44,7.55
1345,26,1,2,2007,-1.8733333333333333,11.19,4.9,7.9300000000000015
1346,26,2,2,2007,-2.078333333333333,11.24,4.79,7.83
1347,26,3,2,2007,-2.5958333333333328,11.13,4.55,7.54
1348,26,4,2,2007,-3.0141666666666667,10.84,4.16,7.07
1349,26,5,2,2007,-3.2025,10.43,3.99,6.86
1350,26,6,2,2007,-3.521666666666667,10.39,3.93,6.78
1351,26,7,2,2007,-3.858333333333334,9.55,3.36,5.99
1352,26,8,2,2007,-4.210833333333334,8.22,2.85,5.51
1353,26,9,2,2007,-4.4325,7.34,2.49,5.01
1354,26,10,2,2007,-4.336666666666666,6.3100000000000005,2.37,4.89
1355,26,11,2,2007,-4.243333333333335,5.14,2.43,4.68
1356,26,12,2,2007,-4.2266666666666675,4.75,2.4,4.9
1357,26,13,2,2007,-3.9441666666666673,4.96,2.78,4.91
1358,26,14,2,2007,-2.890833333333333,4.83,3.12,3.68
1359,26,15,2,2007,-1.8324999999999996,4.2,3.25,3.89
1360,26,16,2,2007,-0.9758333333333331,4.55,3.51,4.19
1361,26,17,2,2007,-0.21083333333333332,4.57,3.52,4.21
1362,26,18,2,2007,0.48666666666666675,4.54,3.48,4.16
1363,26,19,2,2007,1.0466666666666666,4.5,3.47,4.14
1364,26,20,2,2007,1.4124999999999999,4.2,3.24,3.87
1365,26,21,2,2007,1.55,3.58,2.78,3.31
1366,26,22,2,2007,1.4016666666666664,3.01,2.33,2.78
1367,26,23,2,2007,0.29750000000000004,2.68,1.3,2.3000000000000003
1368,27,0,2,2007,-0.8816666666666667,2.38,0.6,1.83
1369,27,1,2,2007,-1.3950000000000002,2.03,0.42,1.32
1370,27,2,2,2007,-1.7641666666666669,1.72,0.67,0.55
1371,27,3,2,2007,-1.7266666666666666,1.36,0.89,1.1
1372,27,4,2,2007,-1.7083333333333333,1.79,0.8,1.48
1373,27,5,2,2007,-1.8766666666666667,1.98,0.68,1.51
1374,27,6,2,2007,-2.3325,2.1,0.67,1.61
1375,27,7,2,2007,-2.8475,1.47,0.37,1.07
1376,27,8,2,2007,-3.203333333333333,1.89,0.61,1.39
1377,27,9,2,2007,-3.3399999999999994,2.21,0.51,1.35
1378,27,10,2,2007,-3.5133333333333336,2.75,0.93,2.04
1379,27,11,2,2007,-3.739166666666667,3.13,1.02,2.43
1380,27,12,2,2007,-4.036666666666667,3.24,1.13,2.65
1381,27,13,2,2007,-3.941666666666667,4.19,2.4,3.04
1382,27,14,2,2007,-2.6750000000000003,4.19,2.6,3.0
1383,27,15,2,2007,-1.2483333333333333,3.42,2.81,3.25
1384,27,16,2,2007,0.09083333333333332,3.67,2.98,3.46
1385,27,17,2,2007,1.3683333333333332,3.97,3.2,3.73
1386,27,18,2,2007,2.4966666666666666,4.44,3.5,4.13
1387,27,19,2,2007,3.464166666666667,5.33,4.11,4.91
1388,27,20,2,2007,4.118333333333333,5.47,4.18,5.03
1389,27,21,2,2007,4.44,6.04,4.5,5.5
1390,27,22,2,2007,4.131666666666667,7.22,4.44,5.5
1391,27,23,2,2007,2.5700000000000003,9.34,3.72,6.87
1392,28,0,2,2007,1.198333333333333,11.85,4.1,7.5
1393,28,1,2,2007,0.7000000000000001,12.21,4.59,7.75
1394,28,2,2,2007,0.18166666666666673,12.2,4.61,7.72
1395,28,3,2,2007,-0.68,12.2,4.58,7.63
1396,28,4,2,2007,-1.2183333333333333,12.33,4.84,7.62
1397,28,5,2,2007,-1.4091666666666665,12.1,4.8,7.53
1398,28,6,2,2007,-1.3,12.26,5.58,8.24
1399,28,7,2,2007,-1.0958333333333332,12.4,5.94,8.620000000000001
1400,28,8,2,2007,-1.0899999999999999,12.22,5.94,8.57
1401,28,9,2,2007,-1.0475,12.27,5.95,8.55
1402,28,10,2,2007,-1.0858333333333337,11.99,5.7,8.22
1403,28,11,2,2007,-0.8725,12.47,5.9,8.65
1404,28,12,2,2007,-0.06416666666666668,12.41,6.49,8.84
1405,28,13,2,2007,1.2608333333333333,12.13,6.92,9.32
1406,28,14,2,2007,1.3633333333333333,12.17,7.23,9.62
1407,28,15,2,2007,1.3991666666666667,11.87,7.19,9.49
1408,28,16,2,2007,1.615,10.9,6.84,8.89
1409,28,17,2,2007,2.1300000000000003,10.07,6.5,8.36
1410,28,18,2,2007,2.9916666666666667,8.73,5.29,6.8500000000000005
1411,28,19,2,2007,3.6008333333333336,8.22,5.3,6.83
1412,28,20,2,2007,3.7466666666666666,6.86,3.82,5.22
1413,28,21,2,2007,3.5691666666666664,6.79,3.28,4.96
1414,28,22,2,2007,3.1174999999999997,6.13,3.24,5.13
1415,28,23,2,2007,1.9358333333333333,5.2,3.34,5.1000000000000005
1416,1,0,3,2007,1.2241666666666668,5.71,3.83,5.7
1417,1,1,3,2007,0.9133333333333332,5.69,3.23,4.78
1418,1,2,3,2007,0.325,5.9,3.34,4.37
1419,1,3,3,2007,0.48666666666666664,7.62,4.17,5.6000000000000005
1420,1,4,3,2007,1.0016666666666667,8.77,5.08,6.74
1421,1,5,3,2007,1.2100000000000002,8.92,5.22,7.08
1422,1,6,3,2007,1.3116666666666665,10.56,6.65,8.78
1423,1,7,3,2007,1.1225,13.01,8.5,11.08
1424,1,8,3,2007,0.9833333333333333,12.19,7.32,9.73
1425,1,9,3,2007,0.9783333333333332,12.64,8.21,10.63
1426,1,10,3,2007,0.7516666666666669,12.85,8.27,10.74
1427,1,11,3,2007,0.10416666666666669,13.21,8.33,11.42
1428,1,12,3,2007,-0.515,14.03,8.67,12.04
1429,1,13,3,2007,-0.6816666666666668,14.16,8.23,11.87
1430,1,14,3,2007,-0.5783333333333334,14.01,8.55,11.31
1431,1,15,3,2007,-0.16916666666666666,13.61,9.35,11.79
1432,1,16,3,2007,0.24166666666666667,14.77,10.24,12.9
1433,1,17,3,2007,0.47666666666666674,15.18,10.56,13.29
1434,1,18,3,2007,1.4716666666666667,15.69,10.86,13.72
1435,1,19,3,2007,2.5283333333333338,16.46,11.37,14.36
1436,1,20,3,2007,3.162500000000001,16.240000000000002,11.14,14.13
1437,1,21,3,2007,3.501666666666667,16.14,11.02,14.0
1438,1,22,3,2007,3.4999999999999996,15.2,9.71,12.59
1439,1,23,3,2007,2.829166666666667,15.63,7.72,11.36
1440,2,0,3,2007,2.0416666666666665,16.6,8.19,11.94
1441,2,1,3,2007,1.458333333333333,15.36,7.29,10.93
1442,2,2,3,2007,1.1625,16.35,7.8900000000000015,11.65
1443,2,3,3,2007,0.8041666666666668,16.98,8.4,12.15
1444,2,4,3,2007,0.6258333333333335,15.34,7.53,11.03
1445,2,5,3,2007,0.23666666666666666,14.95,7.36,10.78
1446,2,6,3,2007,-0.1725,16.19,8.1,11.72
1447,2,7,3,2007,-0.8699999999999998,15.23,7.46,10.85
1448,2,8,3,2007,-1.4433333333333334,14.19,7.34,10.58
1449,2,9,3,2007,-1.67,15.8,8.040000000000001,11.41
1450,2,10,3,2007,-1.7791666666666668,16.490000000000002,8.82,12.39
1451,2,11,3,2007,-1.9999999999999998,16.31,9.05,12.51
1452,2,12,3,2007,-1.9749999999999999,15.57,8.65,11.94
1453,2,13,3,2007,-1.8816666666666666,15.54,9.08,12.02
1454,2,14,3,2007,-1.0341666666666667,15.84,10.07,13.0
1455,2,15,3,2007,-0.1875,16.04,10.9,13.84
1456,2,16,3,2007,0.6208333333333333,15.49,10.65,13.46
1457,2,17,3,2007,1.2575,15.45,10.63,13.43
1458,2,18,3,2007,1.8191666666666666,15.53,10.69,13.5
1459,2,19,3,2007,2.2483333333333335,15.61,10.76,13.6
1460,2,20,3,2007,2.5316666666666667,16.01,10.91,13.86
1461,2,21,3,2007,2.5358333333333336,16.12,11.01,13.98
1462,2,22,3,2007,1.97,15.59,10.56,13.46
1463,2,23,3,2007,0.8850000000000001,14.04,8.42,11.27
1464,3,0,3,2007,-0.31,15.59,9.52,12.68
1465,3,1,3,2007,-0.8766666666666666,14.8,8.63,11.73
1466,3,2,3,2007,-1.5125,14.61,9.08,12.05
1467,3,3,3,2007,-2.8425,13.96,8.950000000000003,11.66
1468,3,4,3,2007,-3.535833333333333,14.58,9.36,12.22
1469,3,5,3,2007,-3.9283333333333332,12.36,8.0,10.29
1470,3,6,3,2007,-4.954166666666667,13.8,9.02,11.62
1471,3,7,3,2007,-5.415,13.07,8.99,11.41
1472,3,8,3,2007,-6.151666666666667,14.29,9.12,11.94
1473,3,9,3,2007,-6.381666666666667,14.01,9.21,11.87
1474,3,10,3,2007,-6.302499999999999,13.7,9.4,11.96
1475,3,11,3,2007,-6.444999999999998,13.84,9.52,12.09
1476,3,12,3,2007,-6.791666666666667,16.86,11.47,14.62
1477,3,13,3,2007,-7.428333333333334,16.0,10.97,13.97
1478,3,14,3,2007,-7.400833333333334,15.8,11.01,13.88
1479,3,15,3,2007,-7.264166666666664,15.47,10.87,13.69
1480,3,16,3,2007,-6.607499999999999,13.71,9.71,12.19
1481,3,17,3,2007,-5.678333333333335,13.16,9.36,11.71
1482,3,18,3,2007,-4.727499999999999,12.39,8.84,11.03
1483,3,19,3,2007,-3.8900000000000006,11.87,8.52,10.61
1484,3,20,3,2007,-3.204166666666667,11.34,8.11,10.1
1485,3,21,3,2007,-2.7708333333333335,11.41,8.14,10.15
1486,3,22,3,2007,-2.648333333333333,10.97,7.69,9.68
1487,3,23,3,2007,-3.2775,10.64,6.71,8.64
1488,4,0,3,2007,-4.0249999999999995,11.14,5.5200000000000005,8.34
1489,4,1,3,2007,-4.234166666666666,11.79,5.91,8.72
1490,4,2,3,2007,-4.496666666666667,12.18,5.97,8.8
1491,4,3,3,2007,-4.7525,13.31,6.74,9.74
1492,4,4,3,2007,-4.942500000000001,12.55,6.63,9.49
1493,4,5,3,2007,-5.245,11.24,5.78,8.44
1494,4,6,3,2007,-5.47,10.48,5.03,7.73
1495,4,7,3,2007,-5.705000000000001,9.44,4.1,6.78
1496,4,8,3,2007,-5.890000000000001,8.88,3.89,6.44
1497,4,9,3,2007,-6.182499999999998,8.21,3.7,6.13
1498,4,10,3,2007,-6.293333333333334,8.75,4.23,6.6000000000000005
1499,4,11,3,2007,-6.0675,9.1,4.39,6.76
1500,4,12,3,2007,-5.894166666666664,11.14,5.72,8.51
1501,4,13,3,2007,-4.577500000000001,11.41,6.4,8.69
1502,4,14,3,2007,-2.7808333333333337,10.46,6.11,8.14
1503,4,15,3,2007,-0.22000000000000006,9.38,5.76,6.82
1504,4,16,3,2007,1.8933333333333335,7.62,5.94,7.04
1505,4,17,3,2007,4.074166666666667,7.08,5.51,6.59
1506,4,18,3,2007,6.085833333333334,6.51,4.96,5.95
1507,4,19,3,2007,7.495,6.42,4.74,5.78
1508,4,20,3,2007,8.236666666666666,6.49,4.67,5.76
1509,4,21,3,2007,8.581666666666669,6.53,4.63,5.76
1510,4,22,3,2007,7.935,6.42,3.84,5.07
1511,4,23,3,2007,6.0441666666666665,7.04,2.64,5.48
1512,5,0,3,2007,4.824166666666668,7.62,3.35,6.34
1513,5,1,3,2007,4.027500000000001,7.62,3.78,6.99
1514,5,2,3,2007,3.950833333333333,7.59,3.84,6.91
1515,5,3,3,2007,3.5491666666666664,6.87,3.72,6.34
1516,5,4,3,2007,2.2708333333333335,7.04,4.33,6.28
1517,5,5,3,2007,2.765,7.34,5.11,7.27
1518,5,6,3,2007,3.0308333333333324,7.92,4.62,6.83
1519,5,7,3,2007,2.6316666666666664,9.48,5.2700000000000005,8.040000000000001
1520,5,8,3,2007,2.3299999999999996,10.49,5.75,8.56
1521,5,9,3,2007,2.2183333333333333,12.68,6.7,9.9
1522,5,10,3,2007,2.848333333333333,13.25,6.98,10.37
1523,5,11,3,2007,2.6991666666666667,13.3,6.84,10.28
1524,5,12,3,2007,2.410833333333333,13.14,6.8,10.07
1525,5,13,3,2007,2.5541666666666667,13.06,6.48,9.61
1526,5,14,3,2007,4.107500000000001,11.72,6.42,8.55
1527,5,15,3,2007,6.331666666666667,8.84,4.9,6.55
1528,5,16,3,2007,8.330833333333333,4.42,3.31,3.95
1529,5,17,3,2007,9.609166666666667,3.79,2.91,3.45
1530,5,18,3,2007,9.867500000000001,3.87,3.09,3.63
1531,5,19,3,2007,9.431666666666667,5.41,4.41,5.17
1532,5,20,3,2007,8.301666666666668,6.24,5.01,5.94
1533,5,21,3,2007,7.5575,6.57,5.17,6.16
1534,5,22,3,2007,6.709166666666667,7.19,5.42,6.62
1535,5,23,3,2007,5.120833333333334,8.49,5.45,6.83
1536,6,0,3,2007,2.4258333333333333,9.04,5.0600000000000005,7.16
1537,6,1,3,2007,0.5866666666666668,8.97,5.04,6.97
1538,6,2,3,2007,-0.5291666666666667,8.69,4.79,6.55
1539,6,3,3,2007,-1.5125000000000002,8.790000000000001,4.73,6.4
1540,6,4,3,2007,-2.365,8.55,5.04,6.51
1541,6,5,3,2007,-2.8275,8.38,5.11,6.61
1542,6,6,3,2007,-3.106666666666667,8.42,5.09,6.44
1543,6,7,3,2007,-3.3125,7.65,5.0200000000000005,6.28
1544,6,8,3,2007,-3.3249999999999997,6.69,4.9,5.94
1545,6,9,3,2007,-3.27,6.79,4.89,5.9
1546,6,10,3,2007,-3.4375,7.07,4.9,6.0200000000000005
1547,6,11,3,2007,-3.593333333333334,7.05,4.87,6.0
1548,6,12,3,2007,-3.6058333333333334,7.54,5.01,6.22
1549,6,13,3,2007,-3.3275,7.56,5.43,6.5600000000000005
1550,6,14,3,2007,-2.3608333333333333,7.08,5.37,6.46
1551,6,15,3,2007,-0.7458333333333336,6.54,5.09,6.0600000000000005
1552,6,16,3,2007,1.2333333333333334,6.04,4.73,5.61
1553,6,17,3,2007,3.2750000000000004,5.7700000000000005,4.5200000000000005,5.36
1554,6,18,3,2007,5.300833333333334,5.33,4.16,4.93
1555,6,19,3,2007,7.0625,4.8100000000000005,3.74,4.43
1556,6,20,3,2007,8.320833333333335,4.43,3.43,4.07
1557,6,21,3,2007,8.98,4.0,3.09,3.67
1558,6,22,3,2007,9.119166666666667,2.97,2.28,2.72
1559,6,23,3,2007,7.5425,3.0,1.63,3.3000000000000003
1560,7,0,3,2007,5.648333333333333,3.61,1.64,3.37
1561,7,1,3,2007,4.161666666666667,4.45,2.12,3.81
1562,7,2,3,2007,2.8275,6.84,3.0,5.8
1563,7,3,3,2007,1.9041666666666668,7.97,3.51,6.62
1564,7,4,3,2007,1.3308333333333335,8.5,3.64,6.6000000000000005
1565,7,5,3,2007,0.3333333333333333,9.9,4.04,6.91
1566,7,6,3,2007,-0.11083333333333334,9.95,4.37,6.99
1567,7,7,3,2007,-0.7333333333333334,9.24,3.66,6.2700000000000005
1568,7,8,3,2007,-1.1775,9.72,4.23,6.46
1569,7,9,3,2007,-1.5741666666666667,9.87,5.14,7.17
1570,7,10,3,2007,-2.078333333333333,9.81,5.46,7.34
1571,7,11,3,2007,-2.6391666666666667,9.88,6.17,8.06
1572,7,12,3,2007,-3.105833333333333,9.15,5.83,7.66
1573,7,13,3,2007,-3.2199999999999993,9.37,6.04,7.73
1574,7,14,3,2007,-2.5541666666666667,7.54,5.74,6.95
1575,7,15,3,2007,-1.3908333333333334,7.17,5.57,6.69
1576,7,16,3,2007,-0.0883333333333333,5.95,4.64,5.55
1577,7,17,3,2007,1.1383333333333334,5.88,4.63,5.51
1578,7,18,3,2007,2.2491666666666665,5.87,4.63,5.5
1579,7,19,3,2007,3.1666666666666665,5.47,4.32,5.12
1580,7,20,3,2007,3.7825000000000006,5.1000000000000005,4.05,4.8
1581,7,21,3,2007,4.098333333333333,4.5,3.5500000000000003,4.22
1582,7,22,3,2007,4.090000000000001,4.42,3.47,4.14
1583,7,23,3,2007,3.2783333333333324,4.8100000000000005,3.37,4.23
1584,8,0,3,2007,1.5691666666666668,5.78,2.72,4.97
1585,8,1,3,2007,0.2883333333333333,6.13,2.47,4.97
1586,8,2,3,2007,-0.5100000000000001,5.97,1.89,4.69
1587,8,3,3,2007,-0.8766666666666666,5.68,1.53,4.13
1588,8,4,3,2007,-0.995,5.49,1.0,3.46
1589,8,5,3,2007,-1.0091666666666665,5.8500000000000005,0.95,3.58
1590,8,6,3,2007,-1.0608333333333335,6.69,0.99,3.74
1591,8,7,3,2007,-1.0083333333333335,6.91,1.18,4.49
1592,8,8,3,2007,-1.1266666666666667,7.26,1.69,4.84
1593,8,9,3,2007,-0.9716666666666667,7.97,2.83,5.38
1594,8,10,3,2007,-0.7975,8.16,3.43,5.82
1595,8,11,3,2007,-0.7866666666666667,8.4,3.71,6.09
1596,8,12,3,2007,-0.8841666666666667,9.15,4.15,6.53
1597,8,13,3,2007,-0.4100000000000001,9.2,4.79,6.65
1598,8,14,3,2007,1.0566666666666666,7.51,4.42,5.4
1599,8,15,3,2007,3.0299999999999994,5.9,4.59,5.49
1600,8,16,3,2007,5.105,5.6000000000000005,4.34,5.2
1601,8,17,3,2007,6.974166666666668,5.92,4.55,5.47
1602,8,18,3,2007,8.6825,6.38,4.88,5.88
1603,8,19,3,2007,10.018333333333333,6.7700000000000005,5.14,6.22
1604,8,20,3,2007,11.015833333333333,7.23,5.42,6.61
1605,8,21,3,2007,11.614166666666664,7.68,5.63,6.95
1606,8,22,3,2007,11.600000000000001,7.6400000000000015,5.59,6.91
1607,8,23,3,2007,10.155833333333334,10.87,4.25,7.8900000000000015
1608,9,0,3,2007,8.8475,12.78,5.42,9.1
1609,9,1,3,2007,8.19,13.13,5.33,9.03
1610,9,2,3,2007,7.966666666666668,14.02,6.15,9.89
1611,9,3,3,2007,7.736666666666667,14.76,6.53,10.37
1612,9,4,3,2007,7.1875,14.61,6.55,10.28
1613,9,5,3,2007,7.5566666666666675,14.52,7.21,10.5
1614,9,6,3,2007,8.089166666666666,13.77,6.72,9.92
1615,9,7,3,2007,8.378333333333332,13.36,6.9,9.93
1616,9,8,3,2007,8.450000000000001,13.63,7.17,10.14
1617,9,9,3,2007,9.028333333333332,12.59,6.8100000000000005,9.67
1618,9,10,3,2007,8.824999999999998,12.51,6.05,9.05
1619,9,11,3,2007,8.095833333333333,12.16,6.0200000000000005,8.76
1620,9,12,3,2007,7.624999999999999,10.71,5.4,7.85
1621,9,13,3,2007,7.734166666666666,8.85,3.62,6.07
1622,9,14,3,2007,8.834166666666667,6.5600000000000005,3.31,4.41
1623,9,15,3,2007,10.793333333333331,4.71,3.16,3.7
1624,9,16,3,2007,12.020833333333334,6.2,4.82,5.7700000000000005
1625,9,17,3,2007,13.083333333333334,6.23,4.71,5.69
1626,9,18,3,2007,13.844166666666666,7.59,5.72,6.94
1627,9,19,3,2007,13.902500000000002,7.65,5.78,6.99
1628,9,20,3,2007,14.056666666666663,9.13,6.7700000000000005,8.290000000000001
1629,9,21,3,2007,13.406666666666666,9.55,7.04,8.66
1630,9,22,3,2007,12.470833333333333,8.93,6.6000000000000005,8.1
1631,9,23,3,2007,11.005833333333335,8.950000000000003,6.41,8.0
1632,10,0,3,2007,9.168333333333333,8.6,4.5,6.75
1633,10,1,3,2007,7.625833333333335,6.7,2.79,5.29
1634,10,2,3,2007,6.322500000000001,6.2,1.94,4.7700000000000005
1635,10,3,3,2007,5.246666666666667,6.6000000000000005,1.91,4.84
1636,10,4,3,2007,4.4475,6.6000000000000005,1.42,3.97
1637,10,5,3,2007,3.859166666666667,5.57,1.26,3.56
1638,10,6,3,2007,3.1466666666666665,5.0200000000000005,1.16,3.17
1639,10,7,3,2007,1.805,4.2,1.41,2.65
1640,10,8,3,2007,-0.405,4.15,1.39,2.54
1641,10,9,3,2007,-0.43249999999999994,3.53,0.71,1.73
1642,10,10,3,2007,-0.2075,3.06,0.77,1.64
1643,10,11,3,2007,0.3116666666666667,3.02,0.5700000000000001,1.68
1644,10,12,3,2007,0.41750000000000004,3.16,0.9,2.06
1645,10,13,3,2007,0.2791666666666667,3.33,1.12,2.15
1646,10,14,3,2007,3.025833333333333,3.12,1.24,1.27
1647,10,15,3,2007,5.3625,2.83,2.04,2.18
1648,10,16,3,2007,7.290833333333334,2.65,2.33,2.62
1649,10,17,3,2007,9.627500000000001,2.88,2.34,2.7
1650,10,18,3,2007,11.472499999999998,3.77,3.0700000000000003,3.56
1651,10,19,3,2007,12.4325,4.01,3.23,3.77
1652,10,20,3,2007,13.235,4.64,3.62,4.28
1653,10,21,3,2007,13.694166666666668,5.41,4.18,5.0
1654,10,22,3,2007,13.503333333333332,6.18,4.58,5.6000000000000005
1655,10,23,3,2007,12.569166666666668,6.8500000000000005,4.54,5.66
1656,11,0,3,2007,11.446666666666665,7.67,3.29,5.87
1657,11,1,3,2007,10.875833333333334,8.950000000000003,3.37,5.84
1658,11,2,3,2007,10.245833333333332,9.34,3.5700000000000003,6.01
1659,11,3,3,2007,9.565833333333334,9.38,3.52,5.98
1660,11,4,3,2007,8.9475,8.88,2.91,5.25
1661,11,5,3,2007,8.727500000000001,10.16,3.4,6.0200000000000005
1662,11,6,3,2007,8.705000000000002,11.4,4.68,7.48
1663,11,7,3,2007,8.318333333333333,10.97,4.1,6.92
1664,11,8,3,2007,7.959166666666668,10.9,3.98,6.8900000000000015
1665,11,9,3,2007,6.692499999999999,11.44,2.6,6.43
1666,11,10,3,2007,5.578333333333333,11.53,2.2,5.25
1667,11,11,3,2007,4.835833333333333,10.13,1.94,4.3500000000000005
1668,11,12,3,2007,4.6066666666666665,8.81,2.1,4.92
1669,11,13,3,2007,5.030833333333334,9.19,4.26,6.09
1670,11,14,3,2007,7.705833333333334,8.68,4.26,5.66
1671,11,15,3,2007,9.917499999999999,5.3100000000000005,3.93,4.74
1672,11,16,3,2007,11.804166666666669,5.0600000000000005,3.84,4.61
1673,11,17,3,2007,13.315,4.92,3.73,4.47
1674,11,18,3,2007,14.424166666666666,4.97,3.78,4.53
1675,11,19,3,2007,15.415833333333333,4.87,3.71,4.44
1676,11,20,3,2007,15.5725,5.33,4.13,4.94
1677,11,21,3,2007,15.834166666666667,5.24,3.96,4.7700000000000005
1678,11,22,3,2007,16.0275,6.5200000000000005,4.72,5.88
1679,11,23,3,2007,15.21583333333333,6.3,4.57,5.68
1680,12,0,3,2007,13.56083333333333,7.49,2.8000000000000003,5.46
1681,12,1,3,2007,12.238333333333332,7.98,3.36,6.11
1682,12,2,3,2007,11.929166666666667,7.15,3.33,6.11
1683,12,3,3,2007,11.337499999999999,8.24,3.79,7.0
1684,12,4,3,2007,10.820833333333333,9.7,4.29,7.46
1685,12,5,3,2007,10.345833333333333,9.81,4.54,7.85
1686,12,6,3,2007,10.0625,9.92,4.68,7.85
1687,12,7,3,2007,9.670833333333333,10.61,4.68,8.1
1688,12,8,3,2007,9.204999999999998,10.68,4.71,8.11
1689,12,9,3,2007,8.705833333333334,10.59,4.76,7.91
1690,12,10,3,2007,8.196666666666667,10.37,4.84,7.7
1691,12,11,3,2007,7.559166666666666,10.25,4.95,7.4
1692,12,12,3,2007,6.745,10.09,5.5,7.27
1693,12,13,3,2007,6.279166666666666,10.03,5.59,7.37
1694,12,14,3,2007,6.381666666666667,9.67,6.1000000000000005,8.01
1695,12,15,3,2007,6.9125000000000005,9.83,6.2,7.97
1696,12,16,3,2007,8.535,9.78,6.33,7.65
1697,12,17,3,2007,11.571666666666665,7.91,6.11,7.16
1698,12,18,3,2007,14.92,8.05,6.0200000000000005,7.32
1699,12,19,3,2007,16.58583333333333,8.51,6.33,7.72
1700,12,20,3,2007,17.529999999999998,8.55,6.36,7.76
1701,12,21,3,2007,18.033333333333335,8.120000000000001,5.89,7.25
1702,12,22,3,2007,18.32,8.43,6.0200000000000005,7.52
1703,12,23,3,2007,17.450000000000006,9.88,5.09,6.96
1704,13,0,3,2007,15.6625,11.32,5.04,8.26
1705,13,1,3,2007,15.079166666666666,12.56,5.82,9.2
1706,13,2,3,2007,15.000833333333334,13.23,6.6000000000000005,10.03
1707,13,3,3,2007,14.836666666666666,13.81,6.9,10.41
1708,13,4,3,2007,14.621666666666668,14.59,7.24,10.82
1709,13,5,3,2007,14.234166666666669,14.67,7.27,10.81
1710,13,6,3,2007,13.824166666666668,15.39,7.57,11.21
1711,13,7,3,2007,13.263333333333334,15.47,7.6,11.16
1712,13,8,3,2007,13.012499999999998,15.44,7.55,11.11
1713,13,9,3,2007,12.818333333333333,15.34,7.67,11.12
1714,13,10,3,2007,12.624166666666667,15.25,7.55,10.96
1715,13,11,3,2007,12.4125,15.06,7.58,10.95
1716,13,12,3,2007,12.063333333333333,14.46,7.44,10.6
1717,13,13,3,2007,11.719999999999999,13.26,7.33,9.85
1718,13,14,3,2007,12.13,11.8,7.28,9.57
1719,13,15,3,2007,14.094999999999999,10.49,7.12,8.65
1720,13,16,3,2007,16.730833333333333,9.45,7.08,8.620000000000001
1721,13,17,3,2007,18.393333333333334,10.46,7.58,9.36
1722,13,18,3,2007,20.058333333333334,10.77,7.77,9.61
1723,13,19,3,2007,21.107499999999998,10.74,7.72,9.57
1724,13,20,3,2007,22.044166666666666,10.81,7.71,9.56
1725,13,21,3,2007,22.55416666666667,11.35,7.9300000000000015,9.99
1726,13,22,3,2007,22.417499999999993,10.97,7.6,9.6
1727,13,23,3,2007,21.240833333333335,11.48,6.12,8.2
1728,14,0,3,2007,19.520000000000003,13.03,5.67,9.31
1729,14,1,3,2007,18.592499999999998,12.93,5.76,9.24
1730,14,2,3,2007,17.765,14.58,6.5,10.03
1731,14,3,3,2007,17.139166666666668,15.12,6.84,10.5
1732,14,4,3,2007,16.54,15.52,7.61,11.2
1733,14,5,3,2007,15.860833333333332,15.49,7.57,11.16
1734,14,6,3,2007,14.994166666666667,14.97,6.97,10.49
1735,14,7,3,2007,14.691666666666668,15.31,7.25,10.84
1736,14,8,3,2007,14.315,15.34,7.28,10.86
1737,14,9,3,2007,13.6975,14.3,6.5,9.95
1738,14,10,3,2007,13.3075,13.62,6.29,9.4
1739,14,11,3,2007,12.824166666666665,13.81,5.67,9.05
1740,14,12,3,2007,12.24,11.85,5.36,8.33
1741,14,13,3,2007,12.938333333333334,10.97,5.73,8.05
1742,14,14,3,2007,14.121666666666668,8.98,4.92,6.54
1743,14,15,3,2007,13.6225,6.8500000000000005,6.12,7.0
1744,14,16,3,2007,8.553333333333335,6.94,5.47,6.49
1745,14,17,3,2007,9.205833333333334,7.0600000000000005,5.69,6.72
1746,14,18,3,2007,10.441666666666668,7.46,5.92,7.0200000000000005
1747,14,19,3,2007,12.658333333333333,8.290000000000001,6.34,7.63
1748,14,20,3,2007,13.878333333333332,9.14,6.88,8.35
1749,14,21,3,2007,14.034999999999998,9.72,7.23,8.83
1750,14,22,3,2007,13.365,10.5,7.51,9.36
1751,14,23,3,2007,12.510000000000003,10.81,7.51,9.47
1752,15,0,3,2007,11.77083333333333,10.7,7.01,8.98
1753,15,1,3,2007,10.935833333333335,10.86,7.12,9.18
1754,15,2,3,2007,9.735000000000001,10.59,6.48,8.790000000000001
1755,15,3,3,2007,8.515833333333335,10.38,5.82,8.13
1756,15,4,3,2007,7.578333333333333,10.38,5.18,7.7
1757,15,5,3,2007,6.679166666666667,10.35,4.7,7.28
1758,15,6,3,2007,5.809166666666667,10.23,4.61,7.2
1759,15,7,3,2007,4.894166666666666,8.36,4.79,6.82
1760,15,8,3,2007,3.955,9.13,5.04,7.0600000000000005
1761,15,9,3,2007,3.076666666666666,9.67,5.49,7.51
1762,15,10,3,2007,2.3358333333333334,9.29,5.08,7.0600000000000005
1763,15,11,3,2007,1.7866666666666668,8.700000000000001,4.66,6.55
1764,15,12,3,2007,1.295,8.47,5.09,6.78
1765,15,13,3,2007,1.5116666666666665,8.19,5.45,6.57
1766,15,14,3,2007,2.875833333333333,7.25,5.6000000000000005,6.71
1767,15,15,3,2007,4.308333333333333,6.73,5.22,6.23
1768,15,16,3,2007,6.028333333333333,6.13,4.8,5.68
1769,15,17,3,2007,7.590833333333335,6.25,4.87,5.78
1770,15,18,3,2007,8.865,6.62,5.11,6.1000000000000005
1771,15,19,3,2007,9.830833333333333,7.43,5.63,6.7700000000000005
1772,15,20,3,2007,10.369166666666667,7.92,5.99,7.22
1773,15,21,3,2007,10.611666666666666,7.53,5.62,6.8100000000000005
1774,15,22,3,2007,10.555833333333334,8.57,6.22,7.69
1775,15,23,3,2007,9.94,8.69,6.3,7.79
1776,16,0,3,2007,8.785833333333334,10.65,5.97,8.5
1777,16,1,3,2007,7.875833333333333,10.61,5.92,8.44
1778,16,2,3,2007,7.182500000000001,10.62,4.58,7.29
1779,16,3,3,2007,6.767499999999999,9.88,4.05,6.63
1780,16,4,3,2007,5.655000000000001,9.41,3.4,6.21
1781,16,5,3,2007,5.02,9.62,3.42,6.83
1782,16,6,3,2007,4.173333333333333,9.44,3.4,6.6400000000000015
1783,16,7,3,2007,3.5275000000000003,12.05,4.5600000000000005,8.02
1784,16,8,3,2007,2.2091666666666665,12.15,4.75,7.8
1785,16,9,3,2007,0.8733333333333334,10.63,4.2700000000000005,7.17
1786,16,10,3,2007,-0.13833333333333334,9.49,3.69,6.3
1787,16,11,3,2007,-1.1158333333333332,9.76,4.28,6.92
1788,16,12,3,2007,-1.6891666666666667,8.73,4.17,6.66
1789,16,13,3,2007,-1.4091666666666667,7.23,4.19,5.43
1790,16,14,3,2007,-0.6166666666666667,5.54,4.3,5.14
1791,16,15,3,2007,0.6216666666666667,5.04,3.96,4.7
1792,16,16,3,2007,2.1558333333333333,3.82,3.08,3.6
1793,16,17,3,2007,3.8266666666666667,2.84,2.29,2.66
1794,16,18,3,2007,5.258333333333334,2.5500000000000003,2.1,2.41
1795,16,19,3,2007,6.468333333333334,2.19,1.83,2.09
1796,16,20,3,2007,7.398333333333334,1.53,1.34,1.5
1797,16,21,3,2007,7.990833333333332,1.24,1.23,1.31
1798,16,22,3,2007,8.309166666666666,1.6,1.45,1.6
1799,16,23,3,2007,8.218333333333334,3.25,1.87,2.88
1800,17,0,3,2007,7.025833333333334,5.07,2.69,4.41
1801,17,1,3,2007,5.9483333333333315,6.33,3.06,5.5200000000000005
1802,17,2,3,2007,5.293333333333334,7.34,3.22,5.67
1803,17,3,3,2007,4.926666666666667,8.64,3.85,6.08
1804,17,4,3,2007,5.088333333333333,8.67,4.34,6.2700000000000005
1805,17,5,3,2007,5.0575,8.620000000000001,4.37,6.3
1806,17,6,3,2007,4.8516666666666675,8.8,4.72,6.51
1807,17,7,3,2007,4.6725,8.57,4.74,6.46
1808,17,8,3,2007,4.388333333333333,8.72,5.36,7.05
1809,17,9,3,2007,3.9525000000000006,8.92,5.68,7.36
1810,17,10,3,2007,3.559999999999999,9.34,6.03,7.78
1811,17,11,3,2007,3.3908333333333336,11.88,7.91,10.1
1812,17,12,3,2007,3.300833333333333,11.73,7.63,9.84
1813,17,13,3,2007,3.4758333333333327,10.78,6.97,8.94
1814,17,14,3,2007,4.034166666666667,8.620000000000001,6.38,7.77
1815,17,15,3,2007,4.925,8.55,6.53,7.86
1816,17,16,3,2007,6.073333333333333,8.52,6.5,7.83
1817,17,17,3,2007,7.109999999999999,8.02,6.15,7.36
1818,17,18,3,2007,7.975833333333335,7.34,5.67,6.75
1819,17,19,3,2007,8.422500000000001,7.54,5.91,7.0
1820,17,20,3,2007,8.844166666666666,7.07,5.5200000000000005,6.55
1821,17,21,3,2007,9.075000000000001,7.01,5.44,6.47
1822,17,22,3,2007,8.932499999999997,6.91,5.34,6.4
1823,17,23,3,2007,8.505833333333333,7.18,5.18,6.34
1824,18,0,3,2007,7.281666666666667,8.73,4.51,6.5
1825,18,1,3,2007,6.201666666666667,9.26,4.71,6.92
1826,18,2,3,2007,5.1383333333333345,9.34,4.2700000000000005,6.48
1827,18,3,3,2007,4.209166666666667,9.3,4.3100000000000005,6.51
1828,18,4,3,2007,3.178333333333333,8.98,4.08,6.19
1829,18,5,3,2007,2.3649999999999998,8.98,3.79,5.87
1830,18,6,3,2007,1.7716666666666672,9.23,3.83,5.97
1831,18,7,3,2007,1.3074999999999999,9.67,4.17,6.38
1832,18,8,3,2007,1.0200000000000002,9.88,4.5,6.74
1833,18,9,3,2007,0.7399999999999999,10.01,4.6000000000000005,6.8100000000000005
1834,18,10,3,2007,0.34249999999999997,9.2,4.86,6.82
1835,18,11,3,2007,0.335,9.17,5.5600000000000005,7.26
1836,18,12,3,2007,-0.024166666666666666,9.53,5.28,7.19
1837,18,13,3,2007,0.40416666666666673,9.24,5.94,7.68
1838,18,14,3,2007,1.7016666666666664,8.51,6.53,7.86
1839,18,15,3,2007,3.670833333333334,8.91,6.88,8.25
1840,18,16,3,2007,6.0424999999999995,9.05,6.83,8.25
1841,18,17,3,2007,8.360833333333334,9.8,7.4,8.94
1842,18,18,3,2007,10.495,9.86,7.36,8.94
1843,18,19,3,2007,12.3725,10.71,7.84,9.6
1844,18,20,3,2007,13.833333333333334,11.31,8.17,10.08
1845,18,21,3,2007,14.906666666666666,11.87,8.5,10.54
1846,18,22,3,2007,15.423333333333332,12.25,8.57,10.78
1847,18,23,3,2007,14.95833333333333,12.3,8.55,10.79
1848,19,0,3,2007,13.459999999999999,12.09,5.17,8.28
1849,19,1,3,2007,12.949166666666663,12.81,5.58,8.68
1850,19,2,3,2007,12.735,14.27,6.94,10.19
1851,19,3,3,2007,13.301666666666668,15.04,8.4,11.66
1852,19,4,3,2007,14.265,16.59,9.09,12.59
1853,19,5,3,2007,14.835833333333333,16.92,9.22,12.79
1854,19,6,3,2007,14.48916666666667,15.52,8.26,11.58
1855,19,7,3,2007,14.3375,15.16,8.39,11.53
1856,19,8,3,2007,14.380000000000003,15.29,8.52,11.66
1857,19,9,3,2007,14.084166666666663,14.4,8.42,11.33
1858,19,10,3,2007,13.711666666666666,13.4,7.8900000000000015,10.61
1859,19,11,3,2007,13.7325,10.38,6.07,8.19
1860,19,12,3,2007,12.04,11.37,6.23,8.68
1861,19,13,3,2007,10.329166666666667,10.82,6.51,8.46
1862,19,14,3,2007,10.839166666666666,9.85,7.25,8.88
1863,19,15,3,2007,10.995,10.14,7.59,9.24
1864,19,16,3,2007,11.036666666666667,10.25,7.68,9.33
1865,19,17,3,2007,11.251666666666665,9.93,7.5,9.08
1866,19,18,3,2007,11.262500000000001,9.32,7.08,8.55
1867,19,19,3,2007,12.135,8.88,6.73,8.11
1868,19,20,3,2007,13.163333333333334,8.65,6.55,7.9
1869,19,21,3,2007,13.86,8.290000000000001,6.23,7.54
1870,19,22,3,2007,13.884166666666665,8.22,6.1400000000000015,7.48
1871,19,23,3,2007,13.297500000000001,8.16,6.03,7.4
1872,20,0,3,2007,11.595833333333333,8.620000000000001,4.12,6.32
1873,20,1,3,2007,10.207500000000001,9.95,4.3500000000000005,7.31
1874,20,2,3,2007,9.0575,11.07,4.57,7.51
1875,20,3,3,2007,8.055833333333334,11.15,4.2700000000000005,7.58
1876,20,4,3,2007,7.0975,10.98,4.05,7.29
1877,20,5,3,2007,6.245833333333334,12.05,4.26,7.62
1878,20,6,3,2007,5.5,12.27,4.41,7.69
1879,20,7,3,2007,4.454166666666667,12.38,4.34,7.6
1880,20,8,3,2007,3.66,12.68,4.69,8.01
1881,20,9,3,2007,3.0875,12.74,4.98,8.06
1882,20,10,3,2007,2.7566666666666673,13.32,6.0600000000000005,9.65
1883,20,11,3,2007,3.0083333333333333,12.08,6.3100000000000005,9.22
1884,20,12,3,2007,2.38,11.51,6.01,8.22
1885,20,13,3,2007,2.8699999999999997,11.01,6.25,8.38
1886,20,14,3,2007,3.790833333333333,10.61,7.16,8.84
1887,20,15,3,2007,4.3525,10.37,6.98,8.64
1888,20,16,3,2007,5.397500000000001,9.12,6.93,8.36
1889,20,17,3,2007,6.071666666666668,8.72,6.5600000000000005,7.98
1890,20,18,3,2007,6.238333333333333,8.57,6.36,7.8
1891,20,19,3,2007,6.0225,7.7,5.7,6.98
1892,20,20,3,2007,6.4225,8.84,6.13,7.65
1893,20,21,3,2007,6.159166666666665,8.870000000000003,6.53,7.95
1894,20,22,3,2007,5.888333333333333,9.37,6.28,7.71
1895,20,23,3,2007,6.139166666666665,8.89,5.68,7.05
1896,21,0,3,2007,6.655833333333335,8.58,5.12,6.63
1897,21,1,3,2007,7.242500000000001,8.540000000000001,5.57,7.13
1898,21,2,3,2007,7.279166666666668,9.58,5.66,7.5
1899,21,3,3,2007,7.585000000000001,9.66,5.48,7.31
1900,21,4,3,2007,8.389166666666668,12.16,7.83,10.04
1901,21,5,3,2007,8.920833333333333,10.62,6.5200000000000005,8.6
1902,21,6,3,2007,9.909166666666668,9.58,4.54,6.65
1903,21,7,3,2007,11.67,10.84,5.75,8.17
1904,21,8,3,2007,13.393333333333333,15.02,8.65,11.83
1905,21,9,3,2007,14.305833333333334,14.18,8.63,11.4
1906,21,10,3,2007,14.361666666666665,13.74,8.35,11.17
1907,21,11,3,2007,14.372500000000002,14.38,8.68,11.69
1908,21,12,3,2007,14.507500000000002,14.23,8.120000000000001,11.17
1909,21,13,3,2007,14.78416666666667,14.0,8.74,11.45
1910,21,14,3,2007,16.430833333333336,14.15,9.54,11.98
1911,21,15,3,2007,17.93916666666667,13.59,9.72,12.12
1912,21,16,3,2007,18.333333333333332,13.17,9.44,11.73
1913,21,17,3,2007,18.859166666666667,13.42,9.36,11.84
1914,21,18,3,2007,19.69,15.36,10.73,13.56
1915,21,19,3,2007,20.271666666666665,15.57,10.95,13.79
1916,21,20,3,2007,20.39416666666667,16.52,11.6,14.62
1917,21,21,3,2007,21.105,16.12,11.25,14.23
1918,21,22,3,2007,20.975,15.6,10.75,13.6
1919,21,23,3,2007,20.48583333333333,13.25,8.32,10.85
1920,22,0,3,2007,19.49833333333333,11.29,5.64,8.4
1921,22,1,3,2007,18.18916666666667,13.16,6.54,9.41
1922,22,2,3,2007,17.993333333333336,14.08,7.36,10.46
1923,22,3,3,2007,17.740000000000002,13.64,6.96,10.0
1924,22,4,3,2007,17.419999999999998,12.43,5.87,8.700000000000001
1925,22,5,3,2007,16.137500000000003,8.56,4.8500000000000005,6.5600000000000005
1926,22,6,3,2007,14.659999999999998,9.71,6.3100000000000005,8.16
1927,22,7,3,2007,13.579166666666666,9.66,6.28,8.07
1928,22,8,3,2007,12.144999999999998,8.5,4.99,6.58
1929,22,9,3,2007,10.9625,9.49,3.67,6.38
1930,22,10,3,2007,10.354166666666666,10.27,5.2,7.61
1931,22,11,3,2007,9.8,10.4,5.25,7.68
1932,22,12,3,2007,8.795,9.78,5.38,7.48
1933,22,13,3,2007,9.287500000000001,9.08,5.34,6.54
1934,22,14,3,2007,10.586666666666668,7.56,5.68,6.84
1935,22,15,3,2007,11.471666666666666,7.26,5.59,6.69
1936,22,16,3,2007,11.696666666666665,7.04,5.28,6.44
1937,22,17,3,2007,12.372500000000002,6.63,5.0,6.05
1938,22,18,3,2007,12.19083333333333,6.46,4.84,5.9
1939,22,19,3,2007,11.750833333333333,8.73,6.5600000000000005,7.97
1940,22,20,3,2007,11.660000000000002,9.27,7.1400000000000015,8.61
1941,22,21,3,2007,11.945833333333335,9.61,7.36,8.88
1942,22,22,3,2007,12.586666666666666,5.26,4.25,5.0200000000000005
1943,22,23,3,2007,12.737500000000002,7.07,5.3500000000000005,6.42
1944,23,0,3,2007,12.237499999999999,7.42,4.46,5.94
1945,23,1,3,2007,11.854166666666666,8.56,4.13,5.61
1946,23,2,3,2007,11.318333333333333,8.540000000000001,3.06,5.29
1947,23,3,3,2007,11.583333333333334,9.52,3.9,6.22
1948,23,4,3,2007,13.806666666666667,10.84,4.97,7.45
1949,23,5,3,2007,14.445833333333335,11.71,5.95,8.74
1950,23,6,3,2007,14.680833333333334,10.81,5.66,8.36
1951,23,7,3,2007,13.799166666666665,8.31,1.93,4.2
1952,23,8,3,2007,14.296666666666665,8.57,2.35,4.93
1953,23,9,3,2007,14.1075,7.65,1.64,4.5600000000000005
1954,23,10,3,2007,13.981666666666667,7.27,1.43,4.03
1955,23,11,3,2007,13.7725,6.48,2.7,2.63
1956,23,12,3,2007,12.9375,3.34,2.92,2.69
1957,23,13,3,2007,12.607500000000002,2.6,0.95,1.65
1958,23,14,3,2007,12.978333333333332,3.42,0.49,1.45
1959,23,15,3,2007,15.081666666666665,4.61,2.69,3.2
1960,23,16,3,2007,16.921666666666667,4.0,3.12,3.71
1961,23,17,3,2007,18.03666666666667,4.47,3.44,4.11
1962,23,18,3,2007,19.179166666666664,4.75,3.75,4.44
1963,23,19,3,2007,19.8775,4.61,3.43,4.2
1964,23,20,3,2007,21.06333333333333,4.07,3.01,3.65
1965,23,21,3,2007,21.668333333333333,3.81,2.85,3.43
1966,23,22,3,2007,21.684166666666666,4.64,2.82,3.71
1967,23,23,3,2007,21.202499999999997,5.36,2.41,3.72
1968,24,0,3,2007,20.12833333333333,6.3,1.79,3.7
1969,24,1,3,2007,19.227499999999996,7.54,3.02,5.86
1970,24,2,3,2007,18.129166666666666,8.82,3.16,6.23
1971,24,3,3,2007,17.69,10.06,3.12,6.15
1972,24,4,3,2007,17.770000000000003,11.58,5.54,8.25
1973,24,5,3,2007,17.855833333333333,11.98,5.72,8.4
1974,24,6,3,2007,17.687500000000004,12.73,7.38,10.04
1975,24,7,3,2007,17.679166666666667,16.13,9.78,13.07
1976,24,8,3,2007,17.935,17.32,10.61,13.9
1977,24,9,3,2007,16.6475,12.07,7.13,9.62
1978,24,10,3,2007,15.875,5.83,2.8000000000000003,4.21
1979,24,11,3,2007,15.898333333333332,5.59,2.47,3.96
1980,24,12,3,2007,15.680833333333334,4.38,3.38,4.36
1981,24,13,3,2007,15.66666666666667,5.42,3.24,4.4
1982,24,14,3,2007,16.639166666666668,6.0200000000000005,4.08,4.96
1983,24,15,3,2007,18.21166666666667,7.88,5.74,7.03
1984,24,16,3,2007,19.659166666666668,8.870000000000003,6.5200000000000005,7.99
1985,24,17,3,2007,20.651666666666667,10.02,7.21,8.93
1986,24,18,3,2007,21.950833333333332,10.95,7.87,9.75
1987,24,19,3,2007,22.649999999999995,11.18,8.03,9.98
1988,24,20,3,2007,23.24,11.26,8.08,10.05
1989,24,21,3,2007,23.675833333333333,11.09,7.82,9.74
1990,24,22,3,2007,23.544166666666666,10.94,7.57,9.56
1991,24,23,3,2007,22.724166666666665,10.33,7.08,8.99
1992,25,0,3,2007,21.550833333333333,11.6,5.91,8.56
1993,25,1,3,2007,21.13333333333333,11.52,5.96,8.63
1994,25,2,3,2007,20.038333333333334,11.52,5.58,8.07
1995,25,3,3,2007,19.31416666666667,11.58,6.1400000000000015,8.67
1996,25,4,3,2007,18.30333333333333,12.38,5.11,8.19
1997,25,5,3,2007,17.480833333333333,12.54,5.16,8.33
1998,25,6,3,2007,16.955833333333334,13.24,5.89,9.13
1999,25,7,3,2007,16.235833333333336,12.8,6.03,9.07
2000,25,8,3,2007,16.45,14.33,7.0600000000000005,10.34
2001,25,9,3,2007,16.584166666666672,15.29,7.98,11.37
2002,25,10,3,2007,16.147499999999997,15.22,7.95,11.34
2003,25,11,3,2007,15.638333333333334,15.11,8.15,11.4
2004,25,12,3,2007,15.344166666666672,15.14,8.31,11.63
2005,25,13,3,2007,16.300833333333333,14.63,9.22,12.12
2006,25,14,3,2007,17.978333333333335,13.24,9.05,11.29
2007,25,15,3,2007,19.766666666666666,14.34,10.2,12.76
2008,25,16,3,2007,21.593333333333334,15.02,10.49,13.2
2009,25,17,3,2007,22.76,15.2,10.61,13.37
2010,25,18,3,2007,23.869999999999994,15.53,10.8,13.6
2011,25,19,3,2007,24.639166666666668,15.49,10.76,13.54
2012,25,20,3,2007,25.265,14.74,10.2,12.86
2013,25,21,3,2007,25.465,14.19,9.74,12.37
2014,25,22,3,2007,25.2175,14.3,9.72,12.43
2015,25,23,3,2007,24.179166666666664,13.11,8.040000000000001,10.7
2016,26,0,3,2007,22.113333333333333,12.58,4.76,8.33
2017,26,1,3,2007,21.281666666666666,13.86,6.1000000000000005,9.73
2018,26,2,3,2007,20.840833333333336,14.6,6.48,10.1
2019,26,3,3,2007,19.85,14.87,6.3,9.96
2020,26,4,3,2007,19.303333333333335,14.84,6.88,10.37
2021,26,5,3,2007,18.464999999999993,14.34,6.12,9.52
2022,26,6,3,2007,17.890833333333337,14.01,6.46,9.72
2023,26,7,3,2007,17.575,14.48,7.09,10.36
2024,26,8,3,2007,17.20583333333333,14.7,6.97,10.28
2025,26,9,3,2007,16.90083333333333,14.69,6.92,10.27
2026,26,10,3,2007,16.238333333333337,14.24,7.0600000000000005,10.28
2027,26,11,3,2007,16.078333333333333,14.92,7.54,10.88
2028,26,12,3,2007,15.820833333333338,14.74,7.78,10.82
2029,26,13,3,2007,16.794166666666666,14.01,8.040000000000001,10.58
2030,26,14,3,2007,17.916666666666668,11.57,7.6,9.48
2031,26,15,3,2007,19.45416666666667,9.57,7.08,8.65
2032,26,16,3,2007,21.129166666666663,9.14,6.69,8.21
2033,26,17,3,2007,22.479166666666668,9.3,6.8100000000000005,8.35
2034,26,18,3,2007,23.496666666666666,8.96,6.54,8.02
2035,26,19,3,2007,24.231666666666666,8.92,6.47,7.95
2036,26,20,3,2007,24.743333333333336,9.45,6.8100000000000005,8.39
2037,26,21,3,2007,24.73333333333333,9.53,6.92,8.56
2038,26,22,3,2007,23.88666666666667,10.1,7.17,8.9
2039,26,23,3,2007,19.491666666666667,14.57,10.11,12.78
2040,27,0,3,2007,17.958333333333332,13.47,8.14,10.79
2041,27,1,3,2007,18.531666666666666,12.15,7.9,10.28
2042,27,2,3,2007,18.266666666666666,10.55,6.65,8.74
2043,27,3,3,2007,17.78666666666667,9.59,5.94,7.88
2044,27,4,3,2007,17.34416666666667,9.29,5.97,7.81
2045,27,5,3,2007,17.0825,9.31,5.96,7.82
2046,27,6,3,2007,16.754166666666666,8.25,5.24,6.8900000000000015
2047,27,7,3,2007,16.46916666666667,8.41,5.01,6.73
2048,27,8,3,2007,16.149166666666666,8.32,5.04,6.76
2049,27,9,3,2007,15.886666666666668,7.0,4.17,5.67
2050,27,10,3,2007,15.5625,2.99,1.29,1.86
2051,27,11,3,2007,15.116666666666665,1.1,1.32,1.48
2052,27,12,3,2007,14.953333333333333,1.91,1.6,2.38
2053,27,13,3,2007,14.904166666666667,3.98,2.81,3.61
2054,27,14,3,2007,15.118333333333334,4.29,3.31,3.96
2055,27,15,3,2007,16.335,5.28,4.05,4.86
2056,27,16,3,2007,18.305,5.39,4.14,4.95
2057,27,17,3,2007,19.580833333333334,5.18,4.0200000000000005,4.78
2058,27,18,3,2007,20.616666666666667,6.07,4.67,5.58
2059,27,19,3,2007,21.459999999999997,6.16,4.67,5.63
2060,27,20,3,2007,22.118333333333336,6.46,4.87,5.9
2061,27,21,3,2007,21.95583333333333,9.03,6.78,8.31
2062,27,22,3,2007,20.141666666666666,10.74,8.290000000000001,10.03
2063,27,23,3,2007,18.23333333333333,9.99,7.09,8.84
2064,28,0,3,2007,16.170833333333334,10.13,6.21,7.85
2065,28,1,3,2007,16.570833333333333,10.18,5.37,7.74
2066,28,2,3,2007,16.58666666666667,8.370000000000001,4.22,6.24
2067,28,3,3,2007,15.623333333333335,6.45,2.5,4.44
2068,28,4,3,2007,15.156666666666666,7.17,2.36,4.51
2069,28,5,3,2007,14.520833333333336,8.24,2.77,5.0600000000000005
2070,28,6,3,2007,14.174999999999999,7.72,2.88,4.86
2071,28,7,3,2007,14.425833333333332,7.94,3.28,5.18
2072,28,8,3,2007,14.519166666666665,7.71,3.47,5.34
2073,28,9,3,2007,14.250833333333333,8.02,3.51,5.22
2074,28,10,3,2007,14.260833333333332,6.32,3.98,5.25
2075,28,11,3,2007,14.195833333333333,7.04,4.45,5.9
2076,28,12,3,2007,14.04166666666667,6.96,4.3500000000000005,5.8100000000000005
2077,28,13,3,2007,14.201666666666666,6.7,3.96,5.28
2078,28,14,3,2007,14.659999999999998,5.87,4.3,5.26
2079,28,15,3,2007,15.185833333333335,6.09,4.71,5.65
2080,28,16,3,2007,16.573333333333334,6.73,5.25,6.26
2081,28,17,3,2007,17.991666666666667,7.83,6.03,7.24
2082,28,18,3,2007,18.996666666666666,7.9,5.99,7.19
2083,28,19,3,2007,20.31916666666667,8.73,6.45,7.88
2084,28,20,3,2007,21.396666666666665,8.84,6.51,7.95
2085,28,21,3,2007,22.13333333333333,9.46,6.84,8.46
2086,28,22,3,2007,22.22666666666667,10.31,7.35,9.21
2087,28,23,3,2007,21.864166666666666,10.1,7.2,8.950000000000003
2088,29,0,3,2007,20.709166666666665,11.27,5.26,7.77
2089,29,1,3,2007,19.898333333333333,11.46,4.92,7.9300000000000015
2090,29,2,3,2007,19.74416666666667,12.28,5.76,8.75
2091,29,3,3,2007,19.175833333333333,12.25,5.93,8.83
2092,29,4,3,2007,18.186666666666667,11.26,5.2700000000000005,8.08
2093,29,5,3,2007,18.459166666666665,10.46,5.82,8.1
2094,29,6,3,2007,18.378333333333334,10.64,5.04,7.56
2095,29,7,3,2007,18.078333333333333,10.17,4.1,6.75
2096,29,8,3,2007,17.150833333333335,10.22,4.03,6.79
2097,29,9,3,2007,16.820833333333333,10.56,4.5,7.25
2098,29,10,3,2007,16.705000000000002,10.28,4.67,7.28
2099,29,11,3,2007,15.985000000000001,9.83,3.74,6.3900000000000015
2100,29,12,3,2007,15.949166666666665,10.42,4.11,6.93
2101,29,13,3,2007,16.645,9.05,5.4,7.36
2102,29,14,3,2007,17.583333333333332,9.03,6.4,7.9300000000000015
2103,29,15,3,2007,19.689999999999998,9.87,7.24,8.9
2104,29,16,3,2007,20.017500000000002,11.98,8.78,10.87
2105,29,17,3,2007,21.05,10.11,7.23,8.99
2106,29,18,3,2007,20.77583333333333,10.93,7.77,9.83
2107,29,19,3,2007,22.275833333333335,10.97,7.95,9.82
2108,29,20,3,2007,22.9225,11.39,7.73,10.0
2109,29,21,3,2007,22.590833333333332,12.01,8.69,10.86
2110,29,22,3,2007,23.199166666666667,10.53,7.6,9.41
2111,29,23,3,2007,21.887500000000003,12.48,8.69,11.15
2112,30,0,3,2007,19.666666666666668,12.45,6.61,9.61
2113,30,1,3,2007,18.822499999999998,13.45,9.42,11.98
2114,30,2,3,2007,17.635833333333334,8.31,6.07,7.56
2115,30,3,3,2007,16.435833333333335,10.2,6.49,8.43
2116,30,4,3,2007,16.150833333333335,5.49,2.8000000000000003,3.81
2117,30,5,3,2007,16.006666666666664,2.9,2.09,2.62
2118,30,6,3,2007,16.0275,4.18,2.48,3.33
2119,30,7,3,2007,15.804166666666665,5.79,3.63,4.7700000000000005
2120,30,8,3,2007,15.6775,7.34,4.64,6.0600000000000005
2121,30,9,3,2007,15.701666666666668,7.58,4.42,6.0200000000000005
2122,30,10,3,2007,15.661666666666669,7.68,4.5600000000000005,6.19
2123,30,11,3,2007,15.76833333333333,7.8900000000000015,4.72,6.3500000000000005
2124,30,12,3,2007,15.719166666666666,7.0200000000000005,3.27,4.68
2125,30,13,3,2007,15.7675,6.49,3.5700000000000003,4.49
2126,30,14,3,2007,16.048333333333336,4.97,3.65,4.43
2127,30,15,3,2007,16.415000000000003,3.88,3.01,3.58
2128,30,16,3,2007,17.168333333333333,2.77,2.33,2.67
2129,30,17,3,2007,17.70916666666667,2.4,1.99,2.33
2130,30,18,3,2007,18.695,1.07,1.07,1.14
2131,30,19,3,2007,19.175833333333333,1.53,1.39,1.53
2132,30,20,3,2007,19.74666666666667,3.01,2.81,3.1
2133,30,21,3,2007,19.590833333333332,4.88,4.18,4.8100000000000005
2134,30,22,3,2007,19.153333333333332,4.47,3.69,4.34
2135,30,23,3,2007,19.05,3.9,2.52,3.46
2136,31,0,3,2007,18.515833333333333,5.7,3.46,4.76
2137,31,1,3,2007,16.893333333333334,7.22,5.08,6.49
2138,31,2,3,2007,16.405833333333334,8.84,5.4,7.19
2139,31,3,3,2007,16.504166666666666,13.59,8.78,11.4
2140,31,4,3,2007,16.355833333333333,12.83,7.61,10.33
2141,31,5,3,2007,15.246666666666664,12.32,7.81,10.29
2142,31,6,3,2007,14.755,9.64,6.2700000000000005,8.120000000000001
2143,31,7,3,2007,14.485,5.92,3.64,4.59
2144,31,8,3,2007,14.831666666666665,11.36,6.8500000000000005,9.17
2145,31,9,3,2007,15.871666666666664,13.09,8.0,10.7
2146,31,10,3,2007,15.4375,15.62,9.57,12.81
2147,31,11,3,2007,14.774166666666668,12.82,7.8,10.5
2148,31,12,3,2007,14.653333333333334,11.95,7.67,10.12
2149,31,13,3,2007,14.601666666666667,11.77,7.4,9.8
2150,31,14,3,2007,15.127500000000003,11.77,7.72,9.98
2151,31,15,3,2007,16.007499999999997,12.51,8.66,10.95
2152,31,16,3,2007,15.075833333333335,14.99,10.64,13.35
2153,31,17,3,2007,13.885,15.02,10.5,13.36
2154,31,18,3,2007,12.093333333333334,15.51,11.01,13.76
2155,31,19,3,2007,10.6725,14.73,10.53,13.16
2156,31,20,3,2007,9.64,13.65,9.65,12.12
2157,31,21,3,2007,8.960833333333332,13.34,9.41,11.82
2158,31,22,3,2007,9.0875,14.35,10.05,12.65
2159,31,23,3,2007,9.624166666666666,13.73,9.52,12.02
2160,1,0,4,2007,9.698333333333334,11.28,7.3,9.49
2161,1,1,4,2007,9.105833333333333,9.34,4.75,6.94
2162,1,2,4,2007,8.966666666666669,9.91,4.62,7.18
2163,1,3,4,2007,9.085833333333333,10.74,5.12,7.84
2164,1,4,4,2007,8.884166666666665,11.04,5.3500000000000005,8.11
2165,1,5,4,2007,8.242500000000001,11.41,5.14,8.0
2166,1,6,4,2007,8.010833333333332,13.02,5.87,8.98
2167,1,7,4,2007,7.781666666666667,13.76,6.5200000000000005,9.72
2168,1,8,4,2007,7.715833333333332,13.72,6.51,9.72
2169,1,9,4,2007,6.7925,12.78,5.62,8.71
2170,1,10,4,2007,6.5325,14.23,7.44,10.55
2171,1,11,4,2007,6.656666666666667,14.26,7.55,10.7
2172,1,12,4,2007,6.53,14.61,8.55,11.53
2173,1,13,4,2007,7.536666666666668,14.32,8.870000000000003,11.69
2174,1,14,4,2007,8.7875,12.74,8.83,11.11
2175,1,15,4,2007,10.205,11.82,8.41,10.46
2176,1,16,4,2007,11.849166666666667,11.35,8.13,10.05
2177,1,17,4,2007,13.5025,11.07,7.9300000000000015,9.77
2178,1,18,4,2007,15.082499999999998,10.91,7.79,9.63
2179,1,19,4,2007,16.541666666666668,10.91,7.8,9.62
2180,1,20,4,2007,17.6825,10.97,7.94,9.79
2181,1,21,4,2007,18.349166666666665,10.47,7.71,9.48
2182,1,22,4,2007,18.658333333333335,9.38,6.9,8.49
2183,1,23,4,2007,18.383333333333333,7.17,4.8,6.09
2184,2,0,4,2007,16.6925,6.41,2.38,4.55
2185,2,1,4,2007,15.754166666666665,6.07,2.52,4.58
2186,2,2,4,2007,15.269999999999998,6.8900000000000015,3.35,5.6000000000000005
2187,2,3,4,2007,14.985833333333337,8.19,4.01,6.93
2188,2,4,4,2007,15.401666666666666,9.02,4.47,7.79
2189,2,5,4,2007,14.92583333333333,11.76,4.99,8.64
2190,2,6,4,2007,14.286666666666664,13.61,5.19,9.31
2191,2,7,4,2007,13.868333333333334,13.54,5.69,9.47
2192,2,8,4,2007,13.615,13.84,5.99,9.81
2193,2,9,4,2007,13.837499999999999,13.56,6.0200000000000005,9.64
2194,2,10,4,2007,11.984999999999998,12.42,5.34,9.08
2195,2,11,4,2007,9.939166666666667,2.32,2.23,3.16
2196,2,12,4,2007,9.786666666666667,1.93,1.06,2.42
2197,2,13,4,2007,11.689166666666667,2.68,1.94,2.23
2198,2,14,4,2007,13.983333333333333,3.47,2.61,2.98
2199,2,15,4,2007,16.1775,3.13,2.69,3.0700000000000003
2200,2,16,4,2007,18.005000000000003,4.19,3.38,3.94
2201,2,17,4,2007,19.964166666666667,5.48,4.2,5.01
2202,2,18,4,2007,22.16916666666667,7.03,5.23,6.34
2203,2,19,4,2007,23.77416666666667,8.43,6.13,7.52
2204,2,20,4,2007,25.092499999999998,9.48,6.78,8.39
2205,2,21,4,2007,25.730833333333337,9.95,7.08,8.81
2206,2,22,4,2007,26.00333333333333,11.31,7.78,9.92
2207,2,23,4,2007,25.353333333333328,9.79,6.3100000000000005,8.13
2208,3,0,4,2007,23.05666666666667,10.89,4.47,7.78
2209,3,1,4,2007,21.544999999999998,12.1,4.73,7.98
2210,3,2,4,2007,21.352500000000003,14.01,5.76,9.27
2211,3,3,4,2007,20.71333333333333,13.61,5.3,8.77
2212,3,4,4,2007,19.875833333333333,13.9,5.5,9.16
2213,3,5,4,2007,18.830000000000002,13.69,5.44,9.04
2214,3,6,4,2007,17.955,13.03,5.09,8.370000000000001
2215,3,7,4,2007,17.5625,11.92,3.96,7.21
2216,3,8,4,2007,17.004166666666666,7.54,4.08,5.7700000000000005
2217,3,9,4,2007,17.00166666666667,9.66,6.07,8.0
2218,3,10,4,2007,14.660833333333331,8.8,4.8,6.69
2219,3,11,4,2007,14.051666666666664,8.290000000000001,5.03,6.7700000000000005
2220,3,12,4,2007,12.537500000000001,11.31,7.21,9.38
2221,3,13,4,2007,12.50666666666667,11.37,7.28,9.42
2222,3,14,4,2007,13.584166666666663,14.16,10.01,12.52
2223,3,15,4,2007,13.346666666666666,15.59,11.29,13.98
2224,3,16,4,2007,11.37,15.91,11.56,14.28
2225,3,17,4,2007,10.79,15.42,11.16,13.79
2226,3,18,4,2007,10.154166666666667,15.36,11.11,13.72
2227,3,19,4,2007,10.186666666666667,13.56,9.77,12.06
2228,3,20,4,2007,10.222500000000002,14.21,10.15,12.61
2229,3,21,4,2007,10.016666666666666,14.29,10.16,12.61
2230,3,22,4,2007,9.4275,13.93,9.84,12.22
2231,3,23,4,2007,8.301666666666666,14.26,9.99,12.5
2232,4,0,4,2007,6.8725,13.13,8.99,11.37
2233,4,1,4,2007,5.4675,13.1,7.67,10.33
2234,4,2,4,2007,4.405833333333334,13.2,7.79,10.45
2235,4,3,4,2007,3.3433333333333324,14.79,8.98,11.92
2236,4,4,4,2007,2.4391666666666665,13.48,8.2,10.9
2237,4,5,4,2007,1.4166666666666667,14.0,8.21,11.04
2238,4,6,4,2007,0.09249999999999996,13.99,8.33,11.15
2239,4,7,4,2007,-0.9983333333333332,11.97,6.8100000000000005,9.24
2240,4,8,4,2007,-2.159166666666667,12.76,7.69,10.22
2241,4,9,4,2007,-2.72,12.27,7.56,9.91
2242,4,10,4,2007,-3.2349999999999994,12.64,7.86,10.31
2243,4,11,4,2007,-3.5208333333333326,12.27,7.72,10.06
2244,4,12,4,2007,-3.5766666666666667,10.69,7.27,9.12
2245,4,13,4,2007,-3.1750000000000003,11.55,8.19,10.23
2246,4,14,4,2007,-2.2375,11.4,8.14,10.1
2247,4,15,4,2007,-1.0241666666666667,9.89,7.21,8.85
2248,4,16,4,2007,0.2025,10.25,7.52,9.22
2249,4,17,4,2007,1.553333333333333,10.21,7.49,9.18
2250,4,18,4,2007,2.6958333333333333,10.71,7.84,9.6
2251,4,19,4,2007,3.7283333333333335,10.08,7.37,9.0
2252,4,20,4,2007,4.4316666666666675,9.74,7.11,8.700000000000001
2253,4,21,4,2007,4.8549999999999995,9.52,6.91,8.5
2254,4,22,4,2007,4.9558333333333335,8.94,6.47,7.96
2255,4,23,4,2007,4.364166666666666,9.65,6.91,8.59
2256,5,0,4,2007,3.0266666666666673,10.55,5.83,7.41
2257,5,1,4,2007,1.9624999999999997,11.08,5.75,8.55
2258,5,2,4,2007,0.7908333333333332,10.99,4.01,6.75
2259,5,3,4,2007,-0.3558333333333334,11.15,3.9,6.95
2260,5,4,4,2007,-1.12,11.4,4.39,7.42
2261,5,5,4,2007,-1.9916666666666665,11.2,5.38,7.9
2262,5,6,4,2007,-2.494166666666666,11.46,6.5200000000000005,8.99
2263,5,7,4,2007,-2.965833333333333,9.66,5.53,7.55
2264,5,8,4,2007,-3.4908333333333332,10.54,6.72,8.82
2265,5,9,4,2007,-3.8575000000000004,7.75,5.05,6.5200000000000005
2266,5,10,4,2007,-4.2575,7.9300000000000015,5.08,6.58
2267,5,11,4,2007,-4.4799999999999995,6.8,4.37,5.63
2268,5,12,4,2007,-4.689166666666668,6.7,4.61,5.66
2269,5,13,4,2007,-4.294166666666667,6.3100000000000005,4.69,5.67
2270,5,14,4,2007,-3.2991666666666664,6.3,4.78,5.7700000000000005
2271,5,15,4,2007,-1.9275000000000002,6.24,4.79,5.73
2272,5,16,4,2007,-0.39000000000000007,6.25,4.78,5.72
2273,5,17,4,2007,1.1158333333333332,5.94,4.5200000000000005,5.41
2274,5,18,4,2007,2.4025000000000003,5.46,4.22,5.0200000000000005
2275,5,19,4,2007,3.3966666666666665,5.84,4.48,5.3500000000000005
2276,5,20,4,2007,4.168333333333334,6.22,4.71,5.66
2277,5,21,4,2007,4.620833333333334,6.9,5.17,6.2700000000000005
2278,5,22,4,2007,4.5975,7.21,5.25,6.49
2279,5,23,4,2007,4.150833333333334,7.3900000000000015,5.34,6.63
2280,6,0,4,2007,3.628333333333334,7.19,5.05,6.36
2281,6,1,4,2007,3.0808333333333326,7.01,3.96,5.5200000000000005
2282,6,2,4,2007,2.4166666666666665,7.84,4.08,5.78
2283,6,3,4,2007,1.6158333333333335,8.23,5.2,6.79
2284,6,4,4,2007,1.0316666666666665,8.040000000000001,5.16,6.72
2285,6,5,4,2007,0.4558333333333335,7.92,5.09,6.61
2286,6,6,4,2007,-0.08750000000000001,7.67,4.97,6.41
2287,6,7,4,2007,-0.4033333333333334,8.91,6.08,7.73
2288,6,8,4,2007,-1.0266666666666666,11.46,7.9,9.99
2289,6,9,4,2007,-2.0841666666666665,11.61,8.05,10.17
2290,6,10,4,2007,-2.7258333333333336,10.1,7.05,8.88
2291,6,11,4,2007,-3.4949999999999997,11.13,7.42,9.32
2292,6,12,4,2007,-4.735,12.64,8.700000000000001,11.0
2293,6,13,4,2007,-5.074166666666667,13.47,9.41,11.81
2294,6,14,4,2007,-4.570833333333334,12.49,8.9,11.1
2295,6,15,4,2007,-3.625833333333334,12.53,8.92,11.1
2296,6,16,4,2007,-2.4675000000000002,13.75,9.87,12.27
2297,6,17,4,2007,-1.67,14.38,10.3,12.83
2298,6,18,4,2007,-0.9966666666666665,14.46,10.37,12.94
2299,6,19,4,2007,-0.405,14.36,10.29,12.85
2300,6,20,4,2007,-0.009166666666666668,14.59,10.34,13.03
2301,6,21,4,2007,0.24999999999999997,14.36,10.17,12.79
2302,6,22,4,2007,0.20749999999999993,14.17,9.95,12.54
2303,6,23,4,2007,-0.1975,14.18,9.96,12.56
2304,7,0,4,2007,-1.1966666666666665,13.03,8.94,11.34
2305,7,1,4,2007,-2.3433333333333333,11.5,5.65,8.33
2306,7,2,4,2007,-3.1333333333333333,12.02,5.76,8.43
2307,7,3,4,2007,-3.874166666666667,12.18,6.28,8.88
2308,7,4,4,2007,-4.589166666666666,12.04,6.91,9.36
2309,7,5,4,2007,-5.2316666666666665,11.37,6.55,8.85
2310,7,6,4,2007,-6.019166666666668,13.8,8.88,11.55
2311,7,7,4,2007,-6.6116666666666655,14.03,8.870000000000003,11.5
2312,7,8,4,2007,-7.0675,12.12,7.61,9.92
2313,7,9,4,2007,-7.384166666666666,11.72,7.07,9.37
2314,7,10,4,2007,-7.752499999999999,11.69,6.91,9.59
2315,7,11,4,2007,-7.978333333333334,10.29,6.51,8.44
2316,7,12,4,2007,-7.969166666666666,11.29,7.6,9.66
2317,7,13,4,2007,-7.3775,11.46,8.08,10.11
2318,7,14,4,2007,-6.420000000000001,11.43,8.26,10.23
2319,7,15,4,2007,-5.1866666666666665,11.52,8.32,10.31
2320,7,16,4,2007,-3.8241666666666663,10.48,7.62,9.39
2321,7,17,4,2007,-2.4841666666666664,10.48,7.62,9.4
2322,7,18,4,2007,-1.2708333333333333,10.15,7.3900000000000015,9.08
2323,7,19,4,2007,-0.27499999999999997,10.03,7.3,8.99
2324,7,20,4,2007,0.44416666666666665,9.92,7.21,8.88
2325,7,21,4,2007,0.8925000000000001,9.17,6.63,8.19
2326,7,22,4,2007,0.9633333333333334,9.31,6.72,8.31
2327,7,23,4,2007,0.6566666666666666,8.46,6.0,7.48
2328,8,0,4,2007,-1.1208333333333333,9.71,4.65,7.77
2329,8,1,4,2007,-2.7375000000000003,9.6,3.82,7.31
2330,8,2,4,2007,-3.2725000000000004,10.69,3.83,7.28
2331,8,3,4,2007,-4.205,9.73,3.78,7.22
2332,8,4,4,2007,-4.640000000000001,9.29,3.71,7.0
2333,8,5,4,2007,-4.959166666666667,9.68,3.78,6.92
2334,8,6,4,2007,-5.239166666666667,9.35,3.83,6.91
2335,8,7,4,2007,-5.648333333333333,9.14,3.65,6.76
2336,8,8,4,2007,-6.180833333333335,8.96,3.46,6.66
2337,8,9,4,2007,-6.644166666666668,8.97,3.33,6.66
2338,8,10,4,2007,-6.840833333333332,8.75,3.68,6.46
2339,8,11,4,2007,-7.0025,8.43,3.7,6.45
2340,8,12,4,2007,-6.910833333333333,8.28,3.89,6.37
2341,8,13,4,2007,-5.698333333333333,6.29,4.48,5.43
2342,8,14,4,2007,-4.279166666666668,5.86,4.42,5.33
2343,8,15,4,2007,-2.723333333333333,5.8100000000000005,4.37,5.28
2344,8,16,4,2007,-1.1674999999999998,5.92,4.46,5.37
2345,8,17,4,2007,0.225,6.13,4.64,5.58
2346,8,18,4,2007,1.3108333333333333,6.03,4.57,5.48
2347,8,19,4,2007,2.3216666666666668,5.64,4.29,5.13
2348,8,20,4,2007,2.9908333333333332,5.47,4.17,4.98
2349,8,21,4,2007,3.481666666666667,5.29,4.03,4.83
2350,8,22,4,2007,3.689166666666667,5.12,3.88,4.65
2351,8,23,4,2007,3.5425000000000004,4.38,3.3000000000000003,3.98
2352,9,0,4,2007,2.026666666666667,3.7,2.08,3.08
2353,9,1,4,2007,0.5850000000000001,2.96,0.98,2.31
2354,9,2,4,2007,0.07666666666666666,2.76,0.5,1.63
2355,9,3,4,2007,-0.22916666666666666,2.49,0.37,1.41
2356,9,4,4,2007,-0.1658333333333333,1.84,0.28,0.76
2357,9,5,4,2007,0.08583333333333333,0.99,0.5,0.86
2358,9,6,4,2007,-0.25,0.6,0.42,0.64
2359,9,7,4,2007,-0.4666666666666666,0.64,0.81,0.85
2360,9,8,4,2007,-0.6683333333333333,0.81,0.66,0.8200000000000001
2361,9,9,4,2007,-0.5766666666666667,1.7,1.27,1.99
2362,9,10,4,2007,-0.5908333333333332,2.18,1.28,2.07
2363,9,11,4,2007,-0.455,3.0700000000000003,1.41,2.57
2364,9,12,4,2007,-0.14166666666666664,3.54,1.53,2.51
2365,9,13,4,2007,1.6875,3.8,2.7,3.18
2366,9,14,4,2007,2.97,3.43,2.58,3.0700000000000003
2367,9,15,4,2007,3.7191666666666667,3.5,2.68,3.2
2368,9,16,4,2007,4.449166666666668,3.85,2.99,3.54
2369,9,17,4,2007,5.474166666666666,4.38,3.33,3.97
2370,9,18,4,2007,6.409166666666667,4.4,3.37,4.01
2371,9,19,4,2007,7.3516666666666675,4.17,3.21,3.81
2372,9,20,4,2007,8.1275,5.41,4.23,5.04
2373,9,21,4,2007,8.571666666666667,5.55,4.5,5.3
2374,9,22,4,2007,9.255833333333333,5.26,4.1,4.88
2375,9,23,4,2007,9.437499999999998,6.25,4.53,5.55
2376,10,0,4,2007,8.293333333333333,8.19,4.29,6.28
2377,10,1,4,2007,6.269166666666667,9.16,3.99,6.3900000000000015
2378,10,2,4,2007,5.6275,10.27,4.12,7.05
2379,10,3,4,2007,4.780833333333334,10.69,3.95,6.88
2380,10,4,4,2007,4.2749999999999995,11.62,4.08,7.42
2381,10,5,4,2007,3.9358333333333335,12.03,4.14,7.58
2382,10,6,4,2007,3.627500000000001,12.33,4.57,7.8900000000000015
2383,10,7,4,2007,3.0866666666666664,12.18,4.51,7.8900000000000015
2384,10,8,4,2007,3.1133333333333337,12.45,5.46,8.26
2385,10,9,4,2007,3.8991666666666664,12.27,6.25,8.84
2386,10,10,4,2007,3.7616666666666667,11.46,5.91,8.26
2387,10,11,4,2007,3.445833333333333,11.07,6.13,8.4
2388,10,12,4,2007,3.39,11.3,6.3500000000000005,8.620000000000001
2389,10,13,4,2007,4.048333333333333,9.48,5.37,7.22
2390,10,14,4,2007,5.458333333333335,7.36,5.38,6.47
2391,10,15,4,2007,5.895,7.18,5.44,6.6000000000000005
2392,10,16,4,2007,5.344166666666667,8.56,6.34,7.74
2393,10,17,4,2007,5.2925,9.66,7.03,8.69
2394,10,18,4,2007,5.858333333333333,10.07,7.37,9.05
2395,10,19,4,2007,6.1825,9.42,6.91,8.48
2396,10,20,4,2007,6.861666666666667,10.18,7.32,9.09
2397,10,21,4,2007,6.765000000000001,9.2,6.51,8.120000000000001
2398,10,22,4,2007,6.638333333333333,7.87,5.53,6.91
2399,10,23,4,2007,6.227499999999999,7.73,4.9,6.37
2400,11,0,4,2007,5.976666666666667,9.27,6.12,7.9
2401,11,1,4,2007,5.5425,8.84,5.78,7.43
2402,11,2,4,2007,5.509166666666668,7.71,4.89,6.3500000000000005
2403,11,3,4,2007,5.3625,5.55,2.92,3.85
2404,11,4,4,2007,5.318333333333333,4.8100000000000005,2.54,3.59
2405,11,5,4,2007,5.324166666666668,4.46,2.41,3.45
2406,11,6,4,2007,5.3775,1.19,0.27,0.46
2407,11,7,4,2007,5.345833333333334,1.15,1.11,1.2
2408,11,8,4,2007,5.3525,2.37,1.48,1.87
2409,11,9,4,2007,5.335833333333333,4.68,2.47,3.5700000000000003
2410,11,10,4,2007,5.310833333333334,6.0600000000000005,3.68,4.96
2411,11,11,4,2007,5.385000000000002,8.0,5.11,6.72
2412,11,12,4,2007,4.880000000000002,7.77,5.01,6.4
2413,11,13,4,2007,4.204166666666667,7.98,5.62,7.05
2414,11,14,4,2007,3.9975,9.7,7.1000000000000005,8.77
2415,11,15,4,2007,4.819166666666667,10.03,7.21,8.96
2416,11,16,4,2007,5.79,10.79,7.73,9.64
2417,11,17,4,2007,6.651666666666667,12.02,8.620000000000001,10.72
2418,11,18,4,2007,7.201666666666667,11.92,8.540000000000001,10.6
2419,11,19,4,2007,7.819166666666667,13.02,9.22,11.53
2420,11,20,4,2007,8.069166666666668,14.58,10.31,13.0
2421,11,21,4,2007,7.971666666666668,14.8,10.79,13.38
2422,11,22,4,2007,7.420833333333332,13.87,9.94,12.39
2423,11,23,4,2007,6.815833333333333,14.78,10.5,13.23
2424,12,0,4,2007,5.485,13.19,8.72,11.17
2425,12,1,4,2007,4.488333333333333,11.49,6.5200000000000005,9.08
2426,12,2,4,2007,3.8425,11.36,6.38,8.870000000000003
2427,12,3,4,2007,2.9483333333333337,11.74,7.1400000000000015,9.67
2428,12,4,4,2007,1.9016666666666666,11.0,6.88,9.25
2429,12,5,4,2007,1.1366666666666665,10.76,5.84,8.34
2430,12,6,4,2007,0.4799999999999999,10.05,4.75,7.23
2431,12,7,4,2007,0.21750000000000003,10.35,5.13,7.6
2432,12,8,4,2007,0.13666666666666671,10.44,5.41,7.82
2433,12,9,4,2007,-0.06833333333333333,10.34,5.49,7.84
2434,12,10,4,2007,-0.26416666666666666,10.2,5.1000000000000005,7.44
2435,12,11,4,2007,-0.3875,9.69,4.46,6.76
2436,12,12,4,2007,-0.05666666666666665,9.38,4.67,6.71
2437,12,13,4,2007,1.1075,7.18,5.0200000000000005,6.18
2438,12,14,4,2007,2.408333333333333,6.88,5.08,6.19
2439,12,15,4,2007,3.6508333333333343,6.88,5.1000000000000005,6.19
2440,12,16,4,2007,4.850833333333333,6.7,4.96,6.0200000000000005
2441,12,17,4,2007,5.902500000000001,6.23,4.67,5.63
2442,12,18,4,2007,6.8625,5.7,4.3,5.16
2443,12,19,4,2007,7.754166666666666,5.34,4.0600000000000005,4.8500000000000005
2444,12,20,4,2007,8.396666666666667,4.32,3.3200000000000003,3.93
2445,12,21,4,2007,8.81,3.54,2.82,3.3000000000000003
2446,12,22,4,2007,9.0775,3.18,2.51,2.94
2447,12,23,4,2007,8.965,3.02,2.37,2.8000000000000003
2448,13,0,4,2007,7.895833333333333,4.26,2.28,3.88
2449,13,1,4,2007,6.711666666666667,4.3100000000000005,2.09,4.05
2450,13,2,4,2007,5.785833333333334,5.3500000000000005,1.83,3.76
2451,13,3,4,2007,5.644166666666667,5.01,0.9,3.04
2452,13,4,4,2007,5.654166666666666,4.91,0.93,3.18
2453,13,5,4,2007,5.650833333333332,5.17,1.52,4.0200000000000005
2454,13,6,4,2007,5.598333333333334,5.39,1.97,4.3
2455,13,7,4,2007,5.425833333333333,5.46,1.96,4.16
2456,13,8,4,2007,5.014166666666666,6.04,1.56,3.95
2457,13,9,4,2007,4.780833333333334,5.97,1.98,3.83
2458,13,10,4,2007,4.365833333333334,5.92,2.56,3.92
2459,13,11,4,2007,4.246666666666667,5.88,2.21,3.6
2460,13,12,4,2007,4.305,5.64,2.44,3.45
2461,13,13,4,2007,4.554166666666666,4.33,3.27,3.95
2462,13,14,4,2007,4.9,4.37,3.3000000000000003,3.98
2463,13,15,4,2007,5.709166666666667,5.28,3.99,4.8
2464,13,16,4,2007,6.930833333333332,5.89,4.54,5.41
2465,13,17,4,2007,8.428333333333335,6.1400000000000015,4.72,5.62
2466,13,18,4,2007,9.521666666666667,6.5,5.04,5.98
2467,13,19,4,2007,10.255,6.62,5.05,6.04
2468,13,20,4,2007,10.676666666666668,7.0200000000000005,5.39,6.46
2469,13,21,4,2007,10.851666666666665,6.59,5.0200000000000005,6.01
2470,13,22,4,2007,10.721666666666666,6.82,5.03,6.17
2471,13,23,4,2007,10.345,7.55,5.11,6.7
2472,14,0,4,2007,9.801666666666668,8.18,4.67,6.42
2473,14,1,4,2007,9.526666666666667,7.86,4.32,6.19
2474,14,2,4,2007,8.921666666666669,5.59,1.75,3.22
2475,14,3,4,2007,8.598333333333334,8.14,2.21,4.67
2476,14,4,4,2007,8.325833333333334,8.13,3.56,5.65
2477,14,5,4,2007,7.94,8.02,3.56,5.51
2478,14,6,4,2007,7.6000000000000005,8.03,3.7,5.75
2479,14,7,4,2007,7.198333333333333,7.65,3.34,5.29
2480,14,8,4,2007,6.819166666666667,7.55,3.25,5.13
2481,14,9,4,2007,6.463333333333334,7.24,3.3200000000000003,5.16
2482,14,10,4,2007,6.020833333333333,6.6400000000000015,2.96,4.7
2483,14,11,4,2007,5.6866666666666665,6.03,2.49,4.18
2484,14,12,4,2007,5.470833333333334,5.59,2.75,4.22
2485,14,13,4,2007,5.794999999999999,4.91,3.73,4.53
2486,14,14,4,2007,6.585833333333334,4.96,3.76,4.57
2487,14,15,4,2007,7.785,5.57,4.17,5.05
2488,14,16,4,2007,8.847499999999998,6.38,4.78,5.79
2489,14,17,4,2007,9.863333333333333,6.19,4.63,5.6000000000000005
2490,14,18,4,2007,10.719999999999999,6.86,5.0600000000000005,6.17
2491,14,19,4,2007,11.56,7.04,5.25,6.3500000000000005
2492,14,20,4,2007,11.929166666666665,8.69,6.66,8.040000000000001
2493,14,21,4,2007,11.994166666666667,13.03,10.44,12.52
2494,14,22,4,2007,11.987499999999999,9.81,7.0600000000000005,8.74
2495,14,23,4,2007,12.02833333333333,9.17,6.28,7.82
2496,15,0,4,2007,10.738333333333335,9.86,5.72,7.9300000000000015
2497,15,1,4,2007,9.049166666666668,9.28,3.2,6.82
2498,15,2,4,2007,8.059166666666666,9.66,3.1,7.24
2499,15,3,4,2007,7.5424999999999995,8.0,2.58,6.7
2500,15,4,4,2007,6.849999999999999,6.59,2.0,4.9
2501,15,5,4,2007,6.272500000000002,3.45,1.85,2.82
2502,15,6,4,2007,5.6450000000000005,4.3100000000000005,2.71,4.36
2503,15,7,4,2007,5.0225,5.19,3.41,5.15
2504,15,8,4,2007,4.5925,6.11,4.1,6.26
2505,15,9,4,2007,4.57,6.76,4.38,6.3900000000000015
2506,15,10,4,2007,4.261666666666667,6.92,4.47,6.78
2507,15,11,4,2007,3.595833333333333,7.13,4.39,7.04
2508,15,12,4,2007,4.064166666666667,7.54,4.59,7.18
2509,15,13,4,2007,6.084166666666667,7.44,4.3500000000000005,6.12
2510,15,14,4,2007,8.48,6.19,4.28,5.03
2511,15,15,4,2007,11.059166666666668,5.33,4.28,5.05
2512,15,16,4,2007,12.826666666666668,4.48,3.45,4.12
2513,15,17,4,2007,13.808333333333335,4.19,3.25,3.85
2514,15,18,4,2007,14.599166666666669,4.12,3.21,3.8
2515,15,19,4,2007,15.361666666666665,3.85,3.02,3.56
2516,15,20,4,2007,16.084166666666665,3.54,2.76,3.25
2517,15,21,4,2007,16.61583333333333,3.63,2.74,3.27
2518,15,22,4,2007,16.86,3.62,2.74,3.3000000000000003
2519,15,23,4,2007,16.753333333333334,3.91,2.91,3.5700000000000003
2520,16,0,4,2007,15.31,4.08,1.98,3.61
2521,16,1,4,2007,13.548333333333332,5.68,3.03,5.28
2522,16,2,4,2007,12.778333333333334,7.42,3.84,6.8500000000000005
2523,16,3,4,2007,12.029166666666667,8.15,4.19,7.5
2524,16,4,4,2007,12.075000000000001,7.34,4.14,6.88
2525,16,5,4,2007,11.4775,8.64,4.3500000000000005,7.67
2526,16,6,4,2007,10.846666666666666,9.81,4.71,8.22
2527,16,7,4,2007,10.158333333333331,12.08,5.21,9.0
2528,16,8,4,2007,9.755833333333333,13.02,5.47,9.34
2529,16,9,4,2007,9.490833333333333,13.28,5.86,9.74
2530,16,10,4,2007,9.103333333333333,13.25,5.84,9.77
2531,16,11,4,2007,8.945,13.6,6.0600000000000005,9.86
2532,16,12,4,2007,9.301666666666668,13.7,6.58,9.95
2533,16,13,4,2007,11.413333333333332,11.93,6.9,9.13
2534,16,14,4,2007,13.069999999999999,9.05,6.19,7.45
2535,16,15,4,2007,15.030833333333332,7.86,6.01,7.22
2536,16,16,4,2007,17.135,8.39,6.08,7.46
2537,16,17,4,2007,18.6575,9.48,6.95,8.5
2538,16,18,4,2007,19.840833333333332,10.22,7.53,9.2
2539,16,19,4,2007,20.79083333333334,8.76,6.42,7.85
2540,16,20,4,2007,21.43583333333333,8.49,6.15,7.54
2541,16,21,4,2007,21.792500000000004,8.19,5.9,7.27
2542,16,22,4,2007,21.725000000000005,8.41,5.95,7.45
2543,16,23,4,2007,21.215833333333332,8.21,5.7700000000000005,7.26
2544,17,0,4,2007,19.055000000000003,8.9,3.47,7.19
2545,17,1,4,2007,17.377499999999998,10.05,4.46,8.44
2546,17,2,4,2007,15.87,11.36,4.9,8.68
2547,17,3,4,2007,15.248333333333333,13.55,5.38,9.34
2548,17,4,4,2007,14.635000000000003,13.48,5.57,9.42
2549,17,5,4,2007,13.775833333333331,11.02,5.22,8.85
2550,17,6,4,2007,13.101666666666668,10.9,4.41,8.23
2551,17,7,4,2007,12.5525,10.4,4.67,8.27
2552,17,8,4,2007,12.262500000000003,9.56,4.64,8.22
2553,17,9,4,2007,12.004166666666668,8.74,4.93,8.06
2554,17,10,4,2007,11.264166666666668,8.700000000000001,4.7700000000000005,7.84
2555,17,11,4,2007,11.2675,7.54,4.53,7.07
2556,17,12,4,2007,11.314166666666665,7.56,4.55,6.96
2557,17,13,4,2007,12.6875,6.3100000000000005,3.62,5.25
2558,17,14,4,2007,14.136666666666665,1.71,2.03,2.11
2559,17,15,4,2007,15.815833333333336,1.12,1.4,1.4
2560,17,16,4,2007,17.841666666666665,2.28,2.05,2.28
2561,17,17,4,2007,19.1825,3.51,2.94,3.37
2562,17,18,4,2007,20.020000000000003,3.92,3.16,3.68
2563,17,19,4,2007,20.659166666666668,4.16,3.29,3.85
2564,17,20,4,2007,21.158333333333335,4.59,3.65,4.2700000000000005
2565,17,21,4,2007,21.374166666666667,4.49,3.67,4.3100000000000005
2566,17,22,4,2007,21.421666666666667,4.72,3.51,4.2700000000000005
2567,17,23,4,2007,21.07833333333333,4.63,3.3000000000000003,4.13
2568,18,0,4,2007,18.229999999999997,10.51,6.53,8.83
2569,18,1,4,2007,15.575000000000001,10.03,5.75,7.98
2570,18,2,4,2007,14.539166666666667,9.55,5.37,7.48
2571,18,3,4,2007,13.983333333333334,8.68,4.78,6.87
2572,18,4,4,2007,13.435833333333335,7.4,3.85,6.05
2573,18,5,4,2007,12.869166666666667,5.71,3.06,4.91
2574,18,6,4,2007,12.240833333333333,5.22,2.24,4.4
2575,18,7,4,2007,11.965833333333336,5.65,2.22,4.78
2576,18,8,4,2007,11.804166666666665,4.41,2.22,4.09
2577,18,9,4,2007,11.467500000000001,5.43,0.96,3.0500000000000003
2578,18,10,4,2007,10.426666666666668,7.42,1.95,4.39
2579,18,11,4,2007,9.417499999999999,8.950000000000003,3.13,5.7700000000000005
2580,18,12,4,2007,9.388333333333335,9.15,3.83,6.05
2581,18,13,4,2007,10.615,6.7700000000000005,4.8100000000000005,5.79
2582,18,14,4,2007,11.875,5.3,4.15,4.94
2583,18,15,4,2007,13.464999999999998,4.86,3.89,4.57
2584,18,16,4,2007,15.19,4.92,3.91,4.6000000000000005
2585,18,17,4,2007,16.624166666666664,4.8100000000000005,3.84,4.5
2586,18,18,4,2007,17.683333333333334,4.82,3.83,4.5
2587,18,19,4,2007,18.49666666666667,4.49,3.59,4.2
2588,18,20,4,2007,19.065833333333334,4.64,3.65,4.3
2589,18,21,4,2007,19.334166666666665,4.78,3.78,4.45
2590,18,22,4,2007,19.284166666666668,4.53,3.52,4.19
2591,18,23,4,2007,18.864166666666666,4.97,3.5700000000000003,4.29
2592,19,0,4,2007,17.236666666666668,8.4,3.13,6.13
2593,19,1,4,2007,14.790833333333333,9.17,3.09,6.7700000000000005
2594,19,2,4,2007,13.09666666666667,10.22,3.1,7.0600000000000005
2595,19,3,4,2007,12.074999999999998,11.83,3.34,7.33
2596,19,4,4,2007,10.885833333333336,12.52,3.2,7.49
2597,19,5,4,2007,10.062499999999998,12.32,3.26,7.37
2598,19,6,4,2007,9.595,11.58,3.67,7.45
2599,19,7,4,2007,8.633333333333333,12.89,3.83,7.5
2600,19,8,4,2007,7.276666666666667,12.94,3.98,7.36
2601,19,9,4,2007,6.82,12.46,4.5200000000000005,7.75
2602,19,10,4,2007,6.279166666666666,12.23,4.49,7.57
2603,19,11,4,2007,5.823333333333333,12.45,4.7700000000000005,7.83
2604,19,12,4,2007,6.286666666666668,12.2,6.2700000000000005,8.49
2605,19,13,4,2007,7.721666666666668,10.33,6.23,7.82
2606,19,14,4,2007,9.913333333333334,8.44,6.41,7.73
2607,19,15,4,2007,12.105833333333335,8.64,6.51,7.88
2608,19,16,4,2007,14.093333333333334,9.21,6.9,8.38
2609,19,17,4,2007,15.674166666666665,9.67,7.25,8.8
2610,19,18,4,2007,16.939999999999998,9.65,7.18,8.74
2611,19,19,4,2007,17.931666666666672,9.78,7.22,8.82
2612,19,20,4,2007,18.607499999999998,10.07,7.38,9.05
2613,19,21,4,2007,19.01083333333333,9.96,7.25,8.92
2614,19,22,4,2007,19.110833333333336,10.06,7.2,8.950000000000003
2615,19,23,4,2007,18.897499999999997,9.74,6.87,8.59
2616,20,0,4,2007,17.42916666666667,10.05,5.61,7.58
2617,20,1,4,2007,15.244166666666667,11.86,4.4,7.72
2618,20,2,4,2007,14.12583333333333,12.92,5.44,8.64
2619,20,3,4,2007,13.714166666666666,13.8,6.7700000000000005,9.88
2620,20,4,4,2007,13.067500000000003,14.05,7.0600000000000005,10.19
2621,20,5,4,2007,12.438333333333333,13.45,6.66,9.64
2622,20,6,4,2007,11.794166666666667,12.76,6.12,8.98
2623,20,7,4,2007,11.465000000000002,13.71,6.54,9.61
2624,20,8,4,2007,11.258333333333335,14.25,7.1000000000000005,10.21
2625,20,9,4,2007,10.994166666666667,14.22,7.12,10.22
2626,20,10,4,2007,10.531666666666666,13.21,6.37,9.35
2627,20,11,4,2007,9.709999999999999,11.92,5.0200000000000005,7.82
2628,20,12,4,2007,9.921666666666667,11.19,5.87,8.0
2629,20,13,4,2007,11.830833333333333,9.77,5.9,7.61
2630,20,14,4,2007,13.929166666666667,7.71,5.7700000000000005,6.99
2631,20,15,4,2007,16.1925,8.03,6.03,7.32
2632,20,16,4,2007,18.300833333333333,9.12,6.7700000000000005,8.25
2633,20,17,4,2007,20.0725,9.95,7.27,8.93
2634,20,18,4,2007,21.286666666666665,10.68,7.78,9.58
2635,20,19,4,2007,22.0125,10.91,7.8900000000000015,9.75
2636,20,20,4,2007,22.739166666666666,11.27,8.05,10.01
2637,20,21,4,2007,23.290833333333335,11.66,8.22,10.3
2638,20,22,4,2007,23.29166666666666,12.43,8.65,10.93
2639,20,23,4,2007,22.981666666666666,12.42,8.63,10.91
2640,21,0,4,2007,21.622500000000002,12.41,7.15,9.54
2641,21,1,4,2007,19.953333333333337,13.13,5.61,8.96
2642,21,2,4,2007,19.0025,13.72,5.98,9.32
2643,21,3,4,2007,18.290833333333335,13.74,6.84,10.08
2644,21,4,4,2007,17.402500000000003,13.91,6.9,10.17
2645,21,5,4,2007,16.3825,13.46,6.59,9.75
2646,21,6,4,2007,15.540833333333332,13.67,6.87,10.02
2647,21,7,4,2007,15.282499999999997,14.73,7.63,10.92
2648,21,8,4,2007,15.084999999999996,15.28,8.14,11.47
2649,21,9,4,2007,14.604166666666664,15.32,8.3,11.62
2650,21,10,4,2007,14.128333333333332,15.3,8.290000000000001,11.62
2651,21,11,4,2007,13.362499999999999,14.84,8.21,11.4
2652,21,12,4,2007,13.615000000000002,15.12,9.43,12.43
2653,21,13,4,2007,15.490833333333333,14.15,9.16,11.48
2654,21,14,4,2007,17.23,13.02,9.25,11.53
2655,21,15,4,2007,18.659166666666668,12.29,8.92,11.06
2656,21,16,4,2007,20.330000000000002,13.14,9.36,11.69
2657,21,17,4,2007,21.785833333333333,13.38,9.54,11.9
2658,21,18,4,2007,22.919166666666666,13.18,9.39,11.71
2659,21,19,4,2007,23.72916666666666,13.97,10.01,12.48
2660,21,20,4,2007,24.381666666666664,12.92,9.13,11.41
2661,21,21,4,2007,24.483333333333334,15.01,10.51,13.27
2662,21,22,4,2007,24.325000000000003,15.6,10.79,13.75
2663,21,23,4,2007,23.796666666666667,15.7,10.88,13.84
2664,22,0,4,2007,22.375833333333333,14.44,8.47,11.62
2665,22,1,4,2007,21.162499999999998,15.25,8.08,11.67
2666,22,2,4,2007,19.915833333333335,14.7,7.62,11.04
2667,22,3,4,2007,18.993333333333336,14.34,6.48,10.03
2668,22,4,4,2007,18.680000000000003,14.9,7.27,10.74
2669,22,5,4,2007,18.397499999999997,14.94,7.66,11.08
2670,22,6,4,2007,17.925,15.78,8.44,11.96
2671,22,7,4,2007,17.006666666666668,14.57,7.72,10.95
2672,22,8,4,2007,16.724999999999998,14.46,7.84,11.04
2673,22,9,4,2007,16.597500000000004,14.65,8.24,11.39
2674,22,10,4,2007,16.210833333333333,13.08,7.84,10.62
2675,22,11,4,2007,15.609166666666669,14.58,8.43,11.49
2676,22,12,4,2007,15.6225,14.48,8.63,11.63
2677,22,13,4,2007,15.858333333333333,14.53,9.75,12.42
2678,22,14,4,2007,15.644166666666669,13.58,9.5,11.88
2679,22,15,4,2007,16.05333333333333,13.49,9.47,11.78
2680,22,16,4,2007,17.485833333333332,13.19,9.25,11.61
2681,22,17,4,2007,18.486666666666665,13.33,9.23,11.67
2682,22,18,4,2007,20.794999999999998,15.64,10.77,13.68
2683,22,19,4,2007,22.319166666666664,17.04,11.5,14.66
2684,22,20,4,2007,22.331666666666667,18.29,12.73,16.13
2685,22,21,4,2007,22.66416666666667,16.830000000000002,11.29,14.46
2686,22,22,4,2007,23.118333333333336,17.46,11.79,15.07
2687,22,23,4,2007,21.19666666666667,13.74,8.040000000000001,11.0
2688,23,0,4,2007,19.054166666666664,13.04,7.54,10.34
2689,23,1,4,2007,17.739166666666666,11.91,5.2,8.22
2690,23,2,4,2007,17.22,12.76,6.28,9.21
2691,23,3,4,2007,15.53416666666667,12.49,6.61,9.34
2692,23,4,4,2007,15.341666666666667,12.95,7.56,10.0
2693,23,5,4,2007,14.358333333333329,12.26,6.15,8.97
2694,23,6,4,2007,13.346666666666666,11.82,5.96,8.69
2695,23,7,4,2007,12.793333333333335,12.26,6.51,9.27
2696,23,8,4,2007,12.324999999999998,12.22,6.45,9.19
2697,23,9,4,2007,11.779166666666667,11.91,6.0,8.73
2698,23,10,4,2007,11.229166666666666,11.67,5.68,8.39
2699,23,11,4,2007,10.581666666666665,11.11,4.58,7.41
2700,23,12,4,2007,11.145000000000001,11.15,5.5200000000000005,7.67
2701,23,13,4,2007,12.371666666666664,8.82,5.0600000000000005,6.19
2702,23,14,4,2007,13.96583333333333,6.7,4.9,5.99
2703,23,15,4,2007,15.273333333333333,5.49,4.1,4.95
2704,23,16,4,2007,16.425,5.04,3.9,4.63
2705,23,17,4,2007,17.615,4.68,3.63,4.29
2706,23,18,4,2007,18.611666666666665,4.18,3.3200000000000003,3.89
2707,23,19,4,2007,19.476666666666667,3.63,2.9,3.38
2708,23,20,4,2007,20.198333333333334,2.85,2.33,2.69
2709,23,21,4,2007,20.698333333333338,3.38,2.86,3.27
2710,23,22,4,2007,20.930833333333336,3.76,3.14,3.64
2711,23,23,4,2007,20.87333333333333,4.34,3.37,4.08
2712,24,0,4,2007,19.7225,5.11,2.79,4.26
2713,24,1,4,2007,17.599999999999998,7.0600000000000005,2.39,5.09
2714,24,2,4,2007,16.089166666666667,9.92,2.82,6.73
2715,24,3,4,2007,14.929166666666669,11.33,2.81,6.59
2716,24,4,4,2007,14.07333333333333,12.45,3.44,7.18
2717,24,5,4,2007,13.679166666666667,13.22,5.0600000000000005,8.44
2718,24,6,4,2007,14.385833333333332,13.76,7.15,10.0
2719,24,7,4,2007,13.611666666666666,11.29,6.11,8.46
2720,24,8,4,2007,12.556666666666665,10.82,6.12,8.3
2721,24,9,4,2007,11.224166666666667,9.06,5.83,7.82
2722,24,10,4,2007,10.796666666666667,9.78,5.88,7.85
2723,24,11,4,2007,10.633333333333333,11.05,7.2,9.3
2724,24,12,4,2007,10.791666666666666,11.15,7.36,9.43
2725,24,13,4,2007,11.546666666666667,12.31,8.66,10.75
2726,24,14,4,2007,12.284999999999998,12.4,8.33,10.6
2727,24,15,4,2007,13.628333333333336,8.39,6.33,7.63
2728,24,16,4,2007,15.264166666666666,7.56,5.7,6.9
2729,24,17,4,2007,14.642499999999998,9.1,6.9,8.370000000000001
2730,24,18,4,2007,13.4425,10.14,7.75,9.38
2731,24,19,4,2007,13.596666666666666,12.7,8.4,10.67
2732,24,20,4,2007,13.685833333333335,13.3,8.23,10.45
2733,24,21,4,2007,13.224166666666667,9.85,6.75,9.02
2734,24,22,4,2007,12.108333333333334,14.11,8.67,11.27
2735,24,23,4,2007,11.975833333333334,14.59,8.56,11.15
2736,25,0,4,2007,12.069166666666668,13.01,8.19,10.7
2737,25,1,4,2007,11.635833333333332,12.36,7.77,10.18
2738,25,2,4,2007,11.585833333333333,12.7,8.08,10.61
2739,25,3,4,2007,11.214999999999998,9.02,6.75,8.26
2740,25,4,4,2007,10.9975,10.97,7.26,9.41
2741,25,5,4,2007,11.000833333333334,11.37,7.21,9.42
2742,25,6,4,2007,10.969166666666668,9.5,6.08,7.9
2743,25,7,4,2007,10.735833333333332,9.02,5.38,7.18
2744,25,8,4,2007,10.655000000000001,8.26,5.44,6.99
2745,25,9,4,2007,10.5525,8.56,5.66,7.28
2746,25,10,4,2007,10.275,9.05,5.99,7.69
2747,25,11,4,2007,9.925833333333333,9.02,6.07,7.74
2748,25,12,4,2007,9.751666666666667,6.42,3.85,5.34
2749,25,13,4,2007,9.6625,6.1000000000000005,4.07,5.2700000000000005
2750,25,14,4,2007,9.848333333333333,6.32,4.55,5.54
2751,25,15,4,2007,10.315833333333334,6.87,5.24,6.4
2752,25,16,4,2007,10.719999999999999,7.5,5.69,6.94
2753,25,17,4,2007,11.214999999999998,7.42,5.58,6.8500000000000005
2754,25,18,4,2007,11.804166666666667,8.33,6.25,7.67
2755,25,19,4,2007,11.843333333333328,9.84,7.33,9.05
2756,25,20,4,2007,11.688333333333333,9.93,7.3,9.05
2757,25,21,4,2007,11.295833333333333,9.6,7.0200000000000005,8.72
2758,25,22,4,2007,10.914166666666667,9.93,7.25,9.02
2759,25,23,4,2007,10.7575,9.31,6.34,7.99
2760,26,0,4,2007,10.259166666666665,11.36,7.5,9.73
2761,26,1,4,2007,9.305000000000001,12.06,8.040000000000001,10.41
2762,26,2,4,2007,8.818333333333333,11.15,7.45,9.61
2763,26,3,4,2007,8.560833333333333,10.17,6.75,8.85
2764,26,4,4,2007,8.358333333333333,10.11,6.54,8.8
2765,26,5,4,2007,8.079166666666666,10.37,6.5600000000000005,8.84
2766,26,6,4,2007,7.885000000000001,10.67,7.17,9.22
2767,26,7,4,2007,7.8549999999999995,9.98,6.45,8.57
2768,26,8,4,2007,7.825833333333333,10.52,6.98,9.02
2769,26,9,4,2007,7.764166666666665,10.41,6.76,8.81
2770,26,10,4,2007,7.6275,10.12,6.5200000000000005,8.540000000000001
2771,26,11,4,2007,7.4575000000000005,9.87,6.42,8.370000000000001
2772,26,12,4,2007,6.865833333333334,9.77,6.59,8.42
2773,26,13,4,2007,6.984166666666667,10.3,7.37,9.21
2774,26,14,4,2007,7.995000000000001,11.45,8.120000000000001,10.21
2775,26,15,4,2007,9.073333333333332,10.91,7.82,9.74
2776,26,16,4,2007,10.353333333333332,10.37,7.53,9.31
2777,26,17,4,2007,11.892499999999998,9.17,6.67,8.22
2778,26,18,4,2007,13.029166666666667,9.12,6.61,8.16
2779,26,19,4,2007,13.850833333333332,8.49,6.22,7.63
2780,26,20,4,2007,14.576666666666666,7.86,5.8100000000000005,7.12
2781,26,21,4,2007,15.100833333333334,7.67,5.7,6.96
2782,26,22,4,2007,15.461666666666666,7.0600000000000005,5.07,6.2700000000000005
2783,26,23,4,2007,15.448333333333332,6.88,4.78,6.03
2784,27,0,4,2007,14.496666666666668,6.45,3.99,5.33
2785,27,1,4,2007,12.993333333333334,5.87,2.26,4.76
2786,27,2,4,2007,12.4125,5.84,1.57,4.0600000000000005
2787,27,3,4,2007,11.899166666666668,4.5,1.52,3.58
2788,27,4,4,2007,11.485833333333332,3.45,2.25,3.29
2789,27,5,4,2007,10.425833333333332,4.01,3.08,4.39
2790,27,6,4,2007,9.827500000000002,5.24,4.04,5.76
2791,27,7,4,2007,9.359166666666665,6.25,4.45,6.5200000000000005
2792,27,8,4,2007,9.136666666666667,7.34,4.9,7.3
2793,27,9,4,2007,8.871666666666668,8.38,5.29,7.91
2794,27,10,4,2007,8.742500000000001,9.44,5.37,8.18
2795,27,11,4,2007,8.639166666666666,9.97,5.57,8.370000000000001
2796,27,12,4,2007,9.499166666666667,10.94,6.23,8.42
2797,27,13,4,2007,11.153333333333334,10.22,5.8100000000000005,7.78
2798,27,14,4,2007,13.594166666666668,8.48,5.7,6.74
2799,27,15,4,2007,15.664166666666668,6.6000000000000005,5.17,6.13
2800,27,16,4,2007,17.039166666666667,6.59,5.01,6.07
2801,27,17,4,2007,18.518333333333334,5.7,4.37,5.24
2802,27,18,4,2007,19.573333333333338,4.2,3.23,3.84
2803,27,19,4,2007,19.453333333333333,7.79,7.09,8.16
2804,27,20,4,2007,19.535833333333333,7.21,5.76,6.86
2805,27,21,4,2007,18.2,14.0,9.98,12.5
2806,27,22,4,2007,16.205833333333334,10.27,6.51,8.84
2807,27,23,4,2007,17.3725,6.3100000000000005,4.94,5.93
2808,28,0,4,2007,16.830000000000002,5.49,3.43,4.73
2809,28,1,4,2007,15.81,6.7,3.73,6.62
2810,28,2,4,2007,14.93,8.81,4.28,7.81
2811,28,3,4,2007,13.963333333333333,8.22,4.43,7.77
2812,28,4,4,2007,13.435833333333335,9.06,4.7700000000000005,7.87
2813,28,5,4,2007,12.7825,8.98,4.07,7.56
2814,28,6,4,2007,12.406666666666666,8.63,4.17,7.58
2815,28,7,4,2007,12.133333333333331,8.31,4.14,7.27
2816,28,8,4,2007,11.744166666666667,7.69,4.22,7.11
2817,28,9,4,2007,11.204166666666666,8.24,4.7,7.44
2818,28,10,4,2007,10.86833333333333,8.620000000000001,4.83,7.44
2819,28,11,4,2007,10.609166666666665,9.76,5.0,7.7
2820,28,12,4,2007,11.393333333333333,10.24,5.28,7.77
2821,28,13,4,2007,13.241666666666667,9.35,5.26,7.0
2822,28,14,4,2007,15.920000000000002,8.47,5.22,6.19
2823,28,15,4,2007,18.653333333333332,6.59,5.09,6.0600000000000005
2824,28,16,4,2007,20.953333333333333,6.43,4.65,5.7
2825,28,17,4,2007,22.614166666666666,7.49,5.48,6.7
2826,28,18,4,2007,23.20583333333333,7.6400000000000015,5.59,6.8500000000000005
2827,28,19,4,2007,23.78833333333333,7.07,5.14,6.3
2828,28,20,4,2007,24.2525,6.63,4.87,5.94
2829,28,21,4,2007,24.635833333333338,6.28,4.5600000000000005,5.59
2830,28,22,4,2007,24.87166666666667,6.62,4.61,5.8100000000000005
2831,28,23,4,2007,24.685833333333335,6.09,4.22,5.34
2832,29,0,4,2007,23.1875,3.51,1.52,2.56
2833,29,1,4,2007,21.1375,4.7700000000000005,1.9,3.71
2834,29,2,4,2007,19.971666666666668,6.41,2.83,5.07
2835,29,3,4,2007,19.011666666666667,7.45,3.9,6.34
2836,29,4,4,2007,18.218333333333337,8.2,4.38,6.86
2837,29,5,4,2007,17.624166666666667,8.78,4.66,7.37
2838,29,6,4,2007,17.315,10.15,5.44,8.49
2839,29,7,4,2007,16.99083333333333,13.1,6.03,9.55
2840,29,8,4,2007,16.720000000000002,14.79,6.5,10.17
2841,29,9,4,2007,16.415833333333335,15.94,7.19,11.03
2842,29,10,4,2007,16.193333333333335,16.18,7.7,11.49
2843,29,11,4,2007,15.848333333333331,15.96,7.6,11.41
2844,29,12,4,2007,16.209166666666665,15.3,7.85,11.18
2845,29,13,4,2007,17.716666666666665,12.78,7.72,10.17
2846,29,14,4,2007,19.609166666666667,11.56,7.2,8.96
2847,29,15,4,2007,21.744999999999994,9.63,7.21,8.72
2848,29,16,4,2007,23.849166666666672,9.22,7.03,8.51
2849,29,17,4,2007,25.750833333333336,8.63,6.49,7.8900000000000015
2850,29,18,4,2007,27.095,8.78,6.45,7.91
2851,29,19,4,2007,28.01833333333333,9.56,6.8500000000000005,8.51
2852,29,20,4,2007,28.6225,9.88,7.01,8.74
2853,29,21,4,2007,28.853333333333335,10.41,7.33,9.2
2854,29,22,4,2007,28.683333333333334,10.67,7.37,9.38
2855,29,23,4,2007,27.881666666666664,10.39,6.9,8.88
2856,30,0,4,2007,25.75583333333333,14.47,6.45,10.54
2857,30,1,4,2007,23.857500000000005,14.37,6.63,10.54
2858,30,2,4,2007,22.79416666666667,15.26,6.66,10.63
2859,30,3,4,2007,21.580000000000002,15.63,7.11,10.98
2860,30,4,4,2007,21.025000000000002,15.73,7.35,11.19
2861,30,5,4,2007,20.199166666666667,15.72,7.35,11.15
2862,30,6,4,2007,19.406666666666666,15.73,7.27,11.06
2863,30,7,4,2007,18.955833333333334,16.15,8.02,11.77
2864,30,8,4,2007,18.304166666666667,16.06,7.92,11.65
2865,30,9,4,2007,17.671666666666667,16.09,8.22,11.88
2866,30,10,4,2007,17.3075,16.03,8.18,11.84
2867,30,11,4,2007,16.617499999999996,15.1,7.55,11.03
2868,30,12,4,2007,17.063333333333336,15.06,7.68,11.08
2869,30,13,4,2007,18.76833333333333,12.81,7.67,10.24
2870,30,14,4,2007,20.249166666666667,9.15,6.54,8.01
2871,30,15,4,2007,21.99,9.2,6.8500000000000005,8.36
2872,30,16,4,2007,23.595000000000002,8.8,6.44,7.91
2873,30,17,4,2007,25.087500000000002,8.55,6.2,7.6400000000000015
2874,30,18,4,2007,26.261666666666667,9.1,6.57,8.11
2875,30,19,4,2007,26.9975,9.02,6.47,8.01
2876,30,20,4,2007,27.52416666666667,8.91,6.34,7.88
2877,30,21,4,2007,27.856666666666666,9.67,6.76,8.51
2878,30,22,4,2007,27.752499999999998,10.23,7.09,9.02
2879,30,23,4,2007,27.31833333333333,10.32,7.11,9.07
2880,1,0,5,2007,26.080833333333334,10.63,5.37,7.87
2881,1,1,5,2007,24.18916666666667,11.25,4.04,7.42
2882,1,2,5,2007,23.115,11.98,4.5,8.15
2883,1,3,5,2007,22.136666666666667,11.66,4.61,8.040000000000001
2884,1,4,5,2007,21.870833333333334,11.8,5.18,8.41
2885,1,5,5,2007,21.581666666666667,11.85,5.2700000000000005,8.35
2886,1,6,5,2007,20.99,11.35,4.96,7.95
2887,1,7,5,2007,20.295,10.53,4.71,7.44
2888,1,8,5,2007,19.8975,10.05,4.7,7.22
2889,1,9,5,2007,19.133333333333336,10.89,4.95,7.79
2890,1,10,5,2007,18.455833333333334,9.99,4.6000000000000005,7.24
2891,1,11,5,2007,18.231666666666666,8.46,4.0,6.36
2892,1,12,5,2007,18.473333333333333,7.11,3.72,5.8500000000000005
2893,1,13,5,2007,19.017500000000002,5.48,3.09,4.22
2894,1,14,5,2007,20.514999999999997,3.21,2.49,2.88
2895,1,15,5,2007,22.333333333333332,1.79,1.39,1.62
2896,1,16,5,2007,23.60166666666667,2.58,2.13,2.46
2897,1,17,5,2007,24.611666666666668,2.97,2.39,2.77
2898,1,18,5,2007,25.371666666666666,6.57,5.19,6.21
2899,1,19,5,2007,22.3425,7.42,5.91,7.0600000000000005
2900,1,20,5,2007,20.654166666666665,10.16,7.26,9.01
2901,1,21,5,2007,22.978333333333335,7.72,5.55,6.87
2902,1,22,5,2007,24.963333333333335,8.55,6.15,7.6400000000000015
2903,1,23,5,2007,24.918333333333333,8.2,5.95,7.33
2904,2,0,5,2007,21.420833333333334,6.79,5.22,6.29
2905,2,1,5,2007,20.24083333333333,5.12,1.61,3.62
2906,2,2,5,2007,19.399166666666666,4.14,0.94,2.06
2907,2,3,5,2007,18.61916666666667,6.36,2.56,4.4
2908,2,4,5,2007,18.78166666666667,12.8,6.0200000000000005,9.4
2909,2,5,5,2007,18.025,12.63,6.0200000000000005,9.36
2910,2,6,5,2007,16.02916666666667,10.09,3.74,6.78
2911,2,7,5,2007,15.021666666666667,11.01,4.01,6.99
2912,2,8,5,2007,14.045,11.06,4.15,7.12
2913,2,9,5,2007,13.04,10.02,3.74,6.36
2914,2,10,5,2007,12.445833333333333,9.61,3.79,6.23
2915,2,11,5,2007,11.829999999999998,9.45,3.78,6.21
2916,2,12,5,2007,11.818333333333335,8.48,4.3500000000000005,5.96
2917,2,13,5,2007,12.938333333333334,7.65,5.0600000000000005,6.09
2918,2,14,5,2007,14.448333333333332,6.5200000000000005,5.05,6.07
2919,2,15,5,2007,16.316666666666666,6.83,5.22,6.29
2920,2,16,5,2007,18.2825,7.55,5.69,6.91
2921,2,17,5,2007,19.905833333333337,7.91,5.95,7.22
2922,2,18,5,2007,21.166666666666668,8.42,6.3,7.67
2923,2,19,5,2007,21.900000000000002,8.92,6.65,8.13
2924,2,20,5,2007,19.540833333333335,12.01,9.3,11.27
2925,2,21,5,2007,18.671666666666663,8.97,5.95,7.57
2926,2,22,5,2007,18.833333333333336,8.47,6.1400000000000015,7.62
2927,2,23,5,2007,18.7075,8.14,5.3,6.6000000000000005
2928,3,0,5,2007,18.183333333333334,7.83,4.6000000000000005,6.23
2929,3,1,5,2007,17.611666666666668,10.64,3.62,5.98
2930,3,2,5,2007,17.385833333333334,11.26,4.13,7.1000000000000005
2931,3,3,5,2007,17.395,11.57,5.08,7.52
2932,3,4,5,2007,17.256666666666668,10.79,4.59,6.82
2933,3,5,5,2007,17.119166666666665,11.14,4.3,7.52
2934,3,6,5,2007,17.074166666666667,11.63,5.55,8.040000000000001
2935,3,7,5,2007,16.53,9.02,5.76,7.57
2936,3,8,5,2007,16.39666666666667,7.6400000000000015,4.73,6.2700000000000005
2937,3,9,5,2007,16.290833333333335,7.28,4.57,6.01
2938,3,10,5,2007,16.04,7.9300000000000015,4.9,6.38
2939,3,11,5,2007,15.21583333333333,8.78,5.23,6.8
2940,3,12,5,2007,14.589999999999998,7.95,5.34,6.79
2941,3,13,5,2007,14.453333333333335,6.25,4.5200000000000005,5.46
2942,3,14,5,2007,14.582499999999996,6.0200000000000005,4.75,5.69
2943,3,15,5,2007,14.918333333333331,5.73,4.51,5.39
2944,3,16,5,2007,15.310833333333335,5.05,3.91,4.67
2945,3,17,5,2007,16.400000000000002,5.34,4.15,4.97
2946,3,18,5,2007,18.25166666666667,6.15,4.88,5.76
2947,3,19,5,2007,19.675,7.63,5.74,7.04
2948,3,20,5,2007,20.295833333333334,9.81,7.52,9.07
2949,3,21,5,2007,20.607499999999998,9.02,6.53,8.07
2950,3,22,5,2007,20.834999999999997,9.59,7.18,8.84
2951,3,23,5,2007,19.2525,11.39,7.99,10.14
2952,4,0,5,2007,18.416666666666664,10.46,6.86,8.91
2953,4,1,5,2007,17.745000000000005,9.72,6.49,8.39
2954,4,2,5,2007,17.48,7.92,4.87,6.45
2955,4,3,5,2007,17.6775,8.42,5.36,7.01
2956,4,4,5,2007,17.774166666666666,8.43,5.42,7.0600000000000005
2957,4,5,5,2007,17.838333333333335,8.08,5.0,6.6400000000000015
2958,4,6,5,2007,17.685833333333335,8.08,5.0,6.6400000000000015
2959,4,7,5,2007,17.44666666666667,7.63,4.72,6.28
2960,4,8,5,2007,17.05,8.36,4.73,6.5600000000000005
2961,4,9,5,2007,16.93166666666667,9.29,5.37,7.36
2962,4,10,5,2007,16.900833333333335,9.0,4.99,7.0
2963,4,11,5,2007,17.06916666666667,7.75,4.42,6.12
2964,4,12,5,2007,17.118333333333336,7.85,4.62,6.28
2965,4,13,5,2007,17.456666666666667,6.73,4.92,6.05
2966,4,14,5,2007,17.685833333333335,6.72,4.82,5.98
2967,4,15,5,2007,18.865000000000002,7.05,5.2700000000000005,6.41
2968,4,16,5,2007,20.909166666666668,7.0,5.25,6.36
2969,4,17,5,2007,22.460000000000004,8.01,5.91,7.22
2970,4,18,5,2007,23.668333333333333,8.63,6.33,7.73
2971,4,19,5,2007,24.295,9.59,7.07,8.66
2972,4,20,5,2007,25.135,10.81,7.83,9.72
2973,4,21,5,2007,25.253333333333334,10.85,7.52,9.53
2974,4,22,5,2007,25.254166666666663,10.99,7.98,9.88
2975,4,23,5,2007,25.366666666666664,10.78,7.58,9.54
2976,5,0,5,2007,24.455,10.63,7.1400000000000015,9.21
2977,5,1,5,2007,22.70833333333334,11.79,4.97,8.1
2978,5,2,5,2007,21.9075,11.78,5.59,8.3
2979,5,3,5,2007,21.2475,11.93,5.74,8.68
2980,5,4,5,2007,20.318333333333335,12.14,5.4,8.46
2981,5,5,5,2007,19.49083333333333,12.08,5.84,8.73
2982,5,6,5,2007,19.54,13.53,7.32,10.3
2983,5,7,5,2007,19.428333333333338,13.92,8.02,10.99
2984,5,8,5,2007,19.31,13.82,8.01,10.91
2985,5,9,5,2007,19.750833333333333,14.34,8.68,11.44
2986,5,10,5,2007,19.701666666666668,26.74,17.14,22.78
2987,5,11,5,2007,18.73,23.87,16.07,20.7
2988,5,12,5,2007,18.49083333333333,12.32,8.14,10.68
2989,5,13,5,2007,18.889166666666664,11.86,7.57,9.89
2990,5,14,5,2007,20.915,12.72,8.57,10.99
2991,5,15,5,2007,21.28,12.48,8.64,10.81
2992,5,16,5,2007,23.198333333333334,12.78,9.05,11.35
2993,5,17,5,2007,23.963333333333335,14.71,10.4,13.11
2994,5,18,5,2007,24.813333333333336,13.39,9.38,11.84
2995,5,19,5,2007,27.162500000000005,14.66,10.23,12.95
2996,5,20,5,2007,28.114166666666666,16.47,11.49,14.55
2997,5,21,5,2007,28.00916666666667,17.37,12.02,15.31
2998,5,22,5,2007,27.905833333333334,16.47,11.01,14.08
2999,5,23,5,2007,27.573333333333327,15.99,10.46,13.49
3000,6,0,5,2007,26.300833333333333,17.25,10.13,13.83
3001,6,1,5,2007,24.796666666666663,15.06,7.25,10.9
3002,6,2,5,2007,23.9575,14.13,6.98,10.4
3003,6,3,5,2007,24.060000000000002,14.22,8.540000000000001,11.52
3004,6,4,5,2007,23.410833333333333,16.84,9.88,13.45
3005,6,5,5,2007,22.305833333333336,17.81,10.89,14.44
3006,6,6,5,2007,22.08333333333333,16.04,9.09,12.4
3007,6,7,5,2007,21.916666666666668,14.62,7.98,11.52
3008,6,8,5,2007,21.265,17.41,10.63,14.4
3009,6,9,5,2007,20.680833333333332,15.75,9.7,12.93
3010,6,10,5,2007,20.1825,13.18,7.99,10.65
3011,6,11,5,2007,20.007499999999997,13.01,8.26,10.98
3012,6,12,5,2007,20.02166666666667,13.13,7.98,10.59
3013,6,13,5,2007,20.208333333333332,12.41,7.46,10.01
3014,6,14,5,2007,20.81833333333333,10.89,6.88,9.09
3015,6,15,5,2007,20.793333333333333,13.18,8.39,11.06
3016,6,16,5,2007,19.944166666666668,13.13,8.73,11.07
3017,6,17,5,2007,19.623333333333335,13.48,9.06,11.55
3018,6,18,5,2007,19.596666666666668,15.67,10.57,13.53
3019,6,19,5,2007,20.8175,14.61,10.32,12.94
3020,6,20,5,2007,21.473333333333333,14.79,10.23,12.97
3021,6,21,5,2007,22.438333333333333,14.77,10.26,13.02
3022,6,22,5,2007,22.639166666666668,14.85,10.34,13.13
3023,6,23,5,2007,22.5825,13.96,9.63,12.31
3024,7,0,5,2007,22.290833333333335,12.59,8.38,10.8
3025,7,1,5,2007,21.442499999999995,12.45,6.97,9.79
3026,7,2,5,2007,20.615,11.0,5.34,7.91
3027,7,3,5,2007,20.470833333333335,9.63,5.86,7.45
3028,7,4,5,2007,16.6325,10.41,6.58,8.78
3029,7,5,5,2007,16.57833333333333,5.48,2.73,3.95
3030,7,6,5,2007,16.520000000000003,4.28,2.86,3.65
3031,7,7,5,2007,16.583333333333332,5.3,3.9,4.92
3032,7,8,5,2007,16.575833333333332,5.98,3.43,4.54
3033,7,9,5,2007,16.720000000000002,3.23,1.26,1.97
3034,7,10,5,2007,16.583333333333332,3.37,2.79,3.54
3035,7,11,5,2007,16.690833333333334,4.25,2.41,3.42
3036,7,12,5,2007,16.815833333333334,5.95,3.45,4.72
3037,7,13,5,2007,17.401666666666667,7.17,4.63,5.87
3038,7,14,5,2007,18.324166666666667,7.47,5.5,6.74
3039,7,15,5,2007,19.789166666666663,7.6,5.5600000000000005,6.8500000000000005
3040,7,16,5,2007,20.74916666666667,7.95,5.74,7.07
3041,7,17,5,2007,21.478333333333328,8.41,5.95,7.43
3042,7,18,5,2007,21.754166666666663,8.58,6.23,7.7
3043,7,19,5,2007,22.359166666666667,9.7,6.94,8.55
3044,7,20,5,2007,22.983333333333334,9.45,6.62,8.27
3045,7,21,5,2007,23.27666666666667,8.22,5.92,7.32
3046,7,22,5,2007,23.439166666666665,7.98,5.7,7.07
3047,7,23,5,2007,23.560833333333335,7.6400000000000015,5.33,6.78
3048,8,0,5,2007,22.859166666666667,6.54,4.53,5.76
3049,8,1,5,2007,21.3625,8.26,3.56,6.45
3050,8,2,5,2007,20.56083333333333,7.88,3.78,6.59
3051,8,3,5,2007,19.349166666666665,6.78,2.86,5.8
3052,8,4,5,2007,18.010833333333334,7.44,2.72,5.96
3053,8,5,5,2007,17.285000000000004,6.65,2.61,5.69
3054,8,6,5,2007,16.636666666666667,6.1000000000000005,2.37,5.28
3055,8,7,5,2007,15.8125,4.75,2.26,3.83
3056,8,8,5,2007,15.223333333333334,4.82,2.37,3.95
3057,8,9,5,2007,14.871666666666668,5.23,2.79,4.55
3058,8,10,5,2007,14.6975,5.74,3.56,5.34
3059,8,11,5,2007,14.339166666666666,5.98,3.6,5.37
3060,8,12,5,2007,14.648333333333335,5.46,3.15,4.63
3061,8,13,5,2007,16.483333333333338,4.73,2.75,3.46
3062,8,14,5,2007,18.590833333333332,3.13,2.63,3.04
3063,8,15,5,2007,20.1475,2.96,2.4,2.8000000000000003
3064,8,16,5,2007,21.231666666666666,2.33,1.82,2.14
3065,8,17,5,2007,21.956666666666667,2.76,2.21,2.58
3066,8,18,5,2007,22.60666666666667,2.48,1.98,2.3000000000000003
3067,8,19,5,2007,23.22083333333333,2.92,2.35,2.73
3068,8,20,5,2007,23.742500000000003,3.28,2.66,3.1
3069,8,21,5,2007,24.118333333333336,3.0700000000000003,2.38,2.82
3070,8,22,5,2007,24.293333333333337,3.54,2.78,3.28
3071,8,23,5,2007,24.22666666666667,2.47,1.92,2.26
3072,9,0,5,2007,23.329166666666662,3.29,1.73,3.0500000000000003
3073,9,1,5,2007,21.76,2.66,1.72,2.82
3074,9,2,5,2007,20.018333333333334,1.72,0.77,1.53
3075,9,3,5,2007,18.984166666666667,0.77,0.52,0.6
3076,9,4,5,2007,18.379166666666666,2.18,0.89,1.85
3077,9,5,5,2007,17.988333333333333,3.04,1.58,2.78
3078,9,6,5,2007,17.563333333333333,3.69,2.09,3.41
3079,9,7,5,2007,17.39,3.94,2.26,3.72
3080,9,8,5,2007,17.241666666666664,3.7,2.27,3.59
3081,9,9,5,2007,17.55,3.79,2.47,3.98
3082,9,10,5,2007,17.3875,4.39,2.73,4.24
3083,9,11,5,2007,16.81833333333333,4.5,2.54,4.3
3084,9,12,5,2007,17.187499999999996,3.94,2.22,3.79
3085,9,13,5,2007,17.895833333333336,3.94,2.96,3.51
3086,9,14,5,2007,19.335833333333337,3.7,2.92,3.46
3087,9,15,5,2007,20.930833333333336,2.2,1.75,2.05
3088,9,16,5,2007,22.099166666666665,3.03,2.49,2.88
3089,9,17,5,2007,22.892500000000002,3.35,2.73,3.17
3090,9,18,5,2007,23.639166666666668,3.63,2.91,3.4
3091,9,19,5,2007,24.12166666666667,4.21,3.34,3.95
3092,9,20,5,2007,22.950833333333335,6.09,4.65,5.69
3093,9,21,5,2007,23.589166666666667,4.11,2.82,3.45
3094,9,22,5,2007,23.135833333333334,3.52,2.62,3.11
3095,9,23,5,2007,23.049999999999997,6.54,4.0,5.58
3096,10,0,5,2007,22.59333333333333,3.7,2.16,3.0
3097,10,1,5,2007,20.919166666666666,4.53,1.48,3.15
3098,10,2,5,2007,20.014166666666664,2.87,1.57,2.72
3099,10,3,5,2007,19.763333333333335,2.43,1.43,2.01
3100,10,4,5,2007,20.111666666666668,1.61,1.4,1.89
3101,10,5,5,2007,19.548333333333332,1.43,0.76,1.5
3102,10,6,5,2007,18.885,1.35,0.92,1.33
3103,10,7,5,2007,18.048333333333336,2.41,0.99,2.06
3104,10,8,5,2007,17.738333333333337,2.44,0.76,1.83
3105,10,9,5,2007,17.99833333333333,2.85,1.17,2.19
3106,10,10,5,2007,17.3,3.44,1.82,3.11
3107,10,11,5,2007,16.721666666666668,3.03,1.31,2.38
3108,10,12,5,2007,17.293333333333333,3.41,1.93,2.66
3109,10,13,5,2007,19.029166666666672,2.72,1.91,2.2
3110,10,14,5,2007,20.70916666666667,2.6,2.11,2.45
3111,10,15,5,2007,22.0625,2.88,2.33,2.71
3112,10,16,5,2007,23.084166666666665,2.76,2.23,2.6
3113,10,17,5,2007,24.0125,2.17,1.78,2.05
3114,10,18,5,2007,24.659166666666664,2.78,2.36,2.69
3115,10,19,5,2007,25.399166666666662,2.76,2.25,2.6
3116,10,20,5,2007,26.118333333333336,5.19,4.34,5.04
3117,10,21,5,2007,26.379166666666666,4.88,3.89,4.59
3118,10,22,5,2007,25.63166666666667,7.82,5.94,7.26
3119,10,23,5,2007,25.53,6.22,4.62,5.67
3120,11,0,5,2007,25.191666666666663,5.51,3.56,4.55
3121,11,1,5,2007,23.296666666666663,4.99,2.39,3.79
3122,11,2,5,2007,22.208333333333332,6.1400000000000015,2.3000000000000003,4.39
3123,11,3,5,2007,21.484166666666663,6.45,2.46,4.32
3124,11,4,5,2007,21.264999999999997,7.11,2.67,5.09
3125,11,5,5,2007,20.0,4.3100000000000005,1.44,3.09
3126,11,6,5,2007,19.28,3.69,2.5500000000000003,3.93
3127,11,7,5,2007,19.627499999999998,2.96,2.45,3.7
3128,11,8,5,2007,18.278333333333332,1.4,2.53,2.81
3129,11,9,5,2007,17.377499999999998,2.98,3.19,4.75
3130,11,10,5,2007,16.496666666666666,5.98,3.56,5.75
3131,11,11,5,2007,15.880833333333333,7.58,3.96,6.5
3132,11,12,5,2007,17.125000000000004,7.05,3.35,5.95
3133,11,13,5,2007,19.029999999999998,5.11,2.5500000000000003,2.95
3134,11,14,5,2007,21.19,3.38,2.57,2.98
3135,11,15,5,2007,23.243333333333336,3.3200000000000003,2.7,3.16
3136,11,16,5,2007,24.962500000000006,3.0700000000000003,2.46,2.88
3137,11,17,5,2007,26.102499999999996,3.68,2.91,3.43
3138,11,18,5,2007,27.073333333333334,4.08,3.19,3.78
3139,11,19,5,2007,27.749166666666664,4.55,3.53,4.2
3140,11,20,5,2007,28.2375,4.89,3.73,4.47
3141,11,21,5,2007,28.563333333333343,5.01,3.78,4.55
3142,11,22,5,2007,28.673333333333336,5.64,4.23,5.18
3143,11,23,5,2007,28.424166666666665,6.03,4.09,5.15
3144,12,0,5,2007,26.935,6.11,3.47,5.15
3145,12,1,5,2007,24.31833333333334,7.17,2.12,5.05
3146,12,2,5,2007,22.94666666666667,9.61,1.39,4.86
3147,12,3,5,2007,21.820833333333336,10.06,1.04,5.09
3148,12,4,5,2007,20.909166666666668,9.6,1.17,5.16
3149,12,5,5,2007,20.075833333333335,8.02,1.45,4.76
3150,12,6,5,2007,19.279166666666665,6.9,1.79,4.68
3151,12,7,5,2007,18.735833333333336,7.97,2.19,5.51
3152,12,8,5,2007,18.198333333333334,7.9300000000000015,2.44,5.87
3153,12,9,5,2007,17.507500000000004,6.62,2.48,4.73
3154,12,10,5,2007,16.920833333333338,5.58,2.27,4.4
3155,12,11,5,2007,16.353333333333335,4.19,1.7,3.04
3156,12,12,5,2007,17.718333333333334,3.81,1.54,2.75
3157,12,13,5,2007,20.38416666666667,3.09,1.6,1.92
3158,12,14,5,2007,23.18166666666667,2.13,1.63,1.86
3159,12,15,5,2007,25.544166666666666,1.8,1.56,1.77
3160,12,16,5,2007,27.07166666666667,1.55,1.36,1.52
3161,12,17,5,2007,27.8275,1.75,1.5,1.7
3162,12,18,5,2007,28.43416666666667,1.87,1.61,1.82
3163,12,19,5,2007,28.98,2.06,1.73,1.97
3164,12,20,5,2007,29.288333333333338,1.63,1.32,1.52
3165,12,21,5,2007,29.55333333333333,2.68,2.2,2.54
3166,12,22,5,2007,29.576666666666668,2.74,2.28,2.62
3167,12,23,5,2007,29.406666666666666,3.19,2.48,3.02
3168,13,0,5,2007,28.09166666666667,5.69,2.85,5.0600000000000005
3169,13,1,5,2007,25.84833333333333,6.24,3.06,5.86
3170,13,2,5,2007,24.340833333333332,9.79,4.07,7.5
3171,13,3,5,2007,23.247500000000002,11.69,5.2,8.84
3172,13,4,5,2007,22.576666666666668,12.43,5.42,9.12
3173,13,5,5,2007,21.976666666666663,12.36,5.55,9.19
3174,13,6,5,2007,21.125833333333333,12.46,5.58,9.09
3175,13,7,5,2007,20.486666666666668,12.16,5.86,9.16
3176,13,8,5,2007,20.033333333333335,12.19,5.95,9.23
3177,13,9,5,2007,19.35,12.11,5.89,9.05
3178,13,10,5,2007,18.581666666666663,11.74,5.55,8.68
3179,13,11,5,2007,18.186666666666664,10.71,5.23,8.370000000000001
3180,13,12,5,2007,18.3225,9.48,4.42,6.73
3181,13,13,5,2007,20.263333333333335,7.79,4.34,5.51
3182,13,14,5,2007,22.638333333333332,5.67,4.3100000000000005,5.15
3183,13,15,5,2007,24.96666666666667,6.82,5.0,6.13
3184,13,16,5,2007,26.655,7.69,5.59,6.88
3185,13,17,5,2007,27.554166666666664,8.0,5.79,7.1400000000000015
3186,13,18,5,2007,28.30666666666667,8.22,5.99,7.36
3187,13,19,5,2007,29.24416666666667,10.27,7.4,9.2
3188,13,20,5,2007,29.6825,10.36,7.47,9.29
3189,13,21,5,2007,29.902500000000003,10.2,7.17,9.02
3190,13,22,5,2007,30.02916666666667,11.04,7.71,9.75
3191,13,23,5,2007,29.4175,11.1,7.45,9.59
3192,14,0,5,2007,27.878333333333334,10.57,6.03,8.44
3193,14,1,5,2007,25.734166666666663,13.66,5.01,9.02
3194,14,2,5,2007,24.3275,13.75,5.4,9.06
3195,14,3,5,2007,23.55,14.95,6.7,10.38
3196,14,4,5,2007,23.262500000000003,15.0,6.8,10.48
3197,14,5,5,2007,22.708333333333332,15.04,6.8500000000000005,10.54
3198,14,6,5,2007,22.223333333333333,15.21,7.03,10.76
3199,14,7,5,2007,21.7075,15.19,6.71,10.41
3200,14,8,5,2007,21.455,15.82,7.26,11.11
3201,14,9,5,2007,21.4975,15.32,7.23,10.92
3202,14,10,5,2007,21.132499999999997,15.36,7.51,11.18
3203,14,11,5,2007,20.249166666666667,14.94,7.31,10.74
3204,14,12,5,2007,21.396666666666665,14.85,9.21,12.23
3205,14,13,5,2007,22.609166666666667,13.57,8.01,10.76
3206,14,14,5,2007,23.878333333333334,12.42,8.73,10.97
3207,14,15,5,2007,25.47333333333334,13.78,9.64,12.15
3208,14,16,5,2007,26.534166666666664,13.8,9.66,12.17
3209,14,17,5,2007,27.5425,13.67,9.59,12.06
3210,14,18,5,2007,28.474999999999998,13.24,9.33,11.71
3211,14,19,5,2007,29.110833333333332,13.17,9.28,11.65
3212,14,20,5,2007,29.50416666666666,12.8,9.02,11.32
3213,14,21,5,2007,29.63916666666667,12.82,8.97,11.32
3214,14,22,5,2007,29.594999999999995,12.82,8.97,11.36
3215,14,23,5,2007,29.142500000000002,11.24,7.72,9.82
3216,15,0,5,2007,27.69666666666667,12.46,7.3,10.0
3217,15,1,5,2007,25.925,12.88,5.47,9.09
3218,15,2,5,2007,25.238333333333333,14.6,6.7700000000000005,10.38
3219,15,3,5,2007,24.063333333333333,12.96,5.08,8.53
3220,15,4,5,2007,20.116666666666667,11.56,7.53,9.79
3221,15,5,5,2007,19.23416666666667,8.5,3.97,6.23
3222,15,6,5,2007,18.771666666666665,8.02,4.87,6.42
3223,15,7,5,2007,18.055833333333336,6.53,3.68,4.68
3224,15,8,5,2007,17.672500000000003,7.63,4.16,5.83
3225,15,9,5,2007,17.4425,9.89,5.61,7.88
3226,15,10,5,2007,16.4475,12.89,8.68,11.1
3227,15,11,5,2007,14.295833333333334,12.34,7.9,10.17
3228,15,12,5,2007,13.497500000000002,12.74,8.52,10.9
3229,15,13,5,2007,13.141666666666666,11.79,8.48,10.54
3230,15,14,5,2007,13.096666666666666,13.06,9.28,11.64
3231,15,15,5,2007,14.218333333333334,10.4,7.4,9.22
3232,15,16,5,2007,15.479999999999999,11.07,7.95,9.83
3233,15,17,5,2007,16.289999999999996,12.09,8.81,10.89
3234,15,18,5,2007,16.589166666666667,12.61,9.15,11.27
3235,15,19,5,2007,16.921666666666663,12.85,9.59,11.72
3236,15,20,5,2007,17.066666666666666,12.13,8.91,10.97
3237,15,21,5,2007,17.146666666666665,13.46,9.68,12.09
3238,15,22,5,2007,17.034166666666668,13.39,9.72,12.04
3239,15,23,5,2007,16.81,12.33,8.700000000000001,10.93
3240,16,0,5,2007,16.261666666666667,11.76,8.01,10.24
3241,16,1,5,2007,14.989166666666668,12.89,5.75,8.97
3242,16,2,5,2007,13.823333333333332,11.92,4.5200000000000005,7.9300000000000015
3243,16,3,5,2007,12.869166666666665,10.63,3.69,7.19
3244,16,4,5,2007,12.340000000000002,10.81,4.23,7.5
3245,16,5,5,2007,11.81583333333333,10.88,4.23,7.62
3246,16,6,5,2007,11.376666666666667,9.99,3.89,7.38
3247,16,7,5,2007,10.704999999999998,9.05,4.01,7.55
3248,16,8,5,2007,10.288333333333336,7.84,3.5500000000000003,6.83
3249,16,9,5,2007,9.998333333333335,7.94,3.81,6.76
3250,16,10,5,2007,9.747499999999999,8.06,4.39,7.12
3251,16,11,5,2007,9.828333333333335,8.65,4.7,7.53
3252,16,12,5,2007,11.186666666666667,8.65,4.84,7.31
3253,16,13,5,2007,13.034999999999998,7.05,3.87,4.58
3254,16,14,5,2007,15.363333333333332,4.71,3.6,4.3
3255,16,15,5,2007,17.279166666666665,4.46,3.37,4.04
3256,16,16,5,2007,18.581666666666667,5.01,3.73,4.49
3257,16,17,5,2007,19.546666666666667,5.51,4.11,4.96
3258,16,18,5,2007,20.28333333333333,5.39,4.0600000000000005,4.87
3259,16,19,5,2007,20.875,5.82,4.36,5.25
3260,16,20,5,2007,21.302500000000002,6.12,4.5600000000000005,5.5200000000000005
3261,16,21,5,2007,21.551666666666673,6.2700000000000005,4.73,5.71
3262,16,22,5,2007,21.709999999999997,5.45,4.0,4.87
3263,16,23,5,2007,21.405833333333334,6.12,4.41,5.51
3264,17,0,5,2007,19.676666666666666,8.08,4.0200000000000005,5.84
3265,17,1,5,2007,17.34,10.3,3.54,6.4
3266,17,2,5,2007,16.41,10.99,3.63,6.5200000000000005
3267,17,3,5,2007,15.9625,9.95,4.83,7.11
3268,17,4,5,2007,14.716666666666667,5.0,2.26,3.46
3269,17,5,5,2007,14.685833333333333,3.5700000000000003,1.21,2.39
3270,17,6,5,2007,14.291666666666666,13.25,3.21,8.71
3271,17,7,5,2007,12.780833333333334,12.64,4.7,9.74
3272,17,8,5,2007,11.225833333333334,10.61,2.95,5.91
3273,17,9,5,2007,10.278333333333332,10.23,2.04,5.78
3274,17,10,5,2007,9.240833333333333,9.54,2.38,6.11
3275,17,11,5,2007,8.193333333333333,9.31,2.03,5.55
3276,17,12,5,2007,8.983333333333334,8.83,3.5,5.19
3277,17,13,5,2007,10.545,5.8,3.99,4.8
3278,17,14,5,2007,12.156666666666666,5.62,4.4,5.24
3279,17,15,5,2007,13.868333333333332,5.89,4.61,5.49
3280,17,16,5,2007,15.214166666666664,5.69,4.47,5.3
3281,17,17,5,2007,16.4225,4.3500000000000005,3.48,4.08
3282,17,18,5,2007,17.473333333333333,3.7,3.02,3.5
3283,17,19,5,2007,18.359166666666667,3.41,2.8000000000000003,3.23
3284,17,20,5,2007,19.025833333333335,3.5700000000000003,3.0500000000000003,3.47
3285,17,21,5,2007,19.522499999999997,3.46,2.73,3.21
3286,17,22,5,2007,19.745833333333334,4.72,3.72,4.42
3287,17,23,5,2007,19.564999999999998,4.62,3.5700000000000003,4.23
3288,18,0,5,2007,18.605,6.5600000000000005,3.3200000000000003,5.19
3289,18,1,5,2007,16.143333333333334,8.540000000000001,3.66,7.0600000000000005
3290,18,2,5,2007,14.628333333333332,10.45,4.21,8.01
3291,18,3,5,2007,13.524166666666666,10.7,4.84,8.51
3292,18,4,5,2007,12.9625,11.02,4.91,8.55
3293,18,5,5,2007,12.351666666666667,11.99,5.17,8.63
3294,18,6,5,2007,11.723333333333334,12.73,5.72,9.1
3295,18,7,5,2007,11.280000000000001,13.36,6.2700000000000005,9.49
3296,18,8,5,2007,10.884166666666667,13.36,6.44,9.6
3297,18,9,5,2007,10.241666666666667,13.63,6.62,9.74
3298,18,10,5,2007,9.780833333333334,13.83,6.87,9.99
3299,18,11,5,2007,9.444999999999999,13.81,7.12,10.01
3300,18,12,5,2007,10.444166666666668,12.86,7.41,9.94
3301,18,13,5,2007,11.991666666666665,10.28,6.2,7.81
3302,18,14,5,2007,14.438333333333333,8.77,6.47,7.95
3303,18,15,5,2007,16.643333333333334,8.69,6.45,7.91
3304,18,16,5,2007,18.366666666666667,8.75,6.47,7.9300000000000015
3305,18,17,5,2007,19.765833333333337,8.46,6.26,7.67
3306,18,18,5,2007,20.959999999999997,8.06,5.92,7.26
3307,18,19,5,2007,21.90416666666667,7.72,5.68,6.94
3308,18,20,5,2007,22.548333333333332,7.75,5.74,7.03
3309,18,21,5,2007,22.974166666666665,7.91,5.83,7.16
3310,18,22,5,2007,22.994999999999994,8.3,6.07,7.5
3311,18,23,5,2007,22.6925,9.12,6.45,8.19
3312,19,0,5,2007,21.561666666666664,10.05,5.67,7.38
3313,19,1,5,2007,19.245,12.83,5.58,9.07
3314,19,2,5,2007,17.784166666666668,13.63,6.29,9.7
3315,19,3,5,2007,16.6875,14.08,6.47,9.87
3316,19,4,5,2007,15.876666666666667,14.42,6.82,10.2
3317,19,5,5,2007,15.472500000000002,14.41,6.71,10.13
3318,19,6,5,2007,15.238333333333335,14.94,7.23,10.72
3319,19,7,5,2007,14.977500000000001,14.82,7.1400000000000015,10.64
3320,19,8,5,2007,14.906666666666666,14.67,6.98,10.43
3321,19,9,5,2007,14.652499999999998,14.75,7.09,10.61
3322,19,10,5,2007,14.519166666666669,14.94,7.18,10.67
3323,19,11,5,2007,14.115833333333335,14.87,7.0,10.47
3324,19,12,5,2007,15.151666666666669,13.33,7.22,9.84
3325,19,13,5,2007,16.662500000000005,9.58,6.0600000000000005,7.65
3326,19,14,5,2007,18.589166666666667,9.44,6.83,8.46
3327,19,15,5,2007,20.121666666666666,9.59,6.92,8.58
3328,19,16,5,2007,21.474999999999998,9.67,6.93,8.61
3329,19,17,5,2007,22.56833333333333,9.6,6.91,8.56
3330,19,18,5,2007,23.445000000000004,8.97,6.45,7.98
3331,19,19,5,2007,24.113333333333333,9.03,6.54,8.08
3332,19,20,5,2007,24.6825,9.32,6.74,8.35
3333,19,21,5,2007,24.989166666666666,9.13,6.61,8.19
3334,19,22,5,2007,25.016666666666666,9.54,6.69,8.47
3335,19,23,5,2007,24.70083333333334,9.67,6.76,8.620000000000001
3336,20,0,5,2007,23.724999999999998,8.6,5.72,7.4
3337,20,1,5,2007,21.355833333333333,9.67,3.75,6.8500000000000005
3338,20,2,5,2007,20.43583333333334,12.54,4.94,8.52
3339,20,3,5,2007,19.75583333333333,13.37,5.8500000000000005,9.3
3340,20,4,5,2007,18.845000000000002,13.25,5.43,8.99
3341,20,5,5,2007,18.065833333333334,13.67,5.86,9.31
3342,20,6,5,2007,17.365000000000002,12.83,5.51,8.89
3343,20,7,5,2007,16.65,12.54,5.8100000000000005,8.94
3344,20,8,5,2007,16.106666666666666,12.89,5.63,8.86
3345,20,9,5,2007,15.549999999999997,13.0,5.69,8.91
3346,20,10,5,2007,15.001666666666665,12.93,5.71,8.870000000000003
3347,20,11,5,2007,14.900833333333333,12.88,6.3100000000000005,8.98
3348,20,12,5,2007,16.640833333333333,11.81,6.45,8.78
3349,20,13,5,2007,18.313333333333336,8.41,5.87,7.19
3350,20,14,5,2007,19.915833333333335,7.97,5.84,7.17
3351,20,15,5,2007,21.375,8.4,6.12,7.54
3352,20,16,5,2007,22.525833333333335,8.15,5.93,7.31
3353,20,17,5,2007,23.69666666666667,7.72,5.62,6.9
3354,20,18,5,2007,24.661666666666672,8.46,6.15,7.57
3355,20,19,5,2007,25.304166666666664,8.82,6.26,7.83
3356,20,20,5,2007,25.739999999999995,9.43,6.88,8.5
3357,20,21,5,2007,25.804999999999996,11.79,8.69,10.76
3358,20,22,5,2007,25.727499999999996,10.01,7.54,9.2
3359,20,23,5,2007,25.69083333333334,10.29,6.94,8.9
3360,21,0,5,2007,24.775833333333328,10.51,6.55,8.55
3361,21,1,5,2007,22.731666666666666,12.47,5.5,8.76
3362,21,2,5,2007,21.540833333333335,12.45,5.53,8.76
3363,21,3,5,2007,20.444166666666668,12.34,5.48,8.67
3364,21,4,5,2007,19.625,13.45,6.24,9.46
3365,21,5,5,2007,19.110833333333336,13.75,6.58,9.77
3366,21,6,5,2007,18.620833333333334,13.8,6.45,9.64
3367,21,7,5,2007,17.898333333333333,13.5,6.33,9.44
3368,21,8,5,2007,17.360000000000003,13.35,6.0200000000000005,9.15
3369,21,9,5,2007,16.983333333333334,13.28,6.23,9.31
3370,21,10,5,2007,16.559166666666666,13.24,6.18,9.27
3371,21,11,5,2007,16.391666666666666,13.3,6.73,9.63
3372,21,12,5,2007,17.609166666666663,12.02,7.08,9.54
3373,21,13,5,2007,19.143333333333334,9.74,6.97,8.64
3374,21,14,5,2007,20.76,10.2,7.37,9.15
3375,21,15,5,2007,22.21416666666667,10.29,7.4,9.21
3376,21,16,5,2007,23.540000000000003,10.32,7.4,9.2
3377,21,17,5,2007,24.58583333333333,10.23,7.33,9.09
3378,21,18,5,2007,25.3325,11.26,8.06,10.01
3379,21,19,5,2007,25.515833333333337,12.37,8.64,10.96
3380,21,20,5,2007,25.872500000000002,12.77,9.09,11.38
3381,21,21,5,2007,26.046666666666663,13.4,9.29,11.87
3382,21,22,5,2007,25.633333333333336,14.11,9.87,12.52
3383,21,23,5,2007,25.172499999999996,14.2,9.71,12.4
3384,22,0,5,2007,24.117499999999996,13.94,9.63,12.29
3385,22,1,5,2007,22.629166666666666,13.43,6.47,9.79
3386,22,2,5,2007,21.67083333333333,13.58,6.5600000000000005,9.8
3387,22,3,5,2007,21.290000000000003,13.59,7.35,10.36
3388,22,4,5,2007,20.689999999999998,14.6,8.01,11.24
3389,22,5,5,2007,20.018333333333334,14.65,8.11,11.38
3390,22,6,5,2007,19.554999999999996,14.51,8.18,11.32
3391,22,7,5,2007,18.99,15.15,8.84,12.03
3392,22,8,5,2007,18.473333333333333,15.54,9.21,12.51
3393,22,9,5,2007,17.910833333333336,15.86,9.47,12.84
3394,22,10,5,2007,17.410833333333336,15.86,9.62,12.93
3395,22,11,5,2007,17.42833333333333,15.77,9.5,12.77
3396,22,12,5,2007,18.14583333333334,13.81,9.12,11.68
3397,22,13,5,2007,18.827500000000004,13.82,9.65,12.18
3398,22,14,5,2007,20.239166666666666,13.19,9.35,11.73
3399,22,15,5,2007,21.606666666666666,13.46,9.61,12.02
3400,22,16,5,2007,23.385,13.64,9.65,12.06
3401,22,17,5,2007,24.256666666666664,16.18,11.58,14.52
3402,22,18,5,2007,24.75333333333333,15.82,11.17,14.04
3403,22,19,5,2007,25.291666666666668,15.22,10.79,13.52
3404,22,20,5,2007,25.8,15.49,10.85,13.67
3405,22,21,5,2007,25.9075,15.93,11.1,14.1
3406,22,22,5,2007,25.817500000000006,15.81,10.98,13.93
3407,22,23,5,2007,25.500833333333333,16.2,11.12,14.21
3408,23,0,5,2007,24.564166666666665,15.7,10.61,13.68
3409,23,1,5,2007,23.245,15.41,9.33,12.53
3410,23,2,5,2007,22.022500000000004,15.84,8.97,12.36
3411,23,3,5,2007,21.011666666666667,17.18,10.22,13.82
3412,23,4,5,2007,20.288333333333334,16.2,9.78,13.14
3413,23,5,5,2007,19.570000000000004,15.75,9.16,12.44
3414,23,6,5,2007,18.6825,15.46,9.23,12.46
3415,23,7,5,2007,18.236666666666668,14.49,8.370000000000001,11.39
3416,23,8,5,2007,17.99,14.81,8.620000000000001,11.68
3417,23,9,5,2007,18.001666666666665,13.31,8.09,10.75
3418,23,10,5,2007,19.2975,13.18,8.790000000000001,11.3
3419,23,11,5,2007,19.85166666666667,11.37,7.2,9.45
3420,23,12,5,2007,20.03666666666667,13.09,8.49,11.12
3421,23,13,5,2007,20.10833333333333,13.22,8.73,11.34
3422,23,14,5,2007,20.355,12.94,8.6,10.92
3423,23,15,5,2007,21.678333333333338,13.1,9.43,11.76
3424,23,16,5,2007,23.524166666666662,13.25,9.5,11.83
3425,23,17,5,2007,24.56,12.74,9.2,11.42
3426,23,18,5,2007,25.245,12.82,9.2,11.52
3427,23,19,5,2007,26.081666666666663,13.73,9.79,12.21
3428,23,20,5,2007,26.55666666666667,13.44,9.47,11.88
3429,23,21,5,2007,26.258333333333336,14.84,10.16,12.95
3430,23,22,5,2007,19.195000000000004,16.63,11.62,14.5
3431,23,23,5,2007,18.0,11.99,8.2,10.33
3432,24,0,5,2007,18.346666666666668,11.03,6.79,9.1
3433,24,1,5,2007,17.914166666666667,10.51,7.0600000000000005,9.09
3434,24,2,5,2007,17.66,10.04,6.24,8.3
3435,24,3,5,2007,17.68583333333333,10.78,6.8,8.870000000000003
3436,24,4,5,2007,17.343333333333337,9.08,6.0,7.74
3437,24,5,5,2007,17.588333333333335,7.66,4.93,6.38
3438,24,6,5,2007,17.651666666666667,7.57,4.63,6.16
3439,24,7,5,2007,17.44666666666667,6.67,4.2,5.53
3440,24,8,5,2007,17.4525,6.57,4.0200000000000005,5.2
3441,24,9,5,2007,17.558333333333337,6.98,3.94,5.36
3442,24,10,5,2007,17.504166666666666,7.3900000000000015,4.78,6.23
3443,24,11,5,2007,17.199166666666667,6.8500000000000005,4.6000000000000005,5.88
3444,24,12,5,2007,17.294999999999998,10.04,6.66,8.59
3445,24,13,5,2007,17.8,8.2,5.5200000000000005,6.91
3446,24,14,5,2007,12.378333333333332,14.16,8.9,11.48
3447,24,15,5,2007,11.044166666666667,12.18,8.16,10.41
3448,24,16,5,2007,11.050833333333332,12.31,8.22,10.47
3449,24,17,5,2007,11.385,10.17,6.94,8.76
3450,24,18,5,2007,11.786666666666667,8.790000000000001,6.3100000000000005,7.84
3451,24,19,5,2007,13.323333333333336,6.59,4.89,5.92
3452,24,20,5,2007,14.940000000000003,7.45,5.55,6.74
3453,24,21,5,2007,15.983333333333334,6.26,4.7,5.67
3454,24,22,5,2007,16.90666666666667,5.51,4.11,4.99
3455,24,23,5,2007,17.383333333333336,4.64,3.46,4.2
3456,25,0,5,2007,17.257499999999997,3.69,2.68,3.28
3457,25,1,5,2007,15.615833333333333,2.65,1.19,2.35
3458,25,2,5,2007,14.000833333333334,4.29,2.19,4.28
3459,25,3,5,2007,13.419166666666667,3.3000000000000003,2.13,3.41
3460,25,4,5,2007,12.913333333333334,3.44,2.17,3.4
3461,25,5,5,2007,12.730833333333335,3.38,2.01,3.27
3462,25,6,5,2007,12.412500000000001,3.66,2.0,3.35
3463,25,7,5,2007,12.2675,3.56,1.93,3.23
3464,25,8,5,2007,11.777500000000002,3.93,1.75,3.15
3465,25,9,5,2007,11.2575,4.36,1.48,3.01
3466,25,10,5,2007,10.545,5.08,1.7,3.46
3467,25,11,5,2007,9.9125,5.88,2.12,4.16
3468,25,12,5,2007,11.199166666666668,5.98,2.47,4.2
3469,25,13,5,2007,12.985833333333332,4.94,3.27,3.92
3470,25,14,5,2007,14.701666666666666,5.8100000000000005,4.43,5.3100000000000005
3471,25,15,5,2007,16.113333333333333,6.01,4.62,5.5200000000000005
3472,25,16,5,2007,17.21666666666667,6.04,4.64,5.54
3473,25,17,5,2007,18.25916666666667,5.66,4.39,5.2
3474,25,18,5,2007,19.263333333333335,5.21,4.01,4.7700000000000005
3475,25,19,5,2007,20.094166666666663,5.07,3.9,4.64
3476,25,20,5,2007,20.768333333333334,5.53,4.25,5.07
3477,25,21,5,2007,21.172500000000003,5.83,4.53,5.4
3478,25,22,5,2007,21.092499999999998,6.23,4.74,5.71
3479,25,23,5,2007,20.739166666666666,6.9,5.04,6.2
3480,26,0,5,2007,19.893333333333334,7.1400000000000015,5.17,6.4
3481,26,1,5,2007,18.166666666666668,8.16,3.64,6.16
3482,26,2,5,2007,16.490000000000002,9.25,3.62,6.22
3483,26,3,5,2007,15.826666666666666,9.7,4.24,6.72
3484,26,4,5,2007,15.415,9.42,4.01,6.3500000000000005
3485,26,5,5,2007,15.725833333333332,9.69,4.45,6.91
3486,26,6,5,2007,15.779166666666667,9.25,4.19,6.54
3487,26,7,5,2007,15.82,10.62,5.43,7.77
3488,26,8,5,2007,16.120833333333334,9.73,5.05,7.24
3489,26,9,5,2007,16.874166666666667,9.16,4.92,6.86
3490,26,10,5,2007,17.588333333333335,10.15,5.73,7.95
3491,26,11,5,2007,17.385833333333334,11.41,6.43,8.77
3492,26,12,5,2007,18.24,11.04,6.38,8.620000000000001
3493,26,13,5,2007,19.745833333333334,8.06,5.83,7.1400000000000015
3494,26,14,5,2007,21.38333333333333,6.57,4.79,5.87
3495,26,15,5,2007,22.59,5.96,4.4,5.3500000000000005
3496,26,16,5,2007,23.3275,5.45,4.1,4.94
3497,26,17,5,2007,24.14416666666666,5.34,4.0200000000000005,4.84
3498,26,18,5,2007,25.063333333333333,5.14,3.92,4.69
3499,26,19,5,2007,25.796666666666663,4.94,3.73,4.46
3500,26,20,5,2007,26.365,4.42,3.33,3.99
3501,26,21,5,2007,22.801666666666666,11.2,8.06,10.13
3502,26,22,5,2007,20.724166666666665,9.89,6.92,8.620000000000001
3503,26,23,5,2007,18.993333333333332,10.39,7.46,9.31
3504,27,0,5,2007,17.699166666666667,9.12,5.88,7.48
3505,27,1,5,2007,17.675833333333333,8.42,5.0600000000000005,6.69
3506,27,2,5,2007,17.144166666666667,6.7700000000000005,2.97,4.65
3507,27,3,5,2007,16.533333333333335,6.05,1.84,3.43
3508,27,4,5,2007,15.882499999999999,3.34,2.66,3.47
3509,27,5,5,2007,15.988333333333335,2.62,1.37,2.29
3510,27,6,5,2007,15.826666666666666,3.72,2.16,3.47
3511,27,7,5,2007,16.118333333333336,3.65,2.16,3.2
3512,27,8,5,2007,16.324166666666667,2.5,0.84,1.58
3513,27,9,5,2007,15.909166666666671,2.38,0.41,1.2
3514,27,10,5,2007,15.546666666666667,2.36,0.6,1.21
3515,27,11,5,2007,15.656666666666666,3.78,1.78,2.66
3516,27,12,5,2007,15.695833333333335,4.0,2.67,3.25
3517,27,13,5,2007,15.853333333333333,4.34,3.41,4.03
3518,27,14,5,2007,17.418333333333333,4.54,3.62,4.26
3519,27,15,5,2007,19.109166666666663,3.78,3.01,3.53
3520,27,16,5,2007,20.263333333333335,4.42,3.52,4.16
3521,27,17,5,2007,20.820833333333336,4.68,3.68,4.39
3522,27,18,5,2007,21.813333333333333,4.86,3.84,4.55
3523,27,19,5,2007,22.641666666666666,4.29,3.35,3.97
3524,27,20,5,2007,24.156666666666666,4.76,3.68,4.46
3525,27,21,5,2007,24.659999999999997,4.95,4.0600000000000005,4.75
3526,27,22,5,2007,24.920833333333338,5.19,3.98,4.82
3527,27,23,5,2007,24.10166666666667,8.09,6.08,7.45
3528,28,0,5,2007,23.375,6.95,4.66,5.8
3529,28,1,5,2007,21.718333333333337,7.82,3.69,6.2
3530,28,2,5,2007,20.6725,9.49,3.69,6.69
3531,28,3,5,2007,19.68166666666667,10.35,4.09,6.91
3532,28,4,5,2007,18.789166666666667,10.9,4.47,7.36
3533,28,5,5,2007,18.003333333333334,11.29,4.79,7.61
3534,28,6,5,2007,17.694166666666668,11.04,4.8500000000000005,7.61
3535,28,7,5,2007,17.137500000000003,9.72,4.5,6.88
3536,28,8,5,2007,16.8175,9.25,4.5600000000000005,6.6400000000000015
3537,28,9,5,2007,16.595833333333335,8.76,4.43,6.38
3538,28,10,5,2007,16.8975,9.72,5.33,7.19
3539,28,11,5,2007,16.654166666666665,9.16,5.03,7.03
3540,28,12,5,2007,17.757500000000004,8.68,5.5600000000000005,6.97
3541,28,13,5,2007,18.24,8.120000000000001,5.78,7.22
3542,28,14,5,2007,19.449166666666667,9.63,6.9,8.6
3543,28,15,5,2007,20.819999999999997,10.25,7.4,9.17
3544,28,16,5,2007,21.831666666666663,8.61,6.28,7.76
3545,28,17,5,2007,22.939166666666665,9.54,6.91,8.55
3546,28,18,5,2007,24.331666666666663,10.12,7.38,9.11
3547,28,19,5,2007,24.935000000000002,10.52,7.6400000000000015,9.49
3548,28,20,5,2007,25.76666666666667,11.21,8.36,10.25
3549,28,21,5,2007,26.265,11.31,8.13,10.16
3550,28,22,5,2007,26.212500000000002,11.41,8.0,10.05
3551,28,23,5,2007,25.20416666666667,14.77,9.24,12.0
3552,29,0,5,2007,19.9475,14.48,9.73,12.57
3553,29,1,5,2007,20.430000000000003,12.76,6.91,9.8
3554,29,2,5,2007,19.465833333333332,13.3,7.47,10.39
3555,29,3,5,2007,19.03,12.48,6.93,9.72
3556,29,4,5,2007,18.78916666666667,12.5,7.08,9.78
3557,29,5,5,2007,18.22083333333333,12.11,6.3,9.12
3558,29,6,5,2007,17.725833333333334,12.3,6.2,8.93
3559,29,7,5,2007,18.117500000000003,12.78,7.0,9.72
3560,29,8,5,2007,18.206666666666663,12.04,6.63,9.23
3561,29,9,5,2007,18.01583333333333,13.67,7.62,10.61
3562,29,10,5,2007,17.547500000000003,12.58,6.65,9.47
3563,29,11,5,2007,17.380833333333335,12.17,7.22,9.77
3564,29,12,5,2007,18.155833333333337,12.42,7.8900000000000015,10.34
3565,29,13,5,2007,19.339166666666667,9.05,6.18,7.69
3566,29,14,5,2007,20.7625,8.91,6.41,7.97
3567,29,15,5,2007,22.07166666666667,9.38,6.74,8.370000000000001
3568,29,16,5,2007,23.39333333333334,9.0,6.44,7.98
3569,29,17,5,2007,24.48833333333333,9.52,6.84,8.47
3570,29,18,5,2007,25.330000000000002,11.49,8.43,10.46
3571,29,19,5,2007,25.69333333333333,10.78,8.22,9.96
3572,29,20,5,2007,26.024999999999995,10.98,7.95,9.89
3573,29,21,5,2007,23.3775,8.63,6.8100000000000005,8.22
3574,29,22,5,2007,23.763333333333332,8.3,5.65,7.21
3575,29,23,5,2007,21.617500000000003,11.24,6.61,8.6
3576,30,0,5,2007,22.0425,10.77,4.89,7.58
3577,30,1,5,2007,21.815833333333334,11.32,4.98,8.07
3578,30,2,5,2007,20.996666666666666,13.27,5.09,8.56
3579,30,3,5,2007,19.930833333333332,11.85,4.78,8.07
3580,30,4,5,2007,19.506666666666664,12.31,5.2,8.55
3581,30,5,5,2007,18.919166666666666,12.93,5.54,8.69
3582,30,6,5,2007,18.684999999999995,12.96,5.69,8.76
3583,30,7,5,2007,18.111666666666668,12.27,5.87,8.68
3584,30,8,5,2007,17.836666666666666,12.06,5.99,8.85
3585,30,9,5,2007,17.75666666666667,12.31,6.2,9.07
3586,30,10,5,2007,17.752499999999998,12.21,6.22,9.01
3587,30,11,5,2007,17.4725,11.04,5.12,7.9
3588,30,12,5,2007,18.03,9.51,5.54,7.29
3589,30,13,5,2007,19.158333333333335,7.63,5.57,6.83
3590,30,14,5,2007,20.354166666666668,7.35,5.43,6.67
3591,30,15,5,2007,21.061666666666664,7.3,5.19,6.51
3592,30,16,5,2007,20.61583333333333,6.5600000000000005,4.66,5.87
3593,30,17,5,2007,21.07,4.84,3.68,4.45
3594,30,18,5,2007,22.835833333333337,4.04,3.0500000000000003,3.66
3595,30,19,5,2007,23.1225,5.17,4.19,4.91
3596,30,20,5,2007,22.38333333333333,7.21,5.71,6.88
3597,30,21,5,2007,23.387500000000003,5.04,3.4,4.2700000000000005
3598,30,22,5,2007,20.692500000000003,6.91,5.2,6.34
3599,30,23,5,2007,20.5675,3.96,3.33,3.89
3600,31,0,5,2007,20.521666666666665,2.74,2.29,2.68
3601,31,1,5,2007,19.531666666666666,3.02,1.79,2.96
3602,31,2,5,2007,18.298333333333332,3.0,2.62,3.08
3603,31,3,5,2007,17.889166666666668,7.23,2.59,6.07
3604,31,4,5,2007,17.7825,7.43,3.84,6.61
3605,31,5,5,2007,17.025000000000002,5.17,2.85,5.47
3606,31,6,5,2007,16.026666666666667,4.3500000000000005,2.32,4.0600000000000005
3607,31,7,5,2007,15.436666666666667,4.2,2.18,3.71
3608,31,8,5,2007,15.168333333333335,1.78,1.03,1.45
3609,31,9,5,2007,14.365,0.98,1.03,0.98
3610,31,10,5,2007,13.70833333333333,1.41,0.75,1.4
3611,31,11,5,2007,13.755,1.81,0.99,1.63
3612,31,12,5,2007,15.499166666666662,2.4,1.61,1.99
3613,31,13,5,2007,17.90833333333333,2.37,1.63,1.78
3614,31,14,5,2007,19.769166666666667,2.33,1.99,2.28
3615,31,15,5,2007,21.52916666666667,2.75,2.25,2.6
3616,31,16,5,2007,22.553333333333338,3.13,2.54,2.94
3617,31,17,5,2007,23.295,4.3500000000000005,3.47,4.07
3618,31,18,5,2007,23.85666666666667,5.14,4.03,4.7700000000000005
3619,31,19,5,2007,24.297500000000003,6.15,4.74,5.67
3620,31,20,5,2007,24.555833333333336,7.25,5.44,6.59
3621,31,21,5,2007,24.679166666666664,7.6400000000000015,5.7,6.94
3622,31,22,5,2007,24.764166666666668,7.9,5.82,7.1400000000000015
3623,31,23,5,2007,24.695833333333336,6.84,4.91,6.09
3624,1,0,6,2007,23.989166666666666,6.92,4.01,5.15
3625,1,1,6,2007,22.262500000000003,8.34,3.23,6.28
3626,1,2,6,2007,20.5525,7.38,3.9,5.1000000000000005
3627,1,3,6,2007,17.209999999999997,7.83,4.26,6.37
3628,1,4,6,2007,16.69,4.13,3.04,4.93
3629,1,5,6,2007,16.787499999999998,6.99,4.17,5.69
3630,1,6,6,2007,16.492500000000003,4.83,2.74,4.29
3631,1,7,6,2007,17.045,6.29,3.35,5.03
3632,1,8,6,2007,17.293333333333333,7.1000000000000005,3.66,5.76
3633,1,9,6,2007,16.964166666666667,7.78,3.5500000000000003,6.09
3634,1,10,6,2007,17.32166666666667,7.66,3.64,6.04
3635,1,11,6,2007,17.015833333333337,9.22,4.41,6.66
3636,1,12,6,2007,18.094166666666666,9.28,5.25,7.12
3637,1,13,6,2007,18.9225,7.58,5.23,6.45
3638,1,14,6,2007,20.276666666666667,6.6400000000000015,4.84,5.96
3639,1,15,6,2007,21.56416666666667,5.88,4.26,5.24
3640,1,16,6,2007,22.727499999999996,5.59,4.14,5.0200000000000005
3641,1,17,6,2007,23.800833333333333,6.05,4.51,5.45
3642,1,18,6,2007,24.26,6.43,4.75,5.78
3643,1,19,6,2007,25.149166666666662,6.8,5.12,6.17
3644,1,20,6,2007,25.507500000000004,8.36,5.99,7.43
3645,1,21,6,2007,20.756666666666668,14.58,8.86,11.89
3646,1,22,6,2007,18.68,10.37,7.67,9.42
3647,1,23,6,2007,18.910833333333333,6.86,5.03,6.16
3648,2,0,6,2007,19.621666666666666,2.96,2.16,2.74
3649,2,1,6,2007,18.861666666666668,5.3100000000000005,3.37,4.63
3650,2,2,6,2007,18.18,6.92,3.64,5.62
3651,2,3,6,2007,17.96833333333333,7.57,4.15,6.19
3652,2,4,6,2007,17.278333333333332,8.82,4.34,6.96
3653,2,5,6,2007,17.00166666666667,9.3,5.0200000000000005,7.66
3654,2,6,6,2007,16.264999999999997,9.89,4.97,7.69
3655,2,7,6,2007,15.887499999999998,10.04,5.08,7.71
3656,2,8,6,2007,15.595000000000004,9.96,5.07,7.68
3657,2,9,6,2007,15.321666666666667,10.29,5.59,8.040000000000001
3658,2,10,6,2007,14.925000000000002,10.23,5.58,8.01
3659,2,11,6,2007,14.741666666666667,8.72,5.28,7.33
3660,2,12,6,2007,15.045,8.620000000000001,5.5,7.23
3661,2,13,6,2007,16.01833333333333,7.68,5.92,7.08
3662,2,14,6,2007,17.665000000000003,7.74,5.84,7.0600000000000005
3663,2,15,6,2007,19.32083333333333,6.96,5.18,6.22
3664,2,16,6,2007,21.448333333333334,7.98,5.87,7.15
3665,2,17,6,2007,22.71166666666667,8.56,6.25,7.65
3666,2,18,6,2007,23.418333333333337,10.06,7.35,9.03
3667,2,19,6,2007,23.851666666666663,10.25,7.5,9.21
3668,2,20,6,2007,23.726666666666663,9.86,7.21,8.86
3669,2,21,6,2007,24.017500000000002,10.08,7.1400000000000015,8.91
3670,2,22,6,2007,23.8725,10.59,7.45,9.35
3671,2,23,6,2007,23.7525,9.83,6.87,8.6
3672,3,0,6,2007,22.31833333333333,10.51,6.99,9.02
3673,3,1,6,2007,20.00583333333333,6.7700000000000005,2.98,5.17
3674,3,2,6,2007,18.875833333333336,8.07,2.75,6.08
3675,3,3,6,2007,18.0025,9.34,3.27,6.6000000000000005
3676,3,4,6,2007,17.0725,9.24,3.38,6.4
3677,3,5,6,2007,16.43583333333333,9.89,3.84,6.62
3678,3,6,6,2007,15.749166666666667,11.55,4.25,7.52
3679,3,7,6,2007,15.639999999999999,11.95,5.8,8.72
3680,3,8,6,2007,15.128333333333332,12.19,5.9,8.790000000000001
3681,3,9,6,2007,14.862500000000002,12.15,5.93,8.870000000000003
3682,3,10,6,2007,14.372499999999997,12.39,6.2,9.09
3683,3,11,6,2007,13.983333333333333,12.46,6.6400000000000015,9.1
3684,3,12,6,2007,15.005833333333333,11.07,6.91,9.1
3685,3,13,6,2007,16.46666666666667,8.94,6.5200000000000005,8.05
3686,3,14,6,2007,17.9725,9.35,6.74,8.33
3687,3,15,6,2007,19.705,10.35,7.44,9.2
3688,3,16,6,2007,21.07833333333333,10.47,7.54,9.33
3689,3,17,6,2007,22.28583333333334,10.93,7.83,9.71
3690,3,18,6,2007,23.2925,11.51,8.27,10.26
3691,3,19,6,2007,24.212499999999995,11.23,8.05,9.99
3692,3,20,6,2007,24.905,10.23,7.32,9.08
3693,3,21,6,2007,25.412499999999998,10.58,7.51,9.39
3694,3,22,6,2007,23.901666666666667,15.8,11.07,14.14
3695,3,23,6,2007,23.3475,10.64,7.37,9.34
3696,4,0,6,2007,22.750833333333336,9.26,6.51,8.21
3697,4,1,6,2007,21.478333333333335,9.92,3.85,6.98
3698,4,2,6,2007,19.9725,10.1,4.26,7.4
3699,4,3,6,2007,18.65,10.43,4.05,7.55
3700,4,4,6,2007,18.185833333333335,10.56,4.19,7.62
3701,4,5,6,2007,17.438333333333333,10.61,4.11,7.22
3702,4,6,6,2007,17.155833333333334,11.13,4.84,8.040000000000001
3703,4,7,6,2007,16.703333333333337,11.24,4.8,8.02
3704,4,8,6,2007,16.65833333333333,11.18,4.95,8.26
3705,4,9,6,2007,16.329166666666666,12.0,5.33,8.57
3706,4,10,6,2007,15.862499999999997,11.66,5.0600000000000005,8.15
3707,4,11,6,2007,15.727500000000001,12.07,6.11,8.67
3708,4,12,6,2007,17.134166666666665,10.95,6.08,8.25
3709,4,13,6,2007,18.774166666666666,7.46,5.54,6.76
3710,4,14,6,2007,20.575833333333332,7.73,5.62,6.91
3711,4,15,6,2007,22.19916666666667,8.0,5.82,7.17
3712,4,16,6,2007,23.602500000000003,8.24,5.98,7.35
3713,4,17,6,2007,24.66166666666666,8.700000000000001,6.32,7.77
3714,4,18,6,2007,25.429166666666664,8.57,6.24,7.66
3715,4,19,6,2007,26.13333333333334,8.31,6.05,7.42
3716,4,20,6,2007,26.667500000000004,8.370000000000001,6.07,7.49
3717,4,21,6,2007,27.030833333333337,8.15,5.96,7.32
3718,4,22,6,2007,26.91416666666667,8.11,5.79,7.23
3719,4,23,6,2007,25.7,17.47,11.85,15.1
3720,5,0,6,2007,20.45,9.97,6.05,7.9
3721,5,1,6,2007,21.068333333333335,8.86,4.11,7.05
3722,5,2,6,2007,19.91,8.94,4.42,7.07
3723,5,3,6,2007,19.025833333333335,4.1,3.06,4.93
3724,5,4,6,2007,18.281666666666666,8.1,3.92,6.54
3725,5,5,6,2007,17.465833333333332,10.61,4.4,7.46
3726,5,6,6,2007,16.645833333333332,10.53,4.69,7.73
3727,5,7,6,2007,16.3175,9.12,3.86,6.79
3728,5,8,6,2007,15.7275,8.88,4.03,6.72
3729,5,9,6,2007,15.350833333333332,9.23,4.18,6.99
3730,5,10,6,2007,15.158333333333333,9.88,4.57,7.17
3731,5,11,6,2007,14.601666666666667,9.66,4.94,6.83
3732,5,12,6,2007,15.150833333333331,8.44,4.7,6.47
3733,5,13,6,2007,16.37,5.5200000000000005,4.14,4.98
3734,5,14,6,2007,17.830833333333334,6.11,4.59,5.55
3735,5,15,6,2007,19.400833333333335,6.05,4.53,5.48
3736,5,16,6,2007,20.615833333333335,5.88,4.49,5.37
3737,5,17,6,2007,21.501666666666665,5.62,4.28,5.12
3738,5,18,6,2007,22.169166666666666,4.76,3.68,4.36
3739,5,19,6,2007,22.691666666666666,4.3500000000000005,3.45,4.05
3740,5,20,6,2007,23.174166666666665,3.06,2.46,2.85
3741,5,21,6,2007,23.53833333333333,1.94,1.75,1.93
3742,5,22,6,2007,23.64833333333333,2.28,2.03,2.27
3743,5,23,6,2007,23.59,2.34,2.06,2.32
3744,6,0,6,2007,23.14,3.31,1.95,3.0
3745,6,1,6,2007,21.015833333333333,5.5,2.38,4.3500000000000005
3746,6,2,6,2007,19.295833333333334,5.95,2.69,5.33
3747,6,3,6,2007,18.7625,7.55,3.8,6.62
3748,6,4,6,2007,18.359166666666667,9.93,4.18,7.5
3749,6,5,6,2007,17.968333333333337,11.38,4.7700000000000005,7.96
3750,6,6,6,2007,17.615,12.3,5.2700000000000005,8.32
3751,6,7,6,2007,17.371666666666666,12.77,5.59,8.64
3752,6,8,6,2007,17.4175,13.48,6.46,9.56
3753,6,9,6,2007,17.424166666666668,14.13,7.19,10.35
3754,6,10,6,2007,17.0725,14.92,7.58,10.84
3755,6,11,6,2007,17.178333333333338,15.0,8.08,11.16
3756,6,12,6,2007,18.61583333333333,13.39,8.02,10.72
3757,6,13,6,2007,20.636666666666667,11.82,8.33,10.28
3758,6,14,6,2007,23.330833333333334,12.68,8.97,11.21
3759,6,15,6,2007,25.730833333333333,14.16,10.09,12.59
3760,6,16,6,2007,27.454166666666666,16.740000000000002,11.71,14.73
3761,6,17,6,2007,28.587499999999995,17.72,12.26,15.46
3762,6,18,6,2007,29.374166666666667,19.17,13.26,16.72
3763,6,19,6,2007,29.725833333333338,19.74,13.61,17.23
3764,6,20,6,2007,29.892500000000002,20.37,14.1,17.830000000000005
3765,6,21,6,2007,29.733333333333334,20.79,14.44,18.27
3766,6,22,6,2007,29.390833333333333,20.69,14.28,18.11
3767,6,23,6,2007,28.612499999999997,20.48,14.03,17.85
3768,7,0,6,2007,27.489166666666662,19.01,12.33,15.94
3769,7,1,6,2007,26.05,17.88,10.76,14.42
3770,7,2,6,2007,25.100833333333338,20.13,12.27,16.32
3771,7,3,6,2007,24.441666666666666,20.44,12.61,16.68
3772,7,4,6,2007,24.074166666666667,20.26,12.41,16.6
3773,7,5,6,2007,23.998333333333335,20.67,12.85,16.86
3774,7,6,6,2007,23.673333333333332,20.64,12.85,16.77
3775,7,7,6,2007,23.495833333333334,21.54,13.34,17.71
3776,7,8,6,2007,23.150000000000002,20.74,12.83,16.98
3777,7,9,6,2007,22.92916666666667,18.51,11.25,14.93
3778,7,10,6,2007,22.915000000000003,17.330000000000002,10.34,13.85
3779,7,11,6,2007,23.10333333333334,17.86,11.35,14.76
3780,7,12,6,2007,23.905833333333334,18.16,11.78,15.19
3781,7,13,6,2007,24.789999999999996,15.52,10.43,13.23
3782,7,14,6,2007,26.46333333333334,13.37,9.25,11.58
3783,7,15,6,2007,27.903333333333332,11.81,8.36,10.27
3784,7,16,6,2007,28.769999999999996,13.0,9.17,11.38
3785,7,17,6,2007,28.9575,12.91,9.13,11.33
3786,7,18,6,2007,28.96083333333333,12.02,8.5,10.54
3787,7,19,6,2007,29.59833333333333,13.51,9.47,11.83
3788,7,20,6,2007,30.040833333333335,15.61,10.88,13.63
3789,7,21,6,2007,29.704166666666666,15.95,10.96,13.85
3790,7,22,6,2007,29.661666666666665,13.54,9.23,11.66
3791,7,23,6,2007,29.231666666666666,14.59,9.85,12.55
3792,8,0,6,2007,27.75666666666667,11.7,6.22,8.76
3793,8,1,6,2007,24.735833333333332,10.99,2.99,6.46
3794,8,2,6,2007,22.5725,14.97,4.71,8.74
3795,8,3,6,2007,21.63083333333333,16.17,7.4,11.09
3796,8,4,6,2007,18.661666666666672,14.47,8.120000000000001,11.13
3797,8,5,6,2007,16.066666666666666,11.95,6.21,8.91
3798,8,6,6,2007,14.734166666666667,13.12,7.32,10.07
3799,8,7,6,2007,13.854166666666666,13.51,7.66,10.51
3800,8,8,6,2007,13.155,12.7,7.0200000000000005,9.76
3801,8,9,6,2007,12.720833333333337,12.71,6.6000000000000005,9.37
3802,8,10,6,2007,12.460833333333335,12.39,6.32,9.1
3803,8,11,6,2007,12.390833333333333,11.44,5.5600000000000005,8.3
3804,8,12,6,2007,13.410833333333336,9.79,6.11,7.58
3805,8,13,6,2007,14.868333333333334,9.01,6.45,7.99
3806,8,14,6,2007,16.031666666666666,9.34,6.76,8.31
3807,8,15,6,2007,16.855000000000004,8.26,6.0200000000000005,7.38
3808,8,16,6,2007,17.748333333333335,6.99,5.19,6.3
3809,8,17,6,2007,18.663333333333334,5.7700000000000005,4.3500000000000005,5.22
3810,8,18,6,2007,19.528333333333332,5.45,4.24,5.04
3811,8,19,6,2007,20.34,5.0,3.85,4.58
3812,8,20,6,2007,21.0825,4.4,3.45,4.0600000000000005
3813,8,21,6,2007,21.516666666666666,3.77,2.98,3.51
3814,8,22,6,2007,21.71166666666667,3.12,2.51,2.92
3815,8,23,6,2007,21.718333333333334,2.02,1.61,1.88
3816,9,0,6,2007,21.394166666666663,1.97,1.39,1.73
3817,9,1,6,2007,19.206666666666663,1.46,0.5,0.89
3818,9,2,6,2007,17.55166666666667,1.44,0.72,1.1
3819,9,3,6,2007,16.790833333333335,1.35,0.92,1.32
3820,9,4,6,2007,15.742500000000001,2.48,1.56,2.48
3821,9,5,6,2007,15.535833333333331,3.37,2.45,3.67
3822,9,6,6,2007,15.560833333333335,3.65,2.58,3.86
3823,9,7,6,2007,15.155833333333332,4.1,2.82,4.18
3824,9,8,6,2007,14.391666666666666,5.21,3.38,5.33
3825,9,9,6,2007,13.388333333333334,6.03,3.53,5.84
3826,9,10,6,2007,12.659999999999998,6.21,3.96,6.23
3827,9,11,6,2007,13.103333333333333,6.7,4.17,6.48
3828,9,12,6,2007,15.474166666666667,7.24,3.93,6.05
3829,9,13,6,2007,17.9075,6.9,3.86,4.58
3830,9,14,6,2007,19.941666666666666,5.7,4.34,5.22
3831,9,15,6,2007,21.271666666666665,5.61,4.28,5.14
3832,9,16,6,2007,22.511666666666667,5.2,4.0,4.7700000000000005
3833,9,17,6,2007,23.650000000000002,4.98,3.84,4.58
3834,9,18,6,2007,24.704166666666666,5.26,4.07,4.84
3835,9,19,6,2007,25.581666666666667,5.62,4.32,5.15
3836,9,20,6,2007,26.245833333333337,6.03,4.64,5.55
3837,9,21,6,2007,26.754166666666666,5.5600000000000005,4.26,5.11
3838,9,22,6,2007,27.106666666666666,5.82,4.4,5.33
3839,9,23,6,2007,27.040000000000003,6.25,4.46,5.61
3840,10,0,6,2007,26.242499999999996,6.6000000000000005,4.62,5.8100000000000005
3841,10,1,6,2007,24.075000000000003,8.65,3.66,6.59
3842,10,2,6,2007,22.653333333333332,10.83,4.19,7.75
3843,10,3,6,2007,21.864166666666666,12.12,4.8500000000000005,8.25
3844,10,4,6,2007,21.77666666666667,12.29,5.3500000000000005,8.49
3845,10,5,6,2007,21.36583333333333,12.4,5.68,8.6
3846,10,6,6,2007,20.833333333333336,11.8,5.38,8.3
3847,10,7,6,2007,20.666666666666668,12.28,5.71,8.76
3848,10,8,6,2007,20.389166666666668,10.59,4.9,7.94
3849,10,9,6,2007,20.224999999999998,10.02,5.01,7.6400000000000015
3850,10,10,6,2007,20.353333333333335,11.14,6.36,8.92
3851,10,11,6,2007,20.288333333333338,10.74,5.07,7.53
3852,10,12,6,2007,21.887500000000003,10.22,5.48,7.6400000000000015
3853,10,13,6,2007,23.0175,7.3900000000000015,5.58,6.78
3854,10,14,6,2007,23.94583333333333,7.67,5.8100000000000005,7.03
3855,10,15,6,2007,24.894166666666667,8.8,6.53,7.97
3856,10,16,6,2007,26.156666666666666,8.86,6.53,7.98
3857,10,17,6,2007,27.310833333333335,8.6,6.3500000000000005,7.76
3858,10,18,6,2007,28.67083333333333,6.65,4.93,5.99
3859,10,19,6,2007,29.60666666666667,6.96,5.3,6.37
3860,10,20,6,2007,30.095,6.86,5.21,6.26
3861,10,21,6,2007,27.664999999999996,15.57,10.92,13.55
3862,10,22,6,2007,23.299166666666665,11.97,7.79,10.08
3863,10,23,6,2007,23.356666666666666,9.05,6.6400000000000015,8.18
3864,11,0,6,2007,21.825833333333332,11.76,7.28,9.09
3865,11,1,6,2007,21.403333333333332,13.01,6.91,9.65
3866,11,2,6,2007,20.325,12.09,6.41,9.02
3867,11,3,6,2007,19.914166666666667,13.59,6.69,9.66
3868,11,4,6,2007,19.636666666666667,12.44,6.24,9.02
3869,11,5,6,2007,18.73,11.48,5.82,8.38
3870,11,6,6,2007,18.4475,11.57,5.41,7.8900000000000015
3871,11,7,6,2007,18.470000000000002,11.16,5.1000000000000005,7.77
3872,11,8,6,2007,18.0775,10.52,4.5,6.91
3873,11,9,6,2007,17.001666666666665,8.36,2.74,5.09
3874,11,10,6,2007,16.456666666666667,7.26,2.78,4.72
3875,11,11,6,2007,16.926666666666666,6.78,3.23,4.75
3876,11,12,6,2007,17.495833333333337,7.24,3.56,4.59
3877,11,13,6,2007,19.041666666666668,6.8100000000000005,4.12,5.03
3878,11,14,6,2007,20.557499999999994,6.05,4.5200000000000005,5.51
3879,11,15,6,2007,21.03166666666667,5.89,4.51,5.45
3880,11,16,6,2007,22.208333333333332,5.7,4.3500000000000005,5.25
3881,11,17,6,2007,24.17833333333333,4.86,3.75,4.43
3882,11,18,6,2007,25.8875,5.51,4.24,5.05
3883,11,19,6,2007,26.89666666666666,5.78,4.51,5.36
3884,11,20,6,2007,27.13,7.77,5.75,7.1000000000000005
3885,11,21,6,2007,27.978333333333335,6.7700000000000005,5.25,6.26
3886,11,22,6,2007,28.046666666666667,6.67,5.22,6.2
3887,11,23,6,2007,27.97,8.01,5.91,7.28
3888,12,0,6,2007,27.700833333333335,6.51,4.69,5.89
3889,12,1,6,2007,25.694166666666664,9.59,4.32,7.16
3890,12,2,6,2007,23.911666666666665,9.97,3.54,6.71
3891,12,3,6,2007,23.084999999999997,11.08,3.72,6.71
3892,12,4,6,2007,22.462499999999995,10.5,3.77,6.98
3893,12,5,6,2007,21.689166666666665,11.17,4.67,7.46
3894,12,6,6,2007,21.49,10.63,4.28,7.04
3895,12,7,6,2007,20.826666666666668,10.47,4.05,6.8
3896,12,8,6,2007,21.21666666666667,9.27,4.41,6.6000000000000005
3897,12,9,6,2007,21.257499999999997,9.08,5.1000000000000005,7.1000000000000005
3898,12,10,6,2007,20.853333333333335,8.71,4.55,6.49
3899,12,11,6,2007,20.810833333333335,7.56,4.09,5.58
3900,12,12,6,2007,21.464166666666667,6.91,4.3500000000000005,5.32
3901,12,13,6,2007,22.20833333333334,6.58,4.9,5.97
3902,12,14,6,2007,23.748333333333335,6.46,4.91,5.92
3903,12,15,6,2007,25.281666666666666,6.46,4.92,5.91
3904,12,16,6,2007,26.235833333333336,6.99,5.48,6.5200000000000005
3905,12,17,6,2007,27.01,7.15,5.43,6.55
3906,12,18,6,2007,27.745833333333334,8.1,6.08,7.36
3907,12,19,6,2007,28.450833333333332,8.68,6.65,8.02
3908,12,20,6,2007,29.057499999999994,9.46,7.07,8.68
3909,12,21,6,2007,29.198333333333327,8.93,6.93,8.36
3910,12,22,6,2007,29.165833333333335,10.29,7.32,9.19
3911,12,23,6,2007,28.420833333333338,11.75,7.9300000000000015,10.04
3912,13,0,6,2007,27.423333333333336,11.15,7.6400000000000015,9.77
3913,13,1,6,2007,26.066666666666663,10.23,6.0600000000000005,8.16
3914,13,2,6,2007,24.66416666666667,10.5,4.45,7.24
3915,13,3,6,2007,23.74083333333333,10.16,4.37,6.8900000000000015
3916,13,4,6,2007,23.06166666666667,10.17,4.76,7.19
3917,13,5,6,2007,22.3175,10.14,4.62,7.11
3918,13,6,6,2007,22.11583333333333,10.5,5.25,7.7
3919,13,7,6,2007,21.599166666666665,10.3,4.83,7.32
3920,13,8,6,2007,21.008333333333336,10.18,4.41,6.93
3921,13,9,6,2007,20.587500000000002,9.59,3.3000000000000003,6.0200000000000005
3922,13,10,6,2007,20.139166666666664,9.71,3.38,6.13
3923,13,11,6,2007,20.033333333333335,9.65,5.03,7.11
3924,13,12,6,2007,21.586666666666662,9.67,5.44,7.25
3925,13,13,6,2007,23.19333333333333,7.61,5.55,6.8500000000000005
3926,13,14,6,2007,24.599166666666672,7.59,5.58,6.86
3927,13,15,6,2007,25.748333333333335,7.24,5.38,6.58
3928,13,16,6,2007,26.290833333333335,6.5200000000000005,4.92,5.97
3929,13,17,6,2007,26.328333333333344,6.51,4.98,6.0200000000000005
3930,13,18,6,2007,27.382499999999997,5.22,4.13,4.9
3931,13,19,6,2007,28.39666666666666,6.1000000000000005,4.87,5.76
3932,13,20,6,2007,26.122500000000002,12.74,9.09,11.23
3933,13,21,6,2007,25.41083333333333,7.31,5.69,6.8500000000000005
3934,13,22,6,2007,25.42083333333333,3.67,3.16,3.66
3935,13,23,6,2007,22.213333333333335,10.46,6.73,8.8
3936,14,0,6,2007,20.345000000000002,8.77,5.53,7.17
3937,14,1,6,2007,21.124166666666667,5.17,3.15,4.5
3938,14,2,6,2007,21.66166666666666,3.01,1.17,2.5500000000000003
3939,14,3,6,2007,21.85166666666667,3.67,1.61,3.06
3940,14,4,6,2007,21.537500000000005,4.0200000000000005,1.5,2.91
3941,14,5,6,2007,20.529166666666665,4.48,1.96,3.43
3942,14,6,6,2007,20.385,5.45,1.89,3.88
3943,14,7,6,2007,20.029999999999998,5.7700000000000005,1.88,4.07
3944,14,8,6,2007,20.10916666666667,5.12,2.17,3.8
3945,14,9,6,2007,19.851666666666667,6.15,2.7,4.87
3946,14,10,6,2007,19.335833333333337,5.8,2.0,4.23
3947,14,11,6,2007,19.051666666666666,4.91,2.16,3.74
3948,14,12,6,2007,20.27,5.25,2.4,3.92
3949,14,13,6,2007,21.884999999999994,2.9,1.8,2.13
3950,14,14,6,2007,23.2175,1.12,0.92,1.06
3951,14,15,6,2007,24.36833333333333,2.86,2.33,2.7
3952,14,16,6,2007,24.659999999999997,5.25,4.48,5.2
3953,14,17,6,2007,23.624166666666667,5.7,4.61,5.51
3954,14,18,6,2007,23.885833333333334,5.37,4.58,5.3500000000000005
3955,14,19,6,2007,25.460833333333337,5.13,3.71,4.53
3956,14,20,6,2007,27.38416666666667,5.95,4.47,5.41
3957,14,21,6,2007,28.142500000000002,5.59,4.16,5.0600000000000005
3958,14,22,6,2007,28.66333333333333,5.88,4.23,5.25
3959,14,23,6,2007,28.738333333333333,5.98,4.39,5.48
3960,15,0,6,2007,27.464166666666667,6.61,4.45,5.66
3961,15,1,6,2007,25.583333333333332,6.72,2.94,5.68
3962,15,2,6,2007,24.546666666666667,6.08,2.68,5.3500000000000005
3963,15,3,6,2007,23.965833333333332,5.78,2.48,4.89
3964,15,4,6,2007,23.495833333333337,5.43,2.38,4.38
3965,15,5,6,2007,22.755000000000006,6.0600000000000005,2.39,4.5600000000000005
3966,15,6,6,2007,21.97583333333333,6.0600000000000005,2.12,4.33
3967,15,7,6,2007,21.55,7.24,2.44,5.07
3968,15,8,6,2007,21.246666666666666,7.65,2.67,5.5200000000000005
3969,15,9,6,2007,20.888333333333335,7.4,2.72,5.5
3970,15,10,6,2007,20.34,7.78,2.41,5.08
3971,15,11,6,2007,19.7925,7.95,2.6,5.74
3972,15,12,6,2007,21.09333333333333,5.88,2.04,3.28
3973,15,13,6,2007,23.451666666666668,3.63,2.5,2.92
3974,15,14,6,2007,25.675,3.67,2.87,3.39
3975,15,15,6,2007,27.60166666666667,4.98,3.79,4.5600000000000005
3976,15,16,6,2007,28.58916666666666,5.93,4.58,5.49
3977,15,17,6,2007,29.02416666666666,5.36,4.12,4.94
3978,15,18,6,2007,29.71666666666667,4.94,3.79,4.54
3979,15,19,6,2007,30.02,5.39,4.2,5.0200000000000005
3980,15,20,6,2007,30.587499999999995,5.5600000000000005,4.45,5.26
3981,15,21,6,2007,30.341666666666665,5.69,4.94,5.65
3982,15,22,6,2007,31.08,4.46,3.42,4.11
3983,15,23,6,2007,30.856666666666666,3.7,2.89,3.43
3984,16,0,6,2007,30.290000000000003,5.21,2.81,4.14
3985,16,1,6,2007,28.283333333333335,5.46,2.37,4.22
3986,16,2,6,2007,26.827499999999997,7.16,2.43,5.42
3987,16,3,6,2007,25.60833333333333,11.06,4.96,8.56
3988,16,4,6,2007,25.138333333333335,11.56,5.11,8.36
3989,16,5,6,2007,24.041666666666668,11.93,4.76,8.14
3990,16,6,6,2007,23.32083333333333,9.81,4.54,7.8
3991,16,7,6,2007,22.877499999999998,8.26,4.16,7.1400000000000015
3992,16,8,6,2007,22.17833333333333,7.0600000000000005,3.89,6.36
3993,16,9,6,2007,21.320000000000004,6.8900000000000015,3.81,6.0600000000000005
3994,16,10,6,2007,20.8725,5.01,2.87,5.23
3995,16,11,6,2007,20.988333333333333,4.2,2.98,4.28
3996,16,12,6,2007,22.0775,5.22,3.12,4.21
3997,16,13,6,2007,24.25583333333333,3.74,2.48,2.85
3998,16,14,6,2007,26.135,2.35,1.88,2.2
3999,16,15,6,2007,27.34833333333333,2.95,2.3000000000000003,2.72
4000,16,16,6,2007,28.310833333333335,3.51,2.8000000000000003,3.29
4001,16,17,6,2007,29.069166666666664,3.54,2.83,3.3200000000000003
4002,16,18,6,2007,29.708333333333332,4.14,3.23,3.84
4003,16,19,6,2007,30.288333333333338,4.24,3.33,3.95
4004,16,20,6,2007,30.685833333333335,4.36,3.35,4.0200000000000005
4005,16,21,6,2007,30.905,4.66,3.6,4.3
4006,16,22,6,2007,30.974166666666672,4.67,3.5500000000000003,4.24
4007,16,23,6,2007,30.8075,4.7700000000000005,3.5500000000000003,4.33
4008,17,0,6,2007,30.138333333333332,5.62,3.77,4.7
4009,17,1,6,2007,28.459999999999997,7.35,3.16,5.88
4010,17,2,6,2007,26.9075,8.4,3.62,6.62
4011,17,3,6,2007,25.867500000000003,9.29,3.94,6.9
4012,17,4,6,2007,24.718333333333334,9.86,3.86,6.48
4013,17,5,6,2007,23.977499999999996,10.36,4.22,7.3
4014,17,6,6,2007,23.45,10.54,4.26,7.38
4015,17,7,6,2007,23.208333333333332,10.46,4.62,7.67
4016,17,8,6,2007,22.580000000000002,9.99,4.29,7.34
4017,17,9,6,2007,22.2375,10.32,4.72,7.68
4018,17,10,6,2007,21.42583333333333,10.04,4.49,7.4
4019,17,11,6,2007,21.34166666666667,10.53,4.91,7.61
4020,17,12,6,2007,22.570833333333336,8.700000000000001,5.22,6.88
4021,17,13,6,2007,23.895833333333332,7.87,5.71,7.04
4022,17,14,6,2007,25.162499999999998,8.33,6.0200000000000005,7.44
4023,17,15,6,2007,26.25916666666667,9.76,7.03,8.73
4024,17,16,6,2007,27.22916666666666,9.88,7.17,8.86
4025,17,17,6,2007,28.095,11.05,7.91,9.85
4026,17,18,6,2007,28.8,10.76,7.76,9.63
4027,17,19,6,2007,29.386666666666667,12.26,8.86,11.04
4028,17,20,6,2007,29.6875,11.89,8.53,10.64
4029,17,21,6,2007,29.68916666666667,11.36,7.99,9.98
4030,17,22,6,2007,29.946666666666662,11.64,8.17,10.31
4031,17,23,6,2007,29.705,12.54,8.84,11.2
4032,18,0,6,2007,28.956666666666663,12.92,8.48,11.09
4033,18,1,6,2007,27.02,14.19,8.59,11.66
4034,18,2,6,2007,24.76833333333333,12.88,7.07,9.93
4035,18,3,6,2007,23.7025,12.21,6.63,9.36
4036,18,4,6,2007,22.686666666666667,13.84,8.1,11.09
4037,18,5,6,2007,21.56083333333333,12.87,7.5,10.22
4038,18,6,6,2007,20.6825,13.06,7.6,10.41
4039,18,7,6,2007,19.983333333333334,12.3,7.1000000000000005,9.69
4040,18,8,6,2007,19.66,13.14,7.57,10.36
4041,18,9,6,2007,19.584166666666665,13.54,8.03,10.85
4042,18,10,6,2007,19.407500000000002,11.44,6.67,9.11
4043,18,11,6,2007,19.44583333333333,11.8,7.1000000000000005,9.53
4044,18,12,6,2007,20.175,10.77,6.78,8.67
4045,18,13,6,2007,20.880000000000003,10.04,7.1000000000000005,8.89
4046,18,14,6,2007,21.962500000000002,10.41,7.4,9.23
4047,18,15,6,2007,23.019166666666667,8.85,6.38,7.87
4048,18,16,6,2007,24.47,8.08,5.94,7.25
4049,18,17,6,2007,25.968333333333334,7.49,5.5200000000000005,6.74
4050,18,18,6,2007,26.7375,8.8,6.59,8.040000000000001
4051,18,19,6,2007,27.53,8.78,6.55,8.01
4052,18,20,6,2007,28.13416666666667,8.88,6.74,8.17
4053,18,21,6,2007,28.9425,8.89,6.41,7.88
4054,18,22,6,2007,25.659999999999997,8.52,6.09,7.48
4055,18,23,6,2007,23.959999999999997,11.62,7.77,9.88
4056,19,0,6,2007,20.6825,10.28,7.36,9.05
4057,19,1,6,2007,20.05333333333333,5.44,3.15,4.28
4058,19,2,6,2007,19.799999999999997,5.55,3.16,4.36
4059,19,3,6,2007,19.26583333333333,6.33,2.38,4.5
4060,19,4,6,2007,18.606666666666666,5.12,1.33,3.29
4061,19,5,6,2007,18.4375,3.98,1.39,2.86
4062,19,6,6,2007,18.420833333333334,3.73,1.34,2.67
4063,19,7,6,2007,17.998333333333335,2.66,0.3,1.19
4064,19,8,6,2007,17.87,2.2,0.34,1.1
4065,19,9,6,2007,17.445,1.87,0.38,0.88
4066,19,10,6,2007,16.9325,1.51,0.49,1.01
4067,19,11,6,2007,16.746666666666666,1.81,0.49,1.04
4068,19,12,6,2007,16.136666666666667,3.75,2.06,2.43
4069,19,13,6,2007,14.393333333333333,4.96,2.38,2.5
4070,19,14,6,2007,16.060000000000002,4.74,2.46,2.87
4071,19,15,6,2007,20.495,4.0600000000000005,3.23,3.79
4072,19,16,6,2007,23.135,4.0,3.19,3.74
4073,19,17,6,2007,24.74,3.59,2.89,3.36
4074,19,18,6,2007,25.849999999999994,3.47,2.86,3.28
4075,19,19,6,2007,26.772499999999994,3.96,3.2,3.71
4076,19,20,6,2007,27.5725,3.76,3.01,3.5
4077,19,21,6,2007,28.139166666666668,3.44,2.8000000000000003,3.24
4078,19,22,6,2007,28.301666666666666,4.11,3.27,3.85
4079,19,23,6,2007,28.102500000000003,5.32,4.07,4.97
4080,20,0,6,2007,27.502499999999994,7.35,3.67,6.12
4081,20,1,6,2007,25.6575,7.3900000000000015,3.36,5.64
4082,20,2,6,2007,24.229166666666668,8.49,3.65,7.32
4083,20,3,6,2007,23.575833333333335,8.74,3.95,7.54
4084,20,4,6,2007,22.941666666666666,9.91,4.12,7.75
4085,20,5,6,2007,22.05416666666667,10.39,4.32,7.58
4086,20,6,6,2007,20.833333333333336,9.04,3.69,6.7
4087,20,7,6,2007,20.223333333333336,10.01,3.89,7.15
4088,20,8,6,2007,19.535833333333333,10.02,4.09,7.03
4089,20,9,6,2007,19.216666666666665,9.83,4.0200000000000005,6.9
4090,20,10,6,2007,19.253333333333334,10.17,4.42,7.44
4091,20,11,6,2007,19.29,9.12,3.92,6.65
4092,20,12,6,2007,20.408333333333335,8.51,4.25,5.92
4093,20,13,6,2007,22.036666666666672,6.53,4.17,5.0200000000000005
4094,20,14,6,2007,23.95416666666667,4.73,3.69,4.39
4095,20,15,6,2007,25.66916666666667,3.79,2.96,3.5
4096,20,16,6,2007,27.123333333333335,4.08,3.12,3.73
4097,20,17,6,2007,28.055000000000003,4.28,3.33,3.95
4098,20,18,6,2007,28.947500000000005,4.21,3.28,3.89
4099,20,19,6,2007,29.789166666666663,4.97,3.89,4.61
4100,20,20,6,2007,30.550833333333333,5.05,3.79,4.5600000000000005
4101,20,21,6,2007,31.168333333333333,5.98,4.41,5.38
4102,20,22,6,2007,31.41916666666667,6.24,4.64,5.67
4103,20,23,6,2007,31.319166666666664,6.75,4.96,6.15
4104,21,0,6,2007,30.736666666666665,6.45,4.13,5.21
4105,21,1,6,2007,28.509166666666662,7.58,2.84,5.49
4106,21,2,6,2007,27.132500000000004,10.03,3.98,7.53
4107,21,3,6,2007,26.02916666666667,9.53,4.0200000000000005,7.07
4108,21,4,6,2007,25.603333333333335,12.73,5.09,8.34
4109,21,5,6,2007,25.2225,12.51,5.64,8.76
4110,21,6,6,2007,24.406666666666666,12.3,5.23,8.290000000000001
4111,21,7,6,2007,23.366666666666664,12.27,5.01,8.13
4112,21,8,6,2007,22.64333333333333,12.11,5.11,8.17
4113,21,9,6,2007,22.052500000000006,12.33,5.66,8.76
4114,21,10,6,2007,21.750833333333333,12.29,5.7,8.8
4115,21,11,6,2007,21.410833333333333,11.24,6.38,8.48
4116,21,12,6,2007,22.587500000000002,10.3,6.32,8.42
4117,21,13,6,2007,23.99083333333333,7.3,5.32,6.5
4118,21,14,6,2007,25.449166666666667,6.82,5.08,6.2
4119,21,15,6,2007,26.72833333333334,6.49,4.8500000000000005,5.89
4120,21,16,6,2007,27.909166666666668,6.57,4.88,5.94
4121,21,17,6,2007,29.041666666666668,7.38,5.46,6.65
4122,21,18,6,2007,30.049166666666668,7.72,5.68,6.95
4123,21,19,6,2007,30.81083333333333,7.79,5.75,7.03
4124,21,20,6,2007,31.340833333333325,8.42,6.23,7.63
4125,21,21,6,2007,31.61833333333334,8.43,6.1400000000000015,7.58
4126,21,22,6,2007,31.727500000000003,8.69,6.25,7.79
4127,21,23,6,2007,31.510833333333334,9.24,6.61,8.3
4128,22,0,6,2007,30.7525,10.09,6.28,8.040000000000001
4129,22,1,6,2007,28.864166666666666,11.09,4.82,8.040000000000001
4130,22,2,6,2007,27.155,12.94,6.24,9.41
4131,22,3,6,2007,26.180000000000007,12.51,6.1000000000000005,9.11
4132,22,4,6,2007,25.346666666666668,14.33,7.72,10.91
4133,22,5,6,2007,24.595,13.68,7.4,10.43
4134,22,6,6,2007,23.399166666666662,12.55,5.65,8.69
4135,22,7,6,2007,22.543333333333333,12.34,6.04,8.82
4136,22,8,6,2007,21.72333333333333,12.67,5.97,8.870000000000003
4137,22,9,6,2007,21.214166666666667,11.49,5.41,8.120000000000001
4138,22,10,6,2007,21.020833333333332,11.13,5.04,7.82
4139,22,11,6,2007,20.720000000000002,10.56,5.68,7.6
4140,22,12,6,2007,21.620833333333334,9.53,5.29,7.4
4141,22,13,6,2007,22.969166666666666,7.13,5.38,6.53
4142,22,14,6,2007,24.375,5.92,4.46,5.4
4143,22,15,6,2007,25.939166666666665,5.24,3.97,4.78
4144,22,16,6,2007,27.389166666666664,5.8,4.33,5.24
4145,22,17,6,2007,28.545,5.8100000000000005,4.33,5.24
4146,22,18,6,2007,29.5775,6.86,5.08,6.18
4147,22,19,6,2007,30.51,7.92,5.83,7.13
4148,22,20,6,2007,31.235833333333336,8.370000000000001,6.13,7.52
4149,22,21,6,2007,31.56916666666667,7.94,5.91,7.21
4150,22,22,6,2007,28.998333333333335,18.56,14.0,16.98
4151,22,23,6,2007,20.425833333333333,14.01,8.620000000000001,11.17
4152,23,0,6,2007,21.064999999999998,8.01,5.71,6.99
4153,23,1,6,2007,21.05666666666667,7.65,3.88,5.55
4154,23,2,6,2007,20.936666666666664,13.89,8.89,11.84
4155,23,3,6,2007,21.069999999999997,11.66,6.45,8.97
4156,23,4,6,2007,21.31583333333333,8.59,4.59,6.83
4157,23,5,6,2007,20.272499999999997,1.99,1.94,2.57
4158,23,6,6,2007,20.095,3.28,3.0,4.22
4159,23,7,6,2007,18.875000000000004,6.53,4.51,6.8
4160,23,8,6,2007,18.258333333333333,7.29,4.5,6.55
4161,23,9,6,2007,18.080000000000002,8.76,5.03,7.41
4162,23,10,6,2007,17.703333333333333,7.0600000000000005,3.86,6.3900000000000015
4163,23,11,6,2007,18.1575,4.84,3.34,5.57
4164,23,12,6,2007,19.529999999999998,4.09,2.58,3.68
4165,23,13,6,2007,21.615,3.12,2.53,2.96
4166,23,14,6,2007,22.675833333333333,3.3200000000000003,2.7,3.16
4167,23,15,6,2007,24.139999999999997,3.31,2.64,3.09
4168,23,16,6,2007,25.591666666666665,3.68,2.95,3.45
4169,23,17,6,2007,26.713333333333335,3.56,2.88,3.35
4170,23,18,6,2007,27.620833333333326,3.33,2.72,3.15
4171,23,19,6,2007,28.4025,3.3200000000000003,2.76,3.17
4172,23,20,6,2007,29.03833333333333,3.23,2.68,3.08
4173,23,21,6,2007,29.370833333333334,2.99,2.54,2.9
4174,23,22,6,2007,29.42166666666667,2.87,2.43,2.76
4175,23,23,6,2007,29.352499999999996,3.71,2.88,3.45
4176,24,0,6,2007,28.635833333333334,5.15,3.58,4.62
4177,24,1,6,2007,26.584166666666665,7.41,2.9,5.99
4178,24,2,6,2007,24.105,9.62,3.35,6.8
4179,24,3,6,2007,22.228333333333335,9.65,2.04,6.0
4180,24,4,6,2007,21.187499999999996,10.09,1.97,5.48
4181,24,5,6,2007,20.419999999999998,9.22,2.02,5.86
4182,24,6,6,2007,19.801666666666666,8.98,2.08,5.89
4183,24,7,6,2007,19.32,8.38,2.37,5.88
4184,24,8,6,2007,18.82166666666667,8.19,2.15,5.68
4185,24,9,6,2007,18.141666666666666,8.35,1.89,5.29
4186,24,10,6,2007,17.675,6.23,1.48,4.19
4187,24,11,6,2007,17.444166666666664,5.44,1.87,3.76
4188,24,12,6,2007,18.7075,4.44,2.07,2.96
4189,24,13,6,2007,21.142500000000002,3.44,2.77,3.25
4190,24,14,6,2007,23.361666666666665,3.9,3.06,3.63
4191,24,15,6,2007,24.885,3.87,3.0700000000000003,3.62
4192,24,16,6,2007,26.293333333333337,2.37,2.01,2.29
4193,24,17,6,2007,27.56416666666667,2.53,2.11,2.42
4194,24,18,6,2007,28.595,3.0500000000000003,2.48,2.87
4195,24,19,6,2007,29.43666666666667,2.9,2.4,2.76
4196,24,20,6,2007,30.257499999999997,3.5,2.78,3.25
4197,24,21,6,2007,30.775000000000002,3.73,2.93,3.46
4198,24,22,6,2007,31.044999999999998,3.0700000000000003,2.46,2.89
4199,24,23,6,2007,31.031666666666666,3.8,3.04,3.59
4200,25,0,6,2007,30.660833333333333,3.5500000000000003,2.73,3.31
4201,25,1,6,2007,28.920833333333338,6.43,2.95,5.44
4202,25,2,6,2007,26.21416666666666,10.69,3.67,7.31
4203,25,3,6,2007,25.5325,11.22,4.0600000000000005,7.37
4204,25,4,6,2007,24.602499999999996,10.32,3.97,6.92
4205,25,5,6,2007,23.708333333333332,10.79,3.98,7.09
4206,25,6,6,2007,23.509999999999994,11.0,4.18,7.45
4207,25,7,6,2007,23.240000000000006,9.96,4.39,7.24
4208,25,8,6,2007,22.873333333333335,8.89,4.01,6.8500000000000005
4209,25,9,6,2007,22.532500000000002,8.94,4.33,6.93
4210,25,10,6,2007,22.188333333333333,9.62,4.5200000000000005,7.19
4211,25,11,6,2007,22.655,9.92,4.86,6.99
4212,25,12,6,2007,24.165000000000003,8.36,4.96,6.47
4213,25,13,6,2007,25.551666666666673,6.87,5.0600000000000005,6.18
4214,25,14,6,2007,27.00583333333333,6.08,4.51,5.5200000000000005
4215,25,15,6,2007,28.228333333333335,6.72,4.93,6.0600000000000005
4216,25,16,6,2007,29.249166666666664,7.37,5.49,6.7
4217,25,17,6,2007,30.047500000000003,7.69,5.69,6.97
4218,25,18,6,2007,30.771666666666672,8.09,6.1000000000000005,7.44
4219,25,19,6,2007,31.44416666666667,7.88,5.98,7.27
4220,25,20,6,2007,31.948333333333338,7.98,6.13,7.43
4221,25,21,6,2007,32.335,7.7,5.61,6.8900000000000015
4222,25,22,6,2007,32.44083333333334,7.41,5.39,6.6400000000000015
4223,25,23,6,2007,32.1625,8.63,6.2,7.81
4224,26,0,6,2007,31.477500000000003,8.3,5.29,6.74
4225,26,1,6,2007,29.371666666666666,9.75,4.46,7.1000000000000005
4226,26,2,6,2007,28.030833333333334,11.66,5.0,8.36
4227,26,3,6,2007,27.189999999999998,12.01,5.15,8.45
4228,26,4,6,2007,25.712499999999995,12.25,4.8500000000000005,8.08
4229,26,5,6,2007,24.920833333333334,13.15,5.7,8.84
4230,26,6,6,2007,24.089166666666667,12.61,5.4,8.5
4231,26,7,6,2007,23.40416666666667,12.84,5.74,8.8
4232,26,8,6,2007,22.625833333333336,11.78,4.98,7.92
4233,26,9,6,2007,22.013333333333332,11.57,5.01,7.92
4234,26,10,6,2007,21.5975,11.94,5.82,8.65
4235,26,11,6,2007,21.316666666666666,11.08,5.51,7.82
4236,26,12,6,2007,22.263333333333332,8.91,5.21,6.95
4237,26,13,6,2007,23.98,6.11,4.5600000000000005,5.5600000000000005
4238,26,14,6,2007,25.429166666666664,6.67,5.0,6.07
4239,26,15,6,2007,26.8125,6.0,4.43,5.41
4240,26,16,6,2007,28.051666666666666,5.96,4.48,5.42
4241,26,17,6,2007,29.028333333333336,6.26,4.75,5.74
4242,26,18,6,2007,29.924166666666665,5.8100000000000005,4.5,5.38
4243,26,19,6,2007,30.683333333333326,5.57,4.2700000000000005,5.12
4244,26,20,6,2007,31.334999999999997,5.01,3.94,4.68
4245,26,21,6,2007,31.614166666666666,4.86,3.85,4.55
4246,26,22,6,2007,31.3575,5.78,4.2,5.2700000000000005
4247,26,23,6,2007,30.9575,6.43,4.83,5.89
4248,27,0,6,2007,30.56833333333333,4.6000000000000005,3.3000000000000003,4.16
4249,27,1,6,2007,29.175833333333333,8.3,4.3500000000000005,6.67
4250,27,2,6,2007,27.515833333333333,8.05,4.32,6.5
4251,27,3,6,2007,26.641666666666662,9.67,4.66,7.12
4252,27,4,6,2007,25.645,10.0,4.82,7.22
4253,27,5,6,2007,25.01166666666667,9.75,4.8500000000000005,7.1400000000000015
4254,27,6,6,2007,24.462500000000002,9.44,4.75,6.8900000000000015
4255,27,7,6,2007,24.170833333333334,8.83,4.8,6.87
4256,27,8,6,2007,23.850833333333338,7.72,4.0200000000000005,5.96
4257,27,9,6,2007,23.070833333333336,6.2700000000000005,4.88,6.23
4258,27,10,6,2007,22.784166666666668,5.51,3.44,5.03
4259,27,11,6,2007,22.555833333333336,3.21,1.59,2.98
4260,27,12,6,2007,23.3275,2.18,1.58,2.42
4261,27,13,6,2007,24.44666666666667,0.74,0.74,0.81
4262,27,14,6,2007,25.605,0.84,0.66,0.77
4263,27,15,6,2007,26.819999999999997,0.63,0.48,0.5700000000000001
4264,27,16,6,2007,27.900000000000002,0.44,0.56,0.54
4265,27,17,6,2007,28.72416666666666,1.64,1.37,1.59
4266,27,18,6,2007,27.122500000000002,8.27,6.63,7.96
4267,27,19,6,2007,24.565,14.55,10.16,12.85
4268,27,20,6,2007,20.488333333333333,16.06,11.22,14.26
4269,27,21,6,2007,21.403333333333332,7.32,4.39,5.53
4270,27,22,6,2007,23.888333333333332,6.9,4.69,5.66
4271,27,23,6,2007,24.403333333333332,5.58,4.44,5.3
4272,28,0,6,2007,24.968333333333334,5.22,4.03,4.87
4273,28,1,6,2007,24.6925,7.73,3.22,5.61
4274,28,2,6,2007,24.01833333333333,7.9,2.9,5.61
4275,28,3,6,2007,23.150833333333335,8.06,2.57,5.16
4276,28,4,6,2007,22.816666666666666,6.96,1.16,3.82
4277,28,5,6,2007,22.3125,6.15,1.37,3.02
4278,28,6,6,2007,22.101666666666663,3.56,1.32,2.87
4279,28,7,6,2007,21.760833333333334,3.29,1.37,2.32
4280,28,8,6,2007,20.881666666666664,3.82,2.08,3.45
4281,28,9,6,2007,20.264166666666664,7.45,1.77,4.5600000000000005
4282,28,10,6,2007,20.25583333333333,13.21,6.09,8.74
4283,28,11,6,2007,20.55333333333333,11.89,6.21,9.03
4284,28,12,6,2007,20.1775,10.62,5.72,8.23
4285,28,13,6,2007,20.971666666666668,7.76,5.76,7.07
4286,28,14,6,2007,22.062500000000004,8.51,6.32,7.77
4287,28,15,6,2007,23.43083333333333,8.31,6.17,7.57
4288,28,16,6,2007,24.56916666666667,8.24,6.12,7.48
4289,28,17,6,2007,25.377499999999998,7.58,5.68,6.88
4290,28,18,6,2007,25.984166666666667,7.69,5.79,7.0200000000000005
4291,28,19,6,2007,26.541666666666668,7.38,5.55,6.71
4292,28,20,6,2007,26.904166666666665,7.17,5.46,6.59
4293,28,21,6,2007,27.209166666666665,6.8,5.09,6.18
4294,28,22,6,2007,27.14333333333333,7.21,5.3,6.51
4295,28,23,6,2007,26.918333333333337,7.09,5.16,6.3900000000000015
4296,29,0,6,2007,25.978333333333335,6.54,4.3,5.5200000000000005
4297,29,1,6,2007,23.984166666666663,8.870000000000003,3.12,5.48
4298,29,2,6,2007,22.767500000000002,9.3,3.26,5.97
4299,29,3,6,2007,21.59166666666667,9.54,3.04,6.15
4300,29,4,6,2007,20.54583333333333,9.81,3.09,6.16
4301,29,5,6,2007,19.66,10.03,2.72,5.62
4302,29,6,6,2007,19.265,9.85,2.19,5.58
4303,29,7,6,2007,18.709999999999997,9.1,1.97,4.98
4304,29,8,6,2007,18.11666666666667,8.71,1.94,5.09
4305,29,9,6,2007,17.534166666666668,8.65,2.09,5.17
4306,29,10,6,2007,16.9875,8.4,2.11,4.8500000000000005
4307,29,11,6,2007,16.720000000000002,8.38,2.68,4.68
4308,29,12,6,2007,17.56,7.05,2.87,4.43
4309,29,13,6,2007,19.25583333333333,4.32,3.33,3.97
4310,29,14,6,2007,21.041666666666668,5.2700000000000005,4.11,4.9
4311,29,15,6,2007,22.84916666666666,5.49,4.24,5.0600000000000005
4312,29,16,6,2007,24.099999999999998,5.41,4.2,5.0
4313,29,17,6,2007,25.140833333333337,4.98,3.91,4.62
4314,29,18,6,2007,26.148333333333337,4.94,3.9,4.59
4315,29,19,6,2007,26.914999999999996,4.88,3.85,4.53
4316,29,20,6,2007,27.066666666666674,8.0,6.09,7.4
4317,29,21,6,2007,26.445833333333336,7.41,5.84,6.96
4318,29,22,6,2007,26.500833333333333,5.29,4.1,4.89
4319,29,23,6,2007,26.314166666666665,6.8900000000000015,5.29,6.45
4320,30,0,6,2007,25.971666666666664,6.8500000000000005,4.3500000000000005,5.64
4321,30,1,6,2007,24.49,8.63,3.61,5.99
4322,30,2,6,2007,22.86583333333333,10.22,3.1,5.87
4323,30,3,6,2007,21.9175,10.15,2.98,5.99
4324,30,4,6,2007,20.869999999999997,9.51,2.35,5.33
4325,30,5,6,2007,19.886666666666667,7.54,1.73,4.73
4326,30,6,6,2007,19.363333333333333,7.1400000000000015,2.82,5.19
4327,30,7,6,2007,18.60166666666667,7.22,2.11,4.5
4328,30,8,6,2007,17.766666666666666,7.77,2.27,4.79
4329,30,9,6,2007,17.545,8.44,1.97,4.8
4330,30,10,6,2007,18.070833333333336,7.61,3.99,5.5200000000000005
4331,30,11,6,2007,18.298333333333336,7.38,3.83,5.55
4332,30,12,6,2007,18.589166666666667,6.74,4.4,5.48
4333,30,13,6,2007,18.719166666666666,7.11,5.28,6.45
4334,30,14,6,2007,19.087500000000002,7.0600000000000005,5.26,6.42
4335,30,15,6,2007,19.70416666666667,6.7,5.04,6.17
4336,30,16,6,2007,21.3575,7.71,5.98,7.17
4337,30,17,6,2007,20.432499999999997,6.84,5.18,6.28
4338,30,18,6,2007,22.28,6.3500000000000005,4.89,5.84
4339,30,19,6,2007,24.194166666666664,7.53,5.91,7.04
4340,30,20,6,2007,25.465833333333332,6.41,5.03,5.99
4341,30,21,6,2007,26.045833333333334,6.38,4.82,5.84
4342,30,22,6,2007,26.594166666666666,6.74,5.13,6.21
4343,30,23,6,2007,26.389166666666664,7.18,5.25,6.5
4344,1,0,7,2007,25.763333333333332,7.11,4.72,5.95
4345,1,1,7,2007,23.751666666666665,9.27,3.96,7.18
4346,1,2,7,2007,21.965833333333332,9.25,4.0600000000000005,7.24
4347,1,3,7,2007,20.73166666666667,8.44,3.46,6.37
4348,1,4,7,2007,19.870833333333334,8.51,3.43,6.23
4349,1,5,7,2007,19.49416666666667,8.26,3.08,6.0200000000000005
4350,1,6,7,2007,18.55,8.08,2.85,6.22
4351,1,7,7,2007,17.784166666666668,7.36,1.45,4.68
4352,1,8,7,2007,17.186666666666667,7.07,2.04,3.9
4353,1,9,7,2007,17.246666666666673,6.13,2.34,4.0200000000000005
4354,1,10,7,2007,17.15,6.0,2.7,3.89
4355,1,11,7,2007,16.85166666666667,5.73,2.86,3.74
4356,1,12,7,2007,17.053333333333335,5.51,3.25,3.94
4357,1,13,7,2007,18.698333333333327,5.13,3.83,4.65
4358,1,14,7,2007,20.48833333333333,5.71,4.24,5.2
4359,1,15,7,2007,21.64083333333333,6.2700000000000005,4.68,5.71
4360,1,16,7,2007,22.721666666666664,5.69,4.23,5.17
4361,1,17,7,2007,23.909999999999997,6.03,4.55,5.5
4362,1,18,7,2007,24.911666666666672,6.78,5.13,6.17
4363,1,19,7,2007,25.46833333333333,7.0600000000000005,5.37,6.6000000000000005
4364,1,20,7,2007,26.062499999999996,7.47,5.76,6.93
4365,1,21,7,2007,26.701666666666664,7.11,5.42,6.54
4366,1,22,7,2007,26.955,7.33,5.57,6.75
4367,1,23,7,2007,26.864166666666666,7.57,5.58,6.94
4368,2,0,7,2007,26.53916666666667,7.42,5.3,6.67
4369,2,1,7,2007,24.814166666666665,8.540000000000001,3.2,6.63
4370,2,2,7,2007,23.060833333333335,9.19,3.47,6.86
4371,2,3,7,2007,22.2625,11.15,3.95,7.3900000000000015
4372,2,4,7,2007,22.008333333333336,12.16,4.82,8.05
4373,2,5,7,2007,21.0525,12.08,4.38,7.81
4374,2,6,7,2007,19.900833333333335,10.1,3.26,6.72
4375,2,7,7,2007,19.497500000000002,9.58,3.37,6.5600000000000005
4376,2,8,7,2007,18.954166666666662,9.33,3.12,6.38
4377,2,9,7,2007,18.480833333333333,9.34,3.2,6.34
4378,2,10,7,2007,17.611666666666665,9.27,2.23,6.12
4379,2,11,7,2007,17.660833333333333,8.870000000000003,3.31,5.9
4380,2,12,7,2007,19.539166666666667,7.24,4.01,4.92
4381,2,13,7,2007,21.03666666666666,5.84,4.3,5.25
4382,2,14,7,2007,22.477500000000003,6.17,4.61,5.61
4383,2,15,7,2007,23.218333333333334,5.54,4.2,5.08
4384,2,16,7,2007,24.660833333333333,4.74,3.53,4.28
4385,2,17,7,2007,25.485000000000003,5.69,4.42,5.29
4386,2,18,7,2007,26.269166666666667,5.48,4.19,5.08
4387,2,19,7,2007,27.263333333333335,5.74,4.26,5.18
4388,2,20,7,2007,27.888333333333335,7.61,5.7,7.08
4389,2,21,7,2007,28.066666666666666,6.88,5.22,6.28
4390,2,22,7,2007,28.593333333333334,6.88,5.12,6.24
4391,2,23,7,2007,28.435000000000002,6.61,4.66,5.7
4392,3,0,7,2007,28.024999999999995,6.18,4.44,5.51
4393,3,1,7,2007,26.438333333333336,10.27,4.24,7.51
4394,3,2,7,2007,24.93416666666667,10.79,4.37,7.57
4395,3,3,7,2007,23.975000000000005,10.13,3.82,7.0200000000000005
4396,3,4,7,2007,23.352500000000003,10.92,4.41,7.4
4397,3,5,7,2007,22.89,11.15,4.88,7.86
4398,3,6,7,2007,22.730833333333333,11.2,5.04,7.9300000000000015
4399,3,7,7,2007,22.16333333333333,11.24,4.74,7.66
4400,3,8,7,2007,21.549999999999997,10.57,4.64,7.24
4401,3,9,7,2007,21.436666666666667,10.43,4.76,7.45
4402,3,10,7,2007,21.00583333333333,10.15,4.41,7.0
4403,3,11,7,2007,20.93166666666667,9.58,4.92,7.19
4404,3,12,7,2007,21.97666666666667,8.370000000000001,5.08,6.47
4405,3,13,7,2007,23.521666666666672,6.17,4.6000000000000005,5.6000000000000005
4406,3,14,7,2007,24.876666666666665,6.0200000000000005,4.55,5.51
4407,3,15,7,2007,26.254166666666666,5.21,3.9,4.72
4408,3,16,7,2007,27.36916666666667,5.33,3.99,4.83
4409,3,17,7,2007,27.942499999999995,5.42,4.0200000000000005,4.9
4410,3,18,7,2007,28.847499999999997,6.0200000000000005,4.65,5.5600000000000005
4411,3,19,7,2007,29.63,5.91,4.42,5.36
4412,3,20,7,2007,30.049166666666668,6.22,4.71,5.68
4413,3,21,7,2007,30.36916666666667,6.66,4.98,6.05
4414,3,22,7,2007,30.461666666666662,6.5600000000000005,4.8500000000000005,5.92
4415,3,23,7,2007,30.24833333333333,6.75,4.79,5.99
4416,4,0,7,2007,29.548333333333336,7.21,4.97,6.37
4417,4,1,7,2007,27.715,7.92,3.65,6.15
4418,4,2,7,2007,26.472499999999997,9.68,4.5,7.3
4419,4,3,7,2007,25.900000000000002,10.48,4.89,7.81
4420,4,4,7,2007,25.275833333333335,11.02,4.72,7.66
4421,4,5,7,2007,24.819166666666664,11.09,5.2,8.11
4422,4,6,7,2007,24.551666666666673,11.14,5.37,8.21
4423,4,7,7,2007,24.426666666666666,11.52,6.24,8.8
4424,4,8,7,2007,24.04583333333333,11.31,5.76,8.41
4425,4,9,7,2007,23.516666666666666,11.21,5.84,8.49
4426,4,10,7,2007,23.347500000000007,11.33,5.75,8.38
4427,4,11,7,2007,23.654999999999998,11.06,5.8100000000000005,8.2
4428,4,12,7,2007,21.775833333333335,6.9,4.58,5.92
4429,4,13,7,2007,20.52916666666667,11.41,6.72,9.27
4430,4,14,7,2007,20.495,6.68,3.9,5.55
4431,4,15,7,2007,22.125,2.95,2.76,2.94
4432,4,16,7,2007,25.24166666666667,5.49,4.41,5.21
4433,4,17,7,2007,26.495833333333337,4.5200000000000005,3.5,4.16
4434,4,18,7,2007,28.088333333333335,2.85,2.32,2.69
4435,4,19,7,2007,29.345833333333328,3.49,2.68,3.19
4436,4,20,7,2007,30.06166666666667,4.39,3.44,4.09
4437,4,21,7,2007,30.671666666666667,4.63,3.75,4.41
4438,4,22,7,2007,30.858333333333338,4.96,3.79,4.58
4439,4,23,7,2007,30.5775,5.15,4.18,4.96
4440,5,0,7,2007,29.687500000000004,4.54,3.52,4.21
4441,5,1,7,2007,27.144166666666663,7.22,4.25,6.18
4442,5,2,7,2007,26.562500000000004,3.97,3.61,5.67
4443,5,3,7,2007,24.654166666666665,2.9,3.76,5.68
4444,5,4,7,2007,23.790833333333335,6.58,3.81,5.88
4445,5,5,7,2007,22.64916666666667,6.6000000000000005,3.92,6.36
4446,5,6,7,2007,22.343333333333334,6.67,3.86,6.32
4447,5,7,7,2007,22.423333333333332,5.76,3.7,6.23
4448,5,8,7,2007,22.05083333333333,6.8100000000000005,3.74,6.15
4449,5,9,7,2007,21.740833333333338,7.03,3.77,6.2
4450,5,10,7,2007,21.23,6.83,3.59,5.91
4451,5,11,7,2007,20.771666666666672,6.5600000000000005,3.42,5.79
4452,5,12,7,2007,21.775000000000002,5.54,3.25,4.36
4453,5,13,7,2007,23.847500000000007,3.79,2.9,3.39
4454,5,14,7,2007,25.97083333333333,4.32,3.41,4.03
4455,5,15,7,2007,28.072499999999994,5.2,3.95,4.76
4456,5,16,7,2007,29.224166666666672,5.5600000000000005,4.22,5.08
4457,5,17,7,2007,29.846666666666668,5.0,3.84,4.58
4458,5,18,7,2007,30.413333333333338,4.7700000000000005,3.71,4.41
4459,5,19,7,2007,30.972499999999997,4.83,3.7,4.41
4460,5,20,7,2007,31.367500000000003,4.2700000000000005,3.27,3.9
4461,5,21,7,2007,31.72,5.15,4.0,4.7700000000000005
4462,5,22,7,2007,31.799166666666668,5.54,4.17,5.07
4463,5,23,7,2007,31.604166666666668,5.32,3.96,4.83
4464,6,0,7,2007,30.65416666666667,5.15,3.4,4.29
4465,6,1,7,2007,28.40416666666667,5.14,1.71,4.09
4466,6,2,7,2007,27.14666666666666,3.99,1.13,2.56
4467,6,3,7,2007,26.304999999999996,3.96,1.1,2.63
4468,6,4,7,2007,25.536666666666665,3.47,0.77,2.04
4469,6,5,7,2007,24.269166666666663,5.18,1.98,4.0200000000000005
4470,6,6,7,2007,24.037499999999998,4.48,1.41,3.1
4471,6,7,7,2007,23.929999999999996,4.7700000000000005,2.16,4.0200000000000005
4472,6,8,7,2007,23.527500000000003,4.34,2.16,3.86
4473,6,9,7,2007,23.051666666666666,4.28,2.42,4.07
4474,6,10,7,2007,22.55,4.62,2.78,4.45
4475,6,11,7,2007,22.3225,4.47,2.73,4.29
4476,6,12,7,2007,23.90833333333333,4.2700000000000005,2.46,3.58
4477,6,13,7,2007,26.166666666666668,3.21,2.04,2.4
4478,6,14,7,2007,27.47416666666666,2.39,1.95,2.27
4479,6,15,7,2007,28.97,2.19,1.68,2.0
4480,6,16,7,2007,29.945833333333336,1.9,1.53,1.78
4481,6,17,7,2007,30.794166666666666,1.74,1.44,1.65
4482,6,18,7,2007,31.605833333333333,2.45,1.92,2.25
4483,6,19,7,2007,32.220833333333324,4.05,3.27,3.81
4484,6,20,7,2007,32.56916666666667,3.77,3.01,3.52
4485,6,21,7,2007,32.70333333333333,4.34,3.39,4.0200000000000005
4486,6,22,7,2007,32.880833333333335,4.12,3.21,3.83
4487,6,23,7,2007,32.625833333333325,3.5700000000000003,2.45,3.02
4488,7,0,7,2007,31.5725,7.73,3.59,5.89
4489,7,1,7,2007,28.774166666666673,10.49,5.16,8.21
4490,7,2,7,2007,27.435,10.81,5.19,8.19
4491,7,3,7,2007,27.217500000000005,11.94,5.46,8.64
4492,7,4,7,2007,27.069166666666664,12.12,5.64,8.81
4493,7,5,7,2007,26.569166666666664,12.1,5.61,8.69
4494,7,6,7,2007,26.26,12.11,5.74,8.82
4495,7,7,7,2007,25.680000000000003,12.18,5.86,8.91
4496,7,8,7,2007,25.470000000000002,12.13,5.8100000000000005,8.88
4497,7,9,7,2007,24.992500000000003,12.21,5.88,8.92
4498,7,10,7,2007,24.595,11.82,5.59,8.58
4499,7,11,7,2007,24.265,11.78,5.99,8.66
4500,7,12,7,2007,25.198333333333334,11.33,6.44,8.82
4501,7,13,7,2007,26.28833333333333,10.3,6.7700000000000005,8.41
4502,7,14,7,2007,28.15833333333333,8.75,6.45,7.95
4503,7,15,7,2007,29.596666666666668,8.63,6.3,7.79
4504,7,16,7,2007,30.853333333333335,8.49,6.15,7.61
4505,7,17,7,2007,31.944166666666664,8.39,6.09,7.53
4506,7,18,7,2007,32.86166666666667,8.53,6.22,7.66
4507,7,19,7,2007,33.341666666666676,8.68,6.3500000000000005,7.83
4508,7,20,7,2007,33.74583333333333,8.790000000000001,6.3900000000000015,7.9
4509,7,21,7,2007,33.8975,8.86,6.4,7.96
4510,7,22,7,2007,33.82000000000001,9.04,6.43,8.06
4511,7,23,7,2007,33.399166666666666,9.4,6.53,8.35
4512,8,0,7,2007,32.3225,9.31,6.41,8.23
4513,8,1,7,2007,30.41083333333333,12.65,6.11,9.45
4514,8,2,7,2007,29.00833333333333,12.44,6.2,9.29
4515,8,3,7,2007,28.044166666666666,13.17,6.67,9.84
4516,8,4,7,2007,27.19333333333333,13.67,6.8500000000000005,10.07
4517,8,5,7,2007,26.77916666666667,13.61,6.84,10.02
4518,8,6,7,2007,26.307499999999994,14.01,7.3,10.53
4519,8,7,7,2007,25.74416666666666,14.12,7.3900000000000015,10.61
4520,8,8,7,2007,25.18166666666667,14.3,7.54,10.8
4521,8,9,7,2007,24.631666666666664,14.23,7.41,10.68
4522,8,10,7,2007,24.04416666666667,14.4,7.49,10.8
4523,8,11,7,2007,23.694999999999997,13.72,7.33,10.29
4524,8,12,7,2007,24.837500000000002,12.98,7.58,10.19
4525,8,13,7,2007,26.165833333333335,9.65,6.6000000000000005,8.07
4526,8,14,7,2007,27.9325,8.61,6.4,7.84
4527,8,15,7,2007,29.641666666666666,9.36,6.78,8.41
4528,8,16,7,2007,30.889166666666664,8.97,6.46,8.02
4529,8,17,7,2007,31.953333333333333,7.99,5.8,7.15
4530,8,18,7,2007,32.71583333333333,7.84,5.7700000000000005,7.07
4531,8,19,7,2007,33.26583333333334,7.57,5.6000000000000005,6.8500000000000005
4532,8,20,7,2007,33.65083333333334,7.51,5.43,6.69
4533,8,21,7,2007,33.63,7.82,5.74,7.0600000000000005
4534,8,22,7,2007,33.57,8.040000000000001,5.83,7.25
4535,8,23,7,2007,33.1325,8.26,5.91,7.42
4536,9,0,7,2007,32.02333333333333,8.46,5.89,7.51
4537,9,1,7,2007,29.849999999999998,10.85,4.67,7.94
4538,9,2,7,2007,28.398333333333337,12.66,5.32,8.870000000000003
4539,9,3,7,2007,27.64333333333333,13.25,5.54,8.950000000000003
4540,9,4,7,2007,26.739166666666666,13.57,6.12,9.46
4541,9,5,7,2007,26.166666666666668,13.68,6.28,9.56
4542,9,6,7,2007,25.964166666666667,14.0,6.38,9.77
4543,9,7,7,2007,25.522500000000004,14.16,6.45,9.86
4544,9,8,7,2007,24.898333333333337,14.03,6.36,9.57
4545,9,9,7,2007,24.2775,13.22,7.08,10.07
4546,9,10,7,2007,23.063333333333333,9.89,5.17,7.6
4547,9,11,7,2007,21.98,8.74,3.5500000000000003,5.58
4548,9,12,7,2007,22.594999999999995,7.36,3.21,3.86
4549,9,13,7,2007,23.721666666666664,3.0700000000000003,2.49,2.9
4550,9,14,7,2007,24.822500000000005,4.68,3.7,4.39
4551,9,15,7,2007,26.581666666666667,2.47,1.94,2.28
4552,9,16,7,2007,28.046666666666667,2.41,1.96,2.28
4553,9,17,7,2007,29.206666666666667,2.01,1.78,2.0
4554,9,18,7,2007,30.1275,4.53,3.5,4.18
4555,9,19,7,2007,29.689999999999998,10.62,8.11,9.88
4556,9,20,7,2007,30.09666666666666,6.87,5.3100000000000005,6.38
4557,9,21,7,2007,29.849166666666665,7.6400000000000015,5.7,6.98
4558,9,22,7,2007,27.435833333333335,14.04,10.35,12.81
4559,9,23,7,2007,22.53333333333333,13.06,9.61,11.86
4560,10,0,7,2007,22.66916666666667,8.32,5.5,7.63
4561,10,1,7,2007,21.640000000000004,6.76,3.52,4.97
4562,10,2,7,2007,21.174166666666665,6.75,3.27,4.57
4563,10,3,7,2007,22.029166666666665,3.62,2.48,3.67
4564,10,4,7,2007,22.569166666666664,2.65,2.03,2.86
4565,10,5,7,2007,21.321666666666665,2.43,1.4,2.11
4566,10,6,7,2007,21.708333333333332,2.8000000000000003,1.81,3.04
4567,10,7,7,2007,21.3575,3.72,2.73,4.14
4568,10,8,7,2007,21.2775,4.13,2.8000000000000003,4.2700000000000005
4569,10,9,7,2007,20.77416666666667,4.89,3.25,4.8
4570,10,10,7,2007,20.657500000000002,6.24,3.71,5.58
4571,10,11,7,2007,20.29083333333333,6.3100000000000005,3.52,5.55
4572,10,12,7,2007,21.724999999999998,6.74,4.0,4.91
4573,10,13,7,2007,23.745,5.84,3.63,4.29
4574,10,14,7,2007,25.698333333333334,4.5600000000000005,3.38,4.1
4575,10,15,7,2007,27.742499999999996,4.5600000000000005,3.35,4.07
4576,10,16,7,2007,29.30666666666667,6.78,4.98,6.08
4577,10,17,7,2007,30.191666666666663,7.42,5.47,6.68
4578,10,18,7,2007,30.63416666666667,8.11,6.0600000000000005,7.35
4579,10,19,7,2007,30.48333333333333,9.68,7.28,8.86
4580,10,20,7,2007,29.936666666666667,11.45,7.68,9.89
4581,10,21,7,2007,30.1125,10.31,7.49,9.27
4582,10,22,7,2007,29.79083333333334,10.34,7.43,9.27
4583,10,23,7,2007,28.724166666666665,9.99,6.93,8.83
4584,11,0,7,2007,27.208333333333332,9.63,6.5600000000000005,8.39
4585,11,1,7,2007,24.18166666666666,9.53,3.56,6.49
4586,11,2,7,2007,22.305833333333336,10.74,3.8,6.83
4587,11,3,7,2007,21.01,10.63,3.78,7.28
4588,11,4,7,2007,19.828333333333333,10.12,3.5,6.6400000000000015
4589,11,5,7,2007,18.830833333333334,10.1,3.25,6.18
4590,11,6,7,2007,18.087500000000002,8.02,2.87,5.58
4591,11,7,7,2007,17.670833333333338,6.91,2.85,5.61
4592,11,8,7,2007,17.065833333333334,6.67,2.96,5.63
4593,11,9,7,2007,16.45,6.19,2.75,5.22
4594,11,10,7,2007,15.855833333333337,6.05,2.62,5.05
4595,11,11,7,2007,15.624166666666667,5.33,2.29,4.71
4596,11,12,7,2007,17.35166666666667,4.45,2.51,3.31
4597,11,13,7,2007,19.51,3.21,2.32,2.62
4598,11,14,7,2007,21.390833333333333,3.59,2.69,3.23
4599,11,15,7,2007,22.714166666666667,4.3500000000000005,3.36,4.0
4600,11,16,7,2007,23.591666666666665,4.87,3.75,4.46
4601,11,17,7,2007,24.56,4.59,3.5700000000000003,4.22
4602,11,18,7,2007,25.516666666666666,4.47,3.49,4.12
4603,11,19,7,2007,26.168333333333326,4.29,3.41,3.99
4604,11,20,7,2007,26.521666666666672,3.66,2.98,3.45
4605,11,21,7,2007,27.018333333333334,2.48,2.05,2.36
4606,11,22,7,2007,27.356666666666666,1.79,1.46,1.68
4607,11,23,7,2007,27.413333333333338,1.59,1.33,1.52
4608,12,0,7,2007,26.94916666666667,2.29,1.53,2.26
4609,12,1,7,2007,24.7525,3.17,1.78,3.31
4610,12,2,7,2007,22.999166666666667,4.0200000000000005,2.57,4.55
4611,12,3,7,2007,22.483333333333338,5.33,3.78,5.7
4612,12,4,7,2007,22.043333333333326,6.5,4.01,6.23
4613,12,5,7,2007,21.394166666666667,7.3900000000000015,4.5200000000000005,6.8900000000000015
4614,12,6,7,2007,20.87416666666667,7.3900000000000015,4.24,6.82
4615,12,7,7,2007,20.395833333333336,7.72,4.67,7.15
4616,12,8,7,2007,19.756666666666668,8.47,4.62,7.42
4617,12,9,7,2007,19.23,7.47,4.13,6.75
4618,12,10,7,2007,18.9525,7.19,4.25,6.54
4619,12,11,7,2007,18.909166666666668,7.05,4.24,6.0200000000000005
4620,12,12,7,2007,19.928333333333335,7.54,4.23,6.01
4621,12,13,7,2007,22.299999999999997,6.1000000000000005,3.9,4.72
4622,12,14,7,2007,24.271666666666665,5.29,3.96,4.79
4623,12,15,7,2007,25.504166666666666,4.38,3.34,4.0
4624,12,16,7,2007,26.540000000000003,2.99,2.31,2.73
4625,12,17,7,2007,27.455833333333334,2.91,2.32,2.71
4626,12,18,7,2007,28.34916666666666,2.33,1.88,2.18
4627,12,19,7,2007,29.11666666666667,2.95,2.35,2.74
4628,12,20,7,2007,29.595000000000002,4.14,3.44,3.96
4629,12,21,7,2007,30.040000000000003,3.13,2.33,2.8000000000000003
4630,12,22,7,2007,30.16583333333334,3.68,2.87,3.4
4631,12,23,7,2007,26.18083333333333,16.76,11.62,14.44
4632,13,0,7,2007,19.855,13.84,9.26,11.89
4633,13,1,7,2007,19.711666666666666,7.13,3.97,5.37
4634,13,2,7,2007,19.89083333333333,5.33,2.8000000000000003,4.45
4635,13,3,7,2007,19.865,7.78,3.61,5.62
4636,13,4,7,2007,19.434166666666666,7.4,3.18,5.38
4637,13,5,7,2007,18.94333333333333,5.0600000000000005,1.91,3.74
4638,13,6,7,2007,19.175,3.18,2.84,3.93
4639,13,7,7,2007,19.12333333333334,3.23,2.83,4.33
4640,13,8,7,2007,18.533333333333335,4.83,3.18,4.92
4641,13,9,7,2007,18.24833333333333,6.2700000000000005,3.17,5.25
4642,13,10,7,2007,17.695,7.32,3.33,5.78
4643,13,11,7,2007,16.92166666666667,7.18,3.25,5.73
4644,13,12,7,2007,16.930833333333332,5.5200000000000005,3.09,3.63
4645,13,13,7,2007,16.718333333333334,3.91,2.64,3.06
4646,13,14,7,2007,18.246666666666666,3.35,2.64,3.08
4647,13,15,7,2007,21.756666666666664,4.41,3.43,4.0600000000000005
4648,13,16,7,2007,23.747500000000002,4.33,3.38,3.99
4649,13,17,7,2007,24.893333333333327,3.3200000000000003,2.7,3.13
4650,13,18,7,2007,25.71166666666667,2.54,2.15,2.44
4651,13,19,7,2007,26.354166666666668,2.37,2.0,2.28
4652,13,20,7,2007,26.980833333333333,1.96,1.71,1.92
4653,13,21,7,2007,27.38416666666667,2.0,1.67,1.9
4654,13,22,7,2007,27.541666666666668,2.17,1.79,2.06
4655,13,23,7,2007,27.431666666666672,2.43,2.15,2.43
4656,14,0,7,2007,26.836666666666662,1.86,1.48,1.78
4657,14,1,7,2007,24.353333333333335,1.93,0.92,1.81
4658,14,2,7,2007,22.765,1.21,0.54,0.9
4659,14,3,7,2007,22.2075,2.13,1.08,2.03
4660,14,4,7,2007,21.680833333333336,2.98,1.97,3.03
4661,14,5,7,2007,21.803333333333327,3.99,2.38,3.94
4662,14,6,7,2007,21.32083333333333,5.75,3.4,5.62
4663,14,7,7,2007,20.709166666666665,6.48,3.94,6.17
4664,14,8,7,2007,20.093333333333334,8.1,4.28,7.12
4665,14,9,7,2007,19.700833333333335,8.85,4.28,7.3900000000000015
4666,14,10,7,2007,19.83,9.77,5.18,8.370000000000001
4667,14,11,7,2007,19.7425,10.39,5.82,8.41
4668,14,12,7,2007,20.94916666666667,10.31,5.94,7.98
4669,14,13,7,2007,23.335000000000004,9.27,5.37,6.67
4670,14,14,7,2007,25.863333333333333,7.09,5.29,6.45
4671,14,15,7,2007,27.805833333333336,7.17,5.33,6.51
4672,14,16,7,2007,29.299999999999997,6.46,4.8100000000000005,5.8500000000000005
4673,14,17,7,2007,30.548333333333336,5.71,4.26,5.16
4674,14,18,7,2007,31.608333333333338,5.64,4.24,5.11
4675,14,19,7,2007,32.63666666666666,5.23,3.9,4.71
4676,14,20,7,2007,33.4275,5.33,4.09,4.9
4677,14,21,7,2007,33.95249999999999,5.22,3.89,4.71
4678,14,22,7,2007,34.23,6.32,4.59,5.68
4679,14,23,7,2007,33.98416666666667,6.45,4.48,5.7
4680,15,0,7,2007,32.20333333333333,11.12,5.3,7.87
4681,15,1,7,2007,28.370000000000005,11.17,4.28,7.62
4682,15,2,7,2007,27.014166666666664,5.8500000000000005,3.67,6.75
4683,15,3,7,2007,25.598333333333333,2.59,3.41,5.95
4684,15,4,7,2007,25.385,1.93,2.17,1.57
4685,15,5,7,2007,23.89916666666667,0.6900000000000001,2.44,3.03
4686,15,6,7,2007,23.409166666666664,2.58,2.09,1.93
4687,15,7,7,2007,22.95416666666667,2.63,1.28,1.92
4688,15,8,7,2007,22.291666666666668,2.16,0.95,1.27
4689,15,9,7,2007,21.451666666666668,2.06,1.04,2.07
4690,15,10,7,2007,20.741666666666664,2.63,1.67,2.98
4691,15,11,7,2007,20.14083333333333,3.14,1.57,2.79
4692,15,12,7,2007,20.980833333333337,2.71,1.5,1.7
4693,15,13,7,2007,23.195833333333336,2.36,1.6,1.75
4694,15,14,7,2007,25.69083333333333,2.24,1.96,2.22
4695,15,15,7,2007,27.4525,2.32,2.04,2.3000000000000003
4696,15,16,7,2007,28.926666666666666,2.11,1.98,2.17
4697,15,17,7,2007,30.05333333333333,2.12,2.01,2.19
4698,15,18,7,2007,30.91333333333333,1.53,1.55,1.63
4699,15,19,7,2007,31.63,1.64,1.61,1.73
4700,15,20,7,2007,32.24916666666667,1.44,1.53,1.59
4701,15,21,7,2007,32.660833333333336,1.5,1.4,1.52
4702,15,22,7,2007,32.91833333333333,2.75,2.48,2.77
4703,15,23,7,2007,32.88666666666666,4.37,3.38,4.09
4704,16,0,7,2007,31.9425,6.01,3.41,4.73
4705,16,1,7,2007,29.55666666666666,7.87,3.49,6.49
4706,16,2,7,2007,27.47,10.64,4.19,7.6
4707,16,3,7,2007,26.838333333333335,10.95,5.04,7.94
4708,16,4,7,2007,23.288333333333338,16.68,9.46,12.29
4709,16,5,7,2007,21.42083333333333,8.59,4.21,5.91
4710,16,6,7,2007,21.599999999999998,6.68,3.81,5.17
4711,16,7,7,2007,22.47666666666667,7.49,4.4,6.05
4712,16,8,7,2007,22.47916666666666,9.52,4.51,6.92
4713,16,9,7,2007,21.860833333333332,9.44,4.24,6.75
4714,16,10,7,2007,21.99,11.54,5.86,8.76
4715,16,11,7,2007,22.56083333333333,11.29,5.68,8.58
4716,16,12,7,2007,23.825000000000003,9.89,5.62,7.6400000000000015
4717,16,13,7,2007,25.636666666666667,7.31,5.5200000000000005,6.7
4718,16,14,7,2007,28.084999999999994,7.41,5.44,6.69
4719,16,15,7,2007,29.889166666666664,7.15,5.24,6.43
4720,16,16,7,2007,31.10833333333333,7.04,5.21,6.36
4721,16,17,7,2007,32.130833333333335,6.44,4.7700000000000005,5.8
4722,16,18,7,2007,33.08166666666667,5.15,3.91,4.7
4723,16,19,7,2007,33.85333333333333,5.04,3.81,4.59
4724,16,20,7,2007,34.4425,5.71,4.36,5.23
4725,16,21,7,2007,34.70916666666667,6.05,4.55,5.5200000000000005
4726,16,22,7,2007,34.83416666666667,6.03,4.43,5.44
4727,16,23,7,2007,34.63666666666667,7.17,5.0600000000000005,6.37
4728,17,0,7,2007,33.65416666666666,7.43,4.84,6.21
4729,17,1,7,2007,31.18166666666666,11.33,4.48,8.26
4730,17,2,7,2007,29.860833333333336,12.49,4.94,8.63
4731,17,3,7,2007,28.844999999999995,12.38,5.39,8.85
4732,17,4,7,2007,28.475000000000005,13.01,5.66,9.06
4733,17,5,7,2007,27.590000000000003,13.4,5.9,9.3
4734,17,6,7,2007,26.929999999999996,13.62,6.34,9.73
4735,17,7,7,2007,26.6825,13.83,6.6000000000000005,9.93
4736,17,8,7,2007,26.22416666666666,14.24,6.65,10.06
4737,17,9,7,2007,25.62416666666667,14.43,6.49,10.05
4738,17,10,7,2007,25.186666666666667,14.69,6.78,10.32
4739,17,11,7,2007,24.709166666666665,14.27,6.93,10.28
4740,17,12,7,2007,25.845833333333328,13.52,7.8900000000000015,10.55
4741,17,13,7,2007,27.384166666666662,10.73,6.76,8.53
4742,17,14,7,2007,29.140833333333333,8.93,6.51,8.040000000000001
4743,17,15,7,2007,30.799166666666668,9.0,6.48,8.040000000000001
4744,17,16,7,2007,32.079166666666666,8.69,6.3100000000000005,7.79
4745,17,17,7,2007,33.016666666666666,8.540000000000001,6.22,7.65
4746,17,18,7,2007,33.75166666666667,7.67,5.59,6.8500000000000005
4747,17,19,7,2007,34.399166666666666,7.5,5.5200000000000005,6.75
4748,17,20,7,2007,34.88666666666667,7.6400000000000015,5.63,6.8900000000000015
4749,17,21,7,2007,35.152499999999996,8.11,5.95,7.32
4750,17,22,7,2007,35.09666666666667,7.98,5.74,7.16
4751,17,23,7,2007,34.5725,8.91,6.13,7.83
4752,18,0,7,2007,33.09583333333334,10.01,5.98,7.68
4753,18,1,7,2007,30.55666666666667,13.53,6.1400000000000015,9.66
4754,18,2,7,2007,29.228333333333328,13.95,6.76,10.19
4755,18,3,7,2007,28.439166666666665,14.07,6.67,10.18
4756,18,4,7,2007,27.618333333333336,14.19,6.54,9.96
4757,18,5,7,2007,26.833333333333332,14.61,6.87,10.39
4758,18,6,7,2007,26.56833333333334,14.94,7.34,10.84
4759,18,7,7,2007,26.239166666666666,14.89,7.41,10.84
4760,18,8,7,2007,25.78916666666667,14.63,7.13,10.54
4761,18,9,7,2007,25.050833333333333,14.15,6.66,9.99
4762,18,10,7,2007,24.696666666666662,14.31,6.67,10.08
4763,18,11,7,2007,24.53833333333333,14.57,7.56,10.62
4764,18,12,7,2007,25.63,13.95,7.9,10.71
4765,18,13,7,2007,27.277500000000003,11.28,7.74,9.7
4766,18,14,7,2007,28.87166666666667,10.27,7.52,9.27
4767,18,15,7,2007,30.539166666666663,10.36,7.57,9.36
4768,18,16,7,2007,32.112500000000004,9.85,7.16,8.84
4769,18,17,7,2007,33.260000000000005,9.74,7.05,8.69
4770,18,18,7,2007,34.04,9.63,6.97,8.6
4771,18,19,7,2007,34.729166666666664,9.72,6.99,8.65
4772,18,20,7,2007,35.23500000000001,10.17,7.3,9.06
4773,18,21,7,2007,35.10583333333334,11.19,7.96,9.96
4774,18,22,7,2007,34.67083333333334,10.95,7.79,9.72
4775,18,23,7,2007,34.18,11.42,7.83,10.03
4776,19,0,7,2007,32.946666666666665,12.04,7.75,9.96
4777,19,1,7,2007,31.019166666666667,12.93,6.4,9.31
4778,19,2,7,2007,29.415833333333335,13.61,6.6400000000000015,9.87
4779,19,3,7,2007,28.84333333333333,14.03,7.44,10.62
4780,19,4,7,2007,27.93833333333333,14.18,7.45,10.57
4781,19,5,7,2007,27.374166666666667,14.13,7.45,10.56
4782,19,6,7,2007,27.00333333333333,13.87,7.21,10.3
4783,19,7,7,2007,26.43916666666666,13.38,6.75,9.78
4784,19,8,7,2007,25.850000000000005,13.26,6.5600000000000005,9.58
4785,19,9,7,2007,25.362499999999997,12.56,6.28,9.19
4786,19,10,7,2007,24.7075,10.78,5.91,8.16
4787,19,11,7,2007,23.735833333333336,8.42,4.95,6.66
4788,19,12,7,2007,22.605000000000004,8.52,5.42,7.1000000000000005
4789,19,13,7,2007,23.16416666666667,6.78,5.0200000000000005,6.2
4790,19,14,7,2007,23.339166666666667,7.13,5.16,6.41
4791,19,15,7,2007,23.391666666666666,7.24,5.44,6.6000000000000005
4792,19,16,7,2007,21.959166666666665,4.0600000000000005,3.49,4.07
4793,19,17,7,2007,21.795833333333334,3.1,2.99,3.33
4794,19,18,7,2007,23.7975,1.93,1.32,1.63
4795,19,19,7,2007,26.064166666666665,1.32,1.23,1.33
4796,19,20,7,2007,27.411666666666665,3.01,2.47,2.86
4797,19,21,7,2007,28.204166666666666,3.66,2.98,3.47
4798,19,22,7,2007,26.845833333333335,4.0200000000000005,3.51,4.0600000000000005
4799,19,23,7,2007,27.714166666666667,4.7,3.59,4.34
4800,20,0,7,2007,27.485,5.12,3.88,4.76
4801,20,1,7,2007,25.405000000000005,6.2700000000000005,3.41,5.64
4802,20,2,7,2007,23.739166666666666,7.8,2.29,5.0200000000000005
4803,20,3,7,2007,23.00833333333333,8.53,1.7,5.1000000000000005
4804,20,4,7,2007,22.396666666666665,7.66,1.26,4.08
4805,20,5,7,2007,21.867500000000003,6.79,1.45,3.87
4806,20,6,7,2007,21.642500000000002,7.0200000000000005,2.26,3.99
4807,20,7,7,2007,22.13666666666667,5.93,3.38,4.61
4808,20,8,7,2007,21.410833333333333,8.39,3.42,5.62
4809,20,9,7,2007,20.703333333333333,9.78,3.81,6.3900000000000015
4810,20,10,7,2007,20.603333333333335,8.97,4.19,6.18
4811,20,11,7,2007,20.256666666666668,8.61,4.24,6.16
4812,20,12,7,2007,20.52333333333333,7.27,3.97,5.58
4813,20,13,7,2007,22.21666666666667,5.62,4.3100000000000005,5.18
4814,20,14,7,2007,24.153333333333336,5.68,4.41,5.2700000000000005
4815,20,15,7,2007,25.52916666666667,5.59,4.3500000000000005,5.19
4816,20,16,7,2007,26.315,6.34,4.8500000000000005,5.88
4817,20,17,7,2007,26.924166666666668,6.2700000000000005,4.61,5.65
4818,20,18,7,2007,27.6375,8.15,6.3500000000000005,7.63
4819,20,19,7,2007,28.378333333333334,7.71,5.5600000000000005,6.96
4820,20,20,7,2007,28.46666666666667,7.82,6.07,7.34
4821,20,21,7,2007,28.501666666666665,6.88,5.3100000000000005,6.37
4822,20,22,7,2007,28.32083333333333,7.1000000000000005,5.42,6.53
4823,20,23,7,2007,27.849166666666665,8.18,5.99,7.44
4824,21,0,7,2007,27.386666666666667,8.44,3.66,5.91
4825,21,1,7,2007,27.011666666666667,10.84,6.19,8.59
4826,21,2,7,2007,25.47083333333333,11.47,5.42,8.370000000000001
4827,21,3,7,2007,24.170833333333334,11.94,5.63,8.44
4828,21,4,7,2007,22.906666666666666,11.63,5.89,8.42
4829,21,5,7,2007,22.745833333333334,11.5,6.75,9.01
4830,21,6,7,2007,22.377499999999998,9.92,5.38,7.63
4831,21,7,7,2007,21.936666666666667,10.04,5.99,8.03
4832,21,8,7,2007,21.853333333333335,8.48,5.17,6.87
4833,21,9,7,2007,21.201666666666664,8.120000000000001,4.29,6.3
4834,21,10,7,2007,20.583333333333332,8.33,4.11,6.32
4835,21,11,7,2007,19.991666666666667,8.67,4.55,6.76
4836,21,12,7,2007,19.723333333333333,9.5,5.9,7.86
4837,21,13,7,2007,20.059166666666666,8.01,5.04,6.6000000000000005
4838,21,14,7,2007,21.534166666666668,7.0600000000000005,5.39,6.51
4839,21,15,7,2007,23.1825,7.92,6.03,7.31
4840,21,16,7,2007,24.523333333333337,8.03,6.12,7.4
4841,21,17,7,2007,25.683333333333337,7.49,5.71,6.8900000000000015
4842,21,18,7,2007,26.80333333333333,7.58,5.7700000000000005,6.96
4843,21,19,7,2007,27.534166666666664,7.81,5.91,7.15
4844,21,20,7,2007,27.97083333333333,7.6400000000000015,5.8,7.01
4845,21,21,7,2007,28.54416666666667,6.92,5.24,6.34
4846,21,22,7,2007,28.684166666666673,6.51,4.91,5.97
4847,21,23,7,2007,28.34583333333333,6.82,5.09,6.25
4848,22,0,7,2007,27.561666666666667,6.94,5.04,6.28
4849,22,1,7,2007,25.991666666666664,8.96,4.0,6.71
4850,22,2,7,2007,24.925,9.6,4.32,6.94
4851,22,3,7,2007,24.415000000000003,10.36,4.99,7.71
4852,22,4,7,2007,24.1775,10.09,4.97,7.55
4853,22,5,7,2007,23.270000000000007,10.15,4.59,7.17
4854,22,6,7,2007,22.544166666666666,10.26,4.7,7.15
4855,22,7,7,2007,21.929166666666664,10.58,4.75,7.24
4856,22,8,7,2007,21.595000000000002,10.98,5.13,7.65
4857,22,9,7,2007,21.216666666666665,10.61,4.95,7.45
4858,22,10,7,2007,20.870833333333334,10.52,5.03,7.5
4859,22,11,7,2007,20.644166666666667,10.0,5.5200000000000005,7.49
4860,22,12,7,2007,21.385,9.26,5.45,7.35
4861,22,13,7,2007,23.13083333333333,6.8500000000000005,4.65,5.6000000000000005
4862,22,14,7,2007,25.22666666666667,5.6000000000000005,4.3,5.17
4863,22,15,7,2007,27.029166666666658,4.74,3.68,4.4
4864,22,16,7,2007,28.465,4.12,3.23,3.83
4865,22,17,7,2007,29.60416666666667,3.6,2.89,3.38
4866,22,18,7,2007,30.55916666666667,3.34,2.69,3.13
4867,22,19,7,2007,31.39916666666667,3.58,2.87,3.35
4868,22,20,7,2007,32.04749999999999,4.5200000000000005,3.56,4.2
4869,22,21,7,2007,32.105,6.63,5.16,6.2
4870,22,22,7,2007,32.24833333333333,6.62,5.07,6.15
4871,22,23,7,2007,30.47,8.05,6.03,7.36
4872,23,0,7,2007,29.768333333333334,7.54,5.43,6.8100000000000005
4873,23,1,7,2007,28.36083333333333,8.42,3.72,6.1000000000000005
4874,23,2,7,2007,26.71083333333333,9.18,4.28,6.68
4875,23,3,7,2007,25.682500000000005,8.81,4.1,6.59
4876,23,4,7,2007,24.849166666666665,9.02,3.98,6.41
4877,23,5,7,2007,24.05666666666666,8.73,3.74,6.18
4878,23,6,7,2007,23.574166666666667,9.17,4.07,6.48
4879,23,7,7,2007,23.1675,8.790000000000001,3.71,6.1400000000000015
4880,23,8,7,2007,22.894166666666667,8.08,4.0200000000000005,6.04
4881,23,9,7,2007,22.45416666666667,7.74,3.9,5.82
4882,23,10,7,2007,22.034166666666668,7.44,3.42,5.55
4883,23,11,7,2007,21.72,7.24,3.53,5.32
4884,23,12,7,2007,22.419999999999998,6.84,3.73,5.29
4885,23,13,7,2007,24.38166666666667,4.47,3.46,4.11
4886,23,14,7,2007,26.230833333333333,3.64,2.91,3.45
4887,23,15,7,2007,27.78583333333333,3.25,2.58,3.0500000000000003
4888,23,16,7,2007,29.086666666666662,2.19,1.87,2.14
4889,23,17,7,2007,30.154166666666665,2.37,2.03,2.3000000000000003
4890,23,18,7,2007,30.84416666666667,1.94,1.67,1.89
4891,23,19,7,2007,31.600833333333338,2.03,1.67,1.92
4892,23,20,7,2007,31.44916666666666,3.0500000000000003,2.87,3.24
4893,23,21,7,2007,31.777499999999993,3.84,2.77,3.53
4894,23,22,7,2007,30.53916666666667,5.92,4.51,5.58
4895,23,23,7,2007,28.264166666666664,8.91,6.54,8.55
4896,24,0,7,2007,25.9725,8.49,5.3500000000000005,7.01
4897,24,1,7,2007,24.541666666666668,8.72,4.57,6.74
4898,24,2,7,2007,23.903333333333332,8.21,3.47,5.98
4899,24,3,7,2007,23.639166666666668,6.11,3.01,5.07
4900,24,4,7,2007,23.05666666666667,7.2,3.09,5.66
4901,24,5,7,2007,22.69,6.73,3.09,5.5600000000000005
4902,24,6,7,2007,22.235833333333332,7.04,3.26,5.7
4903,24,7,7,2007,21.706666666666663,7.8,3.77,6.24
4904,24,8,7,2007,21.227500000000003,7.8,3.52,6.15
4905,24,9,7,2007,20.87333333333333,7.68,3.76,6.2700000000000005
4906,24,10,7,2007,20.388333333333332,7.11,3.0700000000000003,5.62
4907,24,11,7,2007,20.289166666666667,6.69,3.85,5.6000000000000005
4908,24,12,7,2007,20.9875,6.41,3.65,4.84
4909,24,13,7,2007,22.405,4.15,3.34,3.95
4910,24,14,7,2007,24.163333333333338,3.21,2.5500000000000003,3.02
4911,24,15,7,2007,25.881666666666664,1.91,1.68,1.9
4912,24,16,7,2007,27.263333333333332,2.29,1.93,2.21
4913,24,17,7,2007,28.5175,2.65,2.19,2.54
4914,24,18,7,2007,29.53333333333333,2.88,2.44,2.79
4915,24,19,7,2007,30.19,3.41,2.71,3.17
4916,24,20,7,2007,30.929999999999993,4.49,3.56,4.21
4917,24,21,7,2007,31.25583333333334,5.48,4.42,5.22
4918,24,22,7,2007,31.48833333333334,4.54,3.7,4.33
4919,24,23,7,2007,31.322500000000005,5.19,3.83,4.72
4920,25,0,7,2007,30.600833333333338,5.79,4.32,5.37
4921,25,1,7,2007,28.672499999999996,9.41,4.12,7.42
4922,25,2,7,2007,27.596666666666668,10.1,4.53,7.46
4923,25,3,7,2007,26.167499999999993,10.23,4.3500000000000005,7.37
4924,25,4,7,2007,25.288333333333338,10.67,4.75,7.69
4925,25,5,7,2007,24.710000000000004,10.63,4.8100000000000005,7.74
4926,25,6,7,2007,24.3325,10.74,5.05,7.9300000000000015
4927,25,7,7,2007,23.9225,10.4,4.62,7.57
4928,25,8,7,2007,23.36583333333333,10.43,4.76,7.68
4929,25,9,7,2007,22.824166666666667,11.38,4.89,7.84
4930,25,10,7,2007,22.66,11.48,5.0200000000000005,7.96
4931,25,11,7,2007,22.493333333333336,11.5,5.33,7.9300000000000015
4932,25,12,7,2007,24.0,10.16,5.55,7.62
4933,25,13,7,2007,25.41333333333333,6.8,5.0200000000000005,6.13
4934,25,14,7,2007,26.352500000000003,6.58,4.94,6.0200000000000005
4935,25,15,7,2007,28.02,5.41,3.96,4.86
4936,25,16,7,2007,28.970833333333335,5.01,3.93,4.67
4937,25,17,7,2007,29.72583333333334,4.98,3.94,4.66
4938,25,18,7,2007,30.412499999999994,4.83,3.75,4.46
4939,25,19,7,2007,31.04166666666667,4.48,3.52,4.18
4940,25,20,7,2007,31.557500000000005,5.8100000000000005,4.62,5.45
4941,25,21,7,2007,31.736666666666668,5.92,4.3500000000000005,5.33
4942,25,22,7,2007,31.748333333333335,6.74,5.07,6.24
4943,25,23,7,2007,31.495833333333337,7.43,5.32,6.72
4944,26,0,7,2007,30.49333333333333,9.42,5.57,7.47
4945,26,1,7,2007,28.6675,11.63,5.78,8.94
4946,26,2,7,2007,27.147500000000004,11.77,5.38,8.56
4947,26,3,7,2007,26.099999999999994,12.44,6.0200000000000005,9.13
4948,26,4,7,2007,25.615,12.28,5.92,8.96
4949,26,5,7,2007,24.935000000000002,12.31,5.8,8.86
4950,26,6,7,2007,24.41333333333333,12.43,5.86,8.93
4951,26,7,7,2007,23.9875,12.69,6.28,9.33
4952,26,8,7,2007,23.615833333333338,13.1,6.29,9.49
4953,26,9,7,2007,23.38333333333333,13.19,6.45,9.64
4954,26,10,7,2007,22.8275,13.25,6.29,9.49
4955,26,11,7,2007,22.39833333333333,13.41,6.5200000000000005,9.7
4956,26,12,7,2007,23.2775,12.22,7.01,9.5
4957,26,13,7,2007,24.875,9.54,6.11,7.58
4958,26,14,7,2007,26.8625,7.57,5.63,6.9
4959,26,15,7,2007,28.85833333333333,6.67,4.93,6.05
4960,26,16,7,2007,30.31583333333334,6.29,4.67,5.71
4961,26,17,7,2007,31.372500000000002,6.62,4.94,6.0
4962,26,18,7,2007,32.18666666666666,6.5,4.84,5.88
4963,26,19,7,2007,32.8775,6.19,4.64,5.62
4964,26,20,7,2007,33.34583333333333,6.49,4.8500000000000005,5.9
4965,26,21,7,2007,33.611666666666665,6.98,5.14,6.3
4966,26,22,7,2007,33.58,7.27,5.2700000000000005,6.54
4967,26,23,7,2007,33.18416666666668,8.44,5.95,7.52
4968,27,0,7,2007,32.14333333333334,9.92,6.1000000000000005,7.86
4969,27,1,7,2007,30.289999999999992,11.97,5.55,8.89
4970,27,2,7,2007,28.68916666666667,13.3,6.57,9.72
4971,27,3,7,2007,27.923333333333336,13.87,6.59,9.92
4972,27,4,7,2007,27.28,14.49,7.13,10.51
4973,27,5,7,2007,26.597500000000007,14.66,7.43,10.82
4974,27,6,7,2007,26.349999999999998,14.47,7.5,10.73
4975,27,7,7,2007,26.113333333333333,14.62,7.54,10.8
4976,27,8,7,2007,25.6525,14.47,7.44,10.7
4977,27,9,7,2007,25.243333333333336,13.21,6.9,9.84
4978,27,10,7,2007,24.603333333333335,11.79,6.12,8.93
4979,27,11,7,2007,24.784999999999997,11.87,6.3100000000000005,9.07
4980,27,12,7,2007,25.132499999999997,11.08,6.34,8.71
4981,27,13,7,2007,25.972499999999997,8.21,4.54,6.32
4982,27,14,7,2007,26.814999999999998,4.79,3.67,4.41
4983,27,15,7,2007,27.873333333333335,3.84,2.97,3.54
4984,27,16,7,2007,29.09416666666667,3.87,3.12,3.65
4985,27,17,7,2007,30.242499999999996,4.3,3.44,4.04
4986,27,18,7,2007,31.123333333333324,4.38,3.51,4.12
4987,27,19,7,2007,31.03,10.38,7.95,9.76
4988,27,20,7,2007,29.081666666666663,9.54,7.32,8.83
4989,27,21,7,2007,30.90166666666667,4.3100000000000005,3.3000000000000003,3.95
4990,27,22,7,2007,31.820000000000004,5.39,4.15,4.99
4991,27,23,7,2007,31.18916666666667,6.24,4.79,5.7700000000000005
4992,28,0,7,2007,30.50916666666667,11.29,7.23,9.48
4993,28,1,7,2007,27.115,10.38,6.74,8.83
4994,28,2,7,2007,25.66083333333333,8.8,4.36,6.5200000000000005
4995,28,3,7,2007,25.291666666666668,6.94,4.45,5.8100000000000005
4996,28,4,7,2007,25.008333333333336,5.87,3.43,4.62
4997,28,5,7,2007,23.813333333333333,5.51,3.23,4.37
4998,28,6,7,2007,23.034999999999997,4.89,1.68,3.23
4999,28,7,7,2007,22.532500000000002,3.04,0.81,2.05
5000,28,8,7,2007,22.114166666666666,4.3100000000000005,0.86,2.45
5001,28,9,7,2007,21.689999999999998,4.24,1.62,2.74
5002,28,10,7,2007,21.336666666666662,2.97,1.25,2.46
5003,28,11,7,2007,21.477499999999996,3.54,1.73,2.7
5004,28,12,7,2007,22.38,4.03,2.03,2.83
5005,28,13,7,2007,22.890833333333333,3.77,2.02,2.42
5006,28,14,7,2007,23.611666666666668,3.94,3.18,3.76
5007,28,15,7,2007,24.8025,4.65,3.73,4.37
5008,28,16,7,2007,26.422499999999996,4.73,3.74,4.4
5009,28,17,7,2007,27.70416666666667,4.72,3.77,4.41
5010,28,18,7,2007,28.64916666666667,3.79,3.21,3.67
5011,28,19,7,2007,29.2225,4.92,3.98,4.63
5012,28,20,7,2007,29.78333333333333,4.61,3.78,4.38
5013,28,21,7,2007,30.31583333333333,3.58,2.97,3.42
5014,28,22,7,2007,30.55083333333333,3.52,2.91,3.37
5015,28,23,7,2007,30.647499999999997,3.52,2.85,3.34
5016,29,0,7,2007,30.24416666666666,2.99,2.37,2.81
5017,29,1,7,2007,28.809166666666666,9.97,6.75,8.76
5018,29,2,7,2007,25.19083333333333,10.47,7.1000000000000005,9.22
5019,29,3,7,2007,24.145833333333332,7.74,3.97,6.17
5020,29,4,7,2007,24.13083333333333,5.28,2.21,4.61
5021,29,5,7,2007,23.853333333333328,5.5200000000000005,1.88,3.74
5022,29,6,7,2007,23.501666666666665,5.25,2.04,3.46
5023,29,7,7,2007,23.31833333333333,5.3100000000000005,2.68,3.95
5024,29,8,7,2007,22.849166666666665,5.11,2.29,3.39
5025,29,9,7,2007,22.0775,4.54,2.21,3.02
5026,29,10,7,2007,21.505,4.3,2.56,3.36
5027,29,11,7,2007,21.343333333333334,5.37,3.25,4.4
5028,29,12,7,2007,21.425,3.87,2.08,2.71
5029,29,13,7,2007,21.9375,3.79,3.08,3.61
5030,29,14,7,2007,22.24749999999999,3.8,3.19,3.69
5031,29,15,7,2007,22.745833333333334,3.84,3.1,3.67
5032,29,16,7,2007,23.30583333333333,4.43,3.53,4.15
5033,29,17,7,2007,23.98,4.82,3.78,4.5200000000000005
5034,29,18,7,2007,25.142500000000002,5.7,4.11,5.08
5035,29,19,7,2007,24.146666666666665,5.73,3.99,4.97
5036,29,20,7,2007,23.642499999999995,5.96,4.07,5.23
5037,29,21,7,2007,22.97083333333333,1.58,0.95,1.12
5038,29,22,7,2007,23.169166666666666,2.77,2.12,2.56
5039,29,23,7,2007,24.5775,5.3100000000000005,4.3,5.12
5040,30,0,7,2007,23.076666666666668,5.87,2.91,4.3
5041,30,1,7,2007,22.575833333333335,4.17,1.69,3.94
5042,30,2,7,2007,22.576666666666664,3.79,2.33,4.11
5043,30,3,7,2007,22.789166666666663,3.82,2.14,3.42
5044,30,4,7,2007,22.581666666666667,3.75,1.51,2.88
5045,30,5,7,2007,22.1375,3.89,0.99,2.34
5046,30,6,7,2007,21.35833333333333,4.37,1.15,2.68
5047,30,7,7,2007,21.015000000000004,4.07,1.26,2.69
5048,30,8,7,2007,20.6875,3.67,1.03,2.36
5049,30,9,7,2007,20.597499999999997,3.65,0.92,2.21
5050,30,10,7,2007,20.386666666666667,4.3100000000000005,1.17,2.7
5051,30,11,7,2007,20.243333333333336,4.57,1.44,3.13
5052,30,12,7,2007,20.517500000000002,4.24,1.95,2.98
5053,30,13,7,2007,21.22583333333333,4.12,2.17,2.5500000000000003
5054,30,14,7,2007,22.671666666666667,2.94,2.0,2.42
5055,30,15,7,2007,25.2475,3.54,2.92,3.38
5056,30,16,7,2007,25.82166666666667,9.24,6.67,8.6
5057,30,17,7,2007,22.952499999999997,9.93,7.96,9.54
5058,30,18,7,2007,23.477500000000003,3.28,3.0500000000000003,3.44
5059,30,19,7,2007,25.926666666666666,3.38,2.79,3.24
5060,30,20,7,2007,26.977500000000003,6.26,5.05,5.96
5061,30,21,7,2007,27.2025,7.26,5.67,6.8
5062,30,22,7,2007,27.00833333333333,8.93,6.75,8.2
5063,30,23,7,2007,26.36333333333333,8.120000000000001,6.09,7.46
5064,31,0,7,2007,25.43583333333333,7.07,5.17,6.44
5065,31,1,7,2007,24.069166666666664,5.78,2.47,4.23
5066,31,2,7,2007,23.462500000000002,5.61,1.33,3.87
5067,31,3,7,2007,22.844166666666666,6.05,2.26,4.57
5068,31,4,7,2007,22.451666666666668,5.62,2.03,4.07
5069,31,5,7,2007,22.394166666666667,6.58,2.14,4.92
5070,31,6,7,2007,21.769166666666663,6.68,2.11,4.88
5071,31,7,7,2007,21.263333333333332,7.07,1.57,3.92
5072,31,8,7,2007,20.744999999999997,7.1400000000000015,1.18,3.49
5073,31,9,7,2007,20.280833333333337,8.4,1.5,4.8100000000000005
5074,31,10,7,2007,20.23,8.55,1.93,5.2700000000000005
5075,31,11,7,2007,19.9975,9.03,2.68,5.46
5076,31,12,7,2007,21.244166666666672,8.64,3.63,5.28
5077,31,13,7,2007,22.9575,5.3100000000000005,3.82,4.58
5078,31,14,7,2007,24.706666666666667,4.97,3.86,4.62
5079,31,15,7,2007,26.29833333333333,4.7700000000000005,3.78,4.48
5080,31,16,7,2007,27.272499999999997,4.82,3.78,4.47
5081,31,17,7,2007,28.05333333333333,5.62,4.49,5.29
5082,31,18,7,2007,29.06083333333333,5.5200000000000005,4.32,5.14
5083,31,19,7,2007,29.952499999999997,6.09,4.68,5.61
5084,31,20,7,2007,30.478333333333335,6.32,4.78,5.7700000000000005
5085,31,21,7,2007,30.53333333333333,6.79,4.93,6.16
5086,31,22,7,2007,26.9275,12.09,8.47,10.46
5087,31,23,7,2007,24.42,11.18,8.34,10.24
5088,1,0,8,2007,24.388333333333332,9.54,6.46,8.14
5089,1,1,8,2007,24.23416666666667,8.85,5.7,7.59
5090,1,2,8,2007,23.612499999999997,7.98,3.64,5.94
5091,1,3,8,2007,22.705,7.58,3.61,5.99
5092,1,4,8,2007,22.746666666666666,6.9,3.68,6.03
5093,1,5,8,2007,22.641666666666666,5.75,3.08,5.36
5094,1,6,8,2007,22.333333333333332,5.75,3.01,5.25
5095,1,7,8,2007,21.151666666666667,5.16,1.66,3.54
5096,1,8,8,2007,20.638333333333332,5.2700000000000005,2.0,4.11
5097,1,9,8,2007,20.611666666666668,5.88,2.41,4.76
5098,1,10,8,2007,20.979166666666664,6.4,2.75,5.0200000000000005
5099,1,11,8,2007,21.100833333333338,6.51,2.92,5.24
5100,1,12,8,2007,22.228333333333335,5.87,2.73,4.46
5101,1,13,8,2007,24.269166666666667,4.18,2.71,3.2
5102,1,14,8,2007,26.09583333333333,3.79,2.94,3.5
5103,1,15,8,2007,27.418333333333333,3.82,2.98,3.54
5104,1,16,8,2007,28.421666666666663,3.76,2.94,3.48
5105,1,17,8,2007,29.279166666666665,3.77,2.98,3.51
5106,1,18,8,2007,26.558333333333334,8.09,6.51,8.05
5107,1,19,8,2007,27.739166666666666,3.12,2.54,3.02
5108,1,20,8,2007,28.800833333333333,4.93,3.88,4.67
5109,1,21,8,2007,28.985000000000003,5.03,3.89,4.62
5110,1,22,8,2007,29.540833333333335,5.05,3.76,4.5600000000000005
5111,1,23,8,2007,29.402500000000003,6.8500000000000005,5.2700000000000005,6.46
5112,2,0,8,2007,28.055833333333336,6.38,4.47,5.71
5113,2,1,8,2007,26.2025,4.86,2.03,4.05
5114,2,2,8,2007,25.056666666666672,2.69,1.73,2.91
5115,2,3,8,2007,24.76,1.89,1.67,2.5500000000000003
5116,2,4,8,2007,23.959166666666665,1.86,1.2,2.03
5117,2,5,8,2007,24.019166666666663,1.81,2.39,2.52
5118,2,6,8,2007,23.112499999999997,3.45,2.07,3.17
5119,2,7,8,2007,22.345000000000002,2.36,1.36,2.6
5120,2,8,8,2007,22.385,2.26,1.53,2.45
5121,2,9,8,2007,22.1525,1.81,1.08,1.79
5122,2,10,8,2007,21.285833333333333,4.92,3.31,5.0200000000000005
5123,2,11,8,2007,20.436666666666667,5.2,3.15,4.86
5124,2,12,8,2007,21.359166666666663,5.44,3.15,4.48
5125,2,13,8,2007,23.144166666666667,3.98,2.78,3.26
5126,2,14,8,2007,25.061666666666667,3.92,3.13,3.7
5127,2,15,8,2007,26.878333333333334,4.13,3.2,3.81
5128,2,16,8,2007,28.066666666666663,3.97,3.11,3.69
5129,2,17,8,2007,28.74416666666667,3.58,2.7,3.26
5130,2,18,8,2007,29.3225,3.64,2.92,3.4
5131,2,19,8,2007,29.484166666666667,4.3,3.47,4.41
5132,2,20,8,2007,28.03,6.68,4.84,6.09
5133,2,21,8,2007,28.425833333333333,2.37,2.83,2.53
5134,2,22,8,2007,26.802500000000006,6.7700000000000005,5.38,6.41
5135,2,23,8,2007,26.849166666666665,6.0,4.47,5.47
5136,3,0,8,2007,27.09583333333333,3.01,1.68,1.98
5137,3,1,8,2007,26.308333333333337,3.67,1.09,2.48
5138,3,2,8,2007,25.058333333333334,3.93,1.04,2.51
5139,3,3,8,2007,24.609166666666667,1.66,1.75,2.08
5140,3,4,8,2007,24.311666666666664,3.42,2.09,3.19
5141,3,5,8,2007,23.55333333333333,2.85,1.05,2.05
5142,3,6,8,2007,22.969166666666666,2.86,1.21,2.37
5143,3,7,8,2007,22.56916666666667,2.44,1.19,2.37
5144,3,8,8,2007,21.47666666666667,4.3,2.57,4.0600000000000005
5145,3,9,8,2007,21.1475,3.96,1.36,2.68
5146,3,10,8,2007,20.408333333333335,3.52,1.67,3.02
5147,3,11,8,2007,19.964166666666667,4.17,1.9,3.39
5148,3,12,8,2007,20.660833333333333,3.65,1.9,2.67
5149,3,13,8,2007,22.248333333333335,3.0700000000000003,2.51,2.91
5150,3,14,8,2007,24.162500000000005,3.04,2.5,2.9
5151,3,15,8,2007,25.828333333333333,2.65,2.25,2.57
5152,3,16,8,2007,27.299166666666665,2.53,2.13,2.44
5153,3,17,8,2007,28.46916666666667,3.0,2.52,2.88
5154,3,18,8,2007,29.36333333333333,3.31,2.64,3.09
5155,3,19,8,2007,29.78583333333333,4.61,3.66,4.36
5156,3,20,8,2007,30.30916666666667,5.48,3.84,4.98
5157,3,21,8,2007,30.86666666666667,5.46,4.32,5.13
5158,3,22,8,2007,31.015,5.07,3.93,4.68
5159,3,23,8,2007,30.9375,5.25,3.81,4.76
5160,4,0,8,2007,29.560833333333335,5.3100000000000005,2.86,4.39
5161,4,1,8,2007,27.049166666666668,11.1,6.6000000000000005,9.05
5162,4,2,8,2007,25.173333333333336,8.67,4.89,7.09
5163,4,3,8,2007,25.23333333333333,6.3,3.38,5.34
5164,4,4,8,2007,25.331666666666667,7.42,4.08,6.2
5165,4,5,8,2007,24.914166666666663,8.68,4.3100000000000005,6.68
5166,4,6,8,2007,24.497500000000002,9.82,4.88,7.49
5167,4,7,8,2007,24.042499999999993,10.76,5.03,7.6400000000000015
5168,4,8,8,2007,23.7075,11.1,5.01,7.55
5169,4,9,8,2007,23.633333333333336,12.05,5.7,8.46
5170,4,10,8,2007,23.72,12.11,5.84,8.58
5171,4,11,8,2007,23.519166666666663,11.5,6.22,8.71
5172,4,12,8,2007,25.281666666666666,11.37,6.78,9.11
5173,4,13,8,2007,27.05666666666667,9.93,6.68,8.3
5174,4,14,8,2007,28.309166666666666,9.38,6.79,8.42
5175,4,15,8,2007,29.872500000000002,10.13,7.1400000000000015,8.950000000000003
5176,4,16,8,2007,31.157500000000002,10.68,7.54,9.43
5177,4,17,8,2007,31.984166666666667,11.45,8.1,10.14
5178,4,18,8,2007,32.56583333333334,11.51,8.14,10.18
5179,4,19,8,2007,33.01083333333334,11.82,8.34,10.47
5180,4,20,8,2007,33.31250000000001,12.23,8.64,10.86
5181,4,21,8,2007,33.35,12.34,8.66,10.91
5182,4,22,8,2007,33.27166666666667,12.16,8.45,10.7
5183,4,23,8,2007,32.99583333333333,11.77,8.03,10.3
5184,5,0,8,2007,31.861666666666668,11.88,6.86,9.4
5185,5,1,8,2007,30.375833333333333,13.6,6.47,9.73
5186,5,2,8,2007,29.744166666666672,13.57,6.7700000000000005,9.94
5187,5,3,8,2007,28.939999999999998,13.98,7.0600000000000005,10.26
5188,5,4,8,2007,28.39166666666667,14.15,7.35,10.49
5189,5,5,8,2007,27.882500000000004,13.96,7.17,10.32
5190,5,6,8,2007,27.40166666666667,13.73,6.99,10.04
5191,5,7,8,2007,27.13083333333333,13.81,6.96,10.02
5192,5,8,8,2007,26.882500000000004,13.82,7.13,10.19
5193,5,9,8,2007,26.78916666666667,14.21,7.58,10.69
5194,5,10,8,2007,26.5675,14.45,7.82,10.93
5195,5,11,8,2007,26.227499999999996,14.16,7.58,10.66
5196,5,12,8,2007,26.559166666666666,14.21,8.48,11.2
5197,5,13,8,2007,27.77416666666667,12.87,7.97,10.71
5198,5,14,8,2007,29.1275,11.01,7.92,9.88
5199,5,15,8,2007,30.535833333333333,10.05,7.31,9.04
5200,5,16,8,2007,31.955000000000002,9.62,6.96,8.620000000000001
5201,5,17,8,2007,33.329166666666666,8.47,6.12,7.55
5202,5,18,8,2007,34.375,7.78,5.62,6.93
5203,5,19,8,2007,35.0875,7.73,5.62,6.91
5204,5,20,8,2007,35.74666666666667,7.75,5.5600000000000005,6.88
5205,5,21,8,2007,36.13916666666666,7.94,5.66,7.05
5206,5,22,8,2007,36.2225,7.86,5.58,6.96
5207,5,23,8,2007,35.86083333333334,7.43,5.1000000000000005,6.51
5208,6,0,8,2007,34.16916666666667,10.06,4.12,7.09
5209,6,1,8,2007,32.377500000000005,12.45,4.57,8.11
5210,6,2,8,2007,31.5475,12.62,4.92,8.35
5211,6,3,8,2007,30.574166666666667,12.65,5.45,8.700000000000001
5212,6,4,8,2007,29.75166666666667,13.41,6.26,9.37
5213,6,5,8,2007,29.09416666666667,13.28,6.15,9.21
5214,6,6,8,2007,28.444166666666664,13.19,5.88,8.950000000000003
5215,6,7,8,2007,28.325000000000003,13.76,6.5600000000000005,9.7
5216,6,8,8,2007,28.14916666666667,13.5,6.93,9.99
5217,6,9,8,2007,28.226666666666663,13.81,7.73,10.58
5218,6,10,8,2007,27.676666666666666,13.65,7.16,10.19
5219,6,11,8,2007,27.403333333333332,13.61,7.34,10.35
5220,6,12,8,2007,27.404999999999998,12.75,7.1000000000000005,9.5
5221,6,13,8,2007,27.57916666666667,10.68,5.93,8.44
5222,6,14,8,2007,29.772499999999994,7.6,5.61,6.82
5223,6,15,8,2007,31.517500000000002,6.76,5.03,6.13
5224,6,16,8,2007,33.04416666666667,6.23,4.6000000000000005,5.62
5225,6,17,8,2007,34.2575,7.03,5.14,6.3
5226,6,18,8,2007,35.20499999999999,8.15,5.86,7.25
5227,6,19,8,2007,35.85333333333333,8.43,6.0600000000000005,7.5
5228,6,20,8,2007,36.248333333333335,8.870000000000003,6.29,7.85
5229,6,21,8,2007,36.365833333333335,9.92,6.91,8.73
5230,6,22,8,2007,35.964166666666664,11.43,7.84,10.06
5231,6,23,8,2007,35.072500000000005,11.63,7.81,10.02
5232,7,0,8,2007,33.372499999999995,13.09,6.1400000000000015,9.52
5233,7,1,8,2007,31.287499999999998,14.04,6.03,9.5
5234,7,2,8,2007,29.968333333333334,14.36,6.3100000000000005,9.78
5235,7,3,8,2007,29.05583333333333,14.43,6.7700000000000005,10.13
5236,7,4,8,2007,28.248333333333335,14.38,6.66,10.07
5237,7,5,8,2007,27.466666666666665,14.36,6.67,10.04
5238,7,6,8,2007,26.764166666666668,14.11,6.44,9.78
5239,7,7,8,2007,26.154166666666672,14.51,7.17,10.42
5240,7,8,8,2007,25.406666666666666,13.56,6.5200000000000005,9.78
5241,7,9,8,2007,24.845833333333335,13.28,6.4,9.54
5242,7,10,8,2007,24.50666666666667,12.85,6.13,9.31
5243,7,11,8,2007,23.953333333333333,11.24,5.79,8.56
5244,7,12,8,2007,24.771666666666665,10.97,5.54,8.11
5245,7,13,8,2007,26.250833333333333,9.44,5.33,7.25
5246,7,14,8,2007,28.312499999999996,5.6000000000000005,4.18,5.04
5247,7,15,8,2007,29.909999999999997,4.2,3.18,3.82
5248,7,16,8,2007,31.711666666666662,4.87,3.71,4.46
5249,7,17,8,2007,33.2725,4.11,3.11,3.74
5250,7,18,8,2007,34.38666666666666,4.84,3.64,4.39
5251,7,19,8,2007,35.21416666666667,4.57,3.48,4.18
5252,7,20,8,2007,35.84333333333333,4.59,3.49,4.2
5253,7,21,8,2007,36.290000000000006,5.59,4.15,5.08
5254,7,22,8,2007,36.5675,5.76,4.19,5.18
5255,7,23,8,2007,36.22333333333333,6.67,4.24,5.37
5256,8,0,8,2007,34.624166666666675,8.07,3.5,6.47
5257,8,1,8,2007,32.464166666666664,11.54,4.69,8.3
5258,8,2,8,2007,30.648333333333337,10.48,4.0600000000000005,6.97
5259,8,3,8,2007,28.64666666666666,8.49,4.28,4.89
5260,8,4,8,2007,27.076666666666664,8.44,3.31,4.08
5261,8,5,8,2007,25.978333333333335,7.6400000000000015,2.51,3.82
5262,8,6,8,2007,25.455000000000002,7.97,0.8,2.93
5263,8,7,8,2007,24.9325,7.95,0.63,2.94
5264,8,8,8,2007,24.486666666666665,7.28,0.8,2.5
5265,8,9,8,2007,24.50666666666667,6.74,2.08,3.45
5266,8,10,8,2007,23.865,7.94,2.83,5.08
5267,8,11,8,2007,22.286666666666665,9.49,2.48,5.17
5268,8,12,8,2007,24.879999999999995,9.82,5.26,7.16
5269,8,13,8,2007,26.77333333333333,8.63,5.04,6.76
5270,8,14,8,2007,28.470833333333335,6.57,5.03,6.09
5271,8,15,8,2007,30.27666666666667,7.1000000000000005,5.2700000000000005,6.44
5272,8,16,8,2007,31.944166666666664,7.66,5.66,6.93
5273,8,17,8,2007,33.25333333333333,8.51,6.25,7.68
5274,8,18,8,2007,34.288333333333334,9.13,6.7,8.25
5275,8,19,8,2007,34.94916666666666,10.55,7.61,9.46
5276,8,20,8,2007,35.42666666666667,10.76,7.69,9.6
5277,8,21,8,2007,35.85083333333334,10.87,7.75,9.68
5278,8,22,8,2007,36.048333333333325,11.07,7.6400000000000015,9.71
5279,8,23,8,2007,35.681666666666665,11.22,7.48,9.7
5280,9,0,8,2007,33.90833333333333,13.06,6.0200000000000005,9.44
5281,9,1,8,2007,31.71833333333333,12.95,5.86,9.27
5282,9,2,8,2007,30.617499999999993,14.7,7.1400000000000015,10.57
5283,9,3,8,2007,29.807500000000005,14.48,6.7700000000000005,10.2
5284,9,4,8,2007,28.72333333333334,13.1,6.32,9.25
5285,9,5,8,2007,27.401666666666667,11.65,6.58,8.96
5286,9,6,8,2007,26.47666666666667,11.15,5.73,8.370000000000001
5287,9,7,8,2007,25.411666666666665,9.11,4.69,6.99
5288,9,8,8,2007,25.2675,7.8,3.84,6.41
5289,9,9,8,2007,24.230833333333333,4.49,2.62,5.0
5290,9,10,8,2007,23.128333333333334,2.31,2.36,3.12
5291,9,11,8,2007,22.570000000000004,1.87,2.1,2.7
5292,9,12,8,2007,23.187500000000004,1.5,2.08,2.37
5293,9,13,8,2007,25.444999999999997,1.67,1.97,2.3000000000000003
5294,9,14,8,2007,27.577499999999997,1.01,0.92,1.01
5295,9,15,8,2007,29.236666666666668,1.44,1.22,1.39
5296,9,16,8,2007,30.587500000000002,1.71,1.49,1.68
5297,9,17,8,2007,31.810000000000002,1.59,1.38,1.56
5298,9,18,8,2007,32.848333333333336,1.28,1.22,1.32
5299,9,19,8,2007,33.550000000000004,1.59,1.59,1.69
5300,9,20,8,2007,34.163333333333334,1.74,1.65,1.79
5301,9,21,8,2007,34.52,3.72,3.13,3.6
5302,9,22,8,2007,34.6475,2.76,2.41,2.73
5303,9,23,8,2007,34.535,3.22,2.53,2.99
5304,10,0,8,2007,33.0175,6.19,2.96,5.39
5305,10,1,8,2007,30.425833333333333,6.73,3.0500000000000003,5.5600000000000005
5306,10,2,8,2007,29.213333333333335,7.94,3.17,6.67
5307,10,3,8,2007,28.555833333333336,7.72,3.9,7.03
5308,10,4,8,2007,27.835000000000004,8.76,3.99,7.09
5309,10,5,8,2007,27.724999999999998,7.86,3.39,6.69
5310,10,6,8,2007,27.5325,7.43,4.55,6.96
5311,10,7,8,2007,26.99333333333334,7.38,4.17,6.7
5312,10,8,8,2007,25.688333333333336,7.4,4.16,6.78
5313,10,9,8,2007,23.47666666666667,6.2,2.61,5.04
5314,10,10,8,2007,22.0975,2.3000000000000003,0.9,1.68
5315,10,11,8,2007,22.095,6.09,3.62,5.5600000000000005
5316,10,12,8,2007,23.6425,7.75,4.29,6.2700000000000005
5317,10,13,8,2007,25.605,7.0200000000000005,3.23,4.73
5318,10,14,8,2007,27.789166666666663,4.51,3.49,4.17
5319,10,15,8,2007,29.611666666666668,4.61,3.59,4.2700000000000005
5320,10,16,8,2007,31.316666666666666,4.97,3.76,4.51
5321,10,17,8,2007,32.766666666666666,5.51,4.16,5.0200000000000005
5322,10,18,8,2007,33.787499999999994,5.43,4.13,4.96
5323,10,19,8,2007,34.58416666666667,5.46,4.14,4.99
5324,10,20,8,2007,35.07333333333334,5.91,4.44,5.39
5325,10,21,8,2007,35.31416666666667,6.09,4.51,5.54
5326,10,22,8,2007,35.245000000000005,6.96,5.04,6.28
5327,10,23,8,2007,34.755833333333335,7.22,5.14,6.49
5328,11,0,8,2007,32.9925,9.74,4.38,7.56
5329,11,1,8,2007,30.851666666666663,11.69,4.26,8.14
5330,11,2,8,2007,29.700833333333335,12.16,5.2700000000000005,8.65
5331,11,3,8,2007,28.621666666666666,12.89,5.17,8.76
5332,11,4,8,2007,28.099166666666665,13.59,5.96,9.48
5333,11,5,8,2007,27.888333333333335,13.77,6.28,9.75
5334,11,6,8,2007,27.41833333333334,13.38,6.0600000000000005,9.34
5335,11,7,8,2007,26.75583333333334,13.3,6.13,9.39
5336,11,8,8,2007,26.173333333333336,13.18,6.07,9.24
5337,11,9,8,2007,26.12166666666667,13.31,5.96,9.2
5338,11,10,8,2007,25.737499999999997,13.29,6.05,9.21
5339,11,11,8,2007,25.242499999999996,12.7,5.95,8.8
5340,11,12,8,2007,25.599999999999998,11.53,5.71,8.290000000000001
5341,11,13,8,2007,27.393333333333334,9.62,5.3100000000000005,6.97
5342,11,14,8,2007,30.184166666666666,8.48,6.18,7.62
5343,11,15,8,2007,32.012499999999996,8.44,6.12,7.56
5344,11,16,8,2007,33.39416666666667,7.38,5.3500000000000005,6.58
5345,11,17,8,2007,34.55499999999999,6.44,4.74,5.78
5346,11,18,8,2007,35.51833333333334,6.3500000000000005,4.68,5.7
5347,11,19,8,2007,36.220000000000006,5.93,4.41,5.36
5348,11,20,8,2007,36.82916666666666,8.13,5.9,7.27
5349,11,21,8,2007,37.035833333333336,8.58,6.25,7.72
5350,11,22,8,2007,37.01333333333334,7.35,5.3100000000000005,6.5600000000000005
5351,11,23,8,2007,36.4275,7.5,5.24,6.67
5352,12,0,8,2007,34.37583333333333,8.43,3.94,6.3100000000000005
5353,12,1,8,2007,32.445,10.53,4.61,8.55
5354,12,2,8,2007,31.845000000000002,11.08,4.75,8.53
5355,12,3,8,2007,30.24083333333333,10.76,4.69,8.09
5356,12,4,8,2007,29.772499999999997,11.01,4.8500000000000005,8.53
5357,12,5,8,2007,29.164166666666663,11.09,5.15,8.41
5358,12,6,8,2007,28.751666666666665,11.76,5.51,9.05
5359,12,7,8,2007,28.8575,12.62,5.92,9.49
5360,12,8,8,2007,28.515833333333337,12.82,5.89,9.48
5361,12,9,8,2007,27.53166666666667,12.42,5.88,9.13
5362,12,10,8,2007,26.88333333333333,12.07,5.7700000000000005,8.91
5363,12,11,8,2007,25.857500000000005,11.68,5.58,8.71
5364,12,12,8,2007,25.419999999999998,8.63,3.19,5.57
5365,12,13,8,2007,27.550833333333333,6.78,3.09,4.54
5366,12,14,8,2007,29.294999999999998,2.87,2.21,2.61
5367,12,15,8,2007,31.32666666666667,2.87,2.24,2.65
5368,12,16,8,2007,33.214999999999996,2.48,1.91,2.28
5369,12,17,8,2007,34.48500000000001,0.98,0.99,1.04
5370,12,18,8,2007,35.471666666666664,2.09,1.69,1.97
5371,12,19,8,2007,36.28916666666667,1.81,1.46,1.69
5372,12,20,8,2007,37.13333333333333,2.74,2.17,2.54
5373,12,21,8,2007,37.483333333333334,2.62,1.99,2.37
5374,12,22,8,2007,37.589166666666664,1.83,1.51,1.74
5375,12,23,8,2007,37.32666666666667,3.04,2.22,2.82
5376,13,0,8,2007,35.34250000000001,4.18,2.45,4.23
5377,13,1,8,2007,31.865833333333338,6.0,2.61,5.8
5378,13,2,8,2007,30.450000000000003,5.37,2.6,4.71
5379,13,3,8,2007,29.278333333333336,3.73,2.49,4.46
5380,13,4,8,2007,29.209166666666672,6.58,3.11,5.73
5381,13,5,8,2007,29.75,8.19,4.36,7.09
5382,13,6,8,2007,27.506666666666664,7.01,3.61,5.89
5383,13,7,8,2007,25.105833333333337,5.51,3.45,4.96
5384,13,8,8,2007,23.3075,7.24,3.65,6.45
5385,13,9,8,2007,22.590000000000003,8.43,3.69,6.94
5386,13,10,8,2007,22.430833333333336,10.31,4.42,6.9
5387,13,11,8,2007,22.1825,9.17,3.85,6.5200000000000005
5388,13,12,8,2007,22.901666666666667,8.88,4.37,6.38
5389,13,13,8,2007,25.129166666666666,7.53,4.95,5.94
5390,13,14,8,2007,27.307500000000005,6.3900000000000015,4.93,5.93
5391,13,15,8,2007,29.526666666666667,6.71,5.07,6.15
5392,13,16,8,2007,31.896666666666672,6.48,4.87,5.9
5393,13,17,8,2007,33.487500000000004,6.05,4.55,5.51
5394,13,18,8,2007,34.987500000000004,6.2,4.66,5.65
5395,13,19,8,2007,36.002500000000005,6.08,4.55,5.5200000000000005
5396,13,20,8,2007,36.71666666666667,5.8,4.29,5.22
5397,13,21,8,2007,37.31583333333334,5.82,4.28,5.24
5398,13,22,8,2007,37.56333333333334,5.95,4.37,5.39
5399,13,23,8,2007,37.15083333333333,6.3500000000000005,4.24,5.47
5400,14,0,8,2007,34.94083333333332,8.64,3.63,6.78
5401,14,1,8,2007,32.582499999999996,11.8,4.54,8.42
5402,14,2,8,2007,30.820000000000004,11.33,4.97,8.22
5403,14,3,8,2007,29.849999999999994,12.67,5.34,9.0
5404,14,4,8,2007,29.091666666666665,14.13,6.32,9.89
5405,14,5,8,2007,29.039166666666663,14.04,6.3100000000000005,9.91
5406,14,6,8,2007,28.679166666666664,14.12,6.05,9.57
5407,14,7,8,2007,28.040833333333335,14.55,6.38,9.96
5408,14,8,8,2007,28.01,14.98,6.8,10.45
5409,14,9,8,2007,27.680833333333336,14.76,6.57,10.2
5410,14,10,8,2007,26.854166666666668,14.85,7.12,10.76
5411,14,11,8,2007,26.480833333333333,14.89,7.32,10.88
5412,14,12,8,2007,26.73833333333333,14.44,7.52,10.57
5413,14,13,8,2007,28.488333333333333,12.24,7.21,9.72
5414,14,14,8,2007,30.42583333333334,9.89,6.75,8.290000000000001
5415,14,15,8,2007,32.43333333333334,8.84,6.5600000000000005,8.040000000000001
5416,14,16,8,2007,34.29666666666666,8.45,6.21,7.63
5417,14,17,8,2007,35.781666666666666,6.98,5.13,6.2700000000000005
5418,14,18,8,2007,36.913333333333334,6.38,4.71,5.73
5419,14,19,8,2007,37.843333333333334,6.58,4.8100000000000005,5.88
5420,14,20,8,2007,38.5675,6.5,4.73,5.8
5421,14,21,8,2007,38.97166666666667,5.57,4.07,4.97
5422,14,22,8,2007,39.005,6.72,4.72,6.0
5423,14,23,8,2007,38.322500000000005,6.8100000000000005,4.75,6.04
5424,15,0,8,2007,35.72666666666667,9.35,3.36,7.0600000000000005
5425,15,1,8,2007,33.58083333333334,12.7,5.08,9.42
5426,15,2,8,2007,32.60916666666666,13.22,5.51,9.67
5427,15,3,8,2007,31.638333333333335,12.93,5.44,9.53
5428,15,4,8,2007,30.48,13.4,5.51,9.5
5429,15,5,8,2007,29.831666666666667,14.6,6.26,10.13
5430,15,6,8,2007,29.54416666666667,15.34,6.8500000000000005,10.75
5431,15,7,8,2007,28.995833333333334,15.64,7.23,11.07
5432,15,8,8,2007,27.679166666666664,15.13,6.48,10.22
5433,15,9,8,2007,26.64916666666667,15.22,6.28,9.99
5434,15,10,8,2007,26.60333333333334,15.69,7.04,10.91
5435,15,11,8,2007,26.715833333333336,15.94,7.36,11.25
5436,15,12,8,2007,26.971666666666664,15.3,7.69,11.03
5437,15,13,8,2007,29.124166666666667,13.37,7.9,10.59
5438,15,14,8,2007,31.032500000000002,10.76,7.16,8.84
5439,15,15,8,2007,32.84916666666666,9.95,7.16,8.86
5440,15,16,8,2007,34.4075,9.86,7.1000000000000005,8.790000000000001
5441,15,17,8,2007,35.66416666666667,8.32,6.0600000000000005,7.44
5442,15,18,8,2007,36.825833333333335,7.52,5.5,6.73
5443,15,19,8,2007,37.50083333333334,7.51,5.5,6.71
5444,15,20,8,2007,38.0725,7.33,5.22,6.47
5445,15,21,8,2007,38.58583333333333,7.24,5.29,6.47
5446,15,22,8,2007,38.6325,8.0,5.61,7.11
5447,15,23,8,2007,37.93333333333334,8.17,5.26,6.63
5448,16,0,8,2007,33.745,11.55,5.97,8.86
5449,16,1,8,2007,30.08916666666666,10.57,4.0200000000000005,7.12
5450,16,2,8,2007,29.510833333333334,11.23,5.4,7.9300000000000015
5451,16,3,8,2007,27.845000000000002,10.3,3.26,6.7
5452,16,4,8,2007,28.061666666666667,11.46,4.59,8.17
5453,16,5,8,2007,28.535833333333333,10.52,4.3100000000000005,7.6400000000000015
5454,16,6,8,2007,28.77333333333333,9.69,4.21,7.0200000000000005
5455,16,7,8,2007,28.724999999999994,5.2,4.08,5.91
5456,16,8,8,2007,27.75333333333333,5.48,3.38,5.3500000000000005
5457,16,9,8,2007,25.429999999999996,1.94,1.75,3.84
5458,16,10,8,2007,25.0425,3.59,2.65,4.2
5459,16,11,8,2007,25.519166666666663,6.47,4.25,6.18
5460,16,12,8,2007,26.75333333333334,6.69,4.15,6.44
5461,16,13,8,2007,28.166666666666668,6.18,3.5,4.9
5462,16,14,8,2007,27.421666666666667,3.74,3.29,3.78
5463,16,15,8,2007,29.274999999999995,2.12,1.92,2.15
5464,16,16,8,2007,30.89333333333333,3.2,2.62,3.04
5465,16,17,8,2007,31.88,4.84,3.77,4.47
5466,16,18,8,2007,32.162499999999994,5.89,4.67,5.5200000000000005
5467,16,19,8,2007,32.7225,5.26,4.22,4.96
5468,16,20,8,2007,33.27,5.1000000000000005,3.99,4.74
5469,16,21,8,2007,33.12833333333334,7.47,5.75,6.92
5470,16,22,8,2007,32.571666666666665,6.91,5.26,6.3500000000000005
5471,16,23,8,2007,32.01083333333333,7.03,5.1000000000000005,6.38
5472,17,0,8,2007,30.563333333333333,8.57,4.57,6.53
5473,17,1,8,2007,27.61583333333333,8.86,3.67,6.74
5474,17,2,8,2007,25.6875,9.09,2.73,5.95
5475,17,3,8,2007,24.160000000000007,10.25,2.19,5.58
5476,17,4,8,2007,23.632500000000004,8.94,3.04,5.99
5477,17,5,8,2007,22.78333333333333,7.81,2.14,5.0
5478,17,6,8,2007,22.1825,8.06,1.86,4.79
5479,17,7,8,2007,21.582499999999996,8.13,1.89,4.89
5480,17,8,8,2007,21.24833333333333,8.3,1.91,5.36
5481,17,9,8,2007,20.819999999999997,9.41,2.4,5.67
5482,17,10,8,2007,20.3475,9.25,1.9,5.23
5483,17,11,8,2007,19.766666666666666,9.03,1.93,5.2700000000000005
5484,17,12,8,2007,20.436666666666664,7.18,2.46,4.34
5485,17,13,8,2007,22.810000000000002,5.57,2.97,3.45
5486,17,14,8,2007,25.430833333333336,4.41,3.47,4.1
5487,17,15,8,2007,27.740833333333338,5.5600000000000005,4.26,5.11
5488,17,16,8,2007,29.36583333333333,5.59,4.32,5.16
5489,17,17,8,2007,30.736666666666665,5.29,4.09,4.87
5490,17,18,8,2007,31.9075,5.49,4.23,5.04
5491,17,19,8,2007,32.833333333333336,5.7,4.34,5.19
5492,17,20,8,2007,33.35333333333333,6.49,4.82,5.86
5493,17,21,8,2007,32.18583333333333,8.75,6.2,7.9
5494,17,22,8,2007,29.801666666666662,7.27,5.73,7.1400000000000015
5495,17,23,8,2007,24.336666666666662,12.52,9.15,11.61
5496,18,0,8,2007,23.490833333333338,12.4,7.28,10.02
5497,18,1,8,2007,23.1825,10.31,4.5200000000000005,7.04
5498,18,2,8,2007,22.652500000000003,9.07,3.65,5.96
5499,18,3,8,2007,22.246666666666666,11.82,4.97,7.91
5500,18,4,8,2007,22.588333333333335,12.51,5.5200000000000005,8.52
5501,18,5,8,2007,23.3625,12.58,5.98,8.9
5502,18,6,8,2007,23.4075,12.64,6.38,9.22
5503,18,7,8,2007,23.44666666666667,13.46,7.11,10.14
5504,18,8,8,2007,23.203333333333333,13.71,7.4,10.48
5505,18,9,8,2007,22.74,12.03,6.03,8.8
5506,18,10,8,2007,22.101666666666663,11.57,5.69,8.42
5507,18,11,8,2007,21.218333333333337,9.92,5.0600000000000005,7.51
5508,18,12,8,2007,21.78666666666666,9.46,4.95,7.22
5509,18,13,8,2007,23.255,7.97,4.96,6.53
5510,18,14,8,2007,25.034166666666668,5.38,4.13,4.93
5511,18,15,8,2007,27.334999999999997,4.5,3.58,4.21
5512,18,16,8,2007,29.7225,7.7,5.62,6.8900000000000015
5513,18,17,8,2007,31.504999999999995,8.96,6.49,7.99
5514,18,18,8,2007,32.490833333333335,10.31,7.3900000000000015,9.12
5515,18,19,8,2007,32.833333333333336,11.09,7.8900000000000015,9.81
5516,18,20,8,2007,33.416666666666664,11.01,7.81,9.75
5517,18,21,8,2007,33.43833333333334,12.63,8.870000000000003,11.15
5518,18,22,8,2007,31.853333333333328,17.580000000000002,11.91,15.34
5519,18,23,8,2007,29.208333333333332,13.24,9.34,11.78
5520,19,0,8,2007,28.075833333333325,9.95,6.48,8.31
5521,19,1,8,2007,27.435833333333335,10.53,5.61,8.03
5522,19,2,8,2007,26.784166666666668,10.88,6.09,8.5
5523,19,3,8,2007,25.886666666666667,10.98,6.2700000000000005,8.64
5524,19,4,8,2007,25.753333333333334,10.68,6.05,8.43
5525,19,5,8,2007,25.31916666666667,10.78,6.3100000000000005,8.65
5526,19,6,8,2007,24.89333333333333,10.57,6.05,8.39
5527,19,7,8,2007,24.958333333333332,11.18,6.2700000000000005,8.67
5528,19,8,8,2007,23.9025,10.96,6.13,8.47
5529,19,9,8,2007,22.735,10.93,5.72,8.3
5530,19,10,8,2007,22.648333333333337,11.56,5.97,8.68
5531,19,11,8,2007,22.700833333333335,10.88,5.66,7.98
5532,19,12,8,2007,23.36666666666667,10.48,5.64,7.9300000000000015
5533,19,13,8,2007,24.2925,7.79,4.38,5.97
5534,19,14,8,2007,25.157500000000002,6.4,4.0,5.3100000000000005
5535,19,15,8,2007,26.65833333333333,6.65,4.92,6.0
5536,19,16,8,2007,28.0325,6.3,4.66,5.68
5537,19,17,8,2007,29.810000000000002,7.66,5.73,6.97
5538,19,18,8,2007,31.02,8.59,6.41,7.83
5539,19,19,8,2007,31.099166666666665,10.36,7.65,9.46
5540,19,20,8,2007,30.399166666666662,12.47,9.67,11.76
5541,19,21,8,2007,30.65416666666667,9.04,6.69,8.19
5542,19,22,8,2007,30.64,8.48,6.13,7.61
5543,19,23,8,2007,30.150833333333335,8.65,6.16,7.7
5544,20,0,8,2007,27.528333333333325,10.35,6.66,8.65
5545,20,1,8,2007,25.517500000000002,10.3,5.33,7.85
5546,20,2,8,2007,24.001666666666665,10.5,5.3500000000000005,7.85
5547,20,3,8,2007,22.975833333333338,10.86,5.51,8.01
5548,20,4,8,2007,22.048333333333332,10.43,5.5200000000000005,7.9300000000000015
5549,20,5,8,2007,20.920833333333334,8.93,4.5,6.63
5550,20,6,8,2007,20.367499999999996,8.68,4.55,6.57
5551,20,7,8,2007,19.938333333333333,8.24,4.05,5.96
5552,20,8,8,2007,19.645833333333336,8.05,3.87,5.79
5553,20,9,8,2007,20.5825,6.13,3.59,4.57
5554,20,10,8,2007,21.194166666666668,5.18,2.88,3.91
5555,20,11,8,2007,21.353333333333335,4.2700000000000005,2.59,3.23
5556,20,12,8,2007,21.392500000000002,3.7,2.84,3.35
5557,20,13,8,2007,21.694166666666664,3.34,2.67,3.11
5558,20,14,8,2007,23.3325,2.61,2.23,2.5500000000000003
5559,20,15,8,2007,26.250000000000004,3.64,2.94,3.44
5560,20,16,8,2007,28.55333333333333,4.58,3.62,4.28
5561,20,17,8,2007,30.523333333333337,4.65,3.62,4.3
5562,20,18,8,2007,32.3025,4.51,3.48,4.14
5563,20,19,8,2007,33.885000000000005,6.34,4.79,5.79
5564,20,20,8,2007,34.976666666666674,7.61,5.5200000000000005,6.7700000000000005
5565,20,21,8,2007,33.756666666666675,11.1,8.06,10.01
5566,20,22,8,2007,33.14833333333333,8.45,6.25,7.66
5567,20,23,8,2007,32.515833333333326,11.57,6.84,9.37
5568,21,0,8,2007,30.933333333333337,11.08,6.1400000000000015,8.4
5569,21,1,8,2007,29.728333333333335,12.24,6.42,9.4
5570,21,2,8,2007,28.040833333333335,13.21,6.9,9.89
5571,21,3,8,2007,27.00833333333333,13.44,6.88,9.97
5572,21,4,8,2007,25.761666666666667,12.93,7.03,9.93
5573,21,5,8,2007,25.374166666666667,12.98,6.83,9.76
5574,21,6,8,2007,24.9275,13.18,7.28,10.23
5575,21,7,8,2007,22.50999999999999,7.5,2.15,4.5600000000000005
5576,21,8,8,2007,23.308333333333334,9.31,4.25,6.8500000000000005
5577,21,9,8,2007,23.833333333333332,8.77,4.32,6.8500000000000005
5578,21,10,8,2007,23.425,10.97,4.73,7.53
5579,21,11,8,2007,23.278333333333336,9.25,4.57,7.01
5580,21,12,8,2007,24.387500000000003,9.42,5.41,7.45
5581,21,13,8,2007,25.975833333333338,9.23,5.36,6.83
5582,21,14,8,2007,28.325000000000003,7.4,5.62,6.8
5583,21,15,8,2007,29.859166666666667,7.69,5.79,7.04
5584,21,16,8,2007,31.500833333333333,6.84,5.09,6.19
5585,21,17,8,2007,32.798333333333325,5.95,4.5,5.42
5586,21,18,8,2007,33.607499999999995,6.8500000000000005,5.1000000000000005,6.2
5587,21,19,8,2007,34.56583333333333,7.86,5.68,6.99
5588,21,20,8,2007,35.45583333333334,9.52,6.8100000000000005,8.47
5589,21,21,8,2007,36.029166666666676,10.15,7.15,8.950000000000003
5590,21,22,8,2007,36.038333333333334,11.44,7.95,10.1
5591,21,23,8,2007,35.483333333333334,11.5,8.01,10.16
5592,22,0,8,2007,33.74,12.84,6.68,9.19
5593,22,1,8,2007,32.18916666666667,13.58,6.8,10.11
5594,22,2,8,2007,31.02666666666666,14.44,7.46,10.79
5595,22,3,8,2007,29.955000000000002,14.46,7.83,11.09
5596,22,4,8,2007,29.048333333333332,13.51,7.1400000000000015,10.17
5597,22,5,8,2007,28.6725,14.59,8.18,11.34
5598,22,6,8,2007,28.159166666666664,13.98,7.71,10.78
5599,22,7,8,2007,27.55666666666666,13.62,7.35,10.37
5600,22,8,8,2007,26.845000000000002,12.67,6.41,9.28
5601,22,9,8,2007,26.3025,12.74,6.47,9.32
5602,22,10,8,2007,25.98166666666667,13.33,7.33,10.22
5603,22,11,8,2007,25.890000000000004,13.35,7.46,10.33
5604,22,12,8,2007,26.15833333333333,12.97,8.27,10.79
5605,22,13,8,2007,27.403333333333332,12.4,8.43,10.52
5606,22,14,8,2007,28.413333333333338,11.77,8.44,10.53
5607,22,15,8,2007,29.872500000000002,10.81,7.77,9.64
5608,22,16,8,2007,31.214166666666667,10.11,7.25,8.99
5609,22,17,8,2007,32.270833333333336,9.46,6.7700000000000005,8.39
5610,22,18,8,2007,32.975,10.14,7.32,9.04
5611,22,19,8,2007,33.52583333333334,10.24,7.32,9.07
5612,22,20,8,2007,33.964166666666664,10.56,7.46,9.31
5613,22,21,8,2007,34.05916666666668,11.14,7.88,9.86
5614,22,22,8,2007,33.84,12.32,8.63,10.9
5615,22,23,8,2007,33.37916666666666,12.52,8.4,10.68
5616,23,0,8,2007,31.577499999999997,12.65,7.54,10.29
5617,23,1,8,2007,29.8625,14.54,7.54,10.84
5618,23,2,8,2007,29.596666666666668,14.63,7.72,11.04
5619,23,3,8,2007,28.006666666666664,12.86,5.09,8.290000000000001
5620,23,4,8,2007,27.355833333333333,12.68,5.67,8.78
5621,23,5,8,2007,27.078333333333333,13.49,7.03,10.03
5622,23,6,8,2007,27.025000000000002,14.06,7.68,10.79
5623,23,7,8,2007,26.55083333333333,13.07,7.29,10.09
5624,23,8,8,2007,26.275833333333335,13.15,7.28,10.15
5625,23,9,8,2007,26.10916666666667,13.09,6.98,9.84
5626,23,10,8,2007,25.8625,12.91,7.11,9.88
5627,23,11,8,2007,26.228333333333335,12.98,7.49,10.17
5628,23,12,8,2007,23.46416666666667,15.98,8.25,11.71
5629,23,13,8,2007,22.132499999999997,16.88,10.18,13.41
5630,23,14,8,2007,21.743333333333336,15.78,10.3,13.43
5631,23,15,8,2007,22.98,13.04,9.3,11.6
5632,23,16,8,2007,24.200833333333332,13.52,9.71,12.07
5633,23,17,8,2007,26.470833333333335,12.18,8.790000000000001,10.87
5634,23,18,8,2007,28.8175,12.2,8.55,10.69
5635,23,19,8,2007,29.7775,15.86,11.28,14.1
5636,23,20,8,2007,29.897499999999994,15.34,10.77,13.68
5637,23,21,8,2007,31.264166666666668,12.03,8.6,10.68
5638,23,22,8,2007,32.223333333333336,11.46,7.98,10.01
5639,23,23,8,2007,32.594166666666666,10.75,7.54,9.47
5640,24,0,8,2007,31.696666666666662,11.17,6.1400000000000015,8.64
5641,24,1,8,2007,30.734166666666667,11.82,5.99,8.75
5642,24,2,8,2007,30.402500000000003,14.06,7.54,10.64
5643,24,3,8,2007,26.147499999999997,5.98,4.28,4.8100000000000005
5644,24,4,8,2007,25.345,7.77,5.33,6.7
5645,24,5,8,2007,24.09166666666667,14.72,8.11,10.72
5646,24,6,8,2007,20.7875,14.58,8.67,11.39
5647,24,7,8,2007,20.313333333333336,8.26,4.94,6.61
5648,24,8,8,2007,20.805833333333332,12.23,7.63,10.08
5649,24,9,8,2007,20.601666666666663,9.69,5.87,7.86
5650,24,10,8,2007,20.3725,8.73,4.69,6.66
5651,24,11,8,2007,19.960000000000004,7.48,4.61,5.8500000000000005
5652,24,12,8,2007,19.49833333333333,6.34,3.76,5.14
5653,24,13,8,2007,20.382499999999997,3.66,3.02,3.53
5654,24,14,8,2007,21.541666666666668,2.48,2.07,2.4
5655,24,15,8,2007,22.604166666666668,1.92,1.6,1.83
5656,24,16,8,2007,23.635833333333334,2.15,1.88,2.11
5657,24,17,8,2007,24.02,2.23,1.9,2.16
5658,24,18,8,2007,24.48333333333333,1.17,1.1,1.21
5659,24,19,8,2007,26.162499999999998,1.05,0.65,0.8
5660,24,20,8,2007,26.834166666666665,5.79,4.4,5.28
5661,24,21,8,2007,26.51583333333333,8.56,5.33,7.1400000000000015
5662,24,22,8,2007,22.388333333333335,12.59,8.25,10.68
5663,24,23,8,2007,20.4975,9.54,6.49,8.23
5664,25,0,8,2007,20.793333333333333,5.22,2.43,3.89
5665,25,1,8,2007,20.066666666666666,6.63,2.84,4.98
5666,25,2,8,2007,19.631666666666668,6.42,3.0500000000000003,4.89
5667,25,3,8,2007,19.21916666666667,6.57,2.99,5.2700000000000005
5668,25,4,8,2007,18.6825,7.19,3.0700000000000003,5.36
5669,25,5,8,2007,17.921666666666667,5.01,2.48,3.85
5670,25,6,8,2007,17.434166666666666,4.94,2.07,3.45
5671,25,7,8,2007,17.15833333333333,5.24,2.3000000000000003,3.67
5672,25,8,8,2007,17.38083333333333,5.08,2.52,3.43
5673,25,9,8,2007,17.134166666666665,5.0200000000000005,2.44,2.91
5674,25,10,8,2007,16.7775,4.94,2.22,2.67
5675,25,11,8,2007,16.255833333333335,4.23,1.51,1.62
5676,25,12,8,2007,15.825833333333335,4.23,1.57,1.77
5677,25,13,8,2007,15.711666666666668,3.91,1.43,1.51
5678,25,14,8,2007,16.415000000000003,2.77,1.21,1.37
5679,25,15,8,2007,18.865,2.28,1.99,2.21
5680,25,16,8,2007,21.815,2.32,1.92,2.2
5681,25,17,8,2007,23.490833333333338,2.48,2.14,2.42
5682,25,18,8,2007,24.4975,2.42,2.11,2.37
5683,25,19,8,2007,25.46166666666667,1.8,1.62,1.79
5684,25,20,8,2007,26.279999999999998,1.41,1.26,1.39
5685,25,21,8,2007,26.80333333333333,1.2,1.25,1.31
5686,25,22,8,2007,27.04416666666666,1.33,1.32,1.4
5687,25,23,8,2007,27.009999999999994,3.01,2.13,2.83
5688,26,0,8,2007,25.487499999999997,4.5600000000000005,2.83,4.76
5689,26,1,8,2007,23.83,4.63,2.76,4.5200000000000005
5690,26,2,8,2007,22.263333333333335,5.17,2.11,4.44
5691,26,3,8,2007,21.426666666666666,5.98,2.34,4.64
5692,26,4,8,2007,21.203333333333333,7.21,3.54,6.23
5693,26,5,8,2007,20.95916666666667,8.11,3.86,6.58
5694,26,6,8,2007,20.353333333333335,8.620000000000001,3.81,7.1400000000000015
5695,26,7,8,2007,20.076666666666668,11.4,4.7,7.99
5696,26,8,8,2007,19.56416666666667,12.32,5.32,8.43
5697,26,9,8,2007,19.331666666666667,12.38,5.38,8.47
5698,26,10,8,2007,19.155833333333334,12.62,5.89,8.86
5699,26,11,8,2007,18.903333333333332,12.4,5.96,8.81
5700,26,12,8,2007,19.208333333333332,11.82,6.26,8.57
5701,26,13,8,2007,20.508333333333333,9.55,5.48,7.62
5702,26,14,8,2007,22.49416666666666,8.43,6.2,7.59
5703,26,15,8,2007,24.569166666666664,9.04,6.61,8.120000000000001
5704,26,16,8,2007,26.560000000000002,9.35,6.8500000000000005,8.42
5705,26,17,8,2007,28.183333333333337,9.13,6.69,8.22
5706,26,18,8,2007,29.300833333333326,9.18,6.72,8.25
5707,26,19,8,2007,30.2825,9.51,6.91,8.51
5708,26,20,8,2007,30.871666666666666,9.93,7.16,8.86
5709,26,21,8,2007,31.282500000000002,10.07,7.21,8.96
5710,26,22,8,2007,31.279999999999998,11.58,8.1,10.27
5711,26,23,8,2007,30.676666666666673,11.69,8.13,10.34
5712,27,0,8,2007,29.19333333333334,11.66,6.53,8.950000000000003
5713,27,1,8,2007,27.4675,13.78,6.82,10.08
5714,27,2,8,2007,26.72083333333333,14.29,7.36,10.65
5715,27,3,8,2007,26.261666666666667,14.51,7.56,10.88
5716,27,4,8,2007,25.806666666666672,15.19,8.040000000000001,11.45
5717,27,5,8,2007,25.433333333333337,15.56,8.4,11.84
5718,27,6,8,2007,25.025833333333335,15.37,8.3,11.69
5719,27,7,8,2007,24.654166666666665,15.52,8.4,11.82
5720,27,8,8,2007,24.153333333333336,14.97,7.86,11.15
5721,27,9,8,2007,23.800833333333333,14.77,7.8900000000000015,11.14
5722,27,10,8,2007,23.624999999999996,15.12,8.26,11.55
5723,27,11,8,2007,23.69333333333334,15.31,8.43,11.76
5724,27,12,8,2007,24.17,15.4,9.79,12.82
5725,27,13,8,2007,26.566666666666674,15.17,9.61,12.65
5726,27,14,8,2007,28.073333333333334,13.15,9.29,11.62
5727,27,15,8,2007,29.9975,12.76,9.15,11.42
5728,27,16,8,2007,31.88,12.55,8.94,11.17
5729,27,17,8,2007,33.218333333333334,12.25,8.71,10.88
5730,27,18,8,2007,34.510000000000005,11.98,8.53,10.64
5731,27,19,8,2007,35.38666666666667,11.8,8.38,10.46
5732,27,20,8,2007,35.829166666666666,12.17,8.620000000000001,10.79
5733,27,21,8,2007,35.9775,12.2,8.61,10.81
5734,27,22,8,2007,35.95083333333333,11.48,7.94,10.08
5735,27,23,8,2007,35.27166666666667,11.58,7.62,9.77
5736,28,0,8,2007,32.830000000000005,12.77,5.91,8.85
5737,28,1,8,2007,30.81833333333334,14.23,5.7700000000000005,9.5
5738,28,2,8,2007,30.14833333333334,15.09,6.87,10.59
5739,28,3,8,2007,28.562499999999996,14.24,6.53,10.13
5740,28,4,8,2007,27.742499999999996,14.56,6.87,10.35
5741,28,5,8,2007,27.180833333333336,14.61,7.04,10.49
5742,28,6,8,2007,26.465833333333332,14.19,6.74,10.1
5743,28,7,8,2007,26.099999999999998,14.47,6.65,10.12
5744,28,8,8,2007,25.84,14.39,6.62,10.05
5745,28,9,8,2007,25.00583333333333,13.78,5.84,9.13
5746,28,10,8,2007,24.630000000000006,13.96,6.12,9.45
5747,28,11,8,2007,23.979166666666668,14.15,5.97,9.3
5748,28,12,8,2007,24.557499999999994,14.2,7.44,10.01
5749,28,13,8,2007,27.040000000000003,12.32,7.45,9.89
5750,28,14,8,2007,28.37666666666667,9.97,7.16,8.88
5751,28,15,8,2007,30.084999999999994,10.13,7.25,9.01
5752,28,16,8,2007,31.49749999999999,10.19,7.32,9.07
5753,28,17,8,2007,32.63583333333333,10.36,7.3900000000000015,9.18
5754,28,18,8,2007,33.745000000000005,10.76,7.65,9.53
5755,28,19,8,2007,34.517500000000005,10.79,7.69,9.56
5756,28,20,8,2007,34.94416666666667,10.74,7.63,9.51
5757,28,21,8,2007,35.06333333333333,10.8,7.69,9.61
5758,28,22,8,2007,34.8825,10.45,7.3900000000000015,9.31
5759,28,23,8,2007,34.17,10.22,7.18,9.1
5760,29,0,8,2007,32.115833333333335,11.85,5.29,8.75
5761,29,1,8,2007,29.965833333333332,12.08,4.79,8.66
5762,29,2,8,2007,28.80333333333333,14.19,5.91,9.51
5763,29,3,8,2007,27.942499999999995,13.76,5.72,9.13
5764,29,4,8,2007,26.699166666666667,12.44,5.39,8.15
5765,29,5,8,2007,22.741666666666664,10.81,3.52,6.58
5766,29,6,8,2007,21.85666666666667,5.66,3.0500000000000003,5.33
5767,29,7,8,2007,22.30083333333333,8.08,4.8100000000000005,6.4
5768,29,8,8,2007,22.76833333333333,9.94,6.47,8.42
5769,29,9,8,2007,22.171666666666667,8.48,5.6000000000000005,7.24
5770,29,10,8,2007,21.400833333333335,7.57,4.24,6.05
5771,29,11,8,2007,21.423333333333332,7.01,4.0200000000000005,5.43
5772,29,12,8,2007,21.38416666666667,7.63,4.66,6.19
5773,29,13,8,2007,21.179166666666667,4.25,2.78,3.49
5774,29,14,8,2007,21.614999999999995,2.41,2.13,2.43
5775,29,15,8,2007,22.87,3.62,2.97,3.45
5776,29,16,8,2007,23.1975,4.9,3.8,4.55
5777,29,17,8,2007,21.925833333333333,8.38,6.48,7.85
5778,29,18,8,2007,22.712500000000002,7.55,5.67,6.93
5779,29,19,8,2007,22.875833333333333,7.59,5.75,6.98
5780,29,20,8,2007,23.60083333333333,6.87,5.15,6.29
5781,29,21,8,2007,24.883333333333336,7.51,5.69,6.88
5782,29,22,8,2007,24.95583333333333,7.27,5.43,6.66
5783,29,23,8,2007,24.603333333333335,6.55,4.45,5.57
5784,30,0,8,2007,24.10833333333333,7.23,4.22,5.76
5785,30,1,8,2007,24.15833333333333,6.8500000000000005,3.56,5.19
5786,30,2,8,2007,23.815833333333334,6.67,3.49,5.07
5787,30,3,8,2007,22.936666666666664,7.71,4.1,6.21
5788,30,4,8,2007,21.2775,7.53,4.03,5.74
5789,30,5,8,2007,20.59166666666667,7.56,4.04,5.75
5790,30,6,8,2007,20.54583333333333,7.78,4.53,6.04
5791,30,7,8,2007,19.99416666666667,7.41,4.14,5.7
5792,30,8,8,2007,19.1525,6.34,3.43,4.49
5793,30,9,8,2007,17.296666666666667,7.58,2.5,4.63
5794,30,10,8,2007,15.672499999999998,7.47,2.09,4.69
5795,30,11,8,2007,15.0075,7.37,2.08,4.61
5796,30,12,8,2007,15.11416666666667,6.68,2.96,4.67
5797,30,13,8,2007,16.44583333333333,5.1000000000000005,2.82,3.3000000000000003
5798,30,14,8,2007,18.635,3.67,2.9,3.42
5799,30,15,8,2007,20.76083333333333,3.94,3.1,3.66
5800,30,16,8,2007,22.599166666666665,3.99,3.14,3.71
5801,30,17,8,2007,23.9225,3.77,3.0,3.52
5802,30,18,8,2007,25.0325,3.33,2.71,3.15
5803,30,19,8,2007,25.9725,3.23,2.64,3.06
5804,30,20,8,2007,26.730000000000004,3.0,2.46,2.85
5805,30,21,8,2007,27.16666666666666,2.84,2.34,2.7
5806,30,22,8,2007,27.395,3.02,2.46,2.86
5807,30,23,8,2007,27.184166666666666,3.01,2.44,2.86
5808,31,0,8,2007,25.19666666666667,4.17,1.66,2.82
5809,31,1,8,2007,22.564999999999998,4.62,1.0,3.44
5810,31,2,8,2007,21.229166666666668,5.55,1.04,3.39
5811,31,3,8,2007,20.16,4.48,1.02,2.49
5812,31,4,8,2007,19.2825,7.6400000000000015,1.07,3.79
5813,31,5,8,2007,18.511666666666667,8.11,1.46,4.71
5814,31,6,8,2007,17.6775,6.96,1.65,4.5600000000000005
5815,31,7,8,2007,16.85166666666667,6.42,1.72,4.44
5816,31,8,8,2007,16.2925,5.8100000000000005,1.63,3.73
5817,31,9,8,2007,15.773333333333332,5.48,1.64,3.63
5818,31,10,8,2007,15.265000000000002,5.11,1.78,3.53
5819,31,11,8,2007,14.984166666666667,5.29,1.88,3.7
5820,31,12,8,2007,15.229166666666666,4.5200000000000005,1.44,3.02
5821,31,13,8,2007,17.261666666666667,4.0,1.95,2.3000000000000003
5822,31,14,8,2007,19.830000000000002,2.85,2.08,2.4
5823,31,15,8,2007,22.40833333333333,2.54,2.08,2.41
5824,31,16,8,2007,24.125833333333333,2.7,2.2,2.5500000000000003
5825,31,17,8,2007,25.441666666666663,2.6,2.13,2.46
5826,31,18,8,2007,26.54416666666667,3.03,2.52,2.89
5827,31,19,8,2007,27.558333333333334,3.48,2.83,3.28
5828,31,20,8,2007,28.456666666666667,3.4,2.74,3.18
5829,31,21,8,2007,28.936666666666664,3.33,2.64,3.0700000000000003
5830,31,22,8,2007,29.049166666666668,3.67,2.83,3.35
5831,31,23,8,2007,28.592499999999998,4.16,2.96,3.65
5832,1,0,9,2007,26.109166666666667,5.43,2.25,4.3500000000000005
5833,1,1,9,2007,23.23166666666667,7.83,3.3000000000000003,7.12
5834,1,2,9,2007,21.9825,9.64,3.66,7.62
5835,1,3,9,2007,20.908333333333335,10.43,3.89,8.15
5836,1,4,9,2007,20.092499999999998,10.82,4.07,8.06
5837,1,5,9,2007,19.228333333333335,11.03,4.01,8.2
5838,1,6,9,2007,18.376666666666665,10.83,4.09,8.1
5839,1,7,9,2007,18.047500000000003,10.98,4.25,8.03
5840,1,8,9,2007,17.614166666666662,11.16,4.54,8.21
5841,1,9,9,2007,17.051666666666666,10.82,4.45,8.02
5842,1,10,9,2007,16.585833333333337,10.22,4.21,7.8
5843,1,11,9,2007,15.949999999999998,9.3,4.01,7.33
5844,1,12,9,2007,16.093333333333334,8.39,3.85,6.75
5845,1,13,9,2007,17.988333333333333,7.26,3.33,5.1000000000000005
5846,1,14,9,2007,20.246666666666666,4.87,3.51,4.2
5847,1,15,9,2007,22.286666666666665,4.69,3.61,4.33
5848,1,16,9,2007,23.819166666666664,4.69,3.61,4.32
5849,1,17,9,2007,24.88083333333333,4.32,3.34,3.99
5850,1,18,9,2007,25.739999999999995,4.16,3.22,3.83
5851,1,19,9,2007,26.44083333333333,4.47,3.42,4.11
5852,1,20,9,2007,26.930833333333336,4.48,3.41,4.1
5853,1,21,9,2007,27.168333333333337,4.72,3.56,4.32
5854,1,22,9,2007,27.00833333333333,5.18,3.8,4.71
5855,1,23,9,2007,26.24416666666666,6.46,3.77,5.0600000000000005
5856,2,0,9,2007,23.977500000000003,7.87,3.52,6.78
5857,2,1,9,2007,21.6525,8.68,4.11,7.29
5858,2,2,9,2007,20.710833333333333,10.92,4.41,8.48
5859,2,3,9,2007,19.9675,11.65,4.75,8.9
5860,2,4,9,2007,19.737500000000004,11.21,4.94,8.86
5861,2,5,9,2007,19.4675,10.54,5.08,8.6
5862,2,6,9,2007,19.063333333333333,10.72,5.18,8.69
5863,2,7,9,2007,18.787499999999998,10.43,5.4,8.63
5864,2,8,9,2007,18.07166666666667,10.24,5.1000000000000005,8.33
5865,2,9,9,2007,17.720000000000002,9.71,5.08,8.19
5866,2,10,9,2007,17.0025,9.38,4.73,7.87
5867,2,11,9,2007,17.140833333333337,9.17,4.72,7.82
5868,2,12,9,2007,17.566666666666666,8.83,4.74,7.82
5869,2,13,9,2007,19.397499999999997,8.67,4.3500000000000005,6.5
5870,2,14,9,2007,22.114166666666666,7.18,3.79,4.48
5871,2,15,9,2007,24.512500000000003,4.93,3.72,4.46
5872,2,16,9,2007,26.207500000000007,5.3500000000000005,3.99,4.8500000000000005
5873,2,17,9,2007,27.221666666666668,4.82,3.63,4.38
5874,2,18,9,2007,27.99333333333333,4.1,3.15,3.77
5875,2,19,9,2007,28.662500000000005,3.74,2.89,3.44
5876,2,20,9,2007,29.104166666666668,3.61,2.84,3.37
5877,2,21,9,2007,29.3075,3.49,2.69,3.23
5878,2,22,9,2007,29.1975,4.22,3.17,3.94
5879,2,23,9,2007,28.489999999999995,4.5600000000000005,3.15,4.0200000000000005
5880,3,0,9,2007,26.0925,5.41,2.57,4.97
5881,3,1,9,2007,24.24,6.13,3.45,6.25
5882,3,2,9,2007,23.580000000000002,7.56,4.2700000000000005,7.28
5883,3,3,9,2007,22.888333333333332,8.71,4.79,8.26
5884,3,4,9,2007,22.23,8.78,4.64,8.13
5885,3,5,9,2007,21.599999999999998,9.02,4.82,8.23
5886,3,6,9,2007,21.043333333333333,8.540000000000001,4.58,7.85
5887,3,7,9,2007,20.124166666666667,8.59,4.43,7.68
5888,3,8,9,2007,19.749166666666664,8.290000000000001,4.28,7.2
5889,3,9,9,2007,20.048333333333336,8.27,4.54,7.0600000000000005
5890,3,10,9,2007,19.55,7.95,4.62,6.83
5891,3,11,9,2007,19.65416666666667,8.07,4.7,6.97
5892,3,12,9,2007,19.599166666666665,7.78,4.79,7.0600000000000005
5893,3,13,9,2007,21.42833333333333,7.72,4.41,6.51
5894,3,14,9,2007,23.537499999999998,6.88,3.91,4.89
5895,3,15,9,2007,25.735,4.99,3.66,4.3100000000000005
5896,3,16,9,2007,27.524999999999995,4.51,3.42,4.1
5897,3,17,9,2007,28.620833333333334,4.72,3.54,4.28
5898,3,18,9,2007,29.146666666666665,4.61,3.5,4.21
5899,3,19,9,2007,29.525000000000002,4.61,3.53,4.24
5900,3,20,9,2007,29.82416666666666,5.2700000000000005,4.13,4.93
5901,3,21,9,2007,29.906666666666666,5.95,4.38,5.42
5902,3,22,9,2007,29.73833333333334,6.13,4.55,5.62
5903,3,23,9,2007,28.81833333333333,4.83,3.46,4.36
5904,4,0,9,2007,26.385,7.18,3.2,6.18
5905,4,1,9,2007,24.530833333333337,8.11,3.88,7.28
5906,4,2,9,2007,23.654166666666665,8.11,4.05,7.0200000000000005
5907,4,3,9,2007,22.8775,9.29,4.55,7.87
5908,4,4,9,2007,22.034999999999997,9.83,4.78,8.35
5909,4,5,9,2007,21.462500000000002,9.66,4.62,8.27
5910,4,6,9,2007,21.370833333333334,10.23,4.43,8.24
5911,4,7,9,2007,21.170833333333338,10.7,4.59,8.540000000000001
5912,4,8,9,2007,20.915,10.97,4.64,8.67
5913,4,9,9,2007,20.64833333333333,11.06,4.5600000000000005,8.94
5914,4,10,9,2007,19.782500000000002,11.36,4.36,8.74
5915,4,11,9,2007,19.81416666666667,9.81,4.86,8.4
5916,4,12,9,2007,19.646666666666665,8.790000000000001,4.58,7.67
5917,4,13,9,2007,21.39833333333333,8.05,4.39,6.8100000000000005
5918,4,14,9,2007,23.7025,6.91,3.6,4.8500000000000005
5919,4,15,9,2007,26.19666666666667,4.78,3.24,3.77
5920,4,16,9,2007,28.18666666666667,5.07,3.66,4.5
5921,4,17,9,2007,29.23166666666667,5.34,3.9,4.7700000000000005
5922,4,18,9,2007,29.74416666666666,5.68,4.21,5.12
5923,4,19,9,2007,30.079166666666666,5.8,4.33,5.28
5924,4,20,9,2007,30.337500000000006,6.24,4.72,5.75
5925,4,21,9,2007,30.5125,6.34,4.87,5.89
5926,4,22,9,2007,30.445833333333336,5.26,3.92,4.8
5927,4,23,9,2007,29.796666666666663,5.73,3.61,4.8100000000000005
5928,5,0,9,2007,27.94333333333334,7.47,3.14,6.55
5929,5,1,9,2007,26.706666666666667,8.56,4.07,7.21
5930,5,2,9,2007,25.86333333333333,11.54,5.09,8.42
5931,5,3,9,2007,24.599999999999998,12.96,6.03,9.14
5932,5,4,9,2007,23.179999999999996,13.17,6.51,9.29
5933,5,5,9,2007,22.389999999999997,12.12,5.94,8.76
5934,5,6,9,2007,21.7375,11.35,5.08,7.75
5935,5,7,9,2007,21.236666666666665,10.43,5.25,7.69
5936,5,8,9,2007,21.082499999999996,10.62,4.96,7.56
5937,5,9,9,2007,20.813333333333333,10.13,5.14,7.57
5938,5,10,9,2007,20.28333333333333,10.0,4.98,7.42
5939,5,11,9,2007,19.594166666666666,8.5,4.47,6.45
5940,5,12,9,2007,19.859999999999996,7.91,4.63,6.45
5941,5,13,9,2007,20.909166666666668,7.17,4.92,6.0
5942,5,14,9,2007,22.665833333333335,6.25,4.8,5.8
5943,5,15,9,2007,24.179166666666664,6.5,4.82,5.89
5944,5,16,9,2007,25.840000000000003,6.55,4.86,5.94
5945,5,17,9,2007,26.99833333333333,6.46,4.79,5.84
5946,5,18,9,2007,27.876666666666665,6.62,4.87,5.98
5947,5,19,9,2007,28.367500000000003,7.53,5.25,6.68
5948,5,20,9,2007,28.542500000000004,7.77,5.54,6.95
5949,5,21,9,2007,28.536666666666665,7.95,5.88,7.23
5950,5,22,9,2007,28.212499999999995,8.620000000000001,6.22,7.79
5951,5,23,9,2007,27.5575,10.18,6.25,8.47
5952,6,0,9,2007,25.569999999999997,10.46,6.26,8.41
5953,6,1,9,2007,24.29583333333333,10.27,4.8500000000000005,7.5
5954,6,2,9,2007,23.602499999999996,11.06,5.18,7.91
5955,6,3,9,2007,22.81833333333333,10.84,5.42,7.95
5956,6,4,9,2007,22.14,10.36,5.32,7.75
5957,6,5,9,2007,21.626666666666665,10.58,5.5,7.96
5958,6,6,9,2007,21.200833333333332,10.51,5.5,7.91
5959,6,7,9,2007,20.779166666666665,10.64,5.57,7.99
5960,6,8,9,2007,20.425,10.72,5.8500000000000005,8.19
5961,6,9,9,2007,20.315,10.36,5.7,7.99
5962,6,10,9,2007,20.215000000000003,10.53,5.69,7.98
5963,6,11,9,2007,20.12666666666667,10.47,6.01,8.2
5964,6,12,9,2007,19.880833333333335,9.26,5.71,7.74
5965,6,13,9,2007,20.86916666666667,8.97,5.74,7.44
5966,6,14,9,2007,22.47,7.62,5.69,6.96
5967,6,15,9,2007,24.09416666666667,7.0600000000000005,5.28,6.44
5968,6,16,9,2007,25.810000000000002,6.8500000000000005,5.08,6.2
5969,6,17,9,2007,27.543333333333333,6.96,5.19,6.32
5970,6,18,9,2007,28.63416666666667,7.5,5.58,6.8100000000000005
5971,6,19,9,2007,29.683333333333334,8.27,6.01,7.4
5972,6,20,9,2007,30.465,9.32,6.69,8.3
5973,6,21,9,2007,30.985833333333332,9.57,6.69,8.41
5974,6,22,9,2007,31.42833333333333,9.81,6.83,8.61
5975,6,23,9,2007,31.2175,8.91,4.95,6.99
5976,7,0,9,2007,29.831666666666667,11.68,4.79,7.86
5977,7,1,9,2007,28.650833333333335,12.0,5.76,8.620000000000001
5978,7,2,9,2007,28.294166666666666,14.54,8.17,11.3
5979,7,3,9,2007,27.942500000000006,14.59,8.35,11.45
5980,7,4,9,2007,27.799166666666665,17.13,10.62,14.07
5981,7,5,9,2007,24.238333333333333,21.0,13.48,17.69
5982,7,6,9,2007,21.185000000000002,23.74,15.99,20.61
5983,7,7,9,2007,21.787499999999998,11.97,7.15,9.68
5984,7,8,9,2007,21.60083333333333,11.17,6.6000000000000005,8.94
5985,7,9,9,2007,21.647500000000004,11.44,6.3100000000000005,8.8
5986,7,10,9,2007,21.895833333333332,11.61,5.8,8.71
5987,7,11,9,2007,21.44333333333333,11.03,5.38,8.22
5988,7,12,9,2007,20.208333333333332,10.74,4.19,7.08
5989,7,13,9,2007,20.668333333333337,7.2,4.01,4.93
5990,7,14,9,2007,21.623333333333335,6.8900000000000015,5.0,6.13
5991,7,15,9,2007,22.839166666666667,7.51,5.59,6.8
5992,7,16,9,2007,23.439166666666665,7.77,5.7700000000000005,7.03
5993,7,17,9,2007,24.288333333333338,7.56,5.64,6.8500000000000005
5994,7,18,9,2007,24.930833333333336,7.2,5.34,6.5
5995,7,19,9,2007,25.385,7.18,5.39,6.5200000000000005
5996,7,20,9,2007,25.6875,5.91,4.42,5.34
5997,7,21,9,2007,25.70333333333333,6.5,4.8500000000000005,5.91
5998,7,22,9,2007,25.514166666666664,6.74,4.8500000000000005,6.03
5999,7,23,9,2007,24.894999999999996,7.35,5.01,6.3100000000000005
6000,8,0,9,2007,23.03,8.1,3.89,6.47
6001,8,1,9,2007,21.590833333333332,7.43,3.39,6.0
6002,8,2,9,2007,20.22416666666667,6.82,1.72,4.34
6003,8,3,9,2007,19.419166666666666,6.59,1.74,4.16
6004,8,4,9,2007,18.81083333333333,6.61,1.64,4.13
6005,8,5,9,2007,17.89583333333333,5.63,1.6,3.75
6006,8,6,9,2007,17.280833333333334,4.83,1.03,2.51
6007,8,7,9,2007,17.010833333333334,5.92,1.33,3.4
6008,8,8,9,2007,16.606666666666666,5.94,1.46,3.43
6009,8,9,9,2007,16.19666666666667,5.36,1.68,3.63
6010,8,10,9,2007,15.706666666666665,5.3,1.65,3.62
6011,8,11,9,2007,15.195,5.41,1.5,3.26
6012,8,12,9,2007,15.160833333333331,6.0600000000000005,2.06,3.52
6013,8,13,9,2007,16.92,5.8100000000000005,2.17,3.5700000000000003
6014,8,14,9,2007,19.080000000000002,3.72,2.51,2.96
6015,8,15,9,2007,21.174166666666668,3.66,2.8000000000000003,3.33
6016,8,16,9,2007,22.8575,3.75,2.92,3.45
6017,8,17,9,2007,23.965833333333336,3.18,2.51,2.94
6018,8,18,9,2007,24.855833333333333,2.64,2.1,2.45
6019,8,19,9,2007,25.551666666666666,1.96,1.64,1.87
6020,8,20,9,2007,26.195833333333336,1.45,1.29,1.43
6021,8,21,9,2007,26.595833333333335,2.79,2.54,2.83
6022,8,22,9,2007,26.58583333333333,2.76,2.48,2.77
6023,8,23,9,2007,26.17166666666667,3.14,2.52,3.03
6024,9,0,9,2007,24.412499999999998,3.23,1.68,3.0
6025,9,1,9,2007,22.730000000000004,3.01,0.99,2.21
6026,9,2,9,2007,22.2775,2.4,0.6,1.54
6027,9,3,9,2007,21.32333333333333,2.92,0.73,1.84
6028,9,4,9,2007,20.744166666666665,2.69,0.68,1.72
6029,9,5,9,2007,19.94,3.28,0.71,1.88
6030,9,6,9,2007,19.540000000000003,3.0,0.42,1.39
6031,9,7,9,2007,18.7525,8.23,4.55,6.79
6032,9,8,9,2007,17.143333333333334,11.78,5.67,8.3
6033,9,9,9,2007,15.523333333333333,11.43,5.69,8.2
6034,9,10,9,2007,14.5925,10.58,5.21,7.51
6035,9,11,9,2007,14.060833333333333,11.35,5.69,8.09
6036,9,12,9,2007,13.965833333333334,11.48,6.55,8.790000000000001
6037,9,13,9,2007,14.860833333333334,10.84,7.1400000000000015,8.84
6038,9,14,9,2007,15.979999999999999,9.54,7.0,8.620000000000001
6039,9,15,9,2007,16.935,8.39,6.2700000000000005,7.65
6040,9,16,9,2007,17.8,8.36,6.34,7.68
6041,9,17,9,2007,18.038333333333334,8.05,6.16,7.43
6042,9,18,9,2007,18.895833333333332,7.0200000000000005,5.43,6.5
6043,9,19,9,2007,19.74083333333333,6.8100000000000005,5.25,6.28
6044,9,20,9,2007,20.243333333333332,6.16,4.82,5.74
6045,9,21,9,2007,20.2625,6.12,4.71,5.66
6046,9,22,9,2007,20.396666666666665,6.1000000000000005,4.64,5.6000000000000005
6047,9,23,9,2007,20.066666666666666,5.94,4.46,5.41
6048,10,0,9,2007,18.595833333333335,7.26,3.49,6.04
6049,10,1,9,2007,17.355833333333333,8.58,3.88,6.49
6050,10,2,9,2007,16.719166666666666,9.23,3.87,6.9
6051,10,3,9,2007,16.8525,7.81,3.12,5.66
6052,10,4,9,2007,18.393333333333334,5.91,3.36,4.5600000000000005
6053,10,5,9,2007,18.294166666666666,5.78,3.5,4.63
6054,10,6,9,2007,18.150833333333335,5.94,3.5700000000000003,4.72
6055,10,7,9,2007,18.02416666666667,6.5600000000000005,4.39,5.65
6056,10,8,9,2007,17.625833333333336,7.28,5.0,6.36
6057,10,9,9,2007,17.074166666666667,7.66,5.15,6.6000000000000005
6058,10,10,9,2007,16.376666666666665,7.92,5.16,6.7
6059,10,11,9,2007,15.095833333333331,8.19,5.59,7.12
6060,10,12,9,2007,14.446666666666667,6.37,4.21,5.49
6061,10,13,9,2007,14.195833333333335,7.23,4.89,6.1400000000000015
6062,10,14,9,2007,13.805833333333332,7.68,5.34,6.67
6063,10,15,9,2007,13.453333333333333,7.0600000000000005,5.07,6.21
6064,10,16,9,2007,13.3425,7.29,5.42,6.6400000000000015
6065,10,17,9,2007,13.264166666666666,7.75,5.68,6.96
6066,10,18,9,2007,13.387499999999998,7.23,5.3100000000000005,6.51
6067,10,19,9,2007,13.539166666666668,8.49,5.93,7.41
6068,10,20,9,2007,13.364166666666668,7.79,5.39,6.73
6069,10,21,9,2007,13.528333333333334,7.42,5.32,6.6000000000000005
6070,10,22,9,2007,13.755000000000003,9.85,6.96,8.72
6071,10,23,9,2007,13.374166666666667,8.700000000000001,6.3,7.81
6072,11,0,9,2007,12.3075,8.4,4.45,6.83
6073,11,1,9,2007,11.174166666666666,8.88,4.38,6.72
6074,11,2,9,2007,10.496666666666668,9.36,4.1,6.94
6075,11,3,9,2007,9.896666666666667,8.92,3.78,6.66
6076,11,4,9,2007,9.571666666666667,5.91,3.34,5.91
6077,11,5,9,2007,9.36,6.51,3.56,6.03
6078,11,6,9,2007,9.1875,7.57,3.76,6.6000000000000005
6079,11,7,9,2007,8.896666666666667,7.97,3.99,6.8900000000000015
6080,11,8,9,2007,8.6475,8.76,4.97,7.9300000000000015
6081,11,9,9,2007,8.595,9.29,4.93,7.82
6082,11,10,9,2007,8.349166666666667,10.66,4.9,7.76
6083,11,11,9,2007,8.85,11.43,5.76,8.68
6084,11,12,9,2007,9.422500000000001,11.51,6.03,8.57
6085,11,13,9,2007,11.601666666666667,11.33,6.16,8.28
6086,11,14,9,2007,14.233333333333334,9.69,5.55,7.03
6087,11,15,9,2007,16.833333333333332,6.32,4.96,5.87
6088,11,16,9,2007,19.291666666666668,5.7,4.4,5.26
6089,11,17,9,2007,21.34,6.7,4.91,6.0
6090,11,18,9,2007,22.396666666666672,7.09,5.2,6.36
6091,11,19,9,2007,22.770833333333332,6.38,4.72,5.74
6092,11,20,9,2007,23.00833333333333,6.66,4.89,5.99
6093,11,21,9,2007,23.194166666666664,6.7,4.91,6.0200000000000005
6094,11,22,9,2007,23.024999999999995,6.82,4.96,6.1400000000000015
6095,11,23,9,2007,22.25916666666667,6.8100000000000005,4.13,5.25
6096,12,0,9,2007,19.740833333333335,8.27,3.04,6.5200000000000005
6097,12,1,9,2007,17.549166666666668,9.99,2.32,6.29
6098,12,2,9,2007,16.052500000000002,9.31,2.17,5.55
6099,12,3,9,2007,15.014999999999999,9.61,2.27,6.13
6100,12,4,9,2007,14.135,8.700000000000001,2.07,5.55
6101,12,5,9,2007,13.000833333333334,7.96,1.94,5.11
6102,12,6,9,2007,12.030000000000001,7.69,1.72,4.75
6103,12,7,9,2007,11.141666666666667,8.51,1.69,4.7700000000000005
6104,12,8,9,2007,10.163333333333332,9.56,2.14,5.66
6105,12,9,9,2007,9.5475,9.4,2.42,6.23
6106,12,10,9,2007,8.8725,9.25,2.37,6.13
6107,12,11,9,2007,8.720000000000002,10.03,3.94,7.21
6108,12,12,9,2007,8.840833333333334,10.03,3.63,6.8900000000000015
6109,12,13,9,2007,10.504999999999999,7.82,3.82,5.4
6110,12,14,9,2007,12.920833333333334,5.69,3.5700000000000003,4.21
6111,12,15,9,2007,15.374166666666666,5.05,4.01,4.74
6112,12,16,9,2007,17.464166666666667,5.65,4.36,5.21
6113,12,17,9,2007,19.395833333333332,5.74,4.39,5.28
6114,12,18,9,2007,20.873333333333335,6.19,4.68,5.66
6115,12,19,9,2007,22.14166666666667,6.3500000000000005,4.76,5.76
6116,12,20,9,2007,23.06833333333333,6.51,4.8,5.87
6117,12,21,9,2007,23.57416666666667,6.98,5.07,6.2700000000000005
6118,12,22,9,2007,23.587500000000002,7.6400000000000015,5.33,6.78
6119,12,23,9,2007,22.804166666666664,8.47,5.37,6.82
6120,13,0,9,2007,20.52,11.08,4.49,8.13
6121,13,1,9,2007,19.356666666666666,12.41,5.07,8.73
6122,13,2,9,2007,18.72,13.32,5.78,9.29
6123,13,3,9,2007,17.980833333333333,13.73,6.0,9.47
6124,13,4,9,2007,17.450000000000003,14.13,6.37,9.8
6125,13,5,9,2007,17.09166666666667,13.95,6.54,9.9
6126,13,6,9,2007,16.448333333333334,13.15,6.32,9.53
6127,13,7,9,2007,15.885,13.46,5.86,9.1
6128,13,8,9,2007,15.98666666666667,13.95,6.21,9.57
6129,13,9,9,2007,16.05666666666667,14.0,6.11,9.52
6130,13,10,9,2007,15.835833333333333,14.0,6.13,9.57
6131,13,11,9,2007,15.203333333333335,13.71,6.23,9.57
6132,13,12,9,2007,15.223333333333334,13.64,6.38,9.62
6133,13,13,9,2007,17.139166666666664,12.53,6.54,9.09
6134,13,14,9,2007,18.582500000000003,9.45,5.83,7.35
6135,13,15,9,2007,20.290833333333335,7.63,5.73,6.95
6136,13,16,9,2007,22.13083333333333,7.3,5.39,6.59
6137,13,17,9,2007,23.781666666666666,7.56,5.55,6.8
6138,13,18,9,2007,25.108333333333334,7.34,5.36,6.5600000000000005
6139,13,19,9,2007,26.035,7.1400000000000015,5.19,6.38
6140,13,20,9,2007,26.670833333333334,6.75,4.9,6.0200000000000005
6141,13,21,9,2007,26.981666666666666,6.96,5.01,6.2
6142,13,22,9,2007,26.814166666666665,6.99,4.94,6.22
6143,13,23,9,2007,25.832499999999996,8.93,4.46,6.86
6144,14,0,9,2007,21.742499999999996,11.9,5.3100000000000005,8.45
6145,14,1,9,2007,19.736666666666668,12.23,5.8100000000000005,8.82
6146,14,2,9,2007,18.468333333333334,12.56,5.97,8.94
6147,14,3,9,2007,17.2075,12.96,6.1000000000000005,9.13
6148,14,4,9,2007,15.886666666666665,12.79,6.16,9.05
6149,14,5,9,2007,14.875,12.46,5.95,8.91
6150,14,6,9,2007,14.582500000000001,12.01,6.04,8.76
6151,14,7,9,2007,14.690833333333332,11.55,7.46,9.68
6152,14,8,9,2007,12.906666666666666,12.14,6.8100000000000005,8.69
6153,14,9,9,2007,10.990833333333335,11.91,5.17,8.22
6154,14,10,9,2007,10.06,11.48,4.86,7.86
6155,14,11,9,2007,9.528333333333332,12.41,5.36,8.45
6156,14,12,9,2007,9.34666666666667,11.83,6.41,8.86
6157,14,13,9,2007,9.727500000000001,10.49,6.22,8.36
6158,14,14,9,2007,10.809166666666668,8.41,6.08,7.48
6159,14,15,9,2007,11.543333333333335,8.69,6.37,7.79
6160,14,16,9,2007,12.448333333333336,8.35,6.15,7.52
6161,14,17,9,2007,13.190833333333336,8.48,6.3100000000000005,7.66
6162,14,18,9,2007,13.705833333333333,7.85,5.86,7.11
6163,14,19,9,2007,14.476666666666667,7.92,5.91,7.2
6164,14,20,9,2007,14.709166666666667,8.3,6.32,7.62
6165,14,21,9,2007,15.686666666666666,7.9300000000000015,5.95,7.2
6166,14,22,9,2007,15.583333333333334,7.7,5.5600000000000005,6.8900000000000015
6167,14,23,9,2007,14.784999999999998,8.06,5.38,6.74
6168,15,0,9,2007,12.555,8.42,4.14,7.27
6169,15,1,9,2007,10.765833333333335,8.17,3.08,5.78
6170,15,2,9,2007,9.614166666666668,8.8,1.8,5.07
6171,15,3,9,2007,8.878333333333332,7.72,1.75,4.68
6172,15,4,9,2007,8.116666666666667,7.27,2.02,4.84
6173,15,5,9,2007,7.242500000000001,6.87,1.7,4.3500000000000005
6174,15,6,9,2007,6.453333333333334,5.7700000000000005,1.18,2.98
6175,15,7,9,2007,5.935833333333334,5.75,1.58,3.52
6176,15,8,9,2007,5.408333333333334,5.79,1.5,3.46
6177,15,9,9,2007,4.909166666666668,6.8500000000000005,1.93,4.79
6178,15,10,9,2007,5.0808333333333335,7.2,2.49,5.23
6179,15,11,9,2007,6.1325,8.63,4.6000000000000005,6.37
6180,15,12,9,2007,6.300000000000001,6.43,2.62,4.2
6181,15,13,9,2007,7.195833333333333,6.22,3.37,4.07
6182,15,14,9,2007,9.384166666666667,6.05,4.57,5.5
6183,15,15,9,2007,11.193333333333333,6.0200000000000005,4.49,5.44
6184,15,16,9,2007,12.583333333333336,6.16,4.51,5.61
6185,15,17,9,2007,12.5475,7.19,5.37,6.51
6186,15,18,9,2007,12.101666666666667,10.22,7.84,9.61
6187,15,19,9,2007,11.503333333333332,6.9,4.64,5.8500000000000005
6188,15,20,9,2007,11.961666666666666,6.95,5.0200000000000005,6.22
6189,15,21,9,2007,13.367500000000001,6.92,5.17,6.2700000000000005
6190,15,22,9,2007,13.948333333333332,7.75,5.61,6.92
6191,15,23,9,2007,13.204166666666666,8.06,5.72,7.16
6192,16,0,9,2007,12.759166666666665,7.43,4.65,6.11
6193,16,1,9,2007,12.5325,7.56,4.83,6.28
6194,16,2,9,2007,12.398333333333333,9.1,4.92,6.7
6195,16,3,9,2007,11.527500000000002,10.31,4.18,7.0600000000000005
6196,16,4,9,2007,11.340833333333334,11.32,5.22,7.98
6197,16,5,9,2007,11.1825,11.68,5.3500000000000005,8.13
6198,16,6,9,2007,10.945833333333333,11.76,5.34,8.120000000000001
6199,16,7,9,2007,10.651666666666666,11.58,5.47,8.19
6200,16,8,9,2007,10.786666666666667,12.7,6.51,9.32
6201,16,9,9,2007,10.955,12.94,6.63,9.43
6202,16,10,9,2007,11.1975,12.8,6.61,9.37
6203,16,11,9,2007,11.1175,12.08,6.05,8.55
6204,16,12,9,2007,11.209166666666667,11.9,6.3,8.51
6205,16,13,9,2007,12.374166666666667,10.9,5.72,8.05
6206,16,14,9,2007,14.559166666666664,7.24,4.9,5.8100000000000005
6207,16,15,9,2007,17.339166666666667,6.71,5.21,6.22
6208,16,16,9,2007,19.835833333333333,7.0200000000000005,5.41,6.5
6209,16,17,9,2007,21.958333333333332,5.91,4.47,5.39
6210,16,18,9,2007,23.50083333333333,6.71,5.05,6.11
6211,16,19,9,2007,24.12666666666667,8.91,6.7,8.19
6212,16,20,9,2007,23.638333333333332,9.78,7.18,8.8
6213,16,21,9,2007,23.090833333333332,8.040000000000001,5.8100000000000005,7.15
6214,16,22,9,2007,23.730833333333333,11.46,7.72,9.79
6215,16,23,9,2007,23.671666666666667,10.67,6.53,8.22
6216,17,0,9,2007,22.612499999999997,13.05,6.22,9.29
6217,17,1,9,2007,21.77916666666667,14.39,7.42,10.57
6218,17,2,9,2007,21.77916666666667,16.87,9.27,12.83
6219,17,3,9,2007,22.278333333333336,17.69,10.25,13.94
6220,17,4,9,2007,22.28833333333333,17.52,10.21,13.86
6221,17,5,9,2007,22.045,17.47,10.19,13.83
6222,17,6,9,2007,21.83666666666667,17.56,10.28,13.93
6223,17,7,9,2007,21.745833333333334,17.31,10.17,13.75
6224,17,8,9,2007,21.945833333333336,17.080000000000002,10.04,13.61
6225,17,9,9,2007,22.005,17.12,10.0,13.59
6226,17,10,9,2007,21.634999999999994,16.94,9.85,13.39
6227,17,11,9,2007,21.305000000000003,16.1,9.13,12.57
6228,17,12,9,2007,21.272499999999994,16.63,9.75,13.19
6229,17,13,9,2007,22.349999999999998,16.86,10.75,14.1
6230,17,14,9,2007,23.633333333333336,15.19,9.72,12.16
6231,17,15,9,2007,25.022499999999997,13.21,9.34,11.68
6232,17,16,9,2007,26.427500000000006,12.92,9.15,11.47
6233,17,17,9,2007,27.686666666666667,13.83,9.76,12.2
6234,17,18,9,2007,28.721666666666668,14.41,10.03,12.63
6235,17,19,9,2007,29.299166666666665,14.8,10.32,13.04
6236,17,20,9,2007,29.541666666666668,14.65,10.16,12.82
6237,17,21,9,2007,29.518333333333334,14.86,10.21,12.97
6238,17,22,9,2007,29.1075,14.04,9.56,12.21
6239,17,23,9,2007,27.709999999999997,13.99,8.53,11.13
6240,18,0,9,2007,26.05666666666667,15.41,8.65,12.04
6241,18,1,9,2007,25.104166666666668,15.44,8.700000000000001,12.07
6242,18,2,9,2007,24.281666666666666,16.240000000000002,9.27,12.77
6243,18,3,9,2007,23.694999999999997,16.6,9.45,13.01
6244,18,4,9,2007,23.379166666666666,17.150000000000002,9.96,13.57
6245,18,5,9,2007,23.13083333333334,17.05,9.91,13.44
6246,18,6,9,2007,23.135,16.77,9.79,13.26
6247,18,7,9,2007,23.1225,16.53,9.71,13.16
6248,18,8,9,2007,23.0025,15.13,8.71,11.9
6249,18,9,9,2007,22.491666666666664,15.0,8.69,11.8
6250,18,10,9,2007,22.24,15.42,9.07,12.24
6251,18,11,9,2007,22.037499999999998,15.31,8.950000000000003,12.13
6252,18,12,9,2007,21.88416666666667,14.49,8.38,11.43
6253,18,13,9,2007,22.080833333333334,14.8,9.32,12.34
6254,18,14,9,2007,23.084166666666665,14.69,9.23,12.21
6255,18,15,9,2007,24.375833333333333,12.28,8.55,10.79
6256,18,16,9,2007,26.026666666666667,12.65,8.86,11.15
6257,18,17,9,2007,27.435,13.45,9.37,11.79
6258,18,18,9,2007,28.05083333333333,14.87,10.27,13.04
6259,18,19,9,2007,25.174166666666665,17.14,11.8,14.99
6260,18,20,9,2007,22.6125,15.94,11.28,14.07
6261,18,21,9,2007,24.53916666666667,13.4,9.47,11.82
6262,18,22,9,2007,25.415833333333328,13.64,9.37,11.98
6263,18,23,9,2007,24.787499999999998,13.62,8.41,11.22
6264,19,0,9,2007,20.028333333333332,14.71,10.17,12.67
6265,19,1,9,2007,19.719166666666666,12.12,8.03,10.31
6266,19,2,9,2007,19.141666666666666,8.370000000000001,5.05,6.87
6267,19,3,9,2007,18.8425,8.22,4.5,6.4
6268,19,4,9,2007,18.594166666666666,7.9,3.48,5.36
6269,19,5,9,2007,18.320833333333333,7.83,3.31,5.49
6270,19,6,9,2007,17.670833333333334,5.26,2.01,4.03
6271,19,7,9,2007,17.856666666666666,5.96,3.14,5.0600000000000005
6272,19,8,9,2007,17.405000000000005,6.1400000000000015,3.35,5.29
6273,19,9,9,2007,16.836666666666666,5.05,3.15,4.95
6274,19,10,9,2007,16.03916666666667,5.34,3.37,5.23
6275,19,11,9,2007,16.095,5.59,3.13,4.47
6276,19,12,9,2007,16.920833333333334,5.7,3.63,4.67
6277,19,13,9,2007,16.655833333333334,6.41,4.12,5.4
6278,19,14,9,2007,16.8275,6.0200000000000005,3.73,4.67
6279,19,15,9,2007,17.590000000000003,4.24,3.3000000000000003,3.94
6280,19,16,9,2007,18.75583333333333,4.83,3.93,4.6000000000000005
6281,19,17,9,2007,20.107499999999998,4.88,3.81,4.51
6282,19,18,9,2007,22.360833333333336,5.2700000000000005,4.14,4.91
6283,19,19,9,2007,23.816666666666666,5.5600000000000005,4.36,5.16
6284,19,20,9,2007,24.690833333333334,5.84,4.55,5.43
6285,19,21,9,2007,25.05583333333333,6.0200000000000005,4.65,5.55
6286,19,22,9,2007,25.104166666666668,6.36,4.82,5.84
6287,19,23,9,2007,24.659999999999997,6.63,4.7,5.8500000000000005
6288,20,0,9,2007,22.750833333333333,9.34,3.5,6.82
6289,20,1,9,2007,21.551666666666666,10.49,3.53,6.67
6290,20,2,9,2007,20.679166666666664,10.72,3.4,6.8100000000000005
6291,20,3,9,2007,20.140833333333337,11.65,3.74,6.99
6292,20,4,9,2007,19.922499999999996,11.4,3.5,6.62
6293,20,5,9,2007,19.780833333333334,11.22,4.25,6.98
6294,20,6,9,2007,19.992500000000003,11.02,4.29,7.0200000000000005
6295,20,7,9,2007,20.012499999999996,10.56,4.22,6.78
6296,20,8,9,2007,20.330833333333334,10.62,4.23,6.84
6297,20,9,9,2007,20.147499999999994,10.21,4.12,6.6000000000000005
6298,20,10,9,2007,20.400833333333335,10.25,4.63,7.11
6299,20,11,9,2007,20.21333333333333,9.29,4.29,6.6000000000000005
6300,20,12,9,2007,19.865,9.02,4.93,6.71
6301,20,13,9,2007,20.038333333333334,9.55,4.93,6.7
6302,20,14,9,2007,22.054166666666664,9.55,5.14,6.26
6303,20,15,9,2007,24.76833333333333,7.84,5.66,6.95
6304,20,16,9,2007,26.68416666666667,8.81,6.41,7.9
6305,20,17,9,2007,27.915833333333328,8.67,6.3100000000000005,7.77
6306,20,18,9,2007,28.837500000000006,8.89,6.44,7.95
6307,20,19,9,2007,29.5525,10.07,7.31,9.05
6308,20,20,9,2007,29.94583333333333,10.23,7.4,9.19
6309,20,21,9,2007,30.173333333333336,10.32,7.21,9.1
6310,20,22,9,2007,30.0325,10.67,7.22,9.2
6311,20,23,9,2007,29.1275,11.34,6.98,9.12
6312,21,0,9,2007,27.247500000000002,11.2,5.01,8.06
6313,21,1,9,2007,26.35083333333333,11.88,5.54,8.57
6314,21,2,9,2007,25.690833333333334,13.86,6.91,10.15
6315,21,3,9,2007,25.174166666666668,13.78,7.0600000000000005,10.23
6316,21,4,9,2007,24.336666666666662,14.45,7.7,10.84
6317,21,5,9,2007,23.829166666666666,14.26,7.66,10.77
6318,21,6,9,2007,23.242499999999996,14.08,7.46,10.55
6319,21,7,9,2007,22.726666666666663,12.85,6.48,9.36
6320,21,8,9,2007,22.56583333333333,12.87,6.67,9.56
6321,21,9,9,2007,22.323333333333338,13.13,7.43,10.24
6322,21,10,9,2007,21.775833333333335,13.08,7.29,10.06
6323,21,11,9,2007,22.024166666666662,13.95,7.68,10.68
6324,21,12,9,2007,21.498333333333335,13.79,7.56,10.52
6325,21,13,9,2007,22.0575,12.69,7.66,10.21
6326,21,14,9,2007,23.63083333333333,12.2,7.37,9.21
6327,21,15,9,2007,25.252499999999998,10.15,7.33,9.05
6328,21,16,9,2007,26.852500000000003,10.34,7.44,9.21
6329,21,17,9,2007,28.17833333333333,10.21,7.34,9.08
6330,21,18,9,2007,29.53166666666667,9.88,7.1000000000000005,8.78
6331,21,19,9,2007,30.544166666666666,9.45,6.76,8.36
6332,21,20,9,2007,31.2225,9.24,6.54,8.13
6333,21,21,9,2007,31.559166666666666,9.17,6.45,8.08
6334,21,22,9,2007,31.46666666666667,8.950000000000003,6.15,7.83
6335,21,23,9,2007,25.929166666666664,14.33,10.32,12.74
6336,22,0,9,2007,23.228333333333335,12.57,3.76,6.43
6337,22,1,9,2007,22.496666666666666,11.71,5.13,7.77
6338,22,2,9,2007,21.160833333333333,12.2,4.17,7.35
6339,22,3,9,2007,20.348333333333333,12.22,4.23,7.97
6340,22,4,9,2007,19.519166666666663,10.92,4.01,7.45
6341,22,5,9,2007,18.27083333333334,11.16,3.71,7.37
6342,22,6,9,2007,16.941666666666666,12.32,4.3,7.95
6343,22,7,9,2007,15.754166666666668,12.18,4.2,7.77
6344,22,8,9,2007,14.487500000000002,11.56,2.61,6.19
6345,22,9,9,2007,13.630833333333337,11.38,2.76,6.74
6346,22,10,9,2007,12.917499999999999,11.07,3.33,7.13
6347,22,11,9,2007,11.935833333333333,10.59,3.01,6.7700000000000005
6348,22,12,9,2007,11.045833333333334,8.82,1.91,5.2
6349,22,13,9,2007,11.944166666666666,7.29,2.6,4.71
6350,22,14,9,2007,14.157499999999999,5.95,2.58,3.0500000000000003
6351,22,15,9,2007,16.62666666666667,4.73,3.5700000000000003,4.2700000000000005
6352,22,16,9,2007,18.444166666666668,4.7,3.66,4.34
6353,22,17,9,2007,20.215,4.82,3.81,4.5
6354,22,18,9,2007,21.769166666666667,4.78,3.78,4.46
6355,22,19,9,2007,23.046666666666667,4.55,3.53,4.2
6356,22,20,9,2007,23.845833333333335,4.67,3.6,4.29
6357,22,21,9,2007,24.3275,4.96,3.71,4.5
6358,22,22,9,2007,24.463333333333335,5.45,3.93,4.9
6359,22,23,9,2007,23.461666666666662,6.24,3.53,4.8500000000000005
6360,23,0,9,2007,21.100000000000005,8.45,3.27,6.8900000000000015
6361,23,1,9,2007,20.135,9.67,3.83,7.49
6362,23,2,9,2007,19.480833333333333,10.74,4.07,8.08
6363,23,3,9,2007,19.17083333333333,11.72,4.0,8.01
6364,23,4,9,2007,18.979166666666668,12.33,4.38,8.22
6365,23,5,9,2007,18.995833333333334,12.17,4.8500000000000005,8.35
6366,23,6,9,2007,18.839166666666667,12.02,4.93,8.290000000000001
6367,23,7,9,2007,18.830833333333338,12.17,4.99,8.22
6368,23,8,9,2007,19.005,12.13,5.17,8.31
6369,23,9,9,2007,19.070833333333333,12.0,5.66,8.61
6370,23,10,9,2007,19.3,11.98,5.75,8.67
6371,23,11,9,2007,19.365000000000002,12.12,5.84,8.71
6372,23,12,9,2007,19.054166666666667,11.0,5.49,8.03
6373,23,13,9,2007,19.96666666666667,10.22,5.69,7.71
6374,23,14,9,2007,21.881666666666664,8.540000000000001,5.18,6.24
6375,23,15,9,2007,24.175,7.65,5.72,6.98
6376,23,16,9,2007,26.099166666666672,8.540000000000001,6.18,7.6400000000000015
6377,23,17,9,2007,27.309166666666666,8.84,6.41,7.9300000000000015
6378,23,18,9,2007,28.122500000000002,8.51,6.2,7.6400000000000015
6379,23,19,9,2007,28.675833333333333,8.94,6.45,8.0
6380,23,20,9,2007,29.103333333333328,9.72,7.05,8.74
6381,23,21,9,2007,29.114166666666666,10.35,7.26,9.18
6382,23,22,9,2007,28.95333333333333,10.23,7.2,9.12
6383,23,23,9,2007,27.885833333333338,9.57,5.65,7.53
6384,24,0,9,2007,26.160833333333333,11.22,3.88,7.03
6385,24,1,9,2007,25.924166666666665,12.29,5.93,8.88
6386,24,2,9,2007,25.663333333333338,9.88,4.71,7.23
6387,24,3,9,2007,24.860000000000003,11.36,5.82,8.58
6388,24,4,9,2007,24.062499999999996,13.38,7.49,10.45
6389,24,5,9,2007,23.63166666666667,12.55,6.88,9.68
6390,24,6,9,2007,22.935,11.25,5.5,8.15
6391,24,7,9,2007,22.501666666666665,10.94,5.2,7.84
6392,24,8,9,2007,22.19666666666667,11.34,5.97,8.540000000000001
6393,24,9,9,2007,22.076666666666664,11.51,6.92,9.27
6394,24,10,9,2007,21.84833333333334,11.69,7.25,9.63
6395,24,11,9,2007,21.819999999999997,11.41,6.8500000000000005,9.16
6396,24,12,9,2007,21.745833333333334,11.11,6.73,9.04
6397,24,13,9,2007,21.859166666666667,12.01,7.07,9.6
6398,24,14,9,2007,22.614166666666662,10.47,7.46,9.3
6399,24,15,9,2007,23.599166666666672,10.77,7.78,9.67
6400,24,16,9,2007,25.407500000000002,10.54,7.56,9.39
6401,24,17,9,2007,27.090000000000003,11.02,7.86,9.78
6402,24,18,9,2007,28.286666666666672,11.78,8.39,10.48
6403,24,19,9,2007,29.049999999999997,12.37,8.76,10.95
6404,24,20,9,2007,29.5675,12.49,8.83,11.06
6405,24,21,9,2007,29.680833333333336,12.82,8.89,11.29
6406,24,22,9,2007,29.55,12.58,8.57,10.93
6407,24,23,9,2007,28.537499999999998,12.56,7.73,10.13
6408,25,0,9,2007,26.974999999999998,13.53,6.98,10.17
6409,25,1,9,2007,26.155,14.53,7.77,11.02
6410,25,2,9,2007,25.208333333333332,14.3,7.72,10.89
6411,25,3,9,2007,24.484166666666667,13.98,7.0200000000000005,10.16
6412,25,4,9,2007,24.0975,13.16,7.75,10.19
6413,25,5,9,2007,22.720833333333335,8.13,2.57,5.58
6414,25,6,9,2007,21.363333333333333,7.28,5.17,6.49
6415,25,7,9,2007,19.686666666666664,8.52,4.88,6.59
6416,25,8,9,2007,19.191666666666666,7.94,4.25,6.13
6417,25,9,9,2007,18.631666666666664,9.2,6.86,8.290000000000001
6418,25,10,9,2007,16.706666666666667,9.44,6.7,8.34
6419,25,11,9,2007,15.238333333333332,9.35,6.51,8.19
6420,25,12,9,2007,14.623333333333335,9.21,6.3100000000000005,7.99
6421,25,13,9,2007,14.188333333333333,9.45,6.51,8.19
6422,25,14,9,2007,13.584999999999999,9.53,6.48,8.24
6423,25,15,9,2007,13.293333333333335,8.870000000000003,6.36,7.94
6424,25,16,9,2007,13.009166666666665,8.57,6.22,7.71
6425,25,17,9,2007,13.960833333333335,7.73,5.57,6.9
6426,25,18,9,2007,16.219166666666666,6.5200000000000005,4.9,5.92
6427,25,19,9,2007,18.249166666666664,6.95,5.23,6.32
6428,25,20,9,2007,19.010833333333334,7.32,5.43,6.62
6429,25,21,9,2007,19.180833333333336,7.44,5.54,6.74
6430,25,22,9,2007,18.98,7.44,5.51,6.73
6431,25,23,9,2007,18.259166666666665,6.44,4.5200000000000005,5.72
6432,26,0,9,2007,16.605,7.12,2.77,6.8500000000000005
6433,26,1,9,2007,15.583333333333334,7.05,2.89,6.8500000000000005
6434,26,2,9,2007,14.668333333333331,6.6000000000000005,2.49,5.9
6435,26,3,9,2007,13.8025,6.18,2.64,5.19
6436,26,4,9,2007,12.909999999999998,6.34,2.4,5.21
6437,26,5,9,2007,11.955,5.26,2.18,4.38
6438,26,6,9,2007,11.540833333333333,3.96,1.72,3.0500000000000003
6439,26,7,9,2007,11.084166666666667,3.52,1.18,2.41
6440,26,8,9,2007,10.8225,3.0500000000000003,0.8,1.83
6441,26,9,9,2007,10.275000000000002,2.62,0.37,1.31
6442,26,10,9,2007,9.93,2.25,0.45,1.02
6443,26,11,9,2007,9.535000000000002,2.51,0.43,1.07
6444,26,12,9,2007,9.044999999999998,2.9,0.58,1.61
6445,26,13,9,2007,10.118333333333332,3.33,1.07,2.04
6446,26,14,9,2007,12.480833333333335,2.88,1.81,2.11
6447,26,15,9,2007,14.569166666666666,2.76,2.21,2.58
6448,26,16,9,2007,16.27,3.1,2.47,2.89
6449,26,17,9,2007,17.63083333333333,2.79,2.27,2.63
6450,26,18,9,2007,18.87333333333333,2.62,2.09,2.44
6451,26,19,9,2007,19.974166666666665,2.48,2.0,2.32
6452,26,20,9,2007,20.805833333333336,2.56,2.07,2.4
6453,26,21,9,2007,21.345,2.86,2.24,2.65
6454,26,22,9,2007,21.42833333333333,3.63,2.66,3.28
6455,26,23,9,2007,20.6525,4.14,2.78,3.78
6456,27,0,9,2007,18.673333333333336,4.89,2.31,4.54
6457,27,1,9,2007,17.39,5.8500000000000005,3.16,5.78
6458,27,2,9,2007,16.76416666666667,6.6400000000000015,3.59,6.22
6459,27,3,9,2007,15.867500000000001,6.65,3.7,6.3100000000000005
6460,27,4,9,2007,15.081666666666665,6.59,3.66,6.2700000000000005
6461,27,5,9,2007,14.328333333333333,7.29,3.89,6.6400000000000015
6462,27,6,9,2007,13.844999999999999,7.63,3.67,6.59
6463,27,7,9,2007,13.654166666666669,7.32,3.52,6.5600000000000005
6464,27,8,9,2007,13.984166666666665,6.8900000000000015,4.1,6.82
6465,27,9,9,2007,13.845,6.29,4.09,6.63
6466,27,10,9,2007,13.497499999999997,6.54,4.34,6.78
6467,27,11,9,2007,13.310000000000002,7.86,5.0,7.5
6468,27,12,9,2007,13.074166666666665,8.22,5.23,7.72
6469,27,13,9,2007,13.9825,8.31,5.14,7.48
6470,27,14,9,2007,16.080000000000002,7.66,4.2700000000000005,5.69
6471,27,15,9,2007,18.053333333333335,5.3500000000000005,4.2,4.99
6472,27,16,9,2007,20.305833333333332,5.36,4.21,5.0
6473,27,17,9,2007,22.534166666666668,5.01,3.83,4.58
6474,27,18,9,2007,24.140833333333333,5.38,4.04,4.86
6475,27,19,9,2007,25.147499999999997,5.61,4.14,5.03
6476,27,20,9,2007,25.714166666666667,5.95,4.32,5.29
6477,27,21,9,2007,25.931666666666672,7.57,5.2700000000000005,6.63
6478,27,22,9,2007,25.547499999999996,7.6400000000000015,5.61,6.9
6479,27,23,9,2007,23.55083333333333,7.9300000000000015,3.8,5.89
6480,28,0,9,2007,21.35166666666667,7.53,2.77,5.7
6481,28,1,9,2007,20.124166666666664,10.14,2.76,6.6400000000000015
6482,28,2,9,2007,18.662499999999998,10.88,3.16,7.1000000000000005
6483,28,3,9,2007,17.46833333333333,9.8,3.17,6.69
6484,28,4,9,2007,16.413333333333334,8.72,2.92,6.37
6485,28,5,9,2007,15.503333333333332,7.17,2.53,5.24
6486,28,6,9,2007,14.590000000000002,5.11,1.65,3.48
6487,28,7,9,2007,13.959166666666667,4.96,1.65,3.47
6488,28,8,9,2007,13.255,4.44,1.53,3.16
6489,28,9,9,2007,12.285833333333334,4.43,1.59,3.23
6490,28,10,9,2007,11.441666666666668,4.43,1.6,3.22
6491,28,11,9,2007,11.087499999999999,4.38,1.44,3.0700000000000003
6492,28,12,9,2007,10.698333333333332,4.3100000000000005,1.09,2.66
6493,28,13,9,2007,11.393333333333333,4.43,1.51,2.71
6494,28,14,9,2007,13.795,4.45,1.83,2.37
6495,28,15,9,2007,16.546666666666667,3.29,2.41,2.82
6496,28,16,9,2007,19.46666666666667,4.74,3.78,4.45
6497,28,17,9,2007,21.4575,5.11,3.92,4.67
6498,28,18,9,2007,23.043333333333326,5.62,4.22,5.1000000000000005
6499,28,19,9,2007,23.977500000000003,6.36,4.76,5.7700000000000005
6500,28,20,9,2007,24.67833333333333,6.34,4.71,5.74
6501,28,21,9,2007,25.0175,7.69,5.51,6.86
6502,28,22,9,2007,24.863333333333333,8.47,5.69,7.21
6503,28,23,9,2007,23.0775,9.78,4.65,7.3900000000000015
6504,29,0,9,2007,21.09916666666667,12.51,5.51,9.15
6505,29,1,9,2007,20.563333333333333,14.13,6.12,9.85
6506,29,2,9,2007,20.424166666666668,14.3,6.55,10.16
6507,29,3,9,2007,19.848333333333333,14.5,6.82,10.27
6508,29,4,9,2007,19.42,14.26,6.71,9.96
6509,29,5,9,2007,19.018333333333334,14.71,7.28,10.64
6510,29,6,9,2007,19.100833333333334,14.95,7.68,10.99
6511,29,7,9,2007,19.56833333333333,14.7,7.77,10.97
6512,29,8,9,2007,19.3225,14.63,7.75,10.93
6513,29,9,9,2007,19.399166666666666,15.83,8.870000000000003,12.16
6514,29,10,9,2007,19.284166666666664,15.7,8.700000000000001,11.95
6515,29,11,9,2007,18.850000000000005,15.67,8.540000000000001,11.86
6516,29,12,9,2007,18.799166666666665,16.11,8.950000000000003,12.25
6517,29,13,9,2007,19.315,16.23,9.78,12.94
6518,29,14,9,2007,20.759166666666665,15.3,9.75,12.68
6519,29,15,9,2007,21.765833333333333,14.19,10.05,12.55
6520,29,16,9,2007,23.061666666666667,14.25,10.14,12.66
6521,29,17,9,2007,24.150833333333335,14.53,10.32,12.88
6522,29,18,9,2007,25.19666666666667,15.46,10.94,13.71
6523,29,19,9,2007,26.310833333333335,15.71,11.03,13.85
6524,29,20,9,2007,26.77666666666667,15.73,10.99,13.82
6525,29,21,9,2007,26.73,15.59,10.9,13.69
6526,29,22,9,2007,26.224166666666672,14.44,9.98,12.62
6527,29,23,9,2007,24.727500000000003,15.2,9.25,12.26
6528,30,0,9,2007,23.385833333333334,16.22,8.94,12.49
6529,30,1,9,2007,22.492500000000003,16.96,9.61,13.27
6530,30,2,9,2007,21.690833333333334,17.53,10.12,13.89
6531,30,3,9,2007,20.710833333333333,16.92,9.16,12.86
6532,30,4,9,2007,20.010833333333334,16.330000000000002,8.78,12.34
6533,30,5,9,2007,19.446666666666665,15.35,7.87,11.25
6534,30,6,9,2007,19.455833333333334,16.03,8.790000000000001,12.23
6535,30,7,9,2007,19.51833333333333,16.42,9.31,12.81
6536,30,8,9,2007,19.764999999999997,18.12,10.92,14.61
6537,30,9,9,2007,19.663333333333334,18.03,10.88,14.53
6538,30,10,9,2007,19.313333333333333,16.36,9.69,13.12
6539,30,11,9,2007,19.5,16.39,9.7,13.13
6540,30,12,9,2007,19.265833333333333,16.53,9.8,13.25
6541,30,13,9,2007,19.738333333333333,16.85,10.81,14.03
6542,30,14,9,2007,21.166666666666664,16.27,9.54,12.97
6543,30,15,9,2007,22.5525,14.68,10.21,12.83
6544,30,16,9,2007,24.049166666666665,15.07,10.62,13.29
6545,30,17,9,2007,25.9375,15.87,10.93,13.72
6546,30,18,9,2007,27.402500000000003,15.65,10.89,13.61
6547,30,19,9,2007,28.448333333333334,15.67,10.84,13.61
6548,30,20,9,2007,28.38083333333334,15.95,10.93,13.87
6549,30,21,9,2007,28.810833333333335,18.04,12.46,15.76
6550,30,22,9,2007,26.346666666666664,16.7,11.23,14.45
6551,30,23,9,2007,21.881666666666664,16.55,11.09,14.25
6552,1,0,10,2007,18.297499999999996,15.05,9.27,12.37
6553,1,1,10,2007,16.4875,13.22,8.33,11.05
6554,1,2,10,2007,15.894166666666663,12.99,7.8900000000000015,10.56
6555,1,3,10,2007,16.3475,12.11,7.23,9.8
6556,1,4,10,2007,16.8525,11.91,6.66,9.32
6557,1,5,10,2007,16.576666666666664,11.9,6.63,9.28
6558,1,6,10,2007,15.425833333333335,12.34,6.43,9.21
6559,1,7,10,2007,14.965000000000002,12.21,6.47,9.21
6560,1,8,10,2007,14.335833333333333,11.66,5.7,8.41
6561,1,9,10,2007,13.779166666666669,11.8,5.54,8.33
6562,1,10,10,2007,13.194166666666666,11.67,5.38,8.22
6563,1,11,10,2007,12.041666666666666,10.7,4.2700000000000005,7.18
6564,1,12,10,2007,11.79416666666667,10.39,4.57,7.48
6565,1,13,10,2007,12.678333333333333,10.05,4.98,7.36
6566,1,14,10,2007,14.252500000000003,6.66,3.81,4.55
6567,1,15,10,2007,16.470833333333335,4.95,3.85,4.55
6568,1,16,10,2007,18.245833333333334,3.81,2.91,3.48
6569,1,17,10,2007,19.6825,2.67,2.14,2.5
6570,1,18,10,2007,21.145833333333336,2.17,1.75,2.03
6571,1,19,10,2007,22.410833333333333,1.01,0.81,0.94
6572,1,20,10,2007,23.38083333333334,2.52,2.03,2.36
6573,1,21,10,2007,23.9225,3.81,2.88,3.46
6574,1,22,10,2007,23.99416666666667,4.78,3.26,4.08
6575,1,23,10,2007,22.535833333333333,7.51,3.19,6.0
6576,2,0,10,2007,20.423333333333332,10.07,4.2,7.76
6577,2,1,10,2007,19.504166666666666,10.59,4.65,8.040000000000001
6578,2,2,10,2007,19.3325,12.63,5.8,8.950000000000003
6579,2,3,10,2007,18.738333333333333,13.32,6.38,9.44
6580,2,4,10,2007,18.656666666666666,14.02,7.22,10.29
6581,2,5,10,2007,18.755000000000003,13.87,7.23,10.17
6582,2,6,10,2007,18.93416666666667,13.33,7.18,9.99
6583,2,7,10,2007,18.916666666666668,14.33,7.91,10.85
6584,2,8,10,2007,19.32916666666667,14.65,8.32,11.4
6585,2,9,10,2007,19.395,14.32,8.15,11.04
6586,2,10,10,2007,19.265833333333333,13.53,7.96,10.68
6587,2,11,10,2007,19.979166666666668,13.32,7.54,10.29
6588,2,12,10,2007,20.091666666666665,12.15,6.69,9.25
6589,2,13,10,2007,18.370833333333334,12.66,7.7,10.28
6590,2,14,10,2007,19.39416666666667,14.17,9.0,11.68
6591,2,15,10,2007,20.51,12.95,8.040000000000001,10.61
6592,2,16,10,2007,21.829166666666666,10.57,7.63,9.43
6593,2,17,10,2007,22.15666666666667,11.61,8.040000000000001,10.04
6594,2,18,10,2007,19.75166666666667,13.13,8.69,11.26
6595,2,19,10,2007,19.215833333333332,10.7,7.05,9.53
6596,2,20,10,2007,22.371666666666666,7.66,5.87,7.03
6597,2,21,10,2007,24.334999999999994,11.35,7.54,9.73
6598,2,22,10,2007,23.69416666666667,12.85,7.99,10.47
6599,2,23,10,2007,21.59583333333333,12.49,6.61,9.32
6600,3,0,10,2007,20.130833333333335,13.47,5.54,9.38
6601,3,1,10,2007,18.831666666666667,13.3,5.18,9.18
6602,3,2,10,2007,18.0,14.9,5.15,9.37
6603,3,3,10,2007,16.736666666666668,13.01,4.72,8.57
6604,3,4,10,2007,15.777500000000002,12.85,4.62,8.41
6605,3,5,10,2007,15.204166666666666,12.75,4.57,8.46
6606,3,6,10,2007,14.528333333333334,11.9,3.88,8.31
6607,3,7,10,2007,14.247499999999997,9.85,3.95,7.94
6608,3,8,10,2007,13.696666666666667,7.29,3.37,6.9
6609,3,9,10,2007,13.359166666666667,5.16,2.86,5.16
6610,3,10,10,2007,12.776666666666666,3.83,2.4,3.7
6611,3,11,10,2007,12.3275,2.12,2.06,2.28
6612,3,12,10,2007,12.426666666666668,1.76,2.58,2.47
6613,3,13,10,2007,12.579999999999998,2.34,3.1,3.31
6614,3,14,10,2007,14.2975,3.79,2.5500000000000003,3.3000000000000003
6615,3,15,10,2007,17.778333333333336,3.78,2.9,3.46
6616,3,16,10,2007,19.6575,4.62,3.49,4.21
6617,3,17,10,2007,20.666666666666668,5.22,3.99,4.79
6618,3,18,10,2007,21.382499999999997,5.45,4.13,4.97
6619,3,19,10,2007,22.044999999999998,5.66,4.2700000000000005,5.16
6620,3,20,10,2007,22.546666666666667,6.47,4.86,5.92
6621,3,21,10,2007,22.69,7.07,5.23,6.46
6622,3,22,10,2007,22.294999999999998,6.7700000000000005,4.94,6.11
6623,3,23,10,2007,20.477500000000003,9.07,3.62,6.71
6624,4,0,10,2007,18.58583333333333,11.8,4.9,8.55
6625,4,1,10,2007,17.974999999999998,12.05,4.95,8.56
6626,4,2,10,2007,17.354166666666668,13.07,5.55,9.08
6627,4,3,10,2007,16.775833333333335,13.75,5.84,9.45
6628,4,4,10,2007,16.496666666666666,14.11,6.68,10.12
6629,4,5,10,2007,16.265833333333337,14.17,6.8100000000000005,10.21
6630,4,6,10,2007,15.643333333333333,13.98,6.6400000000000015,10.03
6631,4,7,10,2007,15.649166666666666,14.22,6.97,10.43
6632,4,8,10,2007,15.114166666666668,14.09,6.97,10.4
6633,4,9,10,2007,14.538333333333334,13.53,6.28,9.66
6634,4,10,10,2007,15.03,13.57,6.63,9.98
6635,4,11,10,2007,14.694166666666668,13.19,6.32,9.71
6636,4,12,10,2007,13.825833333333334,12.88,5.78,9.04
6637,4,13,10,2007,14.979999999999997,12.39,6.58,8.97
6638,4,14,10,2007,16.6725,11.2,6.01,7.71
6639,4,15,10,2007,19.39,10.17,5.64,6.92
6640,4,16,10,2007,21.801666666666673,6.8100000000000005,5.1000000000000005,6.17
6641,4,17,10,2007,23.69,7.85,5.7700000000000005,7.0600000000000005
6642,4,18,10,2007,25.38,8.64,6.3,7.74
6643,4,19,10,2007,26.534999999999997,9.51,6.7700000000000005,8.4
6644,4,20,10,2007,27.191666666666663,10.07,7.17,8.91
6645,4,21,10,2007,27.245833333333337,11.01,7.1000000000000005,9.15
6646,4,22,10,2007,27.17166666666667,12.37,8.38,10.7
6647,4,23,10,2007,26.15166666666667,10.66,6.5,8.44
6648,5,0,10,2007,25.0,13.25,6.1000000000000005,9.34
6649,5,1,10,2007,24.70416666666667,13.45,6.7700000000000005,9.88
6650,5,2,10,2007,24.235,13.7,6.91,10.07
6651,5,3,10,2007,23.9075,13.79,7.37,10.46
6652,5,4,10,2007,23.57833333333333,13.47,7.21,10.17
6653,5,5,10,2007,23.312499999999996,14.15,7.83,10.92
6654,5,6,10,2007,23.086666666666662,14.69,8.17,11.3
6655,5,7,10,2007,22.74333333333333,14.64,8.15,11.28
6656,5,8,10,2007,22.489166666666666,15.25,8.58,11.8
6657,5,9,10,2007,22.09,15.12,8.58,11.77
6658,5,10,10,2007,21.602500000000003,14.76,8.43,11.51
6659,5,11,10,2007,21.469166666666666,14.82,8.5,11.6
6660,5,12,10,2007,21.325,15.31,9.08,12.23
6661,5,13,10,2007,21.58583333333333,15.63,9.96,13.0
6662,5,14,10,2007,22.801666666666666,14.64,9.59,11.97
6663,5,15,10,2007,24.286666666666665,13.46,9.67,12.01
6664,5,16,10,2007,25.84833333333333,12.88,9.14,11.37
6665,5,17,10,2007,27.265,13.13,9.3,11.58
6666,5,18,10,2007,28.55916666666667,13.24,9.34,11.66
6667,5,19,10,2007,29.503333333333334,12.97,9.12,11.37
6668,5,20,10,2007,30.06916666666667,12.87,8.99,11.27
6669,5,21,10,2007,30.14666666666666,14.33,9.96,12.64
6670,5,22,10,2007,29.721666666666668,14.4,10.01,12.7
6671,5,23,10,2007,28.614166666666666,14.04,8.3,10.97
6672,6,0,10,2007,27.520833333333332,14.13,7.72,10.8
6673,6,1,10,2007,26.69,14.97,8.49,11.68
6674,6,2,10,2007,25.92916666666666,14.75,8.27,11.5
6675,6,3,10,2007,25.290000000000003,15.39,8.77,12.03
6676,6,4,10,2007,24.771666666666665,15.35,8.74,12.01
6677,6,5,10,2007,24.36916666666667,16.02,9.23,12.55
6678,6,6,10,2007,23.970833333333335,16.05,8.89,12.33
6679,6,7,10,2007,23.215000000000003,15.05,8.27,11.47
6680,6,8,10,2007,22.849166666666665,15.07,8.13,11.4
6681,6,9,10,2007,22.270000000000007,14.73,7.86,11.04
6682,6,10,10,2007,21.870833333333334,14.42,7.55,10.74
6683,6,11,10,2007,21.507499999999997,14.07,7.18,10.3
6684,6,12,10,2007,21.150000000000002,13.74,7.3900000000000015,10.4
6685,6,13,10,2007,21.661666666666665,13.73,8.61,11.32
6686,6,14,10,2007,22.9475,12.88,7.65,9.78
6687,6,15,10,2007,24.143333333333334,11.09,7.9,9.87
6688,6,16,10,2007,25.55,11.06,7.9300000000000015,9.86
6689,6,17,10,2007,26.88083333333333,10.82,7.76,9.64
6690,6,18,10,2007,27.832499999999996,9.92,7.05,8.77
6691,6,19,10,2007,28.14,11.4,7.86,10.09
6692,6,20,10,2007,28.308333333333334,11.47,8.18,10.19
6693,6,21,10,2007,28.342499999999998,11.65,8.03,10.11
6694,6,22,10,2007,28.28833333333333,11.58,8.05,10.23
6695,6,23,10,2007,27.27,10.78,6.71,8.76
6696,7,0,10,2007,26.048333333333332,11.91,5.79,8.63
6697,7,1,10,2007,25.855833333333337,12.34,6.51,9.31
6698,7,2,10,2007,25.665833333333335,12.98,7.0600000000000005,9.94
6699,7,3,10,2007,25.165833333333335,12.81,6.8900000000000015,9.76
6700,7,4,10,2007,24.709166666666672,12.67,6.7700000000000005,9.63
6701,7,5,10,2007,24.26583333333333,12.57,6.67,9.49
6702,7,6,10,2007,23.828333333333333,11.99,6.26,8.98
6703,7,7,10,2007,23.642500000000002,12.63,6.72,9.54
6704,7,8,10,2007,23.370833333333334,12.84,7.0200000000000005,9.84
6705,7,9,10,2007,23.06833333333333,12.69,7.1400000000000015,9.87
6706,7,10,10,2007,22.939166666666665,12.34,6.69,9.4
6707,7,11,10,2007,22.56833333333333,11.96,6.45,9.08
6708,7,12,10,2007,22.466666666666665,12.66,7.0,9.71
6709,7,13,10,2007,22.711666666666662,11.44,6.8900000000000015,9.2
6710,7,14,10,2007,23.8475,9.86,6.8500000000000005,8.57
6711,7,15,10,2007,24.870000000000005,9.41,6.75,8.39
6712,7,16,10,2007,25.41,9.64,6.86,8.59
6713,7,17,10,2007,26.68166666666667,8.97,6.55,8.05
6714,7,18,10,2007,27.852499999999996,8.34,6.1000000000000005,7.48
6715,7,19,10,2007,28.66083333333334,7.3900000000000015,5.39,6.61
6716,7,20,10,2007,29.385833333333334,8.1,5.33,7.03
6717,7,21,10,2007,29.724999999999998,8.61,6.0600000000000005,7.63
6718,7,22,10,2007,27.129999999999995,12.37,7.86,10.13
6719,7,23,10,2007,23.712499999999995,10.14,6.62,8.4
6720,8,0,10,2007,22.882500000000004,11.59,6.79,9.23
6721,8,1,10,2007,23.268333333333334,11.67,7.31,9.7
6722,8,2,10,2007,23.102500000000003,9.92,6.17,8.18
6723,8,3,10,2007,22.613333333333333,8.96,5.66,7.45
6724,8,4,10,2007,22.352500000000006,8.84,5.3100000000000005,7.11
6725,8,5,10,2007,21.64083333333333,8.120000000000001,4.93,6.6400000000000015
6726,8,6,10,2007,21.416666666666668,6.8,4.19,5.5200000000000005
6727,8,7,10,2007,16.5525,9.16,6.94,8.39
6728,8,8,10,2007,13.1,10.57,7.71,9.48
6729,8,9,10,2007,12.546666666666667,11.5,7.8900000000000015,9.88
6730,8,10,10,2007,12.704999999999998,7.41,4.72,5.83
6731,8,11,10,2007,13.11,8.07,5.5600000000000005,6.94
6732,8,12,10,2007,13.225,8.120000000000001,5.63,7.0
6733,8,13,10,2007,12.899166666666668,7.56,5.51,6.83
6734,8,14,10,2007,12.846666666666666,7.15,5.29,6.47
6735,8,15,10,2007,13.545833333333333,6.88,5.18,6.29
6736,8,16,10,2007,14.866666666666667,5.97,4.51,5.44
6737,8,17,10,2007,16.510833333333334,5.67,4.28,5.15
6738,8,18,10,2007,18.376666666666665,4.5600000000000005,3.38,4.08
6739,8,19,10,2007,19.879166666666666,5.7700000000000005,4.25,5.16
6740,8,20,10,2007,20.61,6.47,4.73,5.79
6741,8,21,10,2007,20.9475,6.98,5.05,6.24
6742,8,22,10,2007,20.81,6.86,4.88,6.09
6743,8,23,10,2007,19.587499999999995,7.22,3.02,5.23
6744,9,0,10,2007,18.2325,8.870000000000003,3.41,6.84
6745,9,1,10,2007,17.29416666666667,9.98,3.83,7.35
6746,9,2,10,2007,16.4275,9.66,3.76,7.26
6747,9,3,10,2007,16.26,9.33,3.94,7.28
6748,9,4,10,2007,15.769166666666669,9.52,3.89,7.25
6749,9,5,10,2007,15.3125,9.39,4.13,7.82
6750,9,6,10,2007,15.15916666666667,9.32,4.5,7.99
6751,9,7,10,2007,14.762499999999998,9.12,4.62,7.9300000000000015
6752,9,8,10,2007,14.619166666666667,8.790000000000001,4.49,7.67
6753,9,9,10,2007,14.934166666666664,7.42,4.36,7.23
6754,9,10,10,2007,14.719166666666668,5.62,4.0600000000000005,6.16
6755,9,11,10,2007,13.665000000000001,6.94,4.76,6.8500000000000005
6756,9,12,10,2007,13.216666666666667,8.44,4.99,7.34
6757,9,13,10,2007,13.908333333333337,10.41,5.66,7.92
6758,9,14,10,2007,15.211666666666664,10.24,5.66,7.62
6759,9,15,10,2007,17.671666666666663,8.16,4.59,5.53
6760,9,16,10,2007,19.973333333333333,5.19,4.22,4.91
6761,9,17,10,2007,22.105,5.42,3.9,4.78
6762,9,18,10,2007,23.44083333333333,6.3100000000000005,4.66,5.67
6763,9,19,10,2007,24.006666666666664,6.08,4.5,5.47
6764,9,20,10,2007,24.239166666666662,6.04,4.46,5.43
6765,9,21,10,2007,24.214166666666667,5.95,4.3,5.3100000000000005
6766,9,22,10,2007,23.5575,6.41,4.3,5.37
6767,9,23,10,2007,21.640833333333333,7.57,3.0500000000000003,6.0600000000000005
6768,10,0,10,2007,19.93416666666667,8.83,3.33,6.6400000000000015
6769,10,1,10,2007,18.781666666666663,10.62,3.79,7.69
6770,10,2,10,2007,17.690833333333334,11.29,4.51,8.370000000000001
6771,10,3,10,2007,16.3625,11.04,4.49,7.91
6772,10,4,10,2007,15.226666666666665,11.2,4.58,7.8
6773,10,5,10,2007,14.235,12.3,4.84,8.15
6774,10,6,10,2007,13.259999999999998,12.22,4.88,8.19
6775,10,7,10,2007,12.243333333333334,11.22,4.67,7.74
6776,10,8,10,2007,11.277500000000002,10.86,4.65,7.5
6777,10,9,10,2007,10.319999999999999,10.69,4.53,7.58
6778,10,10,10,2007,9.539166666666668,9.99,4.55,7.28
6779,10,11,10,2007,8.5875,10.25,4.63,7.35
6780,10,12,10,2007,7.534166666666668,10.46,4.7700000000000005,7.3900000000000015
6781,10,13,10,2007,7.452500000000001,9.69,5.09,7.05
6782,10,14,10,2007,8.088333333333335,7.79,5.26,6.4
6783,10,15,10,2007,8.938333333333334,7.1400000000000015,5.34,6.5
6784,10,16,10,2007,10.015833333333333,6.91,5.2,6.3
6785,10,17,10,2007,10.931666666666665,7.04,5.33,6.45
6786,10,18,10,2007,11.82,6.54,4.94,5.97
6787,10,19,10,2007,12.631666666666666,7.11,5.38,6.5
6788,10,20,10,2007,13.078333333333333,7.63,5.72,6.96
6789,10,21,10,2007,13.145833333333336,7.51,5.55,6.82
6790,10,22,10,2007,12.914166666666667,7.54,5.57,6.84
6791,10,23,10,2007,12.037500000000001,8.21,4.8,6.42
6792,11,0,10,2007,10.543333333333335,9.04,3.83,6.29
6793,11,1,10,2007,9.5175,10.04,3.97,6.94
6794,11,2,10,2007,8.686666666666667,10.29,4.24,7.21
6795,11,3,10,2007,7.732500000000001,9.52,3.28,6.25
6796,11,4,10,2007,6.982500000000001,9.13,3.17,6.22
6797,11,5,10,2007,6.1875,8.88,2.92,5.93
6798,11,6,10,2007,5.5475,8.950000000000003,2.19,5.17
6799,11,7,10,2007,5.116666666666667,8.55,2.11,4.96
6800,11,8,10,2007,4.6816666666666675,7.9300000000000015,1.98,4.8500000000000005
6801,11,9,10,2007,4.198333333333333,6.8500000000000005,2.3000000000000003,4.8500000000000005
6802,11,10,10,2007,3.660833333333333,6.1400000000000015,1.84,4.14
6803,11,11,10,2007,3.2516666666666665,5.25,1.86,3.89
6804,11,12,10,2007,2.6791666666666667,4.9,1.72,3.63
6805,11,13,10,2007,2.8708333333333336,4.47,1.83,3.34
6806,11,14,10,2007,4.719166666666667,3.25,2.5,2.93
6807,11,15,10,2007,6.805000000000001,3.15,2.45,2.88
6808,11,16,10,2007,8.374166666666667,3.06,2.5500000000000003,2.94
6809,11,17,10,2007,9.698333333333332,2.47,2.08,2.37
6810,11,18,10,2007,11.0625,1.99,1.72,1.94
6811,11,19,10,2007,12.244166666666667,1.97,1.74,1.95
6812,11,20,10,2007,13.18,1.79,1.59,1.77
6813,11,21,10,2007,13.79,2.14,1.76,2.03
6814,11,22,10,2007,14.087499999999999,2.4,1.87,2.23
6815,11,23,10,2007,13.501666666666665,3.16,1.94,2.7
6816,12,0,10,2007,12.234166666666667,4.18,2.2,4.09
6817,12,1,10,2007,11.513333333333334,4.12,1.93,4.01
6818,12,2,10,2007,10.8275,4.7700000000000005,2.13,4.13
6819,12,3,10,2007,10.390833333333333,5.32,2.57,4.94
6820,12,4,10,2007,10.24916666666667,5.42,2.92,5.12
6821,12,5,10,2007,9.964166666666669,6.08,3.11,5.57
6822,12,6,10,2007,9.629166666666666,6.23,3.11,5.61
6823,12,7,10,2007,9.489166666666668,6.3,3.36,5.93
6824,12,8,10,2007,9.33,7.34,3.77,6.34
6825,12,9,10,2007,9.274166666666668,7.82,4.18,6.8
6826,12,10,10,2007,9.34083333333333,8.47,4.38,6.96
6827,12,11,10,2007,9.029166666666667,8.83,4.4,7.0200000000000005
6828,12,12,10,2007,8.870000000000001,8.69,4.34,6.88
6829,12,13,10,2007,9.116666666666667,8.700000000000001,4.5600000000000005,6.74
6830,12,14,10,2007,10.875833333333333,8.56,4.2700000000000005,5.92
6831,12,15,10,2007,13.279999999999996,6.58,4.25,5.0
6832,12,16,10,2007,15.348333333333334,5.0600000000000005,3.9,4.66
6833,12,17,10,2007,16.923333333333336,4.24,3.31,3.92
6834,12,18,10,2007,18.456666666666667,5.13,3.87,4.66
6835,12,19,10,2007,19.538333333333334,5.89,4.39,5.32
6836,12,20,10,2007,19.18916666666667,6.18,4.5600000000000005,5.67
6837,12,21,10,2007,19.366666666666667,4.87,3.63,4.41
6838,12,22,10,2007,19.14833333333333,6.09,3.7,4.84
6839,12,23,10,2007,18.371666666666666,7.66,3.25,5.3100000000000005
6840,13,0,10,2007,18.006666666666664,7.72,3.0500000000000003,5.34
6841,13,1,10,2007,16.226666666666667,6.05,3.33,5.37
6842,13,2,10,2007,16.000833333333333,6.41,3.43,5.25
6843,13,3,10,2007,16.0575,8.18,4.99,6.7
6844,13,4,10,2007,14.872499999999997,7.9300000000000015,4.75,6.43
6845,13,5,10,2007,14.929166666666667,12.91,7.95,10.4
6846,13,6,10,2007,15.020000000000001,14.33,9.17,12.07
6847,13,7,10,2007,14.775833333333331,14.16,8.950000000000003,11.79
6848,13,8,10,2007,14.3675,10.81,6.04,8.32
6849,13,9,10,2007,14.018333333333333,11.86,6.68,9.2
6850,13,10,10,2007,13.9375,11.96,6.67,9.23
6851,13,11,10,2007,14.075833333333334,12.29,6.83,9.52
6852,13,12,10,2007,13.909166666666666,13.13,7.55,10.38
6853,13,13,10,2007,12.847500000000002,14.4,9.51,12.37
6854,13,14,10,2007,12.196666666666667,14.58,9.85,12.35
6855,13,15,10,2007,12.433333333333332,15.39,9.37,12.09
6856,13,16,10,2007,14.016666666666667,19.0,11.52,15.32
6857,13,17,10,2007,14.04,16.26,9.83,12.62
6858,13,18,10,2007,14.026666666666666,13.11,8.72,10.86
6859,13,19,10,2007,14.644999999999998,15.34,9.7,12.62
6860,13,20,10,2007,15.879166666666668,14.11,8.64,11.48
6861,13,21,10,2007,17.103333333333335,13.44,8.3,11.28
6862,13,22,10,2007,17.75166666666667,11.94,7.67,9.87
6863,13,23,10,2007,16.261666666666667,11.42,6.58,8.97
6864,14,0,10,2007,14.933333333333335,11.58,4.9,7.68
6865,14,1,10,2007,14.0525,9.79,3.52,6.04
6866,14,2,10,2007,13.588333333333331,10.19,3.62,6.23
6867,14,3,10,2007,13.745,10.82,4.37,7.1400000000000015
6868,14,4,10,2007,14.100833333333334,11.17,5.37,7.97
6869,14,5,10,2007,14.723333333333331,10.9,5.5600000000000005,8.040000000000001
6870,14,6,10,2007,15.164166666666667,13.72,5.2700000000000005,8.61
6871,14,7,10,2007,16.279999999999998,16.21,8.69,12.33
6872,14,8,10,2007,15.982500000000002,16.53,9.85,13.3
6873,14,9,10,2007,14.094166666666666,18.77,12.03,15.78
6874,14,10,10,2007,13.5525,19.56,12.77,16.65
6875,14,11,10,2007,13.474166666666667,13.89,8.81,11.53
6876,14,12,10,2007,13.524999999999999,15.1,9.66,12.6
6877,14,13,10,2007,13.0775,13.25,8.66,11.25
6878,14,14,10,2007,12.898333333333333,14.02,9.23,11.93
6879,14,15,10,2007,13.045000000000002,12.71,8.08,10.39
6880,14,16,10,2007,13.113333333333332,11.73,7.31,9.34
6881,14,17,10,2007,14.332500000000001,11.45,6.74,8.77
6882,14,18,10,2007,16.28666666666667,8.28,6.03,7.44
6883,14,19,10,2007,18.304999999999996,9.5,6.92,8.53
6884,14,20,10,2007,17.6975,7.19,4.36,5.76
6885,14,21,10,2007,16.708333333333336,7.86,5.0200000000000005,6.65
6886,14,22,10,2007,16.6275,7.63,4.5600000000000005,6.15
6887,14,23,10,2007,16.099999999999998,6.49,2.96,4.66
6888,15,0,10,2007,15.504166666666665,5.66,2.52,3.63
6889,15,1,10,2007,15.058333333333335,5.68,4.07,5.47
6890,15,2,10,2007,14.734166666666667,5.8500000000000005,3.63,4.8500000000000005
6891,15,3,10,2007,14.611666666666666,7.4,4.11,5.67
6892,15,4,10,2007,15.729166666666666,11.62,7.38,9.69
6893,15,5,10,2007,15.445833333333333,13.64,9.02,11.69
6894,15,6,10,2007,15.344166666666666,14.32,9.45,12.21
6895,15,7,10,2007,14.951666666666666,11.93,7.27,9.76
6896,15,8,10,2007,14.833333333333334,8.23,4.55,6.29
6897,15,9,10,2007,14.553333333333333,11.44,7.12,9.45
6898,15,10,10,2007,14.168333333333335,11.29,7.21,9.41
6899,15,11,10,2007,14.076666666666668,10.39,6.5200000000000005,8.58
6900,15,12,10,2007,13.459166666666663,10.08,5.15,7.45
6901,15,13,10,2007,13.894166666666665,9.67,6.03,7.88
6902,15,14,10,2007,14.441666666666665,9.02,5.83,7.52
6903,15,15,10,2007,15.083333333333334,7.6,5.45,6.67
6904,15,16,10,2007,15.27083333333333,7.54,5.51,6.83
6905,15,17,10,2007,14.439166666666667,7.9,5.7700000000000005,7.1400000000000015
6906,15,18,10,2007,13.8725,8.39,6.23,7.68
6907,15,19,10,2007,13.279166666666667,8.41,6.26,7.68
6908,15,20,10,2007,12.946666666666665,8.94,6.57,8.15
6909,15,21,10,2007,12.347499999999997,9.29,6.72,8.370000000000001
6910,15,22,10,2007,11.812500000000002,9.3,6.66,8.32
6911,15,23,10,2007,11.429166666666667,8.290000000000001,5.51,7.1000000000000005
6912,16,0,10,2007,11.13,8.52,5.71,7.32
6913,16,1,10,2007,10.821666666666665,8.63,5.83,7.46
6914,16,2,10,2007,10.566666666666666,8.2,5.64,7.17
6915,16,3,10,2007,10.323333333333334,7.77,5.07,6.5600000000000005
6916,16,4,10,2007,10.015833333333335,8.01,5.55,7.04
6917,16,5,10,2007,9.771666666666668,7.88,5.43,6.88
6918,16,6,10,2007,9.466666666666667,8.32,5.76,7.29
6919,16,7,10,2007,9.2475,8.51,5.86,7.42
6920,16,8,10,2007,9.140833333333333,7.84,5.45,6.8500000000000005
6921,16,9,10,2007,9.015,7.76,5.3100000000000005,6.72
6922,16,10,10,2007,8.825833333333334,7.85,5.29,6.7
6923,16,11,10,2007,7.845,8.75,3.86,5.96
6924,16,12,10,2007,7.501666666666666,9.72,4.7,7.0200000000000005
6925,16,13,10,2007,7.533333333333334,9.93,5.47,7.58
6926,16,14,10,2007,8.425,8.56,5.3100000000000005,6.8100000000000005
6927,16,15,10,2007,9.59,7.05,5.2700000000000005,6.41
6928,16,16,10,2007,10.8725,6.53,4.9,5.93
6929,16,17,10,2007,12.234166666666667,6.32,4.74,5.72
6930,16,18,10,2007,13.481666666666667,5.75,4.32,5.2
6931,16,19,10,2007,14.5325,5.14,3.84,4.62
6932,16,20,10,2007,15.558333333333332,5.58,4.15,5.0200000000000005
6933,16,21,10,2007,16.378333333333334,5.74,4.2,5.13
6934,16,22,10,2007,16.5525,6.0,4.3,5.33
6935,16,23,10,2007,15.456666666666665,6.69,3.0700000000000003,5.28
6936,17,0,10,2007,14.387500000000001,8.57,3.21,6.12
6937,17,1,10,2007,13.909166666666664,10.0,3.27,6.26
6938,17,2,10,2007,14.263333333333334,11.62,4.87,7.8
6939,17,3,10,2007,14.510833333333332,12.92,6.1400000000000015,9.23
6940,17,4,10,2007,14.11916666666667,13.46,6.22,9.29
6941,17,5,10,2007,13.617499999999998,13.3,5.75,9.05
6942,17,6,10,2007,13.186666666666667,13.05,5.86,9.02
6943,17,7,10,2007,12.915833333333332,13.36,6.45,9.55
6944,17,8,10,2007,12.870833333333335,13.57,6.62,9.75
6945,17,9,10,2007,12.779166666666669,14.2,7.44,10.58
6946,17,10,10,2007,12.814166666666667,14.0,7.58,10.58
6947,17,11,10,2007,13.039166666666667,13.71,7.4,10.31
6948,17,12,10,2007,13.714166666666666,11.66,7.3,9.57
6949,17,13,10,2007,13.995833333333332,10.4,6.3900000000000015,8.46
6950,17,14,10,2007,14.424166666666666,10.4,6.3900000000000015,8.47
6951,17,15,10,2007,15.195833333333331,15.97,9.53,12.47
6952,17,16,10,2007,16.698333333333334,18.61,11.21,14.64
6953,17,17,10,2007,17.9525,13.71,9.67,12.11
6954,17,18,10,2007,17.645833333333332,11.41,8.13,10.15
6955,17,19,10,2007,17.103333333333335,11.72,8.28,10.35
6956,17,20,10,2007,18.02166666666667,11.83,8.33,10.46
6957,17,21,10,2007,18.436666666666667,11.74,8.34,10.42
6958,17,22,10,2007,17.586666666666666,11.3,8.05,10.06
6959,17,23,10,2007,16.659166666666668,10.94,7.08,9.18
6960,18,0,10,2007,16.35,10.81,6.75,8.85
6961,18,1,10,2007,16.4675,11.36,7.23,9.53
6962,18,2,10,2007,17.14916666666667,11.34,6.94,9.24
6963,18,3,10,2007,17.13,11.3,7.18,9.41
6964,18,4,10,2007,16.970000000000002,15.23,10.46,13.46
6965,18,5,10,2007,15.034999999999998,8.93,4.72,7.49
6966,18,6,10,2007,14.448333333333332,7.34,6.16,7.07
6967,18,7,10,2007,13.649166666666668,5.64,2.23,4.14
6968,18,8,10,2007,13.128333333333332,5.7700000000000005,2.99,4.9
6969,18,9,10,2007,13.108333333333334,9.68,5.01,7.57
6970,18,10,10,2007,12.9075,10.18,4.8100000000000005,7.41
6971,18,11,10,2007,12.396666666666667,11.11,5.76,8.4
6972,18,12,10,2007,12.130833333333333,11.99,6.55,9.2
6973,18,13,10,2007,12.315,12.54,8.01,10.42
6974,18,14,10,2007,13.537500000000001,12.28,7.8900000000000015,10.28
6975,18,15,10,2007,14.53416666666667,13.18,8.76,11.26
6976,18,16,10,2007,15.019166666666669,14.42,10.1,12.68
6977,18,17,10,2007,14.536666666666667,14.86,10.2,12.92
6978,18,18,10,2007,13.455833333333333,15.78,10.86,13.81
6979,18,19,10,2007,12.893333333333333,15.36,10.3,13.16
6980,18,20,10,2007,12.434166666666668,13.99,9.48,12.03
6981,18,21,10,2007,12.245833333333332,15.58,10.36,13.26
6982,18,22,10,2007,12.174999999999999,14.81,9.6,12.49
6983,18,23,10,2007,11.575000000000001,14.33,9.23,12.04
6984,19,0,10,2007,11.439166666666667,14.32,9.22,12.03
6985,19,1,10,2007,11.565833333333332,14.61,9.28,12.2
6986,19,2,10,2007,11.889166666666668,14.16,8.81,11.65
6987,19,3,10,2007,11.917500000000002,13.48,8.05,10.83
6988,19,4,10,2007,11.258333333333333,13.55,7.25,10.16
6989,19,5,10,2007,10.753333333333336,13.75,6.84,10.02
6990,19,6,10,2007,10.404166666666667,14.49,7.6,10.82
6991,19,7,10,2007,9.961666666666666,14.0,7.13,10.27
6992,19,8,10,2007,9.664166666666667,14.0,7.0,10.17
6993,19,9,10,2007,9.330833333333333,14.45,7.08,10.41
6994,19,10,10,2007,9.123333333333335,14.79,7.46,10.83
6995,19,11,10,2007,8.275833333333335,14.31,7.13,10.39
6996,19,12,10,2007,7.920833333333333,14.55,7.25,10.56
6997,19,13,10,2007,8.209999999999999,14.79,8.17,11.17
6998,19,14,10,2007,9.755,14.73,9.3,12.05
6999,19,15,10,2007,11.257499999999999,12.57,8.46,10.52
7000,19,16,10,2007,12.690833333333336,11.68,8.33,10.33
7001,19,17,10,2007,13.918333333333335,10.68,7.63,9.45
7002,19,18,10,2007,15.157499999999999,11.46,8.14,10.14
7003,19,19,10,2007,16.09416666666667,11.29,8.01,9.97
7004,19,20,10,2007,16.996666666666666,10.62,7.44,9.29
7005,19,21,10,2007,17.4325,10.37,7.05,8.99
7006,19,22,10,2007,17.206666666666667,9.6,6.3100000000000005,8.14
7007,19,23,10,2007,15.401666666666666,10.42,4.01,7.28
7008,20,0,10,2007,14.229999999999999,12.19,5.14,8.59
7009,20,1,10,2007,13.956666666666665,12.34,5.29,8.700000000000001
7010,20,2,10,2007,13.727500000000001,11.69,5.17,8.52
7011,20,3,10,2007,14.260833333333336,11.9,5.78,9.28
7012,20,4,10,2007,14.799999999999999,12.74,6.3100000000000005,9.88
7013,20,5,10,2007,14.7025,14.69,6.92,10.71
7014,20,6,10,2007,14.685833333333335,15.75,7.62,11.39
7015,20,7,10,2007,14.258333333333333,16.35,8.39,12.03
7016,20,8,10,2007,14.170833333333333,16.240000000000002,8.040000000000001,11.63
7017,20,9,10,2007,13.855833333333331,16.94,8.34,12.1
7018,20,10,10,2007,14.23916666666667,17.330000000000002,8.620000000000001,12.45
7019,20,11,10,2007,14.517500000000004,17.38,8.58,12.46
7020,20,12,10,2007,14.387500000000001,16.68,8.5,12.29
7021,20,13,10,2007,14.503333333333332,15.79,8.66,12.24
7022,20,14,10,2007,16.28,15.49,9.17,12.21
7023,20,15,10,2007,18.018333333333334,14.67,9.35,12.1
7024,20,16,10,2007,19.809166666666666,12.28,7.48,9.5
7025,20,17,10,2007,20.810833333333335,9.85,7.25,8.9
7026,20,18,10,2007,22.02,9.94,7.24,8.91
7027,20,19,10,2007,22.663333333333338,11.06,7.98,9.92
7028,20,20,10,2007,23.265,13.08,9.07,11.48
7029,20,21,10,2007,23.444166666666664,13.02,8.94,11.36
7030,20,22,10,2007,22.80666666666667,14.68,8.01,11.1
7031,20,23,10,2007,21.268333333333334,17.02,8.52,12.44
7032,21,0,10,2007,20.30333333333333,17.43,9.26,13.16
7033,21,1,10,2007,18.91583333333333,17.19,9.11,12.9
7034,21,2,10,2007,18.203333333333333,17.53,9.5,13.29
7035,21,3,10,2007,17.971666666666668,17.67,9.48,13.25
7036,21,4,10,2007,18.168333333333333,19.06,10.69,14.7
7037,21,5,10,2007,17.780833333333334,18.96,10.75,14.68
7038,21,6,10,2007,17.79,19.16,10.84,14.9
7039,21,7,10,2007,17.76833333333333,18.75,10.47,14.42
7040,21,8,10,2007,17.644166666666667,17.81,9.67,13.46
7041,21,9,10,2007,16.864166666666666,15.77,7.86,11.34
7042,21,10,10,2007,16.876666666666665,16.37,7.96,11.63
7043,21,11,10,2007,16.815833333333334,17.150000000000002,8.86,12.71
7044,21,12,10,2007,16.374166666666667,16.81,8.68,12.45
7045,21,13,10,2007,14.152499999999998,11.73,5.83,8.77
7046,21,14,10,2007,11.649999999999999,8.8,6.32,7.78
7047,21,15,10,2007,12.248333333333335,9.75,7.18,8.8
7048,21,16,10,2007,13.024166666666666,9.95,7.25,8.92
7049,21,17,10,2007,13.800833333333335,10.35,7.51,9.26
7050,21,18,10,2007,14.445833333333335,10.42,7.55,9.31
7051,21,19,10,2007,14.852500000000001,10.19,7.37,9.07
7052,21,20,10,2007,15.1175,10.22,7.33,9.09
7053,21,21,10,2007,15.069166666666668,10.49,7.45,9.31
7054,21,22,10,2007,14.469999999999999,11.27,7.9,9.94
7055,21,23,10,2007,13.408333333333333,10.83,7.07,9.18
7056,22,0,10,2007,12.969166666666665,12.69,8.33,10.77
7057,22,1,10,2007,11.945,13.07,8.540000000000001,11.05
7058,22,2,10,2007,11.206666666666669,12.12,7.82,10.17
7059,22,3,10,2007,11.045833333333336,11.52,7.23,9.4
7060,22,4,10,2007,10.710833333333333,12.7,8.370000000000001,10.81
7061,22,5,10,2007,10.308333333333332,13.21,8.66,11.2
7062,22,6,10,2007,10.1725,12.96,8.52,11.02
7063,22,7,10,2007,10.188333333333333,11.69,7.55,9.81
7064,22,8,10,2007,10.051666666666668,11.21,7.2,9.38
7065,22,9,10,2007,9.422500000000001,11.28,7.38,9.53
7066,22,10,10,2007,8.97,11.09,7.04,9.19
7067,22,11,10,2007,8.436666666666666,10.94,6.75,8.93
7068,22,12,10,2007,8.07,11.33,7.01,9.26
7069,22,13,10,2007,7.8691666666666675,11.75,7.29,9.63
7070,22,14,10,2007,8.039166666666668,11.25,6.93,9.19
7071,22,15,10,2007,8.533333333333333,10.04,7.2,8.950000000000003
7072,22,16,10,2007,9.356666666666667,9.81,7.2,8.870000000000003
7073,22,17,10,2007,10.523333333333333,10.5,7.59,9.4
7074,22,18,10,2007,11.619166666666667,10.91,7.81,9.7
7075,22,19,10,2007,12.341666666666669,10.57,7.56,9.41
7076,22,20,10,2007,12.835833333333332,11.52,8.13,10.18
7077,22,21,10,2007,12.917500000000002,11.54,8.14,10.19
7078,22,22,10,2007,12.546666666666667,10.82,7.53,9.54
7079,22,23,10,2007,11.1775,11.31,5.72,8.59
7080,23,0,10,2007,9.772499999999999,8.96,3.68,6.91
7081,23,1,10,2007,9.098333333333331,9.39,3.58,6.84
7082,23,2,10,2007,8.524166666666668,9.92,3.96,7.24
7083,23,3,10,2007,7.881666666666667,10.21,4.12,7.32
7084,23,4,10,2007,7.579166666666666,9.75,3.83,7.07
7085,23,5,10,2007,7.266666666666667,9.29,3.84,7.0200000000000005
7086,23,6,10,2007,6.8883333333333345,7.43,3.5700000000000003,6.67
7087,23,7,10,2007,6.689166666666668,6.13,3.34,6.3100000000000005
7088,23,8,10,2007,6.0424999999999995,5.29,3.54,5.6000000000000005
7089,23,9,10,2007,5.379166666666666,5.94,3.42,5.62
7090,23,10,10,2007,4.61,6.13,3.17,5.71
7091,23,11,10,2007,4.705,6.41,3.89,6.3
7092,23,12,10,2007,4.6925,7.86,4.0600000000000005,6.94
7093,23,13,10,2007,4.864166666666667,7.91,4.16,7.12
7094,23,14,10,2007,6.894166666666667,6.2700000000000005,3.29,5.2
7095,23,15,10,2007,9.036666666666667,5.67,3.0500000000000003,3.49
7096,23,16,10,2007,11.1625,3.6,2.97,3.45
7097,23,17,10,2007,12.828333333333333,3.38,2.83,3.28
7098,23,18,10,2007,14.589166666666669,4.43,3.45,4.12
7099,23,19,10,2007,16.066666666666666,5.07,3.73,4.55
7100,23,20,10,2007,17.23916666666667,6.47,4.67,5.79
7101,23,21,10,2007,17.674166666666668,6.99,4.97,6.22
7102,23,22,10,2007,17.565,7.65,4.94,6.2700000000000005
7103,23,23,10,2007,16.000833333333336,9.69,3.3000000000000003,6.91
7104,24,0,10,2007,15.334166666666667,11.93,4.8500000000000005,8.53
7105,24,1,10,2007,15.467500000000001,13.35,5.65,9.42
7106,24,2,10,2007,14.88166666666667,14.75,6.65,10.46
7107,24,3,10,2007,14.339166666666666,15.91,7.1400000000000015,10.97
7108,24,4,10,2007,13.558333333333332,15.35,6.91,10.62
7109,24,5,10,2007,12.915833333333333,15.02,6.8900000000000015,10.61
7110,24,6,10,2007,11.906666666666668,14.56,6.88,10.43
7111,24,7,10,2007,11.022499999999999,15.4,7.34,10.9
7112,24,8,10,2007,9.845833333333333,14.95,6.9,10.41
7113,24,9,10,2007,8.656666666666668,13.35,6.01,9.21
7114,24,10,10,2007,7.928333333333334,12.96,5.6000000000000005,8.69
7115,24,11,10,2007,7.2875000000000005,13.15,5.64,8.91
7116,24,12,10,2007,6.6625000000000005,13.77,6.0200000000000005,9.43
7117,24,13,10,2007,6.107500000000001,12.06,5.96,8.33
7118,24,14,10,2007,7.035833333333334,10.07,5.89,7.88
7119,24,15,10,2007,8.028333333333334,8.290000000000001,6.0600000000000005,7.49
7120,24,16,10,2007,8.926666666666668,7.1400000000000015,5.38,6.5600000000000005
7121,24,17,10,2007,9.924999999999999,6.7,5.05,6.1400000000000015
7122,24,18,10,2007,10.746666666666668,6.34,4.7700000000000005,5.79
7123,24,19,10,2007,11.438333333333333,6.76,5.05,6.16
7124,24,20,10,2007,11.90916666666667,7.46,5.55,6.8
7125,24,21,10,2007,12.165,7.41,5.37,6.67
7126,24,22,10,2007,11.92583333333333,7.84,5.61,7.0600000000000005
7127,24,23,10,2007,10.576666666666668,9.64,4.57,7.38
7128,25,0,10,2007,9.664166666666665,10.5,4.73,7.98
7129,25,1,10,2007,9.209999999999999,10.61,4.94,8.27
7130,25,2,10,2007,8.486666666666666,10.32,4.46,7.88
7131,25,3,10,2007,7.766666666666667,9.71,3.79,7.22
7132,25,4,10,2007,6.824166666666667,9.9,3.25,6.7700000000000005
7133,25,5,10,2007,5.932500000000001,10.21,2.22,6.6400000000000015
7134,25,6,10,2007,5.218333333333334,10.26,2.23,6.53
7135,25,7,10,2007,4.677499999999999,9.96,2.08,5.8500000000000005
7136,25,8,10,2007,4.1258333333333335,9.89,2.06,5.84
7137,25,9,10,2007,3.641666666666666,7.84,0.94,3.91
7138,25,10,10,2007,3.1025000000000005,7.05,0.56,3.48
7139,25,11,10,2007,2.4258333333333337,5.45,0.84,2.83
7140,25,12,10,2007,2.0966666666666667,5.34,1.13,3.21
7141,25,13,10,2007,1.9975000000000003,5.11,1.08,3.0700000000000003
7142,25,14,10,2007,3.3958333333333335,3.53,1.32,2.11
7143,25,15,10,2007,5.254166666666666,2.61,1.72,1.98
7144,25,16,10,2007,7.2525,3.0500000000000003,2.5,2.91
7145,25,17,10,2007,8.566666666666665,3.06,2.53,2.93
7146,25,18,10,2007,9.814166666666665,3.21,2.58,3.02
7147,25,19,10,2007,10.861666666666666,3.37,2.72,3.19
7148,25,20,10,2007,11.4475,3.62,2.86,3.38
7149,25,21,10,2007,11.7325,4.0,3.0700000000000003,3.7
7150,25,22,10,2007,11.549999999999999,4.55,3.45,4.24
7151,25,23,10,2007,10.25,4.55,2.19,4.2
7152,26,0,10,2007,8.866666666666669,6.0200000000000005,1.69,4.2
7153,26,1,10,2007,7.809166666666667,7.03,1.19,4.32
7154,26,2,10,2007,7.126666666666666,9.07,1.58,5.32
7155,26,3,10,2007,6.416666666666667,9.02,1.54,5.29
7156,26,4,10,2007,5.894166666666667,7.16,1.16,4.33
7157,26,5,10,2007,6.6525,6.36,2.34,3.94
7158,26,6,10,2007,6.020833333333333,6.25,1.67,3.72
7159,26,7,10,2007,6.427499999999999,6.21,1.62,3.85
7160,26,8,10,2007,6.987500000000001,4.42,1.54,2.67
7161,26,9,10,2007,7.154166666666666,3.06,0.87,1.84
7162,26,10,10,2007,7.1741666666666655,3.18,1.12,2.11
7163,26,11,10,2007,7.235833333333335,3.6,1.36,2.35
7164,26,12,10,2007,7.1816666666666675,3.13,1.18,1.67
7165,26,13,10,2007,6.974166666666668,2.31,1.38,1.91
7166,26,14,10,2007,6.9925,2.65,1.49,2.18
7167,26,15,10,2007,7.640833333333334,2.03,1.25,1.38
7168,26,16,10,2007,8.200833333333334,1.49,1.36,1.53
7169,26,17,10,2007,8.855,1.35,1.2,1.35
7170,26,18,10,2007,9.531666666666665,1.97,1.74,1.97
7171,26,19,10,2007,10.311666666666667,2.34,2.03,2.32
7172,26,20,10,2007,11.334999999999999,2.58,2.15,2.49
7173,26,21,10,2007,11.841666666666663,2.7,2.17,2.56
7174,26,22,10,2007,11.618333333333332,4.51,3.03,3.97
7175,26,23,10,2007,10.401666666666666,4.59,2.96,4.18
7176,27,0,10,2007,10.485833333333334,4.54,2.5500000000000003,3.86
7177,27,1,10,2007,10.124166666666666,4.14,2.28,3.48
7178,27,2,10,2007,9.616666666666667,4.32,2.56,3.47
7179,27,3,10,2007,9.841666666666667,5.16,2.75,3.92
7180,27,4,10,2007,8.858333333333333,6.0200000000000005,2.8000000000000003,4.99
7181,27,5,10,2007,8.3425,6.23,3.31,5.19
7182,27,6,10,2007,7.629166666666667,5.71,3.12,5.2
7183,27,7,10,2007,6.985833333333333,5.64,3.04,5.28
7184,27,8,10,2007,6.341666666666666,5.92,3.48,6.09
7185,27,9,10,2007,5.947500000000001,6.86,3.6,6.26
7186,27,10,10,2007,5.3741666666666665,8.88,4.25,7.1400000000000015
7187,27,11,10,2007,4.760833333333333,10.7,5.15,7.82
7188,27,12,10,2007,3.8058333333333327,11.27,5.57,8.120000000000001
7189,27,13,10,2007,3.385,11.19,5.95,8.16
7190,27,14,10,2007,4.1450000000000005,9.53,5.99,7.94
7191,27,15,10,2007,5.685833333333334,7.16,5.2700000000000005,6.37
7192,27,16,10,2007,7.370833333333334,6.51,4.95,5.96
7193,27,17,10,2007,8.889999999999999,6.78,5.13,6.18
7194,27,18,10,2007,10.100833333333332,6.74,5.1000000000000005,6.15
7195,27,19,10,2007,10.983333333333333,6.36,4.79,5.78
7196,27,20,10,2007,11.488333333333335,6.3100000000000005,4.75,5.73
7197,27,21,10,2007,11.696666666666667,5.33,4.03,4.8500000000000005
7198,27,22,10,2007,11.383333333333333,5.62,3.69,4.68
7199,27,23,10,2007,10.032499999999999,6.2700000000000005,3.01,5.53
7200,28,0,10,2007,8.855833333333333,5.89,2.59,5.45
7201,28,1,10,2007,8.151666666666667,5.93,2.24,4.89
7202,28,2,10,2007,7.572500000000001,5.7700000000000005,2.15,4.64
7203,28,3,10,2007,6.890833333333333,5.0600000000000005,1.79,3.85
7204,28,4,10,2007,6.250000000000001,3.87,1.2,2.51
7205,28,5,10,2007,5.927499999999999,3.23,0.6,1.73
7206,28,6,10,2007,5.463333333333334,2.98,0.43,1.47
7207,28,7,10,2007,4.921666666666666,2.99,0.35000000000000003,1.31
7208,28,8,10,2007,4.443333333333333,3.06,0.8300000000000001,1.83
7209,28,9,10,2007,4.088333333333334,3.48,1.13,2.31
7210,28,10,10,2007,3.962499999999999,3.9,1.7,2.98
7211,28,11,10,2007,3.808333333333333,4.59,2.06,3.59
7212,28,12,10,2007,3.6908333333333325,5.24,2.56,4.3
7213,28,13,10,2007,3.9258333333333333,5.8,3.1,4.99
7214,28,14,10,2007,5.7391666666666685,6.03,3.1,5.0200000000000005
7215,28,15,10,2007,7.93,5.91,3.04,3.56
7216,28,16,10,2007,9.998333333333331,5.42,4.04,4.9
7217,28,17,10,2007,11.366666666666667,5.97,4.48,5.43
7218,28,18,10,2007,12.1825,5.99,4.5,5.44
7219,28,19,10,2007,12.751666666666665,5.96,4.47,5.42
7220,28,20,10,2007,13.1925,6.04,4.46,5.44
7221,28,21,10,2007,13.316666666666668,6.08,4.45,5.48
7222,28,22,10,2007,12.803333333333335,6.16,4.3500000000000005,5.48
7223,28,23,10,2007,11.078333333333333,8.06,3.34,6.58
7224,29,0,10,2007,9.790833333333333,9.11,3.77,6.99
7225,29,1,10,2007,9.4225,10.26,4.54,7.9
7226,29,2,10,2007,9.3075,11.05,4.97,8.3
7227,29,3,10,2007,9.2425,11.89,5.34,8.790000000000001
7228,29,4,10,2007,8.924999999999999,12.13,5.69,9.1
7229,29,5,10,2007,8.645833333333332,12.41,5.72,9.1
7230,29,6,10,2007,8.4175,12.74,5.8500000000000005,9.19
7231,29,7,10,2007,8.460833333333333,13.15,5.97,9.46
7232,29,8,10,2007,8.333333333333332,13.25,5.97,9.49
7233,29,9,10,2007,8.168333333333335,13.25,6.0600000000000005,9.51
7234,29,10,10,2007,8.033333333333333,13.02,6.07,9.49
7235,29,11,10,2007,8.018333333333334,13.08,6.25,9.66
7236,29,12,10,2007,7.84,13.41,6.58,9.93
7237,29,13,10,2007,7.6116666666666655,13.43,6.86,9.9
7238,29,14,10,2007,9.040833333333333,12.93,7.27,9.7
7239,29,15,10,2007,10.5975,10.38,6.41,8.25
7240,29,16,10,2007,12.475,7.97,5.97,7.19
7241,29,17,10,2007,14.445833333333333,6.99,5.26,6.38
7242,29,18,10,2007,16.055,7.0,5.22,6.36
7243,29,19,10,2007,17.160833333333333,7.3,5.41,6.62
7244,29,20,10,2007,17.8125,7.95,5.76,7.1400000000000015
7245,29,21,10,2007,18.1825,8.120000000000001,5.79,7.23
7246,29,22,10,2007,17.615833333333335,9.18,5.59,7.07
7247,29,23,10,2007,15.562500000000002,12.23,5.4,8.83
7248,30,0,10,2007,14.608333333333333,14.31,6.78,10.29
7249,30,1,10,2007,13.975833333333334,15.27,7.54,11.04
7250,30,2,10,2007,13.245833333333332,15.56,8.0,11.49
7251,30,3,10,2007,12.623333333333335,15.66,8.16,11.59
7252,30,4,10,2007,12.261666666666665,15.66,8.120000000000001,11.55
7253,30,5,10,2007,11.69166666666667,15.25,7.77,11.09
7254,30,6,10,2007,11.498333333333333,15.62,8.02,11.4
7255,30,7,10,2007,11.298333333333334,15.99,8.19,11.62
7256,30,8,10,2007,10.884166666666667,15.82,7.95,11.37
7257,30,9,10,2007,10.709166666666668,15.74,7.78,11.18
7258,30,10,10,2007,10.690833333333332,16.18,8.22,11.69
7259,30,11,10,2007,10.425833333333333,16.05,8.17,11.61
7260,30,12,10,2007,10.051666666666668,15.83,7.8900000000000015,11.3
7261,30,13,10,2007,9.722499999999998,15.12,8.15,11.16
7262,30,14,10,2007,11.9975,15.12,9.38,12.27
7263,30,15,10,2007,13.495,13.67,8.41,10.58
7264,30,16,10,2007,14.840000000000002,11.49,8.370000000000001,10.26
7265,30,17,10,2007,16.706666666666667,11.61,8.56,10.51
7266,30,18,10,2007,18.004166666666666,11.8,8.51,10.53
7267,30,19,10,2007,18.85416666666666,12.43,9.01,11.17
7268,30,20,10,2007,19.393333333333334,12.45,8.96,11.13
7269,30,21,10,2007,19.39166666666667,12.81,8.57,10.74
7270,30,22,10,2007,18.625833333333333,13.71,8.38,10.9
7271,30,23,10,2007,17.128333333333334,15.56,8.33,11.78
7272,31,0,10,2007,16.319166666666668,17.080000000000002,9.67,13.28
7273,31,1,10,2007,15.2425,17.39,9.98,13.58
7274,31,2,10,2007,14.180833333333334,16.64,9.17,12.66
7275,31,3,10,2007,13.930833333333332,17.150000000000002,9.74,13.28
7276,31,4,10,2007,13.305833333333332,16.64,9.3,12.74
7277,31,5,10,2007,13.0675,16.36,9.04,12.43
7278,31,6,10,2007,12.6075,16.18,8.96,12.31
7279,31,7,10,2007,11.77083333333333,15.12,7.94,11.21
7280,31,8,10,2007,11.0875,12.18,4.8100000000000005,7.95
7281,31,9,10,2007,11.191666666666668,11.39,5.41,8.26
7282,31,10,10,2007,10.628333333333336,11.59,5.48,8.24
7283,31,11,10,2007,9.953333333333333,14.47,7.5,10.68
7284,31,12,10,2007,9.438333333333333,14.95,7.83,10.97
7285,31,13,10,2007,8.9625,14.54,8.47,11.39
7286,31,14,10,2007,9.385,14.76,10.08,12.76
7287,31,15,10,2007,9.8575,15.57,10.8,13.57
7288,31,16,10,2007,9.936666666666666,14.74,10.32,12.97
7289,31,17,10,2007,10.54,13.72,9.73,12.15
7290,31,18,10,2007,11.155000000000001,12.34,8.84,10.96
7291,31,19,10,2007,11.402499999999998,12.04,8.63,10.69
7292,31,20,10,2007,11.472500000000002,11.05,7.9,9.8
7293,31,21,10,2007,11.312499999999998,10.43,7.41,9.23
7294,31,22,10,2007,10.724166666666667,9.67,6.82,8.56
7295,31,23,10,2007,9.2425,11.11,5.17,8.39
7296,1,0,11,2007,7.5975,10.68,2.94,6.47
7297,1,1,11,2007,7.086666666666667,11.11,3.73,7.21
7298,1,2,11,2007,6.671666666666667,9.41,3.61,7.26
7299,1,3,11,2007,5.7225,7.92,3.35,6.3
7300,1,4,11,2007,5.531666666666667,6.5,3.2,6.28
7301,1,5,11,2007,5.201666666666667,6.43,2.97,5.87
7302,1,6,11,2007,4.8758333333333335,5.54,2.9,5.53
7303,1,7,11,2007,4.591666666666667,4.42,2.7,4.3
7304,1,8,11,2007,3.8591666666666664,3.95,2.83,3.99
7305,1,9,11,2007,3.0783333333333336,3.41,2.7,3.7
7306,1,10,11,2007,3.134166666666667,2.47,2.65,3.25
7307,1,11,11,2007,3.576666666666666,1.58,3.14,3.19
7308,1,12,11,2007,3.1658333333333335,1.88,3.31,3.29
7309,1,13,11,2007,3.59,2.32,3.47,3.66
7310,1,14,11,2007,4.33,4.19,3.44,4.21
7311,1,15,11,2007,7.9725,4.58,2.96,3.87
7312,1,16,11,2007,10.100833333333332,4.39,3.31,4.0
7313,1,17,11,2007,11.080833333333333,5.34,4.05,4.89
7314,1,18,11,2007,11.499166666666666,5.5,4.14,5.01
7315,1,19,11,2007,11.920833333333333,6.21,4.62,5.64
7316,1,20,11,2007,12.118333333333334,6.49,4.75,5.83
7317,1,21,11,2007,12.020833333333334,7.2,5.24,6.5
7318,1,22,11,2007,11.28,7.11,5.09,6.38
7319,1,23,11,2007,9.283333333333333,9.94,4.04,7.4
7320,2,0,11,2007,8.099166666666667,10.68,4.32,7.67
7321,2,1,11,2007,7.541666666666667,11.8,5.04,8.42
7322,2,2,11,2007,7.198333333333333,12.84,5.57,8.96
7323,2,3,11,2007,7.055,13.1,5.78,9.15
7324,2,4,11,2007,6.678333333333335,12.91,5.8100000000000005,9.14
7325,2,5,11,2007,6.478333333333333,12.79,5.7,9.0
7326,2,6,11,2007,6.260833333333334,12.82,5.97,9.29
7327,2,7,11,2007,5.881666666666667,12.78,5.79,9.18
7328,2,8,11,2007,6.495000000000001,12.71,6.04,9.3
7329,2,9,11,2007,5.802499999999999,12.77,5.79,9.04
7330,2,10,11,2007,5.309166666666667,12.5,5.95,9.05
7331,2,11,11,2007,5.154166666666667,12.23,5.98,9.09
7332,2,12,11,2007,5.229166666666667,11.28,5.55,8.56
7333,2,13,11,2007,5.2075000000000005,10.25,5.8,8.47
7334,2,14,11,2007,5.988333333333334,9.99,5.68,7.96
7335,2,15,11,2007,7.406666666666667,7.85,4.5,5.69
7336,2,16,11,2007,9.434166666666666,5.5600000000000005,4.09,4.82
7337,2,17,11,2007,11.045833333333334,5.3500000000000005,4.04,4.86
7338,2,18,11,2007,11.843333333333332,6.55,4.97,5.98
7339,2,19,11,2007,12.381666666666666,8.6,6.32,7.74
7340,2,20,11,2007,12.968333333333334,8.85,6.3900000000000015,7.86
7341,2,21,11,2007,13.137500000000001,9.22,6.5600000000000005,8.18
7342,2,22,11,2007,12.51333333333333,9.88,6.28,7.88
7343,2,23,11,2007,10.861666666666666,11.49,5.25,8.5
7344,3,0,11,2007,9.350833333333336,10.46,5.15,8.24
7345,3,1,11,2007,8.397499999999999,12.68,5.78,9.12
7346,3,2,11,2007,7.7441666666666675,13.01,5.5600000000000005,9.19
7347,3,3,11,2007,6.701666666666667,13.01,4.91,8.64
7348,3,4,11,2007,5.6258333333333335,11.78,3.68,7.43
7349,3,5,11,2007,4.755833333333333,9.57,3.33,6.58
7350,3,6,11,2007,4.4508333333333345,7.86,3.39,6.45
7351,3,7,11,2007,3.9741666666666666,6.68,2.69,5.62
7352,3,8,11,2007,3.33,5.08,2.74,4.34
7353,3,9,11,2007,3.2583333333333333,4.37,2.69,4.26
7354,3,10,11,2007,2.954166666666667,3.65,2.22,3.46
7355,3,11,11,2007,2.828333333333333,2.66,2.04,2.7
7356,3,12,11,2007,2.3675,1.56,2.71,2.57
7357,3,13,11,2007,1.8475,2.72,3.75,4.36
7358,3,14,11,2007,3.121666666666666,4.01,3.6,4.68
7359,3,15,11,2007,6.765833333333333,4.47,3.3200000000000003,4.22
7360,3,16,11,2007,9.375000000000002,4.45,3.35,4.04
7361,3,17,11,2007,10.826666666666668,5.37,4.03,4.86
7362,3,18,11,2007,11.612499999999999,6.25,4.64,5.63
7363,3,19,11,2007,12.239166666666664,7.51,5.48,6.72
7364,3,20,11,2007,12.544166666666667,8.16,5.8500000000000005,7.23
7365,3,21,11,2007,12.6075,8.870000000000003,6.25,7.82
7366,3,22,11,2007,12.021666666666667,9.75,6.09,7.68
7367,3,23,11,2007,10.638333333333334,12.51,5.57,8.97
7368,4,0,11,2007,10.040833333333333,12.67,5.6000000000000005,8.99
7369,4,1,11,2007,9.724166666666667,13.89,6.4,9.79
7370,4,2,11,2007,9.443333333333333,14.24,6.5600000000000005,10.11
7371,4,3,11,2007,8.811666666666667,14.01,6.43,9.82
7372,4,4,11,2007,8.069999999999999,14.39,5.72,9.33
7373,4,5,11,2007,7.3075,12.79,5.37,8.94
7374,4,6,11,2007,6.277500000000001,11.94,4.14,7.3900000000000015
7375,4,7,11,2007,6.2124999999999995,10.75,3.99,7.31
7376,4,8,11,2007,5.703333333333333,9.83,4.34,6.8
7377,4,9,11,2007,5.651666666666667,6.32,4.5,6.96
7378,4,10,11,2007,6.589166666666667,5.87,4.29,6.8
7379,4,11,11,2007,5.827500000000001,4.23,3.72,5.7
7380,4,12,11,2007,4.472500000000001,4.62,3.8,5.64
7381,4,13,11,2007,3.6441666666666657,5.99,4.65,7.0
7382,4,14,11,2007,5.730833333333333,6.45,4.72,6.51
7383,4,15,11,2007,8.387500000000001,6.46,4.14,5.67
7384,4,16,11,2007,11.323333333333332,6.2,4.0,4.67
7385,4,17,11,2007,13.670000000000002,5.8,4.54,5.39
7386,4,18,11,2007,15.350833333333334,7.0600000000000005,5.2700000000000005,6.3900000000000015
7387,4,19,11,2007,16.81,7.4,5.54,6.7
7388,4,20,11,2007,17.4425,8.59,6.34,7.77
7389,4,21,11,2007,17.553333333333335,9.5,6.6000000000000005,8.15
7390,4,22,11,2007,16.742500000000003,10.7,6.16,7.98
7391,4,23,11,2007,15.458333333333334,11.54,5.48,8.92
7392,5,0,11,2007,14.90916666666667,12.78,5.82,9.34
7393,5,1,11,2007,14.445833333333333,14.46,6.3,10.13
7394,5,2,11,2007,14.035833333333334,14.82,6.5200000000000005,10.31
7395,5,3,11,2007,13.449166666666665,14.26,6.33,10.03
7396,5,4,11,2007,13.01,14.06,6.28,9.9
7397,5,5,11,2007,12.450833333333335,13.37,5.76,9.33
7398,5,6,11,2007,11.887500000000001,12.78,5.93,9.17
7399,5,7,11,2007,11.247500000000002,11.6,6.04,9.13
7400,5,8,11,2007,10.711666666666666,12.06,5.8,8.870000000000003
7401,5,9,11,2007,9.703333333333333,13.92,5.23,8.870000000000003
7402,5,10,11,2007,9.836666666666668,15.8,6.13,10.07
7403,5,11,11,2007,9.6825,16.13,7.29,10.88
7404,5,12,11,2007,8.603333333333333,16.17,7.9300000000000015,11.48
7405,5,13,11,2007,7.4575000000000005,15.77,8.94,12.05
7406,5,14,11,2007,6.849999999999999,16.080000000000002,9.78,12.88
7407,5,15,11,2007,7.2299999999999995,14.46,10.28,12.82
7408,5,16,11,2007,7.697500000000001,15.13,10.9,13.46
7409,5,17,11,2007,8.054166666666667,14.93,10.78,13.29
7410,5,18,11,2007,8.36,12.61,9.04,11.17
7411,5,19,11,2007,8.6175,12.15,8.55,10.58
7412,5,20,11,2007,8.780000000000003,12.56,8.76,10.97
7413,5,21,11,2007,8.6075,13.06,9.05,11.37
7414,5,22,11,2007,7.896666666666666,13.1,8.96,11.36
7415,5,23,11,2007,6.625833333333333,12.72,7.25,9.88
7416,6,0,11,2007,5.581666666666667,13.53,6.21,9.27
7417,6,1,11,2007,4.9775,15.42,8.4,11.62
7418,6,2,11,2007,3.9141666666666666,13.54,6.95,9.9
7419,6,3,11,2007,3.153333333333333,12.83,5.76,8.77
7420,6,4,11,2007,2.68,13.62,6.5200000000000005,9.57
7421,6,5,11,2007,2.1225,12.72,6.21,9.15
7422,6,6,11,2007,1.2541666666666667,13.5,6.97,9.98
7423,6,7,11,2007,0.6849999999999999,12.17,6.2,8.91
7424,6,8,11,2007,-0.33,11.59,5.07,7.96
7425,6,9,11,2007,-0.8666666666666667,12.48,5.13,8.23
7426,6,10,11,2007,-1.3466666666666665,11.36,5.09,7.96
7427,6,11,11,2007,-1.5675,11.05,5.37,8.01
7428,6,12,11,2007,-1.8699999999999999,11.1,5.41,7.99
7429,6,13,11,2007,-2.0116666666666667,11.14,5.6000000000000005,8.03
7430,6,14,11,2007,-1.32,9.97,5.54,7.58
7431,6,15,11,2007,-0.012500000000000002,6.8500000000000005,4.97,6.08
7432,6,16,11,2007,1.2233333333333336,6.3900000000000015,4.79,5.79
7433,6,17,11,2007,2.2483333333333335,6.12,4.57,5.5200000000000005
7434,6,18,11,2007,3.14,5.7,4.32,5.19
7435,6,19,11,2007,3.8408333333333338,5.91,4.46,5.37
7436,6,20,11,2007,4.301666666666667,5.84,4.4,5.3
7437,6,21,11,2007,4.505833333333334,5.41,4.05,4.9
7438,6,22,11,2007,4.198333333333334,5.03,3.48,4.3
7439,6,23,11,2007,2.8458333333333337,5.25,2.51,4.8
7440,7,0,11,2007,1.969166666666667,4.65,2.05,4.08
7441,7,1,11,2007,1.2316666666666665,3.5,1.17,2.57
7442,7,2,11,2007,0.9033333333333334,2.73,0.52,1.53
7443,7,3,11,2007,0.6975000000000001,1.92,0.38,1.01
7444,7,4,11,2007,0.38833333333333336,1.13,0.79,0.59
7445,7,5,11,2007,0.5700000000000001,1.12,1.08,1.25
7446,7,6,11,2007,0.41916666666666663,2.39,1.31,2.37
7447,7,7,11,2007,0.1633333333333333,3.84,2.45,4.05
7448,7,8,11,2007,-0.16166666666666668,5.78,3.39,5.54
7449,7,9,11,2007,-0.075,7.37,3.92,6.53
7450,7,10,11,2007,-0.3758333333333333,8.94,4.37,7.13
7451,7,11,11,2007,-0.6833333333333335,10.21,4.8100000000000005,7.49
7452,7,12,11,2007,-0.8483333333333333,11.57,5.58,8.31
7453,7,13,11,2007,-0.7308333333333333,12.03,6.15,8.67
7454,7,14,11,2007,0.9708333333333333,11.6,6.48,8.69
7455,7,15,11,2007,3.0066666666666664,10.55,6.4,7.77
7456,7,16,11,2007,5.109166666666667,9.25,6.8100000000000005,8.33
7457,7,17,11,2007,6.798333333333335,9.98,7.28,8.950000000000003
7458,7,18,11,2007,8.313333333333334,10.66,7.68,9.51
7459,7,19,11,2007,9.581666666666667,11.24,8.01,9.97
7460,7,20,11,2007,10.265833333333335,11.3,8.040000000000001,10.02
7461,7,21,11,2007,10.750000000000002,11.23,7.9,9.9
7462,7,22,11,2007,10.055000000000003,11.08,6.41,8.35
7463,7,23,11,2007,8.325000000000001,13.16,5.3500000000000005,8.91
7464,8,0,11,2007,7.903333333333332,13.53,6.1400000000000015,9.52
7465,8,1,11,2007,7.541666666666665,14.28,6.44,9.88
7466,8,2,11,2007,7.454166666666667,14.93,7.37,10.76
7467,8,3,11,2007,7.291666666666667,15.41,7.67,11.08
7468,8,4,11,2007,6.892499999999999,15.2,7.6400000000000015,10.97
7469,8,5,11,2007,6.489999999999999,14.94,7.08,10.4
7470,8,6,11,2007,6.055833333333332,13.27,6.63,9.93
7471,8,7,11,2007,5.3883333333333345,10.41,5.61,8.48
7472,8,8,11,2007,4.8475,9.55,4.09,7.0200000000000005
7473,8,9,11,2007,5.1433333333333335,9.4,4.3,7.4
7474,8,10,11,2007,4.735833333333334,9.54,4.46,7.68
7475,8,11,11,2007,4.310833333333334,9.61,4.45,7.59
7476,8,12,11,2007,2.936666666666667,8.33,3.13,6.48
7477,8,13,11,2007,2.5783333333333336,7.22,3.85,6.2
7478,8,14,11,2007,3.106666666666667,7.25,4.01,5.99
7479,8,15,11,2007,4.5825,5.66,2.98,3.4
7480,8,16,11,2007,6.4375,2.43,2.04,2.29
7481,8,17,11,2007,8.309166666666668,2.4,2.15,2.41
7482,8,18,11,2007,9.931666666666667,1.99,1.8,2.01
7483,8,19,11,2007,11.234166666666667,1.8,1.61,1.79
7484,8,20,11,2007,12.131666666666666,1.59,1.5,1.65
7485,8,21,11,2007,12.493333333333334,1.74,1.59,1.77
7486,8,22,11,2007,12.046666666666667,2.48,1.54,2.5500000000000003
7487,8,23,11,2007,10.318333333333332,3.23,1.58,2.91
7488,9,0,11,2007,9.119166666666667,3.24,1.01,2.28
7489,9,1,11,2007,8.539166666666668,3.25,1.03,2.32
7490,9,2,11,2007,7.950833333333332,3.0,1.04,2.32
7491,9,3,11,2007,7.639166666666665,2.2,0.59,1.67
7492,9,4,11,2007,7.344999999999999,1.68,0.25,1.07
7493,9,5,11,2007,6.814166666666668,1.66,0.25,1.03
7494,9,6,11,2007,5.849166666666666,2.11,0.59,1.59
7495,9,7,11,2007,5.216666666666667,2.19,0.46,1.45
7496,9,8,11,2007,4.703333333333333,2.28,0.67,1.74
7497,9,9,11,2007,3.7691666666666666,2.78,1.35,2.58
7498,9,10,11,2007,2.8841666666666668,3.16,1.46,2.76
7499,9,11,11,2007,2.115,4.0600000000000005,2.37,3.96
7500,9,12,11,2007,1.0608333333333335,3.88,2.01,3.65
7501,9,13,11,2007,0.5458333333333334,4.3500000000000005,2.27,3.74
7502,9,14,11,2007,1.4266666666666665,4.57,2.46,3.81
7503,9,15,11,2007,3.5125000000000006,3.54,1.88,2.13
7504,9,16,11,2007,5.831666666666667,2.8000000000000003,2.37,2.69
7505,9,17,11,2007,7.779166666666666,2.77,2.37,2.71
7506,9,18,11,2007,9.318333333333333,2.94,2.51,2.87
7507,9,19,11,2007,10.485,2.96,2.47,2.84
7508,9,20,11,2007,11.296666666666669,2.42,2.03,2.33
7509,9,21,11,2007,11.680000000000001,1.71,1.45,1.65
7510,9,22,11,2007,11.3525,1.9,1.25,1.74
7511,9,23,11,2007,9.748333333333333,2.64,0.95,1.97
7512,10,0,11,2007,8.66,3.15,0.87,2.1
7513,10,1,11,2007,7.9375,3.45,0.8200000000000001,2.07
7514,10,2,11,2007,7.43,4.09,1.09,2.52
7515,10,3,11,2007,6.876666666666668,4.64,1.35,2.95
7516,10,4,11,2007,6.179166666666667,5.38,1.57,3.51
7517,10,5,11,2007,5.390833333333334,7.04,1.84,4.53
7518,10,6,11,2007,4.872500000000001,8.8,3.14,6.68
7519,10,7,11,2007,5.186666666666667,10.27,3.81,7.67
7520,10,8,11,2007,5.036666666666667,11.29,4.25,8.01
7521,10,9,11,2007,4.626666666666667,12.21,4.33,8.0
7522,10,10,11,2007,4.631666666666667,12.74,5.0,8.33
7523,10,11,11,2007,4.280833333333335,12.89,5.26,8.55
7524,10,12,11,2007,4.2058333333333335,13.67,6.1000000000000005,9.38
7525,10,13,11,2007,4.235,14.46,7.28,10.41
7526,10,14,11,2007,5.3758333333333335,14.64,8.620000000000001,11.43
7527,10,15,11,2007,6.580000000000001,12.99,7.34,9.4
7528,10,16,11,2007,8.766666666666666,9.92,6.99,8.540000000000001
7529,10,17,11,2007,11.167500000000002,9.7,7.2,8.77
7530,10,18,11,2007,12.963333333333336,9.96,7.36,9.01
7531,10,19,11,2007,14.578333333333335,10.34,7.57,9.32
7532,10,20,11,2007,15.585,10.62,7.76,9.57
7533,10,21,11,2007,16.190833333333334,11.51,7.78,9.74
7534,10,22,11,2007,15.565000000000003,11.82,7.18,9.56
7535,10,23,11,2007,14.578333333333333,12.65,6.9,9.41
7536,11,0,11,2007,13.643333333333333,13.52,7.28,10.15
7537,11,1,11,2007,13.207500000000001,13.89,7.45,10.44
7538,11,2,11,2007,12.7975,14.41,7.94,10.98
7539,11,3,11,2007,13.057499999999997,14.33,8.01,10.96
7540,11,4,11,2007,13.227500000000001,13.73,7.9,10.71
7541,11,5,11,2007,13.54,13.59,7.81,10.46
7542,11,6,11,2007,15.031666666666666,13.47,7.99,10.7
7543,11,7,11,2007,15.864166666666668,13.33,7.86,10.57
7544,11,8,11,2007,16.34333333333333,13.06,7.76,10.41
7545,11,9,11,2007,16.628333333333334,13.44,8.11,10.81
7546,11,10,11,2007,16.93083333333333,14.15,8.82,11.6
7547,11,11,11,2007,16.915833333333335,13.69,8.38,11.12
7548,11,12,11,2007,16.73166666666667,11.36,6.33,8.71
7549,11,13,11,2007,16.603333333333335,11.42,6.44,8.81
7550,11,14,11,2007,16.5825,11.09,6.73,8.94
7551,11,15,11,2007,16.635833333333334,10.79,6.5600000000000005,8.72
7552,11,16,11,2007,16.888333333333332,9.75,6.09,7.87
7553,11,17,11,2007,17.478333333333335,7.9300000000000015,5.55,6.94
7554,11,18,11,2007,18.726666666666667,7.18,5.08,6.33
7555,11,19,11,2007,20.71,7.0200000000000005,5.05,6.23
7556,11,20,11,2007,21.899166666666662,6.9,4.97,6.1400000000000015
7557,11,21,11,2007,22.39166666666667,6.43,4.55,5.66
7558,11,22,11,2007,21.897500000000004,5.89,3.83,4.9
7559,11,23,11,2007,20.72083333333333,5.51,2.37,4.2700000000000005
7560,12,0,11,2007,18.705,6.33,3.2,4.75
7561,12,1,11,2007,17.62333333333334,5.8,3.2,4.66
7562,12,2,11,2007,16.4025,6.34,2.35,4.92
7563,12,3,11,2007,16.543333333333333,6.71,3.71,5.2
7564,12,4,11,2007,15.864166666666668,5.82,2.93,4.04
7565,12,5,11,2007,15.15,6.65,4.7,5.87
7566,12,6,11,2007,13.81833333333333,6.97,4.66,5.83
7567,12,7,11,2007,13.0325,6.97,4.71,5.83
7568,12,8,11,2007,12.417500000000002,6.26,4.33,5.37
7569,12,9,11,2007,11.887500000000001,7.17,5.3100000000000005,6.48
7570,12,10,11,2007,11.098333333333334,7.86,5.43,6.75
7571,12,11,11,2007,10.621666666666668,9.32,6.69,8.28
7572,12,12,11,2007,10.0975,9.07,6.33,7.88
7573,12,13,11,2007,9.673333333333334,8.68,6.08,7.61
7574,12,14,11,2007,9.211666666666666,9.31,6.58,8.2
7575,12,15,11,2007,8.765833333333335,9.34,6.88,8.48
7576,12,16,11,2007,8.716666666666667,8.88,6.69,8.15
7577,12,17,11,2007,9.199166666666667,9.73,7.41,9.02
7578,12,18,11,2007,9.7425,7.29,5.34,6.51
7579,12,19,11,2007,10.924166666666666,7.19,5.3100000000000005,6.55
7580,12,20,11,2007,12.98166666666667,7.32,5.38,6.6000000000000005
7581,12,21,11,2007,13.3575,7.07,5.23,6.3900000000000015
7582,12,22,11,2007,12.610833333333332,7.13,4.34,5.76
7583,12,23,11,2007,11.011666666666668,8.55,3.71,6.96
7584,13,0,11,2007,10.437500000000002,9.0,3.98,7.35
7585,13,1,11,2007,10.061666666666666,8.42,3.83,6.5600000000000005
7586,13,2,11,2007,9.549166666666666,8.72,3.92,6.44
7587,13,3,11,2007,8.625833333333334,7.9300000000000015,3.04,6.19
7588,13,4,11,2007,7.93,6.82,3.13,6.0200000000000005
7589,13,5,11,2007,7.1691666666666665,6.19,2.9,5.75
7590,13,6,11,2007,6.549166666666667,4.66,2.24,4.5600000000000005
7591,13,7,11,2007,6.025833333333334,2.92,1.19,2.26
7592,13,8,11,2007,5.715833333333333,1.23,0.96,1.03
7593,13,9,11,2007,5.456666666666667,2.6,1.88,2.58
7594,13,10,11,2007,5.1525,3.86,2.2,3.5
7595,13,11,11,2007,4.6825,5.39,2.78,4.62
7596,13,12,11,2007,4.533333333333332,7.38,3.92,6.21
7597,13,13,11,2007,4.38,8.28,4.15,6.79
7598,13,14,11,2007,5.285,8.32,4.24,6.66
7599,13,15,11,2007,7.320833333333334,7.71,4.04,5.08
7600,13,16,11,2007,9.628333333333336,6.19,4.61,5.58
7601,13,17,11,2007,11.594999999999999,7.92,5.9,7.18
7602,13,18,11,2007,12.9325,8.8,6.46,7.91
7603,13,19,11,2007,14.146666666666668,9.18,6.74,8.25
7604,13,20,11,2007,14.959166666666668,9.41,6.8500000000000005,8.44
7605,13,21,11,2007,15.392500000000004,9.0,6.54,8.06
7606,13,22,11,2007,15.090833333333334,11.65,5.94,8.73
7607,13,23,11,2007,13.881666666666668,13.62,6.23,9.67
7608,14,0,11,2007,13.566666666666668,14.4,7.22,10.66
7609,14,1,11,2007,13.505833333333333,14.62,7.53,10.97
7610,14,2,11,2007,12.8825,14.13,6.98,10.3
7611,14,3,11,2007,12.425833333333335,14.28,6.86,10.3
7612,14,4,11,2007,12.510833333333332,13.31,6.18,9.41
7613,14,5,11,2007,11.799999999999997,14.09,6.74,9.84
7614,14,6,11,2007,11.273333333333333,14.51,6.79,10.08
7615,14,7,11,2007,10.421666666666665,16.32,8.14,11.72
7616,14,8,11,2007,9.419166666666667,16.57,8.69,12.22
7617,14,9,11,2007,8.536666666666665,16.53,8.64,12.16
7618,14,10,11,2007,7.760000000000002,15.48,7.45,10.76
7619,14,11,11,2007,7.031666666666666,15.84,8.13,11.5
7620,14,12,11,2007,6.8791666666666655,15.63,8.03,11.38
7621,14,13,11,2007,7.484166666666668,13.61,7.9300000000000015,10.63
7622,14,14,11,2007,7.444166666666667,13.39,8.17,10.64
7623,14,15,11,2007,7.730833333333334,12.4,8.34,10.52
7624,14,16,11,2007,8.448333333333332,12.78,9.03,11.25
7625,14,17,11,2007,9.034999999999998,12.69,8.99,11.18
7626,14,18,11,2007,9.490833333333333,12.59,8.89,11.07
7627,14,19,11,2007,9.590833333333332,13.06,9.18,11.39
7628,14,20,11,2007,9.605833333333333,13.59,9.48,11.86
7629,14,21,11,2007,9.401666666666666,14.38,9.88,12.47
7630,14,22,11,2007,8.63,13.97,9.52,12.01
7631,14,23,11,2007,7.065833333333333,11.71,6.28,8.96
7632,15,0,11,2007,6.5925,14.95,7.49,10.9
7633,15,1,11,2007,5.738333333333333,14.51,7.03,10.3
7634,15,2,11,2007,5.277500000000001,14.47,7.49,10.75
7635,15,3,11,2007,4.444999999999999,14.15,6.3100000000000005,9.63
7636,15,4,11,2007,3.6933333333333334,14.29,6.6000000000000005,9.91
7637,15,5,11,2007,2.888333333333333,12.8,5.46,8.47
7638,15,6,11,2007,2.4216666666666673,13.11,5.64,8.77
7639,15,7,11,2007,2.1958333333333333,14.71,7.25,10.56
7640,15,8,11,2007,1.6066666666666667,17.04,8.540000000000001,12.37
7641,15,9,11,2007,1.2941666666666667,16.51,8.78,12.44
7642,15,10,11,2007,1.0050000000000001,14.17,6.99,10.29
7643,15,11,11,2007,0.39999999999999997,12.45,6.22,9.26
7644,15,12,11,2007,-0.10333333333333335,12.33,6.17,9.14
7645,15,13,11,2007,-0.69,12.51,5.21,8.42
7646,15,14,11,2007,0.04083333333333338,10.24,5.54,7.37
7647,15,15,11,2007,1.8683333333333334,8.33,5.08,6.26
7648,15,16,11,2007,3.3416666666666663,7.0,5.15,6.29
7649,15,17,11,2007,4.618333333333333,6.5,4.76,5.82
7650,15,18,11,2007,5.6275,6.34,4.65,5.66
7651,15,19,11,2007,6.3883333333333345,5.5200000000000005,4.1,4.95
7652,15,20,11,2007,6.946666666666665,4.67,3.47,4.2
7653,15,21,11,2007,7.2525,4.63,3.41,4.11
7654,15,22,11,2007,6.805,4.94,3.3000000000000003,4.08
7655,15,23,11,2007,5.2375,6.03,3.31,5.51
7656,16,0,11,2007,4.6075,7.67,3.68,6.33
7657,16,1,11,2007,4.235833333333334,9.89,4.3500000000000005,7.49
7658,16,2,11,2007,4.204999999999999,10.29,4.82,8.05
7659,16,3,11,2007,4.116666666666666,11.66,5.5,8.620000000000001
7660,16,4,11,2007,3.6016666666666666,12.94,5.86,9.0
7661,16,5,11,2007,3.7133333333333334,14.2,7.13,10.29
7662,16,6,11,2007,3.179166666666667,14.35,7.12,10.31
7663,16,7,11,2007,2.734166666666667,14.34,7.08,10.15
7664,16,8,11,2007,2.23,13.93,6.61,9.55
7665,16,9,11,2007,2.576666666666667,15.09,7.56,10.75
7666,16,10,11,2007,2.7558333333333334,15.89,8.3,11.63
7667,16,11,11,2007,2.7950000000000004,16.12,8.52,11.89
7668,16,12,11,2007,3.0199999999999996,16.5,8.85,12.28
7669,16,13,11,2007,2.72,15.88,8.56,11.79
7670,16,14,11,2007,3.5525,16.02,9.38,12.42
7671,16,15,11,2007,4.810833333333333,13.35,8.16,11.02
7672,16,16,11,2007,6.274999999999999,9.63,6.94,8.55
7673,16,17,11,2007,8.056666666666667,8.06,6.05,7.34
7674,16,18,11,2007,9.774166666666666,7.32,5.48,6.66
7675,16,19,11,2007,11.045000000000002,6.22,4.66,5.64
7676,16,20,11,2007,11.874166666666667,5.8100000000000005,4.37,5.28
7677,16,21,11,2007,12.135833333333332,4.73,3.53,4.3100000000000005
7678,16,22,11,2007,11.293333333333335,5.59,3.42,4.91
7679,16,23,11,2007,9.877500000000001,5.82,3.01,5.75
7680,17,0,11,2007,9.064166666666667,6.28,3.25,6.21
7681,17,1,11,2007,8.595,5.99,3.3200000000000003,6.2
7682,17,2,11,2007,8.098333333333333,5.39,3.08,5.32
7683,17,3,11,2007,7.879166666666666,5.13,3.24,5.03
7684,17,4,11,2007,7.486666666666667,5.51,3.43,5.43
7685,17,5,11,2007,7.048333333333333,5.95,3.5700000000000003,5.78
7686,17,6,11,2007,7.008333333333333,6.24,3.71,6.1000000000000005
7687,17,7,11,2007,6.988333333333333,5.54,3.47,5.97
7688,17,8,11,2007,7.090833333333333,5.2,3.37,5.78
7689,17,9,11,2007,6.541666666666667,5.84,3.16,5.8100000000000005
7690,17,10,11,2007,6.434166666666667,5.72,3.08,5.48
7691,17,11,11,2007,6.424166666666668,5.72,3.02,5.07
7692,17,12,11,2007,5.197500000000001,6.26,3.01,5.2
7693,17,13,11,2007,5.1641666666666675,5.69,2.65,4.44
7694,17,14,11,2007,6.253333333333333,5.0,2.58,4.3
7695,17,15,11,2007,8.240833333333335,3.88,1.59,2.74
7696,17,16,11,2007,10.235,2.76,2.12,2.35
7697,17,17,11,2007,11.855833333333335,2.34,2.03,2.27
7698,17,18,11,2007,13.335833333333335,1.74,1.63,1.8
7699,17,19,11,2007,14.453333333333331,1.81,1.65,1.84
7700,17,20,11,2007,15.12166666666667,1.91,1.68,1.89
7701,17,21,11,2007,15.248333333333333,2.24,1.93,2.21
7702,17,22,11,2007,14.265000000000002,3.24,1.93,3.3000000000000003
7703,17,23,11,2007,12.478333333333337,3.89,1.93,3.44
7704,18,0,11,2007,11.338333333333333,4.2700000000000005,1.4,3.45
7705,18,1,11,2007,10.422500000000001,5.04,1.97,3.9
7706,18,2,11,2007,8.870833333333332,10.53,2.19,6.22
7707,18,3,11,2007,7.357499999999999,11.06,2.81,6.68
7708,18,4,11,2007,6.161666666666666,10.54,2.98,6.46
7709,18,5,11,2007,5.1274999999999995,11.24,2.95,6.36
7710,18,6,11,2007,4.429166666666666,11.65,3.4,6.8
7711,18,7,11,2007,4.035833333333334,11.59,4.03,6.74
7712,18,8,11,2007,3.9124999999999996,12.08,4.21,6.45
7713,18,9,11,2007,3.9116666666666666,10.45,4.2700000000000005,6.49
7714,18,10,11,2007,3.983333333333333,9.95,4.59,6.47
7715,18,11,11,2007,4.460833333333333,10.08,5.32,7.32
7716,18,12,11,2007,4.648333333333333,10.34,5.47,7.54
7717,18,13,11,2007,4.571666666666666,9.04,4.62,6.2700000000000005
7718,18,14,11,2007,4.685,7.77,4.32,5.71
7719,18,15,11,2007,5.87,8.0,6.17,7.41
7720,18,16,11,2007,7.3825,8.42,6.47,7.78
7721,18,17,11,2007,9.066666666666668,7.12,5.51,6.59
7722,18,18,11,2007,10.854999999999999,6.63,5.15,6.1400000000000015
7723,18,19,11,2007,12.39,6.48,4.99,5.97
7724,18,20,11,2007,13.475833333333332,5.83,4.42,5.33
7725,18,21,11,2007,14.130833333333335,5.83,4.39,5.33
7726,18,22,11,2007,13.485833333333332,7.08,3.89,5.58
7727,18,23,11,2007,11.913333333333334,7.91,3.1,5.9
7728,19,0,11,2007,10.858333333333334,8.84,3.28,6.73
7729,19,1,11,2007,10.187499999999998,9.64,3.3000000000000003,7.23
7730,19,2,11,2007,10.073333333333332,10.07,3.81,7.61
7731,19,3,11,2007,9.973333333333331,9.55,4.45,7.77
7732,19,4,11,2007,10.438333333333333,11.17,4.8,8.19
7733,19,5,11,2007,11.509166666666667,12.69,5.86,9.6
7734,19,6,11,2007,11.939166666666667,13.14,6.43,9.99
7735,19,7,11,2007,12.04,13.75,6.49,9.98
7736,19,8,11,2007,11.969999999999999,14.4,7.19,10.64
7737,19,9,11,2007,12.058333333333332,14.69,7.69,11.15
7738,19,10,11,2007,11.9975,14.77,7.81,11.21
7739,19,11,11,2007,11.494166666666667,14.66,7.85,11.15
7740,19,12,11,2007,11.176666666666668,15.05,8.15,11.51
7741,19,13,11,2007,10.981666666666667,16.080000000000002,8.73,12.17
7742,19,14,11,2007,11.775833333333333,16.19,9.63,12.46
7743,19,15,11,2007,13.756666666666666,14.77,9.49,12.24
7744,19,16,11,2007,15.512499999999998,13.73,8.85,10.86
7745,19,17,11,2007,17.06833333333333,11.89,8.81,10.75
7746,19,18,11,2007,18.6025,11.79,8.77,10.7
7747,19,19,11,2007,19.79583333333333,11.29,8.44,10.29
7748,19,20,11,2007,20.60166666666667,10.34,7.68,9.39
7749,19,21,11,2007,20.38416666666667,9.6,6.99,8.61
7750,19,22,11,2007,19.278333333333336,12.06,5.98,9.06
7751,19,23,11,2007,18.106666666666666,13.26,6.23,9.67
7752,20,0,11,2007,17.75666666666667,14.18,6.97,10.42
7753,20,1,11,2007,17.71,15.88,8.11,11.64
7754,20,2,11,2007,17.275833333333335,16.32,8.290000000000001,11.87
7755,20,3,11,2007,16.10083333333333,15.49,8.040000000000001,11.31
7756,20,4,11,2007,15.452500000000002,15.84,8.370000000000001,11.66
7757,20,5,11,2007,15.042499999999999,15.6,8.23,11.45
7758,20,6,11,2007,14.526666666666666,14.72,7.72,10.76
7759,20,7,11,2007,14.256666666666662,14.53,7.71,10.72
7760,20,8,11,2007,14.093333333333332,14.47,7.62,10.64
7761,20,9,11,2007,13.641666666666667,13.17,6.79,9.63
7762,20,10,11,2007,14.440000000000003,12.52,7.52,10.0
7763,20,11,11,2007,14.736666666666666,11.0,6.24,8.540000000000001
7764,20,12,11,2007,14.717500000000001,8.700000000000001,4.25,6.16
7765,20,13,11,2007,14.8225,8.52,4.14,6.0200000000000005
7766,20,14,11,2007,14.905833333333332,7.76,3.15,4.99
7767,20,15,11,2007,15.300833333333332,9.08,4.13,6.28
7768,20,16,11,2007,16.070833333333336,9.31,5.82,7.53
7769,20,17,11,2007,16.0925,7.16,4.97,6.23
7770,20,18,11,2007,16.287499999999998,5.3100000000000005,4.19,4.94
7771,20,19,11,2007,12.394166666666665,9.44,7.24,8.73
7772,20,20,11,2007,8.563333333333334,10.76,8.120000000000001,9.89
7773,20,21,11,2007,6.678333333333334,11.58,8.53,10.52
7774,20,22,11,2007,5.440833333333334,12.11,8.78,10.88
7775,20,23,11,2007,4.449166666666667,13.27,9.71,12.0
7776,21,0,11,2007,4.115833333333334,12.99,9.27,11.56
7777,21,1,11,2007,4.392499999999999,12.82,9.17,11.42
7778,21,2,11,2007,4.364166666666667,12.98,9.19,11.49
7779,21,3,11,2007,4.427500000000001,12.58,8.71,11.0
7780,21,4,11,2007,4.445833333333334,13.02,9.02,11.39
7781,21,5,11,2007,4.013333333333334,13.02,9.14,11.47
7782,21,6,11,2007,3.063333333333333,13.97,9.94,12.42
7783,21,7,11,2007,2.2825,14.17,9.99,12.53
7784,21,8,11,2007,1.7033333333333334,14.53,10.28,12.89
7785,21,9,11,2007,1.1891666666666667,13.96,9.73,12.28
7786,21,10,11,2007,0.6208333333333333,13.7,9.57,12.02
7787,21,11,11,2007,0.20416666666666664,13.32,8.96,11.42
7788,21,12,11,2007,0.026666666666666672,13.3,9.15,11.56
7789,21,13,11,2007,-0.19333333333333336,12.94,9.07,11.37
7790,21,14,11,2007,-0.5316666666666666,12.93,9.03,11.39
7791,21,15,11,2007,-0.9666666666666665,13.62,9.72,12.15
7792,21,16,11,2007,-1.405833333333333,13.54,9.69,12.09
7793,21,17,11,2007,-1.7016666666666662,13.26,9.48,11.8
7794,21,18,11,2007,-1.8066666666666666,12.94,9.26,11.5
7795,21,19,11,2007,-1.8491666666666664,12.81,9.13,11.37
7796,21,20,11,2007,-1.9891666666666665,12.64,9.02,11.24
7797,21,21,11,2007,-2.1241666666666665,12.14,8.620000000000001,10.76
7798,21,22,11,2007,-2.2566666666666673,11.89,8.36,10.46
7799,21,23,11,2007,-1.373333333333333,11.49,7.31,9.56
7800,22,0,11,2007,-1.5058333333333334,11.64,6.63,9.07
7801,22,1,11,2007,-2.2158333333333333,12.31,6.45,9.21
7802,22,2,11,2007,-2.7916666666666665,12.62,6.48,9.3
7803,22,3,11,2007,-3.0691666666666664,12.14,6.24,8.94
7804,22,4,11,2007,-3.579166666666666,12.93,6.91,9.79
7805,22,5,11,2007,-4.194166666666667,12.91,6.61,9.45
7806,22,6,11,2007,-4.7075000000000005,11.81,5.69,8.41
7807,22,7,11,2007,-5.046666666666668,11.3,5.55,8.120000000000001
7808,22,8,11,2007,-5.449166666666668,10.88,5.22,7.74
7809,22,9,11,2007,-5.760833333333333,10.47,5.19,7.55
7810,22,10,11,2007,-6.077499999999998,10.4,5.46,7.74
7811,22,11,11,2007,-6.384166666666668,10.0,5.21,7.42
7812,22,12,11,2007,-6.6125,9.51,4.67,6.84
7813,22,13,11,2007,-6.835,9.19,4.72,6.8
7814,22,14,11,2007,-6.490833333333334,9.15,5.68,7.07
7815,22,15,11,2007,-5.6475,7.97,5.68,7.01
7816,22,16,11,2007,-4.865,7.37,5.47,6.66
7817,22,17,11,2007,-4.075,7.12,5.25,6.4
7818,22,18,11,2007,-3.2899999999999996,6.61,4.93,5.97
7819,22,19,11,2007,-2.6933333333333334,6.59,4.9,5.94
7820,22,20,11,2007,-2.3225,6.7700000000000005,5.0,6.1000000000000005
7821,22,21,11,2007,-2.2408333333333332,6.63,4.84,5.93
7822,22,22,11,2007,-2.875,7.05,4.63,5.76
7823,22,23,11,2007,-4.141666666666667,7.21,3.43,6.07
7824,23,0,11,2007,-4.730833333333334,6.65,2.7,5.6000000000000005
7825,23,1,11,2007,-5.06,6.53,2.34,5.5200000000000005
7826,23,2,11,2007,-5.5299999999999985,5.19,1.88,4.03
7827,23,3,11,2007,-5.829166666666667,3.95,1.59,3.0500000000000003
7828,23,4,11,2007,-6.016666666666666,3.58,1.48,2.64
7829,23,5,11,2007,-6.369166666666666,2.98,1.4,2.33
7830,23,6,11,2007,-6.7058333333333335,2.31,1.39,2.07
7831,23,7,11,2007,-7.1433333333333335,1.68,1.84,2.16
7832,23,8,11,2007,-7.234166666666667,1.46,1.77,2.13
7833,23,9,11,2007,-7.444166666666667,1.83,2.34,2.95
7834,23,10,11,2007,-7.965833333333333,2.72,2.75,3.8
7835,23,11,11,2007,-8.12,3.81,3.21,4.55
7836,23,12,11,2007,-8.265833333333333,4.39,3.35,4.9
7837,23,13,11,2007,-8.264166666666668,4.71,3.31,4.79
7838,23,14,11,2007,-7.451666666666668,5.82,3.62,5.2
7839,23,15,11,2007,-5.402500000000001,5.94,3.5700000000000003,4.26
7840,23,16,11,2007,-3.513333333333334,4.88,3.71,4.48
7841,23,17,11,2007,-2.3216666666666668,4.61,3.6,4.29
7842,23,18,11,2007,-1.2408333333333335,4.58,3.51,4.2
7843,23,19,11,2007,-0.5650000000000001,4.57,3.49,4.2
7844,23,20,11,2007,-0.13500000000000004,4.76,3.59,4.34
7845,23,21,11,2007,-0.17500000000000002,5.0600000000000005,3.76,4.59
7846,23,22,11,2007,-1.0041666666666667,6.68,3.5,5.17
7847,23,23,11,2007,-1.7958333333333332,7.62,3.7,5.74
7848,24,0,11,2007,-1.8425,7.98,4.03,6.0200000000000005
7849,24,1,11,2007,-1.9125000000000003,8.370000000000001,4.13,6.13
7850,24,2,11,2007,-1.6833333333333333,8.63,4.5600000000000005,6.5600000000000005
7851,24,3,11,2007,-1.5075,8.94,4.74,6.7700000000000005
7852,24,4,11,2007,-1.8233333333333335,8.78,4.67,6.6000000000000005
7853,24,5,11,2007,-2.2691666666666666,9.16,4.33,6.45
7854,24,6,11,2007,-2.1358333333333337,9.19,4.32,6.38
7855,24,7,11,2007,-2.0241666666666664,8.18,3.91,5.58
7856,24,8,11,2007,-1.8733333333333333,7.35,4.28,5.69
7857,24,9,11,2007,-2.285833333333333,6.76,4.03,5.37
7858,24,10,11,2007,-2.1783333333333332,6.29,3.52,4.9
7859,24,11,11,2007,-2.1175,6.5200000000000005,3.42,5.01
7860,24,12,11,2007,-2.0149999999999997,6.7,4.23,5.5200000000000005
7861,24,13,11,2007,-2.1958333333333333,7.5,4.19,5.8100000000000005
7862,24,14,11,2007,-2.4375,7.85,4.88,6.2700000000000005
7863,24,15,11,2007,-1.4641666666666664,7.75,4.86,6.0200000000000005
7864,24,16,11,2007,-0.20416666666666664,6.46,4.78,5.84
7865,24,17,11,2007,0.87,6.5200000000000005,4.75,5.83
7866,24,18,11,2007,1.6758333333333333,6.49,4.75,5.83
7867,24,19,11,2007,2.285,6.51,4.7700000000000005,5.8500000000000005
7868,24,20,11,2007,2.731666666666667,6.48,4.66,5.7700000000000005
7869,24,21,11,2007,2.7791666666666663,6.38,4.54,5.65
7870,24,22,11,2007,1.5499999999999998,7.61,3.15,6.11
7871,24,23,11,2007,-0.05833333333333333,8.5,3.67,6.97
7872,25,0,11,2007,-0.5658333333333333,8.66,3.77,7.08
7873,25,1,11,2007,-0.8816666666666667,8.290000000000001,3.65,6.76
7874,25,2,11,2007,-1.0116666666666665,6.98,3.63,6.57
7875,25,3,11,2007,-1.2208333333333334,7.56,3.96,7.09
7876,25,4,11,2007,-1.086666666666667,8.28,4.03,7.22
7877,25,5,11,2007,-1.2700000000000002,9.08,4.17,7.52
7878,25,6,11,2007,-1.5558333333333332,10.01,4.53,7.82
7879,25,7,11,2007,-1.475833333333333,10.29,4.8,8.01
7880,25,8,11,2007,-1.5583333333333333,10.77,4.98,8.08
7881,25,9,11,2007,-1.7208333333333332,11.35,5.47,8.46
7882,25,10,11,2007,-1.8166666666666664,11.43,5.66,8.65
7883,25,11,11,2007,-2.129166666666667,11.52,5.61,8.5
7884,25,12,11,2007,-2.2833333333333337,11.4,5.16,8.19
7885,25,13,11,2007,-2.3908333333333336,11.46,5.45,8.49
7886,25,14,11,2007,-1.6633333333333333,10.96,5.38,7.87
7887,25,15,11,2007,-0.029166666666666674,8.42,5.0,6.93
7888,25,16,11,2007,1.6125,6.78,5.08,6.1400000000000015
7889,25,17,11,2007,3.125,6.93,5.18,6.3100000000000005
7890,25,18,11,2007,4.217499999999999,7.2,5.34,6.54
7891,25,19,11,2007,4.810833333333334,7.11,5.25,6.45
7892,25,20,11,2007,5.0125,6.97,5.16,6.3500000000000005
7893,25,21,11,2007,4.909166666666667,6.7700000000000005,4.94,6.12
7894,25,22,11,2007,3.5825,6.84,3.16,5.71
7895,25,23,11,2007,2.301666666666667,7.95,3.97,6.78
7896,26,0,11,2007,1.7933333333333332,8.06,4.34,7.36
7897,26,1,11,2007,1.3966666666666667,8.21,4.3,7.33
7898,26,2,11,2007,0.5691666666666667,8.22,4.43,7.19
7899,26,3,11,2007,-0.12916666666666665,7.6400000000000015,4.16,6.95
7900,26,4,11,2007,-0.45416666666666666,7.66,3.97,6.41
7901,26,5,11,2007,-0.5725,7.87,4.0600000000000005,6.83
7902,26,6,11,2007,-0.45916666666666667,8.74,4.26,7.38
7903,26,7,11,2007,-0.3025,10.08,4.46,7.65
7904,26,8,11,2007,-0.7883333333333334,10.73,4.42,7.57
7905,26,9,11,2007,-0.9108333333333333,12.17,4.64,8.01
7906,26,10,11,2007,-0.9616666666666668,12.39,5.4,8.55
7907,26,11,11,2007,-1.251666666666667,11.69,5.28,8.32
7908,26,12,11,2007,-1.4208333333333334,11.25,5.21,8.0
7909,26,13,11,2007,-1.7141666666666666,10.86,4.99,7.74
7910,26,14,11,2007,-1.3041666666666667,10.73,5.39,7.6
7911,26,15,11,2007,0.007499999999999997,8.34,4.79,6.65
7912,26,16,11,2007,1.5016666666666667,6.1400000000000015,4.68,5.64
7913,26,17,11,2007,2.813333333333333,6.62,5.01,6.07
7914,26,18,11,2007,3.750833333333334,7.03,5.26,6.4
7915,26,19,11,2007,4.3175,6.98,5.24,6.36
7916,26,20,11,2007,4.479166666666667,7.0,5.19,6.3500000000000005
7917,26,21,11,2007,4.328333333333334,6.97,5.14,6.3100000000000005
7918,26,22,11,2007,3.0925,7.97,3.74,6.84
7919,26,23,11,2007,1.8116666666666668,7.9300000000000015,3.85,6.96
7920,27,0,11,2007,1.3516666666666666,6.83,3.49,6.41
7921,27,1,11,2007,0.7058333333333334,5.97,3.0500000000000003,5.41
7922,27,2,11,2007,0.01916666666666666,6.72,3.27,5.8100000000000005
7923,27,3,11,2007,-0.3891666666666666,6.9,3.73,6.5
7924,27,4,11,2007,-0.665,7.8900000000000015,3.93,6.86
7925,27,5,11,2007,-0.8708333333333335,9.74,4.58,7.48
7926,27,6,11,2007,-0.43083333333333335,10.75,5.3500000000000005,8.13
7927,27,7,11,2007,-0.39250000000000007,11.55,5.62,8.45
7928,27,8,11,2007,-0.33,12.02,6.0600000000000005,8.950000000000003
7929,27,9,11,2007,-0.3166666666666667,12.02,6.07,8.97
7930,27,10,11,2007,-0.56,11.51,5.8,8.61
7931,27,11,11,2007,-0.9341666666666666,10.54,5.4,7.97
7932,27,12,11,2007,-1.14,9.78,5.22,7.56
7933,27,13,11,2007,-1.5741666666666665,9.05,4.94,7.08
7934,27,14,11,2007,-1.2133333333333334,7.48,4.45,6.53
7935,27,15,11,2007,0.38916666666666666,5.24,3.25,4.05
7936,27,16,11,2007,2.595,2.8000000000000003,1.97,2.18
7937,27,17,11,2007,3.97,2.4,1.91,2.23
7938,27,18,11,2007,5.2633333333333345,4.89,3.85,4.5600000000000005
7939,27,19,11,2007,6.095833333333332,6.3100000000000005,4.79,5.79
7940,27,20,11,2007,6.469166666666666,7.42,5.5600000000000005,6.7700000000000005
7941,27,21,11,2007,6.162499999999999,8.64,5.67,6.99
7942,27,22,11,2007,5.1625000000000005,11.39,5.34,7.79
7943,27,23,11,2007,3.895833333333334,13.72,6.21,9.48
7944,28,0,11,2007,3.9683333333333333,14.61,6.74,10.17
7945,28,1,11,2007,3.856666666666667,14.97,7.21,10.66
7946,28,2,11,2007,3.604999999999999,15.69,7.91,11.38
7947,28,3,11,2007,3.5349999999999997,16.27,8.55,12.02
7948,28,4,11,2007,3.5241666666666673,15.81,8.3,11.67
7949,28,5,11,2007,3.6683333333333334,15.47,7.87,11.31
7950,28,6,11,2007,3.7608333333333337,15.9,8.28,11.74
7951,28,7,11,2007,4.1674999999999995,16.41,8.98,12.5
7952,28,8,11,2007,4.705833333333333,16.69,9.23,12.78
7953,28,9,11,2007,4.818333333333333,15.76,8.59,11.92
7954,28,10,11,2007,4.014166666666666,13.44,6.47,9.53
7955,28,11,11,2007,3.533333333333333,13.51,6.41,9.38
7956,28,12,11,2007,3.4324999999999997,12.95,6.19,9.08
7957,28,13,11,2007,2.9491666666666667,12.31,4.98,8.05
7958,28,14,11,2007,1.7833333333333332,10.93,6.68,8.41
7959,28,15,11,2007,1.1616666666666666,10.62,7.78,9.51
7960,28,16,11,2007,1.9533333333333334,10.96,7.94,9.75
7961,28,17,11,2007,2.9241666666666664,11.21,8.15,9.96
7962,28,18,11,2007,3.436666666666666,11.15,8.09,9.91
7963,28,19,11,2007,3.8799999999999994,11.76,8.44,10.43
7964,28,20,11,2007,3.820833333333333,11.98,8.540000000000001,10.6
7965,28,21,11,2007,3.56,10.26,7.35,9.06
7966,28,22,11,2007,2.8674999999999997,10.14,6.74,8.39
7967,28,23,11,2007,1.5725000000000005,11.75,4.72,7.38
7968,29,0,11,2007,0.9508333333333332,11.76,4.47,7.46
7969,29,1,11,2007,0.32416666666666666,12.97,6.25,9.35
7970,29,2,11,2007,0.18916666666666668,14.88,6.6400000000000015,10.0
7971,29,3,11,2007,-0.2833333333333334,14.9,6.94,10.23
7972,29,4,11,2007,-0.8341666666666666,13.9,4.74,7.95
7973,29,5,11,2007,-1.0833333333333333,14.31,4.5200000000000005,7.94
7974,29,6,11,2007,-1.5008333333333332,13.73,4.66,8.370000000000001
7975,29,7,11,2007,-1.1433333333333333,12.41,4.79,8.39
7976,29,8,11,2007,-1.5508333333333333,6.76,2.96,5.91
7977,29,9,11,2007,-2.0508333333333333,5.11,2.73,5.23
7978,29,10,11,2007,-2.4825,3.79,2.99,4.17
7979,29,11,11,2007,-2.5933333333333337,4.73,3.44,5.09
7980,29,12,11,2007,-3.1483333333333334,7.44,4.1,6.25
7981,29,13,11,2007,-3.2566666666666673,8.66,4.19,6.5600000000000005
7982,29,14,11,2007,-2.11,10.18,5.8,7.59
7983,29,15,11,2007,-0.1366666666666666,10.21,5.93,7.57
7984,29,16,11,2007,1.5450000000000002,8.88,6.44,7.6400000000000015
7985,29,17,11,2007,3.5658333333333334,9.35,6.93,8.4
7986,29,18,11,2007,4.875,9.79,7.34,8.870000000000003
7987,29,19,11,2007,5.758333333333333,9.13,6.8500000000000005,8.25
7988,29,20,11,2007,6.1816666666666675,8.99,6.5600000000000005,8.03
7989,29,21,11,2007,6.115833333333334,9.03,6.08,7.58
7990,29,22,11,2007,4.418333333333334,11.76,5.14,8.61
7991,29,23,11,2007,3.241666666666667,13.64,5.73,9.36
7992,30,0,11,2007,2.4683333333333333,14.64,6.7700000000000005,10.23
7993,30,1,11,2007,2.4775000000000005,15.56,7.61,11.13
7994,30,2,11,2007,2.3216666666666668,15.41,7.58,11.07
7995,30,3,11,2007,2.0716666666666668,15.43,7.73,11.1
7996,30,4,11,2007,1.5783333333333331,15.09,7.21,10.54
7997,30,5,11,2007,1.2116666666666667,14.99,6.86,10.33
7998,30,6,11,2007,0.785,14.27,6.45,9.88
7999,30,7,11,2007,0.26166666666666666,13.2,5.65,9.08
8000,30,8,11,2007,-0.9375,13.11,5.98,9.06
8001,30,9,11,2007,-2.9525,12.29,6.16,8.69
8002,30,10,11,2007,-3.9633333333333334,11.96,6.17,8.69
8003,30,11,11,2007,-4.57,11.25,5.86,8.25
8004,30,12,11,2007,-5.289166666666667,10.72,5.96,8.07
8005,30,13,11,2007,-5.9525,10.72,6.43,8.49
8006,30,14,11,2007,-6.171666666666667,10.55,7.24,8.86
8007,30,15,11,2007,-5.738333333333333,9.83,7.34,8.92
8008,30,16,11,2007,-4.974166666666666,8.57,6.45,7.81
8009,30,17,11,2007,-4.141666666666667,7.28,5.5600000000000005,6.67
8010,30,18,11,2007,-3.4033333333333338,7.03,5.44,6.49
8011,30,19,11,2007,-2.8375000000000004,6.68,5.16,6.16
8012,30,20,11,2007,-2.4591666666666665,5.69,4.46,5.28
8013,30,21,11,2007,-2.2850000000000006,4.71,3.64,4.3500000000000005
8014,30,22,11,2007,-2.7775000000000003,5.5200000000000005,3.66,4.61
8015,30,23,11,2007,-3.8024999999999998,6.37,3.24,5.3500000000000005
8016,1,0,12,2007,-4.290833333333333,6.8100000000000005,3.2,5.5
8017,1,1,12,2007,-4.711666666666667,7.76,2.97,5.0600000000000005
8018,1,2,12,2007,-4.920000000000001,8.700000000000001,3.86,5.67
8019,1,3,12,2007,-4.590833333333334,8.9,4.4,6.24
8020,1,4,12,2007,-4.426666666666667,9.06,4.8500000000000005,6.66
8021,1,5,12,2007,-4.2683333333333335,9.69,5.23,7.63
8022,1,6,12,2007,-3.8125,9.95,6.11,7.97
8023,1,7,12,2007,-3.4558333333333326,10.13,6.1400000000000015,7.94
8024,1,8,12,2007,-3.138333333333333,10.88,6.3100000000000005,8.28
8025,1,9,12,2007,-2.415833333333333,10.35,6.18,7.87
8026,1,10,12,2007,-1.9458333333333335,10.03,6.55,8.120000000000001
8027,1,11,12,2007,-1.5083333333333335,10.8,6.92,8.78
8028,1,12,12,2007,-0.7733333333333334,11.33,7.11,9.06
8029,1,13,12,2007,0.2241666666666667,12.46,7.48,9.78
8030,1,14,12,2007,0.5658333333333333,13.8,8.69,11.34
8031,1,15,12,2007,1.1616666666666668,15.06,9.67,12.54
8032,1,16,12,2007,2.2525,15.61,9.91,12.96
8033,1,17,12,2007,4.0025,16.46,10.19,13.56
8034,1,18,12,2007,5.7925,16.64,9.98,13.67
8035,1,19,12,2007,7.6816666666666675,16.26,9.73,12.61
8036,1,20,12,2007,9.87,17.76,11.42,14.8
8037,1,21,12,2007,10.946666666666667,17.79,11.2,14.59
8038,1,22,12,2007,10.681666666666667,17.61,10.39,13.97
8039,1,23,12,2007,10.766666666666667,17.080000000000002,9.15,12.81
8040,2,0,12,2007,11.249166666666666,17.57,9.79,13.37
8041,2,1,12,2007,11.7975,16.4,8.75,12.32
8042,2,2,12,2007,12.701666666666666,14.9,8.22,11.19
8043,2,3,12,2007,13.260000000000003,15.03,7.6400000000000015,10.93
8044,2,4,12,2007,14.528333333333334,16.63,8.89,12.47
8045,2,5,12,2007,7.0133333333333345,14.0,8.81,11.97
8046,2,6,12,2007,4.3075,9.81,6.8,8.42
8047,2,7,12,2007,3.274166666666666,9.83,7.1000000000000005,8.73
8048,2,8,12,2007,2.523333333333333,9.73,7.09,8.69
8049,2,9,12,2007,1.8958333333333333,10.35,7.45,9.24
8050,2,10,12,2007,-0.065,11.93,8.41,10.46
8051,2,11,12,2007,-1.5025000000000002,11.47,8.32,10.28
8052,2,12,12,2007,-3.25,12.16,8.75,10.85
8053,2,13,12,2007,-4.0175,11.73,8.370000000000001,10.4
8054,2,14,12,2007,-4.413333333333334,11.92,8.49,10.56
8055,2,15,12,2007,-4.536666666666666,12.46,8.97,11.11
8056,2,16,12,2007,-4.177499999999999,12.44,8.96,11.09
8057,2,17,12,2007,-3.5783333333333336,12.26,8.81,10.89
8058,2,18,12,2007,-2.953333333333333,12.65,9.08,11.25
8059,2,19,12,2007,-2.7125,12.71,9.09,11.29
8060,2,20,12,2007,-2.4266666666666667,11.91,8.46,10.49
8061,2,21,12,2007,-2.5966666666666667,11.4,7.9300000000000015,9.96
8062,2,22,12,2007,-3.155,11.54,8.01,10.08
8063,2,23,12,2007,-3.7000000000000006,11.62,6.88,9.26
8064,3,0,12,2007,-3.938333333333333,11.12,6.05,8.3
8065,3,1,12,2007,-4.126666666666666,11.82,6.46,8.84
8066,3,2,12,2007,-4.239166666666667,9.98,5.48,7.53
8067,3,3,12,2007,-4.319166666666667,9.65,5.2,7.13
8068,3,4,12,2007,-4.243333333333333,9.55,5.15,7.07
8069,3,5,12,2007,-4.315833333333333,7.97,3.69,5.41
8070,3,6,12,2007,-4.2891666666666675,8.26,4.2,5.97
8071,3,7,12,2007,-4.300833333333334,8.09,4.1,5.82
8072,3,8,12,2007,-4.2275,7.78,3.74,5.55
8073,3,9,12,2007,-4.545,5.58,2.22,3.78
8074,3,10,12,2007,-4.742500000000001,4.19,2.5,3.78
8075,3,11,12,2007,-4.510000000000001,4.72,3.33,5.01
8076,3,12,12,2007,-4.450833333333334,7.82,4.47,6.55
8077,3,13,12,2007,-4.101666666666667,9.79,4.92,7.19
8078,3,14,12,2007,-3.3891666666666667,10.23,6.24,8.19
8079,3,15,12,2007,-1.8858333333333335,9.67,5.73,7.51
8080,3,16,12,2007,0.18083333333333337,9.51,6.79,8.3
8081,3,17,12,2007,1.6624999999999996,10.53,7.65,9.39
8082,3,18,12,2007,2.8175000000000003,10.91,7.92,9.77
8083,3,19,12,2007,3.8033333333333323,11.0,7.9300000000000015,9.79
8084,3,20,12,2007,4.629166666666667,11.62,7.85,9.8
8085,3,21,12,2007,4.886666666666667,13.15,7.51,10.13
8086,3,22,12,2007,3.976666666666667,14.8,7.1400000000000015,10.62
8087,3,23,12,2007,3.23,15.19,7.38,11.17
8088,4,0,12,2007,3.0675000000000003,15.53,7.51,11.26
8089,4,1,12,2007,2.6766666666666663,15.53,7.42,11.09
8090,4,2,12,2007,2.1625,15.53,6.8900000000000015,10.57
8091,4,3,12,2007,1.9616666666666667,15.52,6.99,10.67
8092,4,4,12,2007,1.7383333333333333,14.25,6.72,10.27
8093,4,5,12,2007,1.26,12.62,6.28,9.51
8094,4,6,12,2007,1.0208333333333335,10.54,5.47,8.51
8095,4,7,12,2007,0.6058333333333333,8.94,5.0600000000000005,8.01
8096,4,8,12,2007,0.3841666666666666,7.9,4.29,7.16
8097,4,9,12,2007,0.16666666666666666,6.88,3.86,6.66
8098,4,10,12,2007,-0.3733333333333333,6.22,3.35,6.21
8099,4,11,12,2007,-0.6774999999999999,5.59,3.28,5.89
8100,4,12,12,2007,-0.7949999999999999,5.11,3.0700000000000003,5.44
8101,4,13,12,2007,-0.5908333333333333,4.79,2.88,4.96
8102,4,14,12,2007,0.12666666666666668,4.5,2.67,4.49
8103,4,15,12,2007,1.3858333333333333,4.3100000000000005,2.13,3.38
8104,4,16,12,2007,3.6824999999999997,2.11,1.28,1.39
8105,4,17,12,2007,5.693333333333334,2.91,2.62,2.95
8106,4,18,12,2007,6.566666666666667,4.0600000000000005,3.3200000000000003,3.85
8107,4,19,12,2007,7.745833333333333,4.5600000000000005,3.64,4.25
8108,4,20,12,2007,8.400833333333333,7.09,4.0600000000000005,5.44
8109,4,21,12,2007,8.184166666666668,10.84,5.66,8.290000000000001
8110,4,22,12,2007,7.392500000000001,12.77,6.3500000000000005,9.65
8111,4,23,12,2007,6.798333333333333,14.1,6.87,10.31
8112,5,0,12,2007,6.605,14.29,7.01,10.49
8113,5,1,12,2007,6.549166666666668,13.96,6.23,9.84
8114,5,2,12,2007,6.068333333333334,13.93,5.99,9.53
8115,5,3,12,2007,5.492500000000001,14.81,6.0600000000000005,9.7
8116,5,4,12,2007,5.1499999999999995,15.18,5.64,9.53
8117,5,5,12,2007,5.2491666666666665,16.43,5.82,9.76
8118,5,6,12,2007,5.220833333333334,16.38,8.290000000000001,12.0
8119,5,7,12,2007,3.962499999999999,15.52,8.2,11.49
8120,5,8,12,2007,3.0824999999999996,18.04,10.1,13.87
8121,5,9,12,2007,0.2525,17.62,10.95,14.21
8122,5,10,12,2007,-2.5050000000000003,16.87,10.83,14.09
8123,5,11,12,2007,-4.0275,14.88,9.56,12.41
8124,5,12,12,2007,-5.075,12.63,8.14,10.46
8125,5,13,12,2007,-5.805833333333333,12.41,8.290000000000001,10.51
8126,5,14,12,2007,-6.195000000000001,11.96,7.99,10.14
8127,5,15,12,2007,-5.954166666666666,11.29,8.17,10.09
8128,5,16,12,2007,-5.354166666666667,10.55,7.74,9.51
8129,5,17,12,2007,-4.650833333333334,9.54,7.0200000000000005,8.6
8130,5,18,12,2007,-4.046666666666666,8.91,6.59,8.040000000000001
8131,5,19,12,2007,-3.6816666666666666,8.17,6.12,7.44
8132,5,20,12,2007,-3.4774999999999996,7.55,5.7,6.91
8133,5,21,12,2007,-3.496666666666666,6.2700000000000005,4.67,5.69
8134,5,22,12,2007,-3.8825000000000003,5.26,3.91,4.7700000000000005
8135,5,23,12,2007,-4.569166666666667,5.0200000000000005,2.76,3.85
8136,6,0,12,2007,-4.9750000000000005,5.09,2.58,3.7
8137,6,1,12,2007,-5.180000000000001,4.5,2.28,3.25
8138,6,2,12,2007,-5.370833333333334,3.7,1.71,2.12
8139,6,3,12,2007,-5.486666666666667,2.66,1.39,1.73
8140,6,4,12,2007,-5.378333333333333,3.0,2.27,2.69
8141,6,5,12,2007,-5.3825,4.13,2.67,3.25
8142,6,6,12,2007,-5.343333333333334,5.38,3.14,4.21
8143,6,7,12,2007,-5.256666666666667,6.25,3.69,4.94
8144,6,8,12,2007,-5.263333333333333,6.6400000000000015,3.93,5.26
8145,6,9,12,2007,-5.290833333333333,7.0,4.03,5.42
8146,6,10,12,2007,-5.260000000000001,7.44,4.55,5.87
8147,6,11,12,2007,-4.932499999999999,6.95,4.98,6.12
8148,6,12,12,2007,-4.592500000000001,6.67,4.78,5.89
8149,6,13,12,2007,-4.702500000000001,6.53,4.66,5.76
8150,6,14,12,2007,-4.868333333333333,5.94,3.9,4.83
8151,6,15,12,2007,-4.683333333333333,5.5,3.79,4.64
8152,6,16,12,2007,-4.355,5.55,3.96,4.86
8153,6,17,12,2007,-4.0249999999999995,5.5200000000000005,4.03,4.89
8154,6,18,12,2007,-3.7249999999999996,5.24,3.88,4.72
8155,6,19,12,2007,-2.986666666666667,4.91,3.73,4.48
8156,6,20,12,2007,-2.3491666666666666,5.12,3.92,4.71
8157,6,21,12,2007,-2.1566666666666667,4.73,3.61,4.3500000000000005
8158,6,22,12,2007,-2.6991666666666667,4.57,3.0700000000000003,3.73
8159,6,23,12,2007,-3.820833333333333,5.32,2.26,4.49
8160,7,0,12,2007,-4.504166666666667,5.51,2.79,5.25
8161,7,1,12,2007,-4.6925,5.2,2.73,5.22
8162,7,2,12,2007,-4.5575,4.54,2.83,5.17
8163,7,3,12,2007,-4.570833333333333,4.22,2.82,5.14
8164,7,4,12,2007,-4.491666666666666,3.51,2.52,3.79
8165,7,5,12,2007,-4.355833333333334,3.33,2.36,3.48
8166,7,6,12,2007,-4.530833333333333,3.4,2.21,3.42
8167,7,7,12,2007,-4.775,3.75,2.32,3.66
8168,7,8,12,2007,-4.8775,3.9,2.23,3.56
8169,7,9,12,2007,-5.079166666666667,4.37,2.09,3.66
8170,7,10,12,2007,-5.445,4.5600000000000005,2.12,3.79
8171,7,11,12,2007,-5.696666666666668,4.38,1.88,3.41
8172,7,12,12,2007,-5.853333333333332,4.39,1.93,3.56
8173,7,13,12,2007,-5.1691666666666665,5.04,2.34,3.62
8174,7,14,12,2007,-5.315,5.0600000000000005,2.47,3.5500000000000003
8175,7,15,12,2007,-5.105833333333333,5.19,2.73,3.15
8176,7,16,12,2007,-4.385833333333332,4.7,2.98,3.44
8177,7,17,12,2007,-3.2308333333333334,3.95,2.93,3.39
8178,7,18,12,2007,-2.328333333333333,3.64,2.94,3.43
8179,7,19,12,2007,-1.8166666666666664,3.76,2.99,3.51
8180,7,20,12,2007,-1.5166666666666666,4.13,3.26,3.85
8181,7,21,12,2007,-1.4749999999999999,4.39,3.31,3.94
8182,7,22,12,2007,-2.0275000000000003,6.12,3.39,5.29
8183,7,23,12,2007,-3.0399999999999996,7.47,3.93,6.26
8184,8,0,12,2007,-4.32,8.28,3.2,5.76
8185,8,1,12,2007,-4.709166666666667,9.6,3.81,6.68
8186,8,2,12,2007,-5.134166666666666,10.14,3.93,6.86
8187,8,3,12,2007,-5.5025,10.41,3.98,6.79
8188,8,4,12,2007,-5.816666666666666,10.7,4.0,6.76
8189,8,5,12,2007,-6.061666666666667,10.61,4.51,7.07
8190,8,6,12,2007,-6.510833333333334,11.15,5.11,7.6400000000000015
8191,8,7,12,2007,-7.1450000000000005,10.47,4.65,7.05
8192,8,8,12,2007,-7.7175,10.28,4.76,7.0600000000000005
8193,8,9,12,2007,-8.152500000000002,9.82,4.73,6.82
8194,8,10,12,2007,-8.535833333333333,10.18,5.47,7.54
8195,8,11,12,2007,-8.983333333333333,9.72,5.2,7.1400000000000015
8196,8,12,12,2007,-9.133333333333333,9.11,5.44,7.03
8197,8,13,12,2007,-9.227500000000001,8.67,5.76,7.3
8198,8,14,12,2007,-9.4825,8.76,5.33,7.0
8199,8,15,12,2007,-9.317499999999997,8.99,5.78,7.44
8200,8,16,12,2007,-9.075000000000001,8.65,6.28,7.68
8201,8,17,12,2007,-8.975000000000001,8.36,6.3,7.65
8202,8,18,12,2007,-8.87,8.61,6.49,7.88
8203,8,19,12,2007,-8.855833333333331,8.83,6.65,8.08
8204,8,20,12,2007,-8.901666666666667,8.72,6.5200000000000005,7.95
8205,8,21,12,2007,-8.983333333333333,8.51,6.29,7.7
8206,8,22,12,2007,-9.0875,8.49,6.3100000000000005,7.7
8207,8,23,12,2007,-9.155833333333332,8.51,6.33,7.72
8208,9,0,12,2007,-9.220833333333333,8.45,6.3,7.69
8209,9,1,12,2007,-9.308333333333335,8.28,6.17,7.54
8210,9,2,12,2007,-9.356666666666667,8.02,5.96,7.29
8211,9,3,12,2007,-9.479166666666666,7.46,5.6000000000000005,6.82
8212,9,4,12,2007,-9.600000000000003,7.15,5.42,6.57
8213,9,5,12,2007,-9.742499999999998,6.73,5.13,6.21
8214,9,6,12,2007,-9.9775,6.78,5.17,6.25
8215,9,7,12,2007,-10.125833333333334,6.7700000000000005,5.17,6.25
8216,9,8,12,2007,-10.341666666666667,6.96,5.01,6.08
8217,9,9,12,2007,-10.670833333333334,7.81,5.26,6.61
8218,9,10,12,2007,-11.024166666666666,7.8,5.33,6.53
8219,9,11,12,2007,-11.454166666666666,7.21,4.42,5.87
8220,9,12,12,2007,-11.600000000000001,7.0,4.38,5.65
8221,9,13,12,2007,-11.566666666666668,6.33,4.51,5.44
8222,9,14,12,2007,-11.08333333333333,5.91,4.54,5.48
8223,9,15,12,2007,-10.886666666666665,5.8500000000000005,4.5,5.42
8224,9,16,12,2007,-10.737500000000002,5.55,4.32,5.17
8225,9,17,12,2007,-10.588333333333333,5.08,3.98,4.74
8226,9,18,12,2007,-10.385,4.88,3.84,4.5600000000000005
8227,9,19,12,2007,-10.300833333333332,4.5,3.5500000000000003,4.21
8228,9,20,12,2007,-10.213333333333333,4.39,3.41,4.09
8229,9,21,12,2007,-10.316666666666665,4.33,3.3200000000000003,4.0
8230,9,22,12,2007,-10.771666666666668,4.8100000000000005,2.66,4.0
8231,9,23,12,2007,-11.068333333333333,4.82,2.46,4.18
8232,10,0,12,2007,-11.423333333333334,4.75,2.54,4.15
8233,10,1,12,2007,-11.685,4.55,1.62,3.7
8234,10,2,12,2007,-11.72,4.05,1.5,3.19
8235,10,3,12,2007,-11.605833333333335,3.77,1.05,2.47
8236,10,4,12,2007,-11.2525,2.56,0.4,1.35
8237,10,5,12,2007,-11.124166666666667,1.89,0.47,1.16
8238,10,6,12,2007,-11.182500000000003,1.52,0.52,1.22
8239,10,7,12,2007,-11.303333333333333,1.21,0.65,1.08
8240,10,8,12,2007,-11.265833333333333,0.89,0.97,0.76
8241,10,9,12,2007,-11.091666666666669,1.05,1.07,1.22
8242,10,10,12,2007,-10.898333333333333,1.38,1.16,1.68
8243,10,11,12,2007,-11.019166666666665,1.44,1.14,1.75
8244,10,12,12,2007,-11.205833333333336,1.76,1.2,2.04
8245,10,13,12,2007,-11.216666666666667,2.54,1.88,3.13
8246,10,14,12,2007,-10.618333333333334,3.38,2.31,3.51
8247,10,15,12,2007,-9.0875,3.99,2.71,3.1
8248,10,16,12,2007,-7.774166666666669,3.02,2.38,2.75
8249,10,17,12,2007,-6.345833333333334,2.59,2.11,2.46
8250,10,18,12,2007,-5.105000000000001,3.34,2.63,3.1
8251,10,19,12,2007,-3.9141666666666666,3.4,2.67,3.15
8252,10,20,12,2007,-3.3033333333333332,3.44,2.73,3.22
8253,10,21,12,2007,-3.1808333333333336,3.45,2.64,3.11
8254,10,22,12,2007,-3.983333333333334,4.0200000000000005,2.27,3.47
8255,10,23,12,2007,-4.745000000000001,4.34,2.07,3.85
8256,11,0,12,2007,-3.8616666666666664,5.09,2.58,3.79
8257,11,1,12,2007,-3.290833333333333,4.82,2.86,3.38
8258,11,2,12,2007,-2.9074999999999993,3.58,2.81,3.33
8259,11,3,12,2007,-2.421666666666667,3.75,3.2,3.7
8260,11,4,12,2007,-1.4975000000000003,5.12,4.6000000000000005,5.22
8261,11,5,12,2007,-0.6625000000000001,4.59,3.88,4.49
8262,11,6,12,2007,-0.8300000000000001,2.49,2.22,2.56
8263,11,7,12,2007,-0.7641666666666667,3.04,2.64,3.1
8264,11,8,12,2007,-0.7816666666666667,4.42,3.6,4.3
8265,11,9,12,2007,-0.8383333333333333,5.34,4.3500000000000005,5.15
8266,11,10,12,2007,-1.1216666666666668,5.7700000000000005,4.49,5.44
8267,11,11,12,2007,-1.4466666666666665,6.7700000000000005,5.22,6.2700000000000005
8268,11,12,12,2007,-1.6683333333333332,7.17,5.23,6.44
8269,11,13,12,2007,-1.751666666666667,8.98,6.51,8.040000000000001
8270,11,14,12,2007,-1.5583333333333333,8.44,5.98,7.47
8271,11,15,12,2007,-1.4800000000000002,8.73,6.25,7.77
8272,11,16,12,2007,-1.3733333333333333,8.290000000000001,5.99,7.42
8273,11,17,12,2007,-1.5608333333333333,8.99,6.55,8.1
8274,11,18,12,2007,-1.9825,9.81,7.23,8.83
8275,11,19,12,2007,-2.1975000000000002,9.49,6.69,8.21
8276,11,20,12,2007,-2.6683333333333334,9.34,6.46,8.040000000000001
8277,11,21,12,2007,-2.808333333333333,9.0,6.0200000000000005,7.5
8278,11,22,12,2007,-2.865833333333334,9.63,6.22,8.03
8279,11,23,12,2007,-3.0925,9.69,6.33,8.11
8280,12,0,12,2007,-3.4549999999999996,9.6,6.42,8.18
8281,12,1,12,2007,-3.7083333333333335,9.47,6.37,8.08
8282,12,2,12,2007,-3.965,8.85,5.69,7.43
8283,12,3,12,2007,-4.303333333333334,9.3,5.19,7.72
8284,12,4,12,2007,-4.3966666666666665,9.19,4.91,7.37
8285,12,5,12,2007,-4.5275,8.06,4.8100000000000005,6.5200000000000005
8286,12,6,12,2007,-4.807500000000001,7.57,4.76,6.37
8287,12,7,12,2007,-5.161666666666666,7.04,4.51,5.87
8288,12,8,12,2007,-5.586666666666667,6.78,4.14,5.43
8289,12,9,12,2007,-6.2316666666666665,7.22,3.61,5.48
8290,12,10,12,2007,-7.2075,7.72,3.42,5.88
8291,12,11,12,2007,-8.244166666666667,7.59,3.33,5.99
8292,12,12,12,2007,-8.658333333333333,6.96,3.31,6.0600000000000005
8293,12,13,12,2007,-9.290833333333333,6.43,3.19,5.79
8294,12,14,12,2007,-9.334166666666667,4.2700000000000005,1.93,4.2
8295,12,15,12,2007,-8.4325,3.71,1.77,2.91
8296,12,16,12,2007,-7.22,2.74,1.39,1.63
8297,12,17,12,2007,-6.206666666666666,1.66,1.1,1.17
8298,12,18,12,2007,-5.311666666666667,0.67,0.45,0.5700000000000001
8299,12,19,12,2007,-4.759166666666667,1.68,1.45,1.64
8300,12,20,12,2007,-4.668333333333333,2.15,1.83,2.11
8301,12,21,12,2007,-5.055000000000001,2.09,1.77,2.04
8302,12,22,12,2007,-6.634166666666666,2.0,1.05,1.72
8303,12,23,12,2007,-7.581666666666667,3.0,1.83,2.91
8304,13,0,12,2007,-7.265833333333332,3.85,2.6,3.85
8305,13,1,12,2007,-6.961666666666666,4.37,2.92,4.34
8306,13,2,12,2007,-7.072500000000002,5.36,3.08,4.74
8307,13,3,12,2007,-7.659166666666667,6.09,3.18,5.3100000000000005
8308,13,4,12,2007,-7.708333333333332,6.7700000000000005,3.28,5.88
8309,13,5,12,2007,-7.427499999999999,8.34,3.8,6.6400000000000015
8310,13,6,12,2007,-7.46,9.46,4.04,6.92
8311,13,7,12,2007,-6.981666666666666,10.46,4.8100000000000005,7.49
8312,13,8,12,2007,-6.440833333333333,11.35,5.83,8.41
8313,13,9,12,2007,-6.349166666666668,11.82,6.45,8.98
8314,13,10,12,2007,-6.371666666666667,12.67,6.92,9.52
8315,13,11,12,2007,-6.516666666666668,12.78,6.91,9.55
8316,13,12,12,2007,-6.782499999999999,12.43,6.74,9.3
8317,13,13,12,2007,-7.031666666666667,11.66,6.3900000000000015,8.77
8318,13,14,12,2007,-6.718333333333334,11.37,6.25,8.42
8319,13,15,12,2007,-5.1075,11.01,6.0600000000000005,8.120000000000001
8320,13,16,12,2007,-3.4058333333333333,9.06,5.36,6.96
8321,13,17,12,2007,-1.8391666666666666,8.370000000000001,4.3500000000000005,5.99
8322,13,18,12,2007,-0.29416666666666674,7.08,3.95,5.2700000000000005
8323,13,19,12,2007,0.19083333333333333,6.87,3.74,5.05
8324,13,20,12,2007,0.36833333333333335,6.22,3.59,4.8
8325,13,21,12,2007,-0.29916666666666664,6.95,3.3000000000000003,5.43
8326,13,22,12,2007,-1.8983333333333332,7.42,3.35,5.74
8327,13,23,12,2007,-2.6991666666666667,8.2,4.17,6.8500000000000005
8328,14,0,12,2007,-3.0558333333333336,8.07,4.21,6.8500000000000005
8329,14,1,12,2007,-3.2591666666666668,7.18,4.0600000000000005,6.99
8330,14,2,12,2007,-3.0224999999999995,7.33,3.98,7.0
8331,14,3,12,2007,-3.2558333333333334,7.08,3.9,6.97
8332,14,4,12,2007,-3.3758333333333326,6.2700000000000005,3.68,6.3900000000000015
8333,14,5,12,2007,-3.99,5.68,3.42,6.18
8334,14,6,12,2007,-4.713333333333333,4.8,2.83,5.15
8335,14,7,12,2007,-4.825833333333334,4.73,2.71,4.75
8336,14,8,12,2007,-5.668333333333333,5.36,2.62,4.64
8337,14,9,12,2007,-6.911666666666666,5.86,2.4,4.48
8338,14,10,12,2007,-7.211666666666667,6.11,2.06,4.15
8339,14,11,12,2007,-7.479166666666665,6.93,2.28,4.86
8340,14,12,12,2007,-7.669166666666668,7.08,2.1,5.04
8341,14,13,12,2007,-7.857500000000001,6.88,2.15,5.0600000000000005
8342,14,14,12,2007,-7.879166666666667,6.98,3.19,4.89
8343,14,15,12,2007,-7.325833333333333,6.48,3.45,4.38
8344,14,16,12,2007,-6.544166666666668,5.88,3.35,3.86
8345,14,17,12,2007,-5.991666666666667,4.3500000000000005,3.62,4.13
8346,14,18,12,2007,-5.5975,4.86,4.04,4.66
8347,14,19,12,2007,-5.364999999999999,5.11,4.16,4.86
8348,14,20,12,2007,-5.180833333333331,5.37,4.33,5.09
8349,14,21,12,2007,-5.340833333333333,5.96,4.43,5.24
8350,14,22,12,2007,-5.723333333333334,7.0200000000000005,4.71,5.97
8351,14,23,12,2007,-6.209166666666667,7.85,5.22,6.7700000000000005
8352,15,0,12,2007,-6.572500000000001,7.9,5.2700000000000005,6.78
8353,15,1,12,2007,-6.9525,8.3,5.78,7.13
8354,15,2,12,2007,-7.539999999999999,7.15,5.38,6.49
8355,15,3,12,2007,-8.319166666666668,7.7,5.37,6.58
8356,15,4,12,2007,-8.771666666666667,7.6400000000000015,5.3100000000000005,6.51
8357,15,5,12,2007,-9.125,7.84,5.39,6.59
8358,15,6,12,2007,-9.434166666666666,7.86,5.12,6.3100000000000005
8359,15,7,12,2007,-9.595833333333333,8.21,5.49,6.83
8360,15,8,12,2007,-9.655000000000001,7.86,5.3,6.6400000000000015
8361,15,9,12,2007,-9.735,7.84,5.15,6.49
8362,15,10,12,2007,-9.828333333333333,8.01,5.2700000000000005,6.63
8363,15,11,12,2007,-9.9375,8.040000000000001,5.26,6.63
8364,15,12,12,2007,-10.005833333333333,8.23,5.37,6.8500000000000005
8365,15,13,12,2007,-9.967500000000003,8.09,5.25,6.86
8366,15,14,12,2007,-9.95416666666667,8.56,5.53,7.01
8367,15,15,12,2007,-9.874166666666666,8.65,5.6000000000000005,6.87
8368,15,16,12,2007,-9.621666666666668,7.71,5.82,7.0
8369,15,17,12,2007,-9.3225,7.75,5.89,7.08
8370,15,18,12,2007,-8.868333333333334,7.74,5.91,7.12
8371,15,19,12,2007,-8.251666666666667,7.95,6.09,7.33
8372,15,20,12,2007,-7.964166666666666,7.86,5.98,7.21
8373,15,21,12,2007,-7.845833333333332,7.94,5.5,6.69
8374,15,22,12,2007,-8.436666666666666,9.22,5.17,6.97
8375,15,23,12,2007,-9.1575,10.48,5.17,7.9300000000000015
8376,16,0,12,2007,-9.840833333333334,11.32,5.62,8.48
8377,16,1,12,2007,-10.41,11.16,5.49,8.33
8378,16,2,12,2007,-10.514166666666668,10.46,5.32,8.040000000000001
8379,16,3,12,2007,-10.586666666666666,10.03,4.99,7.86
8380,16,4,12,2007,-10.740000000000002,8.99,4.66,7.67
8381,16,5,12,2007,-10.1625,8.76,4.93,7.65
8382,16,6,12,2007,-10.707500000000001,8.370000000000001,4.66,7.43
8383,16,7,12,2007,-10.708333333333334,8.81,4.95,7.48
8384,16,8,12,2007,-10.770000000000001,8.89,5.03,7.54
8385,16,9,12,2007,-11.167499999999999,9.18,4.96,7.24
8386,16,10,12,2007,-11.366666666666667,9.2,5.19,7.35
8387,16,11,12,2007,-11.296666666666667,9.53,5.3500000000000005,7.82
8388,16,12,12,2007,-11.002500000000003,9.53,5.48,7.96
8389,16,13,12,2007,-11.376666666666665,9.32,5.36,7.7
8390,16,14,12,2007,-11.410000000000002,8.97,5.7,7.75
8391,16,15,12,2007,-10.339166666666666,9.02,5.63,7.54
8392,16,16,12,2007,-9.519166666666667,8.36,4.73,6.24
8393,16,17,12,2007,-8.863333333333333,6.3100000000000005,3.13,4.44
8394,16,18,12,2007,-7.555,5.09,2.8000000000000003,3.29
8395,16,19,12,2007,-6.964166666666666,4.68,2.73,3.25
8396,16,20,12,2007,-6.906666666666669,5.08,2.85,4.21
8397,16,21,12,2007,-7.374166666666667,5.88,4.46,6.43
8398,16,22,12,2007,-8.137500000000001,6.5600000000000005,4.74,6.99
8399,16,23,12,2007,-8.950000000000001,6.5600000000000005,4.8500000000000005,7.1000000000000005
8400,17,0,12,2007,-9.886666666666667,6.22,4.51,6.8900000000000015
8401,17,1,12,2007,-10.630833333333333,6.28,4.42,6.68
8402,17,2,12,2007,-10.442499999999997,6.6000000000000005,4.66,6.8900000000000015
8403,17,3,12,2007,-9.812499999999998,6.97,4.68,7.03
8404,17,4,12,2007,-9.610833333333334,7.57,4.74,7.08
8405,17,5,12,2007,-9.389999999999999,8.33,5.08,7.42
8406,17,6,12,2007,-9.130833333333333,8.57,5.17,7.5
8407,17,7,12,2007,-9.325000000000001,9.5,5.43,7.91
8408,17,8,12,2007,-7.826666666666665,9.63,5.98,8.370000000000001
8409,17,9,12,2007,-7.344166666666667,8.540000000000001,5.71,7.99
8410,17,10,12,2007,-8.011666666666667,7.63,5.68,7.98
8411,17,11,12,2007,-7.669166666666668,8.370000000000001,5.23,7.94
8412,17,12,12,2007,-6.963333333333334,11.04,6.88,9.28
8413,17,13,12,2007,-6.86,11.08,7.09,9.49
8414,17,14,12,2007,-6.1275,11.06,6.62,8.93
8415,17,15,12,2007,-4.636666666666667,11.22,6.7,8.89
8416,17,16,12,2007,-3.4949999999999997,11.09,6.79,8.700000000000001
8417,17,17,12,2007,-1.765,10.73,6.63,8.52
8418,17,18,12,2007,-0.8566666666666666,10.3,6.48,8.31
8419,17,19,12,2007,0.05666666666666667,10.49,6.0,8.03
8420,17,20,12,2007,0.17833333333333334,11.2,6.04,8.370000000000001
8421,17,21,12,2007,-0.3766666666666667,12.32,6.3100000000000005,9.02
8422,17,22,12,2007,-1.2483333333333333,13.69,6.6400000000000015,9.73
8423,17,23,12,2007,-1.2666666666666666,13.98,7.19,10.25
8424,18,0,12,2007,-1.2775,15.15,7.91,11.09
8425,18,1,12,2007,-1.02,16.19,8.94,12.25
8426,18,2,12,2007,-0.9500000000000002,16.43,9.2,12.52
8427,18,3,12,2007,-1.0858333333333334,16.17,9.02,12.27
8428,18,4,12,2007,-0.9033333333333334,15.43,8.24,11.46
8429,18,5,12,2007,-0.5616666666666666,15.09,7.9300000000000015,11.04
8430,18,6,12,2007,-0.6625000000000001,15.02,7.67,10.86
8431,18,7,12,2007,-1.115,15.46,7.9,11.17
8432,18,8,12,2007,-1.3091666666666666,15.71,8.58,11.76
8433,18,9,12,2007,-1.5799999999999998,15.58,8.21,11.43
8434,18,10,12,2007,-2.3525,15.5,8.77,11.94
8435,18,11,12,2007,-3.2208333333333337,15.47,8.84,11.96
8436,18,12,12,2007,-4.2716666666666665,14.83,8.44,11.44
8437,18,13,12,2007,-5.049166666666667,12.86,7.38,9.97
8438,18,14,12,2007,-5.732499999999999,11.46,6.76,9.26
8439,18,15,12,2007,-5.806666666666666,10.22,5.73,7.92
8440,18,16,12,2007,-3.845833333333333,9.91,5.5,7.25
8441,18,17,12,2007,-2.5216666666666665,9.16,5.16,6.82
8442,18,18,12,2007,-1.1883333333333332,8.14,4.59,6.12
8443,18,19,12,2007,-0.425,7.82,4.28,5.8
8444,18,20,12,2007,-0.5025000000000001,8.84,4.2,6.38
8445,18,21,12,2007,-0.9125000000000001,9.47,4.11,7.0200000000000005
8446,18,22,12,2007,-1.92,9.84,4.43,7.84
8447,18,23,12,2007,-2.848333333333334,9.75,4.43,7.79
8448,19,0,12,2007,-2.970833333333333,9.58,4.53,7.67
8449,19,1,12,2007,-2.89,9.32,4.71,7.7
8450,19,2,12,2007,-3.3241666666666667,8.46,4.76,7.6400000000000015
8451,19,3,12,2007,-3.6525000000000003,7.22,4.55,7.19
8452,19,4,12,2007,-4.22,6.74,4.48,6.7
8453,19,5,12,2007,-3.546666666666667,6.1400000000000015,4.36,6.2700000000000005
8454,19,6,12,2007,-4.993333333333333,5.37,3.75,5.72
8455,19,7,12,2007,-5.9725,3.67,3.45,4.14
8456,19,8,12,2007,-5.993333333333335,2.7,3.73,4.11
8457,19,9,12,2007,-5.003333333333334,2.24,3.31,3.6
8458,19,10,12,2007,-5.121666666666667,2.05,3.71,4.04
8459,19,11,12,2007,-4.75,0.93,2.67,2.31
8460,19,12,12,2007,-6.130833333333334,4.5,3.82,5.34
8461,19,13,12,2007,-5.61,5.32,4.2700000000000005,5.72
8462,19,14,12,2007,-3.7974999999999994,6.0200000000000005,3.49,5.41
8463,19,15,12,2007,-1.3950000000000002,6.11,2.73,5.0200000000000005
8464,19,16,12,2007,1.0283333333333333,6.95,3.02,4.88
8465,19,17,12,2007,1.0833333333333337,7.57,3.02,4.71
8466,19,18,12,2007,0.9816666666666666,7.03,2.49,4.21
8467,19,19,12,2007,0.8441666666666666,7.48,2.58,4.29
8468,19,20,12,2007,0.7733333333333334,8.3,2.8000000000000003,4.9
8469,19,21,12,2007,-0.22666666666666666,9.68,2.91,6.11
8470,19,22,12,2007,-1.4358333333333333,10.44,3.13,6.43
8471,19,23,12,2007,-1.0858333333333332,11.1,3.92,6.93
8472,20,0,12,2007,0.022500000000000003,11.1,3.98,7.01
8473,20,1,12,2007,-0.39000000000000007,10.86,3.89,6.91
8474,20,2,12,2007,-0.16499999999999998,11.1,4.3500000000000005,7.12
8475,20,3,12,2007,0.4583333333333334,11.68,5.04,7.82
8476,20,4,12,2007,0.21333333333333326,11.26,4.46,7.27
8477,20,5,12,2007,-1.0008333333333332,10.15,3.3000000000000003,6.68
8478,20,6,12,2007,-0.06750000000000002,8.58,4.32,6.97
8479,20,7,12,2007,-0.8808333333333334,7.45,4.62,6.83
8480,20,8,12,2007,-2.1558333333333333,7.0600000000000005,3.62,6.04
8481,20,9,12,2007,-2.2875,6.15,3.14,5.43
8482,20,10,12,2007,-2.915833333333333,5.98,2.67,4.87
8483,20,11,12,2007,-3.9275,4.88,2.89,4.5200000000000005
8484,20,12,12,2007,-4.180833333333334,5.13,2.84,4.44
8485,20,13,12,2007,-4.715000000000001,5.76,3.52,5.92
8486,20,14,12,2007,-5.425833333333333,5.86,3.96,6.3
8487,20,15,12,2007,-5.498333333333334,5.84,3.56,6.16
8488,20,16,12,2007,-4.925833333333333,5.12,3.21,5.32
8489,20,17,12,2007,-3.5949999999999993,4.54,2.91,4.04
8490,20,18,12,2007,-2.001666666666667,3.79,2.62,2.99
8491,20,19,12,2007,-0.8133333333333335,3.7,2.44,2.84
8492,20,20,12,2007,-0.5175000000000001,3.13,1.95,2.3000000000000003
8493,20,21,12,2007,-1.4658333333333333,2.77,2.2,3.18
8494,20,22,12,2007,-2.7616666666666667,2.83,2.8000000000000003,3.78
8495,20,23,12,2007,-3.2583333333333333,2.46,2.83,3.69
8496,21,0,12,2007,-2.9275,1.68,2.93,3.2
8497,21,1,12,2007,-2.5808333333333335,1.2,2.51,2.5
8498,21,2,12,2007,-3.0366666666666666,2.21,3.04,3.81
8499,21,3,12,2007,-2.8266666666666675,2.12,2.81,3.62
8500,21,4,12,2007,-2.660833333333334,2.54,2.53,2.95
8501,21,5,12,2007,-2.9175,3.58,2.87,4.22
8502,21,6,12,2007,-2.9999999999999996,5.07,3.82,5.55
8503,21,7,12,2007,-3.69,6.01,3.37,6.0200000000000005
8504,21,8,12,2007,-3.875833333333334,8.44,4.33,7.04
8505,21,9,12,2007,-3.635,8.4,4.25,6.98
8506,21,10,12,2007,-3.8425,8.88,3.99,6.87
8507,21,11,12,2007,-4.525833333333332,9.78,4.01,6.94
8508,21,12,12,2007,-3.9916666666666667,11.18,4.78,7.48
8509,21,13,12,2007,-3.3425,12.0,5.4,8.1
8510,21,14,12,2007,-2.1991666666666667,11.89,5.82,8.38
8511,21,15,12,2007,-1.6674999999999998,11.52,5.5600000000000005,7.79
8512,21,16,12,2007,-0.8325000000000001,11.06,5.98,7.91
8513,21,17,12,2007,0.3958333333333333,11.62,6.32,8.540000000000001
8514,21,18,12,2007,1.1691666666666667,10.7,5.87,7.99
8515,21,19,12,2007,1.2983333333333336,10.64,5.65,7.85
8516,21,20,12,2007,1.4174999999999998,9.86,4.69,6.84
8517,21,21,12,2007,1.5383333333333333,10.37,4.32,6.8
8518,21,22,12,2007,1.3724999999999998,10.1,3.89,6.38
8519,21,23,12,2007,1.0,8.9,2.4,4.8
8520,22,0,12,2007,1.0616666666666668,9.42,3.67,5.98
8521,22,1,12,2007,1.0658333333333332,9.45,3.77,6.05
8522,22,2,12,2007,0.7999999999999998,9.4,3.93,5.8500000000000005
8523,22,3,12,2007,0.7883333333333334,8.92,4.12,6.03
8524,22,4,12,2007,0.57,5.74,1.8,3.47
8525,22,5,12,2007,0.5783333333333335,7.0,3.37,5.15
8526,22,6,12,2007,0.6933333333333334,9.2,4.88,6.79
8527,22,7,12,2007,0.4766666666666666,9.99,5.82,7.85
8528,22,8,12,2007,0.4191666666666667,11.44,6.7700000000000005,9.06
8529,22,9,12,2007,0.047499999999999994,12.44,7.59,10.01
8530,22,10,12,2007,-0.5066666666666667,13.63,8.33,11.07
8531,22,11,12,2007,-2.188333333333333,14.27,9.38,12.06
8532,22,12,12,2007,-3.6425,15.23,9.99,12.9
8533,22,13,12,2007,-4.888333333333333,15.49,9.99,12.88
8534,22,14,12,2007,-5.925833333333333,14.49,9.13,11.67
8535,22,15,12,2007,-6.471666666666667,14.66,8.71,11.39
8536,22,16,12,2007,-6.764166666666667,14.01,8.57,11.0
8537,22,17,12,2007,-6.846666666666667,13.49,8.75,11.11
8538,22,18,12,2007,-7.398333333333334,15.63,10.25,13.04
8539,22,19,12,2007,-8.108333333333334,16.7,10.92,13.87
8540,22,20,12,2007,-8.043333333333333,15.88,9.44,12.19
8541,22,21,12,2007,-7.45,13.66,8.68,11.36
8542,22,22,12,2007,-7.454999999999999,13.42,8.26,10.94
8543,22,23,12,2007,-7.515833333333333,13.32,8.1,10.75
8544,23,0,12,2007,-7.7625,13.53,8.22,10.92
8545,23,1,12,2007,-7.924166666666667,12.56,7.49,10.04
8546,23,2,12,2007,-8.526666666666666,12.57,6.9,9.53
8547,23,3,12,2007,-9.464166666666667,13.22,6.57,9.67
8548,23,4,12,2007,-11.105833333333331,12.71,5.51,9.26
8549,23,5,12,2007,-11.345833333333333,11.96,5.71,8.75
8550,23,6,12,2007,-11.81416666666667,12.74,5.88,9.15
8551,23,7,12,2007,-11.628333333333332,12.69,5.92,9.08
8552,23,8,12,2007,-12.315833333333332,12.57,5.68,9.15
8553,23,9,12,2007,-12.181666666666667,11.21,4.88,8.19
8554,23,10,12,2007,-12.904166666666667,10.34,4.78,7.57
8555,23,11,12,2007,-13.603333333333333,11.68,5.0200000000000005,8.2
8556,23,12,12,2007,-13.48166666666667,11.14,3.87,7.5
8557,23,13,12,2007,-12.819166666666666,11.45,4.59,7.71
8558,23,14,12,2007,-12.080833333333333,12.24,5.97,8.63
8559,23,15,12,2007,-10.591666666666667,12.41,6.76,9.23
8560,23,16,12,2007,-9.263333333333334,11.58,6.84,9.04
8561,23,17,12,2007,-8.239166666666668,10.7,6.74,8.72
8562,23,18,12,2007,-7.248333333333332,10.27,6.54,8.45
8563,23,19,12,2007,-6.4875,9.59,5.89,7.62
8564,23,20,12,2007,-6.2316666666666665,10.0,5.8,7.71
8565,23,21,12,2007,-6.301666666666667,11.78,5.83,8.55
8566,23,22,12,2007,-6.8374999999999995,13.67,6.6400000000000015,9.95
8567,23,23,12,2007,-6.555833333333332,14.48,7.12,10.51
8568,24,0,12,2007,-6.901666666666667,14.38,7.16,10.51
8569,24,1,12,2007,-6.230833333333333,14.43,7.16,10.51
8570,24,2,12,2007,-6.231666666666668,14.61,6.7,10.44
8571,24,3,12,2007,-5.834166666666667,14.2,6.5600000000000005,10.18
8572,24,4,12,2007,-6.0183333333333335,13.22,5.75,9.3
8573,24,5,12,2007,-6.5299999999999985,12.9,5.53,9.06
8574,24,6,12,2007,-5.766666666666667,12.81,5.63,8.72
8575,24,7,12,2007,-6.128333333333334,12.58,5.46,8.59
8576,24,8,12,2007,-5.358333333333334,11.88,5.88,8.99
8577,24,9,12,2007,-5.866666666666666,12.21,5.51,8.67
8578,24,10,12,2007,-7.011666666666668,10.15,4.79,7.85
8579,24,11,12,2007,-7.659166666666668,10.04,4.69,8.11
8580,24,12,12,2007,-8.8125,8.73,3.92,7.85
8581,24,13,12,2007,-8.685833333333333,8.620000000000001,3.77,7.5
8582,24,14,12,2007,-7.953333333333333,6.3100000000000005,3.85,5.5600000000000005
8583,24,15,12,2007,-7.446666666666665,5.7,3.84,5.3100000000000005
8584,24,16,12,2007,-6.573333333333333,5.62,3.37,4.8500000000000005
8585,24,17,12,2007,-5.72,5.58,3.16,4.61
8586,24,18,12,2007,-4.453333333333333,6.18,3.33,4.51
8587,24,19,12,2007,-3.2633333333333336,6.78,4.0200000000000005,5.4
8588,24,20,12,2007,-2.4791666666666665,8.58,4.68,6.62
8589,24,21,12,2007,-2.390833333333333,9.1,4.92,7.6
8590,24,22,12,2007,-2.5799999999999996,10.58,5.49,8.370000000000001
8591,24,23,12,2007,-3.2450000000000006,10.93,6.01,8.76
8592,25,0,12,2007,-3.4150000000000005,11.9,6.41,9.61
8593,25,1,12,2007,-3.5349999999999997,13.23,6.68,9.78
8594,25,2,12,2007,-3.4375,13.26,6.65,9.62
8595,25,3,12,2007,-3.005833333333333,13.7,6.58,9.64
8596,25,4,12,2007,-2.0775,13.88,6.6000000000000005,9.66
8597,25,5,12,2007,-1.8350000000000002,14.11,6.41,9.61
8598,25,6,12,2007,-1.6124999999999998,14.75,6.8500000000000005,10.2
8599,25,7,12,2007,-1.285,14.64,6.88,10.22
8600,25,8,12,2007,-1.1224999999999998,14.76,7.17,10.4
8601,25,9,12,2007,-0.5375,15.06,7.51,10.77
8602,25,10,12,2007,-0.9566666666666667,14.5,7.44,10.53
8603,25,11,12,2007,-0.6066666666666668,14.89,7.58,10.72
8604,25,12,12,2007,-0.41250000000000003,14.93,7.72,10.88
8605,25,13,12,2007,-0.7758333333333334,13.48,6.7,9.65
8606,25,14,12,2007,-1.0858333333333334,13.88,6.83,9.78
8607,25,15,12,2007,-0.4083333333333334,13.51,6.74,9.53
8608,25,16,12,2007,-0.145,12.19,6.49,8.98
8609,25,17,12,2007,0.7358333333333333,10.69,5.73,7.94
8610,25,18,12,2007,0.8275,9.18,5.01,6.95
8611,25,19,12,2007,0.7508333333333335,8.65,4.51,6.3900000000000015
8612,25,20,12,2007,0.6441666666666668,8.61,4.44,6.32
8613,25,21,12,2007,-0.42250000000000004,8.870000000000003,3.2,5.74
8614,25,22,12,2007,-1.9200000000000002,9.85,3.42,7.03
8615,25,23,12,2007,-2.0816666666666666,10.6,3.68,7.31
8616,26,0,12,2007,-2.0899999999999994,10.67,3.73,7.5
8617,26,1,12,2007,-2.4875000000000003,10.31,3.64,7.44
8618,26,2,12,2007,-2.7883333333333336,11.36,4.3500000000000005,8.11
8619,26,3,12,2007,-1.6933333333333336,10.91,4.49,8.040000000000001
8620,26,4,12,2007,-4.364166666666667,7.12,3.41,6.1000000000000005
8621,26,5,12,2007,-5.487500000000001,3.25,3.15,4.93
8622,26,6,12,2007,-6.829999999999998,6.18,3.81,6.67
8623,26,7,12,2007,-6.682500000000001,8.36,3.96,6.78
8624,26,8,12,2007,-6.404166666666666,9.64,3.97,7.07
8625,26,9,12,2007,-5.829166666666667,9.87,4.0200000000000005,7.1400000000000015
8626,26,10,12,2007,-4.723333333333334,9.66,4.92,6.95
8627,26,11,12,2007,-4.080833333333333,8.53,5.04,6.61
8628,26,12,12,2007,-3.8683333333333336,8.23,5.03,6.57
8629,26,13,12,2007,-3.7900000000000005,8.33,5.25,6.78
8630,26,14,12,2007,-3.7608333333333337,9.02,5.69,7.29
8631,26,15,12,2007,-3.6591666666666662,8.950000000000003,5.18,7.07
8632,26,16,12,2007,-3.0674999999999994,8.65,5.36,6.76
8633,26,17,12,2007,-2.4766666666666666,7.9300000000000015,5.17,6.43
8634,26,18,12,2007,-2.000833333333333,7.65,5.37,6.63
8635,26,19,12,2007,-2.023333333333333,7.79,5.23,6.51
8636,26,20,12,2007,-2.331666666666667,8.040000000000001,4.99,6.42
8637,26,21,12,2007,-2.8641666666666663,8.56,4.33,6.5
8638,26,22,12,2007,-3.7341666666666664,9.19,4.41,7.2
8639,26,23,12,2007,-4.615833333333334,10.36,5.01,7.8900000000000015
8640,27,0,12,2007,-5.683333333333334,11.19,5.13,8.03
8641,27,1,12,2007,-6.623333333333332,11.16,4.94,7.99
8642,27,2,12,2007,-7.605833333333334,11.04,4.78,7.9
8643,27,3,12,2007,-8.511666666666668,10.42,4.5200000000000005,7.72
8644,27,4,12,2007,-9.496666666666666,9.67,4.41,7.63
8645,27,5,12,2007,-10.013333333333334,9.44,4.37,7.6
8646,27,6,12,2007,-11.334166666666668,8.55,3.68,7.43
8647,27,7,12,2007,-11.778333333333334,7.79,3.53,7.28
8648,27,8,12,2007,-12.157499999999999,7.18,3.45,6.74
8649,27,9,12,2007,-12.6,7.2,3.51,6.72
8650,27,10,12,2007,-13.02833333333333,7.28,3.38,6.51
8651,27,11,12,2007,-13.288333333333332,7.3,3.41,6.6000000000000005
8652,27,12,12,2007,-13.496666666666664,6.98,3.22,6.29
8653,27,13,12,2007,-13.593333333333334,6.87,3.34,6.45
8654,27,14,12,2007,-13.774166666666666,6.7,3.3000000000000003,6.3900000000000015
8655,27,15,12,2007,-12.853333333333333,6.1400000000000015,3.21,5.63
8656,27,16,12,2007,-11.860833333333332,5.6000000000000005,2.49,3.84
8657,27,17,12,2007,-10.525833333333333,4.78,2.34,3.02
8658,27,18,12,2007,-9.652500000000002,4.64,2.31,2.61
8659,27,19,12,2007,-9.229166666666666,4.32,2.11,2.3000000000000003
8660,27,20,12,2007,-8.834166666666667,4.45,2.32,3.13
8661,27,21,12,2007,-8.848333333333334,5.44,2.8000000000000003,4.18
8662,27,22,12,2007,-8.959166666666667,6.16,3.3200000000000003,4.74
8663,27,23,12,2007,-8.820833333333335,7.03,3.73,5.26
8664,28,0,12,2007,-8.804166666666665,7.49,3.72,5.3100000000000005
8665,28,1,12,2007,-8.716666666666667,7.81,3.67,5.5
8666,28,2,12,2007,-8.460833333333333,7.86,3.97,5.6000000000000005
8667,28,3,12,2007,-8.406666666666668,7.38,3.86,5.32
8668,28,4,12,2007,-8.390833333333333,6.51,3.75,5.04
8669,28,5,12,2007,-8.221666666666666,6.3900000000000015,3.87,5.05
8670,28,6,12,2007,-8.114166666666664,6.41,3.82,5.09
8671,28,7,12,2007,-8.054166666666665,6.45,3.77,5.12
8672,28,8,12,2007,-8.070833333333333,6.75,3.9,5.44
8673,28,9,12,2007,-8.093333333333334,7.32,4.09,5.84
8674,28,10,12,2007,-8.040833333333333,7.33,4.03,5.8
8675,28,11,12,2007,-7.9316666666666675,7.25,3.87,5.66
8676,28,12,12,2007,-7.934166666666667,7.77,4.18,6.0
8677,28,13,12,2007,-7.8175,7.83,4.53,6.09
8678,28,14,12,2007,-7.643333333333334,7.7,4.96,6.37
8679,28,15,12,2007,-7.399166666666667,7.57,4.79,6.42
8680,28,16,12,2007,-6.950000000000002,7.19,4.92,5.95
8681,28,17,12,2007,-6.815,8.09,5.01,6.42
8682,28,18,12,2007,-6.424166666666667,8.09,4.93,6.22
8683,28,19,12,2007,-6.113333333333333,7.33,4.58,5.71
8684,28,20,12,2007,-5.955000000000001,7.5,4.46,5.88
8685,28,21,12,2007,-6.41,7.83,4.22,6.5200000000000005
8686,28,22,12,2007,-7.131666666666667,8.77,5.0600000000000005,7.52
8687,28,23,12,2007,-7.609166666666667,9.07,5.5600000000000005,8.05
8688,29,0,12,2007,-7.771666666666666,8.84,5.68,8.34
8689,29,1,12,2007,-8.805000000000001,9.73,5.29,8.290000000000001
8690,29,2,12,2007,-8.536666666666667,10.7,6.38,8.870000000000003
8691,29,3,12,2007,-7.905000000000001,11.0,6.5,9.0
8692,29,4,12,2007,-8.073333333333332,10.72,6.0600000000000005,8.73
8693,29,5,12,2007,-8.141666666666667,10.28,6.0,8.51
8694,29,6,12,2007,-8.090000000000002,11.11,6.08,8.63
8695,29,7,12,2007,-7.966666666666666,11.96,6.41,8.94
8696,29,8,12,2007,-8.449166666666667,11.74,5.91,8.700000000000001
8697,29,9,12,2007,-8.691666666666666,11.51,6.63,9.31
8698,29,10,12,2007,-8.951666666666666,11.47,6.83,9.43
8699,29,11,12,2007,-8.853333333333333,11.42,6.78,9.36
8700,29,12,12,2007,-9.036666666666667,11.4,6.3100000000000005,9.01
8701,29,13,12,2007,-8.988333333333333,11.62,6.55,9.26
8702,29,14,12,2007,-8.971666666666668,11.21,6.45,9.06
8703,29,15,12,2007,-8.326666666666666,11.53,6.91,9.02
8704,29,16,12,2007,-6.629166666666667,11.63,7.07,9.14
8705,29,17,12,2007,-5.629166666666666,10.76,6.79,8.69
8706,29,18,12,2007,-4.515000000000001,9.62,6.09,7.8
8707,29,19,12,2007,-3.9441666666666664,9.13,5.46,7.19
8708,29,20,12,2007,-4.069166666666669,9.73,5.15,7.04
8709,29,21,12,2007,-4.733333333333333,9.92,4.86,7.03
8710,29,22,12,2007,-5.6450000000000005,10.76,5.19,8.02
8711,29,23,12,2007,-6.284166666666667,11.42,5.49,8.42
8712,30,0,12,2007,-6.572500000000001,11.47,5.83,8.64
8713,30,1,12,2007,-6.3425,11.22,6.0,8.81
8714,30,2,12,2007,-6.509166666666666,11.04,5.65,8.55
8715,30,3,12,2007,-7.163333333333334,10.97,5.93,8.73
8716,30,4,12,2007,-6.959166666666666,11.02,5.99,8.74
8717,30,5,12,2007,-6.524166666666666,11.12,6.07,8.75
8718,30,6,12,2007,-6.153333333333333,11.14,6.22,8.84
8719,30,7,12,2007,-6.0424999999999995,11.14,6.34,8.96
8720,30,8,12,2007,-6.255833333333334,11.14,6.37,8.94
8721,30,9,12,2007,-7.095,10.77,6.25,8.74
8722,30,10,12,2007,-8.095833333333333,10.61,5.94,8.51
8723,30,11,12,2007,-8.805000000000001,10.03,6.0,8.68
8724,30,12,12,2007,-8.856666666666667,10.68,6.8900000000000015,9.47
8725,30,13,12,2007,-9.269166666666669,11.26,6.8500000000000005,9.43
8726,30,14,12,2007,-8.925833333333335,11.86,7.23,9.45
8727,30,15,12,2007,-8.433333333333335,11.93,7.58,9.79
8728,30,16,12,2007,-8.719166666666668,11.51,7.19,9.31
8729,30,17,12,2007,-7.947500000000001,10.7,6.17,8.2
8730,30,18,12,2007,-6.593333333333333,10.2,5.74,8.0
8731,30,19,12,2007,-6.355833333333333,8.58,5.37,6.8900000000000015
8732,30,20,12,2007,-6.175833333333333,9.32,5.39,6.92
8733,30,21,12,2007,-6.527500000000001,11.03,6.11,8.6
8734,30,22,12,2007,-7.221666666666667,11.73,6.29,9.15
8735,30,23,12,2007,-7.859999999999999,12.09,6.3900000000000015,9.37
8736,31,0,12,2007,-8.0875,12.17,6.4,9.43
8737,31,1,12,2007,-7.875,11.98,6.3900000000000015,9.41
8738,31,2,12,2007,-7.531666666666666,10.58,5.89,8.64
8739,31,3,12,2007,-7.858333333333333,9.52,5.78,8.23
8740,31,4,12,2007,-6.427500000000001,8.93,5.59,8.13
8741,31,5,12,2007,-5.2666666666666675,7.74,4.8500000000000005,6.79
8742,31,6,12,2007,-5.765000000000001,8.790000000000001,5.66,7.73
8743,31,7,12,2007,-5.2541666666666655,10.14,6.08,8.15
8744,31,8,12,2007,-5.333333333333333,6.83,2.94,4.99
8745,31,9,12,2007,-6.82,4.15,1.13,2.44
8746,31,10,12,2007,-8.739999999999998,3.73,1.25,2.23
8747,31,11,12,2007,-8.2075,2.97,2.27,3.16
8748,31,12,12,2007,-8.6225,5.62,4.2700000000000005,5.98
8749,31,13,12,2007,-8.9825,8.82,5.01,7.68
8750,31,14,12,2007,-8.115833333333333,9.36,4.97,7.1400000000000015
8751,31,15,12,2007,-5.380833333333334,8.86,4.78,6.53
8752,31,16,12,2007,-4.626666666666668,7.94,4.9,6.21
8753,31,17,12,2007,-4.350833333333333,7.87,5.18,6.3
8754,31,18,12,2007,-3.7708333333333335,7.96,5.68,6.8900000000000015
8755,31,19,12,2007,-3.0783333333333336,8.86,5.87,7.28
8756,31,20,12,2007,-3.0524999999999998,10.21,6.3900000000000015,8.33
8757,31,21,12,2007,-2.804166666666667,11.01,7.09,9.13
8758,31,22,12,2007,-3.230833333333333,11.16,5.36,7.8900000000000015
8759,31,23,12,2007,-3.9041666666666663,14.65,7.32,10.45
8760,1,0,1,2008,-1.2900000000000003,13.44,6.88,9.93
8761,1,1,1,2008,-1.8991666666666667,13.62,6.8900000000000015,9.96
8762,1,2,1,2008,-2.430833333333333,12.46,6.0600000000000005,8.870000000000003
8763,1,3,1,2008,-2.6758333333333337,13.17,6.8500000000000005,9.74
8764,1,4,1,2008,-2.7441666666666666,12.3,6.47,9.19
8765,1,5,1,2008,-2.829166666666667,13.33,7.48,10.33
8766,1,6,1,2008,-3.2883333333333336,15.85,8.45,11.9
8767,1,7,1,2008,-3.9016666666666673,15.88,9.5,12.74
8768,1,8,1,2008,-4.675,15.85,9.76,12.92
8769,1,9,1,2008,-5.242500000000001,14.82,9.12,12.19
8770,1,10,1,2008,-5.849166666666668,12.63,7.56,10.17
8771,1,11,1,2008,-6.4941666666666675,13.98,8.14,10.98
8772,1,12,1,2008,-7.170000000000001,14.17,8.17,11.01
8773,1,13,1,2008,-7.914166666666667,15.84,9.6,12.71
8774,1,14,1,2008,-8.156666666666668,17.76,11.39,14.84
8775,1,15,1,2008,-7.879999999999999,14.31,9.81,12.45
8776,1,16,1,2008,-7.564166666666668,12.89,8.92,11.24
8777,1,17,1,2008,-7.277500000000001,15.23,10.66,13.4
8778,1,18,1,2008,-6.913333333333334,15.59,11.02,13.8
8779,1,19,1,2008,-6.445,13.14,9.27,11.59
8780,1,20,1,2008,-6.083333333333332,13.9,9.64,12.19
8781,1,21,1,2008,-6.156666666666667,14.44,10.06,12.73
8782,1,22,1,2008,-6.554166666666667,13.74,9.55,12.02
8783,1,23,1,2008,-7.094166666666667,11.82,6.78,9.28
8784,2,0,1,2008,-7.491666666666668,12.08,7.01,9.51
8785,2,1,1,2008,-7.764166666666668,14.65,8.25,11.2
8786,2,2,1,2008,-8.326666666666668,12.05,6.99,9.54
8787,2,3,1,2008,-8.676666666666666,12.49,7.13,9.76
8788,2,4,1,2008,-9.190833333333334,14.12,7.78,10.83
8789,2,5,1,2008,-9.699166666666668,13.64,7.54,10.5
8790,2,6,1,2008,-9.894166666666669,11.91,6.3100000000000005,8.96
8791,2,7,1,2008,-10.28,11.72,6.32,8.94
8792,2,8,1,2008,-10.5825,11.44,6.24,8.790000000000001
8793,2,9,1,2008,-10.856666666666664,11.4,6.18,8.74
8794,2,10,1,2008,-11.1825,10.4,5.26,7.72
8795,2,11,1,2008,-11.49,9.6,4.36,6.78
8796,2,12,1,2008,-11.703333333333333,9.82,4.63,7.11
8797,2,13,1,2008,-11.895000000000001,9.47,4.38,6.8500000000000005
8798,2,14,1,2008,-11.545833333333334,9.26,4.79,6.73
8799,2,15,1,2008,-10.809166666666664,7.77,4.96,6.0600000000000005
8800,2,16,1,2008,-9.808333333333332,5.3,3.98,4.82
8801,2,17,1,2008,-8.631666666666666,4.33,3.33,3.99
8802,2,18,1,2008,-7.395833333333335,4.08,3.22,3.81
8803,2,19,1,2008,-6.345833333333332,3.33,2.6,3.09
8804,2,20,1,2008,-5.611666666666667,2.87,2.28,2.69
8805,2,21,1,2008,-5.310833333333333,2.16,1.79,2.08
8806,2,22,1,2008,-5.644166666666667,2.57,1.58,2.41
8807,2,23,1,2008,-6.2825,3.06,1.32,2.72
8808,3,0,1,2008,-6.785833333333334,4.9,2.68,4.39
8809,3,1,1,2008,-7.046666666666667,7.2,3.33,5.38
8810,3,2,1,2008,-7.553333333333332,7.97,3.8,5.97
8811,3,3,1,2008,-7.9125000000000005,9.07,4.59,6.8
8812,3,4,1,2008,-8.259166666666667,10.24,5.26,7.59
8813,3,5,1,2008,-8.528333333333334,11.01,5.65,8.02
8814,3,6,1,2008,-8.725833333333336,11.67,6.21,8.69
8815,3,7,1,2008,-8.757499999999999,12.8,7.0600000000000005,9.72
8816,3,8,1,2008,-8.754999999999999,13.23,7.28,10.01
8817,3,9,1,2008,-8.647499999999999,13.88,7.68,10.53
8818,3,10,1,2008,-8.701666666666668,14.3,8.040000000000001,10.96
8819,3,11,1,2008,-8.649166666666668,14.91,8.36,11.42
8820,3,12,1,2008,-8.538333333333334,15.39,8.68,11.85
8821,3,13,1,2008,-8.410833333333334,15.41,8.73,11.9
8822,3,14,1,2008,-7.4316666666666675,16.46,10.45,13.65
8823,3,15,1,2008,-5.530833333333334,16.4,10.4,13.61
8824,3,16,1,2008,-4.288333333333333,13.81,9.32,11.68
8825,3,17,1,2008,-2.305,13.63,9.6,11.95
8826,3,18,1,2008,-0.8041666666666666,13.52,9.52,11.91
8827,3,19,1,2008,0.4991666666666667,13.56,9.53,11.94
8828,3,20,1,2008,1.320833333333333,13.52,9.48,11.9
8829,3,21,1,2008,1.4391666666666667,13.39,8.66,11.18
8830,3,22,1,2008,0.4733333333333332,14.62,7.53,10.65
8831,3,23,1,2008,-0.5483333333333333,15.96,8.540000000000001,12.05
8832,4,0,1,2008,-0.9225,16.67,9.33,12.87
8833,4,1,1,2008,-1.2025,17.06,9.72,13.3
8834,4,2,1,2008,-1.5666666666666664,17.04,9.78,13.29
8835,4,3,1,2008,-1.8475000000000001,17.01,9.78,13.29
8836,4,4,1,2008,-1.9008333333333332,16.63,9.45,12.88
8837,4,5,1,2008,-1.9100000000000001,15.86,8.69,12.03
8838,4,6,1,2008,-2.0708333333333333,15.43,8.35,11.6
8839,4,7,1,2008,-2.2816666666666667,15.87,8.69,12.01
8840,4,8,1,2008,-2.4625,16.09,8.950000000000003,12.27
8841,4,9,1,2008,-2.704166666666666,15.82,8.75,12.01
8842,4,10,1,2008,-3.0058333333333334,15.25,8.31,11.46
8843,4,11,1,2008,-3.1933333333333334,14.82,8.02,11.13
8844,4,12,1,2008,-3.2775,15.02,8.17,11.33
8845,4,13,1,2008,-3.348333333333333,14.97,8.1,11.26
8846,4,14,1,2008,-2.869166666666666,14.68,8.97,11.67
8847,4,15,1,2008,-1.2058333333333333,13.97,8.870000000000003,11.55
8848,4,16,1,2008,0.05249999999999999,11.04,7.36,9.25
8849,4,17,1,2008,1.3758333333333335,9.68,6.93,8.56
8850,4,18,1,2008,2.875,8.99,6.42,7.95
8851,4,19,1,2008,3.4741666666666666,8.96,6.5,8.02
8852,4,20,1,2008,4.588333333333334,9.12,6.28,7.91
8853,4,21,1,2008,4.430833333333333,8.950000000000003,5.68,7.42
8854,4,22,1,2008,3.1933333333333334,11.2,4.51,7.6400000000000015
8855,4,23,1,2008,2.1375,12.89,5.7700000000000005,9.16
8856,5,0,1,2008,1.6508333333333336,12.75,5.53,8.91
8857,5,1,1,2008,1.4183333333333332,13.6,7.0600000000000005,10.09
8858,5,2,1,2008,1.8475000000000001,13.97,7.13,10.17
8859,5,3,1,2008,2.243333333333333,14.81,8.3,11.35
8860,5,4,1,2008,2.631666666666667,14.09,8.03,10.97
8861,5,5,1,2008,2.7366666666666664,12.04,7.0200000000000005,9.47
8862,5,6,1,2008,2.7933333333333334,11.75,6.59,9.03
8863,5,7,1,2008,2.9858333333333333,12.99,7.51,10.13
8864,5,8,1,2008,3.1016666666666666,12.44,7.17,9.69
8865,5,9,1,2008,2.793333333333333,12.37,7.03,9.52
8866,5,10,1,2008,2.4366666666666665,11.62,6.5600000000000005,8.84
8867,5,11,1,2008,2.0858333333333334,10.71,5.98,8.0
8868,5,12,1,2008,1.4275,10.32,6.16,8.21
8869,5,13,1,2008,1.8925,12.2,7.57,9.98
8870,5,14,1,2008,2.335,11.6,7.13,9.42
8871,5,15,1,2008,2.5158333333333336,11.56,7.11,9.39
8872,5,16,1,2008,2.664166666666666,8.59,4.99,6.8100000000000005
8873,5,17,1,2008,3.1616666666666666,8.71,4.43,6.75
8874,5,18,1,2008,3.9466666666666668,8.74,5.33,6.6400000000000015
8875,5,19,1,2008,5.345,6.86,5.12,6.13
8876,5,20,1,2008,7.19,6.98,4.92,5.88
8877,5,21,1,2008,8.519166666666669,9.52,5.2700000000000005,6.99
8878,5,22,1,2008,7.969166666666667,12.89,5.15,8.75
8879,5,23,1,2008,7.932500000000001,15.97,7.79,11.56
8880,6,0,1,2008,8.1075,16.17,7.77,11.56
8881,6,1,1,2008,7.940833333333334,16.53,7.85,11.7
8882,6,2,1,2008,8.2475,16.73,8.35,12.2
8883,6,3,1,2008,8.235,16.44,8.27,11.96
8884,6,4,1,2008,7.833333333333335,15.87,7.99,11.46
8885,6,5,1,2008,7.704166666666667,15.48,7.94,11.39
8886,6,6,1,2008,7.59,15.42,7.33,10.7
8887,6,7,1,2008,6.889166666666665,14.28,6.43,9.75
8888,6,8,1,2008,6.181666666666666,12.14,5.45,8.48
8889,6,9,1,2008,4.369166666666667,9.02,3.3200000000000003,5.84
8890,6,10,1,2008,3.199166666666667,6.58,4.08,5.26
8891,6,11,1,2008,2.8725,5.93,3.64,4.7
8892,6,12,1,2008,1.5358333333333334,6.82,4.16,5.47
8893,6,13,1,2008,0.8908333333333336,8.540000000000001,4.79,6.37
8894,6,14,1,2008,0.23500000000000001,7.75,3.94,5.3100000000000005
8895,6,15,1,2008,1.3383333333333336,6.99,3.49,4.98
8896,6,16,1,2008,4.751666666666667,5.92,3.0500000000000003,3.35
8897,6,17,1,2008,7.093333333333334,3.61,2.74,3.2
8898,6,18,1,2008,8.541666666666664,2.97,2.29,2.71
8899,6,19,1,2008,9.484166666666667,2.28,1.83,2.14
8900,6,20,1,2008,10.134166666666667,2.46,1.97,2.3000000000000003
8901,6,21,1,2008,10.201666666666666,2.08,1.66,1.94
8902,6,22,1,2008,9.143333333333333,1.24,0.8200000000000001,1.32
8903,6,23,1,2008,7.983333333333334,1.35,0.56,1.08
8904,7,0,1,2008,7.195000000000001,1.87,0.49,1.36
8905,7,1,1,2008,6.552500000000001,1.8,0.73,1.53
8906,7,2,1,2008,6.088333333333334,1.86,0.56,1.32
8907,7,3,1,2008,5.685,1.51,0.35000000000000003,0.97
8908,7,4,1,2008,5.235833333333333,1.36,0.27,0.73
8909,7,5,1,2008,4.488333333333332,2.3000000000000003,0.79,1.69
8910,7,6,1,2008,3.579166666666667,4.01,1.67,3.27
8911,7,7,1,2008,3.4066666666666667,4.17,1.66,3.27
8912,7,8,1,2008,3.114166666666667,5.17,1.77,3.56
8913,7,9,1,2008,2.9525000000000006,7.52,2.13,3.75
8914,7,10,1,2008,4.158333333333334,11.37,4.36,7.16
8915,7,11,1,2008,8.191666666666668,11.96,6.01,8.67
8916,7,12,1,2008,8.535000000000002,11.75,5.33,8.09
8917,7,13,1,2008,8.204166666666667,10.29,3.92,6.7
8918,7,14,1,2008,7.870833333333334,11.94,4.5,7.71
8919,7,15,1,2008,9.799166666666666,11.8,6.47,8.86
8920,7,16,1,2008,9.3,11.21,6.8100000000000005,9.1
8921,7,17,1,2008,7.721666666666668,10.89,7.18,9.06
8922,7,18,1,2008,8.276666666666666,7.17,5.3,6.45
8923,7,19,1,2008,9.345833333333333,4.75,3.63,4.3500000000000005
8924,7,20,1,2008,10.329166666666666,4.71,3.59,4.3100000000000005
8925,7,21,1,2008,10.319999999999999,4.36,3.31,3.99
8926,7,22,1,2008,9.242500000000001,5.49,2.4,4.75
8927,7,23,1,2008,8.275,5.99,2.83,5.25
8928,8,0,1,2008,8.0825,5.7700000000000005,3.17,5.26
8929,8,1,1,2008,7.642499999999999,5.93,3.12,5.36
8930,8,2,1,2008,7.136666666666666,7.5,3.47,6.13
8931,8,3,1,2008,6.301666666666667,7.79,3.47,6.07
8932,8,4,1,2008,5.677500000000001,8.09,3.72,6.17
8933,8,5,1,2008,5.208333333333333,8.290000000000001,3.84,6.24
8934,8,6,1,2008,4.440833333333333,8.64,4.18,6.59
8935,8,7,1,2008,3.5574999999999997,9.74,5.09,7.5
8936,8,8,1,2008,3.4675,10.23,4.95,7.37
8937,8,9,1,2008,3.0958333333333328,10.03,4.8,7.12
8938,8,10,1,2008,2.605,9.36,5.61,7.49
8939,8,11,1,2008,1.9708333333333332,9.27,5.49,7.36
8940,8,12,1,2008,1.6866666666666668,9.56,5.72,7.6400000000000015
8941,8,13,1,2008,1.4291666666666665,10.13,6.0200000000000005,8.1
8942,8,14,1,2008,1.2975,11.5,7.28,9.61
8943,8,15,1,2008,1.1775,11.43,7.11,9.47
8944,8,16,1,2008,2.0108333333333333,9.92,7.22,8.950000000000003
8945,8,17,1,2008,2.27,9.71,7.13,8.81
8946,8,18,1,2008,3.3200000000000003,10.02,7.25,8.99
8947,8,19,1,2008,4.427499999999999,10.33,7.43,9.24
8948,8,20,1,2008,5.261666666666668,10.21,7.32,9.11
8949,8,21,1,2008,5.599166666666666,9.96,7.03,8.83
8950,8,22,1,2008,4.57,9.92,4.21,7.55
8951,8,23,1,2008,3.3958333333333326,10.67,4.47,7.98
8952,9,0,1,2008,2.4133333333333327,10.07,4.22,7.6400000000000015
8953,9,1,1,2008,1.6641666666666666,10.03,3.88,7.1000000000000005
8954,9,2,1,2008,1.505,8.49,3.97,6.6000000000000005
8955,9,3,1,2008,1.2758333333333332,8.09,4.18,7.13
8956,9,4,1,2008,1.1658333333333333,8.3,4.18,7.21
8957,9,5,1,2008,0.6558333333333334,7.22,3.65,6.47
8958,9,6,1,2008,0.1675,5.78,3.65,5.34
8959,9,7,1,2008,-0.15166666666666664,5.94,3.5,5.34
8960,9,8,1,2008,0.06666666666666665,7.0,4.4,6.6000000000000005
8961,9,9,1,2008,0.3358333333333334,7.67,4.44,6.69
8962,9,10,1,2008,0.53,9.55,4.67,7.36
8963,9,11,1,2008,0.49666666666666665,9.62,4.64,7.36
8964,9,12,1,2008,0.19416666666666668,10.98,5.4,7.96
8965,9,13,1,2008,0.5116666666666667,11.15,5.63,8.2
8966,9,14,1,2008,0.39333333333333337,11.15,6.21,8.45
8967,9,15,1,2008,1.5766666666666669,11.31,6.7,8.86
8968,9,16,1,2008,1.5583333333333336,10.5,6.21,8.35
8969,9,17,1,2008,2.864166666666667,10.34,5.94,7.46
8970,9,18,1,2008,3.935833333333333,8.92,6.34,7.77
8971,9,19,1,2008,4.629166666666666,8.790000000000001,6.21,7.65
8972,9,20,1,2008,4.842499999999999,9.66,6.0600000000000005,7.81
8973,9,21,1,2008,4.835,10.18,5.92,7.81
8974,9,22,1,2008,3.394166666666667,12.41,4.67,8.08
8975,9,23,1,2008,2.7075,12.89,5.53,8.67
8976,10,0,1,2008,2.5875,12.76,5.5200000000000005,8.65
8977,10,1,1,2008,2.521666666666666,12.68,5.73,8.73
8978,10,2,1,2008,2.4491666666666667,12.27,5.53,8.48
8979,10,3,1,2008,2.3575,11.63,5.51,8.27
8980,10,4,1,2008,2.3108333333333335,11.71,5.54,8.290000000000001
8981,10,5,1,2008,1.9591666666666665,11.77,5.7,8.43
8982,10,6,1,2008,2.065,10.71,4.58,7.16
8983,10,7,1,2008,1.9466666666666665,10.25,4.41,6.92
8984,10,8,1,2008,1.4716666666666667,8.55,3.2,5.37
8985,10,9,1,2008,0.9691666666666666,7.98,3.42,5.55
8986,10,10,1,2008,0.1741666666666667,7.53,3.0500000000000003,5.07
8987,10,11,1,2008,-0.7549999999999999,7.13,2.02,4.8
8988,10,12,1,2008,-1.3033333333333335,6.97,2.7,4.43
8989,10,13,1,2008,-2.0058333333333334,8.08,4.08,6.1400000000000015
8990,10,14,1,2008,-1.7158333333333333,9.41,4.86,6.92
8991,10,15,1,2008,-0.9175000000000001,9.07,4.88,6.84
8992,10,16,1,2008,-0.405,8.81,6.3500000000000005,7.86
8993,10,17,1,2008,-0.3758333333333333,9.9,7.07,8.8
8994,10,18,1,2008,-0.18749999999999997,10.7,7.58,9.47
8995,10,19,1,2008,0.13333333333333333,11.13,7.99,9.95
8996,10,20,1,2008,0.985,11.25,8.120000000000001,10.1
8997,10,21,1,2008,1.7941666666666665,10.9,7.68,9.62
8998,10,22,1,2008,1.0558333333333334,10.53,6.08,8.370000000000001
8999,10,23,1,2008,-0.18083333333333332,13.21,4.94,8.67
9000,11,0,1,2008,-0.14416666666666667,14.03,6.68,10.08
9001,11,1,1,2008,-1.1975,13.6,6.44,9.79
9002,11,2,1,2008,-1.8691666666666666,13.18,5.19,8.64
9003,11,3,1,2008,-2.1091666666666664,12.49,5.33,8.63
9004,11,4,1,2008,-2.879166666666667,11.81,4.9,8.11
9005,11,5,1,2008,-3.3091666666666675,11.12,4.15,7.07
9006,11,6,1,2008,-3.6,9.68,3.95,6.66
9007,11,7,1,2008,-3.7516666666666665,9.24,3.75,6.53
9008,11,8,1,2008,-3.6550000000000007,7.6,3.56,5.54
9009,11,9,1,2008,-3.535,6.18,3.34,5.28
9010,11,10,1,2008,-3.6916666666666664,5.98,3.5,5.43
9011,11,11,1,2008,-3.3991666666666664,5.3100000000000005,3.27,4.86
9012,11,12,1,2008,-3.16,5.04,3.22,4.84
9013,11,13,1,2008,-3.081666666666667,5.7700000000000005,3.84,5.88
9014,11,14,1,2008,-2.785,6.73,3.68,5.45
9015,11,15,1,2008,-1.2491666666666668,6.12,3.0500000000000003,3.95
9016,11,16,1,2008,0.9158333333333335,4.55,2.86,3.37
9017,11,17,1,2008,2.6908333333333334,4.39,3.3000000000000003,3.98
9018,11,18,1,2008,4.1450000000000005,5.04,3.76,4.58
9019,11,19,1,2008,4.881666666666668,5.3,3.97,4.83
9020,11,20,1,2008,5.088333333333334,5.22,3.92,4.78
9021,11,21,1,2008,5.0,5.25,3.37,4.2
9022,11,22,1,2008,3.625833333333333,6.29,2.77,5.12
9023,11,23,1,2008,2.5725000000000002,7.56,3.14,5.98
9024,12,0,1,2008,1.824166666666667,7.54,3.14,5.98
9025,12,1,1,2008,1.7091666666666665,9.14,4.16,7.23
9026,12,2,1,2008,1.4308333333333332,9.06,4.3100000000000005,7.25
9027,12,3,1,2008,1.1241666666666668,8.51,4.44,7.43
9028,12,4,1,2008,1.0266666666666666,9.48,4.97,8.06
9029,12,5,1,2008,0.3875,9.73,4.93,8.0
9030,12,6,1,2008,0.3291666666666666,10.21,4.67,7.78
9031,12,7,1,2008,-0.22999999999999998,10.23,4.17,7.56
9032,12,8,1,2008,-1.0641666666666667,9.64,3.53,7.18
9033,12,9,1,2008,-1.1933333333333334,9.72,4.12,7.37
9034,12,10,1,2008,-1.18,10.88,4.61,7.67
9035,12,11,1,2008,-1.5233333333333337,10.87,4.61,7.62
9036,12,12,1,2008,-2.0291666666666672,10.31,4.36,7.11
9037,12,13,1,2008,-2.2616666666666663,11.44,4.3100000000000005,7.27
9038,12,14,1,2008,-1.9716666666666667,12.11,7.19,9.32
9039,12,15,1,2008,-1.9075,9.0,6.4,7.94
9040,12,16,1,2008,-1.5875000000000001,8.45,6.18,7.61
9041,12,17,1,2008,-1.18,7.38,5.43,6.6400000000000015
9042,12,18,1,2008,-0.8266666666666667,7.54,5.55,6.8100000000000005
9043,12,19,1,2008,-0.6183333333333334,8.1,5.88,7.27
9044,12,20,1,2008,-0.5208333333333334,8.19,5.89,7.31
9045,12,21,1,2008,-0.6291666666666667,8.35,5.92,7.42
9046,12,22,1,2008,-1.39,8.49,5.5,6.99
9047,12,23,1,2008,-2.5083333333333333,9.26,3.71,6.58
9048,13,0,1,2008,-2.7983333333333333,9.95,4.24,7.0
9049,13,1,1,2008,-3.091666666666667,11.2,5.37,8.19
9050,13,2,1,2008,-3.3441666666666663,10.33,5.33,8.040000000000001
9051,13,3,1,2008,-4.086666666666667,9.74,4.43,6.76
9052,13,4,1,2008,-4.394166666666667,8.8,4.5200000000000005,6.49
9053,13,5,1,2008,-4.7375,8.71,4.46,6.44
9054,13,6,1,2008,-5.1075,7.82,3.63,5.5
9055,13,7,1,2008,-5.396666666666667,7.4,3.56,5.29
9056,13,8,1,2008,-5.763333333333333,6.86,3.43,5.0
9057,13,9,1,2008,-6.071666666666666,6.6000000000000005,3.59,5.16
9058,13,10,1,2008,-6.353333333333333,6.5600000000000005,3.61,5.19
9059,13,11,1,2008,-6.585833333333333,6.74,3.69,5.3
9060,13,12,1,2008,-6.926666666666666,6.6400000000000015,3.37,5.04
9061,13,13,1,2008,-7.251666666666665,7.0600000000000005,3.4,5.13
9062,13,14,1,2008,-6.754166666666667,7.0200000000000005,3.76,5.21
9063,13,15,1,2008,-5.585833333333333,6.01,3.45,4.07
9064,13,16,1,2008,-4.187499999999999,4.2,3.24,3.82
9065,13,17,1,2008,-2.8208333333333333,4.78,3.65,4.39
9066,13,18,1,2008,-1.3391666666666666,5.25,3.97,4.8
9067,13,19,1,2008,-0.03749999999999997,6.05,4.5,5.5
9068,13,20,1,2008,0.9341666666666666,6.59,4.8500000000000005,5.96
9069,13,21,1,2008,1.3741666666666665,7.37,4.9,6.05
9070,13,22,1,2008,0.8241666666666667,10.34,5.1000000000000005,8.13
9071,13,23,1,2008,0.58,12.13,6.23,9.37
9072,14,0,1,2008,0.2566666666666666,13.35,6.16,9.35
9073,14,1,1,2008,0.1208333333333333,14.05,6.2,9.66
9074,14,2,1,2008,-0.08166666666666668,13.96,6.0200000000000005,9.63
9075,14,3,1,2008,-0.6491666666666667,13.5,5.72,9.23
9076,14,4,1,2008,-0.5566666666666666,12.2,4.91,8.09
9077,14,5,1,2008,-1.2166666666666668,11.59,4.91,7.94
9078,14,6,1,2008,-2.104166666666667,11.32,5.36,8.17
9079,14,7,1,2008,-2.93,10.77,5.14,7.59
9080,14,8,1,2008,-3.534166666666667,10.27,5.17,7.59
9081,14,9,1,2008,-4.1875,9.73,5.25,7.47
9082,14,10,1,2008,-4.924166666666667,9.37,5.3500000000000005,7.38
9083,14,11,1,2008,-5.560833333333332,8.77,4.97,6.8500000000000005
9084,14,12,1,2008,-6.122500000000001,8.5,5.03,6.8100000000000005
9085,14,13,1,2008,-6.894166666666667,7.81,4.8500000000000005,6.4
9086,14,14,1,2008,-6.846666666666668,7.55,5.34,6.6000000000000005
9087,14,15,1,2008,-6.706666666666667,7.35,5.39,6.58
9088,14,16,1,2008,-6.183333333333333,7.1400000000000015,5.44,6.59
9089,14,17,1,2008,-5.391666666666667,6.69,5.04,6.13
9090,14,18,1,2008,-4.554166666666666,5.9,4.43,5.38
9091,14,19,1,2008,-3.943333333333333,6.5,4.84,5.91
9092,14,20,1,2008,-3.4808333333333334,6.54,4.86,5.95
9093,14,21,1,2008,-3.2550000000000003,6.3100000000000005,4.61,5.69
9094,14,22,1,2008,-3.7633333333333336,6.08,4.3500000000000005,5.43
9095,14,23,1,2008,-4.689166666666667,6.25,2.5500000000000003,5.1000000000000005
9096,15,0,1,2008,-5.051666666666667,6.4,2.37,4.93
9097,15,1,1,2008,-5.460833333333334,6.65,2.28,5.19
9098,15,2,1,2008,-5.665,6.22,2.98,5.63
9099,15,3,1,2008,-6.0,5.84,2.93,5.3
9100,15,4,1,2008,-6.658333333333332,5.03,2.18,4.5600000000000005
9101,15,5,1,2008,-7.142500000000001,4.11,1.29,4.26
9102,15,6,1,2008,-7.485,2.81,0.3,2.35
9103,15,7,1,2008,-7.934166666666667,1.65,0.31,2.01
9104,15,8,1,2008,-8.363333333333333,2.22,0.62,2.47
9105,15,9,1,2008,-8.675833333333335,3.77,1.43,3.53
9106,15,10,1,2008,-8.925833333333335,5.21,2.54,4.24
9107,15,11,1,2008,-9.014166666666666,6.38,3.02,4.82
9108,15,12,1,2008,-9.048333333333332,7.68,3.56,5.45
9109,15,13,1,2008,-9.044166666666666,8.83,4.3100000000000005,6.29
9110,15,14,1,2008,-8.486666666666668,8.950000000000003,5.14,7.0600000000000005
9111,15,15,1,2008,-7.174166666666667,8.18,5.2700000000000005,6.4
9112,15,16,1,2008,-5.451666666666667,7.1400000000000015,5.46,6.57
9113,15,17,1,2008,-3.6683333333333343,7.66,5.89,7.09
9114,15,18,1,2008,-1.8566666666666665,8.22,6.23,7.56
9115,15,19,1,2008,-0.3383333333333334,8.8,6.5600000000000005,8.03
9116,15,20,1,2008,0.7525000000000001,9.09,6.65,8.19
9117,15,21,1,2008,1.1483333333333332,9.88,6.5,8.05
9118,15,22,1,2008,0.41250000000000003,12.61,5.5200000000000005,8.67
9119,15,23,1,2008,-0.37999999999999995,14.5,6.8900000000000015,10.32
9120,16,0,1,2008,-0.47083333333333327,15.52,7.86,11.38
9121,16,1,1,2008,-0.3416666666666666,16.41,8.56,12.14
9122,16,2,1,2008,-0.24000000000000002,16.57,8.58,12.17
9123,16,3,1,2008,-0.1366666666666667,16.57,8.55,12.15
9124,16,4,1,2008,0.2058333333333334,16.39,8.23,11.81
9125,16,5,1,2008,0.8033333333333333,17.09,8.89,12.59
9126,16,6,1,2008,0.8175,16.5,8.31,11.93
9127,16,7,1,2008,0.8966666666666666,15.78,7.69,11.23
9128,16,8,1,2008,1.2883333333333333,15.75,7.54,11.15
9129,16,9,1,2008,0.4483333333333334,14.7,6.74,10.16
9130,16,10,1,2008,-0.18166666666666664,9.87,4.16,7.41
9131,16,11,1,2008,-0.17250000000000001,9.15,4.32,7.52
9132,16,12,1,2008,-1.7316666666666665,7.12,3.42,5.87
9133,16,13,1,2008,-3.054166666666667,10.1,4.99,7.23
9134,16,14,1,2008,-3.5450000000000004,10.51,5.71,7.86
9135,16,15,1,2008,-2.9941666666666666,11.71,6.96,9.26
9136,16,16,1,2008,-3.0558333333333327,11.09,7.97,9.88
9137,16,17,1,2008,-2.9150000000000005,11.2,8.16,10.09
9138,16,18,1,2008,-3.0566666666666666,10.9,7.94,9.83
9139,16,19,1,2008,-2.954166666666667,10.6,7.72,9.54
9140,16,20,1,2008,-2.9150000000000005,10.5,7.6400000000000015,9.49
9141,16,21,1,2008,-3.7991666666666664,10.92,7.61,9.55
9142,16,22,1,2008,-4.159166666666668,9.89,6.74,8.52
9143,16,23,1,2008,-4.675,10.34,6.59,8.4
9144,17,0,1,2008,-5.531666666666666,12.62,8.16,10.46
9145,17,1,1,2008,-6.048333333333333,11.87,7.59,9.74
9146,17,2,1,2008,-6.210833333333333,11.9,8.08,10.23
9147,17,3,1,2008,-6.884999999999999,11.59,7.9300000000000015,10.03
9148,17,4,1,2008,-7.576666666666667,12.04,7.75,9.94
9149,17,5,1,2008,-7.7525,11.74,7.9,10.02
9150,17,6,1,2008,-7.997500000000001,10.85,7.05,9.0
9151,17,7,1,2008,-8.527500000000002,10.93,7.34,9.31
9152,17,8,1,2008,-8.776666666666666,10.35,6.93,8.790000000000001
9153,17,9,1,2008,-9.170833333333334,10.3,7.21,9.05
9154,17,10,1,2008,-9.135,9.31,6.17,7.9
9155,17,11,1,2008,-9.494166666666667,9.64,6.44,8.22
9156,17,12,1,2008,-10.398333333333332,10.34,5.26,7.73
9157,17,13,1,2008,-11.0875,8.870000000000003,3.79,6.3900000000000015
9158,17,14,1,2008,-10.737499999999999,7.87,4.23,5.61
9159,17,15,1,2008,-9.37,7.48,5.28,6.58
9160,17,16,1,2008,-8.3725,8.88,6.3100000000000005,7.86
9161,17,17,1,2008,-7.558333333333334,8.950000000000003,6.41,7.96
9162,17,18,1,2008,-6.91,8.27,5.98,7.3900000000000015
9163,17,19,1,2008,-6.2975,8.27,5.94,7.36
9164,17,20,1,2008,-5.7475,8.22,5.82,7.27
9165,17,21,1,2008,-5.553333333333332,8.41,5.93,7.43
9166,17,22,1,2008,-6.536666666666666,8.57,4.07,6.93
9167,17,23,1,2008,-7.595833333333334,9.06,4.45,7.44
9168,18,0,1,2008,-7.939166666666668,11.07,5.16,8.540000000000001
9169,18,1,1,2008,-7.945000000000001,12.13,5.65,9.12
9170,18,2,1,2008,-7.640833333333334,12.13,5.65,9.15
9171,18,3,1,2008,-7.783333333333332,12.69,5.8,9.26
9172,18,4,1,2008,-7.6066666666666665,13.31,6.11,9.55
9173,18,5,1,2008,-7.514166666666668,13.2,6.1400000000000015,9.51
9174,18,6,1,2008,-7.478333333333333,13.38,6.16,9.49
9175,18,7,1,2008,-7.634999999999999,13.2,6.09,9.33
9176,18,8,1,2008,-7.825,12.52,5.73,8.92
9177,18,9,1,2008,-7.93,12.38,5.59,8.69
9178,18,10,1,2008,-7.927500000000001,12.05,5.59,8.65
9179,18,11,1,2008,-8.065,10.61,5.28,8.19
9180,18,12,1,2008,-8.245000000000003,9.42,4.8,7.36
9181,18,13,1,2008,-7.575833333333333,9.42,4.45,7.35
9182,18,14,1,2008,-6.790833333333333,8.78,4.07,5.93
9183,18,15,1,2008,-5.925833333333333,8.05,4.5600000000000005,5.67
9184,18,16,1,2008,-4.409999999999999,8.25,5.99,7.38
9185,18,17,1,2008,-3.9675,8.8,6.34,7.84
9186,18,18,1,2008,-4.07,9.53,6.96,8.58
9187,18,19,1,2008,-4.819999999999999,9.55,6.96,8.55
9188,18,20,1,2008,-5.490000000000001,9.76,7.07,8.76
9189,18,21,1,2008,-6.105,9.34,6.6400000000000015,8.290000000000001
9190,18,22,1,2008,-7.905,9.06,5.15,7.17
9191,18,23,1,2008,-9.864166666666668,9.84,3.73,7.34
9192,19,0,1,2008,-10.708333333333334,9.43,3.64,7.26
9193,19,1,1,2008,-11.321666666666667,8.75,3.13,6.7700000000000005
9194,19,2,1,2008,-12.075833333333334,7.97,2.39,5.22
9195,19,3,1,2008,-12.774166666666666,6.69,3.19,5.69
9196,19,4,1,2008,-13.251666666666665,6.32,3.28,5.76
9197,19,5,1,2008,-13.861666666666666,5.43,2.85,5.09
9198,19,6,1,2008,-14.741666666666667,7.36,3.31,6.5200000000000005
9199,19,7,1,2008,-14.875000000000002,9.78,4.11,7.67
9200,19,8,1,2008,-14.975000000000001,10.44,4.54,7.86
9201,19,9,1,2008,-15.466666666666667,9.84,4.2700000000000005,7.41
9202,19,10,1,2008,-15.924166666666666,10.94,4.32,7.63
9203,19,11,1,2008,-16.180833333333332,10.12,3.97,7.52
9204,19,12,1,2008,-16.870833333333334,8.83,3.63,7.08
9205,19,13,1,2008,-17.413333333333334,6.8500000000000005,2.28,4.91
9206,19,14,1,2008,-16.8325,6.04,2.49,4.89
9207,19,15,1,2008,-15.36,4.73,2.52,3.06
9208,19,16,1,2008,-14.5575,3.35,2.51,3.02
9209,19,17,1,2008,-13.625833333333334,3.59,2.68,3.23
9210,19,18,1,2008,-12.843333333333335,3.62,2.73,3.28
9211,19,19,1,2008,-12.064999999999998,3.56,2.66,3.2
9212,19,20,1,2008,-11.369166666666667,3.68,2.7,3.29
9213,19,21,1,2008,-10.786666666666667,3.74,2.73,3.33
9214,19,22,1,2008,-11.239166666666668,2.89,1.93,2.45
9215,19,23,1,2008,-12.64583333333333,3.31,1.39,2.39
9216,20,0,1,2008,-13.05833333333333,2.82,1.91,2.69
9217,20,1,1,2008,-13.1625,3.04,1.97,2.84
9218,20,2,1,2008,-13.364166666666668,3.15,2.16,3.0700000000000003
9219,20,3,1,2008,-13.453333333333333,2.74,2.29,3.12
9220,20,4,1,2008,-13.26,2.44,2.14,2.86
9221,20,5,1,2008,-13.815833333333332,1.76,1.45,1.86
9222,20,6,1,2008,-14.241666666666667,1.54,0.35000000000000003,1.2
9223,20,7,1,2008,-13.961666666666666,2.77,1.5,2.88
9224,20,8,1,2008,-13.4525,4.23,2.1,3.5
9225,20,9,1,2008,-12.750833333333333,5.29,2.47,3.51
9226,20,10,1,2008,-12.716666666666669,5.67,2.56,3.43
9227,20,11,1,2008,-12.409999999999998,5.87,2.84,3.8
9228,20,12,1,2008,-12.290833333333332,5.68,2.84,3.87
9229,20,13,1,2008,-12.322499999999998,6.57,3.34,4.62
9230,20,14,1,2008,-12.213333333333333,6.8900000000000015,4.4,5.43
9231,20,15,1,2008,-11.401666666666669,6.13,4.5,5.3500000000000005
9232,20,16,1,2008,-10.235,6.38,4.95,5.9
9233,20,17,1,2008,-9.108333333333334,7.3900000000000015,5.66,6.8
9234,20,18,1,2008,-8.225000000000001,8.25,6.26,7.56
9235,20,19,1,2008,-7.575833333333333,9.06,6.79,8.25
9236,20,20,1,2008,-7.197500000000001,9.56,7.0600000000000005,8.65
9237,20,21,1,2008,-7.199999999999998,9.65,7.09,8.71
9238,20,22,1,2008,-7.836666666666666,10.07,6.69,8.35
9239,20,23,1,2008,-9.379166666666666,11.46,4.87,7.76
9240,21,0,1,2008,-10.255,12.02,5.12,7.98
9241,21,1,1,2008,-10.9525,12.01,5.12,7.96
9242,21,2,1,2008,-11.641666666666666,11.64,4.3500000000000005,7.23
9243,21,3,1,2008,-11.896666666666668,11.87,5.13,7.73
9244,21,4,1,2008,-11.865833333333333,11.55,4.98,7.53
9245,21,5,1,2008,-11.754166666666665,11.18,4.93,7.38
9246,21,6,1,2008,-12.100000000000001,11.28,4.66,7.1400000000000015
9247,21,7,1,2008,-12.1275,11.96,4.82,7.58
9248,21,8,1,2008,-11.865,12.14,5.45,8.14
9249,21,9,1,2008,-11.069166666666668,12.1,6.2,8.81
9250,21,10,1,2008,-10.731666666666667,11.54,5.59,8.16
9251,21,11,1,2008,-10.231666666666667,11.73,5.3100000000000005,7.99
9252,21,12,1,2008,-10.3825,11.33,4.65,7.36
9253,21,13,1,2008,-9.975,11.3,4.17,7.07
9254,21,14,1,2008,-8.103333333333335,11.06,6.2,8.26
9255,21,15,1,2008,-5.942500000000002,10.29,5.15,7.65
9256,21,16,1,2008,-3.6158333333333332,7.6,5.19,6.36
9257,21,17,1,2008,-2.1425,7.99,5.73,7.08
9258,21,18,1,2008,-1.0316666666666665,8.17,5.95,7.33
9259,21,19,1,2008,-0.8558333333333333,7.96,5.78,7.11
9260,21,20,1,2008,-0.68,7.58,5.5,6.79
9261,21,21,1,2008,-0.505,7.29,5.2,6.45
9262,21,22,1,2008,-1.1641666666666666,7.87,4.33,5.98
9263,21,23,1,2008,-2.858333333333334,9.48,6.1000000000000005,7.82
9264,22,0,1,2008,-5.318333333333333,10.41,6.59,8.39
9265,22,1,1,2008,-6.590833333333333,9.82,6.12,8.040000000000001
9266,22,2,1,2008,-7.7075000000000005,11.39,6.74,9.06
9267,22,3,1,2008,-9.419166666666666,11.58,6.8100000000000005,9.1
9268,22,4,1,2008,-10.424999999999999,11.4,6.33,8.72
9269,22,5,1,2008,-11.016666666666666,11.47,6.3500000000000005,8.76
9270,22,6,1,2008,-11.478333333333332,11.45,6.44,8.8
9271,22,7,1,2008,-12.0725,11.19,6.23,8.55
9272,22,8,1,2008,-12.5025,10.94,6.12,8.370000000000001
9273,22,9,1,2008,-12.976666666666668,10.49,5.82,8.01
9274,22,10,1,2008,-13.3675,9.68,4.91,7.05
9275,22,11,1,2008,-13.576666666666668,9.49,4.5,6.7
9276,22,12,1,2008,-13.798333333333334,9.47,4.3500000000000005,6.6000000000000005
9277,22,13,1,2008,-14.068333333333333,8.790000000000001,4.05,6.22
9278,22,14,1,2008,-13.720833333333331,8.22,4.17,5.88
9279,22,15,1,2008,-12.74,5.44,3.79,4.54
9280,22,16,1,2008,-11.636666666666665,5.62,4.34,5.17
9281,22,17,1,2008,-10.609999999999998,6.1000000000000005,4.63,5.55
9282,22,18,1,2008,-9.565,6.88,5.2,6.2700000000000005
9283,22,19,1,2008,-8.606666666666666,6.88,5.11,6.2
9284,22,20,1,2008,-7.9433333333333325,7.58,5.54,6.8
9285,22,21,1,2008,-7.5683333333333325,7.81,5.47,6.73
9286,22,22,1,2008,-8.139999999999999,9.81,4.86,7.18
9287,22,23,1,2008,-9.063333333333333,11.46,5.09,8.3
9288,23,0,1,2008,-9.33666666666667,12.89,5.67,8.98
9289,23,1,1,2008,-9.4625,13.61,6.24,9.57
9290,23,2,1,2008,-9.320833333333333,13.88,6.48,9.81
9291,23,3,1,2008,-9.159166666666666,14.17,7.04,10.32
9292,23,4,1,2008,-8.844166666666666,14.4,7.76,10.93
9293,23,5,1,2008,-9.038333333333332,14.54,7.85,11.01
9294,23,6,1,2008,-9.226666666666667,14.2,7.54,10.7
9295,23,7,1,2008,-9.222499999999998,13.93,7.31,10.46
9296,23,8,1,2008,-8.990833333333333,13.99,7.42,10.53
9297,23,9,1,2008,-8.4625,14.33,7.33,10.45
9298,23,10,1,2008,-8.4175,14.52,7.43,10.65
9299,23,11,1,2008,-8.876666666666667,14.48,7.57,10.71
9300,23,12,1,2008,-9.5,13.71,7.37,10.34
9301,23,13,1,2008,-9.936666666666667,11.88,5.98,8.71
9302,23,14,1,2008,-8.9975,11.09,6.3500000000000005,8.370000000000001
9303,23,15,1,2008,-7.543333333333334,9.54,5.44,7.48
9304,23,16,1,2008,-5.114166666666668,5.97,4.5600000000000005,5.44
9305,23,17,1,2008,-3.0608333333333335,7.15,5.24,6.38
9306,23,18,1,2008,-1.3558333333333332,9.29,6.63,8.18
9307,23,19,1,2008,-0.6991666666666667,11.68,8.11,10.19
9308,23,20,1,2008,-1.2575,13.03,9.08,11.4
9309,23,21,1,2008,-3.794166666666666,12.88,9.23,11.42
9310,23,22,1,2008,-5.976666666666667,11.1,7.24,9.29
9311,23,23,1,2008,-7.924166666666667,11.72,4.91,7.79
9312,24,0,1,2008,-8.805000000000001,11.81,5.14,8.14
9313,24,1,1,2008,-9.713333333333333,11.47,5.94,8.63
9314,24,2,1,2008,-10.711666666666668,12.3,6.07,8.84
9315,24,3,1,2008,-11.729999999999999,11.52,5.84,8.47
9316,24,4,1,2008,-12.8175,12.32,5.33,8.24
9317,24,5,1,2008,-13.487499999999999,12.3,6.25,8.97
9318,24,6,1,2008,-14.235000000000001,10.49,4.5600000000000005,7.21
9319,24,7,1,2008,-15.085833333333333,9.13,3.61,6.23
9320,24,8,1,2008,-15.581666666666669,9.53,3.94,6.67
9321,24,9,1,2008,-16.070833333333336,8.97,3.75,6.3900000000000015
9322,24,10,1,2008,-16.583333333333332,7.51,3.09,5.88
9323,24,11,1,2008,-17.059166666666666,6.12,2.31,5.05
9324,24,12,1,2008,-17.465833333333332,4.32,1.68,3.87
9325,24,13,1,2008,-17.755,2.56,0.91,1.76
9326,24,14,1,2008,-17.249166666666667,1.56,1.17,1.32
9327,24,15,1,2008,-15.536666666666669,1.39,1.28,1.44
9328,24,16,1,2008,-13.974166666666667,1.83,1.55,1.78
9329,24,17,1,2008,-12.484166666666667,2.3000000000000003,1.87,2.18
9330,24,18,1,2008,-11.176666666666664,3.23,2.58,3.03
9331,24,19,1,2008,-10.1,4.2,3.22,3.87
9332,24,20,1,2008,-9.237499999999999,4.53,3.44,4.15
9333,24,21,1,2008,-8.83,5.09,3.74,4.61
9334,24,22,1,2008,-9.561666666666666,6.34,3.75,5.13
9335,24,23,1,2008,-11.287500000000001,7.86,3.68,6.32
9336,25,0,1,2008,-11.919166666666667,10.68,4.74,7.7
9337,25,1,1,2008,-12.339999999999998,11.2,5.17,8.01
9338,25,2,1,2008,-12.483333333333333,11.78,5.84,8.64
9339,25,3,1,2008,-12.540833333333333,12.18,6.07,8.91
9340,25,4,1,2008,-12.376666666666665,12.09,5.66,8.45
9341,25,5,1,2008,-12.140833333333333,12.17,5.89,8.63
9342,25,6,1,2008,-11.602500000000001,12.97,7.12,9.84
9343,25,7,1,2008,-10.535833333333334,12.64,6.86,9.17
9344,25,8,1,2008,-10.131666666666666,11.47,6.23,8.78
9345,25,9,1,2008,-9.414166666666667,12.66,8.03,10.41
9346,25,10,1,2008,-8.6625,11.57,7.51,9.64
9347,25,11,1,2008,-8.418333333333335,12.44,7.96,10.29
9348,25,12,1,2008,-7.925000000000001,12.13,7.73,10.03
9349,25,13,1,2008,-7.633333333333334,11.88,7.54,9.81
9350,25,14,1,2008,-7.376666666666668,12.52,7.9300000000000015,10.29
9351,25,15,1,2008,-6.896666666666666,12.48,7.12,8.950000000000003
9352,25,16,1,2008,-5.1575,10.59,7.46,9.16
9353,25,17,1,2008,-3.5933333333333333,10.4,7.51,9.27
9354,25,18,1,2008,-2.415,10.32,7.46,9.2
9355,25,19,1,2008,-1.4924999999999997,9.5,6.8100000000000005,8.44
9356,25,20,1,2008,-0.6675,9.27,6.55,8.17
9357,25,21,1,2008,-0.13416666666666668,9.04,6.24,7.86
9358,25,22,1,2008,-0.9758333333333332,9.32,4.1,6.3500000000000005
9359,25,23,1,2008,-1.9658333333333335,11.13,4.55,7.8900000000000015
9360,26,0,1,2008,-2.0883333333333334,12.08,5.23,8.48
9361,26,1,1,2008,-2.1283333333333334,12.77,5.61,8.8
9362,26,2,1,2008,-2.3191666666666664,13.46,5.8500000000000005,9.18
9363,26,3,1,2008,-1.6891666666666667,13.49,6.5600000000000005,9.81
9364,26,4,1,2008,-1.5025000000000002,13.73,7.1000000000000005,10.46
9365,26,5,1,2008,-1.4566666666666668,14.44,7.46,10.88
9366,26,6,1,2008,-1.665,14.06,7.22,10.57
9367,26,7,1,2008,-1.6158333333333335,12.59,6.9,10.04
9368,26,8,1,2008,-1.9108333333333336,12.02,6.8100000000000005,9.66
9369,26,9,1,2008,-2.0341666666666662,14.36,7.1400000000000015,10.19
9370,26,10,1,2008,-2.139166666666666,15.04,7.04,10.22
9371,26,11,1,2008,-2.075833333333333,15.26,6.66,10.36
9372,26,12,1,2008,-1.4866666666666666,15.88,6.8,10.58
9373,26,13,1,2008,-1.7425000000000004,15.62,6.65,10.31
9374,26,14,1,2008,-1.3341666666666667,14.51,7.19,10.2
9375,26,15,1,2008,0.47500000000000003,13.46,7.17,9.71
9376,26,16,1,2008,1.92,11.13,6.91,9.29
9377,26,17,1,2008,2.858333333333333,10.33,6.07,8.53
9378,26,18,1,2008,4.184166666666667,8.31,5.47,6.8
9379,26,19,1,2008,5.133333333333334,8.64,5.61,7.09
9380,26,20,1,2008,5.520833333333333,8.47,5.3,6.95
9381,26,21,1,2008,5.312500000000001,9.2,4.3500000000000005,7.0
9382,26,22,1,2008,4.5058333333333325,11.94,5.03,8.85
9383,26,23,1,2008,3.4124999999999996,13.26,5.73,9.62
9384,27,0,1,2008,2.554166666666667,13.68,5.48,10.05
9385,27,1,1,2008,2.8600000000000008,14.04,6.08,10.48
9386,27,2,1,2008,2.6625,14.1,6.08,10.37
9387,27,3,1,2008,1.9933333333333332,13.77,5.93,10.25
9388,27,4,1,2008,1.3858333333333333,13.27,5.87,9.7
9389,27,5,1,2008,0.9716666666666667,12.6,5.89,9.41
9390,27,6,1,2008,0.6108333333333333,11.42,5.92,9.09
9391,27,7,1,2008,0.5591666666666667,11.04,5.91,9.03
9392,27,8,1,2008,0.36833333333333335,11.3,5.74,8.91
9393,27,9,1,2008,-0.14166666666666666,10.84,6.07,8.98
9394,27,10,1,2008,-0.6066666666666668,10.85,6.33,9.26
9395,27,11,1,2008,-0.35083333333333333,10.31,6.15,9.26
9396,27,12,1,2008,-0.5833333333333334,10.91,6.8900000000000015,9.92
9397,27,13,1,2008,-0.8091666666666667,11.75,7.1400000000000015,10.24
9398,27,14,1,2008,1.2058333333333333,11.63,7.1000000000000005,9.84
9399,27,15,1,2008,2.7366666666666664,11.97,7.31,9.8
9400,27,16,1,2008,4.401666666666667,11.07,6.3500000000000005,8.56
9401,27,17,1,2008,6.185833333333334,10.31,5.55,7.68
9402,27,18,1,2008,7.9866666666666655,10.2,5.97,8.14
9403,27,19,1,2008,8.958333333333334,11.12,6.7,8.85
9404,27,20,1,2008,9.071666666666667,11.2,6.05,8.370000000000001
9405,27,21,1,2008,8.5225,12.78,6.1400000000000015,9.29
9406,27,22,1,2008,6.7700000000000005,15.89,7.32,11.4
9407,27,23,1,2008,5.5200000000000005,17.21,8.42,12.41
9408,28,0,1,2008,4.900833333333333,18.22,9.02,13.15
9409,28,1,1,2008,4.7924999999999995,18.91,9.99,14.11
9410,28,2,1,2008,4.361666666666667,19.68,10.57,14.75
9411,28,3,1,2008,4.433333333333334,20.91,11.55,15.86
9412,28,4,1,2008,4.663333333333334,20.91,11.5,15.82
9413,28,5,1,2008,4.753333333333334,21.29,11.79,16.1
9414,28,6,1,2008,4.1575,19.24,10.13,14.15
9415,28,7,1,2008,3.555,16.59,7.96,11.66
9416,28,8,1,2008,4.0008333333333335,16.63,8.33,12.0
9417,28,9,1,2008,4.965833333333333,18.31,9.67,13.66
9418,28,10,1,2008,5.319166666666667,18.95,10.59,14.57
9419,28,11,1,2008,5.766666666666667,19.36,11.02,15.03
9420,28,12,1,2008,5.900833333333334,19.49,11.1,15.17
9421,28,13,1,2008,6.270833333333335,19.59,11.13,15.2
9422,28,14,1,2008,7.199166666666667,19.24,10.91,14.91
9423,28,15,1,2008,9.1775,19.74,12.16,16.04
9424,28,16,1,2008,11.600833333333332,19.09,11.92,15.6
9425,28,17,1,2008,13.665000000000001,18.66,11.94,15.45
9426,28,18,1,2008,15.263333333333334,16.71,10.46,13.53
9427,28,19,1,2008,16.07166666666667,17.03,10.31,13.71
9428,28,20,1,2008,15.935000000000002,16.96,10.02,13.39
9429,28,21,1,2008,15.496666666666664,16.16,9.29,12.55
9430,28,22,1,2008,14.472500000000002,15.74,7.59,11.2
9431,28,23,1,2008,11.979166666666666,14.56,5.51,9.6
9432,29,0,1,2008,10.6625,15.84,5.3,9.49
9433,29,1,1,2008,11.001666666666667,15.24,6.41,10.23
9434,29,2,1,2008,11.140833333333333,15.49,7.68,11.49
9435,29,3,1,2008,10.639166666666668,15.23,7.6,11.61
9436,29,4,1,2008,9.459999999999999,15.24,7.42,11.16
9437,29,5,1,2008,8.799166666666666,14.62,6.49,10.3
9438,29,6,1,2008,8.340000000000002,13.88,6.3100000000000005,9.92
9439,29,7,1,2008,7.430000000000002,15.59,7.36,11.29
9440,29,8,1,2008,4.298333333333334,11.48,3.1,6.84
9441,29,9,1,2008,1.3299999999999998,8.51,5.3500000000000005,6.62
9442,29,10,1,2008,-0.0425,13.99,8.55,11.2
9443,29,11,1,2008,-1.21,16.490000000000002,10.15,13.35
9444,29,12,1,2008,-3.7775000000000003,15.97,10.81,13.75
9445,29,13,1,2008,-5.517500000000001,17.82,12.14,15.37
9446,29,14,1,2008,-6.293333333333333,17.46,12.24,15.4
9447,29,15,1,2008,-7.285833333333334,18.49,12.98,16.29
9448,29,16,1,2008,-7.900833333333334,18.87,13.22,16.61
9449,29,17,1,2008,-8.2025,16.91,12.0,14.98
9450,29,18,1,2008,-7.921666666666668,17.51,12.5,15.59
9451,29,19,1,2008,-6.875,16.61,11.78,14.73
9452,29,20,1,2008,-6.25,15.92,11.19,14.04
9453,29,21,1,2008,-5.996666666666666,15.42,10.9,13.67
9454,29,22,1,2008,-6.281666666666667,14.68,10.12,12.79
9455,29,23,1,2008,-6.5025,11.12,6.86,9.0
9456,30,0,1,2008,-6.495,10.93,6.5,8.68
9457,30,1,1,2008,-6.607499999999999,9.54,5.33,7.27
9458,30,2,1,2008,-6.841666666666668,8.25,4.2,5.96
9459,30,3,1,2008,-7.234166666666667,7.83,3.65,5.34
9460,30,4,1,2008,-7.779166666666668,7.3900000000000015,3.89,5.48
9461,30,5,1,2008,-8.658333333333335,7.26,3.96,5.38
9462,30,6,1,2008,-9.220833333333333,5.09,3.5,4.45
9463,30,7,1,2008,-10.54,7.98,5.19,6.68
9464,30,8,1,2008,-11.134166666666665,4.92,3.39,4.26
9465,30,9,1,2008,-12.161666666666669,5.74,3.7,4.61
9466,30,10,1,2008,-12.5475,5.79,3.63,4.61
9467,30,11,1,2008,-12.7025,5.03,3.43,4.15
9468,30,12,1,2008,-13.055000000000001,5.63,4.3,5.15
9469,30,13,1,2008,-13.159166666666666,5.01,4.0,4.72
9470,30,14,1,2008,-12.775833333333331,5.5600000000000005,4.5200000000000005,5.3100000000000005
9471,30,15,1,2008,-12.259166666666667,6.3900000000000015,5.15,6.0600000000000005
9472,30,16,1,2008,-11.200000000000001,7.03,5.58,6.59
9473,30,17,1,2008,-9.699166666666667,7.94,6.25,7.43
9474,30,18,1,2008,-8.423333333333334,9.05,7.0,8.39
9475,30,19,1,2008,-7.0675,9.95,7.57,9.14
9476,30,20,1,2008,-6.015833333333334,10.24,7.71,9.35
9477,30,21,1,2008,-5.716666666666666,9.5,7.1400000000000015,8.68
9478,30,22,1,2008,-5.8325,9.18,6.63,8.11
9479,30,23,1,2008,-6.483333333333334,9.77,5.82,7.74
9480,31,0,1,2008,-6.94,10.25,6.69,8.61
9481,31,1,1,2008,-7.277500000000001,10.6,6.95,8.89
9482,31,2,1,2008,-7.400000000000001,10.13,6.62,8.48
9483,31,3,1,2008,-7.4125000000000005,9.79,6.36,8.17
9484,31,4,1,2008,-7.506666666666669,9.48,5.96,7.75
9485,31,5,1,2008,-7.668333333333334,9.45,5.67,7.5
9486,31,6,1,2008,-7.635000000000001,8.91,5.28,7.0200000000000005
9487,31,7,1,2008,-7.566666666666666,8.39,5.03,6.66
9488,31,8,1,2008,-7.376666666666668,7.6,4.32,5.82
9489,31,9,1,2008,-7.2558333333333325,7.26,4.21,5.61
9490,31,10,1,2008,-7.220833333333334,6.51,3.76,5.01
9491,31,11,1,2008,-7.1450000000000005,6.3100000000000005,4.08,5.26
9492,31,12,1,2008,-7.125,6.74,4.44,5.66
9493,31,13,1,2008,-7.166666666666668,6.79,4.17,5.53
9494,31,14,1,2008,-7.0249999999999995,6.25,4.03,5.28
9495,31,15,1,2008,-6.429166666666667,5.22,4.03,4.76
9496,31,16,1,2008,-5.495833333333334,5.28,4.21,5.0
9497,31,17,1,2008,-4.473333333333334,5.54,4.34,5.18
9498,31,18,1,2008,-3.4683333333333337,5.7,4.43,5.3
9499,31,19,1,2008,-2.814166666666667,5.8100000000000005,4.5,5.41
9500,31,20,1,2008,-2.4033333333333338,6.0,4.61,5.57
9501,31,21,1,2008,-2.3358333333333334,6.24,4.67,5.73
9502,31,22,1,2008,-2.7441666666666666,6.41,4.65,5.75
9503,31,23,1,2008,-4.120833333333333,8.24,4.18,6.67
9504,1,0,2,2008,-4.755833333333334,8.47,4.21,6.68
9505,1,1,2,2008,-5.161666666666667,8.38,3.92,6.44
9506,1,2,2,2008,-5.5425,7.43,3.3200000000000003,5.79
9507,1,3,2,2008,-5.94,6.55,2.85,5.11
9508,1,4,2,2008,-6.386666666666668,5.51,2.27,4.17
9509,1,5,2,2008,-6.616666666666667,4.13,1.54,2.97
9510,1,6,2,2008,-6.858333333333334,1.99,0.71,1.39
9511,1,7,2,2008,-7.1450000000000005,1.71,0.73,1.32
9512,1,8,2,2008,-7.524166666666667,2.67,1.65,2.89
9513,1,9,2,2008,-7.721666666666665,2.82,2.28,3.41
9514,1,10,2,2008,-7.852499999999999,3.44,2.72,3.96
9515,1,11,2,2008,-7.973333333333334,4.24,2.89,4.2700000000000005
9516,1,12,2,2008,-8.101666666666665,5.43,2.88,4.82
9517,1,13,2,2008,-7.971666666666668,6.11,3.36,5.44
9518,1,14,2,2008,-6.884166666666665,6.78,3.56,5.3500000000000005
9519,1,15,2,2008,-5.239166666666667,6.66,3.73,4.42
9520,1,16,2,2008,-3.2758333333333334,5.96,4.55,5.46
9521,1,17,2,2008,-1.5425000000000004,6.63,4.98,6.0200000000000005
9522,1,18,2,2008,0.04833333333333333,7.01,5.29,6.4
9523,1,19,2,2008,1.2741666666666667,7.72,5.72,6.97
9524,1,20,2,2008,2.175,8.16,5.95,7.31
9525,1,21,2,2008,2.5908333333333333,8.56,6.16,7.6400000000000015
9526,1,22,2,2008,1.9566666666666668,9.97,5.21,7.08
9527,1,23,2,2008,1.1125000000000003,11.58,5.04,7.97
9528,2,0,2,2008,0.745,11.39,5.28,7.97
9529,2,1,2,2008,0.5875,11.4,5.5200000000000005,8.08
9530,2,2,2,2008,0.245,11.58,6.03,8.47
9531,2,3,2,2008,-0.017499999999999998,11.43,6.16,8.540000000000001
9532,2,4,2,2008,-0.17416666666666666,10.75,5.5,7.77
9533,2,5,2,2008,-0.3316666666666666,9.99,5.11,7.25
9534,2,6,2,2008,-0.38999999999999996,9.79,5.03,7.11
9535,2,7,2,2008,-0.6341666666666668,8.3,4.0,5.84
9536,2,8,2,2008,-0.9733333333333333,5.7,0.99,2.61
9537,2,9,2,2008,-1.4525,5.08,0.98,2.58
9538,2,10,2,2008,-2.1166666666666667,4.79,1.11,3.08
9539,2,11,2,2008,-2.35,5.93,3.1,5.09
9540,2,12,2,2008,-2.1808333333333327,7.28,3.52,5.8
9541,2,13,2,2008,-2.3608333333333333,6.92,3.19,5.5
9542,2,14,2,2008,-1.2758333333333334,7.38,4.0200000000000005,5.46
9543,2,15,2,2008,0.06916666666666664,6.91,3.79,4.5200000000000005
9544,2,16,2,2008,1.5483333333333331,4.28,3.3000000000000003,3.9
9545,2,17,2,2008,2.668333333333333,4.7,3.67,4.3500000000000005
9546,2,18,2,2008,3.529166666666667,4.97,3.88,4.61
9547,2,19,2,2008,4.210833333333333,4.72,3.68,4.36
9548,2,20,2,2008,4.769166666666667,3.98,3.04,3.64
9549,2,21,2,2008,4.850833333333333,4.17,3.18,3.82
9550,2,22,2,2008,3.7741666666666673,4.03,2.5,3.46
9551,2,23,2,2008,1.9649999999999999,3.45,1.36,2.95
9552,3,0,2,2008,1.0925,2.05,0.6900000000000001,1.64
9553,3,1,2,2008,0.5258333333333333,1.32,0.2,0.8300000000000001
9554,3,2,2,2008,0.10583333333333335,1.3,0.15,0.68
9555,3,3,2,2008,-0.13166666666666665,1.97,0.3,1.16
9556,3,4,2,2008,-0.3733333333333333,2.8000000000000003,0.77,1.9
9557,3,5,2,2008,-0.7891666666666666,3.69,1.26,2.64
9558,3,6,2,2008,-1.3149999999999997,4.87,1.68,3.5700000000000003
9559,3,7,2,2008,-1.655,6.04,2.26,4.51
9560,3,8,2,2008,-1.4816666666666667,6.59,2.9,4.57
9561,3,9,2,2008,-1.2683333333333333,7.01,2.85,4.2
9562,3,10,2,2008,-1.5675,7.55,3.44,4.82
9563,3,11,2,2008,-0.9366666666666665,6.83,3.5500000000000003,4.82
9564,3,12,2,2008,-0.7741666666666668,7.0200000000000005,3.7,4.91
9565,3,13,2,2008,-0.7616666666666666,7.82,4.18,5.63
9566,3,14,2,2008,-0.43916666666666665,8.25,4.47,6.3900000000000015
9567,3,15,2,2008,0.4058333333333333,8.700000000000001,6.16,7.46
9568,3,16,2,2008,1.3716666666666668,8.24,5.98,7.1000000000000005
9569,3,17,2,2008,2.5108333333333337,7.67,5.97,7.11
9570,3,18,2,2008,3.7241666666666666,7.35,5.63,6.74
9571,3,19,2,2008,4.913333333333333,7.5,5.79,6.92
9572,3,20,2,2008,5.2700000000000005,7.55,5.8,6.95
9573,3,21,2,2008,5.245833333333334,7.7,5.65,6.92
9574,3,22,2,2008,4.02,10.37,4.91,7.1000000000000005
9575,3,23,2,2008,2.3616666666666664,10.76,5.42,7.88
9576,4,0,2,2008,1.405,9.36,5.14,7.09
9577,4,1,2,2008,0.8675000000000002,8.69,5.1000000000000005,6.82
9578,4,2,2,2008,0.5875,8.370000000000001,4.87,6.54
9579,4,3,2,2008,0.3633333333333333,7.53,4.73,6.15
9580,4,4,2,2008,0.2291666666666667,7.2,4.5200000000000005,5.87
9581,4,5,2,2008,0.13666666666666671,7.25,4.66,5.99
9582,4,6,2,2008,0.07250000000000001,7.82,5.1000000000000005,6.5
9583,4,7,2,2008,0.04583333333333334,8.06,5.13,6.59
9584,4,8,2,2008,0.14083333333333334,8.03,5.17,6.62
9585,4,9,2,2008,0.2925,7.92,4.7700000000000005,6.22
9586,4,10,2,2008,0.26166666666666666,7.66,4.61,6.01
9587,4,11,2,2008,0.44916666666666666,7.9,4.66,6.08
9588,4,12,2,2008,0.8958333333333334,7.75,4.25,5.72
9589,4,13,2,2008,2.2875,8.99,3.09,5.29
9590,4,14,2,2008,2.9566666666666666,8.71,4.55,6.47
9591,4,15,2,2008,3.9499999999999997,8.51,4.82,6.58
9592,4,16,2,2008,4.2725,6.23,3.56,4.8
9593,4,17,2,2008,4.290000000000001,4.86,3.75,4.48
9594,4,18,2,2008,4.524166666666667,4.24,3.21,3.89
9595,4,19,2,2008,4.804166666666667,4.24,3.5500000000000003,4.13
9596,4,20,2,2008,4.838333333333334,5.55,4.47,5.2700000000000005
9597,4,21,2,2008,3.9749999999999996,6.65,5.09,6.17
9598,4,22,2,2008,2.9583333333333335,7.21,5.29,6.5
9599,4,23,2,2008,1.5725000000000005,8.120000000000001,5.43,6.76
9600,5,0,2,2008,0.26,9.03,5.04,7.0200000000000005
9601,5,1,2,2008,-0.6749999999999999,9.5,5.2,7.17
9602,5,2,2,2008,-1.2941666666666667,9.56,5.29,7.26
9603,5,3,2,2008,-1.4383333333333335,9.44,5.54,7.2
9604,5,4,2,2008,-1.7300000000000002,9.33,5.43,7.11
9605,5,5,2,2008,-1.916666666666666,8.9,5.22,6.75
9606,5,6,2,2008,-1.9066666666666665,8.97,5.28,6.98
9607,5,7,2,2008,-1.9266666666666665,9.78,5.67,7.41
9608,5,8,2,2008,-2.3200000000000003,10.14,6.04,7.98
9609,5,9,2,2008,-2.6358333333333337,10.83,6.6400000000000015,8.700000000000001
9610,5,10,2,2008,-2.7875,9.88,6.05,7.9
9611,5,11,2,2008,-2.758333333333333,9.76,6.11,8.120000000000001
9612,5,12,2,2008,-2.470833333333333,9.3,6.01,7.58
9613,5,13,2,2008,-2.321666666666666,10.32,6.7700000000000005,8.83
9614,5,14,2,2008,-2.050833333333333,10.34,6.92,8.66
9615,5,15,2,2008,-1.68,9.21,6.76,8.290000000000001
9616,5,16,2,2008,-1.4208333333333334,10.64,7.9300000000000015,9.69
9617,5,17,2,2008,-0.7725,11.46,8.49,10.42
9618,5,18,2,2008,-0.4916666666666667,11.1,8.15,10.05
9619,5,19,2,2008,-0.22750000000000004,11.04,8.06,9.94
9620,5,20,2,2008,-0.27666666666666667,10.78,7.57,9.42
9621,5,21,2,2008,-0.7675000000000001,11.64,7.47,9.36
9622,5,22,2,2008,-1.0141666666666669,11.84,6.94,9.5
9623,5,23,2,2008,-1.6025,13.18,6.98,10.78
9624,6,0,2,2008,-1.8875000000000002,13.13,6.86,10.71
9625,6,1,2,2008,-2.1149999999999998,12.79,6.8,10.32
9626,6,2,2,2008,-2.513333333333333,13.79,7.43,11.33
9627,6,3,2,2008,-2.983333333333333,15.0,7.35,12.2
9628,6,4,2,2008,-3.499166666666667,15.02,7.43,12.21
9629,6,5,2,2008,-3.9758333333333336,14.88,7.99,12.05
9630,6,6,2,2008,-4.4975,13.69,6.95,11.08
9631,6,7,2,2008,-4.884166666666667,13.48,7.03,10.98
9632,6,8,2,2008,-5.261666666666668,12.92,6.7700000000000005,10.55
9633,6,9,2,2008,-5.619166666666666,12.91,6.62,10.46
9634,6,10,2,2008,-5.8516666666666675,13.43,6.86,10.88
9635,6,11,2,2008,-6.100833333333333,12.87,6.78,10.53
9636,6,12,2,2008,-6.508333333333333,12.55,6.82,10.33
9637,6,13,2,2008,-6.8,12.38,6.51,10.07
9638,6,14,2,2008,-6.875833333333335,11.73,6.68,9.62
9639,6,15,2,2008,-6.5775,10.16,7.25,8.94
9640,6,16,2,2008,-6.139166666666667,9.7,7.2,8.8
9641,6,17,2,2008,-5.6925,9.16,6.8900000000000015,8.39
9642,6,18,2,2008,-5.130833333333334,8.68,6.53,7.95
9643,6,19,2,2008,-4.4366666666666665,7.8,5.84,7.11
9644,6,20,2,2008,-3.8725,7.04,5.26,6.41
9645,6,21,2,2008,-3.745833333333333,6.23,4.6000000000000005,5.64
9646,6,22,2,2008,-4.764166666666667,5.67,2.98,5.05
9647,6,23,2,2008,-6.378333333333334,5.57,2.97,5.04
9648,7,0,2,2008,-7.638333333333333,4.15,2.47,3.99
9649,7,1,2,2008,-8.486666666666666,4.43,2.7,4.05
9650,7,2,2,2008,-9.001666666666667,4.0200000000000005,2.77,3.83
9651,7,3,2,2008,-9.133333333333331,3.4,2.7,3.68
9652,7,4,2,2008,-8.849166666666667,2.97,2.52,3.31
9653,7,5,2,2008,-8.895000000000001,3.45,3.09,4.17
9654,7,6,2,2008,-8.8375,4.62,3.24,4.7
9655,7,7,2,2008,-8.846666666666666,4.94,3.49,5.39
9656,7,8,2,2008,-8.743333333333334,5.29,4.22,6.58
9657,7,9,2,2008,-8.538333333333332,6.3500000000000005,4.29,6.95
9658,7,10,2,2008,-7.798333333333335,7.18,4.25,6.8100000000000005
9659,7,11,2,2008,-6.887499999999999,7.3,4.05,5.97
9660,7,12,2,2008,-6.955833333333334,6.8500000000000005,3.27,4.55
9661,7,13,2,2008,-7.425000000000001,7.25,3.04,4.69
9662,7,14,2,2008,-7.748333333333332,7.0,1.92,4.26
9663,7,15,2,2008,-6.221666666666667,5.04,2.2,3.08
9664,7,16,2,2008,-4.524166666666667,3.81,1.8,2.08
9665,7,17,2,2008,-3.753333333333334,2.69,2.18,2.54
9666,7,18,2,2008,-3.2533333333333334,3.04,2.48,2.88
9667,7,19,2,2008,-2.730833333333333,3.4,2.62,3.12
9668,7,20,2,2008,-2.04,4.0,2.94,3.58
9669,7,21,2,2008,-1.6208333333333333,4.82,2.92,3.66
9670,7,22,2,2008,-2.5416666666666665,5.97,2.75,4.9
9671,7,23,2,2008,-3.970833333333333,5.72,2.76,4.89
9672,8,0,2,2008,-4.550833333333334,5.92,3.33,5.13
9673,8,1,2,2008,-4.300833333333334,6.91,3.94,6.6400000000000015
9674,8,2,2,2008,-3.710833333333333,11.15,4.9,8.1
9675,8,3,2,2008,-3.249166666666666,11.32,5.58,8.59
9676,8,4,2,2008,-3.306666666666667,10.99,5.55,8.57
9677,8,5,2,2008,-2.3141666666666665,11.72,5.59,8.55
9678,8,6,2,2008,-2.3066666666666666,13.82,6.96,10.05
9679,8,7,2,2008,-2.9166666666666665,14.31,6.8900000000000015,10.01
9680,8,8,2,2008,-3.106666666666667,14.3,6.8500000000000005,10.03
9681,8,9,2,2008,-3.0308333333333333,16.07,7.82,11.19
9682,8,10,2,2008,-2.296666666666667,16.92,8.74,12.38
9683,8,11,2,2008,-2.1908333333333334,17.06,8.89,12.56
9684,8,12,2,2008,-1.8758333333333332,17.06,8.950000000000003,12.61
9685,8,13,2,2008,-2.4250000000000003,15.89,8.46,11.94
9686,8,14,2,2008,-2.7533333333333334,14.72,8.39,11.32
9687,8,15,2,2008,-2.4516666666666667,11.66,6.78,9.03
9688,8,16,2,2008,-0.7241666666666666,9.48,5.39,7.32
9689,8,17,2,2008,0.45416666666666666,7.82,4.92,6.49
9690,8,18,2,2008,1.5750000000000002,8.08,4.49,6.21
9691,8,19,2,2008,2.5675000000000003,8.35,4.53,6.3500000000000005
9692,8,20,2,2008,3.080833333333333,7.79,3.67,5.5600000000000005
9693,8,21,2,2008,3.0574999999999997,9.23,3.78,6.68
9694,8,22,2,2008,2.569166666666667,9.44,3.92,6.86
9695,8,23,2,2008,1.2583333333333335,10.28,4.5200000000000005,7.5
9696,9,0,2,2008,0.9683333333333332,11.33,4.96,7.55
9697,9,1,2,2008,0.4758333333333333,10.69,4.64,7.15
9698,9,2,2,2008,-0.03916666666666666,10.31,5.26,7.76
9699,9,3,2,2008,-0.915,10.26,5.19,7.85
9700,9,4,2,2008,-1.135,10.76,5.68,8.44
9701,9,5,2,2008,-1.1033333333333333,11.18,5.5600000000000005,8.41
9702,9,6,2,2008,-1.1841666666666668,11.94,5.68,8.5
9703,9,7,2,2008,-1.3875,12.3,6.1000000000000005,8.9
9704,9,8,2,2008,-1.4500000000000002,13.06,6.6000000000000005,9.49
9705,9,9,2,2008,-1.6674999999999998,13.5,6.38,9.49
9706,9,10,2,2008,-1.905833333333333,13.31,6.09,9.3
9707,9,11,2,2008,-2.7300000000000004,13.03,6.28,9.16
9708,9,12,2,2008,-3.0825,13.32,6.32,9.2
9709,9,13,2,2008,-3.4274999999999998,13.51,6.07,9.17
9710,9,14,2,2008,-2.308333333333333,13.16,5.98,8.85
9711,9,15,2,2008,0.2916666666666667,11.78,6.41,8.6
9712,9,16,2,2008,1.9333333333333333,10.58,6.09,8.22
9713,9,17,2,2008,2.731666666666667,8.76,4.54,6.55
9714,9,18,2,2008,3.1791666666666667,8.39,4.8,6.65
9715,9,19,2,2008,3.5466666666666664,7.7,4.36,6.1000000000000005
9716,9,20,2,2008,3.4166666666666665,7.56,3.77,5.5200000000000005
9717,9,21,2,2008,3.071666666666666,8.19,3.74,6.0200000000000005
9718,9,22,2,2008,1.8933333333333333,10.33,3.72,7.05
9719,9,23,2,2008,0.07416666666666667,14.04,5.72,9.67
9720,10,0,2,2008,-1.5374999999999999,13.76,5.93,9.78
9721,10,1,2,2008,-2.970833333333333,13.55,5.68,9.43
9722,10,2,2,2008,-4.1725,12.94,5.22,8.950000000000003
9723,10,3,2,2008,-5.088333333333334,12.92,4.92,8.42
9724,10,4,2,2008,-5.508333333333333,11.26,4.41,7.66
9725,10,5,2,2008,-5.853333333333334,9.79,3.79,6.44
9726,10,6,2,2008,-6.697499999999999,9.08,3.92,6.23
9727,10,7,2,2008,-7.465,9.38,4.4,6.59
9728,10,8,2,2008,-8.373333333333333,9.23,3.71,6.4
9729,10,9,2,2008,-8.886666666666667,10.66,4.7700000000000005,7.41
9730,10,10,2,2008,-9.487499999999999,10.22,4.72,7.31
9731,10,11,2,2008,-10.043333333333333,11.53,6.57,9.11
9732,10,12,2,2008,-10.914166666666668,11.11,6.22,8.69
9733,10,13,2,2008,-11.936666666666666,9.05,5.63,7.41
9734,10,14,2,2008,-12.317500000000003,9.64,6.84,8.52
9735,10,15,2,2008,-12.403333333333334,8.4,6.19,7.59
9736,10,16,2,2008,-12.47,9.94,7.3,8.96
9737,10,17,2,2008,-12.128333333333332,9.36,6.83,8.4
9738,10,18,2,2008,-11.605833333333331,7.54,5.55,6.78
9739,10,19,2,2008,-11.150833333333333,5.86,4.4,5.3100000000000005
9740,10,20,2,2008,-10.75,4.17,3.17,3.79
9741,10,21,2,2008,-10.56,3.28,2.56,3.02
9742,10,22,2,2008,-10.6425,2.47,2.02,2.34
9743,10,23,2,2008,-11.487499999999999,4.8500000000000005,2.81,4.53
9744,11,0,2,2008,-12.215000000000002,5.28,2.77,4.64
9745,11,1,2,2008,-12.540833333333333,5.51,2.2,4.38
9746,11,2,2,2008,-12.867500000000005,5.92,2.66,4.5200000000000005
9747,11,3,2,2008,-13.218333333333334,5.29,2.28,4.07
9748,11,4,2,2008,-13.448333333333332,5.29,1.6,3.58
9749,11,5,2,2008,-13.645833333333336,6.62,1.61,4.26
9750,11,6,2,2008,-13.805000000000001,7.59,3.5,5.37
9751,11,7,2,2008,-14.078333333333335,7.71,3.84,5.62
9752,11,8,2,2008,-14.381666666666668,7.57,4.12,5.68
9753,11,9,2,2008,-14.467500000000001,7.54,4.42,5.92
9754,11,10,2,2008,-14.355000000000002,8.05,5.03,6.44
9755,11,11,2,2008,-14.160000000000002,7.72,4.97,6.22
9756,11,12,2,2008,-13.89,7.09,5.17,6.25
9757,11,13,2,2008,-13.638333333333334,6.44,4.94,5.93
9758,11,14,2,2008,-13.1575,6.44,5.03,5.99
9759,11,15,2,2008,-12.350833333333332,6.45,5.04,6.0
9760,11,16,2,2008,-11.365,6.45,5.04,5.99
9761,11,17,2,2008,-10.175833333333333,6.28,4.9,5.82
9762,11,18,2,2008,-9.026666666666667,6.34,4.93,5.86
9763,11,19,2,2008,-8.075,6.22,4.82,5.74
9764,11,20,2,2008,-7.435833333333335,6.1000000000000005,4.71,5.62
9765,11,21,2,2008,-7.189166666666668,6.19,4.73,5.68
9766,11,22,2,2008,-7.392499999999999,6.1000000000000005,4.33,5.23
9767,11,23,2,2008,-8.5525,7.6400000000000015,3.25,5.66
9768,12,0,2,2008,-8.773333333333333,7.9300000000000015,3.3200000000000003,5.67
9769,12,1,2,2008,-9.094166666666668,6.6400000000000015,2.5,4.39
9770,12,2,2,2008,-9.464166666666666,6.37,2.5,4.25
9771,12,3,2,2008,-9.9075,6.19,2.5500000000000003,4.36
9772,12,4,2,2008,-10.180833333333334,6.11,2.56,4.21
9773,12,5,2,2008,-10.153333333333332,5.28,2.94,4.09
9774,12,6,2,2008,-10.881666666666666,5.68,2.96,4.71
9775,12,7,2,2008,-11.305000000000001,6.18,3.13,4.91
9776,12,8,2,2008,-11.795,6.18,2.97,4.7
9777,12,9,2,2008,-12.057500000000003,6.15,3.36,4.86
9778,12,10,2,2008,-12.63083333333333,6.44,3.25,5.05
9779,12,11,2,2008,-13.407499999999999,7.58,3.36,5.64
9780,12,12,2,2008,-13.878333333333336,7.51,3.22,5.5
9781,12,13,2,2008,-14.034166666666666,7.55,3.73,5.66
9782,12,14,2,2008,-13.635833333333332,6.46,4.25,5.28
9783,12,15,2,2008,-12.7175,6.13,4.64,5.63
9784,12,16,2,2008,-11.894166666666669,5.84,4.41,5.3500000000000005
9785,12,17,2,2008,-11.071666666666667,5.46,4.1,4.98
9786,12,18,2,2008,-10.1375,5.16,3.81,4.65
9787,12,19,2,2008,-9.225,5.4,4.04,4.91
9788,12,20,2,2008,-8.583333333333334,5.46,4.1,4.99
9789,12,21,2,2008,-8.06,5.11,3.79,4.63
9790,12,22,2,2008,-8.049999999999999,4.64,3.3000000000000003,4.11
9791,12,23,2,2008,-9.260833333333332,4.2,1.48,3.19
9792,13,0,2,2008,-9.885833333333334,3.36,1.1,2.57
9793,13,1,2,2008,-10.333333333333334,2.83,0.73,1.72
9794,13,2,2,2008,-10.71,2.31,0.64,1.23
9795,13,3,2,2008,-10.886666666666665,2.28,0.72,1.28
9796,13,4,2,2008,-10.950833333333334,1.69,0.85,0.85
9797,13,5,2,2008,-10.785833333333331,1.64,1.22,1.3
9798,13,6,2,2008,-10.563333333333334,1.68,1.59,1.72
9799,13,7,2,2008,-10.5325,2.21,2.35,2.91
9800,13,8,2,2008,-10.416666666666666,2.84,2.62,3.53
9801,13,9,2,2008,-10.225,3.22,2.87,4.0
9802,13,10,2,2008,-9.688333333333333,2.94,2.84,3.87
9803,13,11,2,2008,-9.84,4.0,3.52,4.8
9804,13,12,2,2008,-9.431666666666665,3.85,3.79,4.83
9805,13,13,2,2008,-9.014166666666666,6.19,4.18,6.49
9806,13,14,2,2008,-7.605833333333333,6.33,3.56,5.66
9807,13,15,2,2008,-5.754166666666667,6.88,3.85,4.53
9808,13,16,2,2008,-3.7833333333333337,6.57,3.76,4.4
9809,13,17,2,2008,-1.9966666666666668,4.89,3.89,4.6000000000000005
9810,13,18,2,2008,-0.64,6.21,4.78,5.75
9811,13,19,2,2008,0.5533333333333333,7.43,5.2700000000000005,6.53
9812,13,20,2,2008,1.3991666666666667,8.700000000000001,5.5200000000000005,7.21
9813,13,21,2,2008,1.696666666666667,9.82,5.63,7.59
9814,13,22,2,2008,1.509166666666667,12.66,6.29,9.34
9815,13,23,2,2008,0.9783333333333335,14.9,7.42,10.85
9816,14,0,2,2008,0.7308333333333333,16.36,8.49,12.09
9817,14,1,2,2008,0.5375,17.34,9.4,13.09
9818,14,2,2,2008,0.3466666666666667,17.76,9.67,13.39
9819,14,3,2,2008,0.5149999999999999,18.48,10.23,14.05
9820,14,4,2,2008,0.8000000000000002,19.09,10.85,14.73
9821,14,5,2,2008,1.0475,18.82,10.62,14.45
9822,14,6,2,2008,1.3491666666666668,18.53,10.46,14.17
9823,14,7,2,2008,1.5283333333333335,18.47,10.6,14.3
9824,14,8,2,2008,1.4308333333333332,18.12,10.32,13.96
9825,14,9,2,2008,0.8383333333333335,17.32,9.6,13.18
9826,14,10,2,2008,0.3800000000000001,16.35,8.56,12.08
9827,14,11,2,2008,-1.6916666666666664,12.04,3.23,6.73
9828,14,12,2,2008,-1.8875000000000002,10.61,2.35,5.54
9829,14,13,2,2008,-2.5174999999999996,9.91,2.07,5.21
9830,14,14,2,2008,-1.0675000000000001,7.87,2.38,3.78
9831,14,15,2,2008,0.81,5.01,1.53,2.9
9832,14,16,2,2008,1.626666666666667,2.26,2.13,2.37
9833,14,17,2,2008,2.2583333333333333,7.27,5.33,6.57
9834,14,18,2,2008,2.0425,9.89,7.17,8.870000000000003
9835,14,19,2,2008,-0.33916666666666667,12.88,8.83,11.09
9836,14,20,2,2008,-3.2449999999999997,12.78,9.0,11.26
9837,14,21,2,2008,-4.8950000000000005,12.5,8.84,11.06
9838,14,22,2,2008,-5.9174999999999995,12.0,8.4,10.55
9839,14,23,2,2008,-6.38,11.59,7.51,9.69
9840,15,0,2,2008,-6.581666666666667,9.75,6.61,8.33
9841,15,1,2,2008,-7.139166666666667,11.62,7.57,9.79
9842,15,2,2,2008,-7.715000000000001,10.63,6.96,8.99
9843,15,3,2,2008,-8.271666666666665,10.1,6.73,8.63
9844,15,4,2,2008,-9.155833333333334,10.84,7.19,9.22
9845,15,5,2,2008,-9.665000000000001,9.91,6.66,8.41
9846,15,6,2,2008,-10.4275,9.86,6.88,8.66
9847,15,7,2,2008,-10.81,8.48,5.99,7.49
9848,15,8,2,2008,-11.23166666666667,7.18,5.15,6.38
9849,15,9,2,2008,-11.5475,5.46,4.0,4.92
9850,15,10,2,2008,-11.860000000000001,4.5,3.3000000000000003,4.04
9851,15,11,2,2008,-12.118333333333334,5.7,3.96,4.89
9852,15,12,2,2008,-12.36,5.73,3.94,4.93
9853,15,13,2,2008,-12.405833333333332,4.92,3.3000000000000003,4.1
9854,15,14,2,2008,-12.135,3.96,3.16,3.74
9855,15,15,2,2008,-11.429166666666665,3.36,2.77,3.22
9856,15,16,2,2008,-10.422500000000001,3.1,2.56,2.97
9857,15,17,2,2008,-9.366666666666665,2.52,2.13,2.44
9858,15,18,2,2008,-8.2525,2.1,1.82,2.06
9859,15,19,2,2008,-7.2749999999999995,0.9,0.87,0.93
9860,15,20,2,2008,-6.495833333333333,0.31,0.44,0.42
9861,15,21,2,2008,-5.991666666666667,0.67,0.68,0.73
9862,15,22,2,2008,-5.8725,1.26,0.98,1.17
9863,15,23,2,2008,-6.621666666666666,2.27,0.71,1.57
9864,16,0,2,2008,-7.079166666666666,2.69,1.21,2.28
9865,16,1,2,2008,-7.0666666666666655,2.78,1.32,2.46
9866,16,2,2,2008,-7.033333333333332,3.33,1.81,3.14
9867,16,3,2,2008,-6.7633333333333345,4.53,2.45,4.19
9868,16,4,2,2008,-6.995833333333333,5.03,3.23,5.8500000000000005
9869,16,5,2,2008,-7.220833333333332,6.13,3.71,6.44
9870,16,6,2,2008,-7.237500000000002,6.46,3.7,6.44
9871,16,7,2,2008,-7.263333333333333,6.74,3.96,6.78
9872,16,8,2,2008,-7.214166666666668,6.8,3.94,6.73
9873,16,9,2,2008,-7.154166666666666,7.0600000000000005,4.29,6.98
9874,16,10,2,2008,-7.265833333333332,7.19,4.2700000000000005,6.99
9875,16,11,2,2008,-7.275833333333334,8.02,4.3100000000000005,6.97
9876,16,12,2,2008,-7.517499999999999,7.97,4.0200000000000005,6.8100000000000005
9877,16,13,2,2008,-7.1675,7.62,4.11,6.91
9878,16,14,2,2008,-6.195833333333334,8.23,4.2700000000000005,6.2
9879,16,15,2,2008,-4.710833333333334,6.48,3.5,4.11
9880,16,16,2,2008,-3.046666666666667,5.3,4.08,4.8500000000000005
9881,16,17,2,2008,-1.5925,5.74,4.42,5.3
9882,16,18,2,2008,-0.19666666666666663,5.72,4.37,5.2700000000000005
9883,16,19,2,2008,0.8916666666666666,4.82,3.69,4.44
9884,16,20,2,2008,1.6441666666666668,4.94,3.78,4.5600000000000005
9885,16,21,2,2008,1.424166666666667,7.65,3.37,5.42
9886,16,22,2,2008,0.8516666666666669,9.02,4.29,6.33
9887,16,23,2,2008,0.5758333333333333,6.62,3.11,4.67
9888,17,0,2,2008,0.4333333333333334,6.91,3.5500000000000003,5.03
9889,17,1,2,2008,0.4366666666666667,6.79,3.49,5.04
9890,17,2,2,2008,0.2841666666666667,6.16,3.0,4.4
9891,17,3,2,2008,0.13499999999999998,5.63,2.97,4.04
9892,17,4,2,2008,0.11833333333333336,5.24,2.47,3.5
9893,17,5,2,2008,-0.13,4.36,3.45,4.32
9894,17,6,2,2008,-0.06749999999999999,3.5500000000000003,2.58,3.19
9895,17,7,2,2008,0.40666666666666673,4.4,3.28,3.95
9896,17,8,2,2008,0.12583333333333338,6.41,3.97,5.29
9897,17,9,2,2008,0.06416666666666666,9.68,5.67,7.65
9898,17,10,2,2008,0.1525,11.01,7.21,9.37
9899,17,11,2,2008,-0.16,12.6,8.28,10.68
9900,17,12,2,2008,-0.41750000000000004,13.46,8.61,11.23
9901,17,13,2,2008,-0.25750000000000006,14.76,9.64,12.49
9902,17,14,2,2008,0.13416666666666668,16.41,10.78,13.94
9903,17,15,2,2008,0.6216666666666667,16.32,10.72,13.87
9904,17,16,2,2008,1.4541666666666666,16.35,10.48,13.71
9905,17,17,2,2008,1.8066666666666666,16.16,10.33,13.54
9906,17,18,2,2008,1.9949999999999999,15.32,9.78,12.82
9907,17,19,2,2008,2.4575,15.6,10.14,13.18
9908,17,20,2,2008,2.546666666666667,15.18,9.43,12.53
9909,17,21,2,2008,2.305833333333333,14.33,8.78,11.74
9910,17,22,2,2008,1.7125000000000001,13.84,7.65,10.72
9911,17,23,2,2008,0.5949999999999999,16.16,7.18,11.18
9912,18,0,2,2008,-0.13,17.45,8.92,12.79
9913,18,1,2,2008,-0.7875,16.77,8.86,12.58
9914,18,2,2,2008,-1.6625000000000003,17.29,7.68,11.28
9915,18,3,2,2008,-2.549166666666667,18.65,9.9,13.96
9916,18,4,2,2008,-3.3450000000000006,12.97,5.37,8.78
9917,18,5,2,2008,-3.2524999999999995,11.07,7.07,9.21
9918,18,6,2,2008,-3.3725000000000005,13.87,7.72,10.69
9919,18,7,2,2008,-5.013333333333334,11.65,6.05,8.51
9920,18,8,2,2008,-6.089166666666667,10.92,4.53,7.54
9921,18,9,2,2008,-6.545000000000001,9.85,4.24,6.98
9922,18,10,2,2008,-6.6191666666666675,10.12,4.21,6.94
9923,18,11,2,2008,-7.041666666666665,9.14,3.46,6.3100000000000005
9924,18,12,2,2008,-6.993333333333335,11.96,4.67,7.56
9925,18,13,2,2008,-6.984166666666666,11.16,5.16,7.82
9926,18,14,2,2008,-6.692500000000002,8.89,5.65,7.09
9927,18,15,2,2008,-6.454166666666667,7.72,5.51,6.8500000000000005
9928,18,16,2,2008,-5.9125000000000005,8.31,5.91,7.33
9929,18,17,2,2008,-5.427499999999999,9.66,6.8100000000000005,8.48
9930,18,18,2,2008,-4.921666666666668,9.86,6.84,8.56
9931,18,19,2,2008,-4.739166666666667,9.52,6.68,8.32
9932,18,20,2,2008,-4.795,9.45,6.68,8.31
9933,18,21,2,2008,-4.945,9.22,6.49,8.1
9934,18,22,2,2008,-5.243333333333333,7.94,5.12,6.54
9935,18,23,2,2008,-6.930833333333333,9.78,4.08,6.98
9936,19,0,2,2008,-8.268333333333333,8.44,2.98,6.0600000000000005
9937,19,1,2,2008,-8.918333333333335,7.96,2.27,4.99
9938,19,2,2,2008,-9.594166666666668,8.66,2.53,5.61
9939,19,3,2,2008,-10.110000000000001,9.63,2.86,6.0600000000000005
9940,19,4,2,2008,-10.652500000000002,9.62,3.66,6.71
9941,19,5,2,2008,-11.5,9.57,2.78,5.94
9942,19,6,2,2008,-12.069166666666668,8.74,3.26,6.44
9943,19,7,2,2008,-12.435833333333335,8.99,3.78,6.82
9944,19,8,2,2008,-12.6475,9.02,3.82,6.86
9945,19,9,2,2008,-13.130833333333333,7.17,2.95,6.3100000000000005
9946,19,10,2,2008,-13.570833333333333,2.74,1.3,2.08
9947,19,11,2,2008,-13.520000000000001,3.97,2.53,3.7
9948,19,12,2,2008,-12.845,4.63,3.0500000000000003,4.7700000000000005
9949,19,13,2,2008,-12.155,5.99,3.99,5.76
9950,19,14,2,2008,-10.835,6.01,3.86,5.3500000000000005
9951,19,15,2,2008,-8.779166666666665,5.1000000000000005,3.16,3.67
9952,19,16,2,2008,-6.444166666666667,5.86,4.5,5.39
9953,19,17,2,2008,-4.5925,6.37,4.84,5.82
9954,19,18,2,2008,-2.581666666666667,7.11,5.3100000000000005,6.43
9955,19,19,2,2008,-0.7625000000000001,6.62,4.96,6.0
9956,19,20,2,2008,0.405,5.28,4.0,4.82
9957,19,21,2,2008,1.1083333333333332,5.05,3.48,4.3100000000000005
9958,19,22,2,2008,0.6233333333333332,4.05,1.07,2.42
9959,19,23,2,2008,-0.5991666666666666,3.64,1.24,2.62
9960,20,0,2,2008,-0.9941666666666668,2.66,0.99,1.47
9961,20,1,2,2008,-1.2866666666666666,4.8100000000000005,1.68,3.42
9962,20,2,2,2008,-2.3191666666666664,6.37,2.18,4.24
9963,20,3,2,2008,-3.4041666666666663,7.88,3.79,5.93
9964,20,4,2,2008,-3.638333333333333,11.92,5.39,8.22
9965,20,5,2,2008,-6.459166666666667,15.27,7.78,10.85
9966,20,6,2,2008,-7.995000000000001,12.93,7.22,10.01
9967,20,7,2,2008,-9.334999999999999,12.71,7.95,10.39
9968,20,8,2,2008,-11.2325,12.8,8.15,10.59
9969,20,9,2,2008,-12.500000000000002,12.67,8.55,10.92
9970,20,10,2,2008,-13.957500000000001,12.13,8.21,10.43
9971,20,11,2,2008,-15.194166666666668,11.55,7.98,10.06
9972,20,12,2,2008,-16.110000000000003,10.79,7.59,9.5
9973,20,13,2,2008,-16.650000000000002,9.64,6.95,8.61
9974,20,14,2,2008,-16.947499999999998,9.01,6.69,8.22
9975,20,15,2,2008,-16.710833333333333,7.71,5.82,7.04
9976,20,16,2,2008,-16.12,7.3900000000000015,5.6000000000000005,6.7700000000000005
9977,20,17,2,2008,-15.286666666666664,6.96,5.32,6.3900000000000015
9978,20,18,2,2008,-14.402499999999998,6.74,5.19,6.21
9979,20,19,2,2008,-13.670833333333334,6.42,4.93,5.91
9980,20,20,2,2008,-13.104999999999999,6.1400000000000015,4.75,5.68
9981,20,21,2,2008,-12.6425,6.16,4.72,5.67
9982,20,22,2,2008,-12.515,6.1000000000000005,4.54,5.54
9983,20,23,2,2008,-12.730833333333331,6.79,4.55,5.65
9984,21,0,2,2008,-13.290833333333337,7.04,4.4,5.86
9985,21,1,2,2008,-13.870833333333332,6.65,4.72,5.8500000000000005
9986,21,2,2,2008,-14.379166666666668,6.6000000000000005,4.97,6.05
9987,21,3,2,2008,-14.821666666666667,6.6000000000000005,4.97,6.05
9988,21,4,2,2008,-15.11,6.54,4.94,6.01
9989,21,5,2,2008,-15.280833333333334,6.07,4.63,5.6000000000000005
9990,21,6,2,2008,-15.330000000000004,5.14,4.0200000000000005,4.8
9991,21,7,2,2008,-15.338333333333331,4.9,3.86,4.6000000000000005
9992,21,8,2,2008,-15.198333333333336,4.34,3.52,4.12
9993,21,9,2,2008,-14.973333333333334,4.36,3.58,4.18
9994,21,10,2,2008,-14.78416666666667,4.07,3.35,3.92
9995,21,11,2,2008,-14.549999999999999,3.98,3.3000000000000003,3.84
9996,21,12,2,2008,-14.298333333333334,3.77,3.09,3.6
9997,21,13,2,2008,-14.1,3.52,2.91,3.39
9998,21,14,2,2008,-13.749166666666666,3.51,2.9,3.37
9999,21,15,2,2008,-13.181666666666667,3.29,2.69,3.14
10000,21,16,2,2008,-12.43,3.6,2.98,3.46
10001,21,17,2,2008,-11.398333333333333,3.43,2.82,3.28
10002,21,18,2,2008,-10.325833333333334,3.13,2.59,2.99
10003,21,19,2,2008,-9.5025,3.0500000000000003,2.51,2.9
10004,21,20,2,2008,-8.866666666666665,3.06,2.49,2.9
10005,21,21,2,2008,-8.405833333333332,3.04,2.49,2.9
10006,21,22,2,2008,-8.295833333333334,3.02,2.48,2.89
10007,21,23,2,2008,-8.6475,3.16,2.02,2.77
10008,22,0,2,2008,-9.266666666666667,4.17,1.63,3.43
10009,22,1,2,2008,-9.667500000000002,4.5,1.75,3.67
10010,22,2,2,2008,-9.7975,4.58,1.29,3.5
10011,22,3,2,2008,-10.058333333333334,3.29,0.81,2.57
10012,22,4,2,2008,-10.426666666666668,2.86,0.36,1.79
10013,22,5,2,2008,-10.965833333333334,1.86,0.18,0.68
10014,22,6,2,2008,-11.316666666666668,1.98,0.61,1.38
10015,22,7,2,2008,-11.315,2.3000000000000003,0.84,1.85
10016,22,8,2,2008,-11.275833333333331,2.36,0.85,1.86
10017,22,9,2,2008,-11.350833333333334,2.7,1.03,2.1
10018,22,10,2,2008,-11.5725,2.76,1.39,2.47
10019,22,11,2,2008,-11.700833333333335,3.08,1.72,2.86
10020,22,12,2,2008,-11.775,3.43,1.83,3.17
10021,22,13,2,2008,-11.655833333333332,3.34,1.8,2.98
10022,22,14,2,2008,-10.340833333333334,3.41,1.83,2.99
10023,22,15,2,2008,-8.956666666666665,2.73,1.68,1.92
10024,22,16,2,2008,-7.746666666666667,1.57,1.32,1.51
10025,22,17,2,2008,-6.6575,0.88,0.77,0.86
10026,22,18,2,2008,-5.666666666666667,0.54,0.38,0.48
10027,22,19,2,2008,-4.858333333333333,1.12,0.94,1.07
10028,22,20,2,2008,-4.214166666666666,1.17,0.98,1.11
10029,22,21,2,2008,-3.8341666666666665,1.18,0.95,1.1
10030,22,22,2,2008,-3.9499999999999997,1.18,0.81,0.99
10031,22,23,2,2008,-5.399166666666667,2.03,0.7000000000000001,1.64
10032,23,0,2,2008,-6.365833333333334,2.63,1.39,2.4
10033,23,1,2,2008,-6.6308333333333325,3.3000000000000003,1.94,3.13
10034,23,2,2,2008,-6.465000000000001,4.28,2.62,4.22
10035,23,3,2,2008,-6.47,4.92,3.21,5.11
10036,23,4,2,2008,-6.499166666666665,5.83,3.78,5.99
10037,23,5,2,2008,-6.556666666666666,6.51,3.87,6.5200000000000005
10038,23,6,2,2008,-6.484166666666667,7.19,4.17,7.0200000000000005
10039,23,7,2,2008,-6.445,7.46,4.37,7.35
10040,23,8,2,2008,-6.337500000000001,7.83,4.59,7.6400000000000015
10041,23,9,2,2008,-6.251666666666668,8.19,4.78,7.83
10042,23,10,2,2008,-6.339999999999999,8.71,5.0600000000000005,7.99
10043,23,11,2,2008,-6.272500000000001,8.82,5.18,8.2
10044,23,12,2,2008,-6.266666666666667,8.67,5.04,8.08
10045,23,13,2,2008,-6.018333333333334,9.12,5.36,8.2
10046,23,14,2,2008,-5.146666666666667,9.22,5.47,7.51
10047,23,15,2,2008,-3.6758333333333333,8.85,4.3100000000000005,6.1400000000000015
10048,23,16,2,2008,-2.0508333333333333,6.72,3.88,4.62
10049,23,17,2,2008,-0.8233333333333333,4.76,3.72,4.45
10050,23,18,2,2008,0.1275,4.96,3.8,4.58
10051,23,19,2,2008,0.8233333333333334,5.05,3.85,4.66
10052,23,20,2,2008,1.2975,4.83,3.65,4.43
10053,23,21,2,2008,1.345,5.24,3.45,4.21
10054,23,22,2,2008,0.8508333333333332,6.15,2.91,4.61
10055,23,23,2,2008,-0.8075,6.3900000000000015,2.4,4.93
10056,24,0,2,2008,-2.033333333333333,7.26,2.75,6.17
10057,24,1,2,2008,-2.5425,7.36,3.19,7.31
10058,24,2,2,2008,-2.3850000000000002,8.18,3.81,7.31
10059,24,3,2,2008,-2.241666666666667,8.14,3.92,7.23
10060,24,4,2,2008,-2.2450000000000006,6.61,3.78,6.84
10061,24,5,2,2008,-2.3883333333333336,6.53,3.81,6.83
10062,24,6,2,2008,-2.6308333333333334,6.84,3.92,6.76
10063,24,7,2,2008,-2.875833333333333,6.63,3.82,6.86
10064,24,8,2,2008,-2.964166666666667,7.0200000000000005,3.82,6.2
10065,24,9,2,2008,-3.2416666666666667,6.75,3.63,5.99
10066,24,10,2,2008,-3.3125,8.040000000000001,3.91,6.68
10067,24,11,2,2008,-3.065833333333334,8.97,4.48,7.41
10068,24,12,2,2008,-2.7274999999999996,9.84,4.9,7.83
10069,24,13,2,2008,-2.1616666666666666,9.89,5.37,7.82
10070,24,14,2,2008,-1.5958333333333332,9.91,5.79,7.88
10071,24,15,2,2008,-0.9083333333333333,9.91,5.99,7.8900000000000015
10072,24,16,2,2008,-0.12916666666666668,9.14,5.62,7.5
10073,24,17,2,2008,0.6399999999999999,9.45,5.89,7.57
10074,24,18,2,2008,1.2258333333333333,9.01,5.79,7.36
10075,24,19,2,2008,1.8866666666666665,9.5,5.68,7.8
10076,24,20,2,2008,4.244166666666667,9.51,5.58,7.45
10077,24,21,2,2008,4.895,10.5,5.5200000000000005,7.88
10078,24,22,2,2008,4.649166666666666,12.35,6.2,9.35
10079,24,23,2,2008,3.9883333333333337,13.47,6.99,10.08
10080,25,0,2,2008,3.340833333333334,13.68,7.08,10.15
10081,25,1,2,2008,2.9291666666666667,14.13,7.51,10.47
10082,25,2,2,2008,2.676666666666667,14.12,7.65,10.56
10083,25,3,2,2008,2.2025,14.01,7.63,10.5
10084,25,4,2,2008,1.7666666666666666,13.82,7.81,10.5
10085,25,5,2,2008,1.793333333333333,13.78,7.75,10.39
10086,25,6,2,2008,1.8308333333333335,12.99,7.09,9.68
10087,25,7,2,2008,1.696666666666667,12.17,6.2,8.71
10088,25,8,2,2008,1.3925,10.05,3.97,6.38
10089,25,9,2,2008,1.2616666666666667,9.47,3.31,5.5600000000000005
10090,25,10,2,2008,1.5916666666666668,9.68,3.49,5.79
10091,25,11,2,2008,1.4375,10.18,3.98,6.51
10092,25,12,2,2008,1.3716666666666668,12.51,6.66,9.3
10093,25,13,2,2008,1.4716666666666665,11.19,5.57,8.01
10094,25,14,2,2008,1.3675,9.34,4.67,6.75
10095,25,15,2,2008,1.2816666666666667,7.3,3.79,5.4
10096,25,16,2,2008,1.4949999999999999,5.68,2.69,3.7
10097,25,17,2,2008,1.5249999999999997,4.33,2.89,3.72
10098,25,18,2,2008,1.6758333333333333,4.7700000000000005,3.3200000000000003,4.13
10099,25,19,2,2008,1.6508333333333332,7.86,5.26,6.91
10100,25,20,2,2008,0.9500000000000001,9.96,5.86,7.8
10101,25,21,2,2008,0.9874999999999999,10.64,6.6000000000000005,8.76
10102,25,22,2,2008,0.88,14.11,8.98,11.73
10103,25,23,2,2008,0.46833333333333327,14.64,9.31,12.21
10104,26,0,2,2008,0.22583333333333333,14.87,9.23,12.24
10105,26,1,2,2008,-0.005000000000000007,15.1,9.66,12.63
10106,26,2,2,2008,-0.2333333333333333,16.64,10.75,14.0
10107,26,3,2,2008,-0.765,17.54,11.43,14.85
10108,26,4,2,2008,-1.7325,16.9,10.99,14.28
10109,26,5,2,2008,-2.7899999999999996,15.24,9.77,12.75
10110,26,6,2,2008,-3.899166666666666,15.27,9.77,12.74
10111,26,7,2,2008,-4.6825,14.48,9.35,12.18
10112,26,8,2,2008,-5.572500000000001,14.72,9.52,12.4
10113,26,9,2,2008,-6.3708333333333345,14.69,9.47,12.35
10114,26,10,2,2008,-6.7425,13.83,8.700000000000001,11.43
10115,26,11,2,2008,-6.935,13.68,8.51,11.31
10116,26,12,2,2008,-7.006666666666667,13.45,8.41,11.14
10117,26,13,2,2008,-6.949166666666667,12.65,8.05,10.55
10118,26,14,2,2008,-6.416666666666667,12.94,9.01,11.33
10119,26,15,2,2008,-5.678333333333335,12.59,8.98,11.25
10120,26,16,2,2008,-4.803333333333334,11.27,8.05,10.05
10121,26,17,2,2008,-3.83,10.57,7.53,9.42
10122,26,18,2,2008,-2.9308333333333336,10.41,7.4,9.27
10123,26,19,2,2008,-2.2675,10.46,7.49,9.37
10124,26,20,2,2008,-1.6691666666666667,10.32,7.31,9.19
10125,26,21,2,2008,-1.1674999999999998,9.85,6.88,8.700000000000001
10126,26,22,2,2008,-1.0808333333333333,9.44,6.47,8.28
10127,26,23,2,2008,-1.9566666666666668,10.38,4.03,7.33
10128,27,0,2,2008,-2.2716666666666665,11.45,4.95,8.32
10129,27,1,2,2008,-2.8175000000000003,10.5,4.21,7.48
10130,27,2,2,2008,-2.8958333333333335,9.96,3.79,7.01
10131,27,3,2,2008,-3.1966666666666668,9.36,3.5700000000000003,6.9
10132,27,4,2,2008,-3.673333333333334,8.790000000000001,3.29,6.48
10133,27,5,2,2008,-4.025,8.93,3.33,6.3900000000000015
10134,27,6,2,2008,-4.171666666666668,8.5,3.31,6.25
10135,27,7,2,2008,-4.743333333333333,8.08,2.98,6.12
10136,27,8,2,2008,-4.884166666666666,6.7700000000000005,2.76,6.01
10137,27,9,2,2008,-4.96,6.0600000000000005,2.67,5.78
10138,27,10,2,2008,-5.120833333333334,5.36,2.43,5.3500000000000005
10139,27,11,2,2008,-5.2441666666666675,4.32,2.67,4.65
10140,27,12,2,2008,-5.5183333333333335,4.53,3.03,4.6000000000000005
10141,27,13,2,2008,-5.365833333333334,4.61,2.98,4.58
10142,27,14,2,2008,-4.148333333333333,4.65,2.84,4.21
10143,27,15,2,2008,-2.75,3.75,2.26,2.49
10144,27,16,2,2008,-1.4625000000000001,1.94,1.62,1.85
10145,27,17,2,2008,-0.5608333333333334,1.6,1.37,1.56
10146,27,18,2,2008,0.12999999999999998,2.08,1.72,1.99
10147,27,19,2,2008,0.8208333333333333,2.26,1.76,2.08
10148,27,20,2,2008,1.51,2.24,1.68,2.01
10149,27,21,2,2008,1.8158333333333336,1.65,1.25,1.49
10150,27,22,2,2008,1.6899999999999995,2.5,1.22,1.66
10151,27,23,2,2008,0.6175,2.62,1.15,2.2
10152,28,0,2,2008,-0.36000000000000004,3.06,1.58,2.83
10153,28,1,2,2008,-0.6258333333333334,3.8,2.12,3.69
10154,28,2,2,2008,-0.9583333333333334,4.6000000000000005,2.56,4.83
10155,28,3,2,2008,-1.365833333333333,6.05,2.97,5.53
10156,28,4,2,2008,-1.71,7.25,3.04,5.93
10157,28,5,2,2008,-1.9749999999999999,8.59,3.44,6.17
10158,28,6,2,2008,-2.0541666666666667,9.08,3.61,6.2700000000000005
10159,28,7,2,2008,-2.125833333333334,9.66,4.14,6.41
10160,28,8,2,2008,-2.215833333333333,10.07,4.33,6.6400000000000015
10161,28,9,2,2008,-2.2616666666666667,10.27,4.66,6.94
10162,28,10,2,2008,-2.1799999999999997,10.37,5.1000000000000005,7.32
10163,28,11,2,2008,-2.0766666666666667,10.25,5.04,7.26
10164,28,12,2,2008,-1.97,10.62,5.33,7.62
10165,28,13,2,2008,-1.8049999999999997,9.82,4.99,7.08
10166,28,14,2,2008,-1.1383333333333332,9.24,5.58,7.36
10167,28,15,2,2008,-0.27916666666666673,9.23,5.62,7.41
10168,28,16,2,2008,0.5625,8.07,4.42,5.62
10169,28,17,2,2008,1.3625,8.67,5.0600000000000005,6.41
10170,28,18,2,2008,1.9116666666666668,9.21,5.83,7.46
10171,28,19,2,2008,2.374166666666667,6.98,4.59,5.72
10172,28,20,2,2008,2.991666666666667,5.79,3.6,4.41
10173,28,21,2,2008,3.435833333333333,6.71,4.05,5.3
10174,28,22,2,2008,3.1975000000000002,10.6,5.89,8.23
10175,28,23,2,2008,2.299166666666667,10.85,4.88,7.65
10176,1,0,3,2008,4.071666666666667,6.4,3.18,5.7
10177,1,1,3,2008,3.5908333333333338,7.56,3.85,6.73
10178,1,2,3,2008,3.8008333333333333,8.72,4.47,7.62
10179,1,3,3,2008,3.986666666666667,9.06,4.6000000000000005,7.72
10180,1,4,3,2008,3.8700000000000006,9.62,4.87,8.22
10181,1,5,3,2008,4.185833333333333,10.91,5.21,9.06
10182,1,6,3,2008,4.545,12.28,5.86,9.62
10183,1,7,3,2008,4.3774999999999995,14.71,6.71,10.57
10184,1,8,3,2008,4.672499999999999,15.48,7.3,11.14
10185,1,9,3,2008,4.986666666666667,16.76,7.81,11.75
10186,1,10,3,2008,5.465000000000001,17.68,8.55,12.58
10187,1,11,3,2008,5.589166666666667,17.96,8.68,12.73
10188,1,12,3,2008,5.6925,18.29,8.82,12.9
10189,1,13,3,2008,6.638333333333333,18.3,9.68,13.35
10190,1,14,3,2008,8.596666666666666,17.38,10.52,13.85
10191,1,15,3,2008,9.83333333333333,16.03,9.98,12.86
10192,1,16,3,2008,11.670833333333333,15.04,10.27,12.97
10193,1,17,3,2008,13.55333333333333,14.58,10.1,12.73
10194,1,18,3,2008,15.055833333333332,14.54,10.05,12.7
10195,1,19,3,2008,16.35833333333333,14.21,9.79,12.37
10196,1,20,3,2008,17.459999999999997,13.14,9.07,11.44
10197,1,21,3,2008,18.182499999999997,12.26,8.41,10.63
10198,1,22,3,2008,18.051666666666666,11.78,7.88,10.11
10199,1,23,3,2008,16.34,13.07,5.16,8.74
10200,2,0,3,2008,14.889166666666668,14.94,6.9,10.87
10201,2,1,3,2008,14.417500000000002,16.45,7.71,11.76
10202,2,2,3,2008,13.233333333333336,16.76,7.87,11.87
10203,2,3,3,2008,12.748333333333333,17.080000000000002,7.9,11.92
10204,2,4,3,2008,12.089166666666666,17.64,8.49,12.47
10205,2,5,3,2008,11.49,17.29,8.26,12.11
10206,2,6,3,2008,11.13,17.96,9.02,12.91
10207,2,7,3,2008,11.086666666666666,17.44,8.790000000000001,12.64
10208,2,8,3,2008,11.053333333333333,16.06,7.83,11.4
10209,2,9,3,2008,12.216666666666667,17.57,10.06,13.74
10210,2,10,3,2008,11.954166666666666,17.21,9.52,13.19
10211,2,11,3,2008,12.314166666666667,17.53,9.92,13.61
10212,2,12,3,2008,12.619166666666665,17.76,9.93,13.66
10213,2,13,3,2008,12.893333333333336,17.72,10.52,13.92
10214,2,14,3,2008,14.974166666666667,18.21,11.84,15.34
10215,2,15,3,2008,16.961666666666666,16.62,10.94,13.76
10216,2,16,3,2008,18.510833333333334,17.84,12.54,15.83
10217,2,17,3,2008,19.244999999999997,16.79,11.81,14.9
10218,2,18,3,2008,20.039166666666667,15.24,10.41,13.2
10219,2,19,3,2008,19.928333333333335,13.39,9.15,11.44
10220,2,20,3,2008,17.54083333333333,13.71,9.32,11.7
10221,2,21,3,2008,11.956666666666665,13.77,9.67,12.27
10222,2,22,3,2008,9.504166666666668,11.96,8.15,10.24
10223,2,23,3,2008,7.525833333333332,14.77,10.6,13.27
10224,3,0,3,2008,6.079999999999999,12.57,8.49,10.84
10225,3,1,3,2008,4.5,15.26,10.43,13.16
10226,3,2,3,2008,2.539166666666667,15.5,10.28,12.94
10227,3,3,3,2008,0.2891666666666666,22.13,10.78,15.67
10228,3,4,3,2008,0.029166666666666664,16.990000000000002,8.540000000000001,13.51
10229,3,5,3,2008,-0.09250000000000001,16.92,8.08,13.31
10230,3,6,3,2008,0.6675,15.32,9.61,12.5
10231,3,7,3,2008,1.0258333333333334,12.45,7.1400000000000015,9.78
10232,3,8,3,2008,0.5091666666666668,15.96,9.13,12.49
10233,3,9,3,2008,-0.3558333333333334,15.45,8.81,12.07
10234,3,10,3,2008,-1.37,15.74,7.83,11.44
10235,3,11,3,2008,-2.151666666666667,15.65,7.92,11.46
10236,3,12,3,2008,-3.3091666666666675,14.28,6.3100000000000005,9.85
10237,3,13,3,2008,-3.6216666666666666,14.96,8.31,11.49
10238,3,14,3,2008,-3.2866666666666666,14.49,9.34,12.07
10239,3,15,3,2008,-3.0641666666666665,13.21,9.27,11.62
10240,3,16,3,2008,-2.539166666666667,11.75,8.370000000000001,10.45
10241,3,17,3,2008,-2.0616666666666665,11.32,8.120000000000001,10.1
10242,3,18,3,2008,-1.5791666666666668,10.93,7.83,9.74
10243,3,19,3,2008,-1.055,10.57,7.57,9.41
10244,3,20,3,2008,-0.7008333333333333,10.64,7.62,9.52
10245,3,21,3,2008,-0.46833333333333343,9.55,6.86,8.55
10246,3,22,3,2008,-0.5683333333333332,8.43,5.92,7.45
10247,3,23,3,2008,-1.9333333333333333,8.91,3.85,6.69
10248,4,0,3,2008,-3.1625,11.17,3.54,7.86
10249,4,1,3,2008,-3.7183333333333324,12.14,4.26,9.91
10250,4,2,3,2008,-4.05,11.16,4.67,9.89
10251,4,3,3,2008,-4.754166666666667,11.1,3.98,8.540000000000001
10252,4,4,3,2008,-5.391666666666667,9.64,3.38,7.65
10253,4,5,3,2008,-5.615000000000001,8.9,3.36,7.54
10254,4,6,3,2008,-6.355833333333334,8.06,2.67,6.09
10255,4,7,3,2008,-6.911666666666666,6.49,1.9,5.47
10256,4,8,3,2008,-7.193333333333334,6.28,2.02,5.84
10257,4,9,3,2008,-7.324999999999999,6.07,1.89,5.48
10258,4,10,3,2008,-7.495000000000001,5.47,2.02,4.96
10259,4,11,3,2008,-7.658333333333334,5.25,1.9,4.7700000000000005
10260,4,12,3,2008,-7.824999999999999,4.95,1.54,4.24
10261,4,13,3,2008,-7.600833333333331,4.66,1.55,3.49
10262,4,14,3,2008,-6.5675,3.4,1.7,2.03
10263,4,15,3,2008,-5.440833333333334,2.12,1.69,1.96
10264,4,16,3,2008,-3.9749999999999996,1.66,1.34,1.55
10265,4,17,3,2008,-2.5650000000000004,2.27,1.86,2.16
10266,4,18,3,2008,-1.3916666666666666,2.59,2.06,2.42
10267,4,19,3,2008,-0.3116666666666667,3.13,2.48,2.92
10268,4,20,3,2008,0.505,3.56,2.73,3.27
10269,4,21,3,2008,1.175833333333333,4.0200000000000005,2.98,3.64
10270,4,22,3,2008,1.5883333333333332,4.1,3.01,3.69
10271,4,23,3,2008,1.1575,5.87,2.66,4.71
10272,5,0,3,2008,0.7483333333333334,7.0600000000000005,3.27,5.63
10273,5,1,3,2008,0.2575,7.9300000000000015,3.24,6.0600000000000005
10274,5,2,3,2008,-0.06083333333333336,8.36,3.72,6.5
10275,5,3,3,2008,-0.33083333333333337,8.26,3.45,6.3
10276,5,4,3,2008,-0.7008333333333333,8.68,3.61,6.2
10277,5,5,3,2008,-0.5058333333333334,9.64,4.3,6.8
10278,5,6,3,2008,-0.5625000000000001,10.84,5.15,7.98
10279,5,7,3,2008,-0.45166666666666666,12.13,6.15,8.98
10280,5,8,3,2008,-0.007500000000000002,11.67,6.24,8.82
10281,5,9,3,2008,-0.020833333333333332,11.68,6.3100000000000005,8.9
10282,5,10,3,2008,-0.017499999999999998,11.69,6.07,8.59
10283,5,11,3,2008,0.05583333333333334,11.84,5.91,8.45
10284,5,12,3,2008,0.35333333333333333,12.13,6.16,8.870000000000003
10285,5,13,3,2008,0.2733333333333333,11.9,6.05,8.71
10286,5,14,3,2008,0.4058333333333333,11.24,7.77,9.76
10287,5,15,3,2008,0.3541666666666667,11.87,8.46,10.54
10288,5,16,3,2008,0.4991666666666666,11.95,8.59,10.66
10289,5,17,3,2008,1.0783333333333334,10.81,7.72,9.59
10290,5,18,3,2008,1.6375,10.93,7.76,9.66
10291,5,19,3,2008,1.9333333333333333,11.15,8.01,9.94
10292,5,20,3,2008,2.005,10.73,7.68,9.54
10293,5,21,3,2008,2.060833333333333,9.96,7.0600000000000005,8.82
10294,5,22,3,2008,1.655,9.52,6.65,8.38
10295,5,23,3,2008,0.335,8.040000000000001,4.51,6.4
10296,6,0,3,2008,-0.7683333333333332,10.2,3.49,7.47
10297,6,1,3,2008,-1.0241666666666667,10.38,4.09,7.9300000000000015
10298,6,2,3,2008,-1.595,9.57,4.22,7.9300000000000015
10299,6,3,3,2008,-2.5241666666666664,9.16,3.8,7.5
10300,6,4,3,2008,-2.803333333333333,9.68,3.87,7.1400000000000015
10301,6,5,3,2008,-3.455833333333333,9.12,3.33,6.8900000000000015
10302,6,6,3,2008,-3.6699999999999995,8.64,3.43,6.34
10303,6,7,3,2008,-3.6283333333333325,7.34,3.27,6.0
10304,6,8,3,2008,-4.009166666666666,6.34,2.9,5.67
10305,6,9,3,2008,-4.375,4.75,1.97,4.3
10306,6,10,3,2008,-4.62,3.71,1.68,3.3200000000000003
10307,6,11,3,2008,-4.895833333333333,3.61,2.08,3.29
10308,6,12,3,2008,-5.1125,4.11,2.62,3.91
10309,6,13,3,2008,-4.719166666666667,4.73,2.76,3.95
10310,6,14,3,2008,-3.276666666666667,4.45,2.67,3.06
10311,6,15,3,2008,-1.7358333333333331,3.77,3.02,3.54
10312,6,16,3,2008,-0.5375000000000001,3.7,2.96,3.47
10313,6,17,3,2008,0.6983333333333334,2.8000000000000003,2.13,2.53
10314,6,18,3,2008,1.7825,2.75,2.11,2.5
10315,6,19,3,2008,2.4783333333333335,2.44,1.83,2.18
10316,6,20,3,2008,3.0124999999999997,2.98,2.25,2.69
10317,6,21,3,2008,3.2300000000000004,4.08,3.08,3.74
10318,6,22,3,2008,2.8733333333333335,5.03,3.3000000000000003,4.14
10319,6,23,3,2008,1.804166666666667,6.16,3.35,5.65
10320,7,0,3,2008,0.8133333333333334,7.69,4.11,6.86
10321,7,1,3,2008,0.1758333333333333,9.28,4.58,7.62
10322,7,2,3,2008,-0.2041666666666667,9.78,4.94,8.0
10323,7,3,3,2008,-0.42083333333333334,9.87,4.91,8.1
10324,7,4,3,2008,-0.37083333333333335,9.92,4.93,8.22
10325,7,5,3,2008,-0.4808333333333334,10.13,5.04,8.26
10326,7,6,3,2008,-0.7325,10.17,4.8100000000000005,7.95
10327,7,7,3,2008,-0.4725000000000001,9.74,4.49,7.46
10328,7,8,3,2008,-1.3633333333333335,7.52,4.92,6.4
10329,7,9,3,2008,-1.8116666666666668,8.27,5.09,6.61
10330,7,10,3,2008,-2.3141666666666665,8.85,6.01,7.57
10331,7,11,3,2008,-3.7566666666666664,12.25,8.48,10.72
10332,7,12,3,2008,-5.5633333333333335,13.68,9.53,12.04
10333,7,13,3,2008,-6.846666666666667,13.35,9.2,11.64
10334,7,14,3,2008,-7.430833333333332,12.83,9.29,11.55
10335,7,15,3,2008,-7.2683333333333335,11.92,8.72,10.79
10336,7,16,3,2008,-7.126666666666668,11.57,8.47,10.47
10337,7,17,3,2008,-6.689999999999999,10.97,8.05,9.93
10338,7,18,3,2008,-6.164166666666667,10.44,7.68,9.46
10339,7,19,3,2008,-5.767500000000001,9.91,7.28,8.98
10340,7,20,3,2008,-5.460833333333333,9.17,6.75,8.32
10341,7,21,3,2008,-5.3933333333333335,8.64,6.34,7.83
10342,7,22,3,2008,-5.515,8.16,5.95,7.37
10343,7,23,3,2008,-6.014166666666668,7.5,5.38,6.72
10344,8,0,3,2008,-7.0808333333333335,7.61,3.52,6.11
10345,8,1,3,2008,-7.624166666666668,7.59,3.6,6.17
10346,8,2,3,2008,-8.010000000000002,6.88,3.56,6.12
10347,8,3,3,2008,-8.540000000000001,6.13,2.6,4.68
10348,8,4,3,2008,-8.9125,5.2,2.01,3.99
10349,8,5,3,2008,-9.1625,4.28,1.75,3.7
10350,8,6,3,2008,-9.5725,4.18,1.69,3.63
10351,8,7,3,2008,-9.9375,2.09,0.75,1.86
10352,8,8,3,2008,-10.334166666666667,1.52,0.42,0.88
10353,8,9,3,2008,-10.790833333333333,0.94,0.49,0.81
10354,8,10,3,2008,-11.217500000000001,2.06,0.61,1.55
10355,8,11,3,2008,-11.46,3.91,1.21,2.9
10356,8,12,3,2008,-11.64,5.22,1.68,3.49
10357,8,13,3,2008,-10.807500000000003,5.58,3.47,4.24
10358,8,14,3,2008,-9.304166666666667,5.88,4.42,5.38
10359,8,15,3,2008,-7.805833333333333,5.84,4.39,5.34
10360,8,16,3,2008,-6.215833333333333,6.26,4.72,5.72
10361,8,17,3,2008,-4.452500000000001,6.75,5.01,6.11
10362,8,18,3,2008,-2.7441666666666666,7.0,5.15,6.3100000000000005
10363,8,19,3,2008,-1.2233333333333334,7.6,5.49,6.78
10364,8,20,3,2008,0.0033333333333333596,7.62,5.5,6.8
10365,8,21,3,2008,1.1541666666666666,7.48,5.3100000000000005,6.6000000000000005
10366,8,22,3,2008,1.7091666666666667,7.12,4.89,6.18
10367,8,23,3,2008,0.9183333333333333,8.18,3.0500000000000003,6.1000000000000005
10368,9,0,3,2008,0.36833333333333335,8.64,4.25,7.57
10369,9,1,3,2008,0.5358333333333334,8.9,4.75,8.25
10370,9,2,3,2008,0.665,9.11,4.79,8.24
10371,9,3,3,2008,0.6075,8.08,5.05,7.82
10372,9,4,3,2008,0.12500000000000003,8.43,5.07,8.01
10373,9,5,3,2008,-0.12666666666666668,7.97,4.39,7.08
10374,9,6,3,2008,-0.37083333333333335,7.35,4.08,6.49
10375,9,7,3,2008,-0.7675000000000001,4.87,3.58,4.9
10376,9,8,3,2008,-0.2866666666666667,3.53,2.64,3.4
10377,9,9,3,2008,-0.735,3.79,2.17,3.62
10378,9,10,3,2008,-2.1733333333333333,3.39,1.8,3.08
10379,9,11,3,2008,-2.5825,3.96,1.79,3.18
10380,9,12,3,2008,-3.295833333333333,3.82,1.49,2.78
10381,9,13,3,2008,-2.9516666666666667,4.55,2.05,3.52
10382,9,14,3,2008,-1.6058333333333337,4.18,1.9,2.66
10383,9,15,3,2008,-0.20333333333333337,2.73,2.11,2.43
10384,9,16,3,2008,1.1733333333333331,3.38,2.75,3.2
10385,9,17,3,2008,2.203333333333333,3.36,2.74,3.19
10386,9,18,3,2008,3.045833333333333,3.06,2.47,2.87
10387,9,19,3,2008,3.6350000000000002,2.99,2.44,2.84
10388,9,20,3,2008,3.954166666666666,3.21,2.64,3.06
10389,9,21,3,2008,4.014166666666667,2.43,2.04,2.34
10390,9,22,3,2008,3.7000000000000006,3.37,2.25,3.15
10391,9,23,3,2008,2.3625,3.83,2.0,3.71
10392,10,0,3,2008,0.5916666666666667,4.5600000000000005,1.91,3.95
10393,10,1,3,2008,-0.36083333333333334,5.58,1.34,4.09
10394,10,2,3,2008,-0.9491666666666666,7.19,1.89,5.4
10395,10,3,3,2008,-1.5016666666666663,8.42,2.29,5.63
10396,10,4,3,2008,-2.16,8.34,2.31,5.88
10397,10,5,3,2008,-2.7100000000000004,7.74,1.97,5.71
10398,10,6,3,2008,-3.1666666666666674,7.5,1.88,5.0200000000000005
10399,10,7,3,2008,-3.5191666666666666,6.7,1.68,4.54
10400,10,8,3,2008,-3.8558333333333334,6.15,1.54,4.0600000000000005
10401,10,9,3,2008,-4.1375,5.25,1.75,3.83
10402,10,10,3,2008,-4.405833333333335,4.98,1.72,3.73
10403,10,11,3,2008,-4.605833333333334,5.04,1.97,3.92
10404,10,12,3,2008,-4.818333333333333,4.92,1.8,3.78
10405,10,13,3,2008,-4.6025,4.1,1.65,3.06
10406,10,14,3,2008,-3.759166666666667,2.18,1.44,1.71
10407,10,15,3,2008,-2.5933333333333333,1.98,1.63,1.89
10408,10,16,3,2008,-1.5225000000000002,1.68,1.41,1.61
10409,10,17,3,2008,-0.5316666666666668,1.14,0.91,1.03
10410,10,18,3,2008,0.4741666666666667,1.77,1.44,1.67
10411,10,19,3,2008,1.3016666666666665,1.83,1.47,1.71
10412,10,20,3,2008,2.0624999999999996,1.74,1.31,1.56
10413,10,21,3,2008,2.555833333333333,1.22,0.86,1.05
10414,10,22,3,2008,2.6725,0.84,0.66,0.76
10415,10,23,3,2008,1.7374999999999998,1.54,0.79,1.63
10416,11,0,3,2008,0.4291666666666667,3.42,2.0,3.3200000000000003
10417,11,1,3,2008,0.2766666666666666,3.91,2.37,3.97
10418,11,2,3,2008,0.2175,5.2,3.25,5.22
10419,11,3,3,2008,0.03416666666666667,6.36,3.76,6.18
10420,11,4,3,2008,0.008333333333333331,7.26,4.0200000000000005,6.8100000000000005
10421,11,5,3,2008,0.22416666666666665,8.78,4.57,7.63
10422,11,6,3,2008,0.14833333333333334,10.38,5.22,8.41
10423,11,7,3,2008,0.18666666666666665,10.48,5.28,8.49
10424,11,8,3,2008,0.029166666666666664,11.9,5.8,8.98
10425,11,9,3,2008,0.18833333333333332,12.9,6.49,9.76
10426,11,10,3,2008,0.5466666666666666,13.79,7.24,10.48
10427,11,11,3,2008,0.6608333333333333,14.9,8.01,11.4
10428,11,12,3,2008,0.9625,15.65,8.52,11.94
10429,11,13,3,2008,1.5225,15.89,9.13,12.26
10430,11,14,3,2008,3.3533333333333335,15.13,9.23,12.03
10431,11,15,3,2008,5.065833333333334,14.01,8.76,11.65
10432,11,16,3,2008,6.964166666666667,12.86,7.84,10.02
10433,11,17,3,2008,8.953333333333333,10.92,7.6,9.31
10434,11,18,3,2008,10.585833333333333,10.09,7.52,9.19
10435,11,19,3,2008,11.919166666666664,9.61,7.13,8.76
10436,11,20,3,2008,12.729166666666666,9.22,6.69,8.31
10437,11,21,3,2008,12.980000000000002,9.2,5.83,7.61
10438,11,22,3,2008,12.32,10.71,5.21,8.540000000000001
10439,11,23,3,2008,10.869166666666667,11.2,5.23,8.870000000000003
10440,12,0,3,2008,9.4825,11.26,4.8100000000000005,9.07
10441,12,1,3,2008,9.304166666666667,10.38,4.96,8.86
10442,12,2,3,2008,9.055833333333334,10.25,4.94,8.61
10443,12,3,3,2008,8.992500000000001,9.99,4.78,8.31
10444,12,4,3,2008,8.83,8.85,4.6000000000000005,7.67
10445,12,5,3,2008,8.294166666666667,8.27,4.54,7.15
10446,12,6,3,2008,7.755,8.040000000000001,4.64,7.18
10447,12,7,3,2008,7.833333333333332,7.28,4.37,6.6000000000000005
10448,12,8,3,2008,7.504166666666669,6.62,4.0200000000000005,6.24
10449,12,9,3,2008,4.865,4.61,1.31,2.9
10450,12,10,3,2008,4.429166666666666,3.77,1.63,2.58
10451,12,11,3,2008,4.5475,4.05,2.95,4.09
10452,12,12,3,2008,3.234166666666667,4.88,3.66,5.0200000000000005
10453,12,13,3,2008,1.655833333333333,7.1000000000000005,3.56,5.69
10454,12,14,3,2008,1.8658333333333335,6.96,3.04,5.1000000000000005
10455,12,15,3,2008,2.9075,6.72,2.6,3.79
10456,12,16,3,2008,8.346666666666666,7.05,3.92,4.53
10457,12,17,3,2008,11.195833333333333,8.14,5.7,6.76
10458,12,18,3,2008,13.948333333333332,7.25,5.64,6.66
10459,12,19,3,2008,15.887500000000001,9.35,6.6000000000000005,8.24
10460,12,20,3,2008,17.501666666666665,10.51,7.29,9.23
10461,12,21,3,2008,17.154166666666672,10.28,7.15,9.03
10462,12,22,3,2008,15.867500000000001,8.620000000000001,5.76,7.37
10463,12,23,3,2008,13.755,8.9,2.68,5.29
10464,13,0,3,2008,12.108333333333334,8.17,3.44,6.68
10465,13,1,3,2008,10.763333333333335,10.25,3.33,7.44
10466,13,2,3,2008,9.819999999999999,9.59,3.4,7.52
10467,13,3,3,2008,9.055000000000001,8.78,3.22,7.26
10468,13,4,3,2008,9.093333333333334,7.4,3.0700000000000003,6.17
10469,13,5,3,2008,8.338333333333333,7.96,3.01,6.44
10470,13,6,3,2008,8.242500000000001,7.97,3.33,6.91
10471,13,7,3,2008,8.3025,7.44,3.34,6.8500000000000005
10472,13,8,3,2008,7.781666666666666,6.75,3.59,6.3900000000000015
10473,13,9,3,2008,7.618333333333332,6.57,3.62,6.04
10474,13,10,3,2008,7.355833333333333,7.16,4.05,6.91
10475,13,11,3,2008,6.5874999999999995,7.17,3.76,6.84
10476,13,12,3,2008,6.210000000000001,7.47,3.72,6.75
10477,13,13,3,2008,5.864999999999999,6.73,3.42,6.37
10478,13,14,3,2008,6.392499999999999,6.09,2.86,4.86
10479,13,15,3,2008,7.770833333333331,4.33,2.04,2.5500000000000003
10480,13,16,3,2008,8.980000000000002,2.98,2.02,2.22
10481,13,17,3,2008,10.313333333333334,1.64,1.38,1.58
10482,13,18,3,2008,11.806666666666667,2.38,1.83,2.17
10483,13,19,3,2008,12.860833333333332,2.34,1.87,2.18
10484,13,20,3,2008,13.5625,2.47,1.97,2.3000000000000003
10485,13,21,3,2008,14.007499999999999,2.46,1.89,2.24
10486,13,22,3,2008,14.16666666666667,2.98,2.18,2.64
10487,13,23,3,2008,13.174999999999999,4.8100000000000005,2.42,4.47
10488,14,0,3,2008,11.474166666666667,7.43,2.93,5.57
10489,14,1,3,2008,9.825833333333332,8.98,4.1,7.51
10490,14,2,3,2008,8.711666666666666,13.33,5.33,9.09
10491,14,3,3,2008,7.801666666666667,13.59,6.3,9.79
10492,14,4,3,2008,6.848333333333333,13.51,6.38,9.85
10493,14,5,3,2008,6.298333333333333,12.65,6.24,9.49
10494,14,6,3,2008,6.050833333333333,12.34,6.21,9.43
10495,14,7,3,2008,5.644166666666667,12.32,6.03,9.15
10496,14,8,3,2008,5.021666666666667,11.34,5.65,8.07
10497,14,9,3,2008,4.770833333333333,9.17,5.04,6.8
10498,14,10,3,2008,4.605,8.42,4.61,6.2
10499,14,11,3,2008,4.4125000000000005,8.040000000000001,4.43,5.97
10500,14,12,3,2008,4.284999999999999,8.27,5.28,6.79
10501,14,13,3,2008,4.388333333333333,8.41,5.48,7.07
10502,14,14,3,2008,4.784166666666668,8.0,4.61,6.08
10503,14,15,3,2008,5.815833333333335,5.93,3.64,4.22
10504,14,16,3,2008,6.714166666666667,4.0200000000000005,2.87,3.3000000000000003
10505,14,17,3,2008,8.1675,3.78,3.42,3.85
10506,14,18,3,2008,9.625,2.87,2.44,2.76
10507,14,19,3,2008,9.44,4.37,3.84,4.44
10508,14,20,3,2008,9.102500000000001,4.13,3.46,4.04
10509,14,21,3,2008,9.238333333333335,6.29,4.91,5.92
10510,14,22,3,2008,7.615000000000001,7.0,5.39,6.49
10511,14,23,3,2008,7.283333333333332,7.07,4.67,5.99
10512,15,0,3,2008,6.852500000000002,7.11,4.5,5.69
10513,15,1,3,2008,6.2250000000000005,8.76,5.3500000000000005,7.29
10514,15,2,3,2008,5.915,9.31,5.69,7.8
10515,15,3,3,2008,5.675833333333333,8.56,5.6000000000000005,7.31
10516,15,4,3,2008,5.110833333333333,9.98,6.76,8.63
10517,15,5,3,2008,4.815,11.19,7.47,9.58
10518,15,6,3,2008,4.015,10.76,7.1400000000000015,9.17
10519,15,7,3,2008,2.5591666666666666,9.52,6.78,8.44
10520,15,8,3,2008,1.5083333333333335,10.91,7.5,9.44
10521,15,9,3,2008,1.4291666666666665,9.09,6.2,7.75
10522,15,10,3,2008,1.633333333333333,10.6,6.08,8.18
10523,15,11,3,2008,-0.08,11.28,5.8500000000000005,8.33
10524,15,12,3,2008,-0.9225,11.3,5.95,8.42
10525,15,13,3,2008,-0.7316666666666666,10.5,6.5,8.05
10526,15,14,3,2008,-0.09750000000000002,8.950000000000003,6.59,8.08
10527,15,15,3,2008,0.7066666666666667,8.71,6.41,7.86
10528,15,16,3,2008,1.4866666666666666,7.96,5.93,7.2
10529,15,17,3,2008,2.235,7.51,5.64,6.8100000000000005
10530,15,18,3,2008,3.0308333333333333,7.19,5.42,6.53
10531,15,19,3,2008,3.713333333333333,6.42,4.9,5.87
10532,15,20,3,2008,4.198333333333333,6.4,4.89,5.86
10533,15,21,3,2008,4.454166666666667,6.05,4.61,5.53
10534,15,22,3,2008,4.4991666666666665,5.83,4.42,5.32
10535,15,23,3,2008,4.1225000000000005,5.73,4.0600000000000005,4.94
10536,16,0,3,2008,3.0049999999999994,5.7700000000000005,3.14,5.14
10537,16,1,3,2008,1.9891666666666665,6.44,2.0,5.05
10538,16,2,3,2008,1.2125,6.29,2.41,5.79
10539,16,3,3,2008,0.9283333333333333,6.41,2.63,5.8
10540,16,4,3,2008,0.4216666666666667,6.94,2.05,5.0200000000000005
10541,16,5,3,2008,-0.003333333333333332,6.36,2.67,5.1000000000000005
10542,16,6,3,2008,-0.30916666666666665,6.73,2.39,5.05
10543,16,7,3,2008,-0.66,7.24,1.8,4.63
10544,16,8,3,2008,-0.9425,6.86,1.54,3.96
10545,16,9,3,2008,-1.1975,7.21,2.35,4.41
10546,16,10,3,2008,-1.1333333333333333,6.3500000000000005,2.93,4.0600000000000005
10547,16,11,3,2008,-0.9166666666666666,5.41,3.14,4.12
10548,16,12,3,2008,-1.3566666666666667,4.88,2.94,3.72
10549,16,13,3,2008,-0.9474999999999998,5.25,3.89,4.69
10550,16,14,3,2008,-0.13416666666666668,5.2700000000000005,4.03,4.83
10551,16,15,3,2008,0.8716666666666666,5.05,3.95,4.66
10552,16,16,3,2008,1.848333333333333,5.28,4.12,4.87
10553,16,17,3,2008,2.9441666666666673,5.36,4.11,4.89
10554,16,18,3,2008,3.852499999999999,5.55,4.29,5.1000000000000005
10555,16,19,3,2008,4.650833333333334,6.05,4.5600000000000005,5.49
10556,16,20,3,2008,5.098333333333334,6.32,4.71,5.69
10557,16,21,3,2008,5.310833333333333,7.47,5.25,6.5200000000000005
10558,16,22,3,2008,3.860833333333334,8.51,6.16,7.59
10559,16,23,3,2008,2.9433333333333334,9.41,6.19,7.92
10560,17,0,3,2008,2.6316666666666664,9.41,6.2,7.9300000000000015
10561,17,1,3,2008,2.9675000000000007,10.4,5.8500000000000005,7.9300000000000015
10562,17,2,3,2008,3.206666666666667,10.56,5.96,8.120000000000001
10563,17,3,3,2008,3.1799999999999997,10.66,5.69,7.8900000000000015
10564,17,4,3,2008,2.733333333333334,11.24,5.45,7.88
10565,17,5,3,2008,2.5675000000000003,11.06,5.44,7.82
10566,17,6,3,2008,2.228333333333333,10.77,4.21,6.76
10567,17,7,3,2008,2.18,10.8,4.44,6.99
10568,17,8,3,2008,2.2816666666666667,10.76,4.93,7.38
10569,17,9,3,2008,2.1266666666666665,10.46,4.68,7.1000000000000005
10570,17,10,3,2008,1.9333333333333333,10.6,4.43,6.91
10571,17,11,3,2008,2.106666666666667,10.46,4.61,6.91
10572,17,12,3,2008,2.5558333333333336,9.58,5.0600000000000005,6.92
10573,17,13,3,2008,2.750833333333333,9.53,5.34,7.29
10574,17,14,3,2008,2.7575,9.23,5.5200000000000005,7.31
10575,17,15,3,2008,2.9933333333333336,8.84,5.39,7.0600000000000005
10576,17,16,3,2008,3.3625000000000003,8.33,5.48,6.97
10577,17,17,3,2008,3.7125,5.82,3.52,4.54
10578,17,18,3,2008,3.893333333333333,6.38,4.07,5.23
10579,17,19,3,2008,4.055833333333333,5.97,3.8,4.92
10580,17,20,3,2008,4.055,6.13,3.9,5.0200000000000005
10581,17,21,3,2008,4.0925,5.11,3.3000000000000003,4.2
10582,17,22,3,2008,4.041666666666667,4.53,2.51,3.47
10583,17,23,3,2008,3.966666666666667,4.3100000000000005,2.2,3.19
10584,18,0,3,2008,3.901666666666667,3.64,1.5,2.72
10585,18,1,3,2008,3.8083333333333336,2.34,2.12,2.85
10586,18,2,3,2008,3.709166666666667,2.63,1.97,2.81
10587,18,3,3,2008,3.6725,3.59,2.15,3.01
10588,18,4,3,2008,3.5233333333333334,4.72,2.88,3.82
10589,18,5,3,2008,3.4933333333333327,5.54,3.5500000000000003,4.6000000000000005
10590,18,6,3,2008,3.571666666666666,5.49,3.26,4.33
10591,18,7,3,2008,3.634166666666666,6.1400000000000015,3.69,4.9
10592,18,8,3,2008,3.5100000000000002,4.8500000000000005,2.29,3.36
10593,18,9,3,2008,3.48,4.46,1.96,3.09
10594,18,10,3,2008,3.5341666666666662,5.97,3.34,4.57
10595,18,11,3,2008,3.6166666666666667,6.58,3.53,4.83
10596,18,12,3,2008,3.684999999999999,7.24,3.95,5.55
10597,18,13,3,2008,3.7616666666666663,6.63,3.33,4.79
10598,18,14,3,2008,4.655,5.55,4.1,4.95
10599,18,15,3,2008,5.427500000000001,6.95,5.25,6.34
10600,18,16,3,2008,6.033333333333334,7.62,5.67,6.8900000000000015
10601,18,17,3,2008,7.227499999999999,7.69,5.78,6.99
10602,18,18,3,2008,8.365833333333333,8.4,6.22,7.57
10603,18,19,3,2008,9.355,8.55,6.3100000000000005,7.68
10604,18,20,3,2008,10.319166666666666,8.06,5.83,7.16
10605,18,21,3,2008,11.020833333333334,10.0,7.07,8.81
10606,18,22,3,2008,11.056666666666667,10.65,7.53,9.41
10607,18,23,3,2008,10.49916666666667,12.1,7.26,9.24
10608,19,0,3,2008,8.879166666666665,13.08,6.32,9.49
10609,19,1,3,2008,7.736666666666667,13.79,6.67,10.07
10610,19,2,3,2008,6.491666666666666,13.14,6.0,9.29
10611,19,3,3,2008,5.4508333333333345,13.6,6.3,9.5
10612,19,4,3,2008,4.4675,12.96,5.69,8.89
10613,19,5,3,2008,3.5241666666666664,12.18,5.15,8.23
10614,19,6,3,2008,2.764166666666666,11.98,5.03,8.1
10615,19,7,3,2008,2.1466666666666665,11.71,5.14,8.09
10616,19,8,3,2008,1.5100000000000005,11.32,4.76,7.6400000000000015
10617,19,9,3,2008,1.3108333333333333,10.15,3.92,6.8
10618,19,10,3,2008,0.9716666666666668,9.3,3.77,6.5200000000000005
10619,19,11,3,2008,0.2866666666666667,7.43,3.5,5.5
10620,19,12,3,2008,-0.23083333333333336,6.41,3.08,4.58
10621,19,13,3,2008,-0.17500000000000002,6.18,2.66,4.51
10622,19,14,3,2008,0.6358333333333333,4.98,2.32,2.96
10623,19,15,3,2008,3.7216666666666662,3.1,1.94,2.29
10624,19,16,3,2008,6.021666666666667,2.45,1.95,2.29
10625,19,17,3,2008,7.53,2.19,1.84,2.11
10626,19,18,3,2008,8.906666666666666,1.06,1.02,1.09
10627,19,19,3,2008,10.164166666666668,1.5,1.15,1.36
10628,19,20,3,2008,11.165000000000001,2.98,2.32,2.74
10629,19,21,3,2008,11.810833333333333,4.0600000000000005,3.06,3.67
10630,19,22,3,2008,12.145000000000001,4.83,3.46,4.28
10631,19,23,3,2008,11.86,6.11,3.91,4.92
10632,20,0,3,2008,10.3775,8.82,3.67,6.38
10633,20,1,3,2008,9.346666666666668,9.93,4.39,7.28
10634,20,2,3,2008,8.873333333333333,11.93,5.7,8.78
10635,20,3,3,2008,8.702499999999999,11.43,4.96,8.0
10636,20,4,3,2008,8.398333333333335,14.09,7.22,10.55
10637,20,5,3,2008,7.7925,14.11,7.15,10.52
10638,20,6,3,2008,6.8566666666666665,13.61,6.58,10.05
10639,20,7,3,2008,5.575833333333333,11.55,6.2700000000000005,9.56
10640,20,8,3,2008,4.903333333333333,5.8500000000000005,4.87,7.44
10641,20,9,3,2008,4.9225,3.19,4.62,6.49
10642,20,10,3,2008,5.6175,1.57,3.08,2.87
10643,20,11,3,2008,5.255,2.19,1.27,1.66
10644,20,12,3,2008,4.699166666666668,2.98,2.7,3.18
10645,20,13,3,2008,6.373333333333334,5.1000000000000005,2.37,3.84
10646,20,14,3,2008,8.816666666666668,6.42,2.86,4.23
10647,20,15,3,2008,11.404166666666669,5.54,4.23,4.99
10648,20,16,3,2008,12.809166666666668,6.8100000000000005,5.19,6.22
10649,20,17,3,2008,14.366666666666667,7.7,5.74,6.95
10650,20,18,3,2008,15.736666666666665,9.02,6.63,8.08
10651,20,19,3,2008,16.600833333333334,10.86,7.88,9.7
10652,20,20,3,2008,17.019166666666667,12.54,8.98,11.12
10653,20,21,3,2008,17.124166666666667,13.17,9.35,11.62
10654,20,22,3,2008,16.997499999999995,12.5,8.78,10.97
10655,20,23,3,2008,16.21083333333333,10.3,6.57,8.58
10656,21,0,3,2008,14.275833333333336,12.4,4.86,8.15
10657,21,1,3,2008,13.472500000000002,13.82,6.69,9.94
10658,21,2,3,2008,12.396666666666663,13.93,6.54,9.79
10659,21,3,3,2008,11.801666666666668,14.28,6.8500000000000005,10.17
10660,21,4,3,2008,11.571666666666667,14.61,7.01,10.36
10661,21,5,3,2008,11.444166666666668,15.69,7.32,10.9
10662,21,6,3,2008,11.363333333333332,16.42,7.97,11.65
10663,21,7,3,2008,10.931666666666667,16.54,8.13,11.83
10664,21,8,3,2008,10.38,16.17,7.72,11.42
10665,21,9,3,2008,9.643333333333333,15.27,7.57,11.14
10666,21,10,3,2008,9.250833333333334,13.78,7.42,10.27
10667,21,11,3,2008,8.543333333333333,11.0,4.65,7.0200000000000005
10668,21,12,3,2008,8.645833333333334,13.39,7.35,10.25
10669,21,13,3,2008,8.206666666666665,13.43,8.49,10.87
10670,21,14,3,2008,7.9316666666666675,13.54,9.84,12.14
10671,21,15,3,2008,8.350833333333334,14.04,10.21,12.59
10672,21,16,3,2008,8.468333333333332,13.55,9.87,12.15
10673,21,17,3,2008,8.59,12.2,8.870000000000003,10.9
10674,21,18,3,2008,9.746666666666668,12.09,8.81,10.82
10675,21,19,3,2008,10.811666666666666,11.08,8.08,9.9
10676,21,20,3,2008,11.603333333333333,10.64,7.67,9.47
10677,21,21,3,2008,11.693333333333333,10.5,7.59,9.35
10678,21,22,3,2008,11.506666666666668,10.12,7.21,8.94
10679,21,23,3,2008,10.990833333333333,9.06,6.34,7.94
10680,22,0,3,2008,9.431666666666667,10.72,3.7,7.27
10681,22,1,3,2008,8.507500000000002,10.67,3.97,7.38
10682,22,2,3,2008,7.27,9.92,3.62,6.87
10683,22,3,3,2008,6.249166666666667,10.06,3.6,6.78
10684,22,4,3,2008,5.325833333333334,9.85,3.17,6.43
10685,22,5,3,2008,4.315833333333333,9.57,3.12,6.4
10686,22,6,3,2008,3.2075,8.0,3.08,6.08
10687,22,7,3,2008,2.1925,7.5,3.18,5.53
10688,22,8,3,2008,1.8608333333333331,7.94,3.45,5.44
10689,22,9,3,2008,1.2183333333333335,7.8900000000000015,3.47,5.41
10690,22,10,3,2008,0.9000000000000002,7.5,3.46,5.4
10691,22,11,3,2008,0.045000000000000005,7.36,3.4,5.12
10692,22,12,3,2008,0.585,5.91,2.85,4.16
10693,22,13,3,2008,0.8825,5.97,3.5,4.2
10694,22,14,3,2008,2.045,5.08,3.95,4.69
10695,22,15,3,2008,3.419166666666667,4.71,3.61,4.3100000000000005
10696,22,16,3,2008,4.798333333333334,4.24,3.26,3.88
10697,22,17,3,2008,6.217500000000001,4.84,3.72,4.42
10698,22,18,3,2008,7.304166666666666,4.82,3.7,4.4
10699,22,19,3,2008,8.199166666666665,5.29,4.05,4.82
10700,22,20,3,2008,8.859166666666667,6.26,4.64,5.62
10701,22,21,3,2008,8.995000000000001,10.5,7.76,9.52
10702,22,22,3,2008,8.186666666666667,9.74,7.15,8.61
10703,22,23,3,2008,8.139166666666666,10.68,6.76,8.67
10704,23,0,3,2008,6.433333333333333,11.27,6.26,8.620000000000001
10705,23,1,3,2008,5.11,12.5,6.57,9.42
10706,23,2,3,2008,3.776666666666667,11.52,5.37,8.06
10707,23,3,3,2008,2.8508333333333336,12.7,6.44,9.31
10708,23,4,3,2008,1.8191666666666666,11.46,5.19,7.92
10709,23,5,3,2008,1.0666666666666667,11.11,4.92,7.62
10710,23,6,3,2008,0.4299999999999999,10.86,5.16,7.83
10711,23,7,3,2008,0.035,11.4,6.01,8.59
10712,23,8,3,2008,-0.4166666666666667,10.84,5.75,8.22
10713,23,9,3,2008,-0.8083333333333332,9.82,5.07,7.3900000000000015
10714,23,10,3,2008,-1.2158333333333333,8.97,4.34,6.5
10715,23,11,3,2008,-1.4324999999999994,7.6400000000000015,3.77,5.59
10716,23,12,3,2008,-1.4225,7.45,3.72,5.51
10717,23,13,3,2008,-0.6291666666666667,6.88,4.61,5.67
10718,23,14,3,2008,0.5808333333333334,6.99,5.1000000000000005,6.25
10719,23,15,3,2008,1.5991666666666668,7.49,5.47,6.7
10720,23,16,3,2008,2.3775,7.76,5.7,6.96
10721,23,17,3,2008,3.01,7.9300000000000015,5.82,7.11
10722,23,18,3,2008,3.6008333333333336,8.35,6.12,7.49
10723,23,19,3,2008,4.154166666666667,8.15,5.98,7.31
10724,23,20,3,2008,4.676666666666667,7.68,5.65,6.9
10725,23,21,3,2008,4.976666666666667,7.43,5.47,6.68
10726,23,22,3,2008,4.996666666666667,7.18,5.13,6.38
10727,23,23,3,2008,4.774166666666667,7.09,5.08,6.3100000000000005
10728,24,0,3,2008,3.316666666666667,6.97,2.71,5.14
10729,24,1,3,2008,2.0558333333333336,7.77,2.14,5.25
10730,24,2,3,2008,1.1233333333333333,8.5,1.72,5.16
10731,24,3,3,2008,0.4025000000000001,8.47,1.78,5.15
10732,24,4,3,2008,-0.12166666666666666,8.27,1.69,5.3
10733,24,5,3,2008,-0.5666666666666667,7.71,1.79,5.28
10734,24,6,3,2008,-1.0091666666666668,6.62,1.53,4.54
10735,24,7,3,2008,-1.1483333333333334,5.92,2.18,4.3100000000000005
10736,24,8,3,2008,-1.2558333333333331,6.6000000000000005,3.0500000000000003,4.88
10737,24,9,3,2008,-1.4024999999999999,7.87,3.68,5.57
10738,24,10,3,2008,-1.4891666666666665,8.47,4.21,6.1400000000000015
10739,24,11,3,2008,-1.6591666666666667,9.41,4.94,6.98
10740,24,12,3,2008,-1.6449999999999998,10.08,6.09,8.040000000000001
10741,24,13,3,2008,-0.8041666666666664,10.07,6.41,8.11
10742,24,14,3,2008,0.9466666666666667,9.7,7.2,8.78
10743,24,15,3,2008,3.073333333333333,11.1,8.22,10.06
10744,24,16,3,2008,5.2175,11.59,8.51,10.45
10745,24,17,3,2008,7.266666666666667,12.03,8.73,10.77
10746,24,18,3,2008,9.175833333333335,12.37,8.85,10.97
10747,24,19,3,2008,10.790833333333333,13.2,9.32,11.65
10748,24,20,3,2008,12.240833333333335,14.36,10.03,12.6
10749,24,21,3,2008,13.7125,14.77,10.27,12.93
10750,24,22,3,2008,14.043333333333335,14.69,10.18,12.83
10751,24,23,3,2008,13.262500000000001,14.47,8.9,11.65
10752,25,0,3,2008,11.397499999999999,16.23,8.01,11.76
10753,25,1,3,2008,10.9525,17.59,9.48,13.25
10754,25,2,3,2008,10.3925,18.41,10.17,14.03
10755,25,3,3,2008,9.556666666666667,17.89,9.81,13.54
10756,25,4,3,2008,8.9125,16.68,8.74,12.29
10757,25,5,3,2008,8.960833333333335,16.94,8.790000000000001,12.38
10758,25,6,3,2008,9.123333333333333,17.16,8.91,12.56
10759,25,7,3,2008,8.67,16.740000000000002,8.6,12.18
10760,25,8,3,2008,8.298333333333334,17.34,8.92,12.64
10761,25,9,3,2008,7.98,17.580000000000002,9.14,12.85
10762,25,10,3,2008,7.443333333333334,16.98,8.84,12.47
10763,25,11,3,2008,7.083333333333333,14.51,7.24,10.48
10764,25,12,3,2008,6.13,12.99,5.9,9.14
10765,25,13,3,2008,7.326666666666667,9.9,5.3100000000000005,7.41
10766,25,14,3,2008,8.925833333333333,9.97,6.19,7.62
10767,25,15,3,2008,9.933333333333334,8.620000000000001,6.34,7.74
10768,25,16,3,2008,10.765,8.06,5.9,7.2
10769,25,17,3,2008,11.670833333333334,6.82,5.09,6.1400000000000015
10770,25,18,3,2008,12.533333333333331,5.97,4.5,5.39
10771,25,19,3,2008,13.3225,5.18,3.92,4.69
10772,25,20,3,2008,13.804166666666667,5.08,3.89,4.63
10773,25,21,3,2008,14.17666666666667,4.96,3.7,4.46
10774,25,22,3,2008,14.217500000000001,5.13,3.87,4.64
10775,25,23,3,2008,13.840833333333334,4.53,3.15,3.89
10776,26,0,3,2008,12.225833333333334,4.86,1.95,3.81
10777,26,1,3,2008,11.136666666666668,4.12,1.37,3.62
10778,26,2,3,2008,10.364166666666666,4.0,0.85,2.92
10779,26,3,3,2008,9.498333333333333,3.76,1.17,2.46
10780,26,4,3,2008,8.581666666666669,3.71,1.04,2.27
10781,26,5,3,2008,7.879166666666666,4.68,1.32,2.97
10782,26,6,3,2008,7.073333333333333,6.12,1.53,3.9
10783,26,7,3,2008,6.758333333333333,8.120000000000001,2.63,5.84
10784,26,8,3,2008,6.04,8.69,2.5,5.75
10785,26,9,3,2008,5.184166666666666,10.15,2.21,6.09
10786,26,10,3,2008,4.504999999999999,10.35,2.86,6.97
10787,26,11,3,2008,4.016666666666667,11.22,3.12,7.59
10788,26,12,3,2008,2.955833333333334,11.73,3.08,6.66
10789,26,13,3,2008,4.574166666666666,11.5,4.61,6.62
10790,26,14,3,2008,5.489166666666667,7.79,4.43,5.64
10791,26,15,3,2008,7.07,6.94,5.11,6.1000000000000005
10792,26,16,3,2008,9.067499999999999,7.1000000000000005,5.3500000000000005,6.42
10793,26,17,3,2008,10.3075,8.49,6.5200000000000005,7.8
10794,26,18,3,2008,10.198333333333334,7.74,5.82,7.04
10795,26,19,3,2008,10.120833333333334,7.83,5.72,7.04
10796,26,20,3,2008,9.913333333333332,7.8900000000000015,5.7,7.0200000000000005
10797,26,21,3,2008,9.37,8.5,5.18,6.83
10798,26,22,3,2008,8.557500000000001,9.08,5.62,7.41
10799,26,23,3,2008,7.120833333333334,10.17,6.66,8.540000000000001
10800,27,0,3,2008,6.607500000000001,8.92,5.96,7.61
10801,27,1,3,2008,6.32,6.97,3.84,5.28
10802,27,2,3,2008,6.353333333333333,7.3,3.93,5.74
10803,27,3,3,2008,6.270833333333333,7.66,4.51,6.3100000000000005
10804,27,4,3,2008,6.0775,7.9,5.3100000000000005,6.71
10805,27,5,3,2008,5.94,7.85,4.98,6.48
10806,27,6,3,2008,5.8566666666666665,8.14,5.29,6.84
10807,27,7,3,2008,5.841666666666666,7.3900000000000015,4.95,6.2700000000000005
10808,27,8,3,2008,5.798333333333333,7.83,5.23,6.6400000000000015
10809,27,9,3,2008,5.798333333333332,8.790000000000001,5.8100000000000005,7.3900000000000015
10810,27,10,3,2008,5.7825000000000015,9.05,5.97,7.59
10811,27,11,3,2008,5.7075000000000005,8.73,5.78,7.38
10812,27,12,3,2008,5.620833333333333,9.77,6.53,8.3
10813,27,13,3,2008,5.543333333333334,8.9,5.91,7.53
10814,27,14,3,2008,5.488333333333333,8.47,5.66,7.2
10815,27,15,3,2008,5.508333333333333,8.09,5.51,6.84
10816,27,16,3,2008,5.5058333333333325,8.41,6.01,7.44
10817,27,17,3,2008,5.470833333333334,8.4,6.11,7.54
10818,27,18,3,2008,5.170833333333333,8.65,6.28,7.75
10819,27,19,3,2008,5.009166666666667,8.59,6.28,7.75
10820,27,20,3,2008,4.945,9.05,6.59,8.15
10821,27,21,3,2008,4.867500000000001,9.43,6.8,8.47
10822,27,22,3,2008,4.695833333333334,8.92,6.4,7.92
10823,27,23,3,2008,4.473333333333334,7.66,5.08,6.49
10824,28,0,3,2008,4.066666666666667,8.86,5.61,7.34
10825,28,1,3,2008,3.421666666666667,9.99,5.19,7.7
10826,28,2,3,2008,2.449166666666667,9.77,4.83,7.38
10827,28,3,3,2008,1.8950000000000002,10.79,5.74,7.9
10828,28,4,3,2008,0.9066666666666667,10.56,5.19,7.51
10829,28,5,3,2008,0.5758333333333333,9.46,4.75,6.55
10830,28,6,3,2008,0.42333333333333334,8.35,4.13,5.91
10831,28,7,3,2008,0.15500000000000003,7.21,4.26,5.75
10832,28,8,3,2008,-0.05833333333333333,6.7,3.85,5.42
10833,28,9,3,2008,-0.37083333333333335,6.2700000000000005,4.01,5.17
10834,28,10,3,2008,-1.0308333333333335,5.8500000000000005,2.96,4.7700000000000005
10835,28,11,3,2008,-1.4124999999999999,6.3100000000000005,3.23,5.1000000000000005
10836,28,12,3,2008,-1.5824999999999998,6.2,2.92,5.0
10837,28,13,3,2008,-1.02,5.65,2.91,4.22
10838,28,14,3,2008,0.7666666666666666,4.65,3.56,4.21
10839,28,15,3,2008,2.086666666666667,4.66,3.65,4.3
10840,28,16,3,2008,3.249166666666667,4.49,3.54,4.15
10841,28,17,3,2008,4.404166666666668,4.0,3.18,3.71
10842,28,18,3,2008,5.608333333333334,3.69,2.96,3.43
10843,28,19,3,2008,6.682499999999998,3.65,2.92,3.39
10844,28,20,3,2008,7.5425,3.52,2.85,3.3000000000000003
10845,28,21,3,2008,8.143333333333333,3.5,2.88,3.33
10846,28,22,3,2008,8.421666666666667,4.15,3.23,3.84
10847,28,23,3,2008,8.355833333333331,4.5200000000000005,3.35,4.04
10848,29,0,3,2008,7.2175,5.53,2.67,4.66
10849,29,1,3,2008,6.365833333333335,7.05,2.44,5.08
10850,29,2,3,2008,5.600833333333334,8.73,2.45,5.58
10851,29,3,3,2008,4.7524999999999995,9.45,2.29,5.23
10852,29,4,3,2008,4.383333333333334,10.16,3.06,5.93
10853,29,5,3,2008,3.8008333333333337,10.74,3.18,6.2
10854,29,6,3,2008,2.9966666666666675,11.26,3.45,6.5200000000000005
10855,29,7,3,2008,2.473333333333333,10.99,3.83,6.43
10856,29,8,3,2008,2.5241666666666664,9.67,3.85,6.08
10857,29,9,3,2008,2.5208333333333335,9.16,4.32,6.34
10858,29,10,3,2008,2.3275,9.41,4.64,6.69
10859,29,11,3,2008,2.3066666666666666,9.2,5.11,7.0
10860,29,12,3,2008,2.275,9.31,5.39,7.21
10861,29,13,3,2008,2.5708333333333337,9.53,6.5200000000000005,8.02
10862,29,14,3,2008,3.499166666666667,9.4,6.95,8.5
10863,29,15,3,2008,4.861666666666667,9.44,7.0200000000000005,8.56
10864,29,16,3,2008,6.309999999999999,9.21,6.87,8.34
10865,29,17,3,2008,7.665000000000002,10.02,7.43,9.05
10866,29,18,3,2008,8.951666666666666,10.26,7.58,9.25
10867,29,19,3,2008,9.123333333333333,9.94,7.35,8.96
10868,29,20,3,2008,7.365833333333335,9.63,7.0600000000000005,8.64
10869,29,21,3,2008,6.4075,9.82,7.07,8.8
10870,29,22,3,2008,5.496666666666666,8.8,6.23,7.79
10871,29,23,3,2008,5.019166666666668,6.8,4.42,5.38
10872,30,0,3,2008,5.128333333333333,7.29,4.44,5.62
10873,30,1,3,2008,5.184166666666666,8.5,4.7,6.76
10874,30,2,3,2008,5.161666666666668,8.33,4.98,6.5600000000000005
10875,30,3,3,2008,5.190833333333333,8.5,5.3500000000000005,6.98
10876,30,4,3,2008,5.120833333333333,9.09,5.83,7.57
10877,30,5,3,2008,4.934166666666666,8.76,5.45,7.1400000000000015
10878,30,6,3,2008,4.894166666666667,7.17,4.3100000000000005,5.7
10879,30,7,3,2008,4.464166666666666,8.790000000000001,4.17,6.3500000000000005
10880,30,8,3,2008,4.3500000000000005,8.9,4.18,6.5
10881,30,9,3,2008,5.126666666666668,7.31,4.2,5.62
10882,30,10,3,2008,4.9558333333333335,4.5,2.48,3.23
10883,30,11,3,2008,4.775000000000001,4.55,2.47,3.45
10884,30,12,3,2008,4.788333333333333,4.79,2.42,3.33
10885,30,13,3,2008,4.908333333333333,5.07,2.8000000000000003,3.67
10886,30,14,3,2008,5.090000000000001,5.05,3.28,4.13
10887,30,15,3,2008,5.439166666666668,5.84,4.21,5.0
10888,30,16,3,2008,6.0133333333333345,6.41,4.25,5.04
10889,30,17,3,2008,6.843333333333333,6.2,3.98,4.76
10890,30,18,3,2008,7.274166666666667,6.63,3.73,5.1000000000000005
10891,30,19,3,2008,7.47,6.54,4.1,5.3
10892,30,20,3,2008,7.45,6.34,4.12,5.3
10893,30,21,3,2008,7.334166666666667,7.17,4.46,5.82
10894,30,22,3,2008,7.222500000000001,7.23,4.3100000000000005,5.74
10895,30,23,3,2008,7.095833333333334,7.4,4.01,5.5
10896,31,0,3,2008,7.0225,7.78,4.32,5.87
10897,31,1,3,2008,7.020833333333333,7.53,4.08,5.58
10898,31,2,3,2008,7.1375,7.31,3.9,5.32
10899,31,3,3,2008,7.218333333333333,8.07,4.63,6.22
10900,31,4,3,2008,7.0425,9.28,5.86,7.58
10901,31,5,3,2008,6.6875,9.34,5.84,7.6
10902,31,6,3,2008,6.475833333333334,8.63,5.36,6.93
10903,31,7,3,2008,6.3775,8.89,5.62,7.25
10904,31,8,3,2008,6.4975,8.61,5.46,7.05
10905,31,9,3,2008,6.703333333333334,9.52,5.62,7.43
10906,31,10,3,2008,6.796666666666667,9.83,6.08,7.82
10907,31,11,3,2008,6.984166666666668,7.91,4.51,6.07
10908,31,12,3,2008,7.089166666666666,7.15,4.19,5.68
10909,31,13,3,2008,7.664166666666666,6.16,2.45,3.67
10910,31,14,3,2008,8.229999999999999,4.1,1.31,1.96
10911,31,15,3,2008,8.81,4.84,2.19,3.24
10912,31,16,3,2008,8.715000000000002,7.8,5.32,6.5200000000000005
10913,31,17,3,2008,7.826666666666667,8.78,6.19,7.66
10914,31,18,3,2008,7.069166666666667,9.98,7.31,8.98
10915,31,19,3,2008,6.4575000000000005,10.45,7.59,9.37
10916,31,20,3,2008,6.055,11.08,7.82,9.8
10917,31,21,3,2008,5.781666666666666,11.42,8.0,10.04
10918,31,22,3,2008,5.150000000000001,12.13,8.44,10.63
10919,31,23,3,2008,4.453333333333333,11.44,7.85,9.94
10920,1,0,4,2008,4.198333333333333,10.46,6.61,8.64
10921,1,1,4,2008,3.59,11.3,5.01,7.6
10922,1,2,4,2008,3.060833333333333,11.59,4.37,7.3900000000000015
10923,1,3,4,2008,2.648333333333333,10.88,4.99,7.53
10924,1,4,4,2008,2.0183333333333335,12.77,6.34,9.23
10925,1,5,4,2008,1.384166666666667,12.07,6.03,8.72
10926,1,6,4,2008,0.8525000000000001,12.33,6.42,9.06
10927,1,7,4,2008,0.36749999999999994,11.12,5.5200000000000005,8.03
10928,1,8,4,2008,0.16333333333333336,11.06,5.55,8.03
10929,1,9,4,2008,0.13250000000000003,11.26,5.99,8.47
10930,1,10,4,2008,-0.04583333333333334,11.61,6.23,8.75
10931,1,11,4,2008,-0.68,11.34,6.07,8.52
10932,1,12,4,2008,-0.8424999999999998,11.74,6.8100000000000005,9.08
10933,1,13,4,2008,-0.024999999999999994,10.53,6.79,8.370000000000001
10934,1,14,4,2008,1.3916666666666666,9.58,6.8500000000000005,8.43
10935,1,15,4,2008,2.5591666666666666,8.92,6.46,7.9
10936,1,16,4,2008,3.646666666666667,8.77,6.4,7.8
10937,1,17,4,2008,4.534999999999999,8.75,6.47,7.86
10938,1,18,4,2008,5.215000000000001,8.43,6.23,7.57
10939,1,19,4,2008,5.9775,7.33,5.46,6.58
10940,1,20,4,2008,6.716666666666668,6.5,4.86,5.8500000000000005
10941,1,21,4,2008,7.1066666666666665,5.71,4.3,5.15
10942,1,22,4,2008,7.227499999999999,5.3,4.03,4.8100000000000005
10943,1,23,4,2008,7.025833333333335,4.32,3.31,3.94
10944,2,0,4,2008,5.859166666666667,4.89,2.82,4.57
10945,2,1,4,2008,5.057500000000001,4.48,2.62,3.69
10946,2,2,4,2008,3.8008333333333333,4.86,1.33,2.64
10947,2,3,4,2008,3.0425000000000004,4.05,0.87,2.32
10948,2,4,4,2008,2.441666666666667,3.75,0.8,2.17
10949,2,5,4,2008,1.884166666666667,2.65,0.34,1.25
10950,2,6,4,2008,1.805,2.86,0.58,1.59
10951,2,7,4,2008,1.8275000000000003,3.74,0.9,2.12
10952,2,8,4,2008,1.7091666666666667,5.22,1.26,3.14
10953,2,9,4,2008,1.3875000000000002,6.16,1.86,3.85
10954,2,10,4,2008,1.5266666666666664,7.32,2.96,4.8100000000000005
10955,2,11,4,2008,1.9749999999999996,7.92,3.36,5.24
10956,2,12,4,2008,2.2566666666666664,8.32,4.26,5.86
10957,2,13,4,2008,2.8000000000000003,7.58,4.23,5.76
10958,2,14,4,2008,3.8658333333333332,6.7,4.94,6.0200000000000005
10959,2,15,4,2008,5.234166666666667,6.7700000000000005,5.03,6.1000000000000005
10960,2,16,4,2008,6.6308333333333325,6.91,5.18,6.24
10961,2,17,4,2008,8.04,6.78,5.08,6.11
10962,2,18,4,2008,9.353333333333333,6.8900000000000015,5.17,6.22
10963,2,19,4,2008,10.479166666666666,6.86,5.17,6.19
10964,2,20,4,2008,11.405000000000001,6.55,4.91,5.89
10965,2,21,4,2008,12.096666666666666,6.69,4.98,6.0200000000000005
10966,2,22,4,2008,12.335833333333333,7.0200000000000005,5.1000000000000005,6.26
10967,2,23,4,2008,12.140833333333333,7.1000000000000005,5.17,6.3500000000000005
10968,3,0,4,2008,10.859166666666667,8.19,3.69,6.23
10969,3,1,4,2008,9.476666666666668,8.25,3.34,6.2700000000000005
10970,3,2,4,2008,8.881666666666668,10.39,3.81,7.16
10971,3,3,4,2008,8.49,11.22,4.08,7.61
10972,3,4,4,2008,7.736666666666667,11.74,4.3100000000000005,7.88
10973,3,5,4,2008,6.500833333333333,11.73,3.74,7.71
10974,3,6,4,2008,5.4125000000000005,11.46,2.91,6.87
10975,3,7,4,2008,4.570833333333334,11.26,2.38,6.09
10976,3,8,4,2008,3.874166666666666,10.1,2.4,5.8500000000000005
10977,3,9,4,2008,3.1958333333333333,10.02,2.45,6.04
10978,3,10,4,2008,4.206666666666667,8.32,2.91,4.96
10979,3,11,4,2008,3.9133333333333344,6.1400000000000015,3.47,4.62
10980,3,12,4,2008,3.655,6.88,3.52,5.03
10981,3,13,4,2008,3.5616666666666656,6.07,3.92,5.03
10982,3,14,4,2008,3.500833333333334,7.16,4.28,5.8100000000000005
10983,3,15,4,2008,3.7475000000000005,10.9,7.16,9.01
10984,3,16,4,2008,4.0675,7.84,4.55,5.62
10985,3,17,4,2008,4.145833333333333,8.5,5.6000000000000005,6.92
10986,3,18,4,2008,4.495,8.52,5.21,6.47
10987,3,19,4,2008,5.121666666666667,8.3,4.75,5.98
10988,3,20,4,2008,5.596666666666668,9.61,5.19,6.95
10989,3,21,4,2008,5.6191666666666675,8.26,5.82,7.26
10990,3,22,4,2008,5.607499999999999,9.05,5.8,7.48
10991,3,23,4,2008,5.554166666666667,8.74,5.62,7.27
10992,4,0,4,2008,4.693333333333333,8.700000000000001,5.62,7.28
10993,4,1,4,2008,4.551666666666667,8.27,5.3,6.92
10994,4,2,4,2008,3.940833333333334,6.99,3.91,5.39
10995,4,3,4,2008,2.734166666666667,7.72,3.52,5.9
10996,4,4,4,2008,2.7816666666666667,7.44,3.69,5.78
10997,4,5,4,2008,3.512500000000001,6.58,3.67,5.09
10998,4,6,4,2008,3.1774999999999998,6.1400000000000015,3.74,4.94
10999,4,7,4,2008,3.0433333333333334,6.5600000000000005,3.73,5.18
11000,4,8,4,2008,3.361666666666667,6.5,3.61,5.57
11001,4,9,4,2008,2.1125,6.5600000000000005,3.5700000000000003,5.8
11002,4,10,4,2008,1.5958333333333332,6.28,3.21,4.47
11003,4,11,4,2008,1.7124999999999997,5.69,3.2,4.32
11004,4,12,4,2008,1.59,3.71,2.34,2.87
11005,4,13,4,2008,1.406666666666667,4.07,2.5500000000000003,2.87
11006,4,14,4,2008,1.6941666666666668,3.31,2.33,2.56
11007,4,15,4,2008,2.98,3.31,2.5500000000000003,2.85
11008,4,16,4,2008,4.1925,3.25,2.75,3.13
11009,4,17,4,2008,7.373333333333332,3.02,2.66,2.99
11010,4,18,4,2008,9.917499999999999,3.12,2.52,2.94
11011,4,19,4,2008,11.3975,1.96,1.54,1.8
11012,4,20,4,2008,12.3925,2.52,1.9,2.26
11013,4,21,4,2008,13.182499999999997,2.75,2.05,2.46
11014,4,22,4,2008,13.589999999999998,2.9,2.24,2.66
11015,4,23,4,2008,13.561666666666666,3.04,2.27,2.76
11016,5,0,4,2008,12.23166666666667,4.53,2.58,3.9
11017,5,1,4,2008,10.619166666666667,7.61,3.79,6.71
11018,5,2,4,2008,9.405833333333334,9.71,4.37,7.6400000000000015
11019,5,3,4,2008,8.833333333333334,10.7,4.76,7.97
11020,5,4,4,2008,8.408333333333333,11.89,5.17,8.59
11021,5,5,4,2008,7.983333333333334,12.94,5.7700000000000005,9.18
11022,5,6,4,2008,7.754999999999999,13.87,6.3100000000000005,9.82
11023,5,7,4,2008,7.554166666666667,14.33,6.6400000000000015,10.13
11024,5,8,4,2008,7.1641666666666675,14.78,6.97,10.51
11025,5,9,4,2008,6.776666666666667,15.21,7.38,10.92
11026,5,10,4,2008,6.447499999999999,15.4,7.53,11.05
11027,5,11,4,2008,6.0249999999999995,15.52,7.67,11.2
11028,5,12,4,2008,6.024166666666669,15.41,7.94,11.1
11029,5,13,4,2008,7.640833333333334,13.57,8.07,10.65
11030,5,14,4,2008,8.863333333333333,10.0,7.18,8.73
11031,5,15,4,2008,10.689166666666665,9.91,7.24,8.9
11032,5,16,4,2008,12.545833333333333,10.42,7.57,9.33
11033,5,17,4,2008,13.795833333333334,10.71,7.8,9.61
11034,5,18,4,2008,14.860833333333332,10.35,7.49,9.21
11035,5,19,4,2008,15.551666666666668,10.91,7.9,9.73
11036,5,20,4,2008,16.079166666666666,11.62,8.33,10.33
11037,5,21,4,2008,16.368333333333332,11.71,8.33,10.36
11038,5,22,4,2008,16.338333333333335,12.25,8.57,10.8
11039,5,23,4,2008,15.699166666666668,12.16,8.47,10.7
11040,6,0,4,2008,13.818333333333333,12.69,6.41,9.08
11041,6,1,4,2008,12.409166666666664,12.58,5.33,8.5
11042,6,2,4,2008,11.658333333333331,13.51,6.76,9.87
11043,6,3,4,2008,11.536666666666667,14.04,7.23,10.39
11044,6,4,4,2008,11.356666666666667,14.05,7.47,10.54
11045,6,5,4,2008,11.219166666666666,14.11,7.95,10.97
11046,6,6,4,2008,11.217500000000001,13.82,8.45,11.22
11047,6,7,4,2008,11.060833333333335,14.2,8.3,11.26
11048,6,8,4,2008,10.769166666666665,14.54,8.69,11.66
11049,6,9,4,2008,10.660833333333333,16.77,10.73,14.03
11050,6,10,4,2008,10.5475,17.82,11.23,14.8
11051,6,11,4,2008,10.079166666666667,15.17,9.03,12.16
11052,6,12,4,2008,10.180000000000001,15.49,9.31,12.47
11053,6,13,4,2008,10.6775,14.9,9.52,12.44
11054,6,14,4,2008,11.792499999999999,11.65,7.87,9.87
11055,6,15,4,2008,13.044166666666667,11.04,7.88,9.83
11056,6,16,4,2008,14.553333333333335,10.25,7.26,9.04
11057,6,17,4,2008,16.000833333333333,8.22,5.92,7.28
11058,6,18,4,2008,16.980833333333333,6.3,4.69,5.67
11059,6,19,4,2008,18.09333333333333,7.01,5.12,6.24
11060,6,20,4,2008,18.787499999999994,9.14,6.71,8.2
11061,6,21,4,2008,18.34,10.59,7.6400000000000015,9.43
11062,6,22,4,2008,17.588333333333335,9.98,7.07,8.8
11063,6,23,4,2008,16.659166666666664,9.87,6.83,8.64
11064,7,0,4,2008,14.565833333333332,11.43,3.67,7.1000000000000005
11065,7,1,4,2008,12.924999999999999,11.65,3.79,7.62
11066,7,2,4,2008,11.858333333333333,9.16,3.68,6.9
11067,7,3,4,2008,10.994166666666667,14.64,6.55,10.04
11068,7,4,4,2008,8.655000000000001,10.94,5.05,8.07
11069,7,5,4,2008,6.781666666666666,12.37,2.97,6.86
11070,7,6,4,2008,5.322500000000001,12.19,2.84,6.83
11071,7,7,4,2008,4.208333333333333,14.75,8.55,11.6
11072,7,8,4,2008,2.7108333333333334,14.1,8.26,11.2
11073,7,9,4,2008,1.7441666666666669,11.29,5.44,7.8900000000000015
11074,7,10,4,2008,1.1583333333333334,11.35,5.74,8.17
11075,7,11,4,2008,0.645,11.77,6.5200000000000005,9.1
11076,7,12,4,2008,0.42250000000000004,10.19,5.9,7.91
11077,7,13,4,2008,1.5274999999999999,9.8,5.74,7.26
11078,7,14,4,2008,3.186666666666667,6.61,4.94,5.96
11079,7,15,4,2008,4.825833333333334,6.41,4.83,5.82
11080,7,16,4,2008,6.268333333333334,5.32,4.08,4.88
11081,7,17,4,2008,7.625833333333333,3.04,2.34,2.77
11082,7,18,4,2008,9.03,2.51,2.03,2.35
11083,7,19,4,2008,9.491666666666667,3.56,2.82,3.3200000000000003
11084,7,20,4,2008,10.295,6.8,5.19,6.25
11085,7,21,4,2008,10.799999999999997,6.72,5.11,6.17
11086,7,22,4,2008,10.837499999999999,6.71,5.2,6.3100000000000005
11087,7,23,4,2008,8.8275,5.84,4.28,5.29
11088,8,0,4,2008,7.1000000000000005,5.95,4.2700000000000005,5.13
11089,8,1,4,2008,6.023333333333333,5.24,3.72,4.54
11090,8,2,4,2008,5.3808333333333325,6.25,4.68,5.66
11091,8,3,4,2008,5.087500000000001,9.97,6.63,8.42
11092,8,4,4,2008,5.289166666666667,9.13,5.55,7.19
11093,8,5,4,2008,5.355833333333333,8.24,4.94,6.51
11094,8,6,4,2008,5.285833333333334,8.96,5.25,6.8100000000000005
11095,8,7,4,2008,5.202500000000001,8.32,5.22,6.82
11096,8,8,4,2008,4.7875000000000005,7.3,4.59,5.86
11097,8,9,4,2008,4.6850000000000005,7.35,4.46,5.72
11098,8,10,4,2008,4.678333333333334,9.13,5.19,7.25
11099,8,11,4,2008,4.829166666666667,6.7700000000000005,3.49,4.5
11100,8,12,4,2008,4.9125000000000005,6.58,4.09,5.58
11101,8,13,4,2008,5.005833333333334,6.5600000000000005,4.2700000000000005,5.84
11102,8,14,4,2008,5.054166666666667,6.67,4.5200000000000005,5.58
11103,8,15,4,2008,5.318333333333333,7.11,5.08,6.24
11104,8,16,4,2008,5.785,6.48,4.87,5.95
11105,8,17,4,2008,6.100833333333333,6.66,4.95,6.08
11106,8,18,4,2008,6.44,6.41,4.74,5.83
11107,8,19,4,2008,6.81,6.79,4.98,6.13
11108,8,20,4,2008,7.4975,6.5200000000000005,4.75,5.86
11109,8,21,4,2008,8.3975,6.47,4.88,5.96
11110,8,22,4,2008,8.952499999999999,5.99,4.32,5.37
11111,8,23,4,2008,8.806666666666667,5.64,3.8,4.99
11112,9,0,4,2008,7.9175,4.23,2.72,3.62
11113,9,1,4,2008,7.354166666666667,2.94,1.15,2.12
11114,9,2,4,2008,5.980833333333334,2.84,1.3,2.2
11115,9,3,4,2008,5.469166666666666,1.93,1.11,1.84
11116,9,4,4,2008,4.759166666666666,1.64,1.54,1.82
11117,9,5,4,2008,4.390000000000001,1.43,1.6,1.75
11118,9,6,4,2008,3.996666666666666,1.35,1.53,1.57
11119,9,7,4,2008,3.4258333333333333,2.04,1.22,2.04
11120,9,8,4,2008,2.884166666666667,2.8000000000000003,1.44,2.65
11121,9,9,4,2008,2.5083333333333333,2.51,1.53,2.6
11122,9,10,4,2008,2.108333333333334,4.33,2.15,3.91
11123,9,11,4,2008,1.5575,4.86,2.41,4.2700000000000005
11124,9,12,4,2008,1.3175000000000001,6.44,3.08,4.04
11125,9,13,4,2008,1.5166666666666668,5.95,3.14,3.72
11126,9,14,4,2008,2.0908333333333333,4.98,2.48,2.77
11127,9,15,4,2008,4.265833333333334,5.19,3.97,4.74
11128,9,16,4,2008,7.304166666666667,5.73,4.43,5.24
11129,9,17,4,2008,9.126666666666667,7.86,6.01,7.21
11130,9,18,4,2008,10.404166666666667,8.22,6.28,7.55
11131,9,19,4,2008,11.615,8.1,6.12,7.37
11132,9,20,4,2008,12.584166666666667,8.69,6.46,7.83
11133,9,21,4,2008,13.06333333333333,9.08,6.65,8.15
11134,9,22,4,2008,13.176666666666668,9.03,6.53,8.040000000000001
11135,9,23,4,2008,12.559166666666668,9.16,6.45,8.06
11136,10,0,4,2008,11.565833333333332,10.56,5.65,8.07
11137,10,1,4,2008,11.056666666666667,12.78,7.49,10.15
11138,10,2,4,2008,9.333333333333332,12.41,7.71,10.06
11139,10,3,4,2008,8.026666666666667,12.14,8.05,10.34
11140,10,4,4,2008,7.780833333333333,12.31,8.21,10.53
11141,10,5,4,2008,7.824166666666667,12.42,8.26,10.61
11142,10,6,4,2008,7.8125,11.8,7.82,10.05
11143,10,7,4,2008,7.795000000000001,11.75,7.68,9.92
11144,10,8,4,2008,7.786666666666666,11.15,7.31,9.41
11145,10,9,4,2008,7.828333333333334,10.68,6.8100000000000005,8.86
11146,10,10,4,2008,7.9816666666666665,12.59,8.27,10.65
11147,10,11,4,2008,7.754999999999999,12.56,8.28,10.63
11148,10,12,4,2008,7.8066666666666675,11.18,7.1400000000000015,9.31
11149,10,13,4,2008,7.696666666666666,12.74,8.39,10.81
11150,10,14,4,2008,7.5,11.81,7.72,9.99
11151,10,15,4,2008,7.864166666666666,9.99,6.46,8.13
11152,10,16,4,2008,8.0475,9.56,5.92,7.53
11153,10,17,4,2008,8.32,9.41,5.45,7.0600000000000005
11154,10,18,4,2008,9.2275,9.98,5.24,7.72
11155,10,19,4,2008,13.25333333333333,19.07,13.39,16.81
11156,10,20,4,2008,14.582499999999996,18.17,12.44,15.75
11157,10,21,4,2008,13.491666666666667,18.33,12.63,16.03
11158,10,22,4,2008,11.582500000000001,16.26,11.44,14.38
11159,10,23,4,2008,8.790000000000001,12.97,9.16,11.46
11160,11,0,4,2008,6.956666666666664,10.72,7.55,9.48
11161,11,1,4,2008,5.6675,10.01,7.2,8.96
11162,11,2,4,2008,3.9258333333333333,10.28,7.35,9.18
11163,11,3,4,2008,3.0125000000000006,10.75,6.25,8.4
11164,11,4,4,2008,2.801666666666667,10.73,6.87,8.91
11165,11,5,4,2008,2.4,10.89,6.08,8.44
11166,11,6,4,2008,2.1149999999999998,12.27,7.22,9.77
11167,11,7,4,2008,1.7475000000000003,12.17,7.16,9.69
11168,11,8,4,2008,1.6475,12.89,7.76,10.39
11169,11,9,4,2008,1.3975,13.62,8.370000000000001,11.14
11170,11,10,4,2008,1.4341666666666668,13.61,8.58,11.18
11171,11,11,4,2008,1.2441666666666669,13.16,8.38,11.06
11172,11,12,4,2008,1.1125,13.94,9.16,11.82
11173,11,13,4,2008,1.1491666666666667,13.99,9.73,12.24
11174,11,14,4,2008,1.555,14.71,10.22,12.86
11175,11,15,4,2008,2.5125000000000006,15.02,10.49,13.18
11176,11,16,4,2008,3.4566666666666666,15.16,10.67,13.36
11177,11,17,4,2008,4.4350000000000005,15.04,10.61,13.25
11178,11,18,4,2008,5.4775,14.79,10.39,13.02
11179,11,19,4,2008,6.006666666666667,15.44,10.92,13.65
11180,11,20,4,2008,6.510833333333334,15.57,10.96,13.73
11181,11,21,4,2008,6.526666666666665,15.88,11.12,13.97
11182,11,22,4,2008,6.159166666666667,16.04,11.13,14.09
11183,11,23,4,2008,5.1450000000000005,15.1,10.52,13.25
11184,12,0,4,2008,4.429999999999999,12.97,8.61,10.97
11185,12,1,4,2008,3.509166666666666,12.82,8.43,10.87
11186,12,2,4,2008,3.0400000000000005,14.46,9.14,12.03
11187,12,3,4,2008,2.6416666666666666,14.31,8.86,11.76
11188,12,4,4,2008,2.075833333333333,13.42,8.24,10.99
11189,12,5,4,2008,1.5033333333333332,13.45,7.71,10.63
11190,12,6,4,2008,1.2691666666666668,12.23,7.6400000000000015,10.07
11191,12,7,4,2008,1.3791666666666667,12.1,7.83,10.19
11192,12,8,4,2008,1.1733333333333333,12.56,8.0,10.5
11193,12,9,4,2008,0.8533333333333332,13.05,8.55,11.11
11194,12,10,4,2008,0.7625000000000001,13.18,8.68,11.26
11195,12,11,4,2008,0.6116666666666667,12.89,8.41,10.93
11196,12,12,4,2008,0.4025,13.28,8.700000000000001,11.22
11197,12,13,4,2008,0.5958333333333333,13.53,9.45,11.93
11198,12,14,4,2008,1.533333333333333,13.32,9.38,11.8
11199,12,15,4,2008,2.3175000000000003,13.2,9.34,11.71
11200,12,16,4,2008,2.9908333333333332,12.93,9.21,11.5
11201,12,17,4,2008,3.7991666666666664,13.47,9.56,11.94
11202,12,18,4,2008,4.288333333333333,13.19,9.4,11.73
11203,12,19,4,2008,4.616666666666667,12.72,9.09,11.33
11204,12,20,4,2008,4.708333333333333,12.44,8.97,11.18
11205,12,21,4,2008,5.260833333333333,12.79,9.13,11.41
11206,12,22,4,2008,4.734166666666667,12.89,9.23,11.59
11207,12,23,4,2008,4.750000000000001,11.63,8.13,10.28
11208,13,0,4,2008,3.6533333333333338,11.62,7.76,9.93
11209,13,1,4,2008,3.1125000000000003,12.83,8.22,10.82
11210,13,2,4,2008,2.7199999999999993,11.58,7.56,9.86
11211,13,3,4,2008,2.1458333333333335,9.19,5.16,7.08
11212,13,4,4,2008,1.6075,8.99,4.94,7.01
11213,13,5,4,2008,0.6024999999999999,11.65,7.48,9.91
11214,13,6,4,2008,-0.8616666666666667,12.07,6.3100000000000005,9.09
11215,13,7,4,2008,-1.4475,11.67,6.05,8.71
11216,13,8,4,2008,-1.7791666666666666,11.4,6.16,8.61
11217,13,9,4,2008,-1.995833333333333,10.99,6.46,8.77
11218,13,10,4,2008,-1.9658333333333333,10.84,6.53,8.66
11219,13,11,4,2008,-1.7508333333333335,10.21,6.55,8.57
11220,13,12,4,2008,-1.6083333333333334,10.44,7.16,9.03
11221,13,13,4,2008,-1.0283333333333335,10.42,7.5,9.34
11222,13,14,4,2008,-0.04083333333333333,10.13,7.35,9.13
11223,13,15,4,2008,1.3966666666666665,9.15,6.72,8.28
11224,13,16,4,2008,2.9866666666666664,9.63,6.99,8.63
11225,13,17,4,2008,4.411666666666666,9.98,7.23,8.94
11226,13,18,4,2008,5.48,10.51,7.65,9.43
11227,13,19,4,2008,6.345833333333334,10.49,7.65,9.43
11228,13,20,4,2008,6.995,10.26,7.45,9.22
11229,13,21,4,2008,7.445833333333334,9.69,7.0600000000000005,8.72
11230,13,22,4,2008,7.659166666666668,9.99,7.16,8.96
11231,13,23,4,2008,7.510833333333334,9.47,6.59,8.28
11232,14,0,4,2008,6.150000000000001,9.96,5.64,7.68
11233,14,1,4,2008,4.615,8.77,3.79,6.73
11234,14,2,4,2008,3.4625,10.58,3.84,7.6
11235,14,3,4,2008,2.2750000000000004,10.36,3.69,7.1400000000000015
11236,14,4,4,2008,1.4758333333333333,9.22,3.6,6.59
11237,14,5,4,2008,0.84,7.82,2.87,5.94
11238,14,6,4,2008,0.2433333333333334,5.8100000000000005,2.12,4.58
11239,14,7,4,2008,0.13083333333333338,4.22,1.71,3.25
11240,14,8,4,2008,-0.19333333333333336,3.54,1.21,2.52
11241,14,9,4,2008,-0.6316666666666667,3.06,1.07,2.2
11242,14,10,4,2008,-0.6883333333333334,2.81,0.79,1.84
11243,14,11,4,2008,-0.7124999999999999,2.76,0.78,1.77
11244,14,12,4,2008,-0.39916666666666667,2.87,1.03,1.98
11245,14,13,4,2008,1.2008333333333332,2.58,1.44,1.61
11246,14,14,4,2008,3.099166666666667,1.86,1.65,1.85
11247,14,15,4,2008,4.725833333333333,2.07,1.8,2.03
11248,14,16,4,2008,5.9508333333333345,2.15,1.9,2.12
11249,14,17,4,2008,7.180833333333333,2.08,1.7,1.96
11250,14,18,4,2008,8.3775,2.33,1.91,2.2
11251,14,19,4,2008,9.406666666666666,2.99,2.43,2.83
11252,14,20,4,2008,10.211666666666668,3.52,2.8000000000000003,3.29
11253,14,21,4,2008,10.788333333333334,4.46,3.42,4.1
11254,14,22,4,2008,11.074166666666665,5.2,3.93,4.79
11255,14,23,4,2008,10.848333333333331,6.25,4.12,5.17
11256,15,0,4,2008,9.138333333333332,8.84,3.86,7.35
11257,15,1,4,2008,7.531666666666666,10.42,4.41,8.09
11258,15,2,4,2008,6.6433333333333335,12.47,5.16,8.82
11259,15,3,4,2008,5.91,13.47,5.97,9.55
11260,15,4,4,2008,5.341666666666668,14.25,6.37,9.97
11261,15,5,4,2008,5.0216666666666665,15.26,7.28,10.89
11262,15,6,4,2008,4.783333333333334,15.56,7.52,11.11
11263,15,7,4,2008,4.5600000000000005,15.92,7.88,11.48
11264,15,8,4,2008,4.3374999999999995,16.16,8.22,11.85
11265,15,9,4,2008,4.1275,16.69,8.700000000000001,12.38
11266,15,10,4,2008,4.025833333333334,16.9,8.98,12.63
11267,15,11,4,2008,3.919166666666667,17.240000000000002,9.34,13.03
11268,15,12,4,2008,4.3758333333333335,17.42,10.9,14.31
11269,15,13,4,2008,6.150833333333334,16.89,10.75,14.07
11270,15,14,4,2008,7.996666666666667,14.58,10.1,12.66
11271,15,15,4,2008,10.134166666666667,14.18,10.34,12.81
11272,15,16,4,2008,12.281666666666666,15.27,11.0,13.69
11273,15,17,4,2008,14.053333333333335,15.88,11.33,14.17
11274,15,18,4,2008,15.659999999999998,16.39,11.69,14.61
11275,15,19,4,2008,16.88166666666667,16.51,11.66,14.62
11276,15,20,4,2008,17.81083333333333,17.69,12.49,15.71
11277,15,21,4,2008,18.38,18.01,12.73,16.02
11278,15,22,4,2008,18.239166666666666,18.0,12.5,15.84
11279,15,23,4,2008,17.422500000000003,17.400000000000002,11.81,15.09
11280,16,0,4,2008,15.708333333333334,17.43,9.9,13.47
11281,16,1,4,2008,14.283333333333333,18.29,10.33,14.22
11282,16,2,4,2008,13.340000000000002,19.34,11.26,15.31
11283,16,3,4,2008,12.581666666666669,19.9,11.78,15.86
11284,16,4,4,2008,12.249166666666666,19.99,11.88,15.97
11285,16,5,4,2008,12.151666666666666,20.27,12.09,16.19
11286,16,6,4,2008,11.980833333333335,20.74,12.52,16.71
11287,16,7,4,2008,11.799999999999999,20.09,12.0,16.05
11288,16,8,4,2008,11.6825,20.21,12.05,16.17
11289,16,9,4,2008,11.814166666666667,21.16,12.69,17.05
11290,16,10,4,2008,11.685833333333333,21.18,12.72,17.07
11291,16,11,4,2008,11.094166666666666,18.42,10.72,14.5
11292,16,12,4,2008,11.456666666666669,18.59,11.57,15.22
11293,16,13,4,2008,13.693333333333335,18.02,11.53,15.03
11294,16,14,4,2008,15.299166666666665,16.56,11.67,14.74
11295,16,15,4,2008,16.866666666666664,16.25,11.41,14.4
11296,16,16,4,2008,18.47083333333333,14.09,9.85,12.44
11297,16,17,4,2008,19.83666666666667,12.02,8.61,10.7
11298,16,18,4,2008,21.020833333333332,10.73,7.61,9.45
11299,16,19,4,2008,22.05583333333333,9.25,6.68,8.26
11300,16,20,4,2008,22.698333333333334,8.19,5.98,7.35
11301,16,21,4,2008,22.91,6.54,4.8,5.84
11302,16,22,4,2008,22.535833333333333,5.46,4.0200000000000005,4.98
11303,16,23,4,2008,20.703333333333333,8.15,3.75,5.97
11304,17,0,4,2008,19.536666666666665,10.16,5.25,7.63
11305,17,1,4,2008,18.204166666666662,9.91,5.03,7.3
11306,17,2,4,2008,17.013333333333332,8.700000000000001,3.86,5.91
11307,17,3,4,2008,16.165,10.57,5.54,7.79
11308,17,4,4,2008,15.183333333333335,10.17,6.16,8.27
11309,17,5,4,2008,14.058333333333332,10.13,6.38,8.42
11310,17,6,4,2008,13.274999999999999,10.93,6.75,8.870000000000003
11311,17,7,4,2008,12.331666666666669,11.29,6.86,9.02
11312,17,8,4,2008,12.066666666666665,9.98,5.67,7.72
11313,17,9,4,2008,11.780833333333334,10.08,6.8500000000000005,8.75
11314,17,10,4,2008,11.004166666666665,11.04,7.6,9.6
11315,17,11,4,2008,10.1525,11.61,7.12,9.87
11316,17,12,4,2008,9.503333333333332,11.61,6.72,8.92
11317,17,13,4,2008,9.309166666666666,10.7,6.03,7.86
11318,17,14,4,2008,9.186666666666666,10.05,6.57,8.31
11319,17,15,4,2008,9.080833333333333,10.08,7.0200000000000005,8.790000000000001
11320,17,16,4,2008,8.919166666666667,9.43,6.62,8.28
11321,17,17,4,2008,8.681666666666667,9.16,6.51,8.1
11322,17,18,4,2008,8.213333333333335,8.74,6.2,7.66
11323,17,19,4,2008,7.6049999999999995,9.41,6.59,8.19
11324,17,20,4,2008,7.266666666666667,9.77,6.83,8.540000000000001
11325,17,21,4,2008,7.000833333333333,10.44,7.32,9.1
11326,17,22,4,2008,6.839166666666667,10.75,7.04,8.8
11327,17,23,4,2008,6.68,10.7,6.53,8.540000000000001
11328,18,0,4,2008,6.5925,11.15,6.66,9.56
11329,18,1,4,2008,6.343333333333334,11.61,7.24,10.14
11330,18,2,4,2008,6.278333333333333,11.09,7.33,9.61
11331,18,3,4,2008,6.309999999999999,11.16,7.58,9.68
11332,18,4,4,2008,6.2058333333333335,10.82,7.22,9.29
11333,18,5,4,2008,6.127500000000001,10.93,7.23,9.33
11334,18,6,4,2008,6.1375,10.65,7.0200000000000005,9.04
11335,18,7,4,2008,6.146666666666667,10.54,6.96,8.96
11336,18,8,4,2008,6.139166666666667,9.67,6.3100000000000005,8.18
11337,18,9,4,2008,6.126666666666666,9.61,6.28,8.120000000000001
11338,18,10,4,2008,6.138333333333333,9.43,6.16,7.95
11339,18,11,4,2008,6.139166666666668,9.02,5.82,7.6
11340,18,12,4,2008,6.110833333333335,8.8,5.65,7.42
11341,18,13,4,2008,6.010833333333333,9.1,5.99,7.79
11342,18,14,4,2008,5.865833333333335,9.59,6.0200000000000005,7.81
11343,18,15,4,2008,5.968333333333334,9.29,6.13,7.87
11344,18,16,4,2008,5.9925,10.25,6.76,8.67
11345,18,17,4,2008,6.170833333333334,10.53,7.12,9.09
11346,18,18,4,2008,6.077500000000001,12.11,8.01,10.29
11347,18,19,4,2008,6.151666666666666,12.18,8.06,10.34
11348,18,20,4,2008,6.3424999999999985,12.52,7.9,10.22
11349,18,21,4,2008,6.720833333333334,12.81,8.24,10.68
11350,18,22,4,2008,7.215000000000001,12.03,7.76,10.11
11351,18,23,4,2008,7.337500000000001,11.6,7.33,9.66
11352,19,0,4,2008,7.365833333333334,11.71,6.97,9.31
11353,19,1,4,2008,7.5391666666666675,13.46,7.45,10.24
11354,19,2,4,2008,6.829166666666667,13.52,6.87,10.05
11355,19,3,4,2008,6.090833333333333,11.6,5.18,8.16
11356,19,4,4,2008,5.66,11.03,5.08,8.01
11357,19,5,4,2008,5.463333333333334,11.68,5.57,8.47
11358,19,6,4,2008,5.076666666666667,11.28,5.49,8.290000000000001
11359,19,7,4,2008,4.889166666666666,11.1,5.42,8.24
11360,19,8,4,2008,4.383333333333333,11.09,5.04,7.9300000000000015
11361,19,9,4,2008,4.0975,10.96,4.82,7.7
11362,19,10,4,2008,4.066666666666666,11.19,4.9,7.76
11363,19,11,4,2008,3.765,10.8,4.58,7.49
11364,19,12,4,2008,4.484166666666666,10.88,5.7700000000000005,7.81
11365,19,13,4,2008,5.703333333333333,8.9,5.0200000000000005,7.12
11366,19,14,4,2008,7.399166666666666,6.93,5.08,6.22
11367,19,15,4,2008,9.080833333333333,7.01,5.16,6.29
11368,19,16,4,2008,10.679166666666665,6.17,4.59,5.57
11369,19,17,4,2008,12.268333333333333,6.13,4.61,5.5600000000000005
11370,19,18,4,2008,13.807499999999997,5.45,4.12,4.95
11371,19,19,4,2008,15.144999999999998,5.11,3.87,4.64
11372,19,20,4,2008,16.180000000000003,4.54,3.48,4.15
11373,19,21,4,2008,16.85666666666667,4.28,3.27,3.9
11374,19,22,4,2008,17.175833333333333,3.23,2.48,2.95
11375,19,23,4,2008,17.12166666666667,2.38,1.87,2.2
11376,20,0,4,2008,15.781666666666666,2.05,0.75,1.71
11377,20,1,4,2008,13.847499999999998,2.02,0.7000000000000001,1.56
11378,20,2,4,2008,12.796666666666667,3.49,1.15,2.52
11379,20,3,4,2008,11.962499999999999,4.0200000000000005,1.57,3.0500000000000003
11380,20,4,4,2008,11.280000000000001,4.5,1.84,3.42
11381,20,5,4,2008,10.6,5.61,2.48,4.62
11382,20,6,4,2008,9.295833333333336,6.65,2.97,5.68
11383,20,7,4,2008,8.876666666666667,8.74,4.14,7.66
11384,20,8,4,2008,8.430833333333334,10.63,4.33,7.6400000000000015
11385,20,9,4,2008,8.111666666666666,11.49,4.62,7.72
11386,20,10,4,2008,7.841666666666668,11.72,4.97,7.97
11387,20,11,4,2008,7.8691666666666675,12.33,5.64,8.61
11388,20,12,4,2008,8.324166666666667,12.36,6.73,8.93
11389,20,13,4,2008,9.63,10.69,6.19,8.63
11390,20,14,4,2008,11.875833333333334,8.78,6.63,8.01
11391,20,15,4,2008,14.013333333333334,9.95,7.3900000000000015,9.01
11392,20,16,4,2008,16.254166666666666,10.56,7.8,9.53
11393,20,17,4,2008,18.209999999999997,11.9,8.68,10.68
11394,20,18,4,2008,20.016666666666666,12.86,9.2,11.42
11395,20,19,4,2008,21.328333333333333,13.02,9.3,11.56
11396,20,20,4,2008,22.28583333333334,14.06,9.96,12.47
11397,20,21,4,2008,22.799166666666668,14.0,9.89,12.4
11398,20,22,4,2008,22.775833333333335,13.93,9.66,12.25
11399,20,23,4,2008,22.323333333333338,13.46,8.58,11.25
11400,21,0,4,2008,20.690833333333334,12.07,6.08,8.98
11401,21,1,4,2008,18.62583333333333,13.29,4.63,8.53
11402,21,2,4,2008,17.670833333333338,14.62,5.62,9.51
11403,21,3,4,2008,17.43666666666667,15.39,6.18,10.05
11404,21,4,4,2008,16.833333333333336,14.21,6.16,9.9
11405,21,5,4,2008,16.030833333333334,14.82,6.29,9.95
11406,21,6,4,2008,15.354166666666664,15.12,6.8100000000000005,10.5
11407,21,7,4,2008,15.1175,14.9,6.93,10.59
11408,21,8,4,2008,14.643333333333336,15.17,7.35,10.92
11409,21,9,4,2008,14.073333333333336,14.73,7.27,10.69
11410,21,10,4,2008,13.6,13.42,6.3500000000000005,9.49
11411,21,11,4,2008,13.475833333333334,13.8,6.87,9.99
11412,21,12,4,2008,14.189166666666665,13.86,7.21,10.16
11413,21,13,4,2008,15.168333333333331,11.4,6.36,8.8
11414,21,14,4,2008,15.670833333333334,8.94,5.39,6.97
11415,21,15,4,2008,16.445833333333333,6.75,4.5,5.65
11416,21,16,4,2008,17.2225,4.4,3.35,4.03
11417,21,17,4,2008,18.773333333333333,3.58,2.63,3.19
11418,21,18,4,2008,19.9175,3.34,2.71,3.16
11419,21,19,4,2008,20.5725,2.11,1.74,1.99
11420,21,20,4,2008,21.465833333333332,2.45,2.03,2.33
11421,21,21,4,2008,21.426666666666662,3.18,2.9,3.26
11422,21,22,4,2008,20.566666666666666,8.26,6.43,7.79
11423,21,23,4,2008,18.985833333333336,8.27,6.2,7.61
11424,22,0,4,2008,17.955000000000002,8.52,5.62,7.04
11425,22,1,4,2008,16.49,9.48,5.43,7.32
11426,22,2,4,2008,15.258333333333333,10.04,5.34,7.61
11427,22,3,4,2008,14.161666666666667,10.46,5.69,8.120000000000001
11428,22,4,4,2008,13.265833333333333,11.63,6.42,9.02
11429,22,5,4,2008,12.4625,10.91,5.88,8.38
11430,22,6,4,2008,11.85,10.77,5.47,7.96
11431,22,7,4,2008,11.333333333333334,10.8,5.22,7.75
11432,22,8,4,2008,11.340833333333334,10.03,5.97,8.01
11433,22,9,4,2008,11.603333333333333,9.45,6.01,7.75
11434,22,10,4,2008,11.126666666666667,9.11,5.36,7.3
11435,22,11,4,2008,10.883333333333333,8.65,5.0600000000000005,6.92
11436,22,12,4,2008,10.690833333333332,8.21,5.19,6.8
11437,22,13,4,2008,10.820833333333333,7.45,5.5600000000000005,6.8
11438,22,14,4,2008,11.541666666666666,7.15,5.6000000000000005,6.69
11439,22,15,4,2008,12.703333333333335,6.24,4.95,5.88
11440,22,16,4,2008,14.715000000000002,5.4,4.22,5.0
11441,22,17,4,2008,16.549166666666668,4.45,3.52,4.14
11442,22,18,4,2008,17.8675,4.8100000000000005,3.79,4.48
11443,22,19,4,2008,19.09,5.04,3.94,4.67
11444,22,20,4,2008,19.9975,5.36,4.17,4.96
11445,22,21,4,2008,20.517500000000002,5.32,4.14,4.92
11446,22,22,4,2008,20.668333333333337,5.18,3.96,4.78
11447,22,23,4,2008,20.425833333333333,5.17,3.92,4.75
11448,23,0,4,2008,18.99,5.6000000000000005,2.85,5.44
11449,23,1,4,2008,17.049166666666668,6.53,3.08,6.24
11450,23,2,4,2008,15.612499999999999,7.3900000000000015,2.88,6.28
11451,23,3,4,2008,14.790000000000001,7.23,2.33,5.54
11452,23,4,4,2008,14.230833333333331,7.01,2.16,5.19
11453,23,5,4,2008,13.253333333333332,7.05,1.87,4.5600000000000005
11454,23,6,4,2008,12.535833333333334,7.82,1.49,4.21
11455,23,7,4,2008,11.899166666666668,9.38,1.46,4.7700000000000005
11456,23,8,4,2008,11.229166666666666,10.08,1.79,5.45
11457,23,9,4,2008,10.8025,10.57,2.11,6.05
11458,23,10,4,2008,10.319166666666666,11.36,2.37,6.53
11459,23,11,4,2008,9.639999999999999,11.72,2.76,6.96
11460,23,12,4,2008,10.725000000000001,11.94,4.86,7.07
11461,23,13,4,2008,12.985,8.94,4.37,5.9
11462,23,14,4,2008,15.601666666666667,6.6400000000000015,5.01,6.04
11463,23,15,4,2008,17.88,7.45,5.5200000000000005,6.73
11464,23,16,4,2008,19.5075,7.75,5.84,7.05
11465,23,17,4,2008,21.174166666666665,8.67,6.38,7.8
11466,23,18,4,2008,22.298333333333332,9.91,7.05,8.84
11467,23,19,4,2008,22.9675,9.26,6.73,8.3
11468,23,20,4,2008,23.59166666666667,10.37,7.47,9.32
11469,23,21,4,2008,23.785833333333333,9.83,6.96,8.76
11470,23,22,4,2008,23.099166666666665,10.65,7.72,9.52
11471,23,23,4,2008,21.8175,12.03,8.61,10.84
11472,24,0,4,2008,20.446666666666662,13.08,7.85,10.46
11473,24,1,4,2008,19.05416666666667,11.64,7.26,9.75
11474,24,2,4,2008,17.4525,8.73,4.2,6.21
11475,24,3,4,2008,16.4925,10.79,5.42,7.87
11476,24,4,4,2008,16.508333333333333,10.43,5.71,8.0
11477,24,5,4,2008,15.909166666666666,10.03,5.66,7.72
11478,24,6,4,2008,16.056666666666665,10.49,5.75,7.9300000000000015
11479,24,7,4,2008,16.003333333333334,11.79,6.42,8.76
11480,24,8,4,2008,15.949166666666665,11.89,6.3,8.81
11481,24,9,4,2008,15.729999999999999,10.77,5.7700000000000005,8.13
11482,24,10,4,2008,15.35,9.61,4.4,6.6400000000000015
11483,24,11,4,2008,15.152500000000003,10.72,5.47,7.87
11484,24,12,4,2008,15.403333333333334,10.86,6.41,8.66
11485,24,13,4,2008,15.835,11.05,6.65,8.84
11486,24,14,4,2008,16.779999999999998,10.22,7.3,9.05
11487,24,15,4,2008,19.001666666666665,11.78,8.48,10.52
11488,24,16,4,2008,18.944166666666664,12.84,9.33,11.62
11489,24,17,4,2008,18.913333333333338,10.23,7.29,9.07
11490,24,18,4,2008,19.403333333333332,8.98,6.45,7.99
11491,24,19,4,2008,20.224166666666665,8.93,6.08,7.71
11492,24,20,4,2008,20.7025,7.91,5.51,6.8500000000000005
11493,24,21,4,2008,21.343333333333334,6.67,4.53,5.7
11494,24,22,4,2008,22.515833333333333,7.54,5.0,6.38
11495,24,23,4,2008,22.974166666666665,9.68,6.65,8.42
11496,25,0,4,2008,21.92833333333333,10.52,5.01,7.27
11497,25,1,4,2008,21.06666666666667,11.68,4.94,7.63
11498,25,2,4,2008,20.535833333333333,13.34,5.51,8.85
11499,25,3,4,2008,20.126666666666665,14.2,6.99,10.15
11500,25,4,4,2008,20.06583333333333,14.0,7.03,10.25
11501,25,5,4,2008,18.889166666666668,12.68,6.2,9.13
11502,25,6,4,2008,18.540000000000003,13.78,6.6400000000000015,9.81
11503,25,7,4,2008,17.83916666666667,13.64,7.28,9.51
11504,25,8,4,2008,16.5425,11.46,7.29,9.48
11505,25,9,4,2008,15.739166666666668,7.9,4.86,6.46
11506,25,10,4,2008,15.188333333333334,8.21,5.19,6.76
11507,25,11,4,2008,15.236666666666665,7.65,4.76,6.04
11508,25,12,4,2008,12.456666666666669,13.91,9.22,11.69
11509,25,13,4,2008,9.460000000000003,13.82,9.72,12.19
11510,25,14,4,2008,7.515833333333332,14.69,10.39,12.98
11511,25,15,4,2008,6.525000000000001,13.19,9.32,11.68
11512,25,16,4,2008,6.913333333333334,14.23,10.26,12.69
11513,25,17,4,2008,6.9225,14.94,10.82,13.36
11514,25,18,4,2008,7.323333333333334,14.25,10.27,12.7
11515,25,19,4,2008,9.219166666666666,11.93,8.58,10.58
11516,25,20,4,2008,10.650833333333335,12.58,9.01,11.17
11517,25,21,4,2008,10.85666666666667,14.25,10.03,12.56
11518,25,22,4,2008,10.718333333333334,13.22,9.29,11.61
11519,25,23,4,2008,10.238333333333332,12.96,9.05,11.36
11520,26,0,4,2008,9.260833333333332,11.98,8.19,10.39
11521,26,1,4,2008,7.301666666666666,10.33,5.17,7.68
11522,26,2,4,2008,6.362500000000001,10.31,3.52,6.59
11523,26,3,4,2008,5.5616666666666665,9.91,3.46,6.63
11524,26,4,4,2008,4.6049999999999995,8.66,3.15,5.91
11525,26,5,4,2008,3.875833333333333,10.3,3.65,6.67
11526,26,6,4,2008,3.184166666666666,10.3,3.12,6.61
11527,26,7,4,2008,2.7258333333333336,9.13,3.51,6.63
11528,26,8,4,2008,2.4741666666666666,7.98,3.13,6.19
11529,26,9,4,2008,2.086666666666667,6.83,3.33,5.8500000000000005
11530,26,10,4,2008,1.7516666666666667,6.67,3.81,5.71
11531,26,11,4,2008,1.3058333333333334,6.5200000000000005,3.56,5.8
11532,26,12,4,2008,2.706666666666667,7.35,4.45,6.23
11533,26,13,4,2008,4.943333333333333,5.66,3.58,4.29
11534,26,14,4,2008,7.069166666666667,4.55,3.45,4.13
11535,26,15,4,2008,8.681666666666665,4.23,3.23,3.84
11536,26,16,4,2008,10.265833333333333,4.75,3.6,4.29
11537,26,17,4,2008,11.915833333333333,5.75,4.3500000000000005,5.2
11538,26,18,4,2008,12.683333333333332,6.0,4.58,5.47
11539,26,19,4,2008,13.034166666666666,7.38,5.66,6.78
11540,26,20,4,2008,12.242500000000001,8.39,6.48,7.78
11541,26,21,4,2008,11.844166666666668,7.68,5.79,6.99
11542,26,22,4,2008,11.3925,9.02,6.55,8.120000000000001
11543,26,23,4,2008,9.123333333333335,9.06,6.61,8.18
11544,27,0,4,2008,7.949166666666668,5.5200000000000005,3.7,4.59
11545,27,1,4,2008,7.364166666666667,6.47,4.36,5.55
11546,27,2,4,2008,7.0683333333333325,2.86,2.24,2.67
11547,27,3,4,2008,7.1066666666666665,1.71,1.24,1.43
11548,27,4,4,2008,7.017500000000001,3.76,1.7,2.78
11549,27,5,4,2008,6.813333333333333,4.5,1.8,3.03
11550,27,6,4,2008,6.59,6.82,3.58,4.93
11551,27,7,4,2008,5.529166666666668,10.38,3.3000000000000003,6.67
11552,27,8,4,2008,4.961666666666667,9.51,3.54,6.75
11553,27,9,4,2008,5.088333333333334,7.67,3.26,6.6000000000000005
11554,27,10,4,2008,4.586666666666667,8.43,3.96,7.51
11555,27,11,4,2008,3.3908333333333336,10.2,4.43,7.68
11556,27,12,4,2008,3.4975000000000005,10.07,4.47,7.48
11557,27,13,4,2008,5.275,6.92,3.74,4.49
11558,27,14,4,2008,7.3083333333333345,4.91,3.64,4.42
11559,27,15,4,2008,8.731666666666667,5.98,4.41,5.37
11560,27,16,4,2008,9.654166666666669,6.67,4.94,6.01
11561,27,17,4,2008,10.303333333333333,7.16,5.3,6.45
11562,27,18,4,2008,10.764166666666668,7.97,5.93,7.2
11563,27,19,4,2008,11.089999999999998,8.02,5.94,7.23
11564,27,20,4,2008,11.519166666666669,7.13,5.2700000000000005,6.4
11565,27,21,4,2008,11.7975,7.65,5.66,6.92
11566,27,22,4,2008,12.0375,7.3,5.29,6.5200000000000005
11567,27,23,4,2008,11.975833333333334,7.38,5.04,6.28
11568,28,0,4,2008,11.071666666666667,7.31,4.82,6.26
11569,28,1,4,2008,9.346666666666668,6.34,2.59,5.0200000000000005
11570,28,2,4,2008,8.511666666666668,5.91,3.03,5.3500000000000005
11571,28,3,4,2008,7.659166666666667,6.01,3.13,5.3100000000000005
11572,28,4,4,2008,6.8325000000000005,5.99,3.85,5.63
11573,28,5,4,2008,6.261666666666667,6.28,3.65,5.67
11574,28,6,4,2008,5.499166666666667,5.86,3.43,5.24
11575,28,7,4,2008,5.1258333333333335,6.3100000000000005,3.49,5.6000000000000005
11576,28,8,4,2008,4.3325000000000005,7.4,3.51,6.17
11577,28,9,4,2008,3.4758333333333336,8.1,3.64,6.73
11578,28,10,4,2008,3.0625,11.47,4.21,8.14
11579,28,11,4,2008,2.891666666666666,12.32,4.69,8.42
11580,28,12,4,2008,2.9066666666666667,12.12,5.53,8.24
11581,28,13,4,2008,3.89,8.55,6.29,7.73
11582,28,14,4,2008,4.687500000000001,8.4,6.17,7.57
11583,28,15,4,2008,5.633333333333333,8.51,6.28,7.69
11584,28,16,4,2008,6.535833333333335,8.45,6.26,7.65
11585,28,17,4,2008,7.277499999999999,8.73,6.48,7.8900000000000015
11586,28,18,4,2008,7.889166666666665,8.09,6.05,7.34
11587,28,19,4,2008,8.549166666666666,7.43,5.53,6.72
11588,28,20,4,2008,9.156666666666666,7.03,5.22,6.33
11589,28,21,4,2008,9.5325,6.96,5.2,6.3
11590,28,22,4,2008,9.704166666666667,7.11,5.32,6.47
11591,28,23,4,2008,9.640833333333333,5.86,4.2700000000000005,5.25
11592,29,0,4,2008,8.838333333333333,5.75,3.77,4.67
11593,29,1,4,2008,7.470833333333334,5.66,2.08,4.5600000000000005
11594,29,2,4,2008,6.546666666666667,5.23,1.0,3.62
11595,29,3,4,2008,5.474166666666666,5.72,1.3,3.84
11596,29,4,4,2008,4.605833333333334,5.88,1.71,4.2700000000000005
11597,29,5,4,2008,3.9124999999999996,6.25,2.37,4.9
11598,29,6,4,2008,3.2225,6.3,2.63,5.26
11599,29,7,4,2008,2.9008333333333334,7.07,3.18,5.8
11600,29,8,4,2008,2.3425,8.16,3.59,6.78
11601,29,9,4,2008,2.2741666666666664,8.34,3.5500000000000003,6.63
11602,29,10,4,2008,1.961666666666667,9.64,3.67,6.8900000000000015
11603,29,11,4,2008,1.4225,10.3,4.0200000000000005,7.28
11604,29,12,4,2008,2.5941666666666667,9.93,4.79,6.65
11605,29,13,4,2008,4.4750000000000005,7.91,4.65,5.62
11606,29,14,4,2008,6.821666666666666,7.16,5.32,6.48
11607,29,15,4,2008,8.498333333333333,7.25,5.43,6.59
11608,29,16,4,2008,9.955833333333333,7.29,5.49,6.62
11609,29,17,4,2008,11.370833333333332,7.32,5.51,6.6400000000000015
11610,29,18,4,2008,12.656666666666666,7.58,5.68,6.87
11611,29,19,4,2008,13.7675,7.7,5.75,6.97
11612,29,20,4,2008,14.688333333333333,7.62,5.66,6.87
11613,29,21,4,2008,15.316666666666665,7.72,5.63,6.9
11614,29,22,4,2008,15.525,8.120000000000001,5.84,7.25
11615,29,23,4,2008,15.383333333333335,8.44,5.97,7.47
11616,30,0,4,2008,14.170833333333334,8.81,5.15,6.75
11617,30,1,4,2008,11.867499999999998,11.56,3.95,7.69
11618,30,2,4,2008,10.578333333333333,12.3,4.07,7.85
11619,30,3,4,2008,10.316666666666668,12.83,4.72,8.15
11620,30,4,4,2008,9.603333333333333,13.49,5.4,8.75
11621,30,5,4,2008,9.157499999999999,13.31,5.4,8.74
11622,30,6,4,2008,8.554166666666667,13.17,5.21,8.43
11623,30,7,4,2008,7.676666666666667,12.76,4.61,7.82
11624,30,8,4,2008,7.274166666666667,12.83,4.93,8.1
11625,30,9,4,2008,6.770833333333333,12.47,4.79,7.86
11626,30,10,4,2008,6.259166666666666,12.59,4.07,7.34
11627,30,11,4,2008,6.345833333333332,12.28,4.0600000000000005,7.11
11628,30,12,4,2008,8.449166666666668,11.5,5.46,7.61
11629,30,13,4,2008,10.80166666666667,9.51,5.87,7.35
11630,30,14,4,2008,13.139166666666666,8.44,6.34,7.7
11631,30,15,4,2008,15.632499999999999,9.9,7.41,9.02
11632,30,16,4,2008,17.964166666666667,9.89,7.36,8.98
11633,30,17,4,2008,19.879166666666666,11.84,8.51,10.55
11634,30,18,4,2008,21.42083333333333,12.2,8.8,10.89
11635,30,19,4,2008,22.819166666666664,12.67,8.94,11.16
11636,30,20,4,2008,23.432500000000005,13.21,9.26,11.63
11637,30,21,4,2008,23.550833333333333,13.72,9.6,12.09
11638,30,22,4,2008,23.359166666666663,13.42,9.26,11.76
11639,30,23,4,2008,22.938333333333333,13.14,9.01,11.46
11640,1,0,5,2008,21.347499999999997,13.43,7.27,9.84
11641,1,1,5,2008,19.6225,15.28,7.51,11.1
11642,1,2,5,2008,18.610833333333336,15.17,7.63,11.08
11643,1,3,5,2008,17.697500000000005,15.03,7.83,11.19
11644,1,4,5,2008,17.149166666666666,15.13,7.91,11.31
11645,1,5,5,2008,16.416666666666668,15.25,8.32,11.68
11646,1,6,5,2008,16.017500000000002,16.22,9.12,12.6
11647,1,7,5,2008,15.753333333333332,16.55,9.19,12.72
11648,1,8,5,2008,15.516666666666666,16.54,9.15,12.68
11649,1,9,5,2008,15.155833333333335,16.15,8.77,12.32
11650,1,10,5,2008,14.874166666666666,15.51,8.31,11.8
11651,1,11,5,2008,14.323333333333336,14.51,7.49,10.81
11652,1,12,5,2008,15.193333333333333,14.61,8.66,11.78
11653,1,13,5,2008,17.268333333333334,14.44,9.45,11.83
11654,1,14,5,2008,19.39166666666667,12.48,8.94,11.13
11655,1,15,5,2008,21.265,11.84,8.46,10.52
11656,1,16,5,2008,23.43083333333333,12.15,8.68,10.77
11657,1,17,5,2008,25.62166666666667,13.29,9.35,11.71
11658,1,18,5,2008,26.999166666666667,13.78,9.74,12.22
11659,1,19,5,2008,28.040833333333335,13.81,9.76,12.23
11660,1,20,5,2008,28.560833333333335,12.85,9.02,11.28
11661,1,21,5,2008,28.625000000000004,11.35,7.96,9.93
11662,1,22,5,2008,28.417500000000004,10.5,7.36,9.22
11663,1,23,5,2008,27.840833333333332,8.44,5.76,7.31
11664,2,0,5,2008,25.791666666666668,6.6400000000000015,3.23,4.94
11665,2,1,5,2008,23.264999999999997,5.48,0.99,2.72
11666,2,2,5,2008,21.294999999999998,9.16,2.23,5.59
11667,2,3,5,2008,19.4575,11.57,3.41,6.57
11668,2,4,5,2008,17.860833333333332,9.39,3.64,6.22
11669,2,5,5,2008,16.63666666666667,8.18,5.26,6.72
11670,2,6,5,2008,14.679166666666669,9.3,6.03,7.8900000000000015
11671,2,7,5,2008,14.411666666666667,7.69,4.82,6.49
11672,2,8,5,2008,14.631666666666666,8.14,4.96,6.58
11673,2,9,5,2008,13.5725,10.33,5.17,7.9300000000000015
11674,2,10,5,2008,12.648333333333332,11.08,5.16,8.19
11675,2,11,5,2008,11.737499999999997,6.87,2.96,6.5600000000000005
11676,2,12,5,2008,11.975,9.03,5.75,7.31
11677,2,13,5,2008,13.08,7.95,5.84,7.19
11678,2,14,5,2008,13.618333333333334,8.26,5.97,7.3900000000000015
11679,2,15,5,2008,13.443333333333333,10.42,7.58,9.39
11680,2,16,5,2008,13.000833333333333,10.79,7.9300000000000015,9.78
11681,2,17,5,2008,13.684166666666664,12.19,8.81,10.91
11682,2,18,5,2008,13.795833333333334,13.07,9.23,11.61
11683,2,19,5,2008,14.334999999999999,14.44,10.12,12.72
11684,2,20,5,2008,14.787500000000001,14.94,10.38,13.1
11685,2,21,5,2008,14.404166666666663,14.98,10.6,13.28
11686,2,22,5,2008,14.384999999999998,14.49,10.84,13.32
11687,2,23,5,2008,13.823333333333332,13.94,10.04,12.58
11688,3,0,5,2008,13.415833333333332,11.77,7.83,10.12
11689,3,1,5,2008,12.022499999999999,11.36,5.82,8.34
11690,3,2,5,2008,10.37,13.5,9.09,11.63
11691,3,3,5,2008,7.430833333333332,14.08,9.3,12.03
11692,3,4,5,2008,5.933333333333334,14.4,9.79,12.53
11693,3,5,5,2008,5.408333333333334,12.91,8.46,10.86
11694,3,6,5,2008,5.973333333333333,15.12,9.66,12.67
11695,3,7,5,2008,5.961666666666667,16.0,10.25,13.4
11696,3,8,5,2008,5.293333333333334,15.4,9.8,12.88
11697,3,9,5,2008,4.945833333333334,15.7,8.6,12.11
11698,3,10,5,2008,3.840833333333334,15.49,8.42,11.87
11699,3,11,5,2008,2.9933333333333336,16.080000000000002,9.19,12.64
11700,3,12,5,2008,3.18,15.89,9.29,12.56
11701,3,13,5,2008,4.382499999999999,12.58,8.8,11.08
11702,3,14,5,2008,5.783333333333334,12.61,8.97,11.22
11703,3,15,5,2008,7.29,11.72,8.370000000000001,10.43
11704,3,16,5,2008,8.649166666666668,11.64,8.39,10.39
11705,3,17,5,2008,9.935,10.49,7.56,9.34
11706,3,18,5,2008,11.218333333333334,10.06,7.36,9.03
11707,3,19,5,2008,12.374166666666667,9.33,6.8100000000000005,8.35
11708,3,20,5,2008,13.299999999999999,9.23,6.8,8.290000000000001
11709,3,21,5,2008,13.943333333333335,8.14,5.94,7.27
11710,3,22,5,2008,14.293333333333331,7.44,5.45,6.68
11711,3,23,5,2008,14.333333333333334,6.54,4.76,5.8500000000000005
11712,4,0,5,2008,13.435833333333335,5.8100000000000005,3.93,5.19
11713,4,1,5,2008,11.420833333333334,5.37,2.73,5.08
11714,4,2,5,2008,10.396666666666667,3.71,1.75,3.16
11715,4,3,5,2008,10.014166666666668,2.98,1.43,2.52
11716,4,4,5,2008,8.840833333333334,2.74,2.11,2.6
11717,4,5,5,2008,8.400833333333333,2.01,2.17,2.54
11718,4,6,5,2008,8.004166666666668,2.61,2.59,3.13
11719,4,7,5,2008,7.559166666666667,3.49,3.04,4.21
11720,4,8,5,2008,6.978333333333333,4.44,3.52,5.09
11721,4,9,5,2008,6.647500000000001,5.54,3.63,5.58
11722,4,10,5,2008,6.310833333333334,5.86,3.88,5.88
11723,4,11,5,2008,5.9775,6.61,4.3500000000000005,6.3500000000000005
11724,4,12,5,2008,7.047499999999999,7.23,4.3500000000000005,6.3900000000000015
11725,4,13,5,2008,9.619166666666667,7.2,3.97,5.59
11726,4,14,5,2008,12.364166666666668,5.8,4.24,5.17
11727,4,15,5,2008,14.525,6.12,4.57,5.53
11728,4,16,5,2008,15.6175,5.76,4.3500000000000005,5.23
11729,4,17,5,2008,16.706666666666663,5.73,4.34,5.21
11730,4,18,5,2008,17.76583333333333,6.17,4.62,5.57
11731,4,19,5,2008,18.796666666666667,6.17,4.63,5.58
11732,4,20,5,2008,19.727500000000003,6.38,4.75,5.74
11733,4,21,5,2008,20.215000000000003,6.96,5.1000000000000005,6.23
11734,4,22,5,2008,20.528333333333336,7.37,5.36,6.57
11735,4,23,5,2008,20.467499999999998,7.92,5.59,7.0200000000000005
11736,5,0,5,2008,19.059166666666666,8.61,4.25,6.11
11737,5,1,5,2008,16.745,9.1,4.32,7.67
11738,5,2,5,2008,16.041666666666668,11.01,5.12,8.620000000000001
11739,5,3,5,2008,15.701666666666668,11.87,5.69,8.98
11740,5,4,5,2008,14.996666666666664,12.49,6.6400000000000015,9.97
11741,5,5,5,2008,14.526666666666666,12.88,6.07,9.38
11742,5,6,5,2008,14.5925,13.11,6.26,9.75
11743,5,7,5,2008,14.036666666666667,13.21,6.0200000000000005,9.67
11744,5,8,5,2008,13.791666666666666,14.28,6.59,10.32
11745,5,9,5,2008,12.472499999999998,13.72,6.12,9.65
11746,5,10,5,2008,12.412500000000001,11.18,6.08,8.96
11747,5,11,5,2008,12.064166666666667,11.0,5.67,8.6
11748,5,12,5,2008,12.933333333333332,11.12,6.0200000000000005,8.4
11749,5,13,5,2008,14.444166666666668,10.16,5.82,7.6
11750,5,14,5,2008,16.38666666666667,7.45,5.44,6.49
11751,5,15,5,2008,18.60666666666667,5.59,4.34,5.16
11752,5,16,5,2008,21.100833333333338,4.61,3.52,4.19
11753,5,17,5,2008,22.706666666666667,4.26,3.26,3.87
11754,5,18,5,2008,24.234166666666667,4.98,3.76,4.49
11755,5,19,5,2008,25.213333333333335,5.22,3.96,4.73
11756,5,20,5,2008,25.815833333333334,5.9,4.5200000000000005,5.39
11757,5,21,5,2008,26.06583333333333,5.16,3.92,4.68
11758,5,22,5,2008,26.168333333333326,6.91,4.9,6.11
11759,5,23,5,2008,25.584999999999997,7.55,5.36,6.62
11760,6,0,5,2008,22.860833333333332,10.18,6.38,8.46
11761,6,1,5,2008,20.44,8.59,3.82,6.88
11762,6,2,5,2008,19.445,6.54,3.24,6.19
11763,6,3,5,2008,19.11,4.29,2.01,3.49
11764,6,4,5,2008,18.815833333333334,3.7,1.86,3.19
11765,6,5,5,2008,18.165833333333335,7.03,3.33,5.73
11766,6,6,5,2008,17.835833333333337,8.96,4.18,6.97
11767,6,7,5,2008,16.547500000000003,8.700000000000001,4.32,7.27
11768,6,8,5,2008,16.674166666666668,9.78,4.78,7.55
11769,6,9,5,2008,16.54583333333333,10.73,4.65,7.49
11770,6,10,5,2008,15.502499999999998,10.95,4.51,7.6400000000000015
11771,6,11,5,2008,15.040833333333332,10.22,4.5200000000000005,7.77
11772,6,12,5,2008,16.105,8.58,4.03,6.59
11773,6,13,5,2008,17.696666666666662,6.67,3.99,4.75
11774,6,14,5,2008,19.495,4.9,3.84,4.55
11775,6,15,5,2008,21.440833333333334,6.41,4.7,5.71
11776,6,16,5,2008,22.71083333333333,7.19,5.3500000000000005,6.49
11777,6,17,5,2008,23.570833333333336,7.9,5.84,7.09
11778,6,18,5,2008,24.184166666666666,8.19,6.1000000000000005,7.41
11779,6,19,5,2008,25.099166666666665,9.17,6.78,8.28
11780,6,20,5,2008,25.49416666666667,11.08,8.18,10.0
11781,6,21,5,2008,25.501666666666665,10.92,7.68,9.56
11782,6,22,5,2008,25.48,11.93,8.49,10.6
11783,6,23,5,2008,24.725000000000005,14.18,9.34,12.16
11784,7,0,5,2008,23.8125,12.79,7.86,10.46
11785,7,1,5,2008,22.061666666666667,13.17,6.59,9.4
11786,7,2,5,2008,21.124166666666667,13.61,7.45,10.36
11787,7,3,5,2008,20.877499999999998,13.37,8.13,10.84
11788,7,4,5,2008,20.080833333333334,13.82,8.66,11.38
11789,7,5,5,2008,16.355833333333333,16.53,10.32,14.49
11790,7,6,5,2008,16.34166666666667,15.18,9.18,12.28
11791,7,7,5,2008,16.38166666666667,7.16,4.99,6.21
11792,7,8,5,2008,16.31416666666667,7.59,4.5,6.37
11793,7,9,5,2008,15.354166666666666,6.04,2.48,4.64
11794,7,10,5,2008,15.182500000000003,6.51,2.1,4.42
11795,7,11,5,2008,15.052500000000002,5.7,3.54,4.63
11796,7,12,5,2008,15.608333333333334,6.04,3.47,4.66
11797,7,13,5,2008,17.099166666666665,5.88,4.05,4.91
11798,7,14,5,2008,18.25916666666667,6.19,4.67,5.65
11799,7,15,5,2008,19.021666666666665,5.64,4.32,5.18
11800,7,16,5,2008,20.3225,6.13,4.67,5.6000000000000005
11801,7,17,5,2008,21.06583333333333,6.41,4.97,5.94
11802,7,18,5,2008,21.87333333333333,7.75,5.78,7.0200000000000005
11803,7,19,5,2008,22.591666666666665,8.620000000000001,6.45,7.86
11804,7,20,5,2008,23.02333333333333,9.49,6.96,8.59
11805,7,21,5,2008,23.136666666666667,10.95,8.0,9.97
11806,7,22,5,2008,22.852500000000003,10.75,7.19,9.28
11807,7,23,5,2008,22.29416666666667,10.94,7.67,9.75
11808,8,0,5,2008,21.193333333333335,10.65,6.24,8.540000000000001
11809,8,1,5,2008,19.834999999999997,11.69,6.2700000000000005,8.86
11810,8,2,5,2008,18.264166666666668,11.95,5.84,8.68
11811,8,3,5,2008,16.625000000000004,11.72,4.68,7.77
11812,8,4,5,2008,15.455833333333336,11.27,4.39,7.3900000000000015
11813,8,5,5,2008,14.563333333333334,11.82,4.93,7.9300000000000015
11814,8,6,5,2008,13.469166666666668,11.26,4.59,7.6
11815,8,7,5,2008,13.244166666666665,10.26,5.24,7.35
11816,8,8,5,2008,12.25,9.9,4.7,6.96
11817,8,9,5,2008,11.669166666666667,9.05,4.15,6.2
11818,8,10,5,2008,11.628333333333336,7.99,3.59,5.29
11819,8,11,5,2008,10.080833333333333,9.05,3.66,6.3100000000000005
11820,8,12,5,2008,10.325000000000001,8.950000000000003,4.24,6.09
11821,8,13,5,2008,11.965833333333334,5.73,3.96,4.74
11822,8,14,5,2008,13.779166666666669,5.11,3.94,4.7
11823,8,15,5,2008,15.530833333333334,4.58,3.59,4.25
11824,8,16,5,2008,16.945,4.3500000000000005,3.43,4.04
11825,8,17,5,2008,18.10083333333333,3.78,3.0500000000000003,3.54
11826,8,18,5,2008,19.145,3.87,3.14,3.63
11827,8,19,5,2008,19.859999999999996,4.8100000000000005,3.96,4.57
11828,8,20,5,2008,20.44,4.7,3.69,4.3500000000000005
11829,8,21,5,2008,20.427500000000002,6.62,5.3500000000000005,6.3500000000000005
11830,8,22,5,2008,20.901666666666667,4.04,3.21,3.79
11831,8,23,5,2008,20.484999999999996,5.66,4.01,5.11
11832,9,0,5,2008,20.0475,5.2,3.11,4.36
11833,9,1,5,2008,18.375000000000004,7.53,3.39,6.08
11834,9,2,5,2008,17.967499999999998,8.19,3.71,6.22
11835,9,3,5,2008,16.661666666666665,9.49,3.67,6.46
11836,9,4,5,2008,15.964999999999998,10.5,3.88,6.71
11837,9,5,5,2008,15.106666666666667,10.54,4.0,6.71
11838,9,6,5,2008,15.226666666666667,8.72,3.47,5.63
11839,9,7,5,2008,14.156666666666668,6.55,3.2,4.63
11840,9,8,5,2008,13.309166666666668,6.88,3.58,5.19
11841,9,9,5,2008,12.9775,8.120000000000001,5.23,6.97
11842,9,10,5,2008,12.586666666666664,7.86,4.87,6.34
11843,9,11,5,2008,12.165000000000001,8.77,5.0,6.5600000000000005
11844,9,12,5,2008,11.743333333333334,8.950000000000003,5.3100000000000005,6.8500000000000005
11845,9,13,5,2008,11.488333333333332,7.0,5.18,6.3100000000000005
11846,9,14,5,2008,11.611666666666666,6.24,4.82,5.76
11847,9,15,5,2008,11.82166666666667,5.69,4.48,5.29
11848,9,16,5,2008,11.7125,4.0600000000000005,3.15,3.76
11849,9,17,5,2008,12.244166666666667,3.45,2.62,3.13
11850,9,18,5,2008,12.76333333333333,2.69,2.11,2.48
11851,9,19,5,2008,13.410833333333334,1.43,1.07,1.27
11852,9,20,5,2008,14.613333333333335,0.92,0.79,0.88
11853,9,21,5,2008,15.8975,0.9,0.8,0.88
11854,9,22,5,2008,16.660833333333336,1.0,0.81,0.93
11855,9,23,5,2008,16.819999999999997,2.88,2.37,2.76
11856,10,0,5,2008,15.800833333333335,4.76,3.63,4.37
11857,10,1,5,2008,14.078333333333333,4.66,1.95,3.73
11858,10,2,5,2008,12.849166666666667,6.42,1.65,4.45
11859,10,3,5,2008,12.374166666666667,6.96,2.98,5.97
11860,10,4,5,2008,12.385,7.16,3.11,6.11
11861,10,5,5,2008,12.305833333333334,7.33,3.72,6.51
11862,10,6,5,2008,11.554166666666665,8.14,3.67,6.42
11863,10,7,5,2008,11.2425,9.63,4.86,7.32
11864,10,8,5,2008,12.050833333333335,9.66,4.86,7.24
11865,10,9,5,2008,11.3925,9.1,4.18,6.73
11866,10,10,5,2008,11.320833333333333,10.82,5.47,8.08
11867,10,11,5,2008,9.684166666666668,9.75,3.73,6.53
11868,10,12,5,2008,10.696666666666667,9.46,5.53,7.1000000000000005
11869,10,13,5,2008,11.984166666666667,8.15,5.65,6.9
11870,10,14,5,2008,13.045833333333334,9.37,6.8100000000000005,8.41
11871,10,15,5,2008,13.998333333333333,10.29,7.48,9.26
11872,10,16,5,2008,14.084166666666668,10.12,7.31,9.05
11873,10,17,5,2008,15.118333333333334,9.91,7.12,8.8
11874,10,18,5,2008,15.374999999999998,9.07,6.3100000000000005,7.9300000000000015
11875,10,19,5,2008,14.986666666666665,8.370000000000001,6.15,7.59
11876,10,20,5,2008,14.529166666666667,6.3100000000000005,4.83,5.86
11877,10,21,5,2008,14.175833333333335,3.0,2.33,2.82
11878,10,22,5,2008,13.914166666666668,4.98,3.08,4.07
11879,10,23,5,2008,12.915000000000001,12.09,7.8,10.14
11880,11,0,5,2008,11.569166666666666,15.73,10.37,13.43
11881,11,1,5,2008,11.123333333333333,14.52,9.21,12.05
11882,11,2,5,2008,9.741666666666667,18.08,11.87,15.4
11883,11,3,5,2008,7.039166666666667,18.3,11.9,15.45
11884,11,4,5,2008,6.690000000000001,17.490000000000002,11.24,14.7
11885,11,5,5,2008,5.984999999999999,17.990000000000006,11.39,14.98
11886,11,6,5,2008,5.432500000000001,18.53,11.4,15.19
11887,11,7,5,2008,4.955,18.8,11.57,15.44
11888,11,8,5,2008,4.586666666666667,19.39,11.79,15.8
11889,11,9,5,2008,3.8891666666666667,19.33,11.4,15.49
11890,11,10,5,2008,3.383333333333333,19.13,11.41,15.32
11891,11,11,5,2008,2.8008333333333333,17.85,10.47,14.15
11892,11,12,5,2008,3.3608333333333333,15.42,9.26,12.13
11893,11,13,5,2008,4.943333333333333,13.66,9.73,12.17
11894,11,14,5,2008,6.335,13.71,9.92,12.39
11895,11,15,5,2008,7.949166666666667,13.35,9.64,12.02
11896,11,16,5,2008,9.608333333333334,11.63,8.370000000000001,10.39
11897,11,17,5,2008,11.138333333333334,10.7,7.73,9.51
11898,11,18,5,2008,12.478333333333332,10.37,7.58,9.3
11899,11,19,5,2008,13.573333333333332,9.1,6.69,8.16
11900,11,20,5,2008,14.460833333333333,8.17,5.99,7.3
11901,11,21,5,2008,15.091666666666669,7.07,5.23,6.36
11902,11,22,5,2008,15.448333333333332,5.79,4.3,5.21
11903,11,23,5,2008,15.550833333333335,4.34,3.22,3.89
11904,12,0,5,2008,14.828333333333333,3.24,2.33,2.89
11905,12,1,5,2008,12.545000000000002,1.57,0.47,0.9
11906,12,2,5,2008,11.47166666666667,1.73,1.09,1.67
11907,12,3,5,2008,10.8825,3.54,2.13,3.49
11908,12,4,5,2008,10.176666666666664,4.69,3.1,5.0200000000000005
11909,12,5,5,2008,9.795833333333333,6.71,4.12,6.53
11910,12,6,5,2008,9.088333333333333,8.21,4.51,7.37
11911,12,7,5,2008,8.541666666666664,9.41,4.84,7.9300000000000015
11912,12,8,5,2008,7.941666666666666,10.76,5.28,8.5
11913,12,9,5,2008,7.4775,12.04,5.7,8.94
11914,12,10,5,2008,6.923333333333333,13.46,6.38,9.72
11915,12,11,5,2008,6.605833333333333,13.93,6.95,10.02
11916,12,12,5,2008,7.882500000000001,13.57,7.48,10.04
11917,12,13,5,2008,9.534999999999998,12.06,7.03,9.8
11918,12,14,5,2008,12.238333333333335,10.72,7.77,9.56
11919,12,15,5,2008,14.604166666666664,12.33,8.85,10.97
11920,12,16,5,2008,16.446666666666662,13.07,9.38,11.64
11921,12,17,5,2008,17.950833333333335,14.08,10.02,12.51
11922,12,18,5,2008,19.265,14.65,10.42,13.0
11923,12,19,5,2008,20.29916666666666,14.55,10.29,12.88
11924,12,20,5,2008,21.135833333333334,14.97,10.49,13.19
11925,12,21,5,2008,21.61583333333333,14.85,10.39,13.07
11926,12,22,5,2008,21.64916666666667,15.2,10.54,13.34
11927,12,23,5,2008,21.280833333333337,14.12,9.71,12.34
11928,13,0,5,2008,19.865000000000002,12.49,7.52,10.1
11929,13,1,5,2008,17.4125,13.97,4.78,8.72
11930,13,2,5,2008,15.649166666666666,13.58,4.72,8.53
11931,13,3,5,2008,15.8175,13.79,5.74,9.27
11932,13,4,5,2008,15.420000000000002,14.62,7.0600000000000005,10.54
11933,13,5,5,2008,14.615,14.05,6.67,10.01
11934,13,6,5,2008,13.859166666666672,13.09,5.45,8.78
11935,13,7,5,2008,13.843333333333334,13.1,5.95,9.16
11936,13,8,5,2008,12.990000000000002,12.3,5.01,8.120000000000001
11937,13,9,5,2008,11.910833333333336,11.94,4.73,7.72
11938,13,10,5,2008,12.715000000000002,12.67,6.03,9.07
11939,13,11,5,2008,12.340833333333334,12.22,6.3,9.03
11940,13,12,5,2008,13.179166666666667,12.13,7.09,9.38
11941,13,13,5,2008,14.772499999999999,9.39,6.23,7.58
11942,13,14,5,2008,16.750833333333333,8.28,6.13,7.48
11943,13,15,5,2008,18.455833333333334,7.56,5.58,6.8100000000000005
11944,13,16,5,2008,19.99416666666667,5.53,4.1,4.96
11945,13,17,5,2008,21.145000000000003,4.2700000000000005,3.22,3.85
11946,13,18,5,2008,21.4875,5.63,4.46,5.32
11947,13,19,5,2008,21.183333333333334,8.46,6.51,7.86
11948,13,20,5,2008,21.154999999999998,6.6000000000000005,5.11,6.18
11949,13,21,5,2008,21.659166666666664,11.13,7.77,9.84
11950,13,22,5,2008,19.9125,11.46,8.18,10.22
11951,13,23,5,2008,18.599166666666665,12.03,8.58,10.74
11952,14,0,5,2008,16.708333333333332,11.62,8.25,10.33
11953,14,1,5,2008,14.705833333333333,11.4,6.23,8.6
11954,14,2,5,2008,13.767499999999998,9.81,4.87,7.49
11955,14,3,5,2008,13.345833333333331,11.61,5.79,8.6
11956,14,4,5,2008,12.516666666666667,11.8,5.79,8.63
11957,14,5,5,2008,12.145000000000001,12.2,5.8500000000000005,8.8
11958,14,6,5,2008,11.424999999999999,12.55,5.61,8.61
11959,14,7,5,2008,10.315833333333334,12.78,5.88,9.0
11960,14,8,5,2008,9.440833333333334,11.1,4.88,7.79
11961,14,9,5,2008,8.584166666666667,10.9,4.66,7.72
11962,14,10,5,2008,7.698333333333334,11.11,5.14,8.09
11963,14,11,5,2008,6.673333333333333,8.790000000000001,3.71,6.5200000000000005
11964,14,12,5,2008,8.012500000000001,8.540000000000001,4.98,6.7
11965,14,13,5,2008,9.283333333333333,5.15,3.81,4.61
11966,14,14,5,2008,10.770000000000001,6.15,4.62,5.58
11967,14,15,5,2008,12.07,5.8500000000000005,4.37,5.26
11968,14,16,5,2008,13.354999999999999,5.62,4.28,5.12
11969,14,17,5,2008,14.58,5.45,4.15,4.97
11970,14,18,5,2008,15.690000000000003,5.26,4.07,4.83
11971,14,19,5,2008,16.68833333333333,5.28,4.07,4.8500000000000005
11972,14,20,5,2008,17.505833333333335,4.69,3.63,4.3
11973,14,21,5,2008,18.015833333333337,4.38,3.44,4.0600000000000005
11974,14,22,5,2008,18.30833333333333,3.99,3.12,3.69
11975,14,23,5,2008,18.2375,4.3100000000000005,3.31,3.96
11976,15,0,5,2008,17.545833333333334,4.66,2.78,4.13
11977,15,1,5,2008,15.531666666666665,5.2,2.12,4.04
11978,15,2,5,2008,14.22916666666667,5.18,1.16,3.53
11979,15,3,5,2008,13.931666666666667,5.21,0.87,2.23
11980,15,4,5,2008,13.348333333333334,3.74,1.0,2.27
11981,15,5,5,2008,12.409166666666666,3.99,1.01,2.36
11982,15,6,5,2008,11.211666666666666,3.97,1.32,2.73
11983,15,7,5,2008,10.509166666666667,4.9,1.36,3.1
11984,15,8,5,2008,9.98,5.37,1.5,3.45
11985,15,9,5,2008,9.465,5.83,1.61,3.92
11986,15,10,5,2008,9.365,5.4,1.46,3.61
11987,15,11,5,2008,9.396666666666667,4.19,1.08,2.5500000000000003
11988,15,12,5,2008,10.04,3.02,1.56,1.78
11989,15,13,5,2008,11.740833333333335,2.6,2.26,2.54
11990,15,14,5,2008,13.588333333333333,2.9,2.38,2.76
11991,15,15,5,2008,15.693333333333333,3.63,2.85,3.36
11992,15,16,5,2008,16.91916666666667,3.74,2.96,3.48
11993,15,17,5,2008,17.7425,3.56,2.84,3.31
11994,15,18,5,2008,18.534166666666668,3.8,3.06,3.56
11995,15,19,5,2008,19.176666666666666,3.47,2.76,3.23
11996,15,20,5,2008,19.804166666666664,4.43,3.67,4.25
11997,15,21,5,2008,20.144166666666667,3.61,2.92,3.39
11998,15,22,5,2008,20.3175,3.1,2.58,2.96
11999,15,23,5,2008,20.309166666666666,2.03,1.64,1.89
12000,16,0,5,2008,19.685833333333335,2.88,1.8,2.7
12001,16,1,5,2008,18.326666666666664,2.48,1.38,2.38
12002,16,2,5,2008,16.450833333333335,2.1,1.28,1.93
12003,16,3,5,2008,15.375833333333334,12.28,5.43,8.61
12004,16,4,5,2008,13.3675,12.15,4.5200000000000005,8.09
12005,16,5,5,2008,12.499166666666667,11.39,4.18,7.74
12006,16,6,5,2008,11.449999999999998,9.11,2.6,6.09
12007,16,7,5,2008,11.678333333333333,7.62,2.17,5.53
12008,16,8,5,2008,12.675833333333332,7.37,4.3500000000000005,6.45
12009,16,9,5,2008,11.607500000000002,8.36,4.43,7.29
12010,16,10,5,2008,10.886666666666665,6.8,3.86,6.3100000000000005
12011,16,11,5,2008,10.113333333333335,8.36,3.68,5.68
12012,16,12,5,2008,11.3225,8.1,3.81,5.28
12013,16,13,5,2008,13.39,5.22,3.36,3.96
12014,16,14,5,2008,15.865833333333333,4.12,3.19,3.8
12015,16,15,5,2008,18.0575,4.42,3.3200000000000003,4.0
12016,16,16,5,2008,19.784999999999997,5.24,3.89,4.72
12017,16,17,5,2008,20.79416666666667,5.66,4.24,5.13
12018,16,18,5,2008,21.570833333333336,6.26,4.71,5.7
12019,16,19,5,2008,22.171666666666667,7.15,5.44,6.57
12020,16,20,5,2008,22.573333333333334,7.98,6.01,7.35
12021,16,21,5,2008,22.956666666666667,8.21,6.12,7.48
12022,16,22,5,2008,23.115000000000006,7.9300000000000015,5.7700000000000005,7.16
12023,16,23,5,2008,23.07833333333333,7.68,5.53,6.92
12024,17,0,5,2008,21.974999999999998,7.56,4.68,6.36
12025,17,1,5,2008,19.764166666666664,7.16,3.16,5.65
12026,17,2,5,2008,18.274166666666666,8.81,4.3500000000000005,7.41
12027,17,3,5,2008,17.698333333333334,10.96,5.13,8.55
12028,17,4,5,2008,17.24833333333333,12.11,5.68,9.04
12029,17,5,5,2008,16.8725,13.36,6.33,9.8
12030,17,6,5,2008,16.760000000000005,13.63,6.67,9.99
12031,17,7,5,2008,16.675833333333333,13.75,6.98,10.01
12032,17,8,5,2008,16.300833333333337,14.23,7.11,10.42
12033,17,9,5,2008,15.869999999999997,13.69,7.01,10.2
12034,17,10,5,2008,15.360833333333334,12.78,6.28,9.3
12035,17,11,5,2008,14.523333333333335,10.57,5.15,8.15
12036,17,12,5,2008,15.822500000000005,9.35,4.3,6.7
12037,17,13,5,2008,17.837500000000002,7.04,4.5,5.36
12038,17,14,5,2008,20.305833333333336,5.51,4.53,5.3100000000000005
12039,17,15,5,2008,22.6125,5.55,4.29,5.13
12040,17,16,5,2008,24.462500000000006,5.63,4.2700000000000005,5.13
12041,17,17,5,2008,25.92,7.0,5.1000000000000005,6.22
12042,17,18,5,2008,26.860000000000003,9.41,6.78,8.36
12043,17,19,5,2008,27.0725,10.37,7.5,9.26
12044,17,20,5,2008,27.203333333333337,11.44,8.23,10.23
12045,17,21,5,2008,27.063333333333333,11.43,8.06,10.12
12046,17,22,5,2008,26.624166666666664,12.41,8.620000000000001,10.96
12047,17,23,5,2008,26.01833333333333,11.65,7.95,10.17
12048,18,0,5,2008,24.366666666666664,11.11,5.91,8.53
12049,18,1,5,2008,21.680833333333336,13.98,4.54,8.78
12050,18,2,5,2008,20.018333333333334,13.2,4.53,8.8
12051,18,3,5,2008,18.544999999999998,12.2,4.23,8.03
12052,18,4,5,2008,17.387500000000003,12.01,3.72,8.11
12053,18,5,5,2008,16.59,10.85,3.68,7.6
12054,18,6,5,2008,15.67,9.61,3.37,7.4
12055,18,7,5,2008,14.849166666666669,9.42,3.59,7.6
12056,18,8,5,2008,14.172500000000001,8.99,3.78,7.59
12057,18,9,5,2008,13.369166666666667,8.49,3.66,7.42
12058,18,10,5,2008,12.781666666666668,9.13,3.93,7.84
12059,18,11,5,2008,12.201666666666666,8.950000000000003,3.81,7.8
12060,18,12,5,2008,13.4325,8.41,4.21,6.79
12061,18,13,5,2008,14.400833333333333,6.29,3.82,4.57
12062,18,14,5,2008,16.0725,4.37,3.42,4.04
12063,18,15,5,2008,18.021666666666665,3.48,2.75,3.23
12064,18,16,5,2008,19.588333333333335,3.62,2.84,3.34
12065,18,17,5,2008,20.745833333333334,3.73,2.91,3.43
12066,18,18,5,2008,21.735000000000003,4.23,3.19,3.82
12067,18,19,5,2008,22.617499999999996,4.65,3.48,4.17
12068,18,20,5,2008,23.313333333333336,4.71,3.54,4.25
12069,18,21,5,2008,23.900833333333335,4.43,3.33,4.0
12070,18,22,5,2008,24.26,3.82,2.84,3.41
12071,18,23,5,2008,24.49916666666667,2.64,1.92,2.33
12072,19,0,5,2008,23.572500000000005,3.86,2.13,3.63
12073,19,1,5,2008,20.754166666666666,5.73,2.87,5.37
12074,19,2,5,2008,18.584999999999997,7.97,3.56,6.65
12075,19,3,5,2008,17.760833333333334,10.14,4.2,7.81
12076,19,4,5,2008,17.18166666666667,11.63,4.64,8.03
12077,19,5,5,2008,16.7725,11.82,4.41,7.83
12078,19,6,5,2008,16.736666666666668,12.63,6.82,9.44
12079,19,7,5,2008,16.412499999999998,12.44,5.8100000000000005,8.85
12080,19,8,5,2008,16.381666666666664,13.78,6.87,9.99
12081,19,9,5,2008,15.248333333333335,13.73,6.9,9.94
12082,19,10,5,2008,13.867500000000001,13.39,5.19,8.42
12083,19,11,5,2008,12.54166666666667,12.37,4.0200000000000005,7.42
12084,19,12,5,2008,13.1475,6.3900000000000015,4.01,4.64
12085,19,13,5,2008,14.739166666666668,5.8,4.72,5.55
12086,19,14,5,2008,16.445833333333336,5.91,4.75,5.6000000000000005
12087,19,15,5,2008,18.134166666666662,5.6000000000000005,4.53,5.3100000000000005
12088,19,16,5,2008,19.99,3.71,2.98,3.48
12089,19,17,5,2008,21.84583333333333,3.8,2.98,3.51
12090,19,18,5,2008,23.511666666666667,3.85,2.98,3.53
12091,19,19,5,2008,25.010833333333334,4.92,3.69,4.43
12092,19,20,5,2008,26.209166666666665,6.7,4.84,5.94
12093,19,21,5,2008,27.07916666666667,7.15,5.25,6.4
12094,19,22,5,2008,27.889999999999997,9.12,6.47,8.05
12095,19,23,5,2008,28.024999999999995,9.82,6.5600000000000005,8.47
12096,20,0,5,2008,22.888333333333335,17.7,10.92,14.56
12097,20,1,5,2008,21.849999999999994,8.870000000000003,4.2700000000000005,6.95
12098,20,2,5,2008,21.144166666666667,11.61,4.12,7.85
12099,20,3,5,2008,20.145,15.12,4.74,9.03
12100,20,4,5,2008,19.784166666666668,14.81,5.4,9.44
12101,20,5,5,2008,19.329166666666666,15.1,5.5,9.52
12102,20,6,5,2008,17.445833333333333,12.8,4.99,8.96
12103,20,7,5,2008,16.095000000000002,15.18,6.15,10.17
12104,20,8,5,2008,15.623333333333335,14.72,6.38,10.31
12105,20,9,5,2008,14.929166666666665,14.03,6.2700000000000005,9.82
12106,20,10,5,2008,13.6425,14.57,7.05,10.56
12107,20,11,5,2008,12.6275,13.69,6.67,9.94
12108,20,12,5,2008,12.874166666666667,10.63,6.6400000000000015,8.68
12109,20,13,5,2008,13.784999999999998,9.42,6.57,8.23
12110,20,14,5,2008,14.846666666666664,10.06,7.26,8.98
12111,20,15,5,2008,15.555000000000001,9.68,7.07,8.68
12112,20,16,5,2008,16.294999999999998,8.94,6.58,8.02
12113,20,17,5,2008,17.54083333333333,8.99,6.6000000000000005,8.07
12114,20,18,5,2008,18.510833333333334,9.11,6.66,8.15
12115,20,19,5,2008,19.21166666666667,9.17,6.72,8.22
12116,20,20,5,2008,19.839166666666667,9.37,6.8500000000000005,8.38
12117,20,21,5,2008,20.296666666666667,8.74,6.3500000000000005,7.8
12118,20,22,5,2008,20.481666666666666,8.47,6.07,7.52
12119,20,23,5,2008,20.337500000000002,8.17,5.8500000000000005,7.25
12120,21,0,5,2008,19.620833333333334,8.11,5.57,7.09
12121,21,1,5,2008,17.40666666666667,9.4,3.27,6.43
12122,21,2,5,2008,15.940833333333336,9.25,3.16,6.6000000000000005
12123,21,3,5,2008,15.12916666666667,7.53,2.7,5.72
12124,21,4,5,2008,14.645000000000001,8.2,2.68,5.96
12125,21,5,5,2008,13.409999999999998,6.33,1.85,4.12
12126,21,6,5,2008,12.840000000000002,4.51,1.55,3.1
12127,21,7,5,2008,12.481666666666667,3.44,0.91,2.1
12128,21,8,5,2008,12.025,3.33,0.8200000000000001,1.79
12129,21,9,5,2008,11.279166666666667,4.83,1.9,3.74
12130,21,10,5,2008,10.108333333333334,4.69,1.7,3.46
12131,21,11,5,2008,9.661666666666667,3.79,1.68,3.23
12132,21,12,5,2008,10.437499999999998,4.14,2.18,2.5
12133,21,13,5,2008,12.691666666666668,4.07,2.84,3.3000000000000003
12134,21,14,5,2008,15.225833333333334,2.9,2.37,2.73
12135,21,15,5,2008,17.48,3.73,3.0500000000000003,3.53
12136,21,16,5,2008,18.904999999999998,3.83,3.0700000000000003,3.58
12137,21,17,5,2008,18.08666666666667,3.68,3.14,3.49
12138,21,18,5,2008,17.35833333333333,3.44,2.7,3.19
12139,21,19,5,2008,16.541666666666668,4.63,3.73,4.39
12140,21,20,5,2008,17.270833333333332,4.96,3.8,4.54
12141,21,21,5,2008,18.713333333333335,5.59,4.32,5.15
12142,21,22,5,2008,19.58666666666667,5.72,4.41,5.28
12143,21,23,5,2008,19.750833333333336,6.3100000000000005,4.72,5.74
12144,22,0,5,2008,19.288333333333334,6.75,4.75,5.92
12145,22,1,5,2008,17.539166666666667,8.03,3.47,6.38
12146,22,2,5,2008,16.669166666666666,8.98,3.77,6.6000000000000005
12147,22,3,5,2008,16.975,9.1,4.48,6.58
12148,22,4,5,2008,16.308333333333334,10.08,5.39,7.5
12149,22,5,5,2008,15.921666666666667,8.76,4.32,6.23
12150,22,6,5,2008,14.790000000000001,10.97,4.93,7.66
12151,22,7,5,2008,14.549166666666666,10.74,5.1000000000000005,7.54
12152,22,8,5,2008,14.168333333333331,10.59,5.47,7.68
12153,22,9,5,2008,13.945833333333331,14.02,7.98,10.95
12154,22,10,5,2008,14.430000000000001,12.16,6.15,8.98
12155,22,11,5,2008,13.655833333333334,12.53,7.19,9.81
12156,22,12,5,2008,13.317500000000003,10.63,6.01,8.23
12157,22,13,5,2008,13.54,12.88,7.72,10.34
12158,22,14,5,2008,13.132499999999999,12.35,7.76,10.2
12159,22,15,5,2008,12.459166666666667,11.22,7.7,9.64
12160,22,16,5,2008,13.413333333333334,11.5,8.19,10.1
12161,22,17,5,2008,14.519999999999998,10.29,7.72,9.43
12162,22,18,5,2008,16.044166666666666,11.05,8.25,10.09
12163,22,19,5,2008,17.964166666666667,12.49,9.21,11.34
12164,22,20,5,2008,19.33666666666667,11.96,8.88,10.87
12165,22,21,5,2008,20.593333333333334,11.73,8.55,10.57
12166,22,22,5,2008,20.600833333333338,12.11,8.64,10.84
12167,22,23,5,2008,20.113333333333333,12.69,8.42,10.9
12168,23,0,5,2008,19.630833333333335,12.84,8.16,10.76
12169,23,1,5,2008,19.468333333333334,11.83,6.94,9.41
12170,23,2,5,2008,19.169999999999998,13.07,7.85,10.58
12171,23,3,5,2008,18.234166666666667,12.32,7.0,9.52
12172,23,4,5,2008,17.724999999999998,12.79,7.9,10.36
12173,23,5,5,2008,17.241666666666667,11.21,8.39,10.04
12174,23,6,5,2008,16.395,10.4,6.86,8.9
12175,23,7,5,2008,15.88,10.73,7.07,9.2
12176,23,8,5,2008,15.46583333333333,7.4,4.33,5.8
12177,23,9,5,2008,15.454166666666667,7.15,3.86,5.3
12178,23,10,5,2008,15.259166666666667,8.43,5.16,6.79
12179,23,11,5,2008,14.870833333333335,9.28,5.43,7.29
12180,23,12,5,2008,15.885,11.11,7.5,9.6
12181,23,13,5,2008,16.705000000000002,10.71,6.5,8.8
12182,23,14,5,2008,16.961666666666666,14.57,10.35,12.93
12183,23,15,5,2008,17.464166666666667,10.85,7.37,9.04
12184,23,16,5,2008,18.577499999999997,10.81,8.2,9.94
12185,23,17,5,2008,20.50916666666667,10.31,7.71,9.38
12186,23,18,5,2008,21.91,9.32,7.08,8.55
12187,23,19,5,2008,22.200000000000003,10.08,7.38,9.1
12188,23,20,5,2008,22.086666666666662,10.9,8.11,10.0
12189,23,21,5,2008,22.4325,10.7,7.9,9.68
12190,23,22,5,2008,22.1425,11.28,8.040000000000001,10.01
12191,23,23,5,2008,21.655833333333334,11.71,8.700000000000001,10.77
12192,24,0,5,2008,18.989166666666666,12.98,8.82,11.32
12193,24,1,5,2008,16.73916666666667,12.29,8.23,10.59
12194,24,2,5,2008,15.159166666666666,12.65,7.68,10.25
12195,24,3,5,2008,14.391666666666666,11.67,7.17,9.49
12196,24,4,5,2008,14.052500000000002,12.64,7.6400000000000015,9.92
12197,24,5,5,2008,14.2725,15.97,10.43,12.46
12198,24,6,5,2008,13.651666666666666,13.25,8.65,11.27
12199,24,7,5,2008,13.972499999999998,13.9,9.36,11.95
12200,24,8,5,2008,14.144999999999998,11.44,7.05,9.36
12201,24,9,5,2008,14.3925,9.31,5.62,7.45
12202,24,10,5,2008,14.011666666666665,10.06,6.21,8.38
12203,24,11,5,2008,13.980000000000002,11.04,7.22,9.32
12204,24,12,5,2008,14.0675,12.86,7.79,10.03
12205,24,13,5,2008,14.334166666666668,12.31,7.0200000000000005,9.3
12206,24,14,5,2008,16.013333333333332,9.1,6.57,8.040000000000001
12207,24,15,5,2008,19.09416666666667,9.34,6.95,8.48
12208,24,16,5,2008,21.23,10.95,8.1,9.9
12209,24,17,5,2008,22.719166666666666,10.7,7.9300000000000015,9.69
12210,24,18,5,2008,24.545,10.85,7.82,9.66
12211,24,19,5,2008,26.12333333333333,11.48,8.25,10.23
12212,24,20,5,2008,27.2075,11.54,8.2,10.21
12213,24,21,5,2008,27.835833333333337,11.28,8.02,9.98
12214,24,22,5,2008,28.260833333333334,12.87,8.94,11.39
12215,24,23,5,2008,27.884999999999994,13.25,9.36,11.81
12216,25,0,5,2008,26.87,11.42,7.72,9.9
12217,25,1,5,2008,25.34416666666667,12.61,6.43,9.55
12218,25,2,5,2008,24.146666666666665,12.55,6.36,9.49
12219,25,3,5,2008,22.930833333333336,12.85,6.2700000000000005,9.28
12220,25,4,5,2008,22.569166666666664,13.07,6.34,9.31
12221,25,5,5,2008,22.206666666666663,13.27,6.46,9.49
12222,25,6,5,2008,21.569166666666664,12.22,5.67,8.4
12223,25,7,5,2008,21.502499999999998,12.44,6.48,9.28
12224,25,8,5,2008,20.96666666666667,11.39,5.4,8.120000000000001
12225,25,9,5,2008,20.588333333333335,11.27,5.34,8.120000000000001
12226,25,10,5,2008,20.2675,11.4,5.03,7.7
12227,25,11,5,2008,20.21,15.06,6.55,9.78
12228,25,12,5,2008,22.0,13.7,7.4,10.21
12229,25,13,5,2008,23.583333333333332,11.8,7.28,9.48
12230,25,14,5,2008,24.724166666666665,10.52,7.6,9.41
12231,25,15,5,2008,25.625833333333333,10.69,7.72,9.61
12232,25,16,5,2008,26.76166666666667,10.99,7.91,9.81
12233,25,17,5,2008,28.033333333333335,11.6,8.31,10.3
12234,25,18,5,2008,29.284166666666664,11.03,7.8,9.67
12235,25,19,5,2008,30.481666666666666,11.35,7.96,9.97
12236,25,20,5,2008,31.2075,11.72,8.21,10.26
12237,25,21,5,2008,30.288333333333338,30.09,18.08,26.89
12238,25,22,5,2008,20.583333333333332,26.41,17.400000000000002,21.84
12239,25,23,5,2008,24.075833333333332,7.66,4.13,5.5600000000000005
12240,26,0,5,2008,24.63083333333333,7.66,3.97,5.41
12241,26,1,5,2008,23.293333333333333,9.18,4.15,7.03
12242,26,2,5,2008,23.342500000000005,10.52,4.26,7.26
12243,26,3,5,2008,23.182499999999994,13.53,4.76,7.9300000000000015
12244,26,4,5,2008,23.49666666666667,14.17,4.9,9.26
12245,26,5,5,2008,23.94416666666666,15.82,7.1400000000000015,11.01
12246,26,6,5,2008,21.536666666666665,12.73,5.59,8.67
12247,26,7,5,2008,21.44083333333333,12.82,5.89,8.91
12248,26,8,5,2008,20.823333333333334,12.08,4.64,7.84
12249,26,9,5,2008,19.0275,4.13,4.8,6.55
12250,26,10,5,2008,17.845000000000002,3.49,3.42,5.46
12251,26,11,5,2008,17.368333333333336,2.86,2.6,4.64
12252,26,12,5,2008,18.8025,2.59,1.81,2.5500000000000003
12253,26,13,5,2008,20.260833333333334,6.13,5.17,6.05
12254,26,14,5,2008,20.60916666666667,5.07,4.07,4.7700000000000005
12255,26,15,5,2008,21.828333333333333,5.58,4.3500000000000005,5.13
12256,26,16,5,2008,23.205833333333334,5.8500000000000005,4.62,5.45
12257,26,17,5,2008,24.48166666666667,4.23,3.48,4.03
12258,26,18,5,2008,24.635,8.24,6.08,7.45
12259,26,19,5,2008,24.894166666666667,5.76,4.6000000000000005,5.39
12260,26,20,5,2008,24.15583333333333,4.94,3.83,4.55
12261,26,21,5,2008,25.22666666666667,2.87,2.44,2.84
12262,26,22,5,2008,24.97333333333333,3.35,2.72,3.46
12263,26,23,5,2008,23.575833333333335,8.77,5.12,6.87
12264,27,0,5,2008,21.491666666666664,13.53,8.950000000000003,11.64
12265,27,1,5,2008,20.179166666666664,12.69,7.8,10.31
12266,27,2,5,2008,19.596666666666668,8.53,5.51,7.13
12267,27,3,5,2008,19.15666666666667,7.55,5.07,6.5
12268,27,4,5,2008,18.721666666666668,2.67,2.12,2.84
12269,27,5,5,2008,18.63416666666667,3.73,2.65,3.68
12270,27,6,5,2008,18.089166666666667,3.89,1.63,3.43
12271,27,7,5,2008,17.53833333333333,5.18,1.91,3.88
12272,27,8,5,2008,16.74416666666667,10.58,3.22,4.98
12273,27,9,5,2008,16.32,8.8,5.66,7.5
12274,27,10,5,2008,15.100000000000001,9.28,6.05,7.76
12275,27,11,5,2008,14.133333333333333,9.37,6.3100000000000005,7.97
12276,27,12,5,2008,13.649999999999999,8.45,6.41,7.79
12277,27,13,5,2008,14.445833333333333,8.28,6.36,7.68
12278,27,14,5,2008,15.630833333333333,7.58,5.87,7.03
12279,27,15,5,2008,16.95,7.38,5.67,6.8100000000000005
12280,27,16,5,2008,18.475833333333338,8.01,6.05,7.38
12281,27,17,5,2008,19.474999999999998,7.9,6.12,7.31
12282,27,18,5,2008,19.831666666666667,8.05,5.99,7.34
12283,27,19,5,2008,19.622500000000002,8.22,6.04,7.43
12284,27,20,5,2008,19.515,8.26,6.12,7.52
12285,27,21,5,2008,19.108333333333334,8.89,6.58,8.1
12286,27,22,5,2008,18.355833333333333,9.52,6.91,8.6
12287,27,23,5,2008,16.94166666666667,9.67,7.1000000000000005,8.75
12288,28,0,5,2008,15.714166666666666,9.88,7.07,8.81
12289,28,1,5,2008,14.719166666666665,9.57,6.59,8.38
12290,28,2,5,2008,13.903333333333334,8.91,6.16,7.7
12291,28,3,5,2008,13.36416666666667,9.03,6.22,7.88
12292,28,4,5,2008,12.649166666666666,7.71,5.58,6.87
12293,28,5,5,2008,11.980833333333337,6.42,4.41,5.48
12294,28,6,5,2008,11.190833333333332,7.55,5.21,6.47
12295,28,7,5,2008,10.4825,7.67,5.15,6.46
12296,28,8,5,2008,10.405833333333332,6.98,5.08,6.23
12297,28,9,5,2008,10.296666666666667,7.31,5.24,6.45
12298,28,10,5,2008,10.279166666666665,8.13,5.84,7.21
12299,28,11,5,2008,10.181666666666667,8.05,5.6000000000000005,6.99
12300,28,12,5,2008,9.630833333333333,8.38,6.08,7.47
12301,28,13,5,2008,8.785833333333334,8.27,6.15,7.53
12302,28,14,5,2008,8.559166666666666,8.07,6.1000000000000005,7.42
12303,28,15,5,2008,8.048333333333334,6.22,4.92,5.88
12304,28,16,5,2008,8.152499999999998,5.47,4.3500000000000005,5.17
12305,28,17,5,2008,8.791666666666666,4.6000000000000005,3.67,4.34
12306,28,18,5,2008,9.563333333333334,3.97,3.19,3.75
12307,28,19,5,2008,10.332500000000001,3.78,3.01,3.5500000000000003
12308,28,20,5,2008,11.2275,3.18,2.58,3.02
12309,28,21,5,2008,12.023333333333333,2.83,2.34,2.71
12310,28,22,5,2008,12.689166666666665,2.78,2.29,2.66
12311,28,23,5,2008,13.162500000000001,2.6,2.13,2.48
12312,29,0,5,2008,13.265833333333331,2.21,1.85,2.14
12313,29,1,5,2008,13.355833333333331,3.81,1.11,1.81
12314,29,2,5,2008,13.674999999999999,4.61,1.12,2.27
12315,29,3,5,2008,14.065833333333332,5.78,0.92,2.89
12316,29,4,5,2008,14.544166666666667,6.13,1.74,3.74
12317,29,5,5,2008,14.80916666666667,6.5600000000000005,1.85,3.81
12318,29,6,5,2008,14.823333333333332,7.87,1.1,3.7
12319,29,7,5,2008,14.317500000000003,8.8,2.09,4.98
12320,29,8,5,2008,14.12,10.48,3.85,7.0600000000000005
12321,29,9,5,2008,14.768333333333333,11.06,5.17,8.02
12322,29,10,5,2008,14.998333333333335,12.56,6.37,9.13
12323,29,11,5,2008,15.235833333333334,13.23,6.86,9.68
12324,29,12,5,2008,16.508333333333336,11.78,6.76,9.12
12325,29,13,5,2008,18.2225,10.33,7.26,9.06
12326,29,14,5,2008,19.611666666666668,12.37,8.86,11.05
12327,29,15,5,2008,21.61583333333333,12.47,8.89,11.1
12328,29,16,5,2008,22.147499999999997,8.69,5.93,7.44
12329,29,17,5,2008,23.695833333333336,8.8,6.29,7.77
12330,29,18,5,2008,25.55,11.3,8.07,9.97
12331,29,19,5,2008,26.856666666666666,13.4,9.6,11.89
12332,29,20,5,2008,27.936666666666667,13.7,9.69,12.08
12333,29,21,5,2008,28.010833333333334,13.99,9.73,12.26
12334,29,22,5,2008,28.584166666666672,15.7,10.89,13.71
12335,29,23,5,2008,28.49,15.61,10.79,13.61
12336,30,0,5,2008,27.659166666666664,16.75,10.57,13.96
12337,30,1,5,2008,26.28,15.32,9.16,12.33
12338,30,2,5,2008,25.505,14.61,7.8900000000000015,11.13
12339,30,3,5,2008,19.07166666666667,11.59,7.55,10.07
12340,30,4,5,2008,18.854999999999997,7.05,3.53,4.8
12341,30,5,5,2008,19.115,11.8,7.49,9.59
12342,30,6,5,2008,19.5725,15.75,9.26,12.22
12343,30,7,5,2008,20.384166666666665,15.84,10.16,13.55
12344,30,8,5,2008,20.19666666666667,12.51,7.82,10.35
12345,30,9,5,2008,20.291666666666668,10.7,5.97,8.32
12346,30,10,5,2008,20.648333333333337,10.81,6.5,8.77
12347,30,11,5,2008,20.053333333333335,8.2,4.18,6.07
12348,30,12,5,2008,21.282500000000002,6.13,3.2,3.92
12349,30,13,5,2008,22.650833333333335,6.34,4.46,5.5200000000000005
12350,30,14,5,2008,24.161666666666665,8.56,6.13,7.58
12351,30,15,5,2008,25.654166666666665,9.02,6.5200000000000005,8.02
12352,30,16,5,2008,27.021666666666665,8.17,5.88,7.21
12353,30,17,5,2008,27.815,7.37,5.42,6.59
12354,30,18,5,2008,28.426666666666666,6.15,4.64,5.5600000000000005
12355,30,19,5,2008,28.875833333333333,6.3900000000000015,4.66,5.7700000000000005
12356,30,20,5,2008,29.62666666666667,5.79,4.28,5.19
12357,30,21,5,2008,30.084166666666665,6.54,4.82,5.88
12358,30,22,5,2008,29.906666666666663,7.6400000000000015,5.6000000000000005,6.8500000000000005
12359,30,23,5,2008,29.581666666666667,6.69,4.57,5.8100000000000005
12360,31,0,5,2008,28.296666666666663,8.52,3.92,6.3100000000000005
12361,31,1,5,2008,25.963333333333328,9.85,3.61,7.03
12362,31,2,5,2008,23.779166666666665,11.56,4.0600000000000005,8.11
12363,31,3,5,2008,22.3775,11.02,4.17,7.9
12364,31,4,5,2008,22.081666666666667,10.93,4.58,8.53
12365,31,5,5,2008,20.880833333333328,10.5,4.28,8.21
12366,31,6,5,2008,20.744166666666665,8.69,3.67,7.62
12367,31,7,5,2008,20.408333333333335,6.1400000000000015,2.84,5.9
12368,31,8,5,2008,19.386666666666667,5.23,3.13,4.94
12369,31,9,5,2008,18.839166666666667,6.74,3.92,6.13
12370,31,10,5,2008,18.404166666666665,7.05,4.14,6.5600000000000005
12371,31,11,5,2008,17.900833333333335,5.19,2.89,4.8500000000000005
12372,31,12,5,2008,18.3325,4.92,3.06,4.37
12373,31,13,5,2008,20.337500000000002,2.77,1.89,2.28
12374,31,14,5,2008,22.28833333333333,1.37,1.34,1.46
12375,31,15,5,2008,24.340833333333336,0.95,0.85,0.94
12376,31,16,5,2008,25.963333333333335,2.44,1.92,2.24
12377,31,17,5,2008,26.98166666666667,2.5500000000000003,2.03,2.36
12378,31,18,5,2008,27.921666666666667,3.42,2.68,3.16
12379,31,19,5,2008,28.662500000000005,3.65,2.83,3.31
12380,31,20,5,2008,29.260833333333334,4.9,3.74,4.47
12381,31,21,5,2008,29.462500000000002,4.8500000000000005,3.72,4.43
12382,31,22,5,2008,29.54916666666666,4.3500000000000005,3.24,3.92
12383,31,23,5,2008,29.374166666666664,4.26,3.1,3.81
12384,1,0,6,2008,28.337499999999995,4.5200000000000005,2.04,3.0500000000000003
12385,1,1,6,2008,26.06,6.55,1.74,4.59
12386,1,2,6,2008,24.545833333333334,5.57,1.73,4.29
12387,1,3,6,2008,22.635833333333334,4.87,3.94,6.17
12388,1,4,6,2008,21.686666666666667,2.94,2.48,4.38
12389,1,5,6,2008,20.989166666666666,2.16,1.84,2.09
12390,1,6,6,2008,20.97833333333333,2.67,1.26,1.73
12391,1,7,6,2008,20.435833333333335,2.72,1.3,1.91
12392,1,8,6,2008,20.05333333333333,2.95,0.76,1.81
12393,1,9,6,2008,19.194166666666668,3.0,1.19,2.27
12394,1,10,6,2008,17.99416666666667,3.19,1.29,2.14
12395,1,11,6,2008,17.64666666666667,3.15,1.25,2.08
12396,1,12,6,2008,19.027499999999996,3.01,0.85,1.7
12397,1,13,6,2008,20.917499999999997,2.62,0.95,1.12
12398,1,14,6,2008,23.126666666666665,2.25,1.8,2.09
12399,1,15,6,2008,24.965000000000003,1.67,1.47,1.64
12400,1,16,6,2008,26.203333333333333,1.87,1.63,1.82
12401,1,17,6,2008,27.028333333333332,1.59,1.41,1.56
12402,1,18,6,2008,27.72666666666667,1.73,1.56,1.72
12403,1,19,6,2008,28.325833333333332,1.62,1.51,1.64
12404,1,20,6,2008,28.82166666666667,1.58,1.46,1.58
12405,1,21,6,2008,29.108333333333338,2.15,1.84,2.08
12406,1,22,6,2008,29.162500000000005,2.06,1.84,2.02
12407,1,23,6,2008,29.064999999999994,2.5,2.15,2.5
12408,2,0,6,2008,28.350833333333338,3.33,2.21,3.39
12409,2,1,6,2008,26.42,3.59,1.96,3.74
12410,2,2,6,2008,24.3275,3.6,1.76,3.58
12411,2,3,6,2008,23.5975,3.89,1.53,3.04
12412,2,4,6,2008,22.987499999999997,4.25,1.9,3.44
12413,2,5,6,2008,22.344166666666666,4.47,2.0,3.61
12414,2,6,6,2008,21.75,5.19,2.29,4.14
12415,2,7,6,2008,21.376666666666665,6.49,2.82,5.22
12416,2,8,6,2008,20.434166666666666,6.8500000000000005,3.13,5.49
12417,2,9,6,2008,19.405,7.16,2.71,5.38
12418,2,10,6,2008,19.3,9.43,4.17,6.8900000000000015
12419,2,11,6,2008,19.5375,9.67,5.26,7.42
12420,2,12,6,2008,20.66,9.78,5.55,7.54
12421,2,13,6,2008,22.09166666666667,6.67,4.41,5.2700000000000005
12422,2,14,6,2008,24.005,7.8,5.71,6.98
12423,2,15,6,2008,25.79166666666667,9.17,6.65,8.15
12424,2,16,6,2008,27.030833333333337,9.46,6.8500000000000005,8.4
12425,2,17,6,2008,27.397500000000004,9.65,7.05,8.620000000000001
12426,2,18,6,2008,28.53916666666667,9.73,6.96,8.59
12427,2,19,6,2008,29.504166666666666,10.96,7.79,9.69
12428,2,20,6,2008,30.044166666666666,12.17,8.73,10.86
12429,2,21,6,2008,30.7225,12.21,8.31,10.68
12430,2,22,6,2008,31.60666666666667,12.31,8.55,10.77
12431,2,23,6,2008,31.619999999999994,12.9,8.870000000000003,11.3
12432,3,0,6,2008,30.910833333333333,9.79,6.2700000000000005,8.23
12433,3,1,6,2008,23.719166666666663,16.31,10.89,13.56
12434,3,2,6,2008,20.213333333333335,14.84,9.49,12.29
12435,3,3,6,2008,20.062500000000004,12.57,7.72,10.12
12436,3,4,6,2008,19.55666666666667,13.06,8.05,10.64
12437,3,5,6,2008,19.644166666666667,9.14,5.43,7.24
12438,3,6,6,2008,19.359166666666667,8.09,4.8500000000000005,6.45
12439,3,7,6,2008,19.39,8.16,4.76,6.3100000000000005
12440,3,8,6,2008,19.280833333333334,6.3500000000000005,3.13,4.5
12441,3,9,6,2008,18.9025,6.8900000000000015,2.57,4.23
12442,3,10,6,2008,18.294166666666666,9.18,2.46,5.37
12443,3,11,6,2008,17.94416666666667,7.18,3.35,4.45
12444,3,12,6,2008,18.030833333333337,4.9,3.18,3.5700000000000003
12445,3,13,6,2008,20.545,4.68,3.5700000000000003,4.13
12446,3,14,6,2008,23.42083333333333,2.28,2.0,2.26
12447,3,15,6,2008,25.30916666666667,2.07,1.78,2.01
12448,3,16,6,2008,26.8625,1.66,1.45,1.62
12449,3,17,6,2008,28.265,1.79,1.46,1.68
12450,3,18,6,2008,29.249999999999996,3.27,2.65,3.06
12451,3,19,6,2008,29.870000000000005,4.17,3.3000000000000003,3.86
12452,3,20,6,2008,30.116666666666664,4.5600000000000005,3.5700000000000003,4.25
12453,3,21,6,2008,29.845,5.43,4.39,5.15
12454,3,22,6,2008,29.965,5.07,3.99,4.74
12455,3,23,6,2008,29.852500000000003,5.8,4.36,5.29
12456,4,0,6,2008,29.153333333333336,6.68,4.5,5.82
12457,4,1,6,2008,27.375833333333333,8.24,3.6,6.6000000000000005
12458,4,2,6,2008,25.7975,9.81,4.33,7.28
12459,4,3,6,2008,24.090833333333336,9.9,3.85,6.8
12460,4,4,6,2008,23.13333333333333,9.86,3.35,5.95
12461,4,5,6,2008,22.098333333333333,9.81,3.86,6.3
12462,4,6,6,2008,21.19083333333333,8.68,3.28,5.43
12463,4,7,6,2008,20.61666666666667,8.55,3.53,5.61
12464,4,8,6,2008,20.135833333333334,8.0,3.1,5.05
12465,4,9,6,2008,19.798333333333332,7.86,3.91,5.41
12466,4,10,6,2008,20.059166666666666,6.72,3.8,5.2
12467,4,11,6,2008,20.02,5.12,3.3000000000000003,4.05
12468,4,12,6,2008,20.020833333333332,5.16,3.53,4.2700000000000005
12469,4,13,6,2008,20.5475,4.6000000000000005,3.79,4.47
12470,4,14,6,2008,21.048333333333336,5.23,4.41,5.16
12471,4,15,6,2008,24.35166666666666,5.28,4.18,4.92
12472,4,16,6,2008,26.222500000000007,5.38,4.23,4.99
12473,4,17,6,2008,28.12,5.68,4.34,5.17
12474,4,18,6,2008,29.88416666666667,7.1000000000000005,5.33,6.43
12475,4,19,6,2008,30.675833333333333,7.54,5.5200000000000005,6.74
12476,4,20,6,2008,31.58,8.8,6.33,7.83
12477,4,21,6,2008,31.85083333333334,9.97,7.19,8.89
12478,4,22,6,2008,31.706666666666667,10.48,7.16,9.1
12479,4,23,6,2008,31.785,12.42,8.41,10.75
12480,5,0,6,2008,30.667500000000004,12.58,8.290000000000001,10.72
12481,5,1,6,2008,29.17583333333333,14.47,7.53,10.88
12482,5,2,6,2008,28.254999999999995,17.53,10.39,14.09
12483,5,3,6,2008,27.230833333333337,16.25,9.68,13.06
12484,5,4,6,2008,26.438333333333333,15.18,8.59,11.82
12485,5,5,6,2008,26.017500000000002,15.66,9.15,12.47
12486,5,6,6,2008,25.518333333333334,16.31,9.56,12.92
12487,5,7,6,2008,24.969166666666666,15.85,8.99,12.38
12488,5,8,6,2008,24.148333333333337,15.14,8.45,11.66
12489,5,9,6,2008,23.67,16.94,9.8,13.27
12490,5,10,6,2008,23.25666666666667,15.69,8.98,12.27
12491,5,11,6,2008,23.18916666666667,16.5,10.22,13.56
12492,5,12,6,2008,23.840833333333332,17.35,11.22,14.63
12493,5,13,6,2008,24.890833333333333,15.7,10.72,13.61
12494,5,14,6,2008,25.573333333333338,15.02,10.45,13.17
12495,5,15,6,2008,26.367500000000003,15.23,10.53,13.31
12496,5,16,6,2008,26.9975,15.48,10.68,13.5
12497,5,17,6,2008,27.129166666666666,16.740000000000002,11.72,14.79
12498,5,18,6,2008,27.591666666666665,17.490000000000002,12.32,15.52
12499,5,19,6,2008,27.642500000000002,17.55,11.95,15.16
12500,5,20,6,2008,28.605833333333333,20.92,14.39,18.27
12501,5,21,6,2008,28.424166666666668,19.45,13.35,16.9
12502,5,22,6,2008,28.293333333333333,18.83,13.0,16.56
12503,5,23,6,2008,27.79166666666666,18.49,12.63,16.09
12504,6,0,6,2008,27.16,19.04,12.31,16.18
12505,6,1,6,2008,21.06166666666667,19.0,12.31,15.76
12506,6,2,6,2008,17.977500000000003,14.69,7.42,10.88
12507,6,3,6,2008,19.516666666666666,20.87,12.52,16.54
12508,6,4,6,2008,19.8075,20.65,13.11,17.080000000000002
12509,6,5,6,2008,19.804999999999996,11.91,5.98,8.620000000000001
12510,6,6,6,2008,20.154999999999998,16.69,9.26,12.87
12511,6,7,6,2008,19.62666666666667,14.94,8.08,11.19
12512,6,8,6,2008,18.516666666666666,14.91,7.6,10.76
12513,6,9,6,2008,17.723333333333333,15.61,8.42,11.74
12514,6,10,6,2008,17.58416666666667,14.72,7.86,11.1
12515,6,11,6,2008,18.061666666666667,15.49,8.58,11.87
12516,6,12,6,2008,18.960833333333337,14.85,9.09,12.06
12517,6,13,6,2008,18.745,13.24,9.08,11.5
12518,6,14,6,2008,18.9975,11.33,8.08,10.07
12519,6,15,6,2008,20.011666666666667,9.67,6.97,8.61
12520,6,16,6,2008,21.283333333333335,9.72,7.0600000000000005,8.68
12521,6,17,6,2008,22.4675,10.18,7.31,9.03
12522,6,18,6,2008,23.73166666666667,10.24,7.33,9.05
12523,6,19,6,2008,24.76,10.32,7.33,9.09
12524,6,20,6,2008,25.685000000000002,10.16,7.19,8.950000000000003
12525,6,21,6,2008,26.44333333333334,9.48,6.7,8.33
12526,6,22,6,2008,26.944166666666664,9.23,6.51,8.1
12527,6,23,6,2008,27.02416666666667,8.97,6.13,7.82
12528,7,0,6,2008,26.294999999999998,7.04,4.01,5.32
12529,7,1,6,2008,24.462500000000002,7.16,3.13,5.8100000000000005
12530,7,2,6,2008,23.41416666666667,10.93,4.32,7.73
12531,7,3,6,2008,22.881666666666664,11.81,4.68,8.47
12532,7,4,6,2008,22.580833333333334,12.28,5.49,8.94
12533,7,5,6,2008,22.933333333333334,12.63,5.7700000000000005,9.13
12534,7,6,6,2008,23.085000000000004,13.92,6.67,9.86
12535,7,7,6,2008,22.854166666666668,13.97,6.65,9.82
12536,7,8,6,2008,22.75916666666667,14.61,7.52,10.74
12537,7,9,6,2008,23.166666666666668,16.18,8.86,12.34
12538,7,10,6,2008,23.367500000000003,16.490000000000002,9.13,12.62
12539,7,11,6,2008,23.590833333333336,16.14,9.52,12.81
12540,7,12,6,2008,25.159999999999997,16.57,10.72,13.96
12541,7,13,6,2008,26.610833333333336,15.12,10.28,13.04
12542,7,14,6,2008,27.825833333333332,15.72,10.96,13.87
12543,7,15,6,2008,28.769166666666667,15.88,11.06,13.96
12544,7,16,6,2008,29.811666666666664,16.1,11.18,14.12
12545,7,17,6,2008,30.650833333333335,16.25,11.28,14.23
12546,7,18,6,2008,31.1975,16.37,11.3,14.3
12547,7,19,6,2008,31.610000000000003,16.9,11.67,14.77
12548,7,20,6,2008,31.80333333333333,17.27,11.99,15.24
12549,7,21,6,2008,31.63333333333333,16.65,11.42,14.55
12550,7,22,6,2008,31.5625,16.96,11.67,14.89
12551,7,23,6,2008,31.151666666666667,17.18,11.57,14.87
12552,8,0,6,2008,30.287500000000005,16.06,9.7,13.04
12553,8,1,6,2008,28.89083333333333,17.04,9.46,13.37
12554,8,2,6,2008,27.933333333333334,16.84,9.76,13.39
12555,8,3,6,2008,27.11,16.77,9.56,13.16
12556,8,4,6,2008,26.480000000000004,16.3,9.19,12.68
12557,8,5,6,2008,26.326666666666668,16.93,9.79,13.39
12558,8,6,6,2008,25.81833333333333,15.92,9.04,12.44
12559,8,7,6,2008,25.280000000000005,15.41,8.6,11.95
12560,8,8,6,2008,24.919166666666666,14.87,8.19,11.4
12561,8,9,6,2008,24.636666666666667,14.11,7.73,10.79
12562,8,10,6,2008,24.3175,15.8,9.11,12.43
12563,8,11,6,2008,24.596666666666668,17.37,10.61,14.12
12564,8,12,6,2008,25.50916666666667,18.02,11.57,15.13
12565,8,13,6,2008,26.415833333333335,15.85,11.0,13.89
12566,8,14,6,2008,27.454166666666666,16.32,11.32,14.24
12567,8,15,6,2008,28.285,15.36,10.82,13.57
12568,8,16,6,2008,29.4325,15.18,10.61,13.34
12569,8,17,6,2008,29.514166666666668,15.9,11.23,14.09
12570,8,18,6,2008,29.465833333333332,15.34,10.85,13.55
12571,8,19,6,2008,28.6975,14.16,9.91,12.44
12572,8,20,6,2008,25.50833333333333,10.95,6.71,9.2
12573,8,21,6,2008,25.873333333333335,4.86,3.99,4.73
12574,8,22,6,2008,25.4075,10.54,6.53,8.74
12575,8,23,6,2008,24.758333333333336,8.01,4.58,6.61
12576,9,0,6,2008,24.296666666666667,8.120000000000001,4.46,6.1000000000000005
12577,9,1,6,2008,23.332499999999996,8.44,4.03,6.7700000000000005
12578,9,2,6,2008,22.60166666666667,7.1400000000000015,3.09,5.89
12579,9,3,6,2008,21.803333333333338,2.4,0.95,1.95
12580,9,4,6,2008,21.1225,4.66,2.22,4.14
12581,9,5,6,2008,20.4975,3.83,1.67,3.26
12582,9,6,6,2008,19.837500000000002,2.23,2.49,2.95
12583,9,7,6,2008,19.595000000000002,4.0200000000000005,3.13,4.29
12584,9,8,6,2008,19.6525,5.36,3.54,5.37
12585,9,9,6,2008,19.27416666666667,7.88,4.54,6.8100000000000005
12586,9,10,6,2008,19.656666666666666,10.35,5.33,7.97
12587,9,11,6,2008,19.5075,10.47,5.51,8.08
12588,9,12,6,2008,19.905,8.620000000000001,4.91,7.16
12589,9,13,6,2008,21.352500000000003,5.91,4.23,5.04
12590,9,14,6,2008,22.56,6.94,5.0600000000000005,6.21
12591,9,15,6,2008,23.63416666666667,7.17,5.23,6.41
12592,9,16,6,2008,24.825000000000003,6.3900000000000015,4.74,5.75
12593,9,17,6,2008,26.13666666666667,5.53,4.12,4.97
12594,9,18,6,2008,27.0,6.67,5.04,6.0600000000000005
12595,9,19,6,2008,27.020000000000007,12.95,9.35,11.73
12596,9,20,6,2008,25.74,13.35,10.69,12.77
12597,9,21,6,2008,27.84333333333333,8.41,6.22,7.61
12598,9,22,6,2008,27.72666666666667,9.16,6.51,8.11
12599,9,23,6,2008,27.357499999999998,8.52,5.83,7.5
12600,10,0,6,2008,26.174166666666668,7.66,3.6,5.68
12601,10,1,6,2008,23.899166666666662,8.9,3.14,6.21
12602,10,2,6,2008,22.662499999999998,10.58,4.23,8.99
12603,10,3,6,2008,21.694166666666664,6.07,3.13,6.37
12604,10,4,6,2008,21.0025,2.88,1.66,2.78
12605,10,5,6,2008,20.33,2.01,1.52,1.98
12606,10,6,6,2008,19.407500000000002,2.62,2.02,3.12
12607,10,7,6,2008,18.0675,2.37,2.1,3.14
12608,10,8,6,2008,16.8925,6.44,4.39,6.51
12609,10,9,6,2008,16.549166666666668,7.51,4.46,6.74
12610,10,10,6,2008,16.53833333333333,9.15,4.97,7.92
12611,10,11,6,2008,16.70416666666667,12.91,6.22,9.41
12612,10,12,6,2008,18.665,12.4,6.48,9.02
12613,10,13,6,2008,20.095000000000002,10.01,6.05,7.54
12614,10,14,6,2008,21.74166666666667,8.48,6.24,7.62
12615,10,15,6,2008,23.30666666666667,8.78,6.3900000000000015,7.85
12616,10,16,6,2008,24.86666666666667,9.69,6.96,8.6
12617,10,17,6,2008,26.31916666666667,10.45,7.5,9.28
12618,10,18,6,2008,27.329166666666666,11.3,8.14,10.07
12619,10,19,6,2008,28.07583333333334,12.56,8.91,11.14
12620,10,20,6,2008,28.620833333333334,13.32,9.32,11.72
12621,10,21,6,2008,28.81916666666667,13.16,9.14,11.53
12622,10,22,6,2008,28.516666666666666,14.44,10.06,12.75
12623,10,23,6,2008,27.869999999999994,14.07,9.41,12.1
12624,11,0,6,2008,26.45583333333334,14.66,7.69,10.8
12625,11,1,6,2008,24.528333333333336,13.76,7.03,10.35
12626,11,2,6,2008,23.919166666666666,15.44,7.91,11.39
12627,11,3,6,2008,23.064999999999998,14.65,7.99,11.05
12628,11,4,6,2008,22.93166666666667,15.7,8.81,12.07
12629,11,5,6,2008,22.853333333333335,16.68,9.47,13.02
12630,11,6,6,2008,22.50916666666667,15.29,9.23,12.41
12631,11,7,6,2008,22.39,14.75,9.2,12.23
12632,11,8,6,2008,22.330000000000002,16.48,10.2,13.5
12633,11,9,6,2008,23.355,20.0,12.5,16.580000000000002
12634,11,10,6,2008,22.136666666666667,15.06,8.91,11.89
12635,11,11,6,2008,22.260833333333334,18.79,11.61,15.39
12636,11,12,6,2008,23.173333333333332,18.45,11.63,15.2
12637,11,13,6,2008,23.644166666666667,19.35,12.53,16.29
12638,11,14,6,2008,23.13333333333333,20.3,13.54,17.400000000000002
12639,11,15,6,2008,24.134999999999994,17.5,11.95,15.05
12640,11,16,6,2008,25.763333333333332,17.98,12.57,15.81
12641,11,17,6,2008,27.524999999999995,18.99,13.29,16.73
12642,11,18,6,2008,28.81083333333333,19.24,13.38,16.91
12643,11,19,6,2008,29.665833333333335,18.74,13.08,16.47
12644,11,20,6,2008,30.26833333333333,18.78,13.19,16.580000000000002
12645,11,21,6,2008,30.826666666666664,18.35,12.73,16.07
12646,11,22,6,2008,30.694166666666664,18.22,12.59,16.02
12647,11,23,6,2008,30.259999999999994,18.11,12.43,15.83
12648,12,0,6,2008,29.14583333333333,15.05,9.87,12.81
12649,12,1,6,2008,27.58666666666667,15.31,8.39,11.77
12650,12,2,6,2008,26.742499999999996,16.62,9.24,12.82
12651,12,3,6,2008,25.832500000000007,15.29,8.08,11.47
12652,12,4,6,2008,25.19,14.8,7.91,11.18
12653,12,5,6,2008,24.709999999999997,14.33,7.45,10.6
12654,12,6,6,2008,23.150000000000002,13.6,6.65,9.85
12655,12,7,6,2008,19.655,8.4,4.26,6.12
12656,12,8,6,2008,18.8075,7.34,3.79,5.3
12657,12,9,6,2008,19.003333333333334,6.11,4.51,5.53
12658,12,10,6,2008,18.994999999999994,6.7700000000000005,4.9,6.08
12659,12,11,6,2008,18.82083333333333,7.0600000000000005,5.08,6.3100000000000005
12660,12,12,6,2008,18.549166666666665,5.57,4.25,5.14
12661,12,13,6,2008,18.6375,4.1,3.31,3.92
12662,12,14,6,2008,20.25583333333333,2.19,1.97,2.22
12663,12,15,6,2008,22.015,1.58,1.5,1.64
12664,12,16,6,2008,23.531666666666666,0.95,1.14,1.15
12665,12,17,6,2008,24.914166666666663,3.21,2.84,3.21
12666,12,18,6,2008,25.65416666666667,4.38,3.65,4.22
12667,12,19,6,2008,26.50916666666667,3.02,2.45,2.85
12668,12,20,6,2008,27.205,2.58,2.2,2.51
12669,12,21,6,2008,27.937500000000004,2.31,1.85,2.14
12670,12,22,6,2008,28.4025,3.61,3.0700000000000003,3.52
12671,12,23,6,2008,28.51166666666667,4.39,3.4,4.0600000000000005
12672,13,0,6,2008,28.176666666666666,4.95,3.31,4.14
12673,13,1,6,2008,26.22916666666666,7.58,3.63,6.08
12674,13,2,6,2008,24.03583333333334,8.74,3.75,7.07
12675,13,3,6,2008,21.81416666666667,5.66,2.32,4.92
12676,13,4,6,2008,21.150833333333335,3.93,0.97,2.29
12677,13,5,6,2008,20.006666666666664,3.35,2.3000000000000003,3.83
12678,13,6,6,2008,19.8175,3.83,3.12,4.9
12679,13,7,6,2008,19.080833333333334,2.37,3.02,4.48
12680,13,8,6,2008,19.020833333333332,2.19,2.47,2.91
12681,13,9,6,2008,18.64666666666667,2.3000000000000003,2.69,2.97
12682,13,10,6,2008,18.87333333333333,5.98,4.18,5.51
12683,13,11,6,2008,18.981666666666666,6.23,4.41,5.55
12684,13,12,6,2008,19.6375,3.3200000000000003,1.67,2.11
12685,13,13,6,2008,21.284166666666664,2.85,2.26,2.65
12686,13,14,6,2008,22.255833333333328,2.79,2.13,2.52
12687,13,15,6,2008,23.534999999999997,4.07,3.23,3.79
12688,13,16,6,2008,24.485833333333332,3.24,2.57,3.0
12689,13,17,6,2008,25.394166666666663,2.99,2.41,2.79
12690,13,18,6,2008,26.139166666666664,3.14,2.54,2.94
12691,13,19,6,2008,26.712499999999995,3.88,2.96,3.52
12692,13,20,6,2008,27.23833333333333,4.95,3.77,4.49
12693,13,21,6,2008,27.66,6.2,4.58,5.55
12694,13,22,6,2008,27.580833333333334,7.28,5.29,6.5
12695,13,23,6,2008,27.26,7.52,5.28,6.6000000000000005
12696,14,0,6,2008,26.168333333333333,7.43,4.18,5.68
12697,14,1,6,2008,23.89166666666667,7.12,2.02,4.82
12698,14,2,6,2008,22.370833333333334,7.0,1.77,4.39
12699,14,3,6,2008,21.939166666666665,3.76,1.71,3.02
12700,14,4,6,2008,21.14916666666667,4.75,2.69,4.36
12701,14,5,6,2008,20.458333333333332,5.0600000000000005,3.25,5.01
12702,14,6,6,2008,19.805833333333332,6.2700000000000005,4.26,6.65
12703,14,7,6,2008,19.104166666666668,7.9300000000000015,4.76,7.62
12704,14,8,6,2008,18.359166666666667,10.85,5.69,8.9
12705,14,9,6,2008,17.390833333333337,12.15,6.12,9.28
12706,14,10,6,2008,17.573333333333334,12.8,6.07,9.64
12707,14,11,6,2008,18.105833333333333,12.82,6.3900000000000015,9.67
12708,14,12,6,2008,19.702500000000004,11.63,6.2,8.72
12709,14,13,6,2008,21.445000000000004,8.72,5.61,6.78
12710,14,14,6,2008,22.8325,8.36,6.19,7.54
12711,14,15,6,2008,24.42,9.05,6.58,8.08
12712,14,16,6,2008,26.05,9.39,6.79,8.35
12713,14,17,6,2008,27.569999999999997,9.91,7.1000000000000005,8.76
12714,14,18,6,2008,28.587499999999995,10.16,7.27,8.96
12715,14,19,6,2008,29.521666666666672,10.63,7.58,9.41
12716,14,20,6,2008,30.278333333333332,10.31,7.3900000000000015,9.16
12717,14,21,6,2008,30.76166666666667,10.28,7.24,9.04
12718,14,22,6,2008,30.93083333333333,10.22,7.19,8.99
12719,14,23,6,2008,30.757500000000004,9.39,6.45,8.2
12720,15,0,6,2008,29.310000000000002,11.12,4.49,7.73
12721,15,1,6,2008,26.659999999999997,12.88,5.5200000000000005,9.16
12722,15,2,6,2008,25.8175,14.26,6.5,10.23
12723,15,3,6,2008,25.24416666666666,14.15,6.94,10.35
12724,15,4,6,2008,23.973333333333333,14.96,7.86,11.32
12725,15,5,6,2008,23.584999999999997,15.3,8.01,11.46
12726,15,6,6,2008,23.074166666666667,15.39,8.05,11.52
12727,15,7,6,2008,22.69666666666667,15.91,8.52,11.95
12728,15,8,6,2008,22.210833333333337,15.95,8.52,11.98
12729,15,9,6,2008,21.53916666666667,15.1,7.79,11.04
12730,15,10,6,2008,21.509166666666673,15.44,8.33,11.6
12731,15,11,6,2008,21.574166666666667,14.76,7.95,11.08
12732,15,12,6,2008,22.811666666666664,12.84,8.05,10.52
12733,15,13,6,2008,24.028333333333336,9.92,7.05,8.700000000000001
12734,15,14,6,2008,25.53833333333333,6.82,5.0200000000000005,6.1400000000000015
12735,15,15,6,2008,27.363333333333333,6.5200000000000005,4.83,5.87
12736,15,16,6,2008,29.060000000000002,6.17,4.61,5.57
12737,15,17,6,2008,30.460833333333337,5.28,3.96,4.75
12738,15,18,6,2008,31.49333333333333,5.63,4.23,5.07
12739,15,19,6,2008,32.067499999999995,5.59,4.25,5.09
12740,15,20,6,2008,29.99833333333334,12.26,9.2,11.1
12741,15,21,6,2008,27.92583333333334,11.38,8.72,10.52
12742,15,22,6,2008,27.179166666666664,13.85,10.06,12.52
12743,15,23,6,2008,24.402500000000003,12.5,9.14,11.26
12744,16,0,6,2008,22.560833333333335,10.28,7.22,9.07
12745,16,1,6,2008,21.411666666666665,6.91,4.58,5.8100000000000005
12746,16,2,6,2008,21.276666666666667,5.98,3.95,5.2
12747,16,3,6,2008,20.60333333333333,2.83,1.54,2.86
12748,16,4,6,2008,19.571666666666665,5.21,3.0,4.94
12749,16,5,6,2008,18.696666666666665,6.01,2.69,4.95
12750,16,6,6,2008,18.2525,8.67,4.2700000000000005,6.83
12751,16,7,6,2008,17.7525,10.24,4.53,7.35
12752,16,8,6,2008,17.784166666666668,10.51,4.49,7.44
12753,16,9,6,2008,17.51416666666667,9.51,3.67,6.7
12754,16,10,6,2008,17.7175,10.17,5.12,7.41
12755,16,11,6,2008,16.993333333333332,9.67,3.38,6.67
12756,16,12,6,2008,17.64,7.88,4.74,5.86
12757,16,13,6,2008,18.01,7.11,5.28,6.42
12758,16,14,6,2008,19.278333333333332,7.05,5.4,6.48
12759,16,15,6,2008,20.6775,7.38,5.63,6.78
12760,16,16,6,2008,21.699166666666667,6.8,5.23,6.26
12761,16,17,6,2008,22.66916666666667,6.65,5.09,6.09
12762,16,18,6,2008,23.625000000000004,4.97,3.89,4.59
12763,16,19,6,2008,24.01166666666666,5.45,4.25,5.04
12764,16,20,6,2008,24.345,4.95,3.87,4.5600000000000005
12765,16,21,6,2008,24.6425,3.84,3.0700000000000003,3.59
12766,16,22,6,2008,24.67083333333333,4.21,3.26,3.85
12767,16,23,6,2008,24.534166666666664,3.36,2.73,3.19
12768,17,0,6,2008,23.94333333333333,3.72,2.31,2.94
12769,17,1,6,2008,22.004999999999995,6.23,2.73,5.22
12770,17,2,6,2008,19.995,5.38,2.41,5.0
12771,17,3,6,2008,19.22083333333333,5.3500000000000005,1.39,3.63
12772,17,4,6,2008,18.208333333333332,4.97,1.38,3.34
12773,17,5,6,2008,17.71166666666667,5.14,0.68,2.37
12774,17,6,6,2008,17.163333333333338,4.3,1.14,2.61
12775,17,7,6,2008,16.255000000000003,4.24,1.11,2.56
12776,17,8,6,2008,15.610000000000001,3.36,0.75,1.94
12777,17,9,6,2008,15.098333333333331,3.33,0.62,1.79
12778,17,10,6,2008,14.746666666666668,3.2,0.61,1.76
12779,17,11,6,2008,14.571666666666665,3.39,0.9,1.98
12780,17,12,6,2008,16.493333333333336,3.28,1.14,1.81
12781,17,13,6,2008,18.7775,2.05,1.51,1.81
12782,17,14,6,2008,20.656666666666666,2.82,2.19,2.59
12783,17,15,6,2008,21.863333333333333,3.28,2.63,3.0700000000000003
12784,17,16,6,2008,22.82916666666667,2.94,2.42,2.8000000000000003
12785,17,17,6,2008,23.695833333333336,2.67,2.25,2.56
12786,17,18,6,2008,24.4375,2.36,2.0,2.27
12787,17,19,6,2008,25.134999999999994,2.05,1.77,1.99
12788,17,20,6,2008,25.763333333333332,2.58,2.13,2.45
12789,17,21,6,2008,26.1275,2.45,2.05,2.34
12790,17,22,6,2008,26.349999999999998,2.71,2.19,2.5500000000000003
12791,17,23,6,2008,26.28166666666667,3.06,2.47,2.89
12792,18,0,6,2008,25.820000000000004,3.63,2.82,3.4
12793,18,1,6,2008,24.100000000000005,4.33,2.15,3.76
12794,18,2,6,2008,22.115,5.28,2.72,5.15
12795,18,3,6,2008,21.50666666666667,5.01,2.95,5.26
12796,18,4,6,2008,20.791666666666668,5.45,3.22,5.22
12797,18,5,6,2008,19.95,6.3,3.93,6.1000000000000005
12798,18,6,6,2008,19.528333333333332,6.53,3.77,6.03
12799,18,7,6,2008,19.589166666666667,6.21,3.62,5.89
12800,18,8,6,2008,18.824166666666667,5.8100000000000005,3.11,5.46
12801,18,9,6,2008,18.396666666666665,5.76,3.26,5.32
12802,18,10,6,2008,17.755,6.01,3.38,5.45
12803,18,11,6,2008,17.80666666666667,5.23,2.93,4.89
12804,18,12,6,2008,18.80666666666667,3.36,1.75,2.3000000000000003
12805,18,13,6,2008,20.961666666666662,2.56,1.75,2.07
12806,18,14,6,2008,22.39916666666667,0.48,0.68,0.64
12807,18,15,6,2008,23.648333333333337,1.72,1.56,1.72
12808,18,16,6,2008,24.720000000000002,2.57,2.14,2.45
12809,18,17,6,2008,25.647500000000004,2.79,2.3000000000000003,2.65
12810,18,18,6,2008,26.364166666666666,2.46,2.05,2.34
12811,18,19,6,2008,26.999166666666667,2.46,2.11,2.39
12812,18,20,6,2008,27.346666666666668,2.92,2.42,2.79
12813,18,21,6,2008,27.72083333333333,2.62,2.06,2.39
12814,18,22,6,2008,27.837500000000002,2.96,2.45,2.82
12815,18,23,6,2008,27.939166666666665,3.58,2.82,3.36
12816,19,0,6,2008,27.477500000000003,5.09,3.28,4.28
12817,19,1,6,2008,26.03916666666667,4.63,2.79,4.24
12818,19,2,6,2008,24.060833333333335,4.8500000000000005,2.7,4.4
12819,19,3,6,2008,23.988333333333333,7.05,4.05,6.62
12820,19,4,6,2008,23.540833333333328,8.35,4.01,6.79
12821,19,5,6,2008,23.614166666666662,8.99,4.7700000000000005,7.0
12822,19,6,6,2008,23.179166666666664,8.33,3.83,5.98
12823,19,7,6,2008,18.984166666666663,16.39,11.38,14.47
12824,19,8,6,2008,17.199166666666667,11.61,6.45,9.27
12825,19,9,6,2008,17.050833333333333,9.76,4.49,6.21
12826,19,10,6,2008,17.01666666666667,9.77,5.08,7.44
12827,19,11,6,2008,17.84,8.81,6.15,7.8900000000000015
12828,19,12,6,2008,18.814166666666665,8.81,4.93,6.72
12829,19,13,6,2008,19.99916666666667,8.34,5.37,6.79
12830,19,14,6,2008,21.9225,7.88,5.6000000000000005,6.74
12831,19,15,6,2008,21.955000000000002,11.47,7.4,9.62
12832,19,16,6,2008,19.36916666666667,10.34,7.0200000000000005,8.78
12833,19,17,6,2008,21.475000000000005,8.58,6.63,7.98
12834,19,18,6,2008,23.120000000000005,5.39,4.18,5.0
12835,19,19,6,2008,24.649999999999995,4.43,3.34,4.01
12836,19,20,6,2008,25.416666666666668,5.62,4.3,5.17
12837,19,21,6,2008,25.33,5.88,4.54,5.43
12838,19,22,6,2008,25.680833333333336,3.65,2.91,3.42
12839,19,23,6,2008,25.976666666666663,3.11,2.36,2.82
12840,20,0,6,2008,25.995833333333334,3.41,1.94,2.96
12841,20,1,6,2008,20.470000000000002,14.98,9.65,12.64
12842,20,2,6,2008,19.235,11.1,6.86,9.03
12843,20,3,6,2008,18.501666666666665,10.03,3.85,6.42
12844,20,4,6,2008,18.147499999999997,9.51,6.05,7.84
12845,20,5,6,2008,18.0,7.9,5.3500000000000005,6.92
12846,20,6,6,2008,18.41,7.46,4.82,6.2700000000000005
12847,20,7,6,2008,18.050833333333333,6.3500000000000005,3.6,5.0200000000000005
12848,20,8,6,2008,17.455000000000002,5.91,3.79,5.07
12849,20,9,6,2008,16.537499999999998,3.95,1.8,3.14
12850,20,10,6,2008,16.310000000000002,5.78,3.0500000000000003,4.42
12851,20,11,6,2008,16.551666666666666,6.34,3.25,4.89
12852,20,12,6,2008,17.834166666666665,5.51,3.45,4.04
12853,20,13,6,2008,19.16333333333333,4.01,3.08,3.67
12854,20,14,6,2008,20.525833333333335,3.97,3.12,3.69
12855,20,15,6,2008,22.05916666666667,3.51,2.71,3.23
12856,20,16,6,2008,23.8425,4.03,3.09,3.68
12857,20,17,6,2008,25.333333333333332,4.07,3.16,3.76
12858,20,18,6,2008,26.423333333333336,4.74,3.63,4.34
12859,20,19,6,2008,27.277500000000003,4.44,3.4,4.07
12860,20,20,6,2008,27.894166666666663,4.36,3.37,4.01
12861,20,21,6,2008,28.2525,3.7,2.91,3.44
12862,20,22,6,2008,28.351666666666663,4.26,2.76,4.03
12863,20,23,6,2008,27.14083333333333,13.8,8.85,11.4
12864,21,0,6,2008,20.665833333333335,13.53,9.55,11.87
12865,21,1,6,2008,22.22083333333333,3.92,3.3000000000000003,3.87
12866,21,2,6,2008,21.873333333333335,3.15,3.0500000000000003,3.67
12867,21,3,6,2008,21.566666666666663,3.29,2.13,3.26
12868,21,4,6,2008,20.672500000000003,2.99,0.9,1.86
12869,21,5,6,2008,19.091666666666665,8.02,5.01,7.18
12870,21,6,6,2008,19.289166666666663,4.68,2.78,4.48
12871,21,7,6,2008,18.386666666666667,4.13,3.2,4.67
12872,21,8,6,2008,18.483333333333334,3.09,2.04,3.0
12873,21,9,6,2008,17.339166666666664,5.62,3.6,5.8500000000000005
12874,21,10,6,2008,17.15666666666667,5.33,3.42,5.78
12875,21,11,6,2008,17.425,5.8100000000000005,3.42,5.8
12876,21,12,6,2008,17.978333333333335,5.8500000000000005,2.85,4.38
12877,21,13,6,2008,19.8425,4.7,2.79,3.25
12878,21,14,6,2008,21.879166666666666,3.82,2.92,3.48
12879,21,15,6,2008,24.000833333333333,4.47,3.36,4.05
12880,21,16,6,2008,25.978333333333335,5.37,4.0200000000000005,4.86
12881,21,17,6,2008,27.070833333333336,5.73,4.32,5.21
12882,21,18,6,2008,27.673333333333332,5.7700000000000005,4.39,5.28
12883,21,19,6,2008,28.086666666666662,5.44,4.2700000000000005,5.08
12884,21,20,6,2008,28.436666666666667,5.51,4.25,5.09
12885,21,21,6,2008,28.654999999999998,4.78,3.68,4.39
12886,21,22,6,2008,28.613333333333333,3.75,2.95,3.48
12887,21,23,6,2008,28.620833333333337,1.85,1.51,1.75
12888,22,0,6,2008,27.84,1.79,1.28,1.6
12889,22,1,6,2008,24.96083333333333,7.83,5.57,7.48
12890,22,2,6,2008,22.8025,4.63,2.54,4.46
12891,22,3,6,2008,22.105833333333333,14.4,8.09,11.18
12892,22,4,6,2008,20.556666666666665,13.58,7.85,10.72
12893,22,5,6,2008,17.7625,8.35,3.66,6.22
12894,22,6,6,2008,17.305833333333336,5.87,1.81,4.74
12895,22,7,6,2008,17.520833333333332,4.44,1.35,3.86
12896,22,8,6,2008,18.215,3.79,2.13,3.33
12897,22,9,6,2008,18.260833333333334,3.77,3.65,4.8100000000000005
12898,22,10,6,2008,17.142500000000002,4.82,4.15,5.88
12899,22,11,6,2008,17.309166666666666,4.51,3.92,5.5200000000000005
12900,22,12,6,2008,17.42,3.85,2.34,3.62
12901,22,13,6,2008,19.013333333333332,2.5,2.08,2.4
12902,22,14,6,2008,21.675,2.95,2.4,2.8000000000000003
12903,22,15,6,2008,23.75,3.36,2.67,3.13
12904,22,16,6,2008,25.2,3.62,2.79,3.31
12905,22,17,6,2008,26.198333333333334,4.28,3.35,3.97
12906,22,18,6,2008,26.819999999999997,4.71,3.67,4.36
12907,22,19,6,2008,27.24,4.32,3.43,4.04
12908,22,20,6,2008,27.670833333333334,4.15,3.26,3.83
12909,22,21,6,2008,27.861666666666668,4.16,3.26,3.85
12910,22,22,6,2008,27.865000000000006,3.92,3.04,3.61
12911,22,23,6,2008,27.673333333333336,4.65,3.59,4.29
12912,23,0,6,2008,26.888333333333335,5.16,3.3200000000000003,4.18
12913,23,1,6,2008,24.64,7.82,2.82,5.95
12914,23,2,6,2008,22.354166666666668,8.97,2.79,6.2700000000000005
12915,23,3,6,2008,20.68,10.25,2.03,6.1400000000000015
12916,23,4,6,2008,19.772500000000004,10.23,1.54,5.34
12917,23,5,6,2008,19.331666666666667,10.54,2.21,6.6400000000000015
12918,23,6,6,2008,17.885,9.62,2.14,5.58
12919,23,7,6,2008,17.497500000000002,9.06,2.21,5.78
12920,23,8,6,2008,16.825,8.75,2.48,6.0600000000000005
12921,23,9,6,2008,16.294166666666666,8.36,2.5,5.98
12922,23,10,6,2008,15.475,8.23,2.67,6.16
12923,23,11,6,2008,15.283333333333333,7.94,1.97,5.13
12924,23,12,6,2008,16.999166666666664,6.6000000000000005,2.93,3.84
12925,23,13,6,2008,18.731666666666666,6.0,3.71,4.3500000000000005
12926,23,14,6,2008,21.055,5.11,3.94,4.7
12927,23,15,6,2008,23.1875,5.47,4.2,5.0200000000000005
12928,23,16,6,2008,24.615,6.15,4.68,5.63
12929,23,17,6,2008,25.535,5.93,4.55,5.45
12930,23,18,6,2008,26.349999999999998,5.33,4.11,4.9
12931,23,19,6,2008,27.037499999999998,3.96,3.13,3.67
12932,23,20,6,2008,27.548333333333332,4.14,3.43,3.96
12933,23,21,6,2008,27.763333333333335,5.39,4.32,5.08
12934,23,22,6,2008,27.83583333333333,5.59,4.34,5.21
12935,23,23,6,2008,27.324166666666667,6.38,4.57,6.13
12936,24,0,6,2008,23.605,7.17,4.75,6.58
12937,24,1,6,2008,19.551666666666666,9.78,5.54,7.91
12938,24,2,6,2008,18.629166666666666,9.89,3.5500000000000003,6.29
12939,24,3,6,2008,19.511666666666667,9.9,3.23,7.65
12940,24,4,6,2008,20.532500000000002,11.25,3.98,8.13
12941,24,5,6,2008,20.96,12.78,5.0200000000000005,8.78
12942,24,6,6,2008,20.015833333333333,13.29,6.28,9.5
12943,24,7,6,2008,19.325,14.88,8.52,11.77
12944,24,8,6,2008,18.815,13.38,7.24,10.25
12945,24,9,6,2008,18.8725,9.86,5.16,7.44
12946,24,10,6,2008,18.367500000000003,7.15,3.62,4.82
12947,24,11,6,2008,17.97083333333333,6.0200000000000005,3.46,4.91
12948,24,12,6,2008,18.3475,6.0,3.16,4.08
12949,24,13,6,2008,20.327500000000004,6.21,4.7700000000000005,5.72
12950,24,14,6,2008,21.961666666666662,6.25,4.79,5.76
12951,24,15,6,2008,24.048333333333336,6.63,4.91,5.96
12952,24,16,6,2008,25.742500000000003,6.6000000000000005,4.91,5.96
12953,24,17,6,2008,26.799999999999997,6.41,4.72,5.76
12954,24,18,6,2008,27.0825,9.05,6.75,8.3
12955,24,19,6,2008,25.521666666666665,7.28,5.3500000000000005,6.5200000000000005
12956,24,20,6,2008,27.711666666666662,7.81,5.73,7.03
12957,24,21,6,2008,29.2775,7.54,5.36,6.6400000000000015
12958,24,22,6,2008,29.12666666666667,6.45,4.73,5.7700000000000005
12959,24,23,6,2008,29.299999999999994,4.83,3.76,4.58
12960,25,0,6,2008,24.534999999999997,17.78,12.34,16.05
12961,25,1,6,2008,23.640833333333333,9.06,4.89,6.8900000000000015
12962,25,2,6,2008,24.130000000000006,6.09,4.78,5.84
12963,25,3,6,2008,22.389999999999997,9.41,4.17,6.95
12964,25,4,6,2008,21.85083333333333,10.95,5.09,8.57
12965,25,5,6,2008,21.8125,11.36,4.96,8.26
12966,25,6,6,2008,21.935,12.54,5.36,8.78
12967,25,7,6,2008,21.485833333333332,12.56,5.46,8.77
12968,25,8,6,2008,20.526666666666667,11.29,4.07,6.82
12969,25,9,6,2008,20.824166666666667,13.14,4.7700000000000005,8.34
12970,25,10,6,2008,20.717499999999998,12.63,5.58,8.81
12971,25,11,6,2008,21.450833333333332,12.56,6.3,9.27
12972,25,12,6,2008,23.311666666666664,12.59,6.71,9.38
12973,25,13,6,2008,24.8025,9.52,6.53,8.01
12974,25,14,6,2008,26.510833333333334,8.78,6.42,7.91
12975,25,15,6,2008,28.11916666666667,9.22,6.67,8.25
12976,25,16,6,2008,29.445833333333336,9.08,6.58,8.15
12977,25,17,6,2008,30.719166666666666,6.23,4.51,5.54
12978,25,18,6,2008,31.855833333333337,6.37,4.66,5.69
12979,25,19,6,2008,32.89916666666667,6.78,5.0,6.1000000000000005
12980,25,20,6,2008,33.48916666666667,6.82,5.05,6.16
12981,25,21,6,2008,34.0375,6.8900000000000015,5.01,6.16
12982,25,22,6,2008,34.39166666666667,6.58,4.71,5.84
12983,25,23,6,2008,34.276666666666664,7.1000000000000005,4.92,6.2700000000000005
12984,26,0,6,2008,33.27333333333333,7.24,4.3500000000000005,5.93
12985,26,1,6,2008,30.478333333333328,11.31,4.01,7.69
12986,26,2,6,2008,29.110833333333336,12.99,5.2700000000000005,8.89
12987,26,3,6,2008,28.647499999999997,13.78,6.04,9.69
12988,26,4,6,2008,27.725833333333338,13.82,6.05,9.54
12989,26,5,6,2008,27.228333333333335,14.49,6.9,10.35
12990,26,6,6,2008,26.700833333333335,14.45,6.84,10.25
12991,26,7,6,2008,25.765,14.12,6.3900000000000015,9.84
12992,26,8,6,2008,25.07416666666667,14.07,6.51,9.91
12993,26,9,6,2008,24.301666666666666,13.87,6.03,9.31
12994,26,10,6,2008,24.105,14.31,5.98,9.54
12995,26,11,6,2008,23.935,13.87,6.29,9.32
12996,26,12,6,2008,25.4575,13.38,7.62,10.14
12997,26,13,6,2008,26.64,10.09,6.92,8.51
12998,26,14,6,2008,28.39916666666667,8.69,6.41,7.86
12999,26,15,6,2008,30.043333333333337,7.78,5.75,7.04
13000,26,16,6,2008,31.204166666666666,7.58,5.59,6.84
13001,26,17,6,2008,32.18,7.37,5.45,6.65
13002,26,18,6,2008,32.92666666666667,7.11,5.25,6.41
13003,26,19,6,2008,33.669166666666676,7.72,5.72,6.98
13004,26,20,6,2008,34.097500000000004,8.23,5.99,7.38
13005,26,21,6,2008,34.32416666666667,8.84,6.34,7.86
13006,26,22,6,2008,34.262499999999996,9.29,6.6000000000000005,8.27
13007,26,23,6,2008,34.104166666666664,9.7,6.61,8.48
13008,27,0,6,2008,32.97083333333333,11.43,6.01,8.41
13009,27,1,6,2008,30.74166666666667,12.66,5.65,8.88
13010,27,2,6,2008,29.2,13.19,6.25,9.46
13011,27,3,6,2008,28.740000000000006,14.87,7.91,11.26
13012,27,4,6,2008,28.185,15.05,7.88,11.3
13013,27,5,6,2008,27.465000000000003,14.31,7.36,10.56
13014,27,6,6,2008,26.72333333333334,14.61,7.81,11.03
13015,27,7,6,2008,26.438333333333336,14.61,7.3900000000000015,10.7
13016,27,8,6,2008,26.187500000000004,14.53,7.37,10.56
13017,27,9,6,2008,24.061666666666667,8.56,4.49,6.68
13018,27,10,6,2008,20.993333333333336,7.99,4.04,5.97
13019,27,11,6,2008,20.026666666666667,3.71,2.4,4.08
13020,27,12,6,2008,22.396666666666665,6.19,3.3000000000000003,3.78
13021,27,13,6,2008,25.8,6.95,4.98,6.1000000000000005
13022,27,14,6,2008,27.118333333333336,8.09,5.93,7.29
13023,27,15,6,2008,28.551666666666666,8.24,5.91,7.29
13024,27,16,6,2008,29.86333333333333,9.07,6.59,8.09
13025,27,17,6,2008,31.021666666666665,8.31,6.04,7.42
13026,27,18,6,2008,31.9675,7.5,5.46,6.68
13027,27,19,6,2008,32.79916666666666,6.51,4.78,5.82
13028,27,20,6,2008,33.64333333333333,5.68,4.24,5.11
13029,27,21,6,2008,34.13166666666667,6.26,4.59,5.59
13030,27,22,6,2008,34.38,6.83,4.93,6.08
13031,27,23,6,2008,34.28333333333333,6.55,4.49,5.58
13032,28,0,6,2008,32.06333333333333,10.45,5.89,8.49
13033,28,1,6,2008,28.41916666666667,13.65,7.61,10.51
13034,28,2,6,2008,23.74666666666667,11.86,6.8900000000000015,9.34
13035,28,3,6,2008,22.48,9.61,4.62,6.79
13036,28,4,6,2008,22.083333333333332,8.870000000000003,1.16,4.15
13037,28,5,6,2008,21.349999999999998,6.28,1.64,3.98
13038,28,6,6,2008,20.554999999999996,3.18,2.78,4.28
13039,28,7,6,2008,20.183333333333334,2.56,0.64,0.9
13040,28,8,6,2008,19.450833333333332,2.84,1.9,2.09
13041,28,9,6,2008,19.205,5.32,4.05,5.58
13042,28,10,6,2008,18.476666666666667,6.99,4.11,6.44
13043,28,11,6,2008,19.506666666666668,7.82,4.63,6.74
13044,28,12,6,2008,20.665,8.26,4.51,6.3100000000000005
13045,28,13,6,2008,22.585000000000004,6.78,4.0600000000000005,4.95
13046,28,14,6,2008,24.775000000000002,6.76,4.89,5.97
13047,28,15,6,2008,26.22666666666667,9.85,7.09,8.76
13048,28,16,6,2008,26.72083333333333,11.77,7.83,10.07
13049,28,17,6,2008,27.3775,12.44,8.84,10.98
13050,28,18,6,2008,27.3075,12.7,9.02,11.19
13051,28,19,6,2008,27.173333333333336,13.22,9.33,11.63
13052,28,20,6,2008,26.980833333333333,13.03,9.19,11.46
13053,28,21,6,2008,26.6925,12.76,8.870000000000003,11.13
13054,28,22,6,2008,26.124166666666667,14.47,10.17,12.75
13055,28,23,6,2008,25.670833333333334,13.96,9.53,12.09
13056,29,0,6,2008,24.70666666666666,12.67,8.25,10.74
13057,29,1,6,2008,22.78166666666667,12.17,6.09,8.91
13058,29,2,6,2008,21.346666666666664,13.82,6.91,10.11
13059,29,3,6,2008,21.450833333333335,13.09,5.94,9.0
13060,29,4,6,2008,21.106666666666666,13.96,7.32,10.43
13061,29,5,6,2008,20.595000000000002,13.57,6.66,9.8
13062,29,6,6,2008,19.418333333333333,11.83,5.08,8.040000000000001
13063,29,7,6,2008,18.905,13.34,6.7700000000000005,9.85
13064,29,8,6,2008,18.765833333333333,13.4,6.75,9.84
13065,29,9,6,2008,17.68583333333334,12.2,4.98,8.15
13066,29,10,6,2008,17.552500000000002,14.11,7.46,10.69
13067,29,11,6,2008,17.651666666666667,14.35,8.22,11.16
13068,29,12,6,2008,18.06416666666667,14.19,9.02,11.87
13069,29,13,6,2008,19.041666666666668,11.31,7.73,9.8
13070,29,14,6,2008,20.31416666666667,11.12,7.9,9.86
13071,29,15,6,2008,21.691666666666666,11.32,8.06,10.02
13072,29,16,6,2008,22.933333333333334,11.22,8.02,9.98
13073,29,17,6,2008,23.98,10.95,7.79,9.71
13074,29,18,6,2008,24.833333333333332,10.6,7.58,9.41
13075,29,19,6,2008,25.535,10.35,7.44,9.23
13076,29,20,6,2008,26.034166666666664,10.25,7.36,9.13
13077,29,21,6,2008,26.110833333333332,10.34,7.42,9.27
13078,29,22,6,2008,26.304166666666664,10.61,7.51,9.39
13079,29,23,6,2008,26.132499999999997,10.11,7.1400000000000015,9.04
13080,30,0,6,2008,25.340000000000003,9.87,6.82,8.73
13081,30,1,6,2008,23.254166666666666,11.81,4.25,8.47
13082,30,2,6,2008,21.81,11.95,4.32,8.77
13083,30,3,6,2008,20.968333333333334,11.62,4.36,8.55
13084,30,4,6,2008,20.055,10.42,4.03,7.65
13085,30,5,6,2008,19.218333333333337,9.97,4.08,7.59
13086,30,6,6,2008,18.43916666666667,7.43,3.49,6.29
13087,30,7,6,2008,17.90416666666667,5.68,3.02,5.89
13088,30,8,6,2008,17.42666666666667,5.32,2.67,4.95
13089,30,9,6,2008,16.614166666666666,4.62,2.87,4.96
13090,30,10,6,2008,15.771666666666668,4.0600000000000005,2.43,4.2
13091,30,11,6,2008,15.583333333333334,2.75,1.94,2.86
13092,30,12,6,2008,17.02,2.99,2.26,3.1
13093,30,13,6,2008,19.28,2.24,1.64,1.79
13094,30,14,6,2008,21.889166666666664,1.57,1.42,1.58
13095,30,15,6,2008,23.426666666666673,2.1,1.77,2.01
13096,30,16,6,2008,24.365,2.78,2.3000000000000003,2.65
13097,30,17,6,2008,25.0975,2.81,2.25,2.62
13098,30,18,6,2008,25.79416666666667,2.81,2.26,2.63
13099,30,19,6,2008,26.403333333333336,2.73,2.15,2.52
13100,30,20,6,2008,26.8875,2.86,2.36,2.72
13101,30,21,6,2008,27.279999999999998,2.33,1.86,2.17
13102,30,22,6,2008,27.456666666666663,2.66,2.25,2.58
13103,30,23,6,2008,27.34833333333333,2.69,2.26,2.61
13104,1,0,7,2008,26.87666666666667,2.25,1.87,2.2
13105,1,1,7,2008,24.704166666666666,2.22,1.36,2.38
13106,1,2,7,2008,22.629166666666666,3.94,1.86,3.49
13107,1,3,7,2008,21.703333333333333,5.48,2.78,5.13
13108,1,4,7,2008,21.105,5.91,3.53,5.79
13109,1,5,7,2008,20.680000000000003,6.8900000000000015,3.88,6.4
13110,1,6,7,2008,20.166666666666668,7.88,4.23,6.92
13111,1,7,7,2008,19.864166666666666,9.52,4.8500000000000005,7.98
13112,1,8,7,2008,18.855,9.57,4.8500000000000005,7.98
13113,1,9,7,2008,18.508333333333333,9.79,4.65,7.88
13114,1,10,7,2008,18.044999999999998,11.21,5.29,8.57
13115,1,11,7,2008,18.160833333333333,11.05,5.49,8.52
13116,1,12,7,2008,19.291666666666668,10.49,5.61,7.78
13117,1,13,7,2008,21.236666666666665,8.26,4.6000000000000005,5.63
13118,1,14,7,2008,23.745,5.9,4.47,5.4
13119,1,15,7,2008,25.786666666666665,6.62,4.95,6.03
13120,1,16,7,2008,27.204166666666666,6.8100000000000005,5.0600000000000005,6.17
13121,1,17,7,2008,28.245,7.53,5.59,6.82
13122,1,18,7,2008,29.095833333333328,7.84,5.76,7.05
13123,1,19,7,2008,29.959166666666672,7.95,5.82,7.13
13124,1,20,7,2008,30.595833333333328,8.38,6.08,7.52
13125,1,21,7,2008,30.980833333333333,9.31,6.7700000000000005,8.42
13126,1,22,7,2008,31.305833333333336,9.47,6.86,8.56
13127,1,23,7,2008,31.21083333333333,8.8,6.22,7.82
13128,2,0,7,2008,30.32083333333333,9.76,5.73,7.33
13129,2,1,7,2008,28.359166666666656,13.23,6.29,9.59
13130,2,2,7,2008,27.358333333333334,14.25,7.2,10.51
13131,2,3,7,2008,26.625,14.35,7.3,10.61
13132,2,4,7,2008,26.28833333333333,14.63,7.68,10.92
13133,2,5,7,2008,25.7375,14.82,7.57,10.82
13134,2,6,7,2008,25.44,15.23,7.56,11.03
13135,2,7,7,2008,25.41416666666667,15.34,7.43,10.9
13136,2,8,7,2008,25.546666666666667,15.23,7.28,10.82
13137,2,9,7,2008,25.25333333333333,15.91,7.92,11.51
13138,2,10,7,2008,25.099999999999998,15.88,8.05,11.55
13139,2,11,7,2008,24.611666666666665,15.0,7.7,11.1
13140,2,12,7,2008,25.38333333333333,14.15,8.82,11.58
13141,2,13,7,2008,26.775000000000002,12.91,8.2,10.84
13142,2,14,7,2008,28.375,11.11,8.07,10.0
13143,2,15,7,2008,29.64583333333334,10.57,7.69,9.56
13144,2,16,7,2008,30.946666666666662,9.01,6.61,8.120000000000001
13145,2,17,7,2008,32.24583333333333,7.29,5.37,6.5600000000000005
13146,2,18,7,2008,32.57416666666666,9.21,6.96,8.49
13147,2,19,7,2008,31.872500000000002,8.74,6.63,8.07
13148,2,20,7,2008,28.587500000000006,14.81,11.36,13.85
13149,2,21,7,2008,25.263333333333335,10.61,8.040000000000001,9.77
13150,2,22,7,2008,25.477499999999996,11.69,8.69,10.68
13151,2,23,7,2008,26.301666666666666,11.66,8.35,10.47
13152,3,0,7,2008,25.373333333333335,11.76,8.32,10.47
13153,3,1,7,2008,23.9525,11.22,6.78,9.09
13154,3,2,7,2008,23.50166666666667,9.74,5.58,8.0
13155,3,3,7,2008,22.81416666666667,6.7,4.78,6.08
13156,3,4,7,2008,22.409166666666664,4.0600000000000005,2.71,2.77
13157,3,5,7,2008,21.930833333333336,8.03,2.41,5.45
13158,3,6,7,2008,21.5475,10.97,5.19,8.040000000000001
13159,3,7,7,2008,21.305,12.44,5.63,8.68
13160,3,8,7,2008,20.145833333333332,10.87,4.97,7.79
13161,3,9,7,2008,19.14833333333333,10.85,4.89,7.83
13162,3,10,7,2008,17.953333333333333,9.81,4.89,7.32
13163,3,11,7,2008,17.205833333333334,9.46,4.51,6.8500000000000005
13164,3,12,7,2008,17.686666666666664,7.28,5.22,6.3100000000000005
13165,3,13,7,2008,18.691666666666666,6.97,5.29,6.4
13166,3,14,7,2008,20.017500000000002,6.0600000000000005,4.69,5.61
13167,3,15,7,2008,21.559166666666666,5.69,4.37,5.22
13168,3,16,7,2008,22.8725,5.3,4.0600000000000005,4.8500000000000005
13169,3,17,7,2008,23.87166666666667,4.32,3.41,4.01
13170,3,18,7,2008,24.675833333333333,4.3,3.34,3.95
13171,3,19,7,2008,25.096666666666668,3.96,3.16,3.7
13172,3,20,7,2008,25.344166666666666,4.15,3.27,3.86
13173,3,21,7,2008,25.490000000000006,3.36,2.78,3.23
13174,3,22,7,2008,26.015833333333337,3.89,2.95,3.52
13175,3,23,7,2008,26.02416666666667,4.5,3.39,4.09
13176,4,0,7,2008,25.453333333333333,4.39,3.23,4.0
13177,4,1,7,2008,23.719166666666666,5.25,2.38,4.5
13178,4,2,7,2008,22.19,5.37,2.1,3.97
13179,4,3,7,2008,21.1425,6.98,1.57,3.56
13180,4,4,7,2008,20.145833333333336,7.45,1.72,3.53
13181,4,5,7,2008,19.360833333333336,7.76,1.31,3.63
13182,4,6,7,2008,18.75583333333333,7.48,1.54,4.47
13183,4,7,7,2008,18.095,7.92,1.49,5.04
13184,4,8,7,2008,17.70916666666667,8.49,2.15,5.92
13185,4,9,7,2008,17.461666666666666,8.36,2.35,6.01
13186,4,10,7,2008,17.34166666666667,8.28,2.89,5.94
13187,4,11,7,2008,17.23,8.23,3.34,5.72
13188,4,12,7,2008,18.765833333333333,6.57,3.69,4.73
13189,4,13,7,2008,20.25916666666667,3.93,3.0500000000000003,3.59
13190,4,14,7,2008,21.205000000000002,4.54,3.7,4.32
13191,4,15,7,2008,22.051666666666666,4.98,3.93,4.66
13192,4,16,7,2008,23.603333333333328,3.78,2.94,3.48
13193,4,17,7,2008,24.605833333333337,3.5,2.84,3.3000000000000003
13194,4,18,7,2008,24.775833333333335,5.22,4.16,5.0
13195,4,19,7,2008,25.280833333333334,5.46,4.49,5.23
13196,4,20,7,2008,25.9475,5.08,3.91,4.65
13197,4,21,7,2008,26.290000000000003,5.4,4.2,5.0
13198,4,22,7,2008,26.658333333333328,4.86,3.63,4.39
13199,4,23,7,2008,26.285,7.33,5.58,6.8
13200,5,0,7,2008,25.561666666666664,7.9,5.12,6.8900000000000015
13201,5,1,7,2008,24.016666666666666,7.0600000000000005,3.26,5.76
13202,5,2,7,2008,22.681666666666672,8.63,3.46,6.6400000000000015
13203,5,3,7,2008,22.035000000000007,9.33,4.13,7.04
13204,5,4,7,2008,21.478333333333328,9.69,4.21,7.07
13205,5,5,7,2008,21.215,10.36,4.66,7.5
13206,5,6,7,2008,20.800833333333333,10.86,4.6000000000000005,7.5
13207,5,7,7,2008,20.311666666666667,11.37,4.98,7.86
13208,5,8,7,2008,19.759999999999998,11.56,5.38,8.19
13209,5,9,7,2008,19.28333333333333,11.77,5.93,8.59
13210,5,10,7,2008,18.855,11.97,6.1400000000000015,8.8
13211,5,11,7,2008,18.7225,11.78,6.55,8.68
13212,5,12,7,2008,19.52166666666667,10.66,6.6000000000000005,8.870000000000003
13213,5,13,7,2008,20.849166666666665,8.76,6.38,7.82
13214,5,14,7,2008,22.58583333333333,9.13,6.79,8.32
13215,5,15,7,2008,24.162500000000005,9.22,6.8100000000000005,8.35
13216,5,16,7,2008,25.60166666666667,9.56,7.0600000000000005,8.66
13217,5,17,7,2008,26.868333333333336,9.96,7.37,9.04
13218,5,18,7,2008,27.879166666666666,9.46,6.98,8.55
13219,5,19,7,2008,28.638333333333332,9.77,7.25,8.88
13220,5,20,7,2008,29.353333333333328,10.12,7.37,9.09
13221,5,21,7,2008,29.775833333333335,9.86,7.1400000000000015,8.85
13222,5,22,7,2008,30.000000000000004,9.92,7.05,8.82
13223,5,23,7,2008,30.080833333333334,10.05,7.05,8.92
13224,6,0,7,2008,29.661666666666672,9.87,6.87,8.72
13225,6,1,7,2008,28.256666666666664,11.29,5.44,8.39
13226,6,2,7,2008,26.71166666666667,11.69,5.32,8.26
13227,6,3,7,2008,25.953333333333333,12.68,6.24,9.29
13228,6,4,7,2008,25.38416666666667,12.87,6.28,9.39
13229,6,5,7,2008,25.038333333333327,13.67,7.03,10.17
13230,6,6,7,2008,25.072500000000005,14.49,7.8900000000000015,11.05
13231,6,7,7,2008,24.83916666666667,14.43,7.34,10.63
13232,6,8,7,2008,24.49166666666667,14.74,7.67,10.98
13233,6,9,7,2008,24.224999999999998,15.15,7.53,10.94
13234,6,10,7,2008,23.534166666666668,14.62,7.25,10.47
13235,6,11,7,2008,23.395833333333332,14.61,7.49,10.57
13236,6,12,7,2008,25.19333333333334,14.29,8.16,10.81
13237,6,13,7,2008,26.918333333333337,12.19,7.66,10.31
13238,6,14,7,2008,28.615833333333338,9.95,7.27,8.91
13239,6,15,7,2008,30.50666666666667,9.78,7.27,8.92
13240,6,16,7,2008,32.385,9.14,6.7,8.25
13241,6,17,7,2008,34.12166666666667,8.72,6.2700000000000005,7.77
13242,6,18,7,2008,35.36333333333334,9.42,6.74,8.370000000000001
13243,6,19,7,2008,36.005833333333335,9.69,6.9,8.58
13244,6,20,7,2008,36.08416666666666,10.43,7.45,9.26
13245,6,21,7,2008,36.193333333333335,9.74,6.91,8.66
13246,6,22,7,2008,35.78666666666667,11.19,7.7,9.86
13247,6,23,7,2008,34.92166666666667,11.08,7.66,9.79
13248,7,0,7,2008,33.01083333333333,11.01,5.79,8.31
13249,7,1,7,2008,30.701666666666668,12.86,5.17,8.99
13250,7,2,7,2008,29.294999999999998,13.37,5.45,9.24
13251,7,3,7,2008,28.062500000000004,14.83,6.22,9.97
13252,7,4,7,2008,27.71083333333333,15.19,6.7700000000000005,10.44
13253,7,5,7,2008,27.16333333333333,15.27,7.23,10.86
13254,7,6,7,2008,26.670833333333334,15.1,6.8,10.41
13255,7,7,7,2008,25.34166666666667,14.41,5.87,9.46
13256,7,8,7,2008,24.08583333333333,13.8,5.49,8.870000000000003
13257,7,9,7,2008,23.74916666666667,14.28,5.9,9.3
13258,7,10,7,2008,23.885000000000005,14.02,5.79,9.3
13259,7,11,7,2008,23.948333333333334,14.49,6.71,9.96
13260,7,12,7,2008,25.6675,13.05,7.3900000000000015,10.08
13261,7,13,7,2008,26.911666666666665,11.36,7.1000000000000005,9.06
13262,7,14,7,2008,28.286666666666672,9.34,6.65,8.28
13263,7,15,7,2008,30.132500000000004,9.71,6.9,8.59
13264,7,16,7,2008,31.795,9.91,7.01,8.73
13265,7,17,7,2008,32.75416666666667,10.99,7.79,9.71
13266,7,18,7,2008,33.29749999999999,11.74,8.32,10.38
13267,7,19,7,2008,33.60916666666667,11.55,8.23,10.25
13268,7,20,7,2008,33.84833333333333,12.09,8.540000000000001,10.69
13269,7,21,7,2008,33.98916666666667,12.51,8.790000000000001,11.07
13270,7,22,7,2008,33.936666666666675,12.83,8.94,11.34
13271,7,23,7,2008,33.64416666666666,13.34,8.83,11.36
13272,8,0,7,2008,32.49750000000001,13.47,8.540000000000001,11.32
13273,8,1,7,2008,29.996666666666666,15.28,9.44,12.23
13274,8,2,7,2008,26.275833333333335,5.8,3.38,5.1000000000000005
13275,8,3,7,2008,25.632499999999997,6.49,3.74,5.63
13276,8,4,7,2008,24.849166666666672,12.97,8.56,11.05
13277,8,5,7,2008,22.008333333333336,9.73,5.73,7.73
13278,8,6,7,2008,22.16916666666667,8.07,4.09,5.8
13279,8,7,7,2008,22.74083333333333,7.37,4.8,6.43
13280,8,8,7,2008,22.295,10.52,6.38,8.63
13281,8,9,7,2008,21.74416666666667,10.74,6.7,8.84
13282,8,10,7,2008,21.498333333333335,7.9,4.43,6.15
13283,8,11,7,2008,21.394166666666663,6.0600000000000005,3.74,5.04
13284,8,12,7,2008,21.719166666666666,5.24,3.09,4.01
13285,8,13,7,2008,21.755,6.98,4.2,5.28
13286,8,14,7,2008,22.022499999999997,10.27,7.47,9.28
13287,8,15,7,2008,21.843333333333334,6.69,5.09,6.13
13288,8,16,7,2008,22.787499999999998,4.29,3.51,4.13
13289,8,17,7,2008,22.388333333333335,6.29,4.96,5.91
13290,8,18,7,2008,22.69583333333333,3.0500000000000003,2.46,2.88
13291,8,19,7,2008,24.6575,3.12,2.47,2.9
13292,8,20,7,2008,26.105833333333333,1.28,1.0,1.17
13293,8,21,7,2008,26.909999999999997,1.43,1.36,1.48
13294,8,22,7,2008,27.36916666666667,1.94,1.67,1.88
13295,8,23,7,2008,25.874166666666664,7.59,6.3,7.3900000000000015
13296,9,0,7,2008,24.435833333333335,6.43,5.13,6.16
13297,9,1,7,2008,23.743333333333336,4.0,2.49,3.28
13298,9,2,7,2008,22.715833333333336,3.06,2.45,3.65
13299,9,3,7,2008,22.1425,5.04,3.11,5.0
13300,9,4,7,2008,21.069166666666664,4.3500000000000005,3.03,5.18
13301,9,5,7,2008,20.439166666666665,2.29,2.61,4.24
13302,9,6,7,2008,20.58666666666667,0.8200000000000001,1.86,1.96
13303,9,7,7,2008,20.517500000000002,1.13,1.36,1.31
13304,9,8,7,2008,20.229166666666668,1.65,0.46,0.86
13305,9,9,7,2008,19.496666666666666,1.51,0.18,0.81
13306,9,10,7,2008,19.074166666666667,1.55,0.7000000000000001,1.34
13307,9,11,7,2008,19.25333333333333,1.95,0.75,1.39
13308,9,12,7,2008,20.618333333333332,1.98,0.91,1.38
13309,9,13,7,2008,22.59166666666667,1.62,1.31,1.51
13310,9,14,7,2008,24.154999999999998,2.6,2.09,2.44
13311,9,15,7,2008,25.349166666666665,2.37,1.95,2.25
13312,9,16,7,2008,26.521666666666665,2.15,1.75,2.03
13313,9,17,7,2008,27.669999999999998,2.67,2.19,2.53
13314,9,18,7,2008,28.5525,2.48,2.05,2.36
13315,9,19,7,2008,29.334166666666672,3.13,2.5,2.93
13316,9,20,7,2008,29.98416666666667,3.17,2.5,2.95
13317,9,21,7,2008,30.40833333333333,3.5500000000000003,2.85,3.34
13318,9,22,7,2008,30.609999999999996,3.68,2.91,3.45
13319,9,23,7,2008,29.18583333333333,16.21,10.57,14.06
13320,10,0,7,2008,21.959999999999997,14.43,8.22,11.88
13321,10,1,7,2008,23.062499999999996,13.51,8.06,10.94
13322,10,2,7,2008,23.55333333333333,9.46,4.75,7.38
13323,10,3,7,2008,23.60833333333333,6.87,2.32,4.97
13324,10,4,7,2008,23.135833333333334,7.03,2.64,5.34
13325,10,5,7,2008,22.73,7.11,2.87,4.99
13326,10,6,7,2008,22.456666666666663,7.1400000000000015,2.99,5.1000000000000005
13327,10,7,7,2008,22.205,7.79,1.53,3.49
13328,10,8,7,2008,21.445000000000004,9.62,0.63,2.7
13329,10,9,7,2008,20.68,10.57,3.29,6.44
13330,10,10,7,2008,22.044166666666666,10.32,4.9,7.52
13331,10,11,7,2008,22.145,10.4,5.26,7.73
13332,10,12,7,2008,23.403333333333332,8.700000000000001,4.54,6.42
13333,10,13,7,2008,24.584999999999997,6.2700000000000005,4.61,5.64
13334,10,14,7,2008,25.209166666666665,5.18,3.91,4.71
13335,10,15,7,2008,26.00583333333333,3.38,2.64,3.12
13336,10,16,7,2008,27.158333333333335,1.61,1.22,1.45
13337,10,17,7,2008,28.4375,3.47,2.59,3.11
13338,10,18,7,2008,29.76833333333333,5.71,4.19,5.1000000000000005
13339,10,19,7,2008,30.882499999999997,6.82,4.99,6.09
13340,10,20,7,2008,31.5325,7.83,5.68,7.0
13341,10,21,7,2008,32.12916666666666,8.91,6.38,7.92
13342,10,22,7,2008,32.373333333333335,8.97,6.23,7.9
13343,10,23,7,2008,32.30666666666667,9.38,6.46,8.27
13344,11,0,7,2008,31.235,9.43,4.45,6.67
13345,11,1,7,2008,28.986666666666665,12.11,4.9,8.5
13346,11,2,7,2008,27.805833333333336,12.41,5.42,8.82
13347,11,3,7,2008,27.42083333333333,13.48,6.24,9.63
13348,11,4,7,2008,27.081666666666667,13.27,5.71,9.16
13349,11,5,7,2008,26.085000000000004,13.52,6.04,9.32
13350,11,6,7,2008,25.127499999999998,13.05,6.2700000000000005,9.43
13351,11,7,7,2008,24.893333333333334,13.93,6.66,9.88
13352,11,8,7,2008,24.392500000000002,13.74,6.53,9.68
13353,11,9,7,2008,23.63416666666667,12.69,6.05,9.01
13354,11,10,7,2008,23.117500000000003,13.01,6.48,9.45
13355,11,11,7,2008,22.921666666666667,13.01,7.44,10.1
13356,11,12,7,2008,24.396666666666665,13.1,8.05,10.69
13357,11,13,7,2008,25.79666666666667,10.75,7.6400000000000015,9.45
13358,11,14,7,2008,27.170833333333334,10.43,7.57,9.36
13359,11,15,7,2008,28.811666666666667,11.16,8.05,9.97
13360,11,16,7,2008,30.174166666666668,11.38,8.22,10.19
13361,11,17,7,2008,31.4725,12.33,8.71,10.89
13362,11,18,7,2008,32.67416666666667,12.58,8.84,11.06
13363,11,19,7,2008,33.89083333333334,12.68,8.88,11.14
13364,11,20,7,2008,34.605,12.63,8.78,11.05
13365,11,21,7,2008,34.76,12.77,8.86,11.19
13366,11,22,7,2008,34.69833333333333,13.21,9.09,11.55
13367,11,23,7,2008,34.36416666666667,12.97,8.84,11.34
13368,12,0,7,2008,32.87916666666666,11.08,6.49,8.8
13369,12,1,7,2008,30.78583333333333,13.05,5.9,9.37
13370,12,2,7,2008,29.55583333333333,13.25,6.46,9.79
13371,12,3,7,2008,28.474166666666665,13.95,6.25,9.54
13372,12,4,7,2008,27.853333333333328,14.39,6.86,10.19
13373,12,5,7,2008,27.373333333333335,13.45,8.120000000000001,10.64
13374,12,6,7,2008,26.596666666666664,8.790000000000001,2.39,4.24
13375,12,7,7,2008,25.88083333333333,12.2,3.14,7.77
13376,12,8,7,2008,24.925833333333333,12.94,4.18,8.15
13377,12,9,7,2008,23.64833333333333,15.06,5.33,8.97
13378,12,10,7,2008,22.397499999999997,11.68,4.99,8.01
13379,12,11,7,2008,21.238333333333333,12.2,6.1400000000000015,8.57
13380,12,12,7,2008,20.649166666666662,14.14,9.89,12.49
13381,12,13,7,2008,20.0425,13.85,9.8,12.31
13382,12,14,7,2008,20.70166666666667,13.06,9.39,11.69
13383,12,15,7,2008,21.194166666666668,10.2,7.46,9.18
13384,12,16,7,2008,19.584166666666665,12.07,8.17,10.54
13385,12,17,7,2008,17.643333333333334,8.69,6.62,8.09
13386,12,18,7,2008,15.39,6.42,4.73,5.87
13387,12,19,7,2008,15.988333333333335,3.88,3.0700000000000003,3.63
13388,12,20,7,2008,17.970833333333335,3.41,2.68,3.15
13389,12,21,7,2008,20.279166666666665,4.07,3.0500000000000003,3.67
13390,12,22,7,2008,21.825,4.0600000000000005,3.03,3.66
13391,12,23,7,2008,22.8,4.32,3.21,3.89
13392,13,0,7,2008,22.731666666666666,4.96,3.08,3.92
13393,13,1,7,2008,20.92833333333333,6.5600000000000005,2.9,5.4
13394,13,2,7,2008,19.8875,7.01,3.5,6.3900000000000015
13395,13,3,7,2008,18.941666666666666,8.58,3.9,6.73
13396,13,4,7,2008,17.629166666666666,9.16,3.62,6.7700000000000005
13397,13,5,7,2008,17.2775,7.56,3.0700000000000003,6.15
13398,13,6,7,2008,16.6425,5.63,3.45,4.86
13399,13,7,7,2008,15.475833333333336,5.64,4.67,6.36
13400,13,8,7,2008,14.888333333333335,7.19,5.21,7.82
13401,13,9,7,2008,14.889166666666666,8.290000000000001,5.59,8.4
13402,13,10,7,2008,14.798333333333332,8.84,5.59,8.51
13403,13,11,7,2008,14.917499999999999,9.06,5.48,8.45
13404,13,12,7,2008,15.944166666666666,9.05,5.36,7.45
13405,13,13,7,2008,18.426666666666666,8.58,4.88,6.22
13406,13,14,7,2008,21.4475,5.68,4.2,5.04
13407,13,15,7,2008,23.860833333333336,5.59,4.26,5.11
13408,13,16,7,2008,25.6675,4.6000000000000005,3.48,4.17
13409,13,17,7,2008,26.714166666666667,4.57,3.45,4.14
13410,13,18,7,2008,27.510833333333334,4.95,3.75,4.49
13411,13,19,7,2008,28.17083333333333,5.22,3.94,4.74
13412,13,20,7,2008,28.750833333333336,5.11,3.83,4.61
13413,13,21,7,2008,29.26833333333334,4.98,3.63,4.43
13414,13,22,7,2008,29.336666666666662,6.72,4.84,6.0200000000000005
13415,13,23,7,2008,29.140833333333333,5.8,4.13,5.14
13416,14,0,7,2008,27.959166666666665,4.76,2.65,3.78
13417,14,1,7,2008,25.39583333333333,3.71,1.27,2.8000000000000003
13418,14,2,7,2008,23.624166666666664,1.55,1.61,1.44
13419,14,3,7,2008,23.1975,3.16,1.92,3.0700000000000003
13420,14,4,7,2008,22.740833333333338,5.04,2.31,3.98
13421,14,5,7,2008,21.925833333333333,6.99,3.44,5.89
13422,14,6,7,2008,21.51416666666667,8.84,5.03,7.68
13423,14,7,7,2008,20.813333333333336,10.61,5.25,8.64
13424,14,8,7,2008,20.748333333333335,12.12,5.44,8.94
13425,14,9,7,2008,20.121666666666666,13.15,5.8,9.27
13426,14,10,7,2008,19.724999999999998,13.86,5.9,9.42
13427,14,11,7,2008,19.462500000000002,14.05,6.23,9.56
13428,14,12,7,2008,20.449166666666663,13.62,6.96,9.38
13429,14,13,7,2008,21.861666666666665,11.09,6.2700000000000005,8.620000000000001
13430,14,14,7,2008,23.83916666666666,8.34,6.0,7.3
13431,14,15,7,2008,25.739166666666666,7.29,5.29,6.5
13432,14,16,7,2008,27.327500000000004,6.7700000000000005,4.89,6.01
13433,14,17,7,2008,28.6525,6.61,4.8100000000000005,5.89
13434,14,18,7,2008,29.695000000000004,7.42,5.41,6.63
13435,14,19,7,2008,30.36916666666666,8.75,6.33,7.82
13436,14,20,7,2008,30.880000000000006,9.34,6.74,8.35
13437,14,21,7,2008,31.1775,9.24,6.66,8.26
13438,14,22,7,2008,31.19916666666667,9.27,6.53,8.24
13439,14,23,7,2008,30.709166666666665,10.09,6.3500000000000005,8.15
13440,15,0,7,2008,29.110833333333332,11.8,5.67,8.15
13441,15,1,7,2008,26.365,13.96,5.3,9.38
13442,15,2,7,2008,25.2375,14.75,6.29,10.24
13443,15,3,7,2008,24.56583333333333,14.66,6.58,10.39
13444,15,4,7,2008,24.058333333333337,15.01,7.16,10.88
13445,15,5,7,2008,23.315,14.96,6.87,10.6
13446,15,6,7,2008,22.882499999999997,13.68,6.19,9.5
13447,15,7,7,2008,23.393333333333334,12.96,6.36,9.37
13448,15,8,7,2008,23.02,13.35,6.47,9.66
13449,15,9,7,2008,21.924166666666668,13.85,7.05,10.21
13450,15,10,7,2008,21.249166666666664,12.98,6.62,9.63
13451,15,11,7,2008,21.3175,13.06,6.88,9.8
13452,15,12,7,2008,22.336666666666662,11.85,6.3900000000000015,8.73
13453,15,13,7,2008,24.029999999999998,10.36,6.13,7.95
13454,15,14,7,2008,25.377499999999998,5.7700000000000005,4.3,5.22
13455,15,15,7,2008,27.21416666666667,7.21,5.28,6.48
13456,15,16,7,2008,28.881666666666675,7.82,5.69,6.99
13457,15,17,7,2008,30.259999999999994,8.02,5.8500000000000005,7.18
13458,15,18,7,2008,31.290833333333328,7.78,5.65,6.94
13459,15,19,7,2008,32.1475,7.63,5.58,6.84
13460,15,20,7,2008,32.873333333333335,7.2,5.2700000000000005,6.45
13461,15,21,7,2008,33.32083333333333,7.18,5.25,6.45
13462,15,22,7,2008,33.27916666666667,8.19,5.89,7.37
13463,15,23,7,2008,32.870000000000005,9.22,6.29,8.07
13464,16,0,7,2008,31.412499999999998,9.88,5.45,7.73
13465,16,1,7,2008,28.830000000000002,12.7,5.58,9.01
13466,16,2,7,2008,27.5675,14.15,6.47,9.84
13467,16,3,7,2008,26.5575,15.01,7.07,10.66
13468,16,4,7,2008,26.028333333333332,14.85,6.74,10.33
13469,16,5,7,2008,25.30416666666667,13.91,6.4,9.75
13470,16,6,7,2008,23.034166666666668,11.91,3.94,7.46
13471,16,7,7,2008,22.43166666666667,7.88,2.06,4.39
13472,16,8,7,2008,21.595,8.02,3.65,3.81
13473,16,9,7,2008,21.5525,7.6400000000000015,6.21,7.86
13474,16,10,7,2008,21.71166666666667,4.79,2.05,3.71
13475,16,11,7,2008,21.244166666666665,4.74,2.7,4.1
13476,16,12,7,2008,22.61916666666667,6.84,4.05,4.93
13477,16,13,7,2008,24.543333333333333,6.73,4.96,6.0
13478,16,14,7,2008,25.735,6.78,5.12,6.2
13479,16,15,7,2008,27.625,7.86,5.69,7.01
13480,16,16,7,2008,29.1425,8.51,6.09,7.55
13481,16,17,7,2008,30.0175,8.55,6.21,7.6400000000000015
13482,16,18,7,2008,30.877499999999998,8.02,5.8100000000000005,7.1400000000000015
13483,16,19,7,2008,31.64833333333334,8.18,6.01,7.36
13484,16,20,7,2008,32.04416666666667,8.78,6.44,7.92
13485,16,21,7,2008,32.282500000000006,8.89,6.44,7.96
13486,16,22,7,2008,32.204166666666666,9.58,6.87,8.6
13487,16,23,7,2008,31.724999999999998,10.16,7.11,9.05
13488,17,0,7,2008,30.303333333333338,11.76,5.76,8.34
13489,17,1,7,2008,28.106666666666666,12.82,5.59,9.15
13490,17,2,7,2008,26.480833333333337,13.29,5.37,9.08
13491,17,3,7,2008,25.6575,13.94,6.1400000000000015,9.67
13492,17,4,7,2008,25.139166666666664,13.97,6.08,9.63
13493,17,5,7,2008,24.053333333333338,13.75,5.64,9.05
13494,17,6,7,2008,24.001666666666665,14.1,6.08,9.62
13495,17,7,7,2008,23.814999999999998,13.51,5.66,9.22
13496,17,8,7,2008,23.558333333333337,13.44,5.84,9.29
13497,17,9,7,2008,22.52,13.19,6.05,9.21
13498,17,10,7,2008,21.997500000000002,13.1,6.0600000000000005,9.17
13499,17,11,7,2008,21.68166666666667,12.49,5.91,8.66
13500,17,12,7,2008,23.083333333333332,11.26,6.19,8.5
13501,17,13,7,2008,24.798333333333336,9.58,5.74,7.03
13502,17,14,7,2008,26.5825,7.91,5.84,7.17
13503,17,15,7,2008,28.055000000000003,8.14,5.97,7.35
13504,17,16,7,2008,29.361666666666668,7.96,5.83,7.16
13505,17,17,7,2008,30.504166666666663,7.12,5.22,6.3900000000000015
13506,17,18,7,2008,31.430000000000003,6.8500000000000005,5.05,6.16
13507,17,19,7,2008,32.189166666666665,7.21,5.34,6.51
13508,17,20,7,2008,32.726666666666674,7.4,5.48,6.69
13509,17,21,7,2008,33.059999999999995,7.29,5.39,6.6000000000000005
13510,17,22,7,2008,33.13416666666667,7.33,5.21,6.5
13511,17,23,7,2008,32.88416666666667,8.370000000000001,5.82,7.45
13512,18,0,7,2008,31.792499999999993,9.61,5.75,7.38
13513,18,1,7,2008,29.701666666666668,11.31,4.93,8.08
13514,18,2,7,2008,28.19416666666667,11.56,4.43,7.66
13515,18,3,7,2008,27.169166666666666,12.52,5.11,8.23
13516,18,4,7,2008,26.44666666666667,13.26,5.8,9.02
13517,18,5,7,2008,25.9725,13.1,6.0,9.08
13518,18,6,7,2008,25.935000000000002,13.15,6.43,9.51
13519,18,7,7,2008,25.290000000000003,12.63,5.65,8.73
13520,18,8,7,2008,24.23,12.11,4.95,8.09
13521,18,9,7,2008,21.885,9.36,4.17,6.55
13522,18,10,7,2008,20.626666666666665,8.92,4.0600000000000005,6.09
13523,18,11,7,2008,20.51666666666667,5.41,2.29,4.42
13524,18,12,7,2008,21.801666666666666,2.99,1.54,2.61
13525,18,13,7,2008,23.93416666666667,3.27,2.46,2.95
13526,18,14,7,2008,24.18416666666667,6.55,5.7700000000000005,6.69
13527,18,15,7,2008,23.458333333333332,3.81,2.96,3.46
13528,18,16,7,2008,25.846666666666664,2.94,2.49,2.85
13529,18,17,7,2008,26.48333333333333,6.99,5.78,6.88
13530,18,18,7,2008,21.4275,9.85,7.73,9.23
13531,18,19,7,2008,21.395833333333332,3.0700000000000003,2.17,2.5500000000000003
13532,18,20,7,2008,22.707499999999996,2.76,2.23,2.6
13533,18,21,7,2008,23.45,2.76,2.45,2.77
13534,18,22,7,2008,24.561666666666667,2.88,2.58,2.9
13535,18,23,7,2008,24.879166666666663,2.77,2.44,2.74
13536,19,0,7,2008,24.948333333333334,3.43,2.63,3.17
13537,19,1,7,2008,24.3225,4.2,2.23,3.27
13538,19,2,7,2008,23.39833333333333,5.9,2.73,4.71
13539,19,3,7,2008,21.898333333333337,7.82,3.65,5.5600000000000005
13540,19,4,7,2008,21.294999999999998,8.620000000000001,4.08,6.24
13541,19,5,7,2008,21.295,9.27,4.92,7.09
13542,19,6,7,2008,21.144166666666667,8.89,3.71,5.95
13543,19,7,7,2008,21.2925,7.81,3.95,5.73
13544,19,8,7,2008,21.132499999999997,8.27,4.24,6.12
13545,19,9,7,2008,20.919999999999998,8.76,4.33,6.58
13546,19,10,7,2008,21.077499999999997,9.37,4.14,6.41
13547,19,11,7,2008,21.095000000000002,9.37,4.09,6.3
13548,19,12,7,2008,22.500833333333333,7.7,4.2,5.78
13549,19,13,7,2008,24.079166666666662,6.71,5.03,6.12
13550,19,14,7,2008,25.753333333333334,6.49,4.91,5.94
13551,19,15,7,2008,27.215000000000003,5.83,4.4,5.32
13552,19,16,7,2008,28.44333333333333,6.96,5.05,6.19
13553,19,17,7,2008,29.845000000000002,8.01,5.86,7.18
13554,19,18,7,2008,30.45416666666667,10.58,7.66,9.47
13555,19,19,7,2008,30.34333333333333,10.33,7.53,9.29
13556,19,20,7,2008,31.88416666666667,9.39,6.72,8.33
13557,19,21,7,2008,32.88166666666666,10.11,7.15,8.94
13558,19,22,7,2008,32.87416666666667,10.45,7.31,9.22
13559,19,23,7,2008,32.89666666666667,10.35,7.16,9.09
13560,20,0,7,2008,32.12666666666667,7.58,4.75,6.29
13561,20,1,7,2008,30.019166666666663,11.52,4.39,7.49
13562,20,2,7,2008,28.910833333333333,14.92,5.66,9.62
13563,20,3,7,2008,29.595833333333335,14.92,6.3100000000000005,10.04
13564,20,4,7,2008,28.590833333333332,14.24,5.84,9.52
13565,20,5,7,2008,27.804166666666664,14.13,6.41,9.92
13566,20,6,7,2008,27.39333333333333,13.94,6.34,9.72
13567,20,7,7,2008,26.823333333333334,13.42,6.71,9.82
13568,20,8,7,2008,26.245833333333334,13.35,6.9,10.03
13569,20,9,7,2008,25.631666666666664,13.16,6.53,9.55
13570,20,10,7,2008,25.1825,13.14,7.03,10.04
13571,20,11,7,2008,24.885000000000005,14.5,7.15,10.44
13572,20,12,7,2008,25.909166666666664,13.14,7.31,9.93
13573,20,13,7,2008,27.632499999999997,10.96,6.44,8.870000000000003
13574,20,14,7,2008,29.14166666666667,7.92,5.8100000000000005,7.1000000000000005
13575,20,15,7,2008,30.72583333333333,7.48,5.5600000000000005,6.79
13576,20,16,7,2008,32.31166666666667,5.29,3.92,4.75
13577,20,17,7,2008,33.23583333333333,4.41,3.4,4.05
13578,20,18,7,2008,34.26166666666667,4.58,3.48,4.17
13579,20,19,7,2008,35.3025,4.75,3.53,4.28
13580,20,20,7,2008,36.14333333333334,5.36,3.93,4.8
13581,20,21,7,2008,36.825,6.63,4.74,5.9
13582,20,22,7,2008,37.112500000000004,7.36,5.04,6.46
13583,20,23,7,2008,36.857499999999995,8.09,5.01,6.41
13584,21,0,7,2008,35.108333333333334,9.19,3.99,6.45
13585,21,1,7,2008,32.42333333333333,12.11,4.46,8.28
13586,21,2,7,2008,30.978333333333335,13.38,5.14,9.28
13587,21,3,7,2008,29.793333333333326,12.53,5.28,8.96
13588,21,4,7,2008,29.46666666666667,13.22,5.59,9.37
13589,21,5,7,2008,28.356666666666666,13.64,5.4,9.13
13590,21,6,7,2008,27.77333333333333,15.26,6.3500000000000005,10.31
13591,21,7,7,2008,27.742499999999996,15.06,6.22,10.04
13592,21,8,7,2008,26.663333333333338,14.65,5.73,9.58
13593,21,9,7,2008,26.17833333333333,14.26,5.71,9.56
13594,21,10,7,2008,25.969166666666666,14.65,6.58,10.35
13595,21,11,7,2008,25.696666666666662,14.72,6.82,10.37
13596,21,12,7,2008,26.05,13.97,6.62,9.97
13597,21,13,7,2008,27.053333333333338,6.47,3.95,4.96
13598,21,14,7,2008,29.12833333333333,3.96,2.83,3.47
13599,21,15,7,2008,30.6875,3.61,2.69,3.24
13600,21,16,7,2008,32.1175,2.56,1.89,2.27
13601,21,17,7,2008,33.373333333333335,2.44,1.78,2.15
13602,21,18,7,2008,34.58833333333334,2.53,1.83,2.22
13603,21,19,7,2008,35.665833333333325,3.09,2.23,2.71
13604,21,20,7,2008,36.3375,3.74,2.84,3.39
13605,21,21,7,2008,36.612500000000004,4.14,3.33,3.9
13606,21,22,7,2008,36.647499999999994,4.55,3.45,4.16
13607,21,23,7,2008,36.51916666666667,5.68,4.15,5.18
13608,22,0,7,2008,31.175833333333333,10.05,7.67,9.92
13609,22,1,7,2008,29.90833333333333,8.42,5.82,8.17
13610,22,2,7,2008,26.811666666666667,10.25,5.25,8.74
13611,22,3,7,2008,25.257499999999993,11.02,4.24,7.55
13612,22,4,7,2008,24.294999999999998,10.78,4.05,7.23
13613,22,5,7,2008,23.123333333333335,10.23,3.44,6.23
13614,22,6,7,2008,21.875,9.36,3.52,5.9
13615,22,7,7,2008,21.040000000000003,8.91,4.34,6.6000000000000005
13616,22,8,7,2008,20.845,9.77,4.57,6.68
13617,22,9,7,2008,20.787499999999998,9.63,3.78,6.0
13618,22,10,7,2008,20.357499999999998,8.61,4.63,6.49
13619,22,11,7,2008,19.956666666666663,10.05,6.01,8.120000000000001
13620,22,12,7,2008,20.539166666666667,11.13,6.61,8.51
13621,22,13,7,2008,22.285833333333333,12.42,7.46,9.96
13622,22,14,7,2008,22.145,12.3,7.75,10.19
13623,22,15,7,2008,22.676666666666666,11.87,8.21,10.44
13624,22,16,7,2008,24.313333333333333,8.55,6.13,7.57
13625,22,17,7,2008,25.38166666666667,3.82,3.19,3.69
13626,22,18,7,2008,26.863333333333333,1.11,0.78,0.91
13627,22,19,7,2008,28.507500000000004,1.64,1.46,1.63
13628,22,20,7,2008,29.609166666666667,2.69,2.25,2.58
13629,22,21,7,2008,30.174166666666668,2.86,2.53,2.85
13630,22,22,7,2008,30.40166666666667,3.68,3.02,3.52
13631,22,23,7,2008,30.26166666666667,3.94,3.16,3.74
13632,23,0,7,2008,29.50583333333334,5.32,3.51,4.69
13633,23,1,7,2008,27.565,7.07,2.99,5.72
13634,23,2,7,2008,25.97333333333333,10.82,3.67,6.92
13635,23,3,7,2008,25.113333333333333,10.75,3.68,6.8500000000000005
13636,23,4,7,2008,24.266666666666666,10.94,3.4,6.75
13637,23,5,7,2008,23.8125,11.01,3.62,6.71
13638,23,6,7,2008,23.213333333333335,10.06,3.5,6.23
13639,23,7,7,2008,22.777500000000003,11.18,4.51,7.17
13640,23,8,7,2008,22.411666666666665,10.45,4.38,7.03
13641,23,9,7,2008,22.32083333333333,10.57,4.98,7.52
13642,23,10,7,2008,22.011666666666667,10.62,4.82,7.42
13643,23,11,7,2008,21.56583333333333,10.78,5.83,8.15
13644,23,12,7,2008,22.140833333333333,11.49,7.19,9.46
13645,23,13,7,2008,23.05666666666667,9.74,7.0600000000000005,8.74
13646,23,14,7,2008,24.32083333333333,9.48,7.04,8.63
13647,23,15,7,2008,25.450833333333332,8.68,6.41,7.86
13648,23,16,7,2008,26.364166666666666,8.28,6.3100000000000005,7.61
13649,23,17,7,2008,27.34416666666667,7.73,5.84,7.08
13650,23,18,7,2008,28.12666666666667,7.32,5.55,6.7
13651,23,19,7,2008,28.794166666666666,7.35,5.57,6.72
13652,23,20,7,2008,29.402499999999993,8.97,6.75,8.2
13653,23,21,7,2008,29.78333333333333,9.47,6.95,8.56
13654,23,22,7,2008,30.085833333333326,9.74,7.12,8.8
13655,23,23,7,2008,30.040833333333335,9.13,6.51,8.17
13656,24,0,7,2008,29.264166666666664,9.1,6.28,7.97
13657,24,1,7,2008,27.507499999999997,10.35,4.59,7.29
13658,24,2,7,2008,26.632500000000004,11.5,5.29,8.11
13659,24,3,7,2008,25.629166666666663,11.77,5.5600000000000005,8.35
13660,24,4,7,2008,24.824166666666667,11.04,5.13,7.79
13661,24,5,7,2008,24.241666666666664,10.9,5.21,7.86
13662,24,6,7,2008,23.8325,10.7,5.23,7.77
13663,24,7,7,2008,23.145,10.97,4.83,7.43
13664,24,8,7,2008,22.918333333333333,10.99,5.24,7.83
13665,24,9,7,2008,22.539166666666663,10.71,5.13,7.59
13666,24,10,7,2008,22.418333333333337,10.37,5.17,7.59
13667,24,11,7,2008,22.785833333333333,11.31,6.53,8.870000000000003
13668,24,12,7,2008,24.195833333333336,10.94,6.19,8.45
13669,24,13,7,2008,25.788333333333327,7.56,5.2700000000000005,6.53
13670,24,14,7,2008,27.615833333333338,6.12,4.5,5.5
13671,24,15,7,2008,29.510833333333334,6.19,4.53,5.54
13672,24,16,7,2008,31.250833333333322,6.7700000000000005,4.91,6.01
13673,24,17,7,2008,32.97,6.72,4.89,5.98
13674,24,18,7,2008,34.59916666666667,6.8900000000000015,4.97,6.09
13675,24,19,7,2008,35.7325,6.8100000000000005,4.91,6.03
13676,24,20,7,2008,36.66583333333333,7.08,5.17,6.34
13677,24,21,7,2008,37.11166666666666,10.06,7.24,9.01
13678,24,22,7,2008,36.92333333333333,10.38,7.13,9.13
13679,24,23,7,2008,23.845,20.18,14.36,16.89
13680,25,0,7,2008,22.55333333333333,15.29,9.52,12.96
13681,25,1,7,2008,22.298333333333336,11.47,7.42,9.5
13682,25,2,7,2008,21.555000000000003,10.99,6.07,8.33
13683,25,3,7,2008,22.2375,9.61,5.24,7.23
13684,25,4,7,2008,22.451666666666668,8.120000000000001,4.69,6.2700000000000005
13685,25,5,7,2008,22.421666666666667,8.53,4.3500000000000005,6.22
13686,25,6,7,2008,22.522500000000004,10.43,5.33,7.63
13687,25,7,7,2008,22.66916666666667,9.4,4.9,6.96
13688,25,8,7,2008,22.800833333333333,9.86,5.88,7.9300000000000015
13689,25,9,7,2008,21.960833333333337,8.57,4.21,6.22
13690,25,10,7,2008,21.554166666666664,9.01,4.15,6.15
13691,25,11,7,2008,21.5825,8.58,4.82,6.2
13692,25,12,7,2008,21.718333333333334,7.61,4.8500000000000005,6.26
13693,25,13,7,2008,22.688333333333333,6.44,5.01,5.9
13694,25,14,7,2008,24.9525,4.61,3.68,4.32
13695,25,15,7,2008,27.40833333333333,2.89,2.22,2.64
13696,25,16,7,2008,29.0,3.44,2.71,3.19
13697,25,17,7,2008,29.970000000000002,3.45,2.7,3.19
13698,25,18,7,2008,30.84583333333333,3.15,2.48,2.91
13699,25,19,7,2008,31.64083333333333,3.89,3.14,3.66
13700,25,20,7,2008,32.2175,3.73,3.0500000000000003,3.5500000000000003
13701,25,21,7,2008,32.48833333333334,4.45,3.52,4.16
13702,25,22,7,2008,32.5,4.45,3.53,4.18
13703,25,23,7,2008,32.420833333333334,4.05,3.18,3.8
13704,26,0,7,2008,31.74666666666666,4.28,2.44,3.68
13705,26,1,7,2008,29.779166666666672,7.33,1.95,4.38
13706,26,2,7,2008,27.605,9.0,2.06,5.38
13707,26,3,7,2008,26.006666666666664,8.76,1.68,5.18
13708,26,4,7,2008,25.618333333333336,7.92,1.55,4.83
13709,26,5,7,2008,25.198333333333327,5.04,1.32,3.08
13710,26,6,7,2008,24.367500000000003,3.64,1.0,2.32
13711,26,7,7,2008,23.551666666666666,4.07,1.29,2.79
13712,26,8,7,2008,22.766666666666666,3.72,1.15,2.45
13713,26,9,7,2008,21.865,2.73,0.92,1.98
13714,26,10,7,2008,21.435,3.11,0.65,1.67
13715,26,11,7,2008,21.385,4.93,1.92,3.16
13716,26,12,7,2008,22.257500000000004,4.65,2.49,2.93
13717,26,13,7,2008,24.19333333333333,3.97,3.04,3.63
13718,26,14,7,2008,25.77333333333333,4.14,3.24,3.84
13719,26,15,7,2008,26.9725,3.86,3.06,3.6
13720,26,16,7,2008,28.18416666666667,3.5500000000000003,2.82,3.31
13721,26,17,7,2008,29.28083333333333,3.36,2.7,3.14
13722,26,18,7,2008,30.28666666666666,3.48,2.84,3.29
13723,26,19,7,2008,31.095,3.08,2.6,2.95
13724,26,20,7,2008,25.319999999999997,19.86,13.51,17.35
13725,26,21,7,2008,23.518333333333334,13.52,8.790000000000001,11.57
13726,26,22,7,2008,21.429166666666664,11.26,6.3500000000000005,9.31
13727,26,23,7,2008,21.674999999999997,4.62,3.42,4.25
13728,27,0,7,2008,22.091666666666665,6.03,4.53,5.53
13729,27,1,7,2008,21.528333333333332,7.28,3.98,5.5200000000000005
13730,27,2,7,2008,20.793333333333333,8.77,4.36,6.3100000000000005
13731,27,3,7,2008,20.38333333333333,9.24,4.67,6.61
13732,27,4,7,2008,20.123333333333335,9.62,4.21,6.3100000000000005
13733,27,5,7,2008,19.920833333333334,10.4,5.0600000000000005,7.38
13734,27,6,7,2008,19.976666666666663,10.18,4.92,7.32
13735,27,7,7,2008,19.907500000000002,8.700000000000001,4.08,6.43
13736,27,8,7,2008,19.991666666666664,9.21,4.29,6.71
13737,27,9,7,2008,20.025833333333335,9.17,4.32,6.67
13738,27,10,7,2008,19.9525,8.83,4.46,6.4
13739,27,11,7,2008,20.65583333333333,9.68,4.86,7.08
13740,27,12,7,2008,21.395,8.53,4.34,6.05
13741,27,13,7,2008,22.455000000000002,5.8500000000000005,3.96,4.76
13742,27,14,7,2008,24.28916666666667,5.59,4.34,5.16
13743,27,15,7,2008,26.760833333333334,5.93,4.6000000000000005,5.5
13744,27,16,7,2008,28.793333333333333,6.17,4.67,5.63
13745,27,17,7,2008,30.69916666666667,6.41,4.83,5.84
13746,27,18,7,2008,32.19166666666666,6.55,4.92,5.95
13747,27,19,7,2008,33.13,5.29,3.95,4.7700000000000005
13748,27,20,7,2008,33.14666666666667,4.84,3.71,4.46
13749,27,21,7,2008,32.127500000000005,9.21,7.25,8.66
13750,27,22,7,2008,30.828333333333333,10.11,7.67,9.35
13751,27,23,7,2008,30.662500000000005,10.69,7.75,9.66
13752,28,0,7,2008,29.83,11.0,6.7700000000000005,8.68
13753,28,1,7,2008,27.835000000000004,11.7,5.9,8.68
13754,28,2,7,2008,26.510833333333334,17.31,12.31,15.47
13755,28,3,7,2008,25.14916666666667,17.71,11.8,15.37
13756,28,4,7,2008,23.903333333333336,13.38,8.41,11.08
13757,28,5,7,2008,24.396666666666672,10.91,6.36,8.620000000000001
13758,28,6,7,2008,23.813333333333336,12.8,8.31,10.84
13759,28,7,7,2008,22.771666666666672,10.7,7.0200000000000005,9.13
13760,28,8,7,2008,22.0475,15.0,9.89,12.83
13761,28,9,7,2008,21.859166666666667,14.04,8.950000000000003,11.66
13762,28,10,7,2008,21.605,11.36,5.41,7.86
13763,28,11,7,2008,22.97583333333333,13.29,7.75,10.41
13764,28,12,7,2008,23.183333333333334,11.58,6.36,8.700000000000001
13765,28,13,7,2008,24.401666666666667,8.99,5.07,6.51
13766,28,14,7,2008,25.715833333333325,7.15,5.4,6.5
13767,28,15,7,2008,28.495000000000005,7.47,5.72,6.87
13768,28,16,7,2008,31.2975,6.6400000000000015,4.9,5.98
13769,28,17,7,2008,33.01833333333334,6.59,4.9,5.97
13770,28,18,7,2008,34.325,5.8,4.22,5.16
13771,28,19,7,2008,35.37833333333334,5.72,4.24,5.16
13772,28,20,7,2008,36.193333333333335,5.47,4.0600000000000005,4.93
13773,28,21,7,2008,36.69083333333334,5.87,4.43,5.4
13774,28,22,7,2008,36.82,5.8500000000000005,4.42,5.38
13775,28,23,7,2008,36.27916666666666,7.21,4.82,6.17
13776,29,0,7,2008,34.30583333333334,8.84,3.96,6.84
13777,29,1,7,2008,32.31250000000001,11.08,5.29,8.67
13778,29,2,7,2008,30.835833333333337,10.98,4.88,8.56
13779,29,3,7,2008,30.278333333333336,11.44,5.36,9.08
13780,29,4,7,2008,28.330833333333334,11.21,4.93,7.94
13781,29,5,7,2008,27.297500000000003,5.94,1.7,4.8100000000000005
13782,29,6,7,2008,26.665833333333335,2.36,0.8,1.59
13783,29,7,7,2008,26.39166666666667,2.2,0.76,1.74
13784,29,8,7,2008,25.760833333333338,3.63,1.68,3.14
13785,29,9,7,2008,25.022499999999997,2.88,0.93,2.15
13786,29,10,7,2008,24.760833333333338,2.5500000000000003,0.6,1.64
13787,29,11,7,2008,24.514999999999997,3.73,1.72,3.1
13788,29,12,7,2008,24.69666666666667,4.09,2.15,3.33
13789,29,13,7,2008,26.1725,3.81,2.24,2.42
13790,29,14,7,2008,27.5925,2.68,2.27,2.66
13791,29,15,7,2008,27.46916666666667,5.45,3.77,4.84
13792,29,16,7,2008,28.115000000000006,4.59,3.17,3.95
13793,29,17,7,2008,28.00333333333334,5.73,4.4,5.33
13794,29,18,7,2008,26.956666666666667,8.72,6.73,8.16
13795,29,19,7,2008,26.9225,7.87,6.01,7.25
13796,29,20,7,2008,26.622500000000002,7.33,5.49,6.78
13797,29,21,7,2008,25.043333333333333,7.67,5.82,7.15
13798,29,22,7,2008,24.2625,6.25,4.54,5.67
13799,29,23,7,2008,23.048333333333336,5.37,3.82,4.8
13800,30,0,7,2008,22.25583333333333,4.2,2.1,2.78
13801,30,1,7,2008,21.084166666666665,5.44,3.36,4.45
13802,30,2,7,2008,20.389166666666668,6.23,3.5500000000000003,4.8
13803,30,3,7,2008,20.539166666666667,5.76,2.66,3.81
13804,30,4,7,2008,20.563333333333333,6.6000000000000005,2.38,3.82
13805,30,5,7,2008,20.8325,7.5,2.88,4.68
13806,30,6,7,2008,21.016666666666666,7.7,2.91,5.21
13807,30,7,7,2008,21.412499999999998,5.98,1.94,4.3
13808,30,8,7,2008,21.87666666666667,5.71,2.41,4.3
13809,30,9,7,2008,21.547500000000003,3.0,1.9,2.87
13810,30,10,7,2008,19.865833333333327,4.15,2.85,4.24
13811,30,11,7,2008,18.994999999999997,4.4,2.81,4.39
13812,30,12,7,2008,18.4875,4.62,3.0,3.66
13813,30,13,7,2008,18.846666666666668,4.11,2.16,2.5500000000000003
13814,30,14,7,2008,19.885833333333334,2.92,2.22,2.59
13815,30,15,7,2008,23.06166666666667,3.99,3.02,3.62
13816,30,16,7,2008,25.138333333333332,2.44,1.94,2.26
13817,30,17,7,2008,26.370833333333334,1.03,0.95,1.03
13818,30,18,7,2008,27.450833333333335,1.19,1.24,1.29
13819,30,19,7,2008,28.2475,2.67,2.39,2.68
13820,30,20,7,2008,28.801666666666666,2.71,2.43,2.72
13821,30,21,7,2008,29.348333333333333,1.76,1.5,1.7
13822,30,22,7,2008,29.640833333333333,1.82,1.61,1.8
13823,30,23,7,2008,29.6125,3.62,2.9,3.45
13824,31,0,7,2008,28.875833333333333,3.27,2.65,3.16
13825,31,1,7,2008,26.630000000000006,5.29,2.26,4.2
13826,31,2,7,2008,24.741666666666664,6.5600000000000005,3.1,5.83
13827,31,3,7,2008,24.03,7.01,3.83,6.54
13828,31,4,7,2008,23.23,7.01,4.23,6.76
13829,31,5,7,2008,22.513333333333332,7.3900000000000015,4.18,6.71
13830,31,6,7,2008,21.7325,6.71,3.5700000000000003,6.32
13831,31,7,7,2008,20.860000000000003,4.32,4.17,5.5200000000000005
13832,31,8,7,2008,21.135,3.97,2.95,4.61
13833,31,9,7,2008,20.922500000000003,4.75,3.38,5.2
13834,31,10,7,2008,20.5525,8.26,4.88,7.04
13835,31,11,7,2008,20.02333333333333,8.040000000000001,4.32,6.69
13836,31,12,7,2008,20.861666666666665,7.72,4.36,6.16
13837,31,13,7,2008,22.7,5.88,3.84,4.57
13838,31,14,7,2008,24.353333333333335,4.11,3.16,3.78
13839,31,15,7,2008,26.263333333333332,2.28,1.79,2.11
13840,31,16,7,2008,28.075000000000003,6.03,4.6000000000000005,5.54
13841,31,17,7,2008,30.113333333333333,8.46,6.3100000000000005,7.69
13842,31,18,7,2008,31.77666666666667,8.39,6.25,7.63
13843,31,19,7,2008,32.89666666666667,6.91,5.34,6.41
13844,31,20,7,2008,33.85583333333334,7.96,5.78,7.1400000000000015
13845,31,21,7,2008,34.473333333333336,8.4,6.09,7.53
13846,31,22,7,2008,34.915,8.65,6.13,7.68
13847,31,23,7,2008,34.83833333333334,8.22,5.72,7.25
13848,1,0,8,2008,32.90333333333333,8.69,3.68,6.5200000000000005
13849,1,1,8,2008,30.265000000000004,11.06,4.7,8.07
13850,1,2,8,2008,29.015,12.68,5.8100000000000005,9.35
13851,1,3,8,2008,28.561666666666664,12.83,6.11,9.5
13852,1,4,8,2008,27.88083333333333,13.09,6.29,9.74
13853,1,5,8,2008,26.828333333333333,12.91,6.1000000000000005,9.43
13854,1,6,8,2008,25.61916666666667,11.71,5.29,8.52
13855,1,7,8,2008,25.09166666666667,11.38,5.5200000000000005,8.620000000000001
13856,1,8,8,2008,24.80583333333333,10.89,4.99,8.06
13857,1,9,8,2008,23.43416666666667,9.63,4.95,7.7
13858,1,10,8,2008,22.2475,6.16,3.89,6.0
13859,1,11,8,2008,21.845833333333335,6.88,2.88,4.97
13860,1,12,8,2008,23.015833333333333,6.59,3.53,4.8
13861,1,13,8,2008,24.034166666666675,4.93,3.74,4.46
13862,1,14,8,2008,25.37,4.91,3.81,4.54
13863,1,15,8,2008,27.069166666666664,5.0,3.78,4.55
13864,1,16,8,2008,28.489166666666662,5.07,3.84,4.61
13865,1,17,8,2008,29.576666666666664,5.13,3.89,4.67
13866,1,18,8,2008,30.485000000000003,5.97,4.51,5.44
13867,1,19,8,2008,31.060000000000002,5.7,4.48,5.3
13868,1,20,8,2008,31.462499999999995,5.16,4.03,4.79
13869,1,21,8,2008,31.763333333333335,3.42,2.7,3.17
13870,1,22,8,2008,31.88333333333334,2.91,2.35,2.74
13871,1,23,8,2008,31.703333333333333,3.19,2.43,2.98
13872,2,0,8,2008,30.721666666666675,4.61,2.23,3.98
13873,2,1,8,2008,28.84833333333333,4.86,2.51,4.28
13874,2,2,8,2008,27.33,3.28,1.21,2.4
13875,2,3,8,2008,26.371666666666666,2.85,1.05,2.19
13876,2,4,8,2008,25.874166666666667,3.69,1.31,2.73
13877,2,5,8,2008,23.97,4.21,2.07,3.3000000000000003
13878,2,6,8,2008,22.829166666666666,7.09,2.75,5.93
13879,2,7,8,2008,23.220833333333335,9.4,2.44,5.74
13880,2,8,8,2008,22.22666666666667,9.61,2.11,5.29
13881,2,9,8,2008,21.497500000000002,11.02,3.26,6.5
13882,2,10,8,2008,21.399999999999995,11.11,3.75,6.75
13883,2,11,8,2008,21.126666666666665,10.81,3.77,6.65
13884,2,12,8,2008,22.115833333333338,10.23,5.29,7.03
13885,2,13,8,2008,23.588333333333335,8.36,5.44,6.72
13886,2,14,8,2008,25.405000000000005,6.8100000000000005,5.28,6.33
13887,2,15,8,2008,27.155,8.290000000000001,6.17,7.53
13888,2,16,8,2008,28.942500000000006,8.35,6.22,7.58
13889,2,17,8,2008,30.407500000000002,8.43,6.23,7.62
13890,2,18,8,2008,31.847499999999997,7.88,5.8100000000000005,7.1000000000000005
13891,2,19,8,2008,32.839999999999996,7.55,5.57,6.8100000000000005
13892,2,20,8,2008,33.654166666666676,7.97,5.73,7.12
13893,2,21,8,2008,34.48333333333333,8.43,6.0,7.5
13894,2,22,8,2008,35.41083333333333,8.49,6.04,7.57
13895,2,23,8,2008,35.46750000000001,8.66,5.92,7.59
13896,3,0,8,2008,33.355000000000004,9.51,4.16,6.97
13897,3,1,8,2008,30.127499999999998,11.07,3.91,7.7
13898,3,2,8,2008,28.314999999999998,11.92,4.73,8.22
13899,3,3,8,2008,27.68083333333333,11.47,5.21,8.45
13900,3,4,8,2008,27.259999999999994,13.38,5.55,8.870000000000003
13901,3,5,8,2008,27.15833333333333,14.12,5.92,9.39
13902,3,6,8,2008,26.849999999999998,14.53,6.23,9.71
13903,3,7,8,2008,27.256666666666664,15.09,6.79,10.41
13904,3,8,8,2008,27.439999999999998,14.95,6.67,10.19
13905,3,9,8,2008,26.825,14.97,6.36,10.14
13906,3,10,8,2008,25.613333333333333,13.93,5.46,9.27
13907,3,11,8,2008,24.633333333333336,13.1,5.33,8.63
13908,3,12,8,2008,25.790000000000003,12.97,6.3100000000000005,8.76
13909,3,13,8,2008,28.496666666666666,11.21,6.63,8.950000000000003
13910,3,14,8,2008,29.935,8.73,6.4,7.87
13911,3,15,8,2008,31.391666666666666,9.09,6.69,8.25
13912,3,16,8,2008,32.92916666666667,8.84,6.47,7.96
13913,3,17,8,2008,34.435833333333335,8.97,6.44,8.01
13914,3,18,8,2008,35.51166666666667,9.95,7.05,8.81
13915,3,19,8,2008,36.14249999999999,10.35,7.32,9.16
13916,3,20,8,2008,36.725,11.45,8.01,10.15
13917,3,21,8,2008,37.04416666666667,11.62,8.03,10.21
13918,3,22,8,2008,37.040000000000006,10.82,7.38,9.48
13919,3,23,8,2008,36.14416666666667,9.92,5.94,7.86
13920,4,0,8,2008,33.83416666666667,12.29,4.57,8.290000000000001
13921,4,1,8,2008,32.00083333333334,13.5,5.19,8.9
13922,4,2,8,2008,30.763333333333332,15.21,6.53,10.26
13923,4,3,8,2008,30.464166666666667,15.51,7.07,10.73
13924,4,4,8,2008,29.741666666666664,15.29,7.13,10.69
13925,4,5,8,2008,29.430000000000003,15.27,7.28,10.79
13926,4,6,8,2008,29.150000000000002,15.2,6.94,10.52
13927,4,7,8,2008,28.866666666666664,15.47,6.65,10.38
13928,4,8,8,2008,28.88416666666667,15.32,6.62,10.36
13929,4,9,8,2008,28.92333333333333,15.55,6.8900000000000015,10.64
13930,4,10,8,2008,28.61833333333333,15.69,7.1400000000000015,10.92
13931,4,11,8,2008,27.5525,14.88,6.43,10.11
13932,4,12,8,2008,27.629166666666666,15.03,7.1400000000000015,10.15
13933,4,13,8,2008,29.661666666666672,13.36,7.72,10.51
13934,4,14,8,2008,31.398333333333337,12.3,7.33,9.71
13935,4,15,8,2008,32.608333333333334,9.94,7.19,8.94
13936,4,16,8,2008,33.903333333333336,9.45,6.83,8.48
13937,4,17,8,2008,35.13416666666667,8.92,6.4,7.9300000000000015
13938,4,18,8,2008,36.23083333333334,8.34,6.0200000000000005,7.45
13939,4,19,8,2008,37.059999999999995,8.08,5.78,7.17
13940,4,20,8,2008,37.6325,8.22,5.8100000000000005,7.26
13941,4,21,8,2008,38.06666666666667,7.63,5.4,6.74
13942,4,22,8,2008,38.2825,7.48,5.09,6.54
13943,4,23,8,2008,37.58,6.8500000000000005,4.29,5.73
13944,5,0,8,2008,35.36000000000001,8.790000000000001,2.7,5.82
13945,5,1,8,2008,32.71333333333333,12.16,4.8100000000000005,8.59
13946,5,2,8,2008,31.64833333333333,14.38,5.74,9.64
13947,5,3,8,2008,30.30666666666666,16.3,7.6400000000000015,11.41
13948,5,4,8,2008,30.24,16.240000000000002,7.69,11.47
13949,5,5,8,2008,28.6425,14.86,6.25,9.85
13950,5,6,8,2008,28.37,11.97,4.11,7.86
13951,5,7,8,2008,27.035833333333333,12.75,4.66,9.24
13952,5,8,8,2008,24.923333333333332,7.48,2.82,5.23
13953,5,9,8,2008,23.970833333333335,2.94,2.81,3.93
13954,5,10,8,2008,20.537499999999998,5.91,3.49,5.61
13955,5,11,8,2008,20.576666666666664,7.69,3.52,5.8
13956,5,12,8,2008,21.373333333333335,7.48,4.16,5.62
13957,5,13,8,2008,22.978333333333335,6.5200000000000005,5.11,6.12
13958,5,14,8,2008,25.00333333333333,7.18,5.42,6.58
13959,5,15,8,2008,26.850833333333338,6.66,5.0,6.04
13960,5,16,8,2008,28.291666666666668,8.38,6.2,7.56
13961,5,17,8,2008,29.073333333333327,10.72,7.8,9.63
13962,5,18,8,2008,28.937499999999996,10.53,7.82,9.55
13963,5,19,8,2008,29.56333333333333,7.81,5.84,7.08
13964,5,20,8,2008,29.739166666666673,6.86,5.3500000000000005,6.3900000000000015
13965,5,21,8,2008,29.440833333333334,7.55,5.74,6.95
13966,5,22,8,2008,28.410833333333333,7.19,5.47,6.62
13967,5,23,8,2008,28.039999999999996,6.29,4.74,5.7700000000000005
13968,6,0,8,2008,27.162499999999998,5.76,4.25,5.28
13969,6,1,8,2008,25.685833333333335,6.23,2.34,5.01
13970,6,2,8,2008,24.2975,6.74,2.23,5.18
13971,6,3,8,2008,23.638333333333332,5.62,1.85,4.79
13972,6,4,8,2008,22.916666666666668,6.0600000000000005,1.72,4.11
13973,6,5,8,2008,22.329166666666666,6.01,1.66,4.07
13974,6,6,8,2008,21.81583333333333,5.76,1.41,3.64
13975,6,7,8,2008,21.25416666666667,5.16,1.31,3.15
13976,6,8,8,2008,20.8825,3.99,1.04,2.47
13977,6,9,8,2008,20.724166666666665,3.42,1.05,2.29
13978,6,10,8,2008,20.027500000000003,4.57,2.08,3.85
13979,6,11,8,2008,19.631666666666664,5.66,2.37,3.63
13980,6,12,8,2008,19.850000000000005,6.0,2.63,3.4
13981,6,13,8,2008,21.211666666666666,4.3100000000000005,2.77,3.35
13982,6,14,8,2008,23.785,3.44,2.62,3.11
13983,6,15,8,2008,24.94,2.61,2.14,2.47
13984,6,16,8,2008,26.135833333333338,2.58,2.12,2.44
13985,6,17,8,2008,26.519166666666667,2.96,2.51,2.87
13986,6,18,8,2008,26.47,4.24,3.42,3.99
13987,6,19,8,2008,26.087499999999995,3.44,2.74,3.22
13988,6,20,8,2008,24.921666666666663,5.41,4.33,5.13
13989,6,21,8,2008,25.242499999999996,6.3900000000000015,5.0200000000000005,6.03
13990,6,22,8,2008,24.989166666666666,8.99,5.39,7.41
13991,6,23,8,2008,24.346666666666668,8.78,6.46,7.97
13992,7,0,8,2008,23.182500000000005,7.79,4.75,5.98
13993,7,1,8,2008,22.315833333333334,7.07,3.5700000000000003,5.16
13994,7,2,8,2008,21.385,7.27,2.4,4.94
13995,7,3,8,2008,20.25,6.49,1.98,4.64
13996,7,4,8,2008,19.538333333333334,5.63,1.6,3.75
13997,7,5,8,2008,19.076666666666664,5.03,1.58,3.46
13998,7,6,8,2008,18.893333333333334,3.7,1.1,2.46
13999,7,7,8,2008,18.381666666666664,4.01,1.75,3.38
14000,7,8,8,2008,17.38416666666667,4.04,1.4,2.89
14001,7,9,8,2008,17.414166666666663,4.42,2.21,3.81
14002,7,10,8,2008,16.799166666666668,5.5,2.29,4.04
14003,7,11,8,2008,16.52,5.4,1.8,3.76
14004,7,12,8,2008,17.325833333333332,4.97,2.34,3.46
14005,7,13,8,2008,18.936666666666667,4.26,2.24,2.5
14006,7,14,8,2008,21.012500000000003,2.5500000000000003,2.08,2.39
14007,7,15,8,2008,23.257500000000004,2.35,1.91,2.21
14008,7,16,8,2008,25.100000000000005,3.65,2.9,3.39
14009,7,17,8,2008,26.15416666666667,3.92,3.19,3.71
14010,7,18,8,2008,26.815833333333334,3.78,3.04,3.5500000000000003
14011,7,19,8,2008,27.440833333333334,3.1,2.5,2.9
14012,7,20,8,2008,28.005,3.93,3.0500000000000003,3.6
14013,7,21,8,2008,28.4475,4.36,3.52,4.12
14014,7,22,8,2008,28.575000000000003,4.98,3.83,4.61
14015,7,23,8,2008,28.30666666666667,5.28,3.89,4.82
14016,8,0,8,2008,26.635833333333334,5.01,2.21,4.03
14017,8,1,8,2008,23.98166666666667,5.3,1.58,3.62
14018,8,2,8,2008,22.754166666666663,4.18,1.01,2.54
14019,8,3,8,2008,21.8225,3.87,0.79,2.23
14020,8,4,8,2008,21.458333333333332,4.15,1.02,2.62
14021,8,5,8,2008,20.659166666666668,4.5,1.39,3.0700000000000003
14022,8,6,8,2008,19.469166666666663,4.53,1.44,3.14
14023,8,7,8,2008,18.223333333333333,4.8500000000000005,1.63,3.42
14024,8,8,8,2008,17.075833333333332,4.79,1.46,3.19
14025,8,9,8,2008,16.77166666666667,4.51,1.36,2.98
14026,8,10,8,2008,16.73333333333333,4.6000000000000005,1.15,2.82
14027,8,11,8,2008,16.503333333333334,4.28,1.25,2.87
14028,8,12,8,2008,17.079166666666666,4.72,1.82,3.21
14029,8,13,8,2008,19.398333333333333,4.3,1.99,2.41
14030,8,14,8,2008,22.025000000000002,3.12,2.48,2.92
14031,8,15,8,2008,24.2025,3.09,2.47,2.91
14032,8,16,8,2008,25.742500000000003,3.11,2.49,2.92
14033,8,17,8,2008,27.01166666666667,2.35,1.95,2.25
14034,8,18,8,2008,27.760833333333334,2.47,2.05,2.36
14035,8,19,8,2008,28.212500000000002,2.99,2.51,2.88
14036,8,20,8,2008,28.461666666666662,3.37,2.76,3.21
14037,8,21,8,2008,28.618333333333336,3.31,2.64,3.09
14038,8,22,8,2008,28.59583333333333,3.7,2.77,3.37
14039,8,23,8,2008,28.250833333333336,4.45,2.88,3.63
14040,9,0,8,2008,26.583333333333332,5.61,2.91,5.24
14041,9,1,8,2008,24.4175,7.08,2.94,5.37
14042,9,2,8,2008,22.31,7.24,3.7,5.92
14043,9,3,8,2008,21.879166666666666,8.620000000000001,4.32,7.49
14044,9,4,8,2008,21.840833333333332,9.62,4.63,7.86
14045,9,5,8,2008,21.834166666666665,9.63,5.19,7.86
14046,9,6,8,2008,21.394166666666667,10.07,4.79,7.6
14047,9,7,8,2008,21.448333333333334,10.09,5.17,7.72
14048,9,8,8,2008,21.544166666666666,9.96,5.12,7.35
14049,9,9,8,2008,19.863333333333337,11.13,7.21,9.39
14050,9,10,8,2008,18.2975,10.45,6.54,8.64
14051,9,11,8,2008,17.858333333333334,9.39,5.92,7.81
14052,9,12,8,2008,16.975833333333334,10.22,6.88,8.86
14053,9,13,8,2008,16.474166666666665,9.89,6.55,8.48
14054,9,14,8,2008,16.508333333333336,14.75,9.22,12.09
14055,9,15,8,2008,16.80916666666667,11.13,7.05,9.28
14056,9,16,8,2008,17.132500000000004,9.12,5.5600000000000005,7.04
14057,9,17,8,2008,17.109166666666667,8.76,6.37,7.82
14058,9,18,8,2008,17.199166666666663,6.41,4.72,5.78
14059,9,19,8,2008,17.8475,6.71,4.94,6.0600000000000005
14060,9,20,8,2008,18.7025,6.07,4.71,5.64
14061,9,21,8,2008,19.118333333333332,5.55,4.28,5.11
14062,9,22,8,2008,18.460833333333337,4.09,2.95,3.44
14063,9,23,8,2008,18.871666666666666,4.5,2.85,3.75
14064,10,0,8,2008,19.1725,5.26,3.11,4.23
14065,10,1,8,2008,18.5,5.53,2.87,4.22
14066,10,2,8,2008,17.46166666666667,6.18,1.65,4.03
14067,10,3,8,2008,17.339166666666667,5.93,1.32,3.96
14068,10,4,8,2008,17.576666666666668,5.51,1.55,3.81
14069,10,5,8,2008,17.394166666666667,5.2700000000000005,1.34,3.29
14070,10,6,8,2008,17.18166666666667,5.03,1.52,3.16
14071,10,7,8,2008,16.783333333333335,4.7700000000000005,1.58,3.25
14072,10,8,8,2008,16.397500000000004,3.9,1.16,2.61
14073,10,9,8,2008,16.261666666666667,4.04,1.25,2.72
14074,10,10,8,2008,15.3225,4.79,1.9,3.45
14075,10,11,8,2008,14.734166666666669,5.15,2.09,2.98
14076,10,12,8,2008,14.901666666666669,5.32,2.26,3.12
14077,10,13,8,2008,15.022499999999999,4.58,1.8,2.1
14078,10,14,8,2008,15.629166666666668,4.7,1.78,1.97
14079,10,15,8,2008,19.22,3.7,2.7,3.23
14080,10,16,8,2008,22.9375,4.39,3.39,4.04
14081,10,17,8,2008,24.288333333333338,5.1000000000000005,3.95,4.69
14082,10,18,8,2008,25.50333333333333,6.3900000000000015,4.93,5.91
14083,10,19,8,2008,26.465833333333336,5.8100000000000005,4.5,5.38
14084,10,20,8,2008,27.043333333333333,6.13,4.84,5.7700000000000005
14085,10,21,8,2008,27.352499999999996,5.74,4.34,5.24
14086,10,22,8,2008,27.4975,5.78,4.23,5.26
14087,10,23,8,2008,27.00666666666667,6.04,4.37,5.39
14088,11,0,8,2008,25.885,4.62,2.56,3.66
14089,11,1,8,2008,24.243333333333336,8.69,2.45,4.78
14090,11,2,8,2008,22.152500000000003,9.46,3.01,6.72
14091,11,3,8,2008,21.23,10.47,3.17,6.78
14092,11,4,8,2008,20.285,10.81,2.64,6.54
14093,11,5,8,2008,19.8675,11.47,3.13,6.6400000000000015
14094,11,6,8,2008,19.600833333333338,11.23,2.98,6.32
14095,11,7,8,2008,19.1975,11.41,3.06,6.54
14096,11,8,8,2008,18.195000000000004,10.24,1.96,5.3
14097,11,9,8,2008,17.549999999999997,10.35,1.93,5.29
14098,11,10,8,2008,16.919166666666666,10.4,2.63,5.54
14099,11,11,8,2008,16.6675,10.29,2.67,5.5200000000000005
14100,11,12,8,2008,17.886666666666667,9.73,4.98,6.58
14101,11,13,8,2008,19.39166666666667,7.27,5.11,6.2
14102,11,14,8,2008,20.91166666666667,6.49,4.89,5.93
14103,11,15,8,2008,22.33083333333333,6.43,4.82,5.84
14104,11,16,8,2008,23.645833333333332,6.73,5.04,6.11
14105,11,17,8,2008,24.69333333333333,6.24,4.67,5.65
14106,11,18,8,2008,25.313333333333336,5.72,4.3100000000000005,5.19
14107,11,19,8,2008,25.745833333333334,6.29,4.9,5.84
14108,11,20,8,2008,25.9675,8.24,6.2700000000000005,7.63
14109,11,21,8,2008,25.394166666666667,8.34,6.63,7.91
14110,11,22,8,2008,23.048333333333332,9.12,7.0200000000000005,8.5
14111,11,23,8,2008,21.795833333333334,9.08,5.39,7.35
14112,12,0,8,2008,21.92,7.27,3.68,5.63
14113,12,1,8,2008,21.401666666666667,9.62,4.12,6.62
14114,12,2,8,2008,21.757499999999997,10.0,4.84,7.46
14115,12,3,8,2008,21.674166666666668,8.32,3.89,5.92
14116,12,4,8,2008,21.048333333333336,8.17,3.71,5.78
14117,12,5,8,2008,20.931666666666665,8.96,4.23,6.49
14118,12,6,8,2008,20.758333333333333,8.74,4.94,7.0
14119,12,7,8,2008,19.66,6.42,3.52,5.34
14120,12,8,8,2008,18.721666666666668,7.0600000000000005,3.81,5.98
14121,12,9,8,2008,18.410833333333333,6.16,2.7,4.7
14122,12,10,8,2008,18.19333333333333,5.01,2.38,4.32
14123,12,11,8,2008,18.413333333333334,4.5,2.33,3.93
14124,12,12,8,2008,19.379166666666666,4.98,2.76,4.01
14125,12,13,8,2008,20.8475,4.07,2.41,2.72
14126,12,14,8,2008,21.963333333333335,2.81,2.22,2.62
14127,12,15,8,2008,22.633333333333336,3.03,2.36,2.8000000000000003
14128,12,16,8,2008,23.498333333333335,3.77,2.95,3.51
14129,12,17,8,2008,24.400833333333335,3.87,3.03,3.53
14130,12,18,8,2008,25.7375,5.67,4.22,5.13
14131,12,19,8,2008,26.293333333333333,6.47,4.9,5.92
14132,12,20,8,2008,26.4475,6.6000000000000005,5.0,6.05
14133,12,21,8,2008,26.62666666666667,6.72,4.87,6.03
14134,12,22,8,2008,26.847499999999997,7.28,5.29,6.6000000000000005
14135,12,23,8,2008,26.5725,6.76,4.79,6.07
14136,13,0,8,2008,25.2075,6.3,2.79,4.6000000000000005
14137,13,1,8,2008,23.42083333333333,4.2700000000000005,1.61,3.38
14138,13,2,8,2008,22.174999999999997,4.5,2.14,4.14
14139,13,3,8,2008,20.966666666666665,3.58,2.35,3.81
14140,13,4,8,2008,20.054166666666664,3.94,1.35,2.73
14141,13,5,8,2008,19.657500000000002,3.34,1.61,2.75
14142,13,6,8,2008,19.4825,3.17,1.6,2.68
14143,13,7,8,2008,18.205000000000002,2.14,1.32,1.62
14144,13,8,8,2008,18.210833333333333,1.26,1.64,1.68
14145,13,9,8,2008,18.706666666666667,1.22,1.46,1.46
14146,13,10,8,2008,18.242500000000003,1.61,1.8,2.29
14147,13,11,8,2008,17.8,2.15,2.42,3.01
14148,13,12,8,2008,19.0575,2.5,2.39,3.03
14149,13,13,8,2008,20.520833333333332,3.06,2.33,3.27
14150,13,14,8,2008,22.900000000000002,2.51,2.06,2.39
14151,13,15,8,2008,24.69,2.18,1.81,2.09
14152,13,16,8,2008,26.285833333333333,2.22,1.64,1.96
14153,13,17,8,2008,27.393333333333334,2.29,1.93,2.2
14154,13,18,8,2008,28.040000000000006,2.18,1.8,2.07
14155,13,19,8,2008,28.43499999999999,1.87,1.9,2.02
14156,13,20,8,2008,28.735000000000003,1.98,1.95,2.1
14157,13,21,8,2008,29.038333333333327,1.87,1.74,1.91
14158,13,22,8,2008,29.034166666666664,2.22,1.9,2.17
14159,13,23,8,2008,28.69333333333333,3.46,2.39,3.11
14160,14,0,8,2008,26.87166666666666,5.43,2.84,5.07
14161,14,1,8,2008,24.61916666666667,6.4,3.23,6.12
14162,14,2,8,2008,23.6925,8.15,4.66,7.79
14163,14,3,8,2008,22.843333333333334,9.46,4.6000000000000005,7.95
14164,14,4,8,2008,21.0125,14.32,9.27,12.08
14165,14,5,8,2008,18.196666666666662,11.83,8.040000000000001,10.48
14166,14,6,8,2008,17.41,13.61,8.620000000000001,11.33
14167,14,7,8,2008,17.691666666666666,8.24,4.07,5.76
14168,14,8,8,2008,17.787499999999998,8.0,3.63,6.0200000000000005
14169,14,9,8,2008,18.676666666666666,7.36,3.77,5.61
14170,14,10,8,2008,19.400833333333335,7.72,3.97,6.1400000000000015
14171,14,11,8,2008,18.52333333333333,9.94,6.73,8.61
14172,14,12,8,2008,18.954166666666662,6.11,3.59,4.96
14173,14,13,8,2008,19.830833333333334,5.48,3.25,4.24
14174,14,14,8,2008,20.7825,2.59,2.22,2.5
14175,14,15,8,2008,21.808333333333334,3.65,2.99,3.49
14176,14,16,8,2008,23.435,2.84,2.31,2.69
14177,14,17,8,2008,24.6425,1.92,1.67,1.88
14178,14,18,8,2008,25.592499999999998,2.18,1.99,2.2
14179,14,19,8,2008,26.345833333333335,2.22,1.99,2.21
14180,14,20,8,2008,27.006666666666664,2.54,2.1,2.41
14181,14,21,8,2008,27.345,2.7,2.22,2.56
14182,14,22,8,2008,27.512500000000003,2.25,1.84,2.13
14183,14,23,8,2008,27.403333333333336,2.12,1.76,2.04
14184,15,0,8,2008,24.48,14.47,9.36,12.44
14185,15,1,8,2008,21.230833333333333,9.75,4.3500000000000005,7.15
14186,15,2,8,2008,20.974166666666665,6.44,3.12,5.51
14187,15,3,8,2008,20.811666666666667,5.62,2.64,4.96
14188,15,4,8,2008,20.93,4.34,1.83,3.52
14189,15,5,8,2008,19.36,6.0,3.08,5.13
14190,15,6,8,2008,18.040833333333335,4.34,1.33,3.09
14191,15,7,8,2008,17.635,3.33,1.03,2.36
14192,15,8,8,2008,17.047500000000003,3.44,1.13,2.45
14193,15,9,8,2008,16.248333333333335,3.59,1.26,2.63
14194,15,10,8,2008,15.615000000000002,3.92,1.17,2.67
14195,15,11,8,2008,14.999166666666667,4.05,1.51,3.0700000000000003
14196,15,12,8,2008,15.281666666666666,4.29,1.74,2.87
14197,15,13,8,2008,17.045833333333338,3.93,2.9,3.33
14198,15,14,8,2008,19.070833333333333,3.52,2.83,3.3200000000000003
14199,15,15,8,2008,21.157500000000002,5.14,3.98,4.75
14200,15,16,8,2008,22.65833333333333,5.86,4.51,5.4
14201,15,17,8,2008,23.58583333333333,5.84,4.51,5.39
14202,15,18,8,2008,24.379166666666663,5.74,4.43,5.3
14203,15,19,8,2008,24.812499999999996,4.93,3.93,4.63
14204,15,20,8,2008,24.988333333333333,9.58,7.43,8.98
14205,15,21,8,2008,22.406666666666666,8.56,6.71,8.09
14206,15,22,8,2008,24.328333333333337,7.66,5.72,7.01
14207,15,23,8,2008,23.83916666666666,7.7,5.7,7.05
14208,16,0,8,2008,22.329999999999995,6.0,3.89,5.0
14209,16,1,8,2008,19.614166666666666,6.71,2.48,4.69
14210,16,2,8,2008,18.775000000000002,8.86,2.14,5.48
14211,16,3,8,2008,18.1975,8.91,1.9,5.37
14212,16,4,8,2008,17.870833333333334,8.64,1.76,5.45
14213,16,5,8,2008,17.358333333333334,8.27,1.61,4.91
14214,16,6,8,2008,17.2025,7.72,1.1,4.17
14215,16,7,8,2008,16.791666666666664,7.0600000000000005,1.43,4.13
14216,16,8,8,2008,16.20916666666667,6.41,1.49,3.97
14217,16,9,8,2008,15.828333333333333,6.23,1.7,3.98
14218,16,10,8,2008,15.233333333333336,6.19,1.64,3.94
14219,16,11,8,2008,14.870833333333332,5.08,1.53,3.31
14220,16,12,8,2008,15.334999999999999,4.9,1.98,3.16
14221,16,13,8,2008,16.981666666666666,4.3,2.27,2.54
14222,16,14,8,2008,19.073333333333334,2.83,2.43,2.77
14223,16,15,8,2008,21.201666666666664,3.3200000000000003,2.65,3.11
14224,16,16,8,2008,22.617499999999996,3.5,2.77,3.27
14225,16,17,8,2008,23.393333333333334,3.51,2.84,3.31
14226,16,18,8,2008,23.968333333333334,3.51,2.85,3.3200000000000003
14227,16,19,8,2008,24.504166666666666,3.04,2.58,2.94
14228,16,20,8,2008,24.8775,3.09,2.84,3.14
14229,16,21,8,2008,25.18583333333333,2.15,1.87,2.11
14230,16,22,8,2008,25.21166666666667,3.49,2.99,3.48
14231,16,23,8,2008,24.882500000000004,3.67,3.12,3.63
14232,17,0,8,2008,23.710833333333337,2.5500000000000003,1.45,2.53
14233,17,1,8,2008,21.550833333333333,2.47,0.89,1.61
14234,17,2,8,2008,20.505,2.36,0.59,1.56
14235,17,3,8,2008,20.281666666666663,2.48,0.76,1.78
14236,17,4,8,2008,19.68,2.38,0.71,1.58
14237,17,5,8,2008,19.235833333333336,2.75,1.1,2.28
14238,17,6,8,2008,18.851666666666663,2.5500000000000003,1.17,2.14
14239,17,7,8,2008,17.24416666666667,2.46,0.18,1.02
14240,17,8,8,2008,16.768333333333334,2.41,0.38,1.22
14241,17,9,8,2008,16.338333333333335,2.71,0.6900000000000001,1.59
14242,17,10,8,2008,16.435,2.59,0.88,1.74
14243,17,11,8,2008,16.27166666666667,3.56,1.24,2.49
14244,17,12,8,2008,15.979999999999999,4.1,1.49,2.86
14245,17,13,8,2008,18.639166666666668,4.1,1.31,2.45
14246,17,14,8,2008,21.151666666666667,2.53,1.92,2.29
14247,17,15,8,2008,22.769166666666663,2.32,1.81,2.15
14248,17,16,8,2008,23.680833333333336,1.71,1.63,1.77
14249,17,17,8,2008,24.021666666666665,2.31,2.06,2.34
14250,17,18,8,2008,23.96833333333333,3.28,3.15,3.53
14251,17,19,8,2008,24.91,0.74,0.65,0.71
14252,17,20,8,2008,25.338333333333335,2.11,1.88,2.1
14253,17,21,8,2008,25.54166666666666,1.97,1.75,1.95
14254,17,22,8,2008,25.63083333333334,2.1,1.74,2.01
14255,17,23,8,2008,25.420833333333334,3.35,2.35,3.0500000000000003
14256,18,0,8,2008,23.935000000000002,3.87,2.09,3.63
14257,18,1,8,2008,21.713333333333335,4.87,2.63,5.25
14258,18,2,8,2008,20.93166666666667,4.54,2.9,5.0600000000000005
14259,18,3,8,2008,20.860000000000003,5.0200000000000005,2.89,4.8
14260,18,4,8,2008,19.885833333333334,5.61,3.42,5.58
14261,18,5,8,2008,19.593333333333337,6.3,3.92,6.42
14262,18,6,8,2008,18.93916666666667,7.57,4.21,6.78
14263,18,7,8,2008,18.263333333333332,7.22,4.18,6.94
14264,18,8,8,2008,17.786666666666665,7.63,4.34,6.92
14265,18,9,8,2008,17.438333333333336,7.68,4.33,6.98
14266,18,10,8,2008,17.374166666666667,7.59,4.5,6.79
14267,18,11,8,2008,17.11916666666667,6.96,4.41,6.68
14268,18,12,8,2008,17.48,6.63,4.13,6.18
14269,18,13,8,2008,19.58666666666667,5.62,3.84,4.93
14270,18,14,8,2008,21.638333333333335,4.38,3.19,3.66
14271,18,15,8,2008,23.200000000000003,2.83,2.37,2.74
14272,18,16,8,2008,24.349166666666665,1.77,1.52,1.73
14273,18,17,8,2008,24.97666666666667,1.2,1.14,1.24
14274,18,18,8,2008,25.03916666666667,2.54,2.29,2.78
14275,18,19,8,2008,25.511666666666667,2.9,2.4,2.77
14276,18,20,8,2008,25.191666666666666,2.46,2.88,3.0700000000000003
14277,18,21,8,2008,25.930000000000007,2.46,2.84,3.0500000000000003
14278,18,22,8,2008,26.209999999999997,1.97,1.69,1.93
14279,18,23,8,2008,25.93583333333333,2.95,2.48,2.95
14280,19,0,8,2008,24.56583333333333,2.87,1.8,2.97
14281,19,1,8,2008,22.484166666666667,3.89,2.06,3.77
14282,19,2,8,2008,21.565,4.45,2.64,4.3500000000000005
14283,19,3,8,2008,21.2075,4.5600000000000005,3.09,5.08
14284,19,4,8,2008,20.245833333333334,6.1000000000000005,3.43,5.91
14285,19,5,8,2008,19.8275,6.17,3.43,5.87
14286,19,6,8,2008,19.189999999999998,6.63,3.81,6.16
14287,19,7,8,2008,18.300833333333337,6.41,3.74,6.0
14288,19,8,8,2008,18.234166666666667,6.42,3.8,5.91
14289,19,9,8,2008,18.551666666666666,6.13,3.59,5.73
14290,19,10,8,2008,18.1,5.49,3.46,5.55
14291,19,11,8,2008,17.970000000000002,4.64,2.99,4.73
14292,19,12,8,2008,16.613333333333337,2.62,0.65,1.63
14293,19,13,8,2008,18.673333333333336,2.07,1.2,1.09
14294,19,14,8,2008,20.745833333333334,1.65,1.39,1.47
14295,19,15,8,2008,22.81583333333333,2.21,1.82,2.1
14296,19,16,8,2008,24.609166666666663,3.18,2.52,2.96
14297,19,17,8,2008,25.34833333333333,3.88,3.04,3.6
14298,19,18,8,2008,25.77583333333334,4.68,3.67,4.36
14299,19,19,8,2008,26.140833333333333,4.61,3.6,4.28
14300,19,20,8,2008,26.419999999999998,4.82,3.78,4.5
14301,19,21,8,2008,26.58083333333333,5.01,3.89,4.65
14302,19,22,8,2008,26.475000000000005,5.01,3.86,4.65
14303,19,23,8,2008,26.114166666666666,5.36,3.67,4.79
14304,20,0,8,2008,24.605,5.58,2.42,4.47
14305,20,1,8,2008,22.175,6.67,2.45,5.83
14306,20,2,8,2008,21.230833333333333,7.96,3.62,7.29
14307,20,3,8,2008,20.797499999999996,8.0,4.0,7.38
14308,20,4,8,2008,19.845833333333335,7.68,3.52,7.0200000000000005
14309,20,5,8,2008,19.095833333333335,8.14,3.72,7.13
14310,20,6,8,2008,18.428333333333335,7.82,3.44,6.43
14311,20,7,8,2008,17.94,7.68,3.25,6.29
14312,20,8,8,2008,17.415000000000003,7.17,3.12,6.03
14313,20,9,8,2008,16.778333333333336,6.95,2.71,5.33
14314,20,10,8,2008,16.46916666666667,6.99,2.57,5.09
14315,20,11,8,2008,16.2025,6.98,2.51,5.07
14316,20,12,8,2008,16.674166666666665,6.6000000000000005,2.72,4.62
14317,20,13,8,2008,18.49083333333333,6.26,2.75,3.99
14318,20,14,8,2008,20.732499999999998,5.24,3.98,4.8
14319,20,15,8,2008,22.559166666666666,6.11,4.57,5.5600000000000005
14320,20,16,8,2008,23.894166666666667,6.38,4.76,5.8
14321,20,17,8,2008,23.037499999999998,8.35,6.76,8.05
14322,20,18,8,2008,22.011666666666667,4.67,3.53,4.28
14323,20,19,8,2008,24.939999999999998,6.59,4.9,5.98
14324,20,20,8,2008,26.3125,7.4,5.46,6.69
14325,20,21,8,2008,26.345833333333328,7.6400000000000015,5.53,6.8500000000000005
14326,20,22,8,2008,26.345000000000002,8.65,6.22,7.75
14327,20,23,8,2008,25.926666666666666,8.56,6.09,7.65
14328,21,0,8,2008,23.28333333333333,12.4,7.6400000000000015,10.36
14329,21,1,8,2008,21.084166666666665,6.62,2.95,4.8
14330,21,2,8,2008,20.715833333333332,9.93,2.11,5.66
14331,21,3,8,2008,20.739166666666666,11.63,5.72,8.51
14332,21,4,8,2008,20.04166666666666,11.97,6.37,9.15
14333,21,5,8,2008,19.109166666666667,9.39,4.5600000000000005,6.3500000000000005
14334,21,6,8,2008,18.394166666666667,9.24,3.83,6.2700000000000005
14335,21,7,8,2008,18.501666666666665,9.08,4.79,6.55
14336,21,8,8,2008,18.0925,7.84,3.75,5.73
14337,21,9,8,2008,18.344166666666666,6.05,2.94,4.25
14338,21,10,8,2008,18.424166666666668,4.8500000000000005,2.67,3.84
14339,21,11,8,2008,18.43166666666667,4.6000000000000005,2.27,3.24
14340,21,12,8,2008,18.544166666666673,4.5600000000000005,2.43,3.35
14341,21,13,8,2008,18.846666666666664,3.92,2.04,2.68
14342,21,14,8,2008,19.64916666666667,2.9,2.13,2.6
14343,21,15,8,2008,20.698333333333334,2.49,1.89,2.27
14344,21,16,8,2008,21.66083333333333,2.9,2.56,2.91
14345,21,17,8,2008,22.59583333333333,3.08,2.87,3.23
14346,21,18,8,2008,23.23,3.81,3.33,3.85
14347,21,19,8,2008,24.519166666666667,5.12,4.19,4.92
14348,21,20,8,2008,25.28916666666667,4.0,3.12,3.72
14349,21,21,8,2008,25.815,4.7,3.84,4.5
14350,21,22,8,2008,26.102499999999996,5.42,3.89,4.89
14351,21,23,8,2008,25.915833333333335,5.76,4.2700000000000005,5.26
14352,22,0,8,2008,24.850833333333338,5.48,3.01,4.87
14353,22,1,8,2008,23.353333333333335,9.66,3.67,6.8
14354,22,2,8,2008,22.73833333333333,9.87,4.23,7.21
14355,22,3,8,2008,22.515833333333333,11.42,4.93,7.98
14356,22,4,8,2008,22.19916666666667,12.08,5.32,8.370000000000001
14357,22,5,8,2008,21.52416666666667,12.59,5.5200000000000005,8.540000000000001
14358,22,6,8,2008,20.9625,12.63,6.0,8.93
14359,22,7,8,2008,20.754166666666666,12.31,6.15,8.93
14360,22,8,8,2008,20.685000000000006,12.39,6.21,8.99
14361,22,9,8,2008,20.327500000000004,12.28,6.45,9.17
14362,22,10,8,2008,20.23583333333333,12.25,6.26,8.950000000000003
14363,22,11,8,2008,20.233333333333338,11.99,5.93,8.57
14364,22,12,8,2008,20.329166666666666,11.53,6.49,8.8
14365,22,13,8,2008,21.7025,10.3,6.1400000000000015,8.4
14366,22,14,8,2008,23.577499999999997,8.35,6.21,7.61
14367,22,15,8,2008,25.495000000000005,8.59,6.29,7.75
14368,22,16,8,2008,27.332500000000007,9.25,6.68,8.28
14369,22,17,8,2008,28.620833333333334,9.71,7.04,8.73
14370,22,18,8,2008,29.8125,9.71,7.0600000000000005,8.74
14371,22,19,8,2008,30.8225,10.19,7.3900000000000015,9.19
14372,22,20,8,2008,31.590000000000003,9.68,6.96,8.67
14373,22,21,8,2008,32.04916666666667,9.01,6.4,7.97
14374,22,22,8,2008,32.12,8.47,5.94,7.46
14375,22,23,8,2008,31.703333333333333,8.040000000000001,5.5,7.03
14376,23,0,8,2008,29.719166666666677,9.75,3.77,6.83
14377,23,1,8,2008,28.2025,11.88,4.91,8.22
14378,23,2,8,2008,27.424166666666665,12.23,5.05,8.42
14379,23,3,8,2008,26.760833333333334,12.56,5.5200000000000005,8.66
14380,23,4,8,2008,26.27333333333333,13.45,6.13,9.32
14381,23,5,8,2008,25.763333333333335,13.64,6.25,9.53
14382,23,6,8,2008,25.105,12.64,5.8,8.88
14383,23,7,8,2008,24.454166666666666,4.36,3.14,4.04
14384,23,8,8,2008,23.483333333333334,7.03,3.33,5.84
14385,23,9,8,2008,23.238333333333333,14.72,9.43,12.45
14386,23,10,8,2008,20.035833333333333,16.63,10.68,14.07
14387,23,11,8,2008,18.014999999999997,11.72,7.73,9.83
14388,23,12,8,2008,16.855833333333333,9.96,6.3900000000000015,8.28
14389,23,13,8,2008,17.805000000000003,5.78,3.76,4.54
14390,23,14,8,2008,19.828333333333333,5.36,4.01,4.86
14391,23,15,8,2008,21.669999999999998,6.22,4.66,5.66
14392,23,16,8,2008,23.3175,5.9,4.51,5.42
14393,23,17,8,2008,24.486666666666668,6.53,5.03,6.04
14394,23,18,8,2008,25.629166666666666,5.15,3.96,4.74
14395,23,19,8,2008,26.466666666666665,4.72,3.7,4.39
14396,23,20,8,2008,27.2325,3.88,3.04,3.6
14397,23,21,8,2008,27.722499999999997,4.04,3.17,3.76
14398,23,22,8,2008,27.894999999999996,3.84,2.96,3.5500000000000003
14399,23,23,8,2008,27.670833333333334,4.41,3.04,3.85
14400,24,0,8,2008,26.028333333333332,6.25,2.4,5.05
14401,24,1,8,2008,23.646666666666665,8.06,2.73,6.42
14402,24,2,8,2008,22.019999999999996,8.22,2.48,6.08
14403,24,3,8,2008,21.43416666666667,8.48,1.96,5.54
14404,24,4,8,2008,20.64916666666667,8.83,2.11,5.44
14405,24,5,8,2008,19.7825,9.17,2.0,5.19
14406,24,6,8,2008,19.104166666666668,9.37,2.21,5.49
14407,24,7,8,2008,18.493333333333336,6.42,2.7,4.3500000000000005
14408,24,8,8,2008,18.411666666666665,6.18,3.51,4.98
14409,24,9,8,2008,18.18166666666667,6.34,3.67,5.43
14410,24,10,8,2008,18.124166666666664,4.98,3.26,4.36
14411,24,11,8,2008,17.992499999999996,5.79,2.61,4.07
14412,24,12,8,2008,17.50916666666667,6.4,3.66,5.05
14413,24,13,8,2008,18.282500000000002,5.62,3.66,4.26
14414,24,14,8,2008,17.968333333333334,4.65,3.56,4.15
14415,24,15,8,2008,19.965833333333332,3.8,2.93,3.47
14416,24,16,8,2008,21.534999999999997,2.85,2.27,2.66
14417,24,17,8,2008,22.69333333333333,1.92,1.59,1.83
14418,24,18,8,2008,23.0,2.47,1.83,2.2
14419,24,19,8,2008,24.33666666666667,4.67,3.74,4.4
14420,24,20,8,2008,25.18916666666667,4.6000000000000005,3.68,4.33
14421,24,21,8,2008,25.890833333333333,3.59,2.73,3.26
14422,24,22,8,2008,26.41416666666667,3.89,2.95,3.5500000000000003
14423,24,23,8,2008,26.21083333333333,5.04,3.56,4.51
14424,25,0,8,2008,24.35166666666667,6.84,2.62,4.32
14425,25,1,8,2008,21.599999999999998,8.46,2.02,5.39
14426,25,2,8,2008,19.934166666666666,9.86,2.17,6.24
14427,25,3,8,2008,18.815,9.74,2.68,6.8900000000000015
14428,25,4,8,2008,17.683333333333334,9.5,2.32,6.43
14429,25,5,8,2008,16.991666666666667,8.99,2.39,6.34
14430,25,6,8,2008,16.49666666666667,7.7,2.33,5.76
14431,25,7,8,2008,15.375833333333334,6.32,1.46,3.93
14432,25,8,8,2008,14.809166666666668,5.8,1.39,3.42
14433,25,9,8,2008,14.201666666666668,5.33,1.38,3.17
14434,25,10,8,2008,13.373333333333333,5.65,1.68,3.62
14435,25,11,8,2008,12.464166666666664,5.87,1.62,3.75
14436,25,12,8,2008,12.754166666666665,5.8100000000000005,2.08,3.69
14437,25,13,8,2008,14.740833333333333,5.37,2.4,3.17
14438,25,14,8,2008,17.1825,3.54,2.5500000000000003,3.0
14439,25,15,8,2008,19.419166666666666,3.73,2.93,3.46
14440,25,16,8,2008,21.015833333333333,4.4,3.45,4.08
14441,25,17,8,2008,22.361666666666668,4.5200000000000005,3.54,4.19
14442,25,18,8,2008,23.438333333333333,4.37,3.51,4.12
14443,25,19,8,2008,24.31833333333334,4.72,3.79,4.46
14444,25,20,8,2008,24.982499999999998,4.64,3.74,4.39
14445,25,21,8,2008,25.407500000000002,4.8100000000000005,3.85,4.55
14446,25,22,8,2008,25.52916666666667,4.69,3.64,4.36
14447,25,23,8,2008,25.063333333333333,5.09,3.79,4.87
14448,26,0,8,2008,23.24,6.75,3.37,6.11
14449,26,1,8,2008,20.640833333333333,8.14,2.09,5.3500000000000005
14450,26,2,8,2008,18.9325,10.78,2.17,6.12
14451,26,3,8,2008,18.155,10.95,3.28,7.37
14452,26,4,8,2008,17.555833333333332,11.25,3.46,7.43
14453,26,5,8,2008,16.7575,11.96,3.86,7.71
14454,26,6,8,2008,16.41083333333333,11.91,3.64,7.6
14455,26,7,8,2008,16.35083333333333,12.17,4.54,8.47
14456,26,8,8,2008,15.345,11.36,3.75,7.79
14457,26,9,8,2008,14.356666666666667,10.52,3.06,7.22
14458,26,10,8,2008,13.659166666666666,9.37,2.63,6.2700000000000005
14459,26,11,8,2008,13.103333333333332,8.27,2.37,5.73
14460,26,12,8,2008,12.822499999999998,7.67,2.43,5.26
14461,26,13,8,2008,15.303333333333335,5.83,2.22,3.46
14462,26,14,8,2008,18.226666666666663,4.97,3.79,4.5600000000000005
14463,26,15,8,2008,20.185,4.87,3.76,4.47
14464,26,16,8,2008,21.6525,4.64,3.61,4.3
14465,26,17,8,2008,23.060000000000002,4.47,3.43,4.1
14466,26,18,8,2008,24.189166666666665,4.48,3.5,4.15
14467,26,19,8,2008,25.095000000000002,5.8100000000000005,4.46,5.34
14468,26,20,8,2008,25.8175,6.33,4.78,5.78
14469,26,21,8,2008,26.2675,6.22,4.65,5.66
14470,26,22,8,2008,26.321666666666662,6.41,4.6000000000000005,5.76
14471,26,23,8,2008,25.804999999999996,7.07,4.61,5.8500000000000005
14472,27,0,8,2008,23.81833333333333,10.63,4.67,8.33
14473,27,1,8,2008,21.849166666666665,11.14,4.61,8.26
14474,27,2,8,2008,21.000833333333333,12.17,4.9,8.55
14475,27,3,8,2008,20.46666666666667,11.94,4.78,8.34
14476,27,4,8,2008,19.553333333333335,12.7,5.3100000000000005,8.88
14477,27,5,8,2008,19.035,12.44,5.1000000000000005,8.73
14478,27,6,8,2008,19.05,12.66,5.76,9.26
14479,27,7,8,2008,18.606666666666666,12.29,5.42,8.75
14480,27,8,8,2008,18.626666666666665,12.32,5.82,9.0
14481,27,9,8,2008,17.959166666666665,12.59,5.7700000000000005,9.0
14482,27,10,8,2008,18.13083333333333,12.6,6.21,9.37
14483,27,11,8,2008,17.535833333333333,12.17,6.18,8.68
14484,27,12,8,2008,16.425,9.88,5.83,8.01
14485,27,13,8,2008,17.85416666666667,3.04,2.75,2.91
14486,27,14,8,2008,20.41416666666667,4.58,3.59,4.13
14487,27,15,8,2008,20.793333333333333,3.77,2.48,3.06
14488,27,16,8,2008,20.955000000000002,8.290000000000001,6.25,7.75
14489,27,17,8,2008,21.515833333333333,12.48,9.02,11.43
14490,27,18,8,2008,23.656666666666666,4.69,3.53,4.2700000000000005
14491,27,19,8,2008,25.700000000000003,7.24,5.54,6.69
14492,27,20,8,2008,26.58833333333334,8.870000000000003,6.41,7.97
14493,27,21,8,2008,26.05666666666667,9.9,7.15,8.91
14494,27,22,8,2008,25.653333333333332,8.84,6.5200000000000005,8.0
14495,27,23,8,2008,26.048333333333336,8.97,6.0600000000000005,7.57
14496,28,0,8,2008,24.955,11.87,5.24,8.53
14497,28,1,8,2008,24.361666666666668,12.85,6.17,9.3
14498,28,2,8,2008,24.450000000000003,13.79,6.9,10.07
14499,28,3,8,2008,24.593333333333337,14.35,7.66,10.8
14500,28,4,8,2008,24.653333333333336,14.66,7.82,11.07
14501,28,5,8,2008,24.899999999999995,15.21,8.36,11.66
14502,28,6,8,2008,24.601666666666663,15.42,8.38,11.6
14503,28,7,8,2008,24.396666666666665,15.62,8.65,11.99
14504,28,8,8,2008,24.289999999999996,15.14,8.13,11.4
14505,28,9,8,2008,24.390833333333333,15.19,8.040000000000001,11.34
14506,28,10,8,2008,24.288333333333338,15.22,8.040000000000001,11.36
14507,28,11,8,2008,23.946666666666673,14.63,7.11,10.39
14508,28,12,8,2008,23.866666666666664,13.61,7.25,9.94
14509,28,13,8,2008,25.370833333333334,12.68,7.73,10.25
14510,28,14,8,2008,26.764999999999997,8.72,6.11,7.56
14511,28,15,8,2008,28.361666666666665,7.55,5.58,6.8100000000000005
14512,28,16,8,2008,29.501666666666665,5.63,4.18,5.07
14513,28,17,8,2008,30.14583333333334,4.99,3.84,4.58
14514,28,18,8,2008,30.510000000000005,6.13,4.71,5.65
14515,28,19,8,2008,30.875833333333336,6.2700000000000005,4.84,5.8
14516,28,20,8,2008,31.0325,8.43,5.63,7.22
14517,28,21,8,2008,29.642500000000002,9.18,6.33,8.26
14518,28,22,8,2008,29.63083333333333,9.1,6.3100000000000005,8.040000000000001
14519,28,23,8,2008,29.484166666666667,10.11,6.2,7.97
14520,29,0,8,2008,27.3475,10.64,5.4,7.9
14521,29,1,8,2008,25.2775,11.59,4.7700000000000005,8.22
14522,29,2,8,2008,23.442500000000006,12.03,4.7,8.63
14523,29,3,8,2008,22.22583333333333,12.9,4.13,8.57
14524,29,4,8,2008,21.00166666666667,12.96,4.2,8.34
14525,29,5,8,2008,19.3275,11.27,3.51,7.34
14526,29,6,8,2008,18.614166666666666,10.73,3.71,7.25
14527,29,7,8,2008,17.63416666666667,10.12,3.13,7.09
14528,29,8,8,2008,16.549166666666668,8.07,2.58,5.63
14529,29,9,8,2008,15.628333333333332,6.25,2.45,4.54
14530,29,10,8,2008,14.967500000000001,5.12,1.86,3.68
14531,29,11,8,2008,14.259999999999998,5.34,2.16,4.03
14532,29,12,8,2008,14.121666666666664,6.0600000000000005,2.82,4.99
14533,29,13,8,2008,16.026666666666667,5.79,2.58,4.08
14534,29,14,8,2008,18.53083333333333,3.99,1.67,1.91
14535,29,15,8,2008,20.886666666666667,1.95,1.63,1.86
14536,29,16,8,2008,23.12166666666667,2.46,2.01,2.33
14537,29,17,8,2008,24.779999999999998,2.64,2.21,2.54
14538,29,18,8,2008,25.835000000000004,2.62,2.2,2.52
14539,29,19,8,2008,26.72,1.83,1.62,1.81
14540,29,20,8,2008,27.4575,1.8,1.5,1.71
14541,29,21,8,2008,27.929999999999996,2.14,1.74,2.02
14542,29,22,8,2008,28.031666666666666,2.33,1.97,2.25
14543,29,23,8,2008,27.554999999999996,3.38,1.75,2.9
14544,30,0,8,2008,24.998333333333335,2.87,1.47,2.59
14545,30,1,8,2008,23.232499999999998,3.35,1.52,2.87
14546,30,2,8,2008,22.64,4.54,2.15,3.97
14547,30,3,8,2008,21.844166666666666,5.62,2.89,5.01
14548,30,4,8,2008,20.6675,6.78,3.3000000000000003,5.86
14549,30,5,8,2008,20.162499999999998,6.34,3.2,5.65
14550,30,6,8,2008,19.815833333333334,6.34,3.22,5.64
14551,30,7,8,2008,19.240833333333338,6.2,3.33,5.61
14552,30,8,8,2008,18.841666666666665,6.0,3.0700000000000003,5.24
14553,30,9,8,2008,18.28666666666667,6.0200000000000005,3.02,5.24
14554,30,10,8,2008,17.593333333333337,5.74,2.91,5.01
14555,30,11,8,2008,16.505,6.46,3.0500000000000003,5.45
14556,30,12,8,2008,16.1125,6.45,3.0,5.43
14557,30,13,8,2008,18.14666666666667,6.45,2.71,4.7
14558,30,14,8,2008,20.754999999999995,5.49,3.48,4.12
14559,30,15,8,2008,22.969166666666666,5.29,4.03,4.8500000000000005
14560,30,16,8,2008,24.911666666666665,6.44,4.83,5.87
14561,30,17,8,2008,26.30333333333333,6.3100000000000005,4.71,5.73
14562,30,18,8,2008,27.429166666666664,6.86,5.0600000000000005,6.19
14563,30,19,8,2008,28.374166666666664,7.77,5.69,6.99
14564,30,20,8,2008,28.89333333333333,8.05,5.84,7.21
14565,30,21,8,2008,29.159166666666668,8.59,6.1000000000000005,7.65
14566,30,22,8,2008,28.9825,8.84,6.12,7.82
14567,30,23,8,2008,27.752499999999998,10.17,5.47,7.34
14568,31,0,8,2008,24.9425,11.76,4.68,9.02
14569,31,1,8,2008,23.591666666666665,12.1,4.96,9.12
14570,31,2,8,2008,21.700833333333332,12.24,4.59,8.93
14571,31,3,8,2008,20.9075,12.73,4.7,8.82
14572,31,4,8,2008,20.50166666666667,12.9,5.17,9.17
14573,31,5,8,2008,20.21916666666667,13.16,5.34,9.31
14574,31,6,8,2008,19.844166666666666,13.79,5.62,9.6
14575,31,7,8,2008,20.110833333333336,13.72,6.24,9.53
14576,31,8,8,2008,20.221666666666668,13.63,6.63,9.79
14577,31,9,8,2008,20.063333333333333,13.44,6.7,9.77
14578,31,10,8,2008,19.7275,13.34,6.8,9.81
14579,31,11,8,2008,19.555000000000003,13.33,6.76,9.78
14580,31,12,8,2008,19.40166666666667,12.47,6.24,9.13
14581,31,13,8,2008,20.019166666666667,10.72,5.6000000000000005,7.86
14582,31,14,8,2008,22.11916666666667,8.14,5.46,6.6400000000000015
14583,31,15,8,2008,24.338333333333335,8.75,6.46,7.9300000000000015
14584,31,16,8,2008,26.07916666666667,8.86,6.53,8.03
14585,31,17,8,2008,27.594166666666666,8.15,6.0,7.36
14586,31,18,8,2008,28.699999999999992,8.15,6.0,7.34
14587,31,19,8,2008,29.41166666666666,8.56,6.2700000000000005,7.7
14588,31,20,8,2008,29.823333333333334,9.05,6.58,8.120000000000001
14589,31,21,8,2008,29.99166666666667,9.31,6.69,8.33
14590,31,22,8,2008,29.804999999999996,10.22,7.23,9.11
14591,31,23,8,2008,29.16166666666666,10.37,7.21,9.16
14592,1,0,9,2008,27.334999999999997,12.81,5.91,9.19
14593,1,1,9,2008,26.014166666666664,13.81,6.74,10.05
14594,1,2,9,2008,24.849166666666665,13.53,6.66,9.91
14595,1,3,9,2008,24.001666666666665,13.78,6.74,10.02
14596,1,4,9,2008,23.472499999999997,13.57,6.54,9.78
14597,1,5,9,2008,22.704166666666666,13.76,6.48,9.75
14598,1,6,9,2008,22.104166666666668,13.93,6.32,9.75
14599,1,7,9,2008,21.596666666666664,13.75,6.37,9.74
14600,1,8,9,2008,21.111666666666668,14.06,6.6400000000000015,10.13
14601,1,9,9,2008,21.064999999999998,14.15,6.73,10.26
14602,1,10,9,2008,20.258333333333336,13.73,6.41,9.87
14603,1,11,9,2008,19.812500000000004,13.19,6.3500000000000005,9.62
14604,1,12,9,2008,19.82916666666667,12.48,6.34,9.21
14605,1,13,9,2008,20.844999999999995,11.04,6.2700000000000005,8.51
14606,1,14,9,2008,23.08583333333333,9.09,5.5,6.68
14607,1,15,9,2008,25.477500000000003,8.55,6.15,7.62
14608,1,16,9,2008,27.231666666666666,9.81,7.0200000000000005,8.74
14609,1,17,9,2008,28.303333333333327,9.67,6.94,8.620000000000001
14610,1,18,9,2008,29.101666666666663,9.7,6.96,8.64
14611,1,19,9,2008,29.76,9.6,6.8900000000000015,8.57
14612,1,20,9,2008,30.116666666666664,10.39,7.45,9.31
14613,1,21,9,2008,30.290000000000003,10.24,7.32,9.15
14614,1,22,9,2008,30.115000000000006,10.16,6.97,8.9
14615,1,23,9,2008,29.367499999999993,10.28,6.8100000000000005,8.77
14616,2,0,9,2008,27.376666666666676,10.71,4.25,7.36
14617,2,1,9,2008,25.750833333333336,11.6,4.24,7.6
14618,2,2,9,2008,25.565,11.11,4.5600000000000005,7.8
14619,2,3,9,2008,24.985833333333332,11.94,4.98,8.15
14620,2,4,9,2008,24.405,12.38,5.03,8.21
14621,2,5,9,2008,24.132499999999993,11.87,5.1000000000000005,8.27
14622,2,6,9,2008,23.613333333333333,12.38,5.11,8.25
14623,2,7,9,2008,23.3875,12.39,5.29,8.46
14624,2,8,9,2008,22.950000000000003,12.72,5.45,8.47
14625,2,9,9,2008,22.53916666666667,12.45,5.45,8.41
14626,2,10,9,2008,22.353333333333335,12.92,5.97,8.97
14627,2,11,9,2008,22.14833333333333,12.35,5.73,8.75
14628,2,12,9,2008,22.138333333333332,12.03,6.16,8.47
14629,2,13,9,2008,23.25166666666667,10.04,5.92,8.0
14630,2,14,9,2008,24.801666666666666,6.5,4.6000000000000005,5.61
14631,2,15,9,2008,26.52333333333334,5.38,3.99,4.86
14632,2,16,9,2008,27.90666666666667,4.41,3.3000000000000003,3.99
14633,2,17,9,2008,28.819999999999997,2.74,2.09,2.49
14634,2,18,9,2008,28.733333333333334,13.03,9.24,11.83
14635,2,19,9,2008,24.732499999999998,13.42,9.96,12.27
14636,2,20,9,2008,24.064166666666665,11.71,8.700000000000001,10.71
14637,2,21,9,2008,22.1925,12.78,9.44,11.68
14638,2,22,9,2008,18.975000000000005,12.44,9.28,11.45
14639,2,23,9,2008,18.73,11.04,8.01,9.97
14640,3,0,9,2008,18.290833333333335,10.17,7.13,9.0
14641,3,1,9,2008,17.401666666666664,10.66,6.69,8.77
14642,3,2,9,2008,17.404166666666665,9.88,5.99,7.98
14643,3,3,9,2008,17.84583333333333,8.76,4.94,6.76
14644,3,4,9,2008,18.320833333333333,8.950000000000003,5.33,6.99
14645,3,5,9,2008,18.422500000000003,10.43,6.62,8.74
14646,3,6,9,2008,17.170833333333338,11.48,7.33,9.7
14647,3,7,9,2008,15.775833333333331,11.98,7.48,9.94
14648,3,8,9,2008,15.286666666666667,11.68,6.68,9.25
14649,3,9,9,2008,14.439166666666665,10.91,6.26,8.57
14650,3,10,9,2008,13.865833333333333,10.73,6.2700000000000005,8.53
14651,3,11,9,2008,13.264166666666666,10.07,6.34,8.36
14652,3,12,9,2008,12.748333333333333,8.99,5.75,7.49
14653,3,13,9,2008,12.055,8.950000000000003,5.54,7.54
14654,3,14,9,2008,11.445833333333335,10.13,6.3500000000000005,8.83
14655,3,15,9,2008,11.32583333333333,9.77,5.95,8.14
14656,3,16,9,2008,11.622500000000002,9.58,6.3500000000000005,8.0
14657,3,17,9,2008,11.70833333333333,9.45,6.28,7.9
14658,3,18,9,2008,11.706666666666665,7.82,5.55,6.8500000000000005
14659,3,19,9,2008,11.263333333333334,6.57,4.8,5.87
14660,3,20,9,2008,11.387500000000001,5.92,3.62,4.5
14661,3,21,9,2008,12.099166666666667,4.72,3.42,4.14
14662,3,22,9,2008,12.441666666666665,4.33,3.27,3.91
14663,3,23,9,2008,12.541666666666663,4.6000000000000005,2.75,3.25
14664,4,0,9,2008,12.46,5.44,2.42,3.82
14665,4,1,9,2008,12.6175,5.93,2.96,4.28
14666,4,2,9,2008,12.828333333333333,6.63,3.76,5.05
14667,4,3,9,2008,12.888333333333334,7.0600000000000005,3.93,5.33
14668,4,4,9,2008,12.905000000000001,7.35,4.28,5.73
14669,4,5,9,2008,12.876666666666667,7.1400000000000015,4.16,5.58
14670,4,6,9,2008,12.780833333333334,6.23,3.71,4.91
14671,4,7,9,2008,12.729166666666666,5.96,3.63,4.86
14672,4,8,9,2008,12.613333333333335,6.86,4.03,5.38
14673,4,9,9,2008,12.981666666666667,8.06,4.45,6.1400000000000015
14674,4,10,9,2008,12.674999999999999,7.98,4.13,6.28
14675,4,11,9,2008,11.5725,9.77,5.01,7.54
14676,4,12,9,2008,11.280833333333334,10.52,4.94,7.61
14677,4,13,9,2008,11.789166666666668,8.8,4.86,6.24
14678,4,14,9,2008,13.754999999999997,6.9,5.26,6.37
14679,4,15,9,2008,15.556666666666667,7.4,5.54,6.75
14680,4,16,9,2008,16.904166666666665,7.42,5.53,6.75
14681,4,17,9,2008,18.4625,7.42,5.5,6.7
14682,4,18,9,2008,19.659166666666668,7.15,5.3100000000000005,6.45
14683,4,19,9,2008,20.652500000000003,7.16,5.33,6.48
14684,4,20,9,2008,21.385,7.0200000000000005,5.16,6.32
14685,4,21,9,2008,21.689166666666665,7.0600000000000005,5.21,6.38
14686,4,22,9,2008,21.705,6.79,5.0,6.13
14687,4,23,9,2008,21.085000000000004,6.83,4.47,5.8500000000000005
14688,5,0,9,2008,18.925,6.72,3.04,5.19
14689,5,1,9,2008,17.398333333333333,6.83,2.21,5.47
14690,5,2,9,2008,15.890833333333338,5.8500000000000005,2.4,4.51
14691,5,3,9,2008,15.32,4.17,2.22,3.63
14692,5,4,9,2008,15.145000000000001,4.26,2.2,3.69
14693,5,5,9,2008,14.620833333333335,3.62,1.85,3.1
14694,5,6,9,2008,13.119166666666667,3.48,1.44,2.71
14695,5,7,9,2008,12.9075,2.85,0.47,1.55
14696,5,8,9,2008,12.565833333333332,1.89,0.77,0.91
14697,5,9,9,2008,12.3525,1.22,0.99,1.4
14698,5,10,9,2008,12.150833333333331,1.31,1.11,1.36
14699,5,11,9,2008,12.040833333333332,1.56,2.11,2.71
14700,5,12,9,2008,11.7275,1.63,2.63,3.13
14701,5,13,9,2008,13.237500000000002,1.8,2.35,2.87
14702,5,14,9,2008,16.308333333333334,1.81,1.52,1.74
14703,5,15,9,2008,18.304999999999996,3.15,2.57,3.0
14704,5,16,9,2008,19.758333333333333,3.54,2.75,3.26
14705,5,17,9,2008,20.720833333333335,3.54,2.74,3.25
14706,5,18,9,2008,21.32166666666667,0.96,0.74,0.87
14707,5,19,9,2008,22.07916666666667,3.45,2.88,3.31
14708,5,20,9,2008,22.413333333333338,3.3000000000000003,2.8000000000000003,3.19
14709,5,21,9,2008,22.484166666666667,3.03,2.63,2.99
14710,5,22,9,2008,22.0975,3.49,2.52,3.4
14711,5,23,9,2008,21.207500000000003,3.26,1.19,2.19
14712,6,0,9,2008,18.98333333333333,6.51,2.58,5.2
14713,6,1,9,2008,17.558333333333334,6.55,2.37,4.82
14714,6,2,9,2008,16.709999999999997,7.46,3.0700000000000003,5.66
14715,6,3,9,2008,15.479999999999999,7.0200000000000005,3.0500000000000003,4.97
14716,6,4,9,2008,13.784166666666666,6.8900000000000015,2.37,5.25
14717,6,5,9,2008,13.437499999999998,4.93,2.06,4.48
14718,6,6,9,2008,13.975000000000001,3.83,1.66,2.81
14719,6,7,9,2008,14.248333333333333,2.6,1.16,1.85
14720,6,8,9,2008,13.018333333333336,1.76,1.13,1.86
14721,6,9,9,2008,12.150833333333333,1.37,1.16,1.59
14722,6,10,9,2008,11.649166666666668,1.99,1.41,2.07
14723,6,11,9,2008,10.895833333333334,1.83,1.2,2.13
14724,6,12,9,2008,10.871666666666668,1.71,0.96,1.95
14725,6,13,9,2008,12.2675,2.66,1.46,2.05
14726,6,14,9,2008,13.893333333333333,1.17,0.92,1.08
14727,6,15,9,2008,15.174999999999999,1.64,1.2,1.44
14728,6,16,9,2008,16.68916666666667,3.16,2.6,3.03
14729,6,17,9,2008,15.843333333333334,3.71,3.02,3.53
14730,6,18,9,2008,15.523333333333333,3.01,2.5,2.88
14731,6,19,9,2008,15.581666666666665,2.51,2.04,2.38
14732,6,20,9,2008,15.690833333333332,2.19,1.75,2.04
14733,6,21,9,2008,15.458333333333334,2.03,1.54,1.82
14734,6,22,9,2008,15.505000000000003,3.02,1.96,2.74
14735,6,23,9,2008,14.943333333333333,3.13,1.93,2.71
14736,7,0,9,2008,14.726666666666668,2.63,1.81,2.69
14737,7,1,9,2008,14.620833333333335,2.72,1.72,2.6
14738,7,2,9,2008,14.4925,2.3000000000000003,1.45,2.28
14739,7,3,9,2008,14.163333333333332,3.72,2.01,3.0500000000000003
14740,7,4,9,2008,13.516666666666664,4.5,2.38,3.49
14741,7,5,9,2008,12.8775,3.85,2.12,3.41
14742,7,6,9,2008,12.274999999999999,3.5,1.81,3.56
14743,7,7,9,2008,11.78416666666667,3.82,1.81,3.17
14744,7,8,9,2008,11.246666666666668,2.87,1.98,2.65
14745,7,9,9,2008,10.344166666666666,2.86,2.71,3.74
14746,7,10,9,2008,10.786666666666667,3.44,2.75,3.81
14747,7,11,9,2008,10.6425,4.46,3.09,3.8
14748,7,12,9,2008,10.720833333333331,4.61,3.01,3.67
14749,7,13,9,2008,10.625833333333333,4.46,2.94,3.52
14750,7,14,9,2008,10.89,3.89,2.77,3.23
14751,7,15,9,2008,11.688333333333333,3.3000000000000003,2.49,2.87
14752,7,16,9,2008,12.685833333333335,2.06,1.75,2.02
14753,7,17,9,2008,14.212499999999999,1.75,1.49,1.69
14754,7,18,9,2008,17.111666666666668,0.98,0.89,0.97
14755,7,19,9,2008,18.50583333333333,1.55,1.47,1.61
14756,7,20,9,2008,19.367499999999996,1.36,1.38,1.46
14757,7,21,9,2008,19.833333333333332,2.35,1.84,2.3000000000000003
14758,7,22,9,2008,18.95083333333334,3.01,1.86,2.75
14759,7,23,9,2008,17.800833333333333,3.5500000000000003,1.85,3.12
14760,8,0,9,2008,17.505,3.7,1.75,3.0700000000000003
14761,8,1,9,2008,17.258333333333336,4.65,1.9,3.67
14762,8,2,9,2008,17.666666666666668,5.2,3.06,4.94
14763,8,3,9,2008,17.300833333333333,6.66,3.99,5.76
14764,8,4,9,2008,15.430833333333332,5.5600000000000005,3.22,4.66
14765,8,5,9,2008,15.410833333333334,3.78,1.39,2.33
14766,8,6,9,2008,15.354166666666664,5.01,2.11,3.4
14767,8,7,9,2008,15.026666666666666,5.45,2.93,3.99
14768,8,8,9,2008,14.275833333333333,6.2700000000000005,3.45,4.78
14769,8,9,9,2008,14.165833333333333,8.09,5.24,6.67
14770,8,10,9,2008,13.730833333333337,5.48,3.43,4.58
14771,8,11,9,2008,13.693333333333333,6.69,3.94,5.39
14772,8,12,9,2008,13.9,8.2,5.11,6.78
14773,8,13,9,2008,12.28416666666667,9.48,5.99,7.94
14774,8,14,9,2008,11.843333333333334,9.99,6.13,8.17
14775,8,15,9,2008,11.8275,11.2,7.16,9.12
14776,8,16,9,2008,11.038333333333334,12.89,8.49,10.82
14777,8,17,9,2008,11.422500000000001,10.4,7.31,9.09
14778,8,18,9,2008,11.579999999999998,8.67,6.37,7.84
14779,8,19,9,2008,11.305833333333332,9.24,6.8900000000000015,8.46
14780,8,20,9,2008,10.988333333333332,8.63,6.2700000000000005,7.72
14781,8,21,9,2008,11.016666666666667,5.94,4.53,5.5200000000000005
14782,8,22,9,2008,11.123333333333333,7.62,6.1400000000000015,7.29
14783,8,23,9,2008,11.01,5.2,3.92,4.75
14784,9,0,9,2008,11.025,4.49,2.67,3.64
14785,9,1,9,2008,10.056666666666667,4.91,1.47,3.4
14786,9,2,9,2008,9.5,4.86,1.66,3.47
14787,9,3,9,2008,8.905833333333332,4.95,1.65,3.46
14788,9,4,9,2008,8.805833333333334,3.9,1.24,2.64
14789,9,5,9,2008,8.5475,3.89,1.36,2.78
14790,9,6,9,2008,8.164166666666667,3.08,0.8200000000000001,1.96
14791,9,7,9,2008,7.997500000000001,2.87,1.03,2.03
14792,9,8,9,2008,7.5025,2.91,1.4,2.19
14793,9,9,9,2008,6.749999999999999,3.01,1.07,2.11
14794,9,10,9,2008,6.9875,2.43,1.05,1.2
14795,9,11,9,2008,7.184999999999999,2.22,1.29,1.4
14796,9,12,9,2008,7.024166666666667,1.71,1.36,1.48
14797,9,13,9,2008,6.904166666666668,2.18,1.41,1.54
14798,9,14,9,2008,7.4675,2.01,1.65,1.91
14799,9,15,9,2008,7.708333333333333,2.36,2.04,2.29
14800,9,16,9,2008,8.530833333333334,2.03,1.65,1.91
14801,9,17,9,2008,10.4225,3.34,2.76,3.18
14802,9,18,9,2008,13.684166666666668,5.49,4.14,4.98
14803,9,19,9,2008,15.805000000000001,7.29,5.55,6.69
14804,9,20,9,2008,16.763333333333335,7.31,5.54,6.69
14805,9,21,9,2008,17.410833333333333,7.19,5.3500000000000005,6.5
14806,9,22,9,2008,17.43916666666667,7.05,5.13,6.38
14807,9,23,9,2008,16.790833333333335,7.35,5.15,6.43
14808,10,0,9,2008,14.843333333333334,10.31,4.01,7.61
14809,10,1,9,2008,13.833333333333334,11.1,4.43,8.1
14810,10,2,9,2008,13.174999999999997,11.92,4.6000000000000005,8.07
14811,10,3,9,2008,12.805,12.23,4.82,8.07
14812,10,4,9,2008,12.498333333333333,12.2,4.92,8.1
14813,10,5,9,2008,12.085833333333333,12.0,4.44,7.57
14814,10,6,9,2008,11.8225,11.9,4.29,7.34
14815,10,7,9,2008,11.736666666666666,11.83,4.47,7.43
14816,10,8,9,2008,11.867500000000001,12.2,5.05,7.9300000000000015
14817,10,9,9,2008,12.054166666666667,12.48,5.64,8.53
14818,10,10,9,2008,11.878333333333332,12.2,5.33,8.21
14819,10,11,9,2008,11.760833333333332,12.14,5.37,8.22
14820,10,12,9,2008,11.761666666666668,10.48,5.3500000000000005,7.46
14821,10,13,9,2008,14.1875,10.1,6.1400000000000015,7.73
14822,10,14,9,2008,14.9075,9.97,6.65,8.120000000000001
14823,10,15,9,2008,16.35916666666667,9.07,6.74,8.18
14824,10,16,9,2008,18.5425,8.33,6.33,7.65
14825,10,17,9,2008,19.94,7.71,5.83,7.05
14826,10,18,9,2008,21.793333333333333,9.3,6.82,8.38
14827,10,19,9,2008,22.528333333333332,9.19,6.65,8.24
14828,10,20,9,2008,23.26833333333333,9.81,6.92,8.69
14829,10,21,9,2008,23.291666666666668,10.23,7.28,9.08
14830,10,22,9,2008,23.31916666666667,10.79,7.41,9.41
14831,10,23,9,2008,22.74833333333333,10.54,7.05,8.94
14832,11,0,9,2008,22.03916666666667,10.09,5.65,7.87
14833,11,1,9,2008,21.881666666666664,9.32,4.93,7.0
14834,11,2,9,2008,21.545833333333334,11.44,5.8,8.55
14835,11,3,9,2008,20.976666666666667,11.14,5.7700000000000005,8.34
14836,11,4,9,2008,20.83916666666667,11.43,6.8100000000000005,9.11
14837,11,5,9,2008,20.545833333333334,12.48,7.03,9.75
14838,11,6,9,2008,20.397499999999997,11.87,6.76,9.38
14839,11,7,9,2008,20.360000000000003,10.95,6.72,8.96
14840,11,8,9,2008,20.351666666666663,10.65,6.34,8.55
14841,11,9,9,2008,20.570833333333333,11.91,7.22,9.67
14842,11,10,9,2008,20.673333333333336,12.08,7.4,9.88
14843,11,11,9,2008,20.60166666666667,11.75,7.12,9.56
14844,11,12,9,2008,20.616666666666664,11.1,6.4,8.76
14845,11,13,9,2008,20.764166666666668,10.89,6.66,8.77
14846,11,14,9,2008,21.201666666666668,10.1,7.05,8.790000000000001
14847,11,15,9,2008,22.334999999999997,9.63,6.8100000000000005,8.51
14848,11,16,9,2008,23.911666666666665,9.03,6.49,8.02
14849,11,17,9,2008,25.132500000000004,9.77,7.04,8.69
14850,11,18,9,2008,26.113333333333333,10.9,7.83,9.71
14851,11,19,9,2008,26.322500000000005,10.74,7.61,9.57
14852,11,20,9,2008,25.88083333333333,10.78,7.65,9.57
14853,11,21,9,2008,25.49083333333333,11.42,8.27,10.23
14854,11,22,9,2008,24.705000000000002,9.8,7.0,8.71
14855,11,23,9,2008,23.340833333333332,6.8500000000000005,4.76,6.03
14856,12,0,9,2008,22.8025,7.51,3.76,5.57
14857,12,1,9,2008,22.430000000000003,8.44,4.84,6.67
14858,12,2,9,2008,21.915833333333335,8.41,4.89,6.7
14859,12,3,9,2008,21.522500000000004,6.87,3.84,5.3100000000000005
14860,12,4,9,2008,20.855833333333333,5.92,3.73,5.26
14861,12,5,9,2008,19.75083333333333,7.6,4.29,5.88
14862,12,6,9,2008,19.675,6.87,4.29,5.61
14863,12,7,9,2008,19.441666666666666,8.5,5.64,7.31
14864,12,8,9,2008,19.214166666666667,6.57,3.87,5.13
14865,12,9,9,2008,19.239166666666666,5.71,3.27,4.46
14866,12,10,9,2008,19.278333333333336,4.7700000000000005,2.6,3.75
14867,12,11,9,2008,19.420833333333334,4.5200000000000005,2.45,3.51
14868,12,12,9,2008,19.464166666666667,4.88,2.76,3.88
14869,12,13,9,2008,19.382499999999997,5.62,3.26,4.48
14870,12,14,9,2008,19.37,6.5,4.0,5.33
14871,12,15,9,2008,19.415833333333335,7.17,4.28,5.86
14872,12,16,9,2008,19.3275,7.61,4.58,6.23
14873,12,17,9,2008,19.15083333333334,7.67,4.24,6.12
14874,12,18,9,2008,19.18583333333333,7.15,3.77,5.3100000000000005
14875,12,19,9,2008,19.66,6.66,1.82,3.21
14876,12,20,9,2008,22.090000000000003,7.79,5.48,6.86
14877,12,21,9,2008,22.352500000000003,7.8,5.54,6.91
14878,12,22,9,2008,21.9175,7.15,4.79,5.95
14879,12,23,9,2008,21.344166666666666,6.36,3.78,5.0600000000000005
14880,13,0,9,2008,20.814166666666665,5.87,3.26,4.6000000000000005
14881,13,1,9,2008,20.741666666666667,7.13,4.25,5.65
14882,13,2,9,2008,20.62666666666667,6.07,3.52,4.87
14883,13,3,9,2008,20.605833333333333,5.65,3.26,4.46
14884,13,4,9,2008,20.684166666666666,7.17,4.28,5.72
14885,13,5,9,2008,20.645833333333332,7.11,4.32,5.82
14886,13,6,9,2008,20.596666666666668,8.01,5.2700000000000005,6.75
14887,13,7,9,2008,20.573333333333334,7.25,4.14,5.65
14888,13,8,9,2008,20.700833333333335,8.85,5.08,6.93
14889,13,9,9,2008,20.8025,8.88,5.22,7.0200000000000005
14890,13,10,9,2008,20.765,8.86,5.11,6.8900000000000015
14891,13,11,9,2008,20.3975,7.94,5.01,6.6000000000000005
14892,13,12,9,2008,19.492500000000003,6.19,3.91,5.16
14893,13,13,9,2008,19.2275,6.34,3.76,5.1000000000000005
14894,13,14,9,2008,19.24333333333333,6.2,4.24,5.25
14895,13,15,9,2008,20.138333333333335,5.45,4.03,4.89
14896,13,16,9,2008,21.298333333333336,4.74,3.5700000000000003,4.29
14897,13,17,9,2008,22.459999999999997,4.2700000000000005,3.23,3.88
14898,13,18,9,2008,23.215833333333332,4.43,3.39,4.05
14899,13,19,9,2008,23.777500000000003,5.4,4.04,4.91
14900,13,20,9,2008,24.310833333333335,5.29,3.98,4.8
14901,13,21,9,2008,24.530833333333334,5.58,4.05,5.0600000000000005
14902,13,22,9,2008,24.61333333333334,5.89,4.04,5.18
14903,13,23,9,2008,24.16333333333333,5.49,3.0500000000000003,4.53
14904,14,0,9,2008,22.890833333333333,7.78,3.37,6.33
14905,14,1,9,2008,22.06083333333333,7.6,3.58,6.4
14906,14,2,9,2008,20.615000000000006,8.92,3.7,6.44
14907,14,3,9,2008,19.730833333333333,9.71,3.73,6.5600000000000005
14908,14,4,9,2008,19.06,10.23,4.32,7.03
14909,14,5,9,2008,18.396666666666665,11.02,4.5600000000000005,7.32
14910,14,6,9,2008,18.357499999999998,12.08,6.13,8.81
14911,14,7,9,2008,17.642500000000002,12.61,7.2,9.9
14912,14,8,9,2008,16.871666666666666,12.2,6.57,9.1
14913,14,9,9,2008,15.704999999999998,13.9,7.53,10.55
14914,14,10,9,2008,15.106666666666667,14.01,7.6400000000000015,10.68
14915,14,11,9,2008,14.5575,14.84,8.540000000000001,11.65
14916,14,12,9,2008,13.805833333333332,14.95,9.1,12.11
14917,14,13,9,2008,13.579999999999998,14.83,9.43,12.35
14918,14,14,9,2008,13.790833333333333,13.99,9.59,12.19
14919,14,15,9,2008,14.384166666666667,15.29,10.69,13.46
14920,14,16,9,2008,15.056666666666667,15.3,10.65,13.42
14921,14,17,9,2008,15.03833333333334,15.18,10.53,13.32
14922,14,18,9,2008,15.501666666666667,13.78,9.64,12.09
14923,14,19,9,2008,15.928333333333333,14.08,9.71,12.17
14924,14,20,9,2008,16.1675,14.2,9.94,12.53
14925,14,21,9,2008,16.50916666666667,12.74,8.58,11.06
14926,14,22,9,2008,16.9675,11.95,8.07,10.27
14927,14,23,9,2008,16.3175,12.45,7.81,10.39
14928,15,0,9,2008,14.807499999999997,12.61,5.4,8.81
14929,15,1,9,2008,13.879166666666668,14.6,5.47,9.31
14930,15,2,9,2008,12.893333333333333,12.96,4.91,8.55
14931,15,3,9,2008,12.118333333333334,11.55,4.55,8.0
14932,15,4,9,2008,11.684999999999997,12.07,5.03,8.25
14933,15,5,9,2008,11.084166666666667,12.01,5.14,8.370000000000001
14934,15,6,9,2008,10.355,11.54,4.98,8.45
14935,15,7,9,2008,9.381666666666666,11.18,4.5200000000000005,8.02
14936,15,8,9,2008,8.250000000000002,9.61,3.96,7.47
14937,15,9,9,2008,7.680833333333335,9.33,3.95,7.33
14938,15,10,9,2008,6.905833333333334,8.88,3.74,6.84
14939,15,11,9,2008,6.508333333333333,7.85,3.76,6.83
14940,15,12,9,2008,6.38,7.26,3.81,6.8500000000000005
14941,15,13,9,2008,8.1775,7.4,4.15,6.3
14942,15,14,9,2008,10.450000000000001,6.18,3.18,3.74
14943,15,15,9,2008,12.735,4.47,3.35,4.05
14944,15,16,9,2008,14.23666666666667,4.65,3.49,4.21
14945,15,17,9,2008,15.560833333333333,4.61,3.47,4.18
14946,15,18,9,2008,16.741666666666667,4.65,3.5,4.22
14947,15,19,9,2008,17.71916666666667,4.39,3.3000000000000003,3.98
14948,15,20,9,2008,18.451666666666664,3.5700000000000003,2.69,3.23
14949,15,21,9,2008,18.964166666666667,3.09,2.34,2.81
14950,15,22,9,2008,19.165000000000003,2.56,1.95,2.33
14951,15,23,9,2008,18.559166666666666,2.07,1.66,1.97
14952,16,0,9,2008,16.495833333333334,1.51,0.68,1.39
14953,16,1,9,2008,15.27833333333333,2.81,1.64,2.81
14954,16,2,9,2008,14.899999999999999,4.13,2.78,4.32
14955,16,3,9,2008,14.470000000000004,5.18,3.43,5.64
14956,16,4,9,2008,14.217499999999996,6.19,4.08,6.43
14957,16,5,9,2008,13.775833333333333,7.33,4.36,7.2
14958,16,6,9,2008,13.2175,8.540000000000001,4.59,7.87
14959,16,7,9,2008,12.9975,9.6,4.8100000000000005,8.26
14960,16,8,9,2008,12.661666666666664,9.68,5.0600000000000005,8.370000000000001
14961,16,9,9,2008,12.633333333333333,10.16,5.55,8.74
14962,16,10,9,2008,12.445000000000002,10.43,5.62,8.77
14963,16,11,9,2008,12.159166666666664,11.24,6.03,9.11
14964,16,12,9,2008,11.88,11.62,6.48,9.38
14965,16,13,9,2008,13.01,11.58,6.49,9.23
14966,16,14,9,2008,15.045833333333334,10.6,5.88,7.88
14967,16,15,9,2008,17.50583333333333,8.99,5.55,6.61
14968,16,16,9,2008,19.635,6.75,5.24,6.24
14969,16,17,9,2008,21.18333333333333,6.36,4.78,5.8100000000000005
14970,16,18,9,2008,22.32166666666667,6.53,4.86,5.94
14971,16,19,9,2008,23.131666666666664,6.55,4.8500000000000005,5.95
14972,16,20,9,2008,23.590833333333336,6.65,4.9,6.0200000000000005
14973,16,21,9,2008,23.766666666666662,6.8,4.86,6.12
14974,16,22,9,2008,23.595,6.79,4.86,6.11
14975,16,23,9,2008,22.449166666666667,6.76,3.5700000000000003,5.26
14976,17,0,9,2008,20.47583333333333,8.55,4.41,7.55
14977,17,1,9,2008,19.56916666666666,9.66,4.95,8.51
14978,17,2,9,2008,19.036666666666665,10.62,5.41,9.11
14979,17,3,9,2008,18.569166666666668,11.07,5.55,9.31
14980,17,4,9,2008,17.958333333333332,11.74,5.8,9.52
14981,17,5,9,2008,17.36916666666667,12.03,5.89,9.63
14982,17,6,9,2008,16.81666666666667,11.92,5.9,9.5
14983,17,7,9,2008,16.375833333333333,12.02,5.97,9.42
14984,17,8,9,2008,16.080833333333334,12.21,6.22,9.64
14985,17,9,9,2008,15.5775,12.39,6.3100000000000005,9.73
14986,17,10,9,2008,15.032499999999999,12.2,6.24,9.54
14987,17,11,9,2008,14.722499999999998,11.56,6.05,9.27
14988,17,12,9,2008,14.173333333333332,11.22,6.05,9.14
14989,17,13,9,2008,14.839166666666666,11.24,6.19,9.01
14990,17,14,9,2008,16.455833333333334,10.31,5.55,7.77
14991,17,15,9,2008,18.866666666666667,8.33,4.92,5.84
14992,17,16,9,2008,21.031666666666666,4.88,3.74,4.46
14993,17,17,9,2008,22.673333333333332,4.3,3.26,3.93
14994,17,18,9,2008,23.799166666666665,4.32,3.28,3.95
14995,17,19,9,2008,24.49416666666666,4.13,3.14,3.78
14996,17,20,9,2008,24.886666666666667,4.01,3.0500000000000003,3.67
14997,17,21,9,2008,24.9525,4.21,3.2,3.92
14998,17,22,9,2008,24.625000000000004,4.9,3.45,4.2700000000000005
14999,17,23,9,2008,23.281666666666666,5.91,2.8000000000000003,5.0
15000,18,0,9,2008,20.796666666666663,6.96,3.21,6.05
15001,18,1,9,2008,19.504166666666666,7.18,3.52,6.7700000000000005
15002,18,2,9,2008,18.965,7.0600000000000005,3.74,6.92
15003,18,3,9,2008,18.39,6.79,3.88,6.37
15004,18,4,9,2008,17.92083333333333,7.9,4.1,6.8
15005,18,5,9,2008,17.205833333333334,8.870000000000003,4.3,7.52
15006,18,6,9,2008,16.912499999999998,9.06,4.41,7.76
15007,18,7,9,2008,16.320833333333336,9.12,4.41,7.87
15008,18,8,9,2008,15.804999999999998,8.51,4.32,7.63
15009,18,9,9,2008,15.484166666666667,8.16,4.24,7.51
15010,18,10,9,2008,15.023333333333332,7.97,4.12,7.18
15011,18,11,9,2008,14.909166666666666,7.57,4.15,6.83
15012,18,12,9,2008,14.7325,7.45,4.13,6.6000000000000005
15013,18,13,9,2008,15.893333333333333,7.3900000000000015,4.0,6.4
15014,18,14,9,2008,17.466666666666665,6.9,3.23,4.6000000000000005
15015,18,15,9,2008,19.489166666666666,4.98,3.73,4.5200000000000005
15016,18,16,9,2008,21.075833333333335,6.0200000000000005,4.49,5.48
15017,18,17,9,2008,21.9075,6.23,4.65,5.67
15018,18,18,9,2008,22.587499999999995,6.11,4.5600000000000005,5.55
15019,18,19,9,2008,23.146666666666665,6.1400000000000015,4.59,5.58
15020,18,20,9,2008,23.5925,6.0600000000000005,4.46,5.47
15021,18,21,9,2008,23.613333333333333,7.01,5.17,6.38
15022,18,22,9,2008,23.310000000000002,6.88,5.01,6.24
15023,18,23,9,2008,22.173333333333332,8.86,4.0,7.17
15024,19,0,9,2008,20.42833333333333,9.37,4.16,7.85
15025,19,1,9,2008,19.249166666666664,11.02,4.26,8.07
15026,19,2,9,2008,18.532500000000002,12.07,4.78,8.620000000000001
15027,19,3,9,2008,17.89333333333333,12.5,5.18,8.73
15028,19,4,9,2008,17.265833333333337,12.57,5.14,8.65
15029,19,5,9,2008,16.609166666666667,12.39,5.13,8.63
15030,19,6,9,2008,16.700833333333335,12.28,5.16,8.65
15031,19,7,9,2008,16.111666666666665,11.69,4.86,8.540000000000001
15032,19,8,9,2008,16.084166666666665,11.36,4.89,8.43
15033,19,9,9,2008,15.813333333333334,10.37,4.41,7.8900000000000015
15034,19,10,9,2008,15.413333333333336,9.73,4.15,7.3900000000000015
15035,19,11,9,2008,15.173333333333334,8.99,4.2,7.01
15036,19,12,9,2008,14.657499999999999,8.22,3.77,6.67
15037,19,13,9,2008,15.58,7.37,3.76,6.0600000000000005
15038,19,14,9,2008,17.8625,5.94,3.09,3.67
15039,19,15,9,2008,20.106666666666666,4.22,3.06,3.75
15040,19,16,9,2008,21.55,5.36,3.99,4.8500000000000005
15041,19,17,9,2008,22.235,5.57,4.15,5.05
15042,19,18,9,2008,22.938333333333333,5.8500000000000005,4.38,5.33
15043,19,19,9,2008,23.47583333333333,6.17,4.68,5.68
15044,19,20,9,2008,23.804166666666664,6.0200000000000005,4.57,5.54
15045,19,21,9,2008,23.9725,5.62,4.25,5.18
15046,19,22,9,2008,23.76,6.0,4.17,5.3100000000000005
15047,19,23,9,2008,22.981666666666666,4.86,3.19,4.13
15048,20,0,9,2008,21.0925,6.45,3.11,5.78
15049,20,1,9,2008,20.105,6.63,3.3000000000000003,6.21
15050,20,2,9,2008,19.54833333333333,5.7,2.99,5.4
15051,20,3,9,2008,19.264166666666668,5.96,2.95,5.26
15052,20,4,9,2008,18.871666666666666,6.2,3.42,5.64
15053,20,5,9,2008,18.739166666666666,6.0,3.15,5.51
15054,20,6,9,2008,18.226666666666663,6.26,3.56,5.76
15055,20,7,9,2008,17.59333333333333,6.38,3.5500000000000003,5.84
15056,20,8,9,2008,17.01083333333333,6.15,3.24,5.43
15057,20,9,9,2008,16.960833333333333,4.59,2.91,4.68
15058,20,10,9,2008,16.455833333333334,4.13,2.96,4.57
15059,20,11,9,2008,16.639166666666668,3.62,2.7,4.15
15060,20,12,9,2008,17.240833333333335,3.56,2.7,4.17
15061,20,13,9,2008,16.5325,2.42,1.86,2.32
15062,20,14,9,2008,19.110833333333336,2.14,0.99,1.09
15063,20,15,9,2008,21.16,1.88,1.64,1.85
15064,20,16,9,2008,22.712500000000002,2.13,1.69,1.96
15065,20,17,9,2008,23.56083333333333,2.6,2.04,2.4
15066,20,18,9,2008,24.0925,2.87,2.27,2.67
15067,20,19,9,2008,24.531666666666666,5.76,4.5600000000000005,5.48
15068,20,20,9,2008,24.507500000000004,6.05,5.14,6.0
15069,20,21,9,2008,24.5,5.41,4.34,5.15
15070,20,22,9,2008,24.5775,3.96,3.12,3.7
15071,20,23,9,2008,23.955000000000002,4.01,2.44,3.74
15072,21,0,9,2008,22.0,4.51,2.02,3.9
15073,21,1,9,2008,20.18166666666667,7.2,3.0500000000000003,6.13
15074,21,2,9,2008,19.522499999999997,8.290000000000001,3.36,6.83
15075,21,3,9,2008,19.194166666666664,8.67,3.72,7.01
15076,21,4,9,2008,18.700833333333332,8.19,3.6,6.78
15077,21,5,9,2008,17.85166666666667,7.52,3.18,6.17
15078,21,6,9,2008,17.548333333333336,8.16,3.53,6.3500000000000005
15079,21,7,9,2008,17.125833333333336,7.8900000000000015,3.31,6.23
15080,21,8,9,2008,16.540000000000003,8.34,3.53,6.49
15081,21,9,9,2008,16.52,8.68,3.84,6.84
15082,21,10,9,2008,16.0775,8.18,3.74,6.6000000000000005
15083,21,11,9,2008,15.251666666666665,7.36,3.52,6.22
15084,21,12,9,2008,14.821666666666667,6.92,3.15,5.79
15085,21,13,9,2008,16.22583333333333,6.96,3.56,5.5200000000000005
15086,21,14,9,2008,17.921666666666667,5.43,3.31,3.86
15087,21,15,9,2008,19.765833333333333,4.42,3.58,4.2
15088,21,16,9,2008,20.977499999999996,5.07,4.03,4.7700000000000005
15089,21,17,9,2008,22.122500000000002,5.4,4.24,5.04
15090,21,18,9,2008,22.90583333333333,5.68,4.3500000000000005,5.22
15091,21,19,9,2008,23.493333333333336,5.75,4.39,5.28
15092,21,20,9,2008,23.874166666666667,6.15,4.66,5.63
15093,21,21,9,2008,23.77416666666667,7.11,5.19,6.3900000000000015
15094,21,22,9,2008,23.25333333333333,7.85,5.62,7.04
15095,21,23,9,2008,22.37,8.16,5.48,6.93
15096,22,0,9,2008,20.691666666666666,9.52,4.37,7.18
15097,22,1,9,2008,19.881666666666668,10.68,5.11,7.85
15098,22,2,9,2008,19.579166666666666,11.49,5.49,8.23
15099,22,3,9,2008,19.195,11.86,5.58,8.370000000000001
15100,22,4,9,2008,18.753333333333334,11.92,5.15,8.06
15101,22,5,9,2008,18.361666666666668,11.84,5.32,8.26
15102,22,6,9,2008,18.0425,12.04,5.59,8.41
15103,22,7,9,2008,17.6375,12.21,6.2,8.98
15104,22,8,9,2008,17.30833333333333,12.21,6.19,9.01
15105,22,9,9,2008,17.009166666666665,12.81,6.5600000000000005,9.46
15106,22,10,9,2008,16.791666666666668,12.46,6.29,9.11
15107,22,11,9,2008,16.425833333333333,12.88,6.8900000000000015,9.72
15108,22,12,9,2008,16.470000000000002,13.08,7.22,9.99
15109,22,13,9,2008,17.416666666666668,12.97,7.62,10.21
15110,22,14,9,2008,18.754166666666666,10.68,6.83,8.36
15111,22,15,9,2008,20.178333333333335,10.16,7.49,9.22
15112,22,16,9,2008,21.892500000000002,10.39,7.56,9.34
15113,22,17,9,2008,23.42583333333333,10.97,7.9,9.81
15114,22,18,9,2008,24.41333333333333,11.75,8.36,10.45
15115,22,19,9,2008,25.30416666666667,12.38,8.73,10.95
15116,22,20,9,2008,25.87,12.84,8.94,11.31
15117,22,21,9,2008,26.012500000000006,12.81,8.9,11.27
15118,22,22,9,2008,25.709166666666665,12.22,8.36,10.68
15119,22,23,9,2008,24.53333333333333,12.37,7.1000000000000005,9.86
15120,23,0,9,2008,23.085833333333337,14.29,7.28,10.67
15121,23,1,9,2008,22.007500000000004,13.64,6.8100000000000005,10.03
15122,23,2,9,2008,21.435000000000002,13.97,7.09,10.34
15123,23,3,9,2008,20.901666666666667,14.51,7.58,10.9
15124,23,4,9,2008,19.914166666666667,13.75,6.8900000000000015,10.09
15125,23,5,9,2008,19.325,14.0,7.22,10.38
15126,23,6,9,2008,18.99416666666667,14.05,7.27,10.43
15127,23,7,9,2008,18.625,14.23,7.55,10.71
15128,23,8,9,2008,18.301666666666666,14.33,7.6,10.75
15129,23,9,9,2008,18.449166666666667,14.83,7.97,11.24
15130,23,10,9,2008,17.868333333333336,14.38,7.58,10.74
15131,23,11,9,2008,17.333333333333332,13.3,6.93,9.87
15132,23,12,9,2008,17.495,13.83,7.6,10.52
15133,23,13,9,2008,18.098333333333333,13.61,8.16,10.89
15134,23,14,9,2008,19.46083333333333,11.53,7.55,9.3
15135,23,15,9,2008,21.258333333333333,10.48,7.68,9.46
15136,23,16,9,2008,22.825000000000003,10.19,7.4,9.13
15137,23,17,9,2008,24.150000000000002,10.65,7.73,9.57
15138,23,18,9,2008,25.2175,10.66,7.73,9.57
15139,23,19,9,2008,26.03833333333333,10.27,7.44,9.2
15140,23,20,9,2008,26.59916666666666,9.48,6.74,8.370000000000001
15141,23,21,9,2008,26.82166666666667,8.86,6.24,7.78
15142,23,22,9,2008,26.656666666666666,8.91,6.17,7.79
15143,23,23,9,2008,25.580833333333334,9.79,4.92,7.3900000000000015
15144,24,0,9,2008,20.574166666666667,8.52,5.47,6.83
15145,24,1,9,2008,18.451666666666664,5.95,3.36,4.76
15146,24,2,9,2008,19.02,10.31,6.95,9.01
15147,24,3,9,2008,17.664166666666663,9.22,7.91,9.38
15148,24,4,9,2008,17.576666666666668,6.03,3.6,4.8100000000000005
15149,24,5,9,2008,17.343333333333334,5.26,3.88,4.74
15150,24,6,9,2008,17.150833333333335,8.42,5.55,7.3900000000000015
15151,24,7,9,2008,17.081666666666667,7.77,4.57,6.22
15152,24,8,9,2008,16.951666666666668,7.91,4.73,6.3900000000000015
15153,24,9,9,2008,17.180000000000003,6.68,3.43,4.94
15154,24,10,9,2008,17.384166666666665,7.37,4.54,6.05
15155,24,11,9,2008,17.651666666666667,10.15,5.54,7.44
15156,24,12,9,2008,17.390833333333333,10.82,5.3,7.78
15157,24,13,9,2008,18.217499999999998,10.53,5.68,7.85
15158,24,14,9,2008,19.84,7.74,4.62,5.7
15159,24,15,9,2008,21.438333333333333,4.74,3.6,4.34
15160,24,16,9,2008,22.629166666666666,2.83,2.13,2.56
15161,24,17,9,2008,23.46666666666667,2.08,1.66,1.93
15162,24,18,9,2008,24.174999999999997,2.47,2.04,2.34
15163,24,19,9,2008,24.872500000000002,2.94,2.45,2.82
15164,24,20,9,2008,25.267500000000002,4.08,3.31,3.87
15165,24,21,9,2008,25.364166666666673,4.16,3.3000000000000003,3.9
15166,24,22,9,2008,25.204166666666666,5.36,3.92,4.9
15167,24,23,9,2008,24.269166666666663,5.89,4.12,5.22
15168,25,0,9,2008,22.5525,6.7,3.11,5.69
15169,25,1,9,2008,21.41333333333333,8.370000000000001,3.4,6.47
15170,25,2,9,2008,20.815,8.77,3.6,6.92
15171,25,3,9,2008,20.25166666666667,9.24,3.7,7.04
15172,25,4,9,2008,19.2525,8.8,3.35,6.8500000000000005
15173,25,5,9,2008,19.227500000000003,9.08,3.49,6.94
15174,25,6,9,2008,18.8725,9.34,3.69,7.15
15175,25,7,9,2008,18.6075,9.06,3.99,7.26
15176,25,8,9,2008,17.973333333333333,8.4,3.8,6.8500000000000005
15177,25,9,9,2008,17.594166666666666,8.120000000000001,3.75,6.69
15178,25,10,9,2008,16.96,8.14,3.85,6.58
15179,25,11,9,2008,16.474166666666672,7.77,3.71,6.19
15180,25,12,9,2008,16.98333333333333,7.8900000000000015,3.68,6.11
15181,25,13,9,2008,17.521666666666665,7.94,3.92,6.12
15182,25,14,9,2008,18.99,6.93,4.28,5.12
15183,25,15,9,2008,20.989166666666666,5.51,4.2,5.0600000000000005
15184,25,16,9,2008,22.620833333333334,5.51,4.19,5.0600000000000005
15185,25,17,9,2008,23.874166666666667,5.2700000000000005,4.03,4.84
15186,25,18,9,2008,24.77083333333334,5.32,4.05,4.87
15187,25,19,9,2008,25.313333333333333,5.33,4.07,4.9
15188,25,20,9,2008,25.704166666666666,5.69,4.33,5.22
15189,25,21,9,2008,25.84916666666666,5.65,4.25,5.18
15190,25,22,9,2008,25.58,6.21,4.45,5.6000000000000005
15191,25,23,9,2008,24.258333333333336,7.36,3.77,6.46
15192,26,0,9,2008,22.488333333333333,8.4,4.09,7.44
15193,26,1,9,2008,21.411666666666665,8.65,3.94,7.43
15194,26,2,9,2008,20.773333333333333,9.81,4.18,7.7
15195,26,3,9,2008,19.8875,9.98,4.29,7.86
15196,26,4,9,2008,19.53166666666667,10.5,4.7,8.22
15197,26,5,9,2008,19.2525,10.49,4.89,8.2
15198,26,6,9,2008,18.91,10.81,5.05,8.4
15199,26,7,9,2008,18.511666666666667,11.23,5.16,8.540000000000001
15200,26,8,9,2008,18.168333333333333,11.23,5.18,8.5
15201,26,9,9,2008,17.78,11.06,5.0200000000000005,8.39
15202,26,10,9,2008,17.61416666666667,11.47,5.29,8.53
15203,26,11,9,2008,17.437500000000004,11.39,5.29,8.45
15204,26,12,9,2008,17.082499999999996,11.37,5.3,8.44
15205,26,13,9,2008,17.80666666666667,10.73,5.4,8.0
15206,26,14,9,2008,19.47083333333333,9.74,4.94,6.8500000000000005
15207,26,15,9,2008,21.487499999999997,7.53,5.07,6.1400000000000015
15208,26,16,9,2008,23.411666666666665,7.01,5.2,6.36
15209,26,17,9,2008,24.675833333333333,7.19,5.33,6.5200000000000005
15210,26,18,9,2008,25.487499999999997,6.91,5.11,6.25
15211,26,19,9,2008,26.014166666666668,6.87,5.08,6.2
15212,26,20,9,2008,26.355,6.62,4.84,5.96
15213,26,21,9,2008,26.366666666666664,6.8900000000000015,5.04,6.21
15214,26,22,9,2008,26.007500000000004,7.08,5.0200000000000005,6.36
15215,26,23,9,2008,24.534999999999997,8.51,3.89,6.68
15216,27,0,9,2008,22.594166666666666,9.67,4.08,7.46
15217,27,1,9,2008,21.488333333333333,9.94,4.32,7.62
15218,27,2,9,2008,20.969166666666666,10.53,4.69,8.11
15219,27,3,9,2008,20.169999999999998,10.06,4.79,8.08
15220,27,4,9,2008,19.706666666666667,11.1,5.29,8.620000000000001
15221,27,5,9,2008,19.21666666666667,11.54,5.64,8.88
15222,27,6,9,2008,18.816666666666666,11.29,5.41,8.58
15223,27,7,9,2008,18.42666666666667,10.9,5.17,8.33
15224,27,8,9,2008,18.206666666666667,10.89,5.3,8.4
15225,27,9,9,2008,18.0025,10.64,5.2,8.21
15226,27,10,9,2008,17.549166666666668,10.43,4.97,7.94
15227,27,11,9,2008,17.08416666666667,9.44,4.86,7.76
15228,27,12,9,2008,16.611666666666668,8.290000000000001,4.17,6.78
15229,27,13,9,2008,17.617499999999996,7.65,4.14,6.11
15230,27,14,9,2008,19.5575,6.34,3.51,4.5
15231,27,15,9,2008,21.636666666666667,3.81,2.89,3.37
15232,27,16,9,2008,23.33,2.8000000000000003,2.22,2.61
15233,27,17,9,2008,24.575000000000003,2.11,1.7,1.98
15234,27,18,9,2008,25.435,1.66,1.36,1.57
15235,27,19,9,2008,26.112499999999997,0.7000000000000001,0.6,0.67
15236,27,20,9,2008,26.580000000000002,1.81,1.64,1.83
15237,27,21,9,2008,26.73166666666667,2.04,1.77,2.01
15238,27,22,9,2008,26.637500000000003,2.89,2.2,2.7
15239,27,23,9,2008,25.605,4.3500000000000005,2.34,3.48
15240,28,0,9,2008,23.564166666666665,5.37,2.17,4.71
15241,28,1,9,2008,22.67583333333333,4.62,2.0,4.39
15242,28,2,9,2008,21.505,10.7,3.77,7.01
15243,28,3,9,2008,20.006666666666668,10.28,3.45,6.41
15244,28,4,9,2008,19.12333333333333,9.69,2.49,5.49
15245,28,5,9,2008,18.635,10.2,2.73,5.71
15246,28,6,9,2008,17.83583333333333,9.26,2.13,5.0600000000000005
15247,28,7,9,2008,17.085833333333333,8.86,2.42,4.93
15248,28,8,9,2008,16.4025,8.3,2.67,4.92
15249,28,9,9,2008,15.671666666666667,7.57,2.19,4.43
15250,28,10,9,2008,15.16666666666667,6.92,2.29,4.55
15251,28,11,9,2008,14.679166666666665,6.34,2.29,4.59
15252,28,12,9,2008,14.125833333333334,5.73,1.81,4.16
15253,28,13,9,2008,14.444166666666668,5.82,2.95,4.3500000000000005
15254,28,14,9,2008,16.436666666666667,5.5,2.88,3.34
15255,28,15,9,2008,18.651666666666667,3.03,2.45,2.82
15256,28,16,9,2008,20.93583333333333,3.36,2.72,3.17
15257,28,17,9,2008,22.76833333333333,3.76,3.03,3.54
15258,28,18,9,2008,23.926666666666666,2.96,2.51,2.87
15259,28,19,9,2008,24.77083333333334,3.76,3.0700000000000003,3.5700000000000003
15260,28,20,9,2008,25.451666666666668,3.01,2.52,2.89
15261,28,21,9,2008,25.89833333333334,3.36,2.67,3.1
15262,28,22,9,2008,26.20583333333333,3.86,3.01,3.6
15263,28,23,9,2008,25.622500000000002,5.07,3.19,4.92
15264,29,0,9,2008,23.760833333333334,7.44,3.6,6.13
15265,29,1,9,2008,22.232499999999998,8.01,3.31,6.05
15266,29,2,9,2008,21.242500000000003,8.94,2.71,5.98
15267,29,3,9,2008,21.09166666666667,8.97,4.04,6.57
15268,29,4,9,2008,21.106666666666662,7.94,4.43,6.68
15269,29,5,9,2008,20.765,8.47,4.12,6.22
15270,29,6,9,2008,19.93583333333333,10.41,5.95,8.32
15271,29,7,9,2008,19.728333333333335,11.8,5.89,8.46
15272,29,8,9,2008,19.768333333333334,13.29,7.57,10.54
15273,29,9,9,2008,20.410000000000004,13.35,8.51,11.07
15274,29,10,9,2008,17.845,13.86,8.950000000000003,11.89
15275,29,11,9,2008,17.249999999999996,7.99,4.9,6.79
15276,29,12,9,2008,15.931666666666667,7.78,4.66,6.44
15277,29,13,9,2008,16.096666666666668,9.29,5.75,7.49
15278,29,14,9,2008,16.752499999999998,9.4,5.97,7.6400000000000015
15279,29,15,9,2008,16.730833333333333,10.18,7.35,9.12
15280,29,16,9,2008,17.8325,10.88,7.86,9.75
15281,29,17,9,2008,18.401666666666667,11.33,8.21,10.15
15282,29,18,9,2008,18.860833333333332,11.37,8.27,10.21
15283,29,19,9,2008,19.151666666666667,10.62,7.69,9.52
15284,29,20,9,2008,19.32166666666667,10.02,7.15,8.91
15285,29,21,9,2008,19.254166666666666,9.7,6.91,8.63
15286,29,22,9,2008,18.900833333333335,9.67,6.87,8.65
15287,29,23,9,2008,17.909166666666668,9.92,4.12,7.65
15288,30,0,9,2008,16.20583333333333,11.59,4.7,8.620000000000001
15289,30,1,9,2008,15.005833333333335,10.87,3.78,7.6400000000000015
15290,30,2,9,2008,14.426666666666668,10.27,3.72,6.92
15291,30,3,9,2008,13.378333333333336,11.19,4.58,8.07
15292,30,4,9,2008,13.1925,11.34,4.54,8.03
15293,30,5,9,2008,12.165,10.52,3.99,7.27
15294,30,6,9,2008,12.075000000000001,10.54,4.21,7.49
15295,30,7,9,2008,11.1475,8.91,3.63,6.97
15296,30,8,9,2008,10.458333333333334,6.96,3.64,6.41
15297,30,9,9,2008,10.3475,7.12,3.86,6.61
15298,30,10,9,2008,9.952499999999999,7.5,4.11,6.88
15299,30,11,9,2008,9.19,7.94,4.01,6.8900000000000015
15300,30,12,9,2008,8.553333333333333,7.75,3.6,6.7
15301,30,13,9,2008,9.225833333333334,6.54,3.75,6.24
15302,30,14,9,2008,11.056666666666667,6.03,3.45,4.22
15303,30,15,9,2008,13.290833333333332,4.11,3.13,3.76
15304,30,16,9,2008,15.466666666666669,4.92,3.63,4.41
15305,30,17,9,2008,17.080000000000002,6.03,4.46,5.44
15306,30,18,9,2008,18.115833333333335,6.5,4.76,5.82
15307,30,19,9,2008,19.087499999999995,6.96,5.0600000000000005,6.23
15308,30,20,9,2008,19.75166666666667,7.07,5.08,6.28
15309,30,21,9,2008,20.12,6.97,4.89,6.13
15310,30,22,9,2008,20.158333333333335,6.91,4.82,6.08
15311,30,23,9,2008,18.880833333333335,6.6400000000000015,3.04,4.82
15312,1,0,10,2008,17.18916666666667,5.51,2.07,4.38
15313,1,1,10,2008,16.735833333333336,5.53,2.22,4.36
15314,1,2,10,2008,16.256666666666668,5.6000000000000005,2.29,4.3
15315,1,3,10,2008,15.979166666666666,5.3,2.77,4.49
15316,1,4,10,2008,14.724166666666667,6.09,3.74,5.47
15317,1,5,10,2008,13.71,6.92,4.0600000000000005,6.22
15318,1,6,10,2008,13.706666666666669,7.58,4.3500000000000005,6.86
15319,1,7,10,2008,13.732500000000002,8.0,4.57,7.32
15320,1,8,10,2008,13.079166666666671,8.94,4.76,7.71
15321,1,9,10,2008,12.465833333333334,10.98,5.0600000000000005,8.370000000000001
15322,1,10,10,2008,12.078333333333333,12.72,5.28,8.65
15323,1,11,10,2008,11.850833333333334,12.8,5.39,8.9
15324,1,12,10,2008,11.369166666666665,12.81,5.3100000000000005,8.96
15325,1,13,10,2008,11.262499999999998,12.38,6.17,8.700000000000001
15326,1,14,10,2008,11.821666666666665,9.48,6.12,7.44
15327,1,15,10,2008,12.949166666666665,7.95,6.07,7.35
15328,1,16,10,2008,14.548333333333334,7.47,5.61,6.79
15329,1,17,10,2008,15.83916666666667,7.46,5.5600000000000005,6.7700000000000005
15330,1,18,10,2008,16.61916666666667,7.27,5.42,6.59
15331,1,19,10,2008,17.109166666666663,7.19,5.3500000000000005,6.51
15332,1,20,10,2008,17.43916666666667,7.13,5.29,6.46
15333,1,21,10,2008,17.5275,7.25,5.3500000000000005,6.55
15334,1,22,10,2008,17.30666666666667,6.8900000000000015,4.97,6.16
15335,1,23,10,2008,16.205,7.91,4.88,6.48
15336,2,0,10,2008,13.980000000000002,8.31,3.23,6.84
15337,2,1,10,2008,12.739166666666668,7.81,1.98,5.5
15338,2,2,10,2008,11.985,7.62,1.92,4.87
15339,2,3,10,2008,11.230833333333335,6.8900000000000015,1.93,4.78
15340,2,4,10,2008,10.5375,4.2700000000000005,1.21,2.74
15341,2,5,10,2008,9.946666666666667,2.41,0.31,1.23
15342,2,6,10,2008,9.5675,2.17,0.37,0.8300000000000001
15343,2,7,10,2008,9.0625,1.31,1.29,1.02
15344,2,8,10,2008,9.060833333333333,1.35,1.62,1.63
15345,2,9,10,2008,8.658333333333333,1.71,1.62,2.01
15346,2,10,10,2008,8.3925,2.73,1.99,3.08
15347,2,11,10,2008,7.868333333333333,3.23,2.16,3.45
15348,2,12,10,2008,7.454166666666666,4.67,3.31,4.86
15349,2,13,10,2008,7.4991666666666665,4.68,3.25,4.82
15350,2,14,10,2008,10.4225,4.62,2.2,2.99
15351,2,15,10,2008,13.421666666666667,2.57,1.94,2.3000000000000003
15352,2,16,10,2008,15.668333333333335,3.49,2.74,3.25
15353,2,17,10,2008,16.704166666666666,3.36,2.63,3.11
15354,2,18,10,2008,17.6775,3.09,2.37,2.82
15355,2,19,10,2008,18.6325,3.27,2.49,2.97
15356,2,20,10,2008,19.330000000000002,3.41,2.62,3.12
15357,2,21,10,2008,19.629166666666666,3.64,2.77,3.3200000000000003
15358,2,22,10,2008,19.651666666666667,3.44,2.62,3.13
15359,2,23,10,2008,18.539166666666667,3.56,1.9,2.87
15360,3,0,10,2008,16.6675,3.86,2.08,3.46
15361,3,1,10,2008,15.645833333333334,5.0200000000000005,2.66,4.44
15362,3,2,10,2008,14.865,5.53,3.19,5.19
15363,3,3,10,2008,14.091666666666667,5.76,3.58,5.83
15364,3,4,10,2008,14.105833333333331,6.45,3.91,6.15
15365,3,5,10,2008,14.0675,6.88,4.16,6.34
15366,3,6,10,2008,13.323333333333332,6.8,4.45,6.7
15367,3,7,10,2008,12.82666666666667,6.8500000000000005,4.39,6.63
15368,3,8,10,2008,12.74,7.18,4.53,6.86
15369,3,9,10,2008,12.519166666666669,6.69,4.5600000000000005,6.8100000000000005
15370,3,10,10,2008,12.026666666666666,6.59,4.68,6.94
15371,3,11,10,2008,11.938333333333333,6.96,4.68,6.93
15372,3,12,10,2008,11.683333333333335,6.36,4.43,6.58
15373,3,13,10,2008,12.625,6.15,4.28,6.41
15374,3,14,10,2008,14.344999999999999,4.62,1.46,2.97
15375,3,15,10,2008,16.889166666666664,1.64,1.21,1.44
15376,3,16,10,2008,19.205833333333334,2.22,1.63,1.98
15377,3,17,10,2008,20.855,2.91,2.36,2.75
15378,3,18,10,2008,21.6675,3.23,2.59,3.03
15379,3,19,10,2008,22.280833333333334,3.96,3.11,3.67
15380,3,20,10,2008,22.651666666666667,4.14,3.21,3.81
15381,3,21,10,2008,22.790833333333335,4.38,3.33,4.01
15382,3,22,10,2008,22.616666666666664,4.89,3.46,4.2700000000000005
15383,3,23,10,2008,21.243333333333332,5.84,3.17,5.4
15384,4,0,10,2008,19.180000000000003,8.14,3.24,6.57
15385,4,1,10,2008,18.035,9.28,4.08,7.63
15386,4,2,10,2008,16.921666666666667,9.2,4.04,7.56
15387,4,3,10,2008,16.545833333333334,9.7,4.36,7.81
15388,4,4,10,2008,15.709999999999999,11.31,4.8,8.3
15389,4,5,10,2008,15.192499999999997,11.26,4.7700000000000005,8.32
15390,4,6,10,2008,14.788333333333334,11.32,4.72,8.22
15391,4,7,10,2008,13.913333333333334,11.4,4.46,8.21
15392,4,8,10,2008,13.659999999999998,11.57,4.5,8.03
15393,4,9,10,2008,13.055833333333332,11.44,4.18,7.88
15394,4,10,10,2008,11.365833333333335,10.98,3.98,7.54
15395,4,11,10,2008,9.480833333333333,10.41,2.97,5.78
15396,4,12,10,2008,9.288333333333332,10.74,2.92,6.0600000000000005
15397,4,13,10,2008,11.097500000000002,10.79,4.54,6.67
15398,4,14,10,2008,13.536666666666667,8.620000000000001,4.82,5.95
15399,4,15,10,2008,16.240000000000002,7.19,5.48,6.61
15400,4,16,10,2008,18.586666666666666,8.5,6.3100000000000005,7.7
15401,4,17,10,2008,20.515000000000004,9.52,6.99,8.58
15402,4,18,10,2008,21.965833333333336,10.63,7.75,9.56
15403,4,19,10,2008,22.951666666666668,11.36,8.19,10.16
15404,4,20,10,2008,23.55,11.69,8.370000000000001,10.43
15405,4,21,10,2008,23.69916666666667,12.03,8.41,10.61
15406,4,22,10,2008,23.489166666666666,12.05,8.44,10.64
15407,4,23,10,2008,22.221666666666664,12.05,7.0600000000000005,9.26
15408,5,0,10,2008,20.515833333333333,13.4,6.68,9.85
15409,5,1,10,2008,19.871666666666666,13.74,7.2,10.38
15410,5,2,10,2008,19.511666666666667,14.0,7.21,10.39
15411,5,3,10,2008,18.971666666666668,14.04,7.17,10.39
15412,5,4,10,2008,18.570833333333336,14.92,8.01,11.33
15413,5,5,10,2008,18.4375,15.55,8.51,11.9
15414,5,6,10,2008,17.874166666666667,15.51,8.49,11.87
15415,5,7,10,2008,17.19416666666667,14.68,7.92,11.16
15416,5,8,10,2008,16.78,14.88,8.19,11.42
15417,5,9,10,2008,16.4925,14.49,8.09,11.23
15418,5,10,10,2008,16.235000000000003,14.43,8.040000000000001,11.16
15419,5,11,10,2008,16.270833333333332,14.04,8.06,11.02
15420,5,12,10,2008,16.782500000000002,14.05,8.14,11.08
15421,5,13,10,2008,17.306666666666665,14.51,9.33,12.16
15422,5,14,10,2008,18.94333333333333,14.3,9.2,12.0
15423,5,15,10,2008,20.4375,12.28,8.59,10.75
15424,5,16,10,2008,22.2075,11.59,8.27,10.3
15425,5,17,10,2008,23.54416666666667,11.85,8.41,10.51
15426,5,18,10,2008,24.82416666666667,12.41,8.76,10.98
15427,5,19,10,2008,25.5425,12.42,8.78,10.99
15428,5,20,10,2008,25.956666666666667,12.7,8.86,11.18
15429,5,21,10,2008,26.105,12.68,8.84,11.16
15430,5,22,10,2008,25.560000000000002,12.91,8.72,11.22
15431,5,23,10,2008,24.35166666666667,13.18,7.12,10.13
15432,6,0,10,2008,23.526666666666667,12.95,7.16,10.06
15433,6,1,10,2008,22.954166666666666,14.13,8.11,11.17
15434,6,2,10,2008,22.361666666666665,13.56,7.75,10.66
15435,6,3,10,2008,21.969166666666666,13.49,7.71,10.6
15436,6,4,10,2008,21.4725,12.68,6.78,9.54
15437,6,5,10,2008,20.991666666666664,12.81,7.17,9.88
15438,6,6,10,2008,20.558333333333337,12.52,6.76,9.45
15439,6,7,10,2008,20.37333333333333,12.32,6.96,9.64
15440,6,8,10,2008,19.834166666666665,12.3,6.99,9.66
15441,6,9,10,2008,19.485000000000003,12.31,6.96,9.62
15442,6,10,10,2008,18.403333333333336,11.84,6.36,8.99
15443,6,11,10,2008,17.614166666666666,11.86,5.5,8.370000000000001
15444,6,12,10,2008,17.650833333333335,11.71,6.09,8.68
15445,6,13,10,2008,17.958333333333332,11.27,6.63,8.93
15446,6,14,10,2008,18.94,11.12,6.92,9.16
15447,6,15,10,2008,20.024166666666662,9.44,6.8,8.44
15448,6,16,10,2008,21.274166666666666,9.19,6.62,8.22
15449,6,17,10,2008,21.5825,10.08,6.69,8.59
15450,6,18,10,2008,20.74583333333333,9.55,6.83,8.47
15451,6,19,10,2008,21.1175,10.53,7.83,9.55
15452,6,20,10,2008,20.55333333333333,10.81,7.55,9.52
15453,6,21,10,2008,18.6575,13.78,9.82,12.38
15454,6,22,10,2008,17.642500000000002,7.79,5.15,6.5600000000000005
15455,6,23,10,2008,17.610833333333336,9.35,5.8500000000000005,7.75
15456,7,0,10,2008,17.404999999999998,8.99,5.24,7.17
15457,7,1,10,2008,17.29083333333333,12.02,7.76,10.14
15458,7,2,10,2008,16.703333333333337,11.7,7.74,10.0
15459,7,3,10,2008,16.47083333333333,11.62,7.68,9.95
15460,7,4,10,2008,16.611666666666668,10.14,6.58,8.52
15461,7,5,10,2008,16.625833333333333,9.93,6.45,8.39
15462,7,6,10,2008,16.659166666666668,9.09,5.84,7.6400000000000015
15463,7,7,10,2008,16.49083333333333,8.31,5.3500000000000005,6.94
15464,7,8,10,2008,15.6325,7.86,4.95,6.5
15465,7,9,10,2008,15.2125,7.82,3.65,5.63
15466,7,10,10,2008,15.382499999999999,6.38,3.51,4.98
15467,7,11,10,2008,12.955833333333333,9.91,6.7,8.53
15468,7,12,10,2008,11.824166666666668,11.54,7.42,9.58
15469,7,13,10,2008,11.408333333333331,12.52,8.11,10.47
15470,7,14,10,2008,11.069166666666668,13.72,9.08,11.65
15471,7,15,10,2008,11.139166666666668,13.47,8.98,11.42
15472,7,16,10,2008,11.375833333333334,13.34,9.23,11.63
15473,7,17,10,2008,11.650833333333333,13.37,9.24,11.66
15474,7,18,10,2008,12.423333333333334,12.1,8.290000000000001,10.57
15475,7,19,10,2008,15.031666666666666,12.62,8.94,11.19
15476,7,20,10,2008,16.156666666666666,11.75,8.31,10.4
15477,7,21,10,2008,16.74333333333334,11.36,8.05,10.06
15478,7,22,10,2008,17.13,9.52,6.57,8.33
15479,7,23,10,2008,15.962499999999999,11.49,5.16,8.45
15480,8,0,10,2008,14.226666666666668,12.41,4.23,9.68
15481,8,1,10,2008,13.208333333333334,11.51,4.29,8.19
15482,8,2,10,2008,12.36916666666667,10.29,4.07,7.87
15483,8,3,10,2008,12.075000000000001,9.77,4.3,7.96
15484,8,4,10,2008,11.469166666666668,7.77,4.21,7.67
15485,8,5,10,2008,10.775833333333333,7.16,3.42,6.82
15486,8,6,10,2008,10.409166666666666,4.9,2.78,5.53
15487,8,7,10,2008,10.095833333333333,3.01,2.5,3.54
15488,8,8,10,2008,9.000000000000002,2.2,2.78,3.38
15489,8,9,10,2008,8.788333333333332,2.34,2.99,3.48
15490,8,10,10,2008,8.9175,3.06,3.98,4.68
15491,8,11,10,2008,7.6175,7.56,4.94,7.49
15492,8,12,10,2008,7.949999999999999,7.8900000000000015,4.97,7.6
15493,8,13,10,2008,9.339166666666666,8.48,4.93,7.23
15494,8,14,10,2008,11.365833333333333,8.870000000000003,4.86,6.68
15495,8,15,10,2008,14.255833333333333,8.14,4.5600000000000005,5.37
15496,8,16,10,2008,16.865000000000002,6.71,4.96,6.04
15497,8,17,10,2008,18.73166666666667,7.11,5.26,6.4
15498,8,18,10,2008,19.791666666666668,7.43,5.46,6.68
15499,8,19,10,2008,20.923333333333336,8.06,5.9,7.24
15500,8,20,10,2008,21.739166666666666,8.19,5.87,7.23
15501,8,21,10,2008,22.68166666666667,8.21,5.8,7.21
15502,8,22,10,2008,22.405,7.79,5.4,6.79
15503,8,23,10,2008,20.609166666666663,7.29,2.09,4.5
15504,9,0,10,2008,18.755,7.54,2.51,5.29
15505,9,1,10,2008,18.402500000000003,5.73,2.61,5.11
15506,9,2,10,2008,17.44416666666667,7.63,3.66,6.41
15507,9,3,10,2008,16.19666666666667,11.36,4.47,7.94
15508,9,4,10,2008,14.80666666666667,13.12,4.54,8.42
15509,9,5,10,2008,13.998333333333335,12.59,3.96,8.040000000000001
15510,9,6,10,2008,13.424166666666666,12.16,4.09,8.01
15511,9,7,10,2008,12.620833333333335,12.01,3.63,7.73
15512,9,8,10,2008,11.831666666666669,11.44,3.62,7.33
15513,9,9,10,2008,10.858333333333334,10.61,3.3200000000000003,6.7700000000000005
15514,9,10,10,2008,10.196666666666667,10.58,2.76,6.26
15515,9,11,10,2008,9.598333333333333,10.4,2.45,5.79
15516,9,12,10,2008,9.075,10.76,2.5500000000000003,6.0
15517,9,13,10,2008,9.339166666666669,10.73,3.48,6.01
15518,9,14,10,2008,11.225833333333332,8.17,3.94,5.42
15519,9,15,10,2008,13.439166666666665,5.5200000000000005,4.23,5.03
15520,9,16,10,2008,15.558333333333335,6.32,4.84,5.78
15521,9,17,10,2008,17.4725,7.55,5.68,6.86
15522,9,18,10,2008,19.009999999999998,8.3,6.25,7.56
15523,9,19,10,2008,19.975833333333338,8.71,6.51,7.91
15524,9,20,10,2008,20.595833333333335,8.65,6.45,7.85
15525,9,21,10,2008,20.867499999999996,8.56,6.24,7.71
15526,9,22,10,2008,20.589166666666667,8.94,6.41,7.97
15527,9,23,10,2008,19.12333333333333,10.17,5.03,6.96
15528,10,0,10,2008,17.41916666666667,11.58,4.01,7.3900000000000015
15529,10,1,10,2008,16.730833333333333,12.17,4.5200000000000005,7.84
15530,10,2,10,2008,16.282500000000002,12.59,4.95,8.22
15531,10,3,10,2008,16.225833333333334,13.49,5.71,9.06
15532,10,4,10,2008,15.954166666666664,13.48,5.65,9.01
15533,10,5,10,2008,15.410833333333334,14.18,6.0600000000000005,9.42
15534,10,6,10,2008,15.110000000000005,14.25,6.12,9.51
15535,10,7,10,2008,14.610833333333334,13.87,6.22,9.5
15536,10,8,10,2008,14.014999999999999,13.76,6.29,9.56
15537,10,9,10,2008,14.094999999999997,14.98,6.91,10.45
15538,10,10,10,2008,13.943333333333333,15.1,7.1000000000000005,10.58
15539,10,11,10,2008,13.383333333333335,15.07,7.3900000000000015,10.82
15540,10,12,10,2008,12.88416666666667,14.94,7.36,10.78
15541,10,13,10,2008,13.053333333333335,14.59,8.620000000000001,11.39
15542,10,14,10,2008,14.395833333333334,13.69,8.55,11.28
15543,10,15,10,2008,15.8575,10.92,7.78,9.62
15544,10,16,10,2008,17.767500000000002,11.48,8.32,10.3
15545,10,17,10,2008,19.305000000000003,12.04,8.77,10.83
15546,10,18,10,2008,20.514166666666664,12.15,8.84,10.93
15547,10,19,10,2008,21.549166666666665,12.25,8.83,10.97
15548,10,20,10,2008,22.275833333333335,12.68,9.03,11.29
15549,10,21,10,2008,22.552499999999995,13.25,9.31,11.73
15550,10,22,10,2008,22.274166666666662,13.2,9.16,11.61
15551,10,23,10,2008,20.960833333333333,13.6,7.42,10.01
15552,11,0,10,2008,19.729166666666668,14.15,7.17,10.46
15553,11,1,10,2008,18.9525,14.5,7.49,10.78
15554,11,2,10,2008,18.489166666666666,14.6,7.56,10.87
15555,11,3,10,2008,18.13333333333333,15.82,8.47,11.94
15556,11,4,10,2008,17.889166666666664,15.99,8.61,12.09
15557,11,5,10,2008,17.443333333333335,15.64,8.290000000000001,11.7
15558,11,6,10,2008,16.86,15.01,7.81,11.11
15559,11,7,10,2008,16.562500000000004,14.87,7.91,11.1
15560,11,8,10,2008,16.168333333333333,14.35,7.69,10.79
15561,11,9,10,2008,15.816666666666668,14.2,7.82,10.87
15562,11,10,10,2008,15.620833333333335,14.21,7.81,10.86
15563,11,11,10,2008,15.283333333333333,13.53,7.35,10.25
15564,11,12,10,2008,14.921666666666667,13.53,7.37,10.3
15565,11,13,10,2008,15.168333333333335,12.17,6.09,8.59
15566,11,14,10,2008,16.505,9.95,5.62,7.34
15567,11,15,10,2008,18.313333333333336,7.83,5.76,7.01
15568,11,16,10,2008,19.753333333333334,8.040000000000001,5.99,7.28
15569,11,17,10,2008,21.207500000000003,8.82,6.5600000000000005,7.98
15570,11,18,10,2008,22.291666666666668,9.05,6.69,8.15
15571,11,19,10,2008,23.063333333333333,9.65,7.05,8.64
15572,11,20,10,2008,23.859166666666667,10.21,7.34,9.11
15573,11,21,10,2008,24.36583333333333,10.81,7.6400000000000015,9.56
15574,11,22,10,2008,24.142500000000002,10.83,7.52,9.47
15575,11,23,10,2008,23.31833333333333,11.89,6.2,8.97
15576,12,0,10,2008,22.471666666666668,11.92,6.07,8.83
15577,12,1,10,2008,21.841666666666665,11.96,6.1400000000000015,8.82
15578,12,2,10,2008,21.34583333333333,11.64,6.1400000000000015,8.74
15579,12,3,10,2008,20.94833333333333,11.32,5.73,8.31
15580,12,4,10,2008,20.826666666666664,11.4,5.92,8.51
15581,12,5,10,2008,20.598333333333333,11.33,5.93,8.5
15582,12,6,10,2008,20.47,11.57,6.13,8.75
15583,12,7,10,2008,20.431666666666672,13.05,7.43,10.22
15584,12,8,10,2008,20.341666666666665,13.17,7.61,10.4
15585,12,9,10,2008,19.9725,12.63,7.25,9.92
15586,12,10,10,2008,19.77166666666667,13.13,7.79,10.53
15587,12,11,10,2008,19.419166666666666,13.25,7.87,10.62
15588,12,12,10,2008,19.040000000000003,13.0,7.71,10.39
15589,12,13,10,2008,19.144999999999996,13.75,8.49,11.25
15590,12,14,10,2008,19.944166666666668,13.14,8.45,10.89
15591,12,15,10,2008,20.980833333333333,13.25,9.33,11.7
15592,12,16,10,2008,21.809166666666666,13.65,9.6,12.03
15593,12,17,10,2008,22.81416666666667,14.33,10.05,12.63
15594,12,18,10,2008,23.310000000000002,14.47,10.21,12.76
15595,12,19,10,2008,23.954166666666666,14.07,9.9,12.43
15596,12,20,10,2008,24.10166666666667,14.29,10.05,12.7
15597,12,21,10,2008,23.953333333333333,14.78,10.19,12.94
15598,12,22,10,2008,23.706666666666667,14.59,9.93,12.67
15599,12,23,10,2008,23.132499999999997,13.04,8.370000000000001,10.96
15600,13,0,10,2008,22.560000000000002,14.03,8.58,11.44
15601,13,1,10,2008,21.957499999999996,13.7,8.01,10.94
15602,13,2,10,2008,21.296666666666667,13.65,7.87,10.64
15603,13,3,10,2008,20.818333333333335,13.68,7.75,10.74
15604,13,4,10,2008,20.388333333333335,12.59,6.8100000000000005,9.67
15605,13,5,10,2008,19.644166666666667,12.41,6.37,9.23
15606,13,6,10,2008,19.149166666666666,12.3,6.47,9.21
15607,13,7,10,2008,18.745,12.93,7.01,9.82
15608,13,8,10,2008,18.272499999999997,12.45,6.6000000000000005,9.33
15609,13,9,10,2008,17.655,11.56,6.07,8.61
15610,13,10,10,2008,17.22833333333333,12.44,6.92,9.53
15611,13,11,10,2008,17.040833333333335,13.44,7.88,10.61
15612,13,12,10,2008,16.897499999999997,13.66,8.08,10.86
15613,13,13,10,2008,17.14,13.97,8.67,11.46
15614,13,14,10,2008,17.63,13.18,8.02,10.48
15615,13,15,10,2008,17.8475,12.34,7.9300000000000015,10.35
15616,13,16,10,2008,17.433333333333334,10.64,6.73,8.86
15617,13,17,10,2008,10.958333333333334,8.57,6.2,7.45
15618,13,18,10,2008,10.220833333333333,8.97,6.59,8.13
15619,13,19,10,2008,9.417499999999999,9.07,6.6400000000000015,8.2
15620,13,20,10,2008,8.890833333333335,7.9300000000000015,5.93,7.27
15621,13,21,10,2008,8.401666666666666,7.9300000000000015,5.9,7.24
15622,13,22,10,2008,8.132500000000002,8.68,6.34,7.84
15623,13,23,10,2008,7.8275000000000015,8.6,6.23,7.73
15624,14,0,10,2008,7.854166666666667,7.9,5.92,7.24
15625,14,1,10,2008,7.6625000000000005,7.72,5.66,6.98
15626,14,2,10,2008,7.749166666666667,8.24,6.26,7.58
15627,14,3,10,2008,8.254166666666665,7.61,4.5600000000000005,5.73
15628,14,4,10,2008,8.793333333333331,7.07,4.0,5.5
15629,14,5,10,2008,9.0375,6.98,4.26,5.62
15630,14,6,10,2008,9.0875,6.26,3.85,5.09
15631,14,7,10,2008,9.085833333333335,6.13,3.89,5.07
15632,14,8,10,2008,9.075833333333334,5.88,3.71,4.8500000000000005
15633,14,9,10,2008,8.946666666666667,5.12,3.0,4.07
15634,14,10,10,2008,8.81,5.15,3.16,4.22
15635,14,11,10,2008,8.72,5.16,2.97,3.9
15636,14,12,10,2008,8.628333333333332,5.23,2.98,4.1
15637,14,13,10,2008,8.348333333333334,4.36,2.29,2.81
15638,14,14,10,2008,8.065833333333334,4.57,2.5,3.02
15639,14,15,10,2008,7.591666666666668,5.65,3.38,4.21
15640,14,16,10,2008,6.969999999999999,4.86,3.77,4.51
15641,14,17,10,2008,6.6258333333333335,3.76,3.17,3.71
15642,14,18,10,2008,6.385000000000001,4.0,3.22,3.81
15643,14,19,10,2008,6.4925,3.98,3.24,3.79
15644,14,20,10,2008,6.646666666666666,4.12,3.34,3.92
15645,14,21,10,2008,6.802499999999999,4.2,3.41,3.99
15646,14,22,10,2008,7.065833333333331,4.3500000000000005,3.28,3.81
15647,14,23,10,2008,7.357499999999999,4.14,3.04,3.52
15648,15,0,10,2008,7.494166666666666,4.6000000000000005,3.42,3.98
15649,15,1,10,2008,7.587499999999999,5.47,3.81,4.5600000000000005
15650,15,2,10,2008,7.642500000000001,5.78,3.87,4.68
15651,15,3,10,2008,7.693333333333335,5.2700000000000005,3.58,4.28
15652,15,4,10,2008,7.685833333333334,5.19,3.27,3.9
15653,15,5,10,2008,7.805000000000001,5.49,3.49,4.22
15654,15,6,10,2008,8.031666666666668,5.7,3.58,4.5
15655,15,7,10,2008,7.892500000000001,6.24,4.08,5.01
15656,15,8,10,2008,7.8933333333333335,6.04,3.87,4.7700000000000005
15657,15,9,10,2008,7.969166666666667,8.35,5.53,7.08
15658,15,10,10,2008,7.945,7.08,4.32,5.57
15659,15,11,10,2008,7.914166666666667,7.1400000000000015,4.11,5.26
15660,15,12,10,2008,7.979166666666668,8.47,4.8,6.32
15661,15,13,10,2008,8.1925,7.77,4.21,5.61
15662,15,14,10,2008,8.42,8.18,4.8,6.4
15663,15,15,10,2008,8.767499999999998,7.13,4.08,5.54
15664,15,16,10,2008,9.280000000000001,7.5,5.13,6.44
15665,15,17,10,2008,9.7125,7.68,5.3,6.66
15666,15,18,10,2008,12.164166666666665,9.38,6.72,8.32
15667,15,19,10,2008,13.501666666666665,9.86,7.12,8.8
15668,15,20,10,2008,13.776666666666669,10.18,7.29,9.04
15669,15,21,10,2008,13.6075,10.56,7.53,9.4
15670,15,22,10,2008,13.080833333333333,9.96,6.91,8.76
15671,15,23,10,2008,11.616666666666667,11.87,4.39,8.24
15672,16,0,10,2008,10.101666666666667,12.32,4.36,8.23
15673,16,1,10,2008,9.128333333333334,11.53,4.3100000000000005,7.79
15674,16,2,10,2008,8.315,12.88,4.37,8.45
15675,16,3,10,2008,7.349166666666665,12.51,4.3,8.21
15676,16,4,10,2008,6.665833333333333,12.38,3.94,7.52
15677,16,5,10,2008,6.179166666666667,11.63,3.75,7.41
15678,16,6,10,2008,5.81,11.66,3.86,7.48
15679,16,7,10,2008,5.288333333333333,9.94,3.26,6.62
15680,16,8,10,2008,4.814166666666667,9.01,2.9,6.2
15681,16,9,10,2008,4.388333333333333,7.48,2.64,5.73
15682,16,10,10,2008,4.020833333333333,6.42,2.49,5.11
15683,16,11,10,2008,3.7099999999999995,5.48,2.57,4.66
15684,16,12,10,2008,3.2566666666666673,5.36,2.63,4.67
15685,16,13,10,2008,3.2758333333333334,4.44,2.11,3.84
15686,16,14,10,2008,4.953333333333334,3.48,1.69,2.66
15687,16,15,10,2008,7.120000000000001,2.12,1.5,1.68
15688,16,16,10,2008,9.075000000000001,1.68,1.51,1.69
15689,16,17,10,2008,10.414166666666665,1.45,1.35,1.48
15690,16,18,10,2008,11.4,1.17,1.05,1.16
15691,16,19,10,2008,12.245833333333332,0.93,0.86,0.94
15692,16,20,10,2008,12.964166666666666,1.33,1.1,1.25
15693,16,21,10,2008,13.424166666666666,2.04,1.59,1.88
15694,16,22,10,2008,13.497500000000002,2.75,1.89,2.53
15695,16,23,10,2008,12.350833333333334,3.6,1.81,2.94
15696,17,0,10,2008,10.805833333333334,4.66,2.09,4.08
15697,17,1,10,2008,10.207500000000001,5.54,2.69,5.18
15698,17,2,10,2008,9.770833333333334,6.0600000000000005,3.0500000000000003,5.65
15699,17,3,10,2008,9.138333333333334,6.74,3.63,6.28
15700,17,4,10,2008,8.903333333333332,7.97,3.78,6.88
15701,17,5,10,2008,8.564166666666667,7.82,3.87,6.8500000000000005
15702,17,6,10,2008,8.426666666666668,7.69,3.56,6.24
15703,17,7,10,2008,8.6,7.71,3.5500000000000003,5.82
15704,17,8,10,2008,8.388333333333334,8.43,4.46,6.36
15705,17,9,10,2008,7.921666666666667,8.26,4.26,6.13
15706,17,10,10,2008,8.325833333333334,10.12,6.0,8.040000000000001
15707,17,11,10,2008,8.811666666666667,12.63,7.81,10.26
15708,17,12,10,2008,7.864166666666667,7.44,1.73,3.78
15709,17,13,10,2008,7.156666666666665,10.1,5.21,7.11
15710,17,14,10,2008,8.729166666666666,9.03,5.11,6.92
15711,17,15,10,2008,10.56,6.3,4.75,5.74
15712,17,16,10,2008,12.045000000000002,6.18,4.68,5.65
15713,17,17,10,2008,13.576666666666668,5.17,3.87,4.67
15714,17,18,10,2008,14.915833333333333,5.34,3.97,4.8
15715,17,19,10,2008,15.936666666666667,7.61,5.59,6.84
15716,17,20,10,2008,16.034166666666668,8.6,6.26,7.7
15717,17,21,10,2008,15.766666666666666,8.71,6.25,7.74
15718,17,22,10,2008,15.193333333333335,8.68,6.17,7.73
15719,17,23,10,2008,13.603333333333332,8.91,4.39,6.4
15720,18,0,10,2008,12.050833333333335,10.08,3.82,7.55
15721,18,1,10,2008,11.034166666666666,9.1,3.86,7.19
15722,18,2,10,2008,9.950000000000001,9.13,3.41,6.65
15723,18,3,10,2008,9.162499999999998,9.02,3.2,6.59
15724,18,4,10,2008,8.064999999999998,9.4,2.85,6.19
15725,18,5,10,2008,7.170833333333334,9.45,1.95,5.5600000000000005
15726,18,6,10,2008,6.563333333333333,8.39,1.55,5.11
15727,18,7,10,2008,6.072499999999999,7.29,1.14,4.38
15728,18,8,10,2008,5.609166666666667,5.87,1.03,3.44
15729,18,9,10,2008,5.140833333333334,5.46,0.99,3.36
15730,18,10,10,2008,4.573333333333332,5.18,1.4,3.5500000000000003
15731,18,11,10,2008,3.981666666666667,5.63,1.54,3.95
15732,18,12,10,2008,3.9325000000000006,5.92,2.18,4.8500000000000005
15733,18,13,10,2008,4.293333333333333,6.59,2.9,5.47
15734,18,14,10,2008,5.988333333333333,5.95,2.9,4.25
15735,18,15,10,2008,8.215000000000002,5.28,4.08,4.88
15736,18,16,10,2008,9.935833333333331,5.68,4.3500000000000005,5.23
15737,18,17,10,2008,11.321666666666667,5.92,4.5,5.42
15738,18,18,10,2008,12.666666666666666,6.1000000000000005,4.62,5.58
15739,18,19,10,2008,13.779166666666667,6.37,4.82,5.82
15740,18,20,10,2008,14.639166666666666,7.0200000000000005,5.22,6.36
15741,18,21,10,2008,15.08,7.68,5.57,6.9
15742,18,22,10,2008,14.9125,8.01,5.63,7.01
15743,18,23,10,2008,13.490833333333335,10.72,4.72,7.71
15744,19,0,10,2008,12.645833333333334,12.29,5.76,8.82
15745,19,1,10,2008,12.273333333333333,12.88,6.17,9.24
15746,19,2,10,2008,11.740833333333333,13.57,6.76,9.83
15747,19,3,10,2008,11.311666666666666,14.07,7.26,10.39
15748,19,4,10,2008,11.070833333333333,14.65,7.75,10.93
15749,19,5,10,2008,10.810833333333335,14.96,7.92,11.14
15750,19,6,10,2008,10.652500000000002,15.11,8.040000000000001,11.29
15751,19,7,10,2008,10.555000000000001,15.66,8.55,11.86
15752,19,8,10,2008,10.495833333333332,16.22,8.96,12.32
15753,19,9,10,2008,10.498333333333333,16.78,9.48,12.94
15754,19,10,10,2008,10.1675,15.99,8.83,12.09
15755,19,11,10,2008,10.431666666666667,16.39,9.2,12.59
15756,19,12,10,2008,10.086666666666668,15.73,8.47,11.77
15757,19,13,10,2008,10.726666666666665,16.38,9.76,12.9
15758,19,14,10,2008,12.005,15.63,9.83,12.8
15759,19,15,10,2008,13.616666666666669,14.13,8.85,10.92
15760,19,16,10,2008,15.560833333333333,11.85,8.700000000000001,10.68
15761,19,17,10,2008,17.258333333333333,11.88,8.63,10.64
15762,19,18,10,2008,18.642499999999995,12.09,8.66,10.75
15763,19,19,10,2008,19.525833333333335,11.42,8.14,10.11
15764,19,20,10,2008,20.12,11.23,7.8900000000000015,9.89
15765,19,21,10,2008,20.240000000000002,11.54,8.040000000000001,10.14
15766,19,22,10,2008,19.797500000000003,10.95,7.45,9.48
15767,19,23,10,2008,17.794166666666666,9.83,4.1,7.03
15768,20,0,10,2008,16.42833333333333,11.9,4.48,7.79
15769,20,1,10,2008,15.499166666666667,12.28,4.8500000000000005,8.01
15770,20,2,10,2008,14.738333333333332,12.19,5.11,8.120000000000001
15771,20,3,10,2008,14.234166666666665,12.76,5.8100000000000005,8.75
15772,20,4,10,2008,13.875000000000002,12.76,5.83,8.76
15773,20,5,10,2008,13.615000000000002,12.57,5.65,8.66
15774,20,6,10,2008,13.271666666666668,12.19,5.51,8.56
15775,20,7,10,2008,12.633333333333333,9.18,4.68,7.54
15776,20,8,10,2008,12.054166666666667,6.98,3.99,6.5200000000000005
15777,20,9,10,2008,11.0875,10.86,5.4,8.06
15778,20,10,10,2008,10.444166666666666,12.3,6.17,8.88
15779,20,11,10,2008,9.959166666666667,13.12,6.2700000000000005,9.2
15780,20,12,10,2008,9.649166666666668,12.32,5.95,8.81
15781,20,13,10,2008,9.449166666666668,11.77,6.8,9.13
15782,20,14,10,2008,10.111666666666665,11.04,7.48,9.18
15783,20,15,10,2008,11.036666666666669,10.15,7.52,9.21
15784,20,16,10,2008,12.349166666666667,9.36,7.0,8.52
15785,20,17,10,2008,13.929166666666667,9.33,6.96,8.47
15786,20,18,10,2008,15.349166666666669,8.790000000000001,6.54,7.95
15787,20,19,10,2008,16.24833333333334,8.8,6.5200000000000005,7.94
15788,20,20,10,2008,16.79,8.700000000000001,6.43,7.85
15789,20,21,10,2008,16.904999999999998,8.59,6.3,7.72
15790,20,22,10,2008,16.467499999999998,8.66,6.13,7.7
15791,20,23,10,2008,14.8075,9.47,4.66,6.8900000000000015
15792,21,0,10,2008,13.193333333333333,10.5,4.14,7.2
15793,21,1,10,2008,11.835833333333333,12.08,3.85,7.12
15794,21,2,10,2008,10.865833333333335,12.02,4.15,7.51
15795,21,3,10,2008,10.234166666666667,11.08,3.81,6.94
15796,21,4,10,2008,9.209166666666667,11.82,3.5,6.8500000000000005
15797,21,5,10,2008,8.514999999999999,11.9,4.0600000000000005,7.0200000000000005
15798,21,6,10,2008,7.7683333333333335,10.58,3.44,6.23
15799,21,7,10,2008,7.695000000000001,10.81,5.22,7.28
15800,21,8,10,2008,7.833333333333332,10.03,5.3100000000000005,7.32
15801,21,9,10,2008,7.629166666666667,8.44,4.41,6.08
15802,21,10,10,2008,7.539166666666666,9.76,5.8100000000000005,7.7
15803,21,11,10,2008,7.543333333333332,9.38,5.5200000000000005,7.35
15804,21,12,10,2008,7.604166666666667,9.87,6.23,8.14
15805,21,13,10,2008,7.574166666666667,8.66,5.2,6.92
15806,21,14,10,2008,7.835,10.39,6.72,8.47
15807,21,15,10,2008,8.64583333333333,9.97,7.04,8.75
15808,21,16,10,2008,9.753333333333332,9.12,6.98,8.42
15809,21,17,10,2008,10.94,8.5,6.3500000000000005,7.79
15810,21,18,10,2008,11.321666666666667,9.7,7.24,8.88
15811,21,19,10,2008,11.521666666666667,9.36,6.79,8.370000000000001
15812,21,20,10,2008,10.965833333333334,10.02,7.34,9.13
15813,21,21,10,2008,10.01,11.13,6.74,9.14
15814,21,22,10,2008,9.93,12.51,7.58,10.38
15815,21,23,10,2008,10.206666666666665,12.17,8.03,10.34
15816,22,0,10,2008,10.461666666666668,12.73,8.49,10.9
15817,22,1,10,2008,10.413333333333334,11.91,7.62,9.92
15818,22,2,10,2008,10.350833333333332,12.29,7.54,9.99
15819,22,3,10,2008,10.225,12.15,7.41,9.84
15820,22,4,10,2008,10.155833333333334,12.28,7.74,10.14
15821,22,5,10,2008,9.993333333333334,11.66,7.15,9.5
15822,22,6,10,2008,10.098333333333334,11.88,6.91,9.19
15823,22,7,10,2008,10.4225,12.3,6.9,9.52
15824,22,8,10,2008,11.0675,14.38,9.01,11.85
15825,22,9,10,2008,11.014999999999999,14.63,9.0,11.97
15826,22,10,10,2008,11.0875,16.5,10.68,13.92
15827,22,11,10,2008,11.137500000000001,16.16,10.4,13.58
15828,22,12,10,2008,11.441666666666668,15.36,9.71,12.78
15829,22,13,10,2008,11.196666666666667,15.63,10.13,13.19
15830,22,14,10,2008,11.043333333333331,15.5,10.06,13.09
15831,22,15,10,2008,10.975833333333332,14.67,9.51,12.37
15832,22,16,10,2008,11.229999999999999,14.74,9.53,12.43
15833,22,17,10,2008,11.6725,15.26,10.12,13.01
15834,22,18,10,2008,11.348333333333334,12.31,8.06,10.34
15835,22,19,10,2008,10.318333333333333,6.72,4.83,6.03
15836,22,20,10,2008,9.775,7.27,5.12,6.44
15837,22,21,10,2008,9.180833333333334,6.75,4.29,5.62
15838,22,22,10,2008,8.7325,5.0,3.6,4.53
15839,22,23,10,2008,8.08,5.34,3.81,4.8
15840,23,0,10,2008,7.2925,5.07,3.73,4.64
15841,23,1,10,2008,6.450000000000002,5.48,3.86,4.75
15842,23,2,10,2008,5.405833333333334,7.72,4.08,6.0600000000000005
15843,23,3,10,2008,4.561666666666667,8.69,4.66,6.79
15844,23,4,10,2008,3.9616666666666664,8.69,4.38,6.51
15845,23,5,10,2008,3.4933333333333327,8.63,4.08,6.3
15846,23,6,10,2008,2.9441666666666664,8.2,3.3000000000000003,5.57
15847,23,7,10,2008,2.771666666666667,6.96,3.63,5.08
15848,23,8,10,2008,3.5725,7.41,3.97,5.54
15849,23,9,10,2008,5.107500000000001,8.53,5.08,6.8
15850,23,10,10,2008,5.0424999999999995,12.06,8.040000000000001,10.39
15851,23,11,10,2008,4.631666666666667,9.13,5.98,7.77
15852,23,12,10,2008,4.041666666666667,8.47,5.73,7.34
15853,23,13,10,2008,3.7325000000000004,8.290000000000001,5.38,6.8
15854,23,14,10,2008,3.6908333333333325,8.07,5.7700000000000005,7.16
15855,23,15,10,2008,3.7308333333333334,7.9,5.86,7.21
15856,23,16,10,2008,4.389166666666667,7.49,5.64,6.9
15857,23,17,10,2008,6.066666666666666,7.99,5.8,7.21
15858,23,18,10,2008,6.787500000000001,8.46,6.05,7.56
15859,23,19,10,2008,7.6241666666666665,8.71,6.29,7.82
15860,23,20,10,2008,8.190000000000001,9.32,6.66,8.34
15861,23,21,10,2008,8.228333333333333,8.27,6.0,7.45
15862,23,22,10,2008,8.140000000000002,8.5,5.97,7.48
15863,23,23,10,2008,7.126666666666668,6.0,2.93,4.12
15864,24,0,10,2008,6.623333333333334,7.53,3.36,5.15
15865,24,1,10,2008,6.319166666666667,6.63,3.4,4.89
15866,24,2,10,2008,6.285833333333334,6.4,3.49,4.95
15867,24,3,10,2008,5.6525,6.3900000000000015,2.95,4.17
15868,24,4,10,2008,4.8691666666666675,6.19,1.75,3.98
15869,24,5,10,2008,4.4025,6.75,0.84,3.21
15870,24,6,10,2008,3.9691666666666667,6.1400000000000015,0.53,2.69
15871,24,7,10,2008,3.353333333333334,1.83,0.91,1.57
15872,24,8,10,2008,2.845833333333333,1.98,0.85,2.08
15873,24,9,10,2008,2.7233333333333327,1.96,0.49,1.54
15874,24,10,10,2008,2.545833333333334,1.72,0.95,1.72
15875,24,11,10,2008,1.9433333333333334,1.7,2.03,2.45
15876,24,12,10,2008,1.5325,3.33,2.5500000000000003,2.95
15877,24,13,10,2008,2.1374999999999997,4.17,2.91,3.38
15878,24,14,10,2008,2.6875,4.5,3.1,3.59
15879,24,15,10,2008,3.851666666666666,5.3,4.16,4.97
15880,24,16,10,2008,5.584166666666666,5.89,4.34,5.29
15881,24,17,10,2008,7.214166666666666,8.13,6.09,7.45
15882,24,18,10,2008,8.01,8.36,6.21,7.54
15883,24,19,10,2008,8.034166666666666,8.2,6.29,7.58
15884,24,20,10,2008,8.425833333333333,8.040000000000001,5.84,7.21
15885,24,21,10,2008,8.648333333333333,7.59,5.59,6.88
15886,24,22,10,2008,8.741666666666669,6.6400000000000015,4.69,5.83
15887,24,23,10,2008,7.644166666666668,8.16,3.31,6.23
15888,25,0,10,2008,6.619166666666666,9.26,3.43,6.7
15889,25,1,10,2008,5.955833333333332,6.8500000000000005,3.25,5.88
15890,25,2,10,2008,5.131666666666667,8.19,3.66,6.12
15891,25,3,10,2008,4.7725,8.58,3.5500000000000003,6.72
15892,25,4,10,2008,4.640833333333333,7.8900000000000015,3.73,6.74
15893,25,5,10,2008,4.360833333333333,8.81,4.39,7.49
15894,25,6,10,2008,4.131666666666667,9.48,4.48,7.6
15895,25,7,10,2008,3.7575000000000003,9.45,4.37,7.45
15896,25,8,10,2008,3.431666666666667,10.67,5.1000000000000005,7.6
15897,25,9,10,2008,3.551666666666667,11.81,5.76,8.5
15898,25,10,10,2008,3.4391666666666665,12.15,5.79,8.55
15899,25,11,10,2008,3.4075,12.72,6.0200000000000005,8.86
15900,25,12,10,2008,3.4766666666666666,13.26,6.37,9.41
15901,25,13,10,2008,3.7175,13.16,6.93,9.54
15902,25,14,10,2008,4.873333333333333,11.82,7.08,9.26
15903,25,15,10,2008,7.105833333333334,10.5,6.19,7.86
15904,25,16,10,2008,9.374166666666666,8.76,6.09,7.23
15905,25,17,10,2008,12.046666666666669,10.21,7.68,9.32
15906,25,18,10,2008,13.891666666666666,10.23,7.7,9.35
15907,25,19,10,2008,15.334999999999996,10.12,7.46,9.15
15908,25,20,10,2008,16.6,10.28,7.47,9.24
15909,25,21,10,2008,17.03916666666667,9.89,7.03,8.790000000000001
15910,25,22,10,2008,16.562500000000004,10.59,6.25,8.15
15911,25,23,10,2008,15.1225,12.02,5.21,8.55
15912,26,0,10,2008,13.894166666666669,13.55,5.9,9.37
15913,26,1,10,2008,13.504166666666665,14.16,5.91,9.56
15914,26,2,10,2008,12.820833333333333,14.39,5.8100000000000005,9.66
15915,26,3,10,2008,11.9325,14.04,5.43,9.5
15916,26,4,10,2008,11.791666666666666,12.95,4.46,8.49
15917,26,5,10,2008,12.61,11.55,4.54,8.59
15918,26,6,10,2008,12.457500000000001,16.51,4.95,9.36
15919,26,7,10,2008,12.396666666666667,16.95,6.3500000000000005,10.8
15920,26,8,10,2008,10.582500000000001,15.23,4.84,9.2
15921,26,9,10,2008,10.071666666666667,14.04,5.97,9.41
15922,26,10,10,2008,10.209166666666667,17.03,8.55,12.41
15923,26,11,10,2008,9.4,15.49,8.33,11.36
15924,26,12,10,2008,8.140833333333333,15.81,7.49,11.0
15925,26,13,10,2008,7.026666666666667,15.67,7.47,10.97
15926,26,14,10,2008,7.166666666666667,15.33,9.69,12.74
15927,26,15,10,2008,7.345833333333334,14.64,10.11,12.78
15928,26,16,10,2008,7.615833333333335,14.73,10.29,12.94
15929,26,17,10,2008,8.073333333333334,15.26,10.77,13.38
15930,26,18,10,2008,8.2375,15.6,10.91,13.52
15931,26,19,10,2008,8.031666666666668,16.13,11.21,13.87
15932,26,20,10,2008,7.646666666666666,17.87,12.28,15.47
15933,26,21,10,2008,6.974166666666666,18.41,12.48,15.83
15934,26,22,10,2008,6.008333333333334,19.0,12.89,16.45
15935,26,23,10,2008,4.720000000000001,16.31,10.26,13.42
15936,27,0,10,2008,4.221666666666667,20.36,11.98,15.99
15937,27,1,10,2008,3.2125,15.75,8.8,12.15
15938,27,2,10,2008,2.569166666666667,13.68,6.7,9.78
15939,27,3,10,2008,2.374166666666667,15.8,7.8,11.16
15940,27,4,10,2008,1.7283333333333333,14.1,6.8900000000000015,10.15
15941,27,5,10,2008,1.4908333333333335,14.35,7.13,10.49
15942,27,6,10,2008,1.1766666666666665,14.67,7.72,11.05
15943,27,7,10,2008,0.9166666666666666,15.43,8.5,11.96
15944,27,8,10,2008,0.4633333333333334,15.27,8.46,11.88
15945,27,9,10,2008,0.006666666666666658,15.38,8.66,11.96
15946,27,10,10,2008,-0.41333333333333333,14.91,8.31,11.45
15947,27,11,10,2008,-0.6058333333333333,14.96,8.39,11.55
15948,27,12,10,2008,-0.7408333333333333,13.92,7.71,10.68
15949,27,13,10,2008,-0.8916666666666666,13.94,8.61,11.32
15950,27,14,10,2008,-0.21666666666666665,13.01,8.24,10.77
15951,27,15,10,2008,0.6416666666666667,11.33,7.87,9.98
15952,27,16,10,2008,1.4083333333333334,10.1,7.24,9.02
15953,27,17,10,2008,2.185,9.2,6.66,8.22
15954,27,18,10,2008,2.9725,9.08,6.6000000000000005,8.120000000000001
15955,27,19,10,2008,3.644166666666667,8.74,6.38,7.87
15956,27,20,10,2008,4.15,8.82,6.36,7.91
15957,27,21,10,2008,4.395833333333333,8.51,6.09,7.59
15958,27,22,10,2008,4.223333333333334,7.8,5.48,6.8500000000000005
15959,27,23,10,2008,2.7891666666666666,8.13,3.36,6.32
15960,28,0,10,2008,1.83,8.17,3.31,6.09
15961,28,1,10,2008,1.3433333333333335,8.6,3.33,6.25
15962,28,2,10,2008,0.8258333333333333,7.51,2.8000000000000003,5.7
15963,28,3,10,2008,0.765,7.42,2.79,5.89
15964,28,4,10,2008,0.5658333333333333,6.83,2.95,5.75
15965,28,5,10,2008,0.4466666666666667,7.61,2.9,5.86
15966,28,6,10,2008,0.17333333333333334,6.75,2.61,5.37
15967,28,7,10,2008,-0.225,4.12,1.82,3.81
15968,28,8,10,2008,-0.40833333333333327,2.42,1.01,1.9
15969,28,9,10,2008,-0.5108333333333334,1.64,1.52,1.36
15970,28,10,10,2008,-0.695,0.76,1.59,1.38
15971,28,11,10,2008,-0.7875000000000001,0.8300000000000001,1.59,1.61
15972,28,12,10,2008,-0.8866666666666664,2.43,2.59,3.45
15973,28,13,10,2008,-0.8266666666666667,3.38,2.69,3.77
15974,28,14,10,2008,0.745,3.82,2.56,3.7
15975,28,15,10,2008,2.8791666666666664,3.48,2.59,3.01
15976,28,16,10,2008,4.604166666666667,3.54,2.8000000000000003,3.3200000000000003
15977,28,17,10,2008,6.089166666666666,3.72,2.86,3.41
15978,28,18,10,2008,7.345833333333334,4.1,3.12,3.75
15979,28,19,10,2008,8.381666666666666,4.51,3.38,4.1
15980,28,20,10,2008,9.151666666666666,4.75,3.51,4.29
15981,28,21,10,2008,9.4225,4.89,3.58,4.42
15982,28,22,10,2008,8.700833333333334,5.78,3.36,4.73
15983,28,23,10,2008,6.7625,7.0,3.21,5.92
15984,29,0,10,2008,5.755,8.2,4.3500000000000005,7.24
15985,29,1,10,2008,5.631666666666667,9.19,4.76,8.09
15986,29,2,10,2008,5.695833333333334,10.45,5.1000000000000005,8.55
15987,29,3,10,2008,5.3175,11.1,5.38,8.86
15988,29,4,10,2008,5.045833333333333,12.4,6.0600000000000005,9.61
15989,29,5,10,2008,4.911666666666668,12.72,6.1400000000000015,9.7
15990,29,6,10,2008,4.832499999999999,13.61,6.51,10.13
15991,29,7,10,2008,4.8175,13.68,6.6400000000000015,10.24
15992,29,8,10,2008,4.600833333333333,13.72,6.79,10.3
15993,29,9,10,2008,4.4075,13.7,6.76,10.28
15994,29,10,10,2008,4.155833333333334,13.19,6.68,10.1
15995,29,11,10,2008,3.9916666666666667,12.06,6.36,9.7
15996,29,12,10,2008,3.7724999999999995,11.05,6.12,9.27
15997,29,13,10,2008,3.688333333333334,10.16,5.96,9.02
15998,29,14,10,2008,4.690833333333334,8.5,5.4,7.81
15999,29,15,10,2008,6.6691666666666665,5.0600000000000005,2.38,2.78
16000,29,16,10,2008,8.981666666666667,1.51,1.08,1.23
16001,29,17,10,2008,11.211666666666666,0.74,0.6,0.72
16002,29,18,10,2008,12.96,0.73,0.61,0.7000000000000001
16003,29,19,10,2008,14.335,1.79,1.42,1.67
16004,29,20,10,2008,15.298333333333334,1.94,1.56,1.81
16005,29,21,10,2008,15.685,2.54,2.03,2.39
16006,29,22,10,2008,15.032500000000004,3.89,2.31,3.88
16007,29,23,10,2008,12.933333333333335,4.89,2.86,4.97
16008,30,0,10,2008,11.6425,6.37,3.36,6.05
16009,30,1,10,2008,10.620833333333334,6.3500000000000005,3.6,6.21
16010,30,2,10,2008,10.168333333333333,7.71,4.09,6.95
16011,30,3,10,2008,10.157499999999999,9.34,4.66,7.94
16012,30,4,10,2008,9.7725,9.83,4.87,8.23
16013,30,5,10,2008,9.232500000000002,11.02,5.16,8.73
16014,30,6,10,2008,8.79416666666667,11.61,5.2,8.85
16015,30,7,10,2008,8.43666666666667,11.78,5.39,9.02
16016,30,8,10,2008,8.293333333333333,11.56,5.42,9.08
16017,30,9,10,2008,8.026666666666667,11.86,5.43,8.94
16018,30,10,10,2008,7.6375,11.94,5.38,8.85
16019,30,11,10,2008,7.160833333333333,12.17,5.57,8.9
16020,30,12,10,2008,7.163333333333334,12.86,6.19,9.41
16021,30,13,10,2008,7.090000000000001,13.09,6.58,9.67
16022,30,14,10,2008,8.498333333333333,12.8,7.05,9.45
16023,30,15,10,2008,10.245,11.71,6.26,8.41
16024,30,16,10,2008,12.592500000000001,9.33,5.66,6.92
16025,30,17,10,2008,14.70083333333333,7.59,5.78,6.98
16026,30,18,10,2008,16.525000000000002,8.38,6.29,7.65
16027,30,19,10,2008,17.81083333333334,8.96,6.6000000000000005,8.11
16028,30,20,10,2008,18.76,9.17,6.7,8.27
16029,30,21,10,2008,19.000833333333336,9.22,6.3900000000000015,7.98
16030,30,22,10,2008,18.109166666666663,10.88,5.63,7.6
16031,30,23,10,2008,16.0425,12.41,4.71,8.16
16032,31,0,10,2008,15.835,13.65,6.8,9.96
16033,31,1,10,2008,15.174999999999997,14.51,7.07,10.35
16034,31,2,10,2008,14.430000000000001,14.22,6.99,10.12
16035,31,3,10,2008,14.498333333333335,14.09,7.09,10.2
16036,31,4,10,2008,14.053333333333333,12.95,6.16,9.05
16037,31,5,10,2008,13.970000000000004,13.45,6.69,9.77
16038,31,6,10,2008,13.605833333333335,13.73,6.82,10.02
16039,31,7,10,2008,12.941666666666665,13.2,6.45,9.6
16040,31,8,10,2008,12.139999999999999,11.93,5.54,8.48
16041,31,9,10,2008,11.159999999999998,9.3,4.0,6.86
16042,31,10,10,2008,10.183333333333335,6.96,3.81,6.2700000000000005
16043,31,11,10,2008,9.323333333333332,6.12,3.2,5.72
16044,31,12,10,2008,8.534999999999998,7.18,3.66,6.23
16045,31,13,10,2008,8.620000000000001,7.44,3.79,6.47
16046,31,14,10,2008,9.319999999999999,7.37,4.03,5.7700000000000005
16047,31,15,10,2008,10.989166666666668,6.44,3.7,4.33
16048,31,16,10,2008,12.990833333333335,4.62,3.73,4.37
16049,31,17,10,2008,14.825833333333334,4.74,3.77,4.48
16050,31,18,10,2008,16.374166666666667,4.62,3.65,4.34
16051,31,19,10,2008,17.49416666666667,4.59,3.5500000000000003,4.25
16052,31,20,10,2008,18.13333333333333,4.98,3.83,4.61
16053,31,21,10,2008,18.314999999999998,4.98,3.78,4.59
16054,31,22,10,2008,17.881666666666664,4.87,3.6,4.44
16055,31,23,10,2008,16.210833333333333,4.9,2.47,4.3100000000000005
16056,1,0,11,2008,14.814166666666665,6.26,2.48,4.47
16057,1,1,11,2008,13.542500000000002,6.3100000000000005,2.45,4.66
16058,1,2,11,2008,12.885833333333336,9.08,2.43,5.4
16059,1,3,11,2008,12.24,9.39,3.83,7.05
16060,1,4,11,2008,11.587499999999999,9.15,4.08,7.11
16061,1,5,11,2008,10.707499999999998,9.01,3.95,6.82
16062,1,6,11,2008,9.975833333333332,8.9,3.79,6.6400000000000015
16063,1,7,11,2008,9.479166666666666,7.87,3.49,6.13
16064,1,8,11,2008,8.783333333333335,6.79,3.34,5.8100000000000005
16065,1,9,11,2008,8.1175,6.41,3.12,5.61
16066,1,10,11,2008,7.593333333333333,6.18,3.35,5.79
16067,1,11,11,2008,6.983333333333333,6.22,3.37,5.83
16068,1,12,11,2008,6.348333333333334,6.01,3.31,5.82
16069,1,13,11,2008,5.901666666666666,5.33,2.92,5.28
16070,1,14,11,2008,6.930833333333333,5.08,2.82,4.68
16071,1,15,11,2008,9.085833333333333,4.3,2.21,2.44
16072,1,16,11,2008,11.6925,2.25,1.62,1.8
16073,1,17,11,2008,13.917499999999999,1.47,1.45,1.59
16074,1,18,11,2008,15.799999999999999,0.96,1.04,1.09
16075,1,19,11,2008,17.2825,0.67,0.88,0.87
16076,1,20,11,2008,18.382499999999997,0.8200000000000001,0.68,0.74
16077,1,21,11,2008,19.046666666666663,1.18,0.89,1.06
16078,1,22,11,2008,18.734166666666667,1.85,1.14,1.39
16079,1,23,11,2008,16.699166666666667,2.53,0.75,1.58
16080,2,0,11,2008,15.144999999999998,3.91,1.23,2.65
16081,2,1,11,2008,14.644166666666669,5.3500000000000005,2.68,4.7
16082,2,2,11,2008,14.33333333333333,6.16,3.27,5.57
16083,2,3,11,2008,13.880833333333333,6.94,3.6,6.17
16084,2,4,11,2008,13.259166666666665,7.0,3.74,6.11
16085,2,5,11,2008,12.7525,8.17,3.77,6.72
16086,2,6,11,2008,12.755,9.44,4.36,7.53
16087,2,7,11,2008,12.814166666666667,10.19,5.03,8.24
16088,2,8,11,2008,12.770833333333334,10.21,5.0600000000000005,8.25
16089,2,9,11,2008,12.490000000000002,10.33,5.08,8.290000000000001
16090,2,10,11,2008,12.023333333333333,10.73,5.17,8.43
16091,2,11,11,2008,11.788333333333332,11.13,5.49,8.76
16092,2,12,11,2008,10.751666666666665,10.72,5.19,8.25
16093,2,13,11,2008,10.7425,11.05,5.76,8.83
16094,2,14,11,2008,11.525833333333333,10.59,5.65,8.22
16095,2,15,11,2008,13.219999999999999,9.42,4.89,6.5200000000000005
16096,2,16,11,2008,14.212499999999999,8.27,4.75,5.55
16097,2,17,11,2008,15.601666666666667,7.81,4.89,5.78
16098,2,18,11,2008,17.5675,6.7700000000000005,5.32,6.3100000000000005
16099,2,19,11,2008,18.34583333333333,6.78,5.3,6.34
16100,2,20,11,2008,18.284166666666668,7.69,5.94,7.17
16101,2,21,11,2008,17.7225,8.370000000000001,6.01,7.43
16102,2,22,11,2008,16.783333333333335,10.21,5.98,7.75
16103,2,23,11,2008,14.707500000000003,12.79,6.66,9.52
16104,3,0,11,2008,14.585,13.6,7.08,10.1
16105,3,1,11,2008,15.150833333333336,14.7,7.8,11.07
16106,3,2,11,2008,15.255,15.27,8.09,11.46
16107,3,3,11,2008,15.345833333333333,15.91,8.31,11.83
16108,3,4,11,2008,15.200833333333334,15.99,8.25,11.72
16109,3,5,11,2008,15.2275,16.67,8.81,12.46
16110,3,6,11,2008,15.144999999999998,16.48,8.76,12.34
16111,3,7,11,2008,14.799999999999999,16.04,8.47,11.98
16112,3,8,11,2008,14.51,15.88,8.68,12.12
16113,3,9,11,2008,14.321666666666667,15.92,8.78,12.19
16114,3,10,11,2008,14.200833333333334,16.06,8.82,12.26
16115,3,11,11,2008,14.030833333333334,15.89,8.81,12.22
16116,3,12,11,2008,13.776666666666664,15.76,8.58,11.99
16117,3,13,11,2008,13.612499999999999,15.77,8.540000000000001,11.97
16118,3,14,11,2008,14.816666666666668,15.06,9.48,12.37
16119,3,15,11,2008,16.71666666666667,14.27,8.53,11.69
16120,3,16,11,2008,18.064999999999998,11.73,8.45,10.45
16121,3,17,11,2008,19.885833333333334,11.89,8.67,10.73
16122,3,18,11,2008,21.029166666666665,12.02,8.72,10.81
16123,3,19,11,2008,22.002499999999998,12.07,8.66,10.78
16124,3,20,11,2008,22.570000000000004,13.0,9.09,11.49
16125,3,21,11,2008,22.553333333333327,13.08,9.15,11.57
16126,3,22,11,2008,21.614166666666666,12.54,8.27,10.73
16127,3,23,11,2008,19.528333333333336,13.27,5.61,9.03
16128,4,0,11,2008,18.9625,14.22,7.38,10.55
16129,4,1,11,2008,18.816666666666666,14.15,7.73,10.77
16130,4,2,11,2008,18.5475,14.36,8.0,11.09
16131,4,3,11,2008,18.076666666666668,13.59,7.45,10.4
16132,4,4,11,2008,17.498333333333335,13.11,6.93,9.81
16133,4,5,11,2008,17.171666666666667,13.86,7.42,10.43
16134,4,6,11,2008,16.805000000000003,13.71,7.55,10.42
16135,4,7,11,2008,16.580833333333334,13.25,7.5,10.3
16136,4,8,11,2008,16.10916666666667,12.7,7.22,9.92
16137,4,9,11,2008,15.700000000000001,12.58,7.28,9.9
16138,4,10,11,2008,15.150000000000004,13.13,7.13,9.73
16139,4,11,11,2008,14.329166666666667,13.48,7.15,10.1
16140,4,12,11,2008,13.741666666666669,13.98,7.61,10.63
16141,4,13,11,2008,13.381666666666668,14.09,8.22,11.11
16142,4,14,11,2008,13.9925,14.3,8.86,11.7
16143,4,15,11,2008,15.143333333333333,13.23,8.620000000000001,10.66
16144,4,16,11,2008,16.460833333333333,12.7,9.17,11.38
16145,4,17,11,2008,17.8125,12.79,9.27,11.47
16146,4,18,11,2008,18.86416666666667,13.18,9.44,11.76
16147,4,19,11,2008,19.618333333333332,14.0,9.95,12.45
16148,4,20,11,2008,20.07083333333333,14.55,10.22,12.86
16149,4,21,11,2008,20.016666666666666,14.85,10.35,13.07
16150,4,22,11,2008,19.459166666666665,14.68,10.07,12.82
16151,4,23,11,2008,18.310000000000002,14.21,8.32,11.36
16152,5,0,11,2008,17.707500000000003,15.71,9.01,12.31
16153,5,1,11,2008,17.229166666666668,16.64,9.82,13.26
16154,5,2,11,2008,16.54416666666667,16.75,9.88,13.35
16155,5,3,11,2008,16.188333333333336,16.95,10.0,13.54
16156,5,4,11,2008,15.929166666666667,16.98,10.06,13.61
16157,5,5,11,2008,15.885000000000003,17.28,10.46,13.97
16158,5,6,11,2008,15.695833333333333,17.0,10.25,13.76
16159,5,7,11,2008,15.6875,16.7,10.06,13.43
16160,5,8,11,2008,15.78583333333333,16.85,10.28,13.65
16161,5,9,11,2008,15.665833333333333,16.57,9.96,13.33
16162,5,10,11,2008,15.506666666666662,16.53,9.94,13.31
16163,5,11,11,2008,15.408333333333333,15.67,9.18,12.45
16164,5,12,11,2008,15.157499999999997,15.3,8.93,12.11
16165,5,13,11,2008,15.282499999999999,16.78,10.23,13.6
16166,5,14,11,2008,15.923333333333332,17.38,11.29,14.65
16167,5,15,11,2008,16.915833333333335,15.69,10.66,13.48
16168,5,16,11,2008,17.2925,16.2,11.06,13.97
16169,5,17,11,2008,17.756666666666668,15.36,10.49,13.35
16170,5,18,11,2008,18.23166666666667,15.43,10.64,13.49
16171,5,19,11,2008,19.34,14.52,9.96,12.65
16172,5,20,11,2008,19.20583333333333,14.37,9.91,12.58
16173,5,21,11,2008,19.1675,14.84,10.12,12.91
16174,5,22,11,2008,18.745833333333334,14.1,8.700000000000001,11.48
16175,5,23,11,2008,17.961666666666666,14.08,8.5,11.42
16176,6,0,11,2008,17.240833333333335,15.47,9.74,12.92
16177,6,1,11,2008,16.82916666666667,14.38,8.47,11.54
16178,6,2,11,2008,13.620833333333332,14.91,8.370000000000001,11.99
16179,6,3,11,2008,13.383333333333335,9.32,6.04,7.86
16180,6,4,11,2008,12.963333333333333,5.25,3.92,4.7
16181,6,5,11,2008,12.543333333333335,11.03,5.73,8.25
16182,6,6,11,2008,10.562500000000002,10.93,5.42,7.88
16183,6,7,11,2008,10.294999999999998,9.78,5.61,7.65
16184,6,8,11,2008,10.030833333333332,10.32,6.0600000000000005,8.22
16185,6,9,11,2008,9.402499999999998,10.13,5.5600000000000005,7.67
16186,6,10,11,2008,8.009166666666667,10.75,5.07,7.67
16187,6,11,11,2008,6.945,11.47,5.97,8.59
16188,6,12,11,2008,6.331666666666667,12.89,6.59,9.54
16189,6,13,11,2008,6.006666666666668,12.92,6.72,9.64
16190,6,14,11,2008,6.628333333333334,12.77,7.9300000000000015,10.45
16191,6,15,11,2008,7.596666666666667,12.82,8.74,11.08
16192,6,16,11,2008,8.511666666666668,14.15,9.71,12.3
16193,6,17,11,2008,8.44,14.66,10.17,12.78
16194,6,18,11,2008,8.149166666666668,15.65,10.93,13.71
16195,6,19,11,2008,8.044166666666667,16.0,11.13,14.03
16196,6,20,11,2008,8.010833333333332,16.38,11.45,14.42
16197,6,21,11,2008,7.804166666666667,15.96,10.97,13.91
16198,6,22,11,2008,7.199166666666667,16.330000000000002,11.26,14.3
16199,6,23,11,2008,5.980833333333333,14.43,8.94,11.75
16200,7,0,11,2008,4.405833333333334,14.22,8.700000000000001,11.56
16201,7,1,11,2008,3.551666666666667,13.1,8.03,10.68
16202,7,2,11,2008,3.0066666666666664,12.55,7.52,10.07
16203,7,3,11,2008,2.214166666666667,15.92,10.32,13.43
16204,7,4,11,2008,1.4991666666666665,14.02,8.36,11.15
16205,7,5,11,2008,0.9208333333333334,12.33,7.23,9.79
16206,7,6,11,2008,0.5541666666666667,12.48,7.3900000000000015,9.98
16207,7,7,11,2008,0.4633333333333333,12.99,7.92,10.57
16208,7,8,11,2008,0.5525000000000001,13.48,8.08,10.84
16209,7,9,11,2008,0.5241666666666667,12.45,7.29,9.89
16210,7,10,11,2008,0.5475,11.79,7.33,9.66
16211,7,11,11,2008,0.5299999999999999,15.62,8.64,11.96
16212,7,12,11,2008,0.6175,14.98,9.37,12.38
16213,7,13,11,2008,0.13916666666666666,13.78,8.01,10.85
16214,7,14,11,2008,0.6008333333333333,15.07,10.38,13.12
16215,7,15,11,2008,0.9283333333333332,14.45,9.99,12.64
16216,7,16,11,2008,1.6733333333333331,13.02,9.18,11.5
16217,7,17,11,2008,2.465,13.03,9.29,11.59
16218,7,18,11,2008,3.2875,12.91,9.21,11.49
16219,7,19,11,2008,3.9858333333333333,12.65,9.0,11.24
16220,7,20,11,2008,4.4799999999999995,12.39,8.75,10.97
16221,7,21,11,2008,4.6375,12.42,8.700000000000001,10.96
16222,7,22,11,2008,4.305,11.94,8.26,10.45
16223,7,23,11,2008,3.3624999999999994,11.8,6.41,9.02
16224,8,0,11,2008,2.6675,13.32,7.3900000000000015,10.27
16225,8,1,11,2008,1.8583333333333334,13.68,8.0,10.88
16226,8,2,11,2008,0.8391666666666667,13.79,8.34,11.14
16227,8,3,11,2008,-0.15583333333333332,13.31,7.95,10.63
16228,8,4,11,2008,-0.5291666666666667,11.99,6.66,9.18
16229,8,5,11,2008,-0.8816666666666668,13.23,7.76,10.47
16230,8,6,11,2008,-1.3716666666666668,12.67,7.7,10.24
16231,8,7,11,2008,-1.8133333333333332,12.6,7.77,10.27
16232,8,8,11,2008,-2.164166666666666,12.07,7.4,9.8
16233,8,9,11,2008,-2.4175,11.56,7.19,9.45
16234,8,10,11,2008,-2.6333333333333333,11.54,7.21,9.46
16235,8,11,11,2008,-2.7675,11.05,6.86,9.03
16236,8,12,11,2008,-2.861666666666667,11.66,7.44,9.68
16237,8,13,11,2008,-2.9591666666666665,11.94,7.7,9.98
16238,8,14,11,2008,-2.7391666666666663,12.02,8.39,10.55
16239,8,15,11,2008,-2.1874999999999996,11.61,8.28,10.32
16240,8,16,11,2008,-1.346666666666667,11.4,8.21,10.18
16241,8,17,11,2008,-0.445,11.54,8.34,10.31
16242,8,18,11,2008,0.37083333333333335,11.22,8.1,10.01
16243,8,19,11,2008,1.0083333333333335,11.1,7.92,9.86
16244,8,20,11,2008,1.3675,11.44,8.14,10.13
16245,8,21,11,2008,1.3708333333333333,11.4,8.07,10.08
16246,8,22,11,2008,0.8925,11.21,7.83,9.86
16247,8,23,11,2008,-0.24166666666666667,12.11,5.58,8.55
16248,9,0,11,2008,-0.7441666666666666,12.52,6.8100000000000005,9.6
16249,9,1,11,2008,-1.5666666666666667,11.34,5.54,8.03
16250,9,2,11,2008,-2.1358333333333333,13.37,7.27,10.08
16251,9,3,11,2008,-2.7750000000000004,11.56,6.41,8.8
16252,9,4,11,2008,-3.3533333333333335,11.81,6.95,9.35
16253,9,5,11,2008,-3.805,11.3,6.65,8.94
16254,9,6,11,2008,-4.146666666666667,9.52,5.69,7.58
16255,9,7,11,2008,-4.44,9.04,5.66,7.41
16256,9,8,11,2008,-4.675,8.85,5.55,7.27
16257,9,9,11,2008,-4.9225,8.28,5.08,6.72
16258,9,10,11,2008,-5.229166666666667,8.1,4.87,6.49
16259,9,11,11,2008,-5.505833333333334,7.18,4.19,5.67
16260,9,12,11,2008,-5.7275,7.03,3.84,5.39
16261,9,13,11,2008,-5.881666666666665,7.1000000000000005,3.86,5.43
16262,9,14,11,2008,-5.5008333333333335,6.51,4.2700000000000005,5.3100000000000005
16263,9,15,11,2008,-4.486666666666666,3.77,2.9,3.47
16264,9,16,11,2008,-3.1033333333333335,3.69,2.93,3.46
16265,9,17,11,2008,-1.5816666666666668,3.78,2.99,3.52
16266,9,18,11,2008,-0.1991666666666667,3.53,2.79,3.29
16267,9,19,11,2008,0.8683333333333333,2.99,2.37,2.79
16268,9,20,11,2008,1.5958333333333334,2.86,2.29,2.68
16269,9,21,11,2008,1.8758333333333332,2.57,2.09,2.44
16270,9,22,11,2008,0.9716666666666667,2.35,1.28,2.19
16271,9,23,11,2008,-0.22333333333333336,2.22,0.87,2.04
16272,10,0,11,2008,-0.6433333333333333,2.48,0.39,1.41
16273,10,1,11,2008,-1.0474999999999999,3.16,0.8,2.04
16274,10,2,11,2008,-1.5783333333333331,3.98,1.18,2.66
16275,10,3,11,2008,-1.8866666666666667,4.33,1.3,2.87
16276,10,4,11,2008,-2.249166666666666,4.83,1.51,3.27
16277,10,5,11,2008,-2.7925000000000004,5.41,1.53,3.62
16278,10,6,11,2008,-3.17,5.67,1.4,3.72
16279,10,7,11,2008,-3.4616666666666673,6.78,1.56,4.43
16280,10,8,11,2008,-3.7566666666666664,7.49,1.78,5.05
16281,10,9,11,2008,-3.7933333333333334,7.95,3.0700000000000003,5.17
16282,10,10,11,2008,-3.1733333333333325,7.51,3.39,4.94
16283,10,11,11,2008,-2.184166666666667,6.76,3.84,4.82
16284,10,12,11,2008,-2.5425000000000004,7.31,4.43,5.8
16285,10,13,11,2008,-2.5016666666666665,7.25,4.46,5.8
16286,10,14,11,2008,-2.17,7.17,4.6000000000000005,5.5
16287,10,15,11,2008,-1.1700000000000002,6.5600000000000005,5.16,6.13
16288,10,16,11,2008,0.06333333333333334,7.12,5.54,6.66
16289,10,17,11,2008,0.5325,7.16,5.51,6.62
16290,10,18,11,2008,1.0958333333333334,7.58,5.62,6.79
16291,10,19,11,2008,1.9483333333333333,7.87,5.7700000000000005,7.04
16292,10,20,11,2008,2.43,8.47,5.89,7.41
16293,10,21,11,2008,2.0608333333333335,8.38,5.79,7.22
16294,10,22,11,2008,1.5250000000000001,8.16,4.68,6.37
16295,10,23,11,2008,0.8866666666666666,9.33,5.49,7.38
16296,11,0,11,2008,0.4383333333333333,10.47,6.53,8.56
16297,11,1,11,2008,0.46416666666666667,11.4,7.1400000000000015,9.37
16298,11,2,11,2008,0.47500000000000003,11.47,7.22,9.47
16299,11,3,11,2008,0.9191666666666668,9.83,5.69,7.69
16300,11,4,11,2008,1.275,10.25,6.09,8.18
16301,11,5,11,2008,1.589166666666667,10.23,6.1000000000000005,8.19
16302,11,6,11,2008,1.8716666666666668,9.72,5.69,7.7
16303,11,7,11,2008,2.2341666666666664,9.78,5.8100000000000005,7.82
16304,11,8,11,2008,2.5799999999999996,8.96,5.15,7.01
16305,11,9,11,2008,2.64,8.98,5.59,7.35
16306,11,10,11,2008,2.795833333333334,10.19,6.6000000000000005,8.56
16307,11,11,11,2008,3.200833333333333,9.74,6.09,8.01
16308,11,12,11,2008,3.495833333333333,8.59,5.15,6.87
16309,11,13,11,2008,3.837499999999999,8.28,4.61,6.3500000000000005
16310,11,14,11,2008,4.277500000000001,8.18,4.54,6.2700000000000005
16311,11,15,11,2008,4.443333333333333,7.5,3.99,5.62
16312,11,16,11,2008,4.779166666666668,7.1400000000000015,3.94,5.43
16313,11,17,11,2008,5.358333333333334,6.12,3.61,4.82
16314,11,18,11,2008,5.651666666666667,4.5600000000000005,2.74,3.5700000000000003
16315,11,19,11,2008,5.8825,3.75,1.86,2.69
16316,11,20,11,2008,5.956666666666667,2.31,1.68,2.24
16317,11,21,11,2008,5.7425,2.44,2.0,2.7
16318,11,22,11,2008,5.3500000000000005,3.16,2.15,2.88
16319,11,23,11,2008,5.1275,3.96,2.46,3.38
16320,12,0,11,2008,4.863333333333333,4.87,3.08,4.17
16321,12,1,11,2008,4.473333333333334,5.4,3.3200000000000003,4.21
16322,12,2,11,2008,4.011666666666667,5.2,3.3200000000000003,4.2
16323,12,3,11,2008,3.8225000000000002,5.2,3.34,4.11
16324,12,4,11,2008,3.7325,5.87,3.65,4.59
16325,12,5,11,2008,3.6650000000000005,6.03,3.82,4.84
16326,12,6,11,2008,3.5733333333333324,5.6000000000000005,3.5,4.41
16327,12,7,11,2008,3.4674999999999994,4.79,3.24,4.01
16328,12,8,11,2008,3.4175,4.1,2.87,3.51
16329,12,9,11,2008,3.3441666666666663,5.54,3.98,4.92
16330,12,10,11,2008,2.8716666666666666,5.44,3.9,4.8500000000000005
16331,12,11,11,2008,2.4908333333333332,4.66,3.43,4.19
16332,12,12,11,2008,2.1574999999999998,4.16,3.22,3.88
16333,12,13,11,2008,1.6408333333333334,4.04,3.04,3.63
16334,12,14,11,2008,1.4516666666666664,4.14,3.08,3.78
16335,12,15,11,2008,1.6533333333333333,3.98,3.09,3.69
16336,12,16,11,2008,2.973333333333333,3.5700000000000003,2.83,3.34
16337,12,17,11,2008,4.094166666666667,3.69,2.92,3.45
16338,12,18,11,2008,5.101666666666667,3.6,2.84,3.35
16339,12,19,11,2008,6.0758333333333345,3.77,2.92,3.48
16340,12,20,11,2008,6.820833333333334,3.54,2.73,3.25
16341,12,21,11,2008,7.309166666666667,3.43,2.57,3.1
16342,12,22,11,2008,7.256666666666668,3.1,2.34,2.84
16343,12,23,11,2008,6.300833333333334,2.41,0.96,1.99
16344,13,0,11,2008,5.441666666666667,3.27,1.4,2.54
16345,13,1,11,2008,4.980833333333333,5.0600000000000005,2.4,4.36
16346,13,2,11,2008,4.541666666666667,6.9,3.42,6.09
16347,13,3,11,2008,4.345833333333334,8.870000000000003,3.9,6.8500000000000005
16348,13,4,11,2008,4.985833333333334,11.59,5.8,8.8
16349,13,5,11,2008,5.088333333333334,12.74,6.59,9.58
16350,13,6,11,2008,4.966666666666667,13.8,6.8500000000000005,9.95
16351,13,7,11,2008,5.3675,14.68,7.3,10.59
16352,13,8,11,2008,6.253333333333333,15.16,7.59,10.93
16353,13,9,11,2008,6.905,16.05,8.290000000000001,11.69
16354,13,10,11,2008,7.307499999999998,16.3,8.370000000000001,11.83
16355,13,11,11,2008,7.389166666666668,16.830000000000002,9.1,12.59
16356,13,12,11,2008,7.527500000000001,16.8,9.38,12.81
16357,13,13,11,2008,7.250833333333333,17.740000000000006,9.98,13.58
16358,13,14,11,2008,7.828333333333333,17.43,10.55,13.69
16359,13,15,11,2008,9.808333333333332,16.22,10.57,13.59
16360,13,16,11,2008,11.389166666666666,14.85,9.32,11.74
16361,13,17,11,2008,12.3525,13.36,9.18,11.38
16362,13,18,11,2008,13.694166666666668,12.86,9.06,11.22
16363,13,19,11,2008,14.8525,12.82,8.700000000000001,11.01
16364,13,20,11,2008,15.443333333333333,11.59,7.31,9.36
16365,13,21,11,2008,15.305000000000001,10.79,5.91,8.3
16366,13,22,11,2008,14.631666666666668,11.37,4.7,7.57
16367,13,23,11,2008,14.434166666666664,11.26,5.1000000000000005,7.9300000000000015
16368,14,0,11,2008,13.947499999999998,11.67,5.15,8.24
16369,14,1,11,2008,13.215833333333334,10.63,4.54,7.22
16370,14,2,11,2008,10.864166666666668,11.31,3.61,6.68
16371,14,3,11,2008,9.681666666666667,11.57,4.73,7.68
16372,14,4,11,2008,9.258333333333333,12.13,6.3900000000000015,8.81
16373,14,5,11,2008,9.283333333333333,11.45,6.2,8.61
16374,14,6,11,2008,8.949166666666667,9.81,5.09,7.25
16375,14,7,11,2008,8.526666666666667,9.92,5.0200000000000005,7.21
16376,14,8,11,2008,7.84,10.95,5.82,8.16
16377,14,9,11,2008,7.096666666666668,10.97,5.28,7.78
16378,14,10,11,2008,6.4925,10.86,5.33,7.61
16379,14,11,11,2008,5.664166666666667,12.59,5.87,8.72
16380,14,12,11,2008,4.890833333333334,13.2,6.8900000000000015,9.58
16381,14,13,11,2008,4.073333333333333,13.3,7.54,10.2
16382,14,14,11,2008,3.7125,13.36,8.31,10.91
16383,14,15,11,2008,3.8175000000000003,12.52,8.59,10.87
16384,14,16,11,2008,4.103333333333333,11.83,8.19,10.32
16385,14,17,11,2008,4.514166666666667,11.62,7.94,10.04
16386,14,18,11,2008,5.864166666666667,14.9,10.38,13.09
16387,14,19,11,2008,6.456666666666667,14.36,10.04,12.65
16388,14,20,11,2008,7.137500000000002,13.65,9.58,12.06
16389,14,21,11,2008,7.05,13.83,9.57,12.13
16390,14,22,11,2008,6.454166666666667,13.67,9.37,11.95
16391,14,23,11,2008,5.045,14.36,7.83,11.01
16392,15,0,11,2008,4.267499999999999,16.990000000000002,10.22,13.8
16393,15,1,11,2008,3.390833333333333,16.46,9.72,13.17
16394,15,2,11,2008,2.549166666666667,14.88,8.45,11.62
16395,15,3,11,2008,1.8483333333333334,14.63,8.69,11.74
16396,15,4,11,2008,1.1408333333333331,15.27,9.09,12.28
16397,15,5,11,2008,0.04833333333333334,17.07,10.52,14.01
16398,15,6,11,2008,-1.2125000000000001,16.0,9.78,13.05
16399,15,7,11,2008,-2.0416666666666665,15.25,9.14,12.29
16400,15,8,11,2008,-2.4850000000000003,14.93,9.02,12.09
16401,15,9,11,2008,-3.0574999999999997,14.37,9.04,11.91
16402,15,10,11,2008,-3.3491666666666666,13.56,8.47,11.17
16403,15,11,11,2008,-3.3941666666666666,12.43,7.76,10.23
16404,15,12,11,2008,-3.3766666666666665,11.58,7.07,9.39
16405,15,13,11,2008,-3.293333333333333,11.63,7.19,9.49
16406,15,14,11,2008,-2.8041666666666667,11.53,7.8,9.83
16407,15,15,11,2008,-1.7924999999999998,11.45,8.05,10.07
16408,15,16,11,2008,-0.7091666666666668,11.66,8.24,10.3
16409,15,17,11,2008,0.24916666666666668,11.73,8.3,10.38
16410,15,18,11,2008,1.0741666666666667,11.49,8.15,10.18
16411,15,19,11,2008,1.7233333333333334,11.13,7.9,9.83
16412,15,20,11,2008,2.15,11.13,7.87,9.84
16413,15,21,11,2008,2.2933333333333334,10.65,7.46,9.38
16414,15,22,11,2008,2.025,9.38,6.32,8.040000000000001
16415,15,23,11,2008,0.5166666666666667,9.9,3.86,6.93
16416,16,0,11,2008,0.027499999999999997,10.88,3.4,6.93
16417,16,1,11,2008,-0.49666666666666665,9.43,3.4,6.5200000000000005
16418,16,2,11,2008,-0.7866666666666666,8.8,3.18,5.94
16419,16,3,11,2008,-0.8383333333333333,8.13,3.88,5.99
16420,16,4,11,2008,-0.8874999999999998,7.7,4.01,5.98
16421,16,5,11,2008,-1.0050000000000001,8.28,4.3100000000000005,6.44
16422,16,6,11,2008,-0.6316666666666667,9.68,4.74,7.16
16423,16,7,11,2008,-0.5391666666666667,9.67,5.0200000000000005,7.27
16424,16,8,11,2008,-0.4575000000000001,11.41,6.13,8.61
16425,16,9,11,2008,-0.16,12.95,6.68,9.49
16426,16,10,11,2008,0.18916666666666662,13.87,7.26,10.21
16427,16,11,11,2008,0.5691666666666667,14.67,7.74,10.83
16428,16,12,11,2008,0.7349999999999999,14.44,7.79,10.85
16429,16,13,11,2008,0.9091666666666667,13.94,7.37,10.35
16430,16,14,11,2008,2.2183333333333337,13.5,7.75,10.15
16431,16,15,11,2008,4.275833333333334,12.14,6.5600000000000005,9.39
16432,16,16,11,2008,6.180833333333333,9.29,6.43,7.91
16433,16,17,11,2008,7.4433333333333325,8.5,6.2700000000000005,7.65
16434,16,18,11,2008,8.552499999999998,8.78,6.4,7.85
16435,16,19,11,2008,9.241666666666669,8.64,6.28,7.71
16436,16,20,11,2008,9.415833333333337,8.74,6.32,7.79
16437,16,21,11,2008,9.126666666666667,8.45,6.0,7.46
16438,16,22,11,2008,7.8041666666666645,8.540000000000001,4.46,6.5200000000000005
16439,16,23,11,2008,6.1066666666666665,9.69,3.68,6.82
16440,17,0,11,2008,5.074166666666667,9.76,3.29,6.75
16441,17,1,11,2008,4.131666666666667,10.62,3.71,7.0200000000000005
16442,17,2,11,2008,3.7425,11.45,4.61,7.24
16443,17,3,11,2008,3.31,10.99,4.75,7.38
16444,17,4,11,2008,2.353333333333333,9.55,3.94,6.47
16445,17,5,11,2008,1.9991666666666668,9.42,4.1,6.48
16446,17,6,11,2008,1.6850000000000005,9.31,3.94,6.36
16447,17,7,11,2008,1.6291666666666667,8.25,3.64,5.55
16448,17,8,11,2008,1.505,6.7,2.94,4.58
16449,17,9,11,2008,1.4175000000000002,5.24,2.64,3.85
16450,17,10,11,2008,1.1341666666666665,5.33,2.69,3.88
16451,17,11,11,2008,0.5791666666666666,5.89,2.51,4.28
16452,17,12,11,2008,-0.1433333333333333,7.07,2.81,4.82
16453,17,13,11,2008,-0.8350000000000001,6.71,2.87,4.99
16454,17,14,11,2008,-0.7591666666666668,6.74,3.5500000000000003,4.97
16455,17,15,11,2008,-0.03500000000000001,4.82,3.5500000000000003,4.29
16456,17,16,11,2008,1.1408333333333334,5.5600000000000005,4.14,5.01
16457,17,17,11,2008,2.0733333333333333,5.82,4.36,5.26
16458,17,18,11,2008,2.6608333333333336,6.16,4.59,5.5600000000000005
16459,17,19,11,2008,3.0483333333333333,6.58,4.87,5.92
16460,17,20,11,2008,3.258333333333333,6.84,5.09,6.18
16461,17,21,11,2008,3.158333333333333,6.66,4.91,6.0
16462,17,22,11,2008,2.609166666666667,7.0600000000000005,4.73,5.86
16463,17,23,11,2008,1.36,7.18,3.41,5.57
16464,18,0,11,2008,0.2883333333333334,7.59,3.0700000000000003,5.29
16465,18,1,11,2008,-0.38833333333333336,8.14,2.84,5.95
16466,18,2,11,2008,-0.9808333333333333,7.71,2.81,5.4
16467,18,3,11,2008,-1.3516666666666666,8.06,2.49,5.3
16468,18,4,11,2008,-1.7108333333333334,7.74,2.31,4.97
16469,18,5,11,2008,-1.9800000000000004,7.28,2.33,4.73
16470,18,6,11,2008,-2.2533333333333334,7.04,2.07,4.0200000000000005
16471,18,7,11,2008,-2.5208333333333335,6.37,1.71,3.35
16472,18,8,11,2008,-2.8091666666666666,5.98,2.18,3.77
16473,18,9,11,2008,-3.2158333333333338,6.0,3.29,4.3500000000000005
16474,18,10,11,2008,-3.5141666666666667,5.91,3.2,4.28
16475,18,11,11,2008,-3.736666666666667,5.58,3.51,4.5
16476,18,12,11,2008,-3.792500000000001,5.68,3.31,4.33
16477,18,13,11,2008,-3.7516666666666656,6.6400000000000015,3.8,5.12
16478,18,14,11,2008,-3.4433333333333334,6.75,4.15,5.23
16479,18,15,11,2008,-1.8675000000000004,5.78,4.36,5.28
16480,18,16,11,2008,-0.2575,6.58,4.99,6.04
16481,18,17,11,2008,0.9733333333333335,7.03,5.29,6.41
16482,18,18,11,2008,2.4216666666666664,7.76,5.73,7.01
16483,18,19,11,2008,3.420833333333333,8.57,6.24,7.69
16484,18,20,11,2008,3.9575,9.17,6.58,8.18
16485,18,21,11,2008,4.215,9.69,6.8500000000000005,8.58
16486,18,22,11,2008,3.3074999999999997,10.85,6.03,7.83
16487,18,23,11,2008,1.9025,13.76,6.41,9.73
16488,19,0,11,2008,1.7058333333333329,14.75,7.45,10.8
16489,19,1,11,2008,1.6899999999999997,15.8,8.48,11.93
16490,19,2,11,2008,1.6466666666666665,16.31,9.11,12.55
16491,19,3,11,2008,1.6925000000000001,16.56,9.26,12.74
16492,19,4,11,2008,1.6874999999999998,16.580000000000002,9.25,12.72
16493,19,5,11,2008,1.8091666666666668,16.38,8.82,12.28
16494,19,6,11,2008,2.055,16.73,9.44,12.91
16495,19,7,11,2008,2.334166666666667,16.990000000000002,9.85,13.32
16496,19,8,11,2008,2.3150000000000004,16.39,9.29,12.66
16497,19,9,11,2008,2.1466666666666665,15.6,7.95,11.2
16498,19,10,11,2008,2.0608333333333335,15.09,7.46,10.68
16499,19,11,11,2008,1.8366666666666662,13.09,7.0600000000000005,10.2
16500,19,12,11,2008,1.5516666666666665,9.95,6.18,9.02
16501,19,13,11,2008,1.4441666666666666,8.950000000000003,5.61,8.120000000000001
16502,19,14,11,2008,3.0483333333333333,8.77,4.49,7.17
16503,19,15,11,2008,5.804166666666667,8.19,4.21,5.96
16504,19,16,11,2008,7.609999999999999,7.3,3.92,4.71
16505,19,17,11,2008,9.060833333333333,5.8,4.46,5.34
16506,19,18,11,2008,10.075833333333334,6.36,4.86,5.8500000000000005
16507,19,19,11,2008,10.409166666666666,7.49,5.6000000000000005,6.82
16508,19,20,11,2008,10.327499999999999,9.15,6.78,8.33
16509,19,21,11,2008,9.416666666666668,9.97,7.16,8.89
16510,19,22,11,2008,7.9941666666666675,11.58,7.11,8.91
16511,19,23,11,2008,6.343333333333334,14.16,8.290000000000001,11.29
16512,20,0,11,2008,4.686666666666666,12.87,7.55,10.29
16513,20,1,11,2008,3.4299999999999997,13.84,7.83,10.7
16514,20,2,11,2008,2.3441666666666667,13.57,7.65,10.43
16515,20,3,11,2008,1.3716666666666668,12.96,7.34,9.99
16516,20,4,11,2008,0.25166666666666665,12.48,7.25,9.8
16517,20,5,11,2008,-0.6833333333333332,11.64,6.6400000000000015,9.02
16518,20,6,11,2008,-1.5366666666666668,11.46,6.62,8.94
16519,20,7,11,2008,-2.1075,11.22,6.5600000000000005,8.82
16520,20,8,11,2008,-2.5425,10.77,6.37,8.5
16521,20,9,11,2008,-2.8716666666666666,10.47,6.2700000000000005,8.33
16522,20,10,11,2008,-2.7633333333333336,10.37,6.37,8.4
16523,20,11,11,2008,-2.2441666666666666,10.51,6.6000000000000005,8.620000000000001
16524,20,12,11,2008,-1.7874999999999996,10.6,7.22,9.1
16525,20,13,11,2008,-1.8250000000000002,10.84,7.33,9.26
16526,20,14,11,2008,-1.9558333333333333,11.89,8.38,10.48
16527,20,15,11,2008,-1.8408333333333333,12.29,8.76,10.89
16528,20,16,11,2008,-1.5374999999999999,11.78,8.55,10.54
16529,20,17,11,2008,-1.1283333333333332,11.99,8.63,10.67
16530,20,18,11,2008,-0.5616666666666668,12.44,8.86,11.0
16531,20,19,11,2008,-0.27333333333333326,12.91,9.19,11.43
16532,20,20,11,2008,-0.35083333333333333,12.68,8.98,11.2
16533,20,21,11,2008,-0.77,12.6,8.92,11.15
16534,20,22,11,2008,-1.4916666666666665,11.86,8.24,10.4
16535,20,23,11,2008,-2.660833333333333,11.92,6.36,9.08
16536,21,0,11,2008,-3.2741666666666664,12.53,6.48,9.19
16537,21,1,11,2008,-4.221666666666667,11.65,5.95,8.51
16538,21,2,11,2008,-4.975,10.16,5.01,7.27
16539,21,3,11,2008,-5.602499999999999,14.47,8.370000000000001,11.27
16540,21,4,11,2008,-6.3325000000000005,11.39,6.3,8.63
16541,21,5,11,2008,-6.803333333333332,10.22,5.5600000000000005,7.7
16542,21,6,11,2008,-7.197500000000001,9.21,4.92,6.8500000000000005
16543,21,7,11,2008,-7.534166666666665,8.72,5.26,6.83
16544,21,8,11,2008,-7.881666666666667,8.08,5.09,6.6000000000000005
16545,21,9,11,2008,-8.152500000000002,5.61,3.09,4.28
16546,21,10,11,2008,-8.38,4.64,2.43,3.5500000000000003
16547,21,11,11,2008,-8.579166666666667,4.79,2.57,4.14
16548,21,12,11,2008,-8.913333333333334,4.67,2.27,3.93
16549,21,13,11,2008,-9.199166666666667,2.65,0.73,2.35
16550,21,14,11,2008,-8.85416666666667,1.27,0.66,0.7000000000000001
16551,21,15,11,2008,-7.523333333333334,2.06,1.66,1.94
16552,21,16,11,2008,-6.1499999999999995,3.42,2.69,3.18
16553,21,17,11,2008,-4.765,4.13,3.19,3.81
16554,21,18,11,2008,-3.4141666666666666,4.68,3.59,4.29
16555,21,19,11,2008,-2.3808333333333334,5.49,4.15,5.01
16556,21,20,11,2008,-1.6008333333333338,6.18,4.58,5.6000000000000005
16557,21,21,11,2008,-1.3025,6.91,5.04,6.21
16558,21,22,11,2008,-1.8924999999999998,8.4,4.98,6.18
16559,21,23,11,2008,-3.120833333333333,9.95,4.28,6.94
16560,22,0,11,2008,-3.499166666666667,11.15,5.5200000000000005,8.11
16561,22,1,11,2008,-3.576666666666666,11.63,5.97,8.540000000000001
16562,22,2,11,2008,-3.6666666666666674,11.79,6.15,8.66
16563,22,3,11,2008,-3.848333333333333,11.88,5.94,8.47
16564,22,4,11,2008,-4.054166666666668,11.73,5.58,8.120000000000001
16565,22,5,11,2008,-4.085833333333333,11.93,6.29,8.72
16566,22,6,11,2008,-3.6075,12.89,7.53,10.04
16567,22,7,11,2008,-2.8066666666666666,12.69,7.6400000000000015,10.03
16568,22,8,11,2008,-2.3249999999999997,11.4,6.99,9.15
16569,22,9,11,2008,-2.9233333333333333,12.25,6.23,8.94
16570,22,10,11,2008,-3.250833333333333,12.7,6.41,9.15
16571,22,11,11,2008,-3.3949999999999996,12.85,6.5200000000000005,9.28
16572,22,12,11,2008,-3.376666666666667,13.75,7.27,10.15
16573,22,13,11,2008,-3.1791666666666667,14.9,8.55,11.54
16574,22,14,11,2008,-2.4225,15.5,9.9,12.78
16575,22,15,11,2008,-0.9816666666666666,14.71,9.33,12.32
16576,22,16,11,2008,0.5874999999999999,11.41,8.25,10.05
16577,22,17,11,2008,2.2041666666666666,7.95,5.84,7.11
16578,22,18,11,2008,3.6425,8.31,6.28,7.6
16579,22,19,11,2008,4.750000000000001,7.97,5.95,7.24
16580,22,20,11,2008,5.3950000000000005,7.44,5.58,6.7700000000000005
16581,22,21,11,2008,5.4975,6.22,4.66,5.67
16582,22,22,11,2008,4.048333333333333,5.97,2.84,5.16
16583,22,23,11,2008,2.6733333333333333,5.92,3.0700000000000003,5.37
16584,23,0,11,2008,1.7266666666666666,5.5600000000000005,3.44,5.25
16585,23,1,11,2008,1.5374999999999999,4.98,3.51,5.54
16586,23,2,11,2008,1.6608333333333334,4.59,3.29,4.97
16587,23,3,11,2008,1.9366666666666665,4.96,3.98,5.18
16588,23,4,11,2008,1.2158333333333335,7.08,4.16,6.99
16589,23,5,11,2008,0.8583333333333334,8.41,4.43,7.52
16590,23,6,11,2008,0.5141666666666667,10.29,5.04,8.63
16591,23,7,11,2008,0.8716666666666667,11.37,5.71,9.27
16592,23,8,11,2008,1.1108333333333331,12.34,5.98,9.51
16593,23,9,11,2008,0.6416666666666667,12.69,5.95,9.31
16594,23,10,11,2008,0.7741666666666666,13.99,6.7,10.1
16595,23,11,11,2008,1.1783333333333335,14.37,6.8500000000000005,10.26
16596,23,12,11,2008,1.144166666666667,14.31,6.82,10.2
16597,23,13,11,2008,0.05916666666666667,14.19,6.76,9.97
16598,23,14,11,2008,1.8774999999999997,14.12,8.22,10.77
16599,23,15,11,2008,3.258333333333334,12.78,7.96,10.38
16600,23,16,11,2008,4.679166666666667,10.34,5.75,6.97
16601,23,17,11,2008,6.445833333333333,7.84,5.82,7.01
16602,23,18,11,2008,7.830833333333334,6.92,5.21,6.28
16603,23,19,11,2008,8.924166666666666,7.03,5.22,6.3500000000000005
16604,23,20,11,2008,9.376666666666667,6.67,4.94,6.03
16605,23,21,11,2008,9.170833333333333,6.32,4.63,5.69
16606,23,22,11,2008,7.7825,6.57,2.74,4.8
16607,23,23,11,2008,6.5491666666666655,7.58,3.45,6.05
16608,24,0,11,2008,6.521666666666667,9.46,4.14,6.88
16609,24,1,11,2008,5.968333333333334,13.92,7.92,10.73
16610,24,2,11,2008,2.691666666666667,14.19,8.24,11.05
16611,24,3,11,2008,1.1700000000000002,13.5,7.61,10.38
16612,24,4,11,2008,0.24833333333333332,13.17,7.38,10.09
16613,24,5,11,2008,-0.027499999999999997,14.66,8.36,11.35
16614,24,6,11,2008,0.19416666666666668,14.26,8.22,11.13
16615,24,7,11,2008,0.01666666666666667,14.08,8.08,10.95
16616,24,8,11,2008,-0.2083333333333333,13.5,7.54,10.33
16617,24,9,11,2008,-0.46166666666666667,13.34,7.42,10.21
16618,24,10,11,2008,-0.8158333333333333,12.44,5.8100000000000005,8.72
16619,24,11,11,2008,-1.0775,12.62,5.2700000000000005,8.290000000000001
16620,24,12,11,2008,-1.2466666666666668,12.32,4.95,7.97
16621,24,13,11,2008,-1.06,12.23,5.12,7.9
16622,24,14,11,2008,0.015000000000000005,12.11,6.45,8.72
16623,24,15,11,2008,1.7291666666666667,10.47,6.21,7.9
16624,24,16,11,2008,3.6041666666666674,6.99,5.04,6.1400000000000015
16625,24,17,11,2008,5.2525,6.5,4.9,5.91
16626,24,18,11,2008,6.904166666666666,8.06,5.99,7.31
16627,24,19,11,2008,7.640000000000001,8.49,6.24,7.67
16628,24,20,11,2008,8.008333333333335,8.32,5.96,7.43
16629,24,21,11,2008,7.88,8.49,5.99,7.51
16630,24,22,11,2008,6.424166666666667,10.08,4.36,7.33
16631,24,23,11,2008,4.8475,12.25,4.79,8.370000000000001
16632,25,0,11,2008,3.9725,13.47,5.43,9.29
16633,25,1,11,2008,3.7875,13.45,5.59,9.59
16634,25,2,11,2008,2.9150000000000005,13.11,5.19,9.11
16635,25,3,11,2008,2.333333333333333,11.41,4.5,8.03
16636,25,4,11,2008,2.2133333333333334,9.48,4.0600000000000005,7.84
16637,25,5,11,2008,1.8133333333333332,7.51,3.66,7.04
16638,25,6,11,2008,1.2966666666666666,7.62,3.12,6.23
16639,25,7,11,2008,0.7875000000000001,7.86,2.95,6.34
16640,25,8,11,2008,-0.28250000000000003,7.04,2.44,5.24
16641,25,9,11,2008,-1.1025,7.49,1.83,4.8500000000000005
16642,25,10,11,2008,-1.6616666666666664,6.53,1.67,4.6000000000000005
16643,25,11,11,2008,-2.2025,6.63,2.51,5.54
16644,25,12,11,2008,-2.5483333333333333,7.13,2.87,5.9
16645,25,13,11,2008,-2.7833333333333328,7.79,3.44,6.0600000000000005
16646,25,14,11,2008,-2.4283333333333332,7.54,3.82,5.36
16647,25,15,11,2008,-0.4558333333333333,6.03,3.4,3.97
16648,25,16,11,2008,1.7066666666666668,3.5700000000000003,2.8000000000000003,3.25
16649,25,17,11,2008,3.3716666666666666,3.12,2.59,2.99
16650,25,18,11,2008,4.800833333333334,3.02,2.44,2.84
16651,25,19,11,2008,5.980833333333334,3.09,2.45,2.87
16652,25,20,11,2008,6.7508333333333335,3.24,2.5500000000000003,3.02
16653,25,21,11,2008,6.6925,3.21,2.52,2.98
16654,25,22,11,2008,5.014166666666667,3.5700000000000003,1.46,2.58
16655,25,23,11,2008,2.918333333333333,4.21,1.46,3.71
16656,26,0,11,2008,2.045,4.93,2.04,4.41
16657,26,1,11,2008,1.935833333333333,5.19,2.46,5.16
16658,26,2,11,2008,1.6583333333333334,5.05,2.5,4.79
16659,26,3,11,2008,1.7183333333333335,4.68,2.64,4.5200000000000005
16660,26,4,11,2008,1.7366666666666666,3.96,2.42,3.98
16661,26,5,11,2008,1.5408333333333333,2.65,1.75,2.71
16662,26,6,11,2008,1.4758333333333333,2.63,2.06,3.11
16663,26,7,11,2008,1.3841666666666665,2.87,2.01,3.03
16664,26,8,11,2008,1.1816666666666664,3.3200000000000003,2.13,3.18
16665,26,9,11,2008,0.77,3.8,2.21,3.51
16666,26,10,11,2008,0.2016666666666667,5.01,2.75,4.57
16667,26,11,11,2008,-0.2733333333333334,5.68,3.0,5.05
16668,26,12,11,2008,-0.4641666666666666,6.29,3.18,5.62
16669,26,13,11,2008,-0.9408333333333334,6.49,3.99,6.57
16670,26,14,11,2008,-0.3166666666666667,7.79,4.44,6.63
16671,26,15,11,2008,1.0225,7.61,3.9,5.37
16672,26,16,11,2008,2.7608333333333337,5.0,3.27,3.8
16673,26,17,11,2008,4.469166666666667,3.56,2.95,3.43
16674,26,18,11,2008,5.840833333333333,3.58,2.96,3.44
16675,26,19,11,2008,6.848333333333334,3.61,2.97,3.46
16676,26,20,11,2008,7.278333333333333,3.67,2.93,3.49
16677,26,21,11,2008,6.975833333333334,4.03,2.93,3.48
16678,26,22,11,2008,5.416666666666667,4.64,2.15,4.48
16679,26,23,11,2008,3.9008333333333343,4.87,2.44,4.98
16680,27,0,11,2008,2.9774999999999996,4.49,2.27,4.36
16681,27,1,11,2008,2.598333333333333,4.3100000000000005,1.89,3.38
16682,27,2,11,2008,2.2049999999999996,4.32,1.93,3.53
16683,27,3,11,2008,1.7133333333333336,3.29,1.61,2.83
16684,27,4,11,2008,1.4658333333333333,3.09,1.48,2.59
16685,27,5,11,2008,1.096666666666667,2.49,0.96,1.98
16686,27,6,11,2008,0.6958333333333333,1.45,0.88,1.17
16687,27,7,11,2008,0.6533333333333334,0.9,1.25,1.37
16688,27,8,11,2008,0.8975,0.96,1.3,1.4
16689,27,9,11,2008,1.02,1.17,1.24,1.71
16690,27,10,11,2008,0.5541666666666666,2.91,2.37,3.62
16691,27,11,11,2008,0.355,4.97,3.4,5.04
16692,27,12,11,2008,-0.30750000000000005,5.65,3.45,5.16
16693,27,13,11,2008,-0.6191666666666666,6.11,3.06,5.09
16694,27,14,11,2008,0.225,7.3900000000000015,3.85,5.48
16695,27,15,11,2008,1.185,7.23,4.19,5.05
16696,27,16,11,2008,2.1575,5.87,4.42,5.32
16697,27,17,11,2008,3.8433333333333333,8.23,6.1400000000000015,7.48
16698,27,18,11,2008,4.8691666666666675,8.700000000000001,6.49,7.9
16699,27,19,11,2008,5.636666666666667,8.63,6.38,7.8
16700,27,20,11,2008,5.898333333333333,8.76,6.45,7.9
16701,27,21,11,2008,5.62,7.94,5.75,7.11
16702,27,22,11,2008,4.573333333333333,8.36,4.25,6.13
16703,27,23,11,2008,3.7641666666666667,10.27,5.14,7.62
16704,28,0,11,2008,3.436666666666667,10.88,5.53,8.11
16705,28,1,11,2008,2.724166666666667,9.98,5.14,7.47
16706,28,2,11,2008,2.4416666666666664,9.74,4.8500000000000005,7.08
16707,28,3,11,2008,1.8958333333333333,8.790000000000001,4.39,6.38
16708,28,4,11,2008,1.4725,8.74,4.17,6.23
16709,28,5,11,2008,0.9316666666666666,7.68,2.66,4.58
16710,28,6,11,2008,0.7275,8.14,3.78,5.82
16711,28,7,11,2008,0.8075000000000001,7.86,3.49,5.59
16712,28,8,11,2008,0.6441666666666668,7.43,3.59,5.66
16713,28,9,11,2008,0.435,6.2,2.93,4.97
16714,28,10,11,2008,0.15666666666666668,5.49,2.56,4.69
16715,28,11,11,2008,-0.12499999999999999,4.89,2.03,4.22
16716,28,12,11,2008,-0.01749999999999999,4.24,2.07,4.05
16717,28,13,11,2008,0.005000000000000001,4.15,2.11,4.01
16718,28,14,11,2008,0.12999999999999998,3.51,2.08,3.42
16719,28,15,11,2008,1.0016666666666667,3.38,1.75,2.67
16720,28,16,11,2008,2.1766666666666663,1.73,1.48,1.68
16721,28,17,11,2008,3.5116666666666667,1.57,1.34,1.53
16722,28,18,11,2008,4.595833333333334,1.54,1.29,1.48
16723,28,19,11,2008,5.458333333333335,1.53,1.28,1.47
16724,28,20,11,2008,6.0475,0.96,0.8,0.91
16725,28,21,11,2008,6.112500000000001,0.7000000000000001,0.89,0.89
16726,28,22,11,2008,5.641666666666667,1.25,1.07,1.45
16727,28,23,11,2008,5.051666666666667,1.52,0.7000000000000001,1.46
16728,29,0,11,2008,4.791666666666667,1.79,0.11,1.05
16729,29,1,11,2008,4.546666666666668,2.0,0.22,1.29
16730,29,2,11,2008,4.335833333333333,2.17,0.28,1.32
16731,29,3,11,2008,4.099166666666667,1.39,0.23,0.75
16732,29,4,11,2008,3.939166666666667,1.88,0.56,1.31
16733,29,5,11,2008,3.7758333333333343,1.93,0.56,1.32
16734,29,6,11,2008,2.991666666666667,1.79,2.62,2.8000000000000003
16735,29,7,11,2008,1.4341666666666668,1.83,1.03,1.06
16736,29,8,11,2008,1.3583333333333332,1.99,1.0,1.07
16737,29,9,11,2008,1.3691666666666666,1.02,0.75,0.91
16738,29,10,11,2008,0.8824999999999998,1.97,1.75,2.0
16739,29,11,11,2008,0.5875,1.72,1.53,1.73
16740,29,12,11,2008,0.505,1.99,1.43,1.64
16741,29,13,11,2008,0.39166666666666666,2.22,1.43,1.61
16742,29,14,11,2008,0.39749999999999996,2.34,1.45,1.64
16743,29,15,11,2008,0.6566666666666666,2.26,1.75,2.08
16744,29,16,11,2008,1.16,2.41,1.83,2.2
16745,29,17,11,2008,1.6624999999999999,2.41,1.83,2.2
16746,29,18,11,2008,2.0741666666666663,2.23,1.73,2.06
16747,29,19,11,2008,2.2641666666666667,1.93,1.52,1.79
16748,29,20,11,2008,2.3766666666666665,1.88,1.5,1.76
16749,29,21,11,2008,2.3075000000000006,2.08,1.65,1.95
16750,29,22,11,2008,2.0141666666666667,3.1,2.4,2.89
16751,29,23,11,2008,1.6883333333333328,4.46,3.3000000000000003,4.03
16752,30,0,11,2008,1.215,4.72,3.24,3.92
16753,30,1,11,2008,0.9333333333333332,6.43,3.5,4.6000000000000005
16754,30,2,11,2008,0.96,8.2,4.71,6.3900000000000015
16755,30,3,11,2008,0.7558333333333334,10.27,6.51,8.57
16756,30,4,11,2008,0.2891666666666666,10.31,6.48,8.51
16757,30,5,11,2008,-0.5075,9.97,6.6400000000000015,8.5
16758,30,6,11,2008,-1.1408333333333334,10.1,6.9,8.77
16759,30,7,11,2008,-1.8741666666666665,10.48,6.98,8.91
16760,30,8,11,2008,-2.5683333333333334,10.85,6.96,8.97
16761,30,9,11,2008,-2.671666666666667,10.8,6.73,8.72
16762,30,10,11,2008,-2.526666666666667,11.26,7.15,9.25
16763,30,11,11,2008,-2.3700000000000006,11.5,7.3,9.46
16764,30,12,11,2008,-2.2266666666666666,11.64,7.71,9.9
16765,30,13,11,2008,-2.4141666666666666,12.47,8.26,10.61
16766,30,14,11,2008,-2.5774999999999997,12.65,8.47,10.85
16767,30,15,11,2008,-2.0183333333333335,12.75,8.89,11.25
16768,30,16,11,2008,-1.1541666666666666,12.88,9.11,11.46
16769,30,17,11,2008,-0.3675000000000001,12.83,9.12,11.44
16770,30,18,11,2008,0.24833333333333338,12.92,9.18,11.53
16771,30,19,11,2008,0.5816666666666667,13.24,9.37,11.79
16772,30,20,11,2008,0.7383333333333333,13.33,9.42,11.86
16773,30,21,11,2008,0.6408333333333335,13.1,9.18,11.6
16774,30,22,11,2008,0.10583333333333332,13.46,8.55,11.26
16775,30,23,11,2008,-0.15666666666666665,14.35,9.13,12.01
16776,1,0,12,2008,-0.3766666666666667,13.66,8.950000000000003,11.55
16777,1,1,12,2008,-0.5,13.87,9.15,11.82
16778,1,2,12,2008,-0.7374999999999999,12.99,8.47,11.04
16779,1,3,12,2008,-1.1524999999999999,11.21,6.28,8.98
16780,1,4,12,2008,-1.3208333333333333,12.11,6.86,9.3
16781,1,5,12,2008,-1.4608333333333334,13.38,8.2,11.24
16782,1,6,12,2008,-1.875,14.17,8.84,11.73
16783,1,7,12,2008,-2.5749999999999997,15.26,9.32,12.45
16784,1,8,12,2008,-3.3183333333333334,15.1,9.01,12.16
16785,1,9,12,2008,-3.975000000000001,14.64,8.91,11.93
16786,1,10,12,2008,-4.615,13.9,8.07,11.0
16787,1,11,12,2008,-5.131666666666665,12.4,6.82,9.49
16788,1,12,12,2008,-5.476666666666667,13.33,8.0,10.74
16789,1,13,12,2008,-5.733333333333334,13.26,8.0,10.71
16790,1,14,12,2008,-5.484166666666667,10.9,6.71,8.59
16791,1,15,12,2008,-4.569166666666667,9.98,6.93,8.74
16792,1,16,12,2008,-3.643333333333333,10.24,7.34,9.16
16793,1,17,12,2008,-2.723333333333333,9.95,7.2,8.94
16794,1,18,12,2008,-1.92,8.8,6.34,7.88
16795,1,19,12,2008,-1.2008333333333334,8.5,6.13,7.61
16796,1,20,12,2008,-0.7508333333333334,7.81,5.5600000000000005,6.94
16797,1,21,12,2008,-0.5366666666666667,7.73,5.41,6.78
16798,1,22,12,2008,-1.2716666666666667,7.38,4.6000000000000005,6.0600000000000005
16799,1,23,12,2008,-2.1891666666666665,8.040000000000001,3.43,6.34
16800,2,0,12,2008,-2.535,8.21,3.54,6.38
16801,2,1,12,2008,-3.2258333333333336,7.76,3.5,6.0200000000000005
16802,2,2,12,2008,-3.215,6.12,3.11,5.45
16803,2,3,12,2008,-3.2441666666666666,4.78,3.29,4.53
16804,2,4,12,2008,-3.0124999999999997,6.23,3.8,5.73
16805,2,5,12,2008,-2.3224999999999993,8.02,4.32,6.9
16806,2,6,12,2008,-2.2449999999999997,9.9,4.64,7.41
16807,2,7,12,2008,-2.4966666666666666,12.36,5.38,8.27
16808,2,8,12,2008,-2.236666666666667,12.94,5.93,8.85
16809,2,9,12,2008,-1.9225,13.26,6.01,8.99
16810,2,10,12,2008,-1.6349999999999998,13.93,6.73,9.72
16811,2,11,12,2008,-1.2216666666666667,14.58,7.32,10.41
16812,2,12,12,2008,-0.9258333333333333,14.77,7.7,10.79
16813,2,13,12,2008,-0.7158333333333333,15.32,7.98,11.2
16814,2,14,12,2008,0.3433333333333333,16.06,9.85,12.95
16815,2,15,12,2008,2.546666666666667,16.5,10.71,13.92
16816,2,16,12,2008,3.6366666666666667,16.81,10.37,13.5
16817,2,17,12,2008,4.8774999999999995,15.13,10.12,12.66
16818,2,18,12,2008,6.3625,11.91,8.39,10.46
16819,2,19,12,2008,7.390833333333334,9.48,6.8,8.43
16820,2,20,12,2008,7.960000000000002,8.950000000000003,6.2,7.75
16821,2,21,12,2008,7.495000000000001,9.72,5.16,6.95
16822,2,22,12,2008,5.9375,13.96,5.8,9.75
16823,2,23,12,2008,5.535,15.9,7.74,11.65
16824,3,0,12,2008,5.429166666666667,16.46,8.15,12.07
16825,3,1,12,2008,4.849166666666666,16.09,7.84,11.64
16826,3,2,12,2008,4.374166666666667,15.73,7.65,11.4
16827,3,3,12,2008,3.3625000000000003,14.37,6.5,10.12
16828,3,4,12,2008,3.458333333333334,12.16,5.1000000000000005,8.38
16829,3,5,12,2008,3.755833333333334,12.25,5.24,8.17
16830,3,6,12,2008,3.710833333333333,12.23,5.41,8.24
16831,3,7,12,2008,2.769166666666667,8.88,3.85,6.16
16832,3,8,12,2008,1.1424999999999998,13.04,7.61,10.28
16833,3,9,12,2008,0.5883333333333335,16.14,9.94,13.1
16834,3,10,12,2008,0.28250000000000003,15.57,9.75,12.75
16835,3,11,12,2008,0.005,13.83,8.66,11.33
16836,3,12,12,2008,-0.43,13.85,8.66,11.66
16837,3,13,12,2008,-1.1933333333333334,12.97,7.74,10.13
16838,3,14,12,2008,-1.6583333333333332,14.81,9.01,11.63
16839,3,15,12,2008,-2.276666666666667,14.59,9.46,12.06
16840,3,16,12,2008,-2.010833333333333,14.66,10.12,12.81
16841,3,17,12,2008,-2.066666666666667,13.6,9.7,12.07
16842,3,18,12,2008,-2.0508333333333337,13.43,9.56,11.9
16843,3,19,12,2008,-2.113333333333333,13.05,9.33,11.59
16844,3,20,12,2008,-2.1041666666666665,12.41,8.8,10.97
16845,3,21,12,2008,-2.1716666666666664,11.51,8.040000000000001,10.1
16846,3,22,12,2008,-2.9908333333333332,9.81,5.91,7.7
16847,3,23,12,2008,-3.9475,11.55,5.2,8.290000000000001
16848,4,0,12,2008,-4.609166666666667,11.14,4.66,7.92
16849,4,1,12,2008,-5.173333333333334,12.54,5.41,8.53
16850,4,2,12,2008,-5.109166666666667,10.79,4.94,7.88
16851,4,3,12,2008,-5.695,10.82,3.81,6.91
16852,4,4,12,2008,-5.584166666666667,10.77,4.32,7.49
16853,4,5,12,2008,-5.488333333333334,10.72,4.4,7.48
16854,4,6,12,2008,-5.779166666666668,9.53,3.96,6.8900000000000015
16855,4,7,12,2008,-5.391666666666667,9.74,4.29,7.17
16856,4,8,12,2008,-5.175833333333333,9.77,4.21,7.15
16857,4,9,12,2008,-5.270833333333333,10.64,4.25,7.18
16858,4,10,12,2008,-5.489999999999999,12.34,4.28,7.29
16859,4,11,12,2008,-4.8775,12.03,4.97,7.7
16860,4,12,12,2008,-5.019166666666668,12.7,5.5200000000000005,8.38
16861,4,13,12,2008,-5.285833333333334,12.61,5.82,8.66
16862,4,14,12,2008,-5.430000000000001,12.87,7.03,9.68
16863,4,15,12,2008,-5.179166666666666,10.51,7.15,8.96
16864,4,16,12,2008,-4.773333333333333,9.95,7.05,8.76
16865,4,17,12,2008,-4.6466666666666665,10.02,7.2,8.89
16866,4,18,12,2008,-4.5175,9.88,7.1400000000000015,8.82
16867,4,19,12,2008,-4.496666666666667,9.68,6.98,8.61
16868,4,20,12,2008,-4.460833333333333,8.53,6.1400000000000015,7.58
16869,4,21,12,2008,-4.533333333333333,7.31,5.26,6.48
16870,4,22,12,2008,-5.158333333333334,7.27,5.0200000000000005,6.32
16871,4,23,12,2008,-6.0425,7.86,2.91,5.75
16872,5,0,12,2008,-6.229166666666667,7.4,2.92,5.67
16873,5,1,12,2008,-6.408333333333334,8.26,3.13,5.84
16874,5,2,12,2008,-6.455000000000001,7.68,3.28,5.79
16875,5,3,12,2008,-7.41,6.44,2.4,5.0
16876,5,4,12,2008,-7.871666666666667,5.28,1.52,4.09
16877,5,5,12,2008,-8.145000000000001,4.0600000000000005,1.68,3.3200000000000003
16878,5,6,12,2008,-8.277499999999998,3.89,2.39,3.65
16879,5,7,12,2008,-8.413333333333334,4.94,2.94,4.57
16880,5,8,12,2008,-8.748333333333333,6.61,3.47,5.59
16881,5,9,12,2008,-8.719166666666668,7.88,4.07,6.5
16882,5,10,12,2008,-8.8025,8.17,4.32,6.88
16883,5,11,12,2008,-8.819999999999999,8.99,4.53,7.35
16884,5,12,12,2008,-8.859166666666667,10.43,5.13,7.97
16885,5,13,12,2008,-8.729166666666668,12.04,5.5200000000000005,8.58
16886,5,14,12,2008,-7.855,12.5,6.99,9.26
16887,5,15,12,2008,-5.989166666666667,11.31,6.8900000000000015,9.07
16888,5,16,12,2008,-4.4325,9.21,6.69,8.23
16889,5,17,12,2008,-3.0125000000000006,10.77,7.77,9.63
16890,5,18,12,2008,-1.9375,11.62,8.31,10.33
16891,5,19,12,2008,-0.945,12.76,9.01,11.29
16892,5,20,12,2008,-0.18499999999999997,13.31,9.27,11.68
16893,5,21,12,2008,0.13500000000000004,13.24,9.06,11.47
16894,5,22,12,2008,-0.08416666666666667,13.82,8.1,10.8
16895,5,23,12,2008,-0.09333333333333334,15.48,9.2,12.36
16896,6,0,12,2008,-0.027500000000000007,16.1,9.7,12.95
16897,6,1,12,2008,-0.004166666666666667,16.2,9.83,13.07
16898,6,2,12,2008,0.0,16.15,9.81,13.05
16899,6,3,12,2008,-0.015000000000000001,14.97,8.81,11.84
16900,6,4,12,2008,-0.06916666666666667,14.4,8.22,11.16
16901,6,5,12,2008,0.007499999999999999,14.01,7.9300000000000015,10.76
16902,6,6,12,2008,0.455,13.18,7.3900000000000015,10.09
16903,6,7,12,2008,0.9058333333333333,12.02,6.28,8.93
16904,6,8,12,2008,0.5733333333333333,11.33,5.6000000000000005,8.1
16905,6,9,12,2008,0.2925,12.6,4.67,7.37
16906,6,10,12,2008,0.5425000000000001,12.98,5.34,8.75
16907,6,11,12,2008,0.5933333333333334,13.08,5.66,9.01
16908,6,12,12,2008,-0.060000000000000005,13.35,5.97,9.22
16909,6,13,12,2008,-0.48583333333333334,14.42,7.0,10.24
16910,6,14,12,2008,-1.0,14.44,9.04,11.91
16911,6,15,12,2008,-1.1033333333333333,13.45,8.58,11.18
16912,6,16,12,2008,-1.2758333333333332,11.28,8.09,10.07
16913,6,17,12,2008,-0.9383333333333331,10.41,7.4,9.22
16914,6,18,12,2008,-0.8316666666666667,9.71,6.95,8.620000000000001
16915,6,19,12,2008,-0.8591666666666665,9.5,6.8,8.42
16916,6,20,12,2008,-0.8799999999999999,8.92,6.4,7.95
16917,6,21,12,2008,-1.1058333333333332,8.75,6.22,7.75
16918,6,22,12,2008,-2.255833333333333,8.24,5.2,6.87
16919,6,23,12,2008,-3.2358333333333333,10.58,5.12,8.16
16920,7,0,12,2008,-3.815833333333332,10.65,5.07,7.96
16921,7,1,12,2008,-4.531666666666667,11.07,4.87,7.77
16922,7,2,12,2008,-5.451666666666667,10.96,4.28,7.19
16923,7,3,12,2008,-6.145833333333333,8.71,2.67,5.48
16924,7,4,12,2008,-6.4941666666666675,7.91,2.44,4.68
16925,7,5,12,2008,-6.9750000000000005,8.01,4.07,5.95
16926,7,6,12,2008,-7.38,6.61,3.47,4.91
16927,7,7,12,2008,-7.61,5.72,4.5600000000000005,5.45
16928,7,8,12,2008,-8.1,5.72,4.49,5.37
16929,7,9,12,2008,-7.988333333333333,5.3,4.11,4.92
16930,7,10,12,2008,-8.219166666666666,6.26,4.3500000000000005,5.3500000000000005
16931,7,11,12,2008,-8.423333333333334,6.97,4.36,5.66
16932,7,12,12,2008,-8.632500000000002,7.67,4.83,6.2700000000000005
16933,7,13,12,2008,-8.746666666666668,8.44,5.15,6.75
16934,7,14,12,2008,-8.484166666666667,8.78,5.55,7.17
16935,7,15,12,2008,-7.185833333333334,8.3,5.96,7.22
16936,7,16,12,2008,-5.480833333333334,7.92,5.95,7.19
16937,7,17,12,2008,-3.7583333333333333,7.74,5.89,7.1000000000000005
16938,7,18,12,2008,-2.09,7.75,5.86,7.08
16939,7,19,12,2008,-0.6091666666666667,7.43,5.62,6.8100000000000005
16940,7,20,12,2008,0.40499999999999997,7.19,5.44,6.58
16941,7,21,12,2008,0.8591666666666667,6.3900000000000015,4.84,5.84
16942,7,22,12,2008,0.47916666666666674,8.33,3.35,5.66
16943,7,23,12,2008,0.4624999999999999,9.26,3.97,6.23
16944,8,0,12,2008,0.6808333333333333,9.73,3.89,6.28
16945,8,1,12,2008,0.7725000000000001,9.8,3.89,6.28
16946,8,2,12,2008,1.0666666666666667,10.01,3.3000000000000003,5.71
16947,8,3,12,2008,1.4183333333333332,10.79,3.36,6.01
16948,8,4,12,2008,2.820833333333333,11.69,3.97,7.01
16949,8,5,12,2008,3.795833333333333,12.24,4.72,7.87
16950,8,6,12,2008,3.6225000000000005,12.98,5.57,8.68
16951,8,7,12,2008,2.6458333333333335,12.94,5.3,8.66
16952,8,8,12,2008,3.0258333333333334,12.34,5.04,8.08
16953,8,9,12,2008,2.8658333333333332,11.56,5.01,7.92
16954,8,10,12,2008,2.4699999999999998,11.71,5.19,8.16
16955,8,11,12,2008,2.2808333333333333,11.83,5.45,8.34
16956,8,12,12,2008,2.1716666666666664,11.79,5.57,8.31
16957,8,13,12,2008,1.8575000000000002,12.63,6.16,8.96
16958,8,14,12,2008,2.1308333333333334,12.7,6.41,9.08
16959,8,15,12,2008,2.8300000000000005,11.65,6.6400000000000015,8.78
16960,8,16,12,2008,4.196666666666666,10.17,5.5200000000000005,7.62
16961,8,17,12,2008,5.63,9.04,5.15,6.65
16962,8,18,12,2008,6.635000000000002,7.33,4.4,5.46
16963,8,19,12,2008,7.058333333333334,6.51,4.59,5.6000000000000005
16964,8,20,12,2008,7.064166666666668,6.42,3.31,4.66
16965,8,21,12,2008,5.921666666666666,7.48,3.73,6.01
16966,8,22,12,2008,5.0575,7.9,3.74,6.0
16967,8,23,12,2008,4.595,6.54,2.01,4.16
16968,9,0,12,2008,4.739166666666667,5.7700000000000005,1.74,3.3200000000000003
16969,9,1,12,2008,4.720000000000001,2.98,2.05,3.43
16970,9,2,12,2008,4.350833333333334,4.64,2.8000000000000003,4.59
16971,9,3,12,2008,4.284999999999999,7.27,4.22,5.8100000000000005
16972,9,4,12,2008,3.4024999999999994,10.02,6.29,8.33
16973,9,5,12,2008,2.0425,12.13,7.45,9.65
16974,9,6,12,2008,0.9083333333333333,12.52,8.18,10.43
16975,9,7,12,2008,0.4383333333333333,13.31,8.94,11.32
16976,9,8,12,2008,-0.5625,14.26,9.95,12.56
16977,9,9,12,2008,-2.2241666666666666,13.87,9.63,12.08
16978,9,10,12,2008,-3.25,14.47,9.32,12.05
16979,9,11,12,2008,-3.989166666666667,14.4,9.89,12.52
16980,9,12,12,2008,-4.48,14.77,10.21,12.89
16981,9,13,12,2008,-4.715000000000001,15.44,10.73,13.55
16982,9,14,12,2008,-4.992500000000001,15.92,11.14,14.05
16983,9,15,12,2008,-5.015833333333334,15.99,11.25,14.15
16984,9,16,12,2008,-4.961666666666667,16.5,11.66,14.67
16985,9,17,12,2008,-5.239166666666667,16.1,11.49,14.4
16986,9,18,12,2008,-5.428333333333332,15.83,11.35,14.19
16987,9,19,12,2008,-5.363333333333334,15.15,10.86,13.56
16988,9,20,12,2008,-5.360833333333333,15.06,10.73,13.46
16989,9,21,12,2008,-5.615000000000001,14.47,10.28,12.9
16990,9,22,12,2008,-6.107499999999999,14.03,9.93,12.48
16991,9,23,12,2008,-6.833333333333333,12.9,8.88,11.27
16992,10,0,12,2008,-7.591666666666666,13.04,8.39,10.86
16993,10,1,12,2008,-7.9816666666666665,12.84,8.44,10.86
16994,10,2,12,2008,-8.244166666666667,12.02,7.92,10.19
16995,10,3,12,2008,-8.573333333333332,11.13,7.3,9.39
16996,10,4,12,2008,-8.955,10.39,6.66,8.620000000000001
16997,10,5,12,2008,-9.325000000000003,9.94,6.29,8.17
16998,10,6,12,2008,-9.653333333333332,8.76,5.46,7.12
16999,10,7,12,2008,-9.9525,8.01,4.9,6.53
17000,10,8,12,2008,-10.2075,7.52,4.61,6.12
17001,10,9,12,2008,-10.404166666666667,6.88,3.92,5.37
17002,10,10,12,2008,-10.585833333333333,6.55,3.26,4.7700000000000005
17003,10,11,12,2008,-10.783333333333333,6.0600000000000005,2.71,4.33
17004,10,12,12,2008,-10.925000000000002,5.68,2.44,4.09
17005,10,13,12,2008,-10.966666666666667,4.33,2.42,3.99
17006,10,14,12,2008,-10.557500000000001,3.35,2.2,3.74
17007,10,15,12,2008,-8.789166666666665,2.28,1.41,1.59
17008,10,16,12,2008,-6.663333333333334,1.46,1.32,1.48
17009,10,17,12,2008,-4.8875,2.17,1.86,2.14
17010,10,18,12,2008,-3.339166666666667,3.0500000000000003,2.48,2.91
17011,10,19,12,2008,-2.0716666666666668,3.79,2.97,3.54
17012,10,20,12,2008,-1.1666666666666667,4.67,3.56,4.3100000000000005
17013,10,21,12,2008,-0.9449999999999997,5.29,3.67,4.51
17014,10,22,12,2008,-1.9066666666666665,6.74,3.54,6.04
17015,10,23,12,2008,-2.6633333333333336,8.1,4.46,7.08
17016,11,0,12,2008,-2.9483333333333337,9.4,5.16,7.83
17017,11,1,12,2008,-3.085833333333334,10.19,5.43,8.18
17018,11,2,12,2008,-3.1650000000000005,10.49,5.55,8.370000000000001
17019,11,3,12,2008,-3.0958333333333337,10.49,5.57,8.42
17020,11,4,12,2008,-3.106666666666667,9.72,5.4,8.23
17021,11,5,12,2008,-2.990833333333334,9.78,5.45,8.28
17022,11,6,12,2008,-2.9958333333333336,10.14,5.63,8.52
17023,11,7,12,2008,-3.079166666666666,10.12,5.72,8.58
17024,11,8,12,2008,-3.2716666666666665,9.19,5.49,8.23
17025,11,9,12,2008,-3.584166666666667,7.62,4.92,7.46
17026,11,10,12,2008,-3.7025,6.98,4.29,6.66
17027,11,11,12,2008,-3.6091666666666664,6.5200000000000005,3.68,5.91
17028,11,12,12,2008,-3.4883333333333333,5.9,3.49,5.66
17029,11,13,12,2008,-3.410833333333333,5.55,3.12,5.28
17030,11,14,12,2008,-2.7874999999999996,5.68,3.31,5.18
17031,11,15,12,2008,-1.22,5.6000000000000005,2.62,4.04
17032,11,16,12,2008,-0.31916666666666665,4.26,2.6,2.96
17033,11,17,12,2008,0.6825,3.0700000000000003,2.41,2.74
17034,11,18,12,2008,1.4816666666666667,3.09,2.69,3.06
17035,11,19,12,2008,2.2766666666666664,3.27,2.84,3.25
17036,11,20,12,2008,2.489166666666667,3.33,2.82,3.25
17037,11,21,12,2008,2.43,3.7,2.73,3.37
17038,11,22,12,2008,1.0333333333333332,5.1000000000000005,2.45,4.66
17039,11,23,12,2008,-0.2575,6.01,2.75,5.18
17040,12,0,12,2008,-0.4216666666666666,6.37,3.16,5.44
17041,12,1,12,2008,-0.6574999999999999,6.07,3.15,5.29
17042,12,2,12,2008,-1.1883333333333332,6.65,2.72,5.59
17043,12,3,12,2008,-1.2125000000000001,7.43,3.64,6.22
17044,12,4,12,2008,-1.1308333333333331,7.61,4.0200000000000005,6.42
17045,12,5,12,2008,-1.1566666666666667,9.48,3.99,6.75
17046,12,6,12,2008,-1.3225,10.55,4.55,7.36
17047,12,7,12,2008,-1.3275,10.55,4.76,7.43
17048,12,8,12,2008,-1.9300000000000004,9.69,4.17,7.0
17049,12,9,12,2008,-2.2275000000000005,7.44,3.67,5.97
17050,12,10,12,2008,-2.794166666666667,7.48,3.56,5.73
17051,12,11,12,2008,-2.686666666666667,7.58,4.23,6.3900000000000015
17052,12,12,12,2008,-2.8208333333333333,6.98,4.08,6.24
17053,12,13,12,2008,-2.704166666666667,9.08,4.62,7.11
17054,12,14,12,2008,-2.8816666666666664,9.12,4.79,7.07
17055,12,15,12,2008,-2.5733333333333337,8.53,4.95,6.57
17056,12,16,12,2008,-1.7525000000000004,8.16,4.71,6.17
17057,12,17,12,2008,0.03833333333333334,7.07,5.12,6.04
17058,12,18,12,2008,2.1491666666666673,7.04,5.34,6.44
17059,12,19,12,2008,3.1008333333333336,7.9300000000000015,5.88,7.16
17060,12,20,12,2008,3.5608333333333335,8.61,6.26,7.7
17061,12,21,12,2008,3.2933333333333334,8.57,5.95,7.42
17062,12,22,12,2008,1.7708333333333337,11.47,4.9,8.26
17063,12,23,12,2008,1.2016666666666667,13.49,6.11,9.44
17064,13,0,12,2008,1.1358333333333335,14.15,7.33,10.57
17065,13,1,12,2008,0.7124999999999999,15.05,7.8900000000000015,11.17
17066,13,2,12,2008,1.4366666666666668,15.71,8.76,12.04
17067,13,3,12,2008,1.29,15.21,8.49,11.67
17068,13,4,12,2008,1.7858333333333334,15.57,8.96,12.13
17069,13,5,12,2008,1.7216666666666665,15.52,8.94,12.09
17070,13,6,12,2008,1.9324999999999999,15.84,8.46,11.86
17071,13,7,12,2008,2.06,16.62,9.2,12.7
17072,13,8,12,2008,2.265,17.57,9.66,13.41
17073,13,9,12,2008,2.8166666666666664,17.56,9.65,13.4
17074,13,10,12,2008,3.5775,17.73,10.38,14.03
17075,13,11,12,2008,3.8175000000000003,17.84,10.5,14.16
17076,13,12,12,2008,3.8641666666666676,17.86,10.53,14.21
17077,13,13,12,2008,3.8016666666666663,17.87,10.4,14.09
17078,13,14,12,2008,4.078333333333333,18.12,10.63,14.32
17079,13,15,12,2008,5.762499999999999,18.13,11.25,14.75
17080,13,16,12,2008,8.081666666666667,17.650000000000006,11.41,14.79
17081,13,17,12,2008,9.535833333333334,17.81,11.37,14.8
17082,13,18,12,2008,10.055833333333334,15.74,10.61,13.5
17083,13,19,12,2008,10.5925,16.5,11.13,14.22
17084,13,20,12,2008,10.824166666666665,16.66,10.86,14.11
17085,13,21,12,2008,10.828333333333333,16.32,10.37,13.63
17086,13,22,12,2008,9.900833333333333,16.47,8.81,12.19
17087,13,23,12,2008,9.058333333333334,18.15,10.08,13.94
17088,14,0,12,2008,8.554166666666667,18.2,10.46,14.23
17089,14,1,12,2008,8.282499999999999,18.25,10.58,14.35
17090,14,2,12,2008,8.274166666666668,17.06,9.62,13.21
17091,14,3,12,2008,8.726666666666668,17.740000000000006,10.4,14.0
17092,14,4,12,2008,9.163333333333334,19.28,11.4,15.37
17093,14,5,12,2008,9.629166666666668,19.74,11.84,15.83
17094,14,6,12,2008,9.804166666666667,18.49,11.04,14.74
17095,14,7,12,2008,10.004166666666666,17.31,9.9,13.4
17096,14,8,12,2008,10.115833333333333,17.76,10.28,13.86
17097,14,9,12,2008,10.059166666666666,18.12,10.6,14.26
17098,14,10,12,2008,9.649999999999999,16.71,9.49,12.92
17099,14,11,12,2008,9.343333333333334,16.19,8.950000000000003,12.24
17100,14,12,12,2008,9.091666666666667,16.240000000000002,8.99,12.34
17101,14,13,12,2008,8.575833333333334,15.48,8.36,11.68
17102,14,14,12,2008,4.685,15.35,7.83,11.38
17103,14,15,12,2008,-2.3750000000000004,13.93,10.36,12.69
17104,14,16,12,2008,-4.970833333333334,12.37,9.12,11.18
17105,14,17,12,2008,-6.068333333333334,13.04,9.61,11.75
17106,14,18,12,2008,-7.139166666666667,13.35,9.85,12.03
17107,14,19,12,2008,-8.223333333333333,13.15,9.55,11.75
17108,14,20,12,2008,-8.656666666666668,13.35,9.71,11.94
17109,14,21,12,2008,-9.245833333333335,13.45,9.75,12.0
17110,14,22,12,2008,-9.974166666666667,13.47,9.66,12.0
17111,14,23,12,2008,-11.0175,14.38,10.24,12.73
17112,15,0,12,2008,-12.144166666666665,14.47,10.29,12.82
17113,15,1,12,2008,-13.281666666666665,14.74,10.46,13.05
17114,15,2,12,2008,-13.914166666666665,13.88,9.77,12.18
17115,15,3,12,2008,-14.690833333333332,14.75,10.38,12.94
17116,15,4,12,2008,-15.525833333333333,15.13,10.62,13.25
17117,15,5,12,2008,-15.845833333333331,15.35,10.57,13.33
17118,15,6,12,2008,-15.904166666666663,13.02,9.06,11.33
17119,15,7,12,2008,-16.03916666666667,12.19,8.56,10.67
17120,15,8,12,2008,-16.632500000000004,13.02,8.950000000000003,11.27
17121,15,9,12,2008,-17.29583333333333,13.39,9.2,11.56
17122,15,10,12,2008,-17.67833333333333,12.99,8.98,11.29
17123,15,11,12,2008,-18.043333333333333,11.11,7.68,9.64
17124,15,12,12,2008,-18.40583333333333,11.03,7.6400000000000015,9.59
17125,15,13,12,2008,-18.67166666666667,10.46,7.33,9.15
17126,15,14,12,2008,-18.7775,10.09,7.13,8.870000000000003
17127,15,15,12,2008,-18.538333333333338,9.58,6.83,8.47
17128,15,16,12,2008,-17.99083333333333,8.28,6.0600000000000005,7.41
17129,15,17,12,2008,-17.298333333333332,8.01,5.95,7.23
17130,15,18,12,2008,-16.525000000000002,7.09,5.3100000000000005,6.43
17131,15,19,12,2008,-15.853333333333332,6.16,4.65,5.59
17132,15,20,12,2008,-15.308333333333332,5.43,4.13,4.95
17133,15,21,12,2008,-15.126666666666665,5.15,3.92,4.71
17134,15,22,12,2008,-15.390000000000002,5.01,3.81,4.6000000000000005
17135,15,23,12,2008,-15.674166666666666,4.92,3.64,4.45
17136,16,0,12,2008,-15.815833333333336,4.36,3.25,3.96
17137,16,1,12,2008,-15.972499999999998,4.3,3.27,3.93
17138,16,2,12,2008,-16.045,4.3100000000000005,3.31,3.97
17139,16,3,12,2008,-16.1575,4.21,3.31,3.93
17140,16,4,12,2008,-16.161666666666665,3.99,3.17,3.76
17141,16,5,12,2008,-16.199166666666667,3.92,3.16,3.71
17142,16,6,12,2008,-16.18666666666667,3.95,3.17,3.73
17143,16,7,12,2008,-16.07166666666667,3.75,3.04,3.5500000000000003
17144,16,8,12,2008,-15.873333333333335,4.0600000000000005,3.25,3.82
17145,16,9,12,2008,-15.674166666666666,4.21,3.37,3.97
17146,16,10,12,2008,-15.649166666666666,4.72,3.71,4.41
17147,16,11,12,2008,-15.779166666666663,5.08,3.94,4.7
17148,16,12,12,2008,-15.558333333333335,4.94,3.82,4.5600000000000005
17149,16,13,12,2008,-15.250833333333333,4.67,3.58,4.29
17150,16,14,12,2008,-15.018333333333333,4.38,3.35,4.0
17151,16,15,12,2008,-14.61,4.74,3.59,4.3100000000000005
17152,16,16,12,2008,-14.160833333333334,5.09,3.89,4.64
17153,16,17,12,2008,-13.540833333333333,4.95,3.83,4.54
17154,16,18,12,2008,-12.655,4.93,3.81,4.5200000000000005
17155,16,19,12,2008,-11.785833333333334,4.84,3.77,4.45
17156,16,20,12,2008,-11.098333333333331,4.83,3.75,4.43
17157,16,21,12,2008,-10.7125,4.45,3.4,4.05
17158,16,22,12,2008,-11.350833333333334,4.09,2.7,3.44
17159,16,23,12,2008,-12.689166666666667,3.34,1.03,2.29
17160,17,0,12,2008,-13.380833333333335,2.99,0.97,2.11
17161,17,1,12,2008,-13.891666666666667,2.29,0.58,1.44
17162,17,2,12,2008,-13.904166666666667,2.19,0.99,1.74
17163,17,3,12,2008,-13.66666666666667,2.81,1.59,2.5
17164,17,4,12,2008,-13.69,3.17,1.81,2.81
17165,17,5,12,2008,-14.102500000000001,3.38,1.82,2.85
17166,17,6,12,2008,-14.588333333333336,3.44,1.89,2.89
17167,17,7,12,2008,-14.890833333333331,3.31,2.02,2.85
17168,17,8,12,2008,-14.787500000000001,2.89,2.15,2.99
17169,17,9,12,2008,-14.705833333333333,2.63,2.15,3.04
17170,17,10,12,2008,-14.91666666666667,2.65,2.16,3.0500000000000003
17171,17,11,12,2008,-14.69416666666667,2.62,2.26,3.27
17172,17,12,12,2008,-14.674166666666663,2.73,2.28,3.36
17173,17,13,12,2008,-14.62,2.33,1.88,2.87
17174,17,14,12,2008,-13.957500000000001,1.97,2.23,2.7
17175,17,15,12,2008,-12.015833333333333,1.62,1.27,1.99
17176,17,16,12,2008,-10.349166666666665,0.63,0.59,0.65
17177,17,17,12,2008,-9.034166666666666,0.94,0.96,1.01
17178,17,18,12,2008,-7.909166666666667,1.79,1.49,1.7
17179,17,19,12,2008,-6.995,2.34,1.95,2.23
17180,17,20,12,2008,-6.561666666666667,2.94,2.41,2.79
17181,17,21,12,2008,-6.555,3.51,2.62,3.14
17182,17,22,12,2008,-7.775833333333335,4.71,2.13,3.83
17183,17,23,12,2008,-9.355833333333335,5.37,2.8000000000000003,5.26
17184,18,0,12,2008,-9.959166666666667,6.1000000000000005,3.25,5.8100000000000005
17185,18,1,12,2008,-10.8925,6.28,2.75,5.41
17186,18,2,12,2008,-11.340833333333334,6.2,3.16,5.61
17187,18,3,12,2008,-11.249999999999998,6.98,3.22,5.7
17188,18,4,12,2008,-11.4925,6.43,3.14,5.5
17189,18,5,12,2008,-11.388333333333334,5.87,3.13,5.32
17190,18,6,12,2008,-11.371666666666668,4.87,3.02,4.69
17191,18,7,12,2008,-11.040833333333333,4.79,3.24,4.79
17192,18,8,12,2008,-10.865833333333333,4.93,3.0500000000000003,4.69
17193,18,9,12,2008,-11.171666666666665,4.94,2.53,4.24
17194,18,10,12,2008,-11.009166666666665,5.29,2.69,4.8
17195,18,11,12,2008,-11.379166666666665,5.42,3.08,5.0200000000000005
17196,18,12,12,2008,-11.738333333333335,5.33,2.69,4.7700000000000005
17197,18,13,12,2008,-12.125,5.32,2.03,4.25
17198,18,14,12,2008,-11.7425,5.19,1.92,3.86
17199,18,15,12,2008,-9.5775,4.84,2.04,2.84
17200,18,16,12,2008,-7.789166666666666,3.36,2.7,3.12
17201,18,17,12,2008,-6.684166666666666,3.61,2.85,3.3200000000000003
17202,18,18,12,2008,-5.560000000000001,4.89,4.14,4.74
17203,18,19,12,2008,-4.895833333333333,4.5,3.64,4.25
17204,18,20,12,2008,-4.473333333333334,5.57,4.4,5.21
17205,18,21,12,2008,-4.115833333333334,7.82,6.03,7.17
17206,18,22,12,2008,-3.283333333333333,7.65,5.92,7.11
17207,18,23,12,2008,-1.4941666666666666,8.32,6.19,7.53
17208,19,0,12,2008,0.8616666666666667,9.07,6.58,8.01
17209,19,1,12,2008,0.6725000000000002,12.51,9.01,11.21
17210,19,2,12,2008,0.515,12.46,8.23,10.4
17211,19,3,12,2008,0.46000000000000013,8.18,4.6000000000000005,6.0600000000000005
17212,19,4,12,2008,0.22750000000000004,5.72,3.34,4.45
17213,19,5,12,2008,0.07250000000000001,6.92,4.2700000000000005,5.59
17214,19,6,12,2008,-0.09833333333333333,4.29,2.39,3.22
17215,19,7,12,2008,-0.2283333333333333,3.53,2.46,3.23
17216,19,8,12,2008,-0.25833333333333336,4.32,2.64,3.41
17217,19,9,12,2008,-1.3291666666666666,12.09,7.42,9.78
17218,19,10,12,2008,-4.4816666666666665,13.24,8.35,10.86
17219,19,11,12,2008,-7.019166666666666,12.38,7.67,10.03
17220,19,12,12,2008,-8.306666666666667,12.32,7.1400000000000015,9.57
17221,19,13,12,2008,-8.955,12.2,7.07,9.49
17222,19,14,12,2008,-9.2975,11.79,7.37,9.49
17223,19,15,12,2008,-9.1175,10.82,6.59,8.72
17224,19,16,12,2008,-8.627500000000001,8.34,6.0200000000000005,7.34
17225,19,17,12,2008,-8.05,7.19,5.46,6.5600000000000005
17226,19,18,12,2008,-7.491666666666667,6.8500000000000005,5.21,6.24
17227,19,19,12,2008,-6.975833333333335,5.71,4.3500000000000005,5.2
17228,19,20,12,2008,-6.647499999999998,5.5200000000000005,4.22,5.05
17229,19,21,12,2008,-6.609999999999999,4.96,3.81,4.5600000000000005
17230,19,22,12,2008,-7.18,3.52,2.36,3.02
17231,19,23,12,2008,-8.001666666666669,2.37,0.56,1.75
17232,20,0,12,2008,-8.410000000000002,2.35,0.25,1.1
17233,20,1,12,2008,-8.575833333333334,2.83,0.5,1.53
17234,20,2,12,2008,-8.908333333333333,3.68,0.99,2.26
17235,20,3,12,2008,-9.450833333333334,4.42,1.34,2.9
17236,20,4,12,2008,-9.835833333333332,5.01,1.46,3.23
17237,20,5,12,2008,-10.149166666666666,5.75,1.56,3.69
17238,20,6,12,2008,-10.261666666666665,6.63,1.9,4.53
17239,20,7,12,2008,-10.535,6.99,1.94,4.55
17240,20,8,12,2008,-10.950000000000001,7.0,1.54,4.3500000000000005
17241,20,9,12,2008,-10.823333333333332,6.48,1.34,4.25
17242,20,10,12,2008,-10.760833333333332,4.91,0.99,3.0
17243,20,11,12,2008,-11.149166666666666,3.11,2.28,3.45
17244,20,12,12,2008,-10.8025,5.8,3.33,4.68
17245,20,13,12,2008,-10.304166666666667,7.11,3.74,5.13
17246,20,14,12,2008,-9.900833333333333,8.39,5.37,6.61
17247,20,15,12,2008,-9.568333333333333,9.12,6.3900000000000015,7.79
17248,20,16,12,2008,-9.101666666666668,11.12,7.94,9.78
17249,20,17,12,2008,-9.063333333333334,13.94,10.05,12.38
17250,20,18,12,2008,-10.755833333333333,14.26,10.32,12.71
17251,20,19,12,2008,-11.7325,14.54,10.42,12.87
17252,20,20,12,2008,-12.466666666666667,14.0,10.02,12.37
17253,20,21,12,2008,-13.183333333333332,13.25,9.36,11.61
17254,20,22,12,2008,-14.047500000000001,12.8,7.71,10.13
17255,20,23,12,2008,-14.875,13.34,7.73,10.34
17256,21,0,12,2008,-15.566666666666665,15.52,9.25,12.27
17257,21,1,12,2008,-16.718333333333337,16.96,10.46,13.71
17258,21,2,12,2008,-17.475833333333338,15.91,9.59,12.68
17259,21,3,12,2008,-18.00583333333333,15.77,9.36,12.38
17260,21,4,12,2008,-18.436666666666664,13.42,7.57,10.24
17261,21,5,12,2008,-18.637500000000003,13.06,7.32,9.92
17262,21,6,12,2008,-18.565833333333334,12.68,7.0200000000000005,9.49
17263,21,7,12,2008,-18.590833333333332,12.96,7.36,9.94
17264,21,8,12,2008,-19.088333333333335,13.35,7.6,10.26
17265,21,9,12,2008,-19.063333333333333,14.13,8.19,10.89
17266,21,10,12,2008,-18.960833333333333,12.9,7.0600000000000005,9.57
17267,21,11,12,2008,-19.0825,11.76,6.33,8.69
17268,21,12,12,2008,-19.441666666666666,12.01,6.8,9.16
17269,21,13,12,2008,-19.68916666666667,12.14,6.79,9.16
17270,21,14,12,2008,-19.327499999999997,12.78,7.61,9.94
17271,21,15,12,2008,-18.4425,14.63,9.96,12.55
17272,21,16,12,2008,-17.854166666666668,14.96,10.29,13.0
17273,21,17,12,2008,-17.594166666666666,14.43,10.23,12.58
17274,21,18,12,2008,-17.363333333333333,14.41,10.23,12.56
17275,21,19,12,2008,-17.07,14.26,10.14,12.54
17276,21,20,12,2008,-16.85333333333333,12.93,9.08,11.33
17277,21,21,12,2008,-16.82333333333333,12.49,8.83,11.0
17278,21,22,12,2008,-17.314166666666665,10.87,6.44,8.370000000000001
17279,21,23,12,2008,-17.947499999999998,11.37,5.5200000000000005,8.120000000000001
17280,22,0,12,2008,-18.314166666666665,12.18,6.16,8.790000000000001
17281,22,1,12,2008,-18.2775,12.87,6.76,9.48
17282,22,2,12,2008,-18.300833333333333,13.38,7.08,9.86
17283,22,3,12,2008,-18.712500000000002,12.56,6.83,9.45
17284,22,4,12,2008,-19.233333333333338,11.92,6.01,8.6
17285,22,5,12,2008,-19.584166666666665,11.43,5.47,7.95
17286,22,6,12,2008,-19.86833333333333,11.0,5.38,7.87
17287,22,7,12,2008,-20.513333333333335,9.24,3.54,6.01
17288,22,8,12,2008,-21.124166666666664,8.03,2.59,5.55
17289,22,9,12,2008,-21.076666666666664,6.88,2.59,5.24
17290,22,10,12,2008,-21.113333333333333,4.97,2.53,4.29
17291,22,11,12,2008,-21.075,2.98,1.24,2.45
17292,22,12,12,2008,-20.875,2.69,2.56,3.58
17293,22,13,12,2008,-20.764999999999997,3.94,2.87,4.63
17294,22,14,12,2008,-19.856666666666666,5.98,3.33,5.03
17295,22,15,12,2008,-18.400833333333335,6.2,3.76,4.4
17296,22,16,12,2008,-16.86833333333333,5.3500000000000005,4.0600000000000005,4.78
17297,22,17,12,2008,-15.411666666666664,5.62,4.43,5.25
17298,22,18,12,2008,-14.224166666666667,6.6400000000000015,5.15,6.15
17299,22,19,12,2008,-13.247499999999997,7.45,5.72,6.88
17300,22,20,12,2008,-12.620833333333332,8.65,6.36,7.77
17301,22,21,12,2008,-12.247500000000002,9.29,6.37,7.82
17302,22,22,12,2008,-12.004166666666668,10.94,6.24,8.33
17303,22,23,12,2008,-11.325833333333334,12.78,8.34,10.7
17304,23,0,12,2008,-10.895000000000001,14.06,9.28,11.86
17305,23,1,12,2008,-10.56,14.85,9.81,12.56
17306,23,2,12,2008,-10.141666666666664,15.17,9.99,12.8
17307,23,3,12,2008,-10.008333333333335,14.82,8.700000000000001,11.7
17308,23,4,12,2008,-9.691666666666666,15.19,8.74,11.87
17309,23,5,12,2008,-9.2875,15.9,9.32,12.58
17310,23,6,12,2008,-8.716666666666667,17.1,10.6,13.95
17311,23,7,12,2008,-8.61,17.2,10.75,14.12
17312,23,8,12,2008,-8.565,16.830000000000002,10.47,13.79
17313,23,9,12,2008,-8.5325,16.71,10.36,13.68
17314,23,10,12,2008,-8.434999999999999,15.88,9.75,12.94
17315,23,11,12,2008,-8.175833333333333,15.43,9.35,12.48
17316,23,12,12,2008,-7.840833333333332,14.98,8.99,12.02
17317,23,13,12,2008,-7.329999999999999,14.78,8.76,11.77
17318,23,14,12,2008,-6.593333333333334,13.75,8.13,10.89
17319,23,15,12,2008,-5.3566666666666665,14.94,9.67,12.55
17320,23,16,12,2008,-3.915833333333334,14.9,9.66,12.55
17321,23,17,12,2008,-2.5083333333333333,11.22,7.05,8.950000000000003
17322,23,18,12,2008,-1.0366666666666666,9.27,6.1000000000000005,7.67
17323,23,19,12,2008,0.22083333333333335,8.49,5.8500000000000005,7.33
17324,23,20,12,2008,0.22416666666666665,7.99,5.46,6.83
17325,23,21,12,2008,-0.44249999999999995,7.76,4.44,5.94
17326,23,22,12,2008,-2.4325,8.13,2.33,5.12
17327,23,23,12,2008,-3.496666666666666,8.790000000000001,2.88,6.23
17328,24,0,12,2008,-2.9583333333333335,9.16,3.93,6.67
17329,24,1,12,2008,-4.369166666666667,11.15,6.55,8.6
17330,24,2,12,2008,-7.025000000000001,10.98,6.59,8.47
17331,24,3,12,2008,-8.379166666666668,10.61,6.63,8.55
17332,24,4,12,2008,-9.601666666666667,10.61,6.41,8.44
17333,24,5,12,2008,-10.4825,10.85,6.74,8.45
17334,24,6,12,2008,-10.975833333333332,9.84,6.6400000000000015,8.33
17335,24,7,12,2008,-11.250833333333333,9.47,6.63,8.23
17336,24,8,12,2008,-11.281666666666665,8.49,5.91,7.27
17337,24,9,12,2008,-11.499166666666666,8.64,5.92,7.3900000000000015
17338,24,10,12,2008,-11.3825,9.31,6.21,7.77
17339,24,11,12,2008,-11.493333333333332,9.58,6.36,8.1
17340,24,12,12,2008,-11.677499999999997,9.63,6.09,7.9
17341,24,13,12,2008,-12.050833333333335,10.48,6.26,8.34
17342,24,14,12,2008,-12.469166666666668,10.83,6.3100000000000005,8.51
17343,24,15,12,2008,-12.1825,10.71,6.57,8.67
17344,24,16,12,2008,-11.363333333333335,7.32,5.0600000000000005,6.3100000000000005
17345,24,17,12,2008,-10.594999999999999,6.3500000000000005,4.7,5.72
17346,24,18,12,2008,-9.910833333333333,5.8,4.32,5.22
17347,24,19,12,2008,-9.414166666666665,5.91,4.39,5.33
17348,24,20,12,2008,-8.924166666666666,5.96,4.42,5.37
17349,24,21,12,2008,-8.604166666666666,5.3,3.91,4.75
17350,24,22,12,2008,-9.419166666666667,6.0200000000000005,2.99,5.25
17351,24,23,12,2008,-10.163333333333336,6.7,3.58,5.86
17352,25,0,12,2008,-10.460833333333335,6.5,3.25,5.7700000000000005
17353,25,1,12,2008,-10.578333333333333,6.0600000000000005,3.29,5.5
17354,25,2,12,2008,-10.329166666666667,6.25,3.99,5.99
17355,25,3,12,2008,-10.639999999999999,7.32,3.92,6.62
17356,25,4,12,2008,-10.203333333333333,8.01,4.12,6.94
17357,25,5,12,2008,-10.015,8.96,4.5600000000000005,7.29
17358,25,6,12,2008,-9.992499999999998,11.47,5.5,8.2
17359,25,7,12,2008,-9.636666666666667,13.47,6.96,9.81
17360,25,8,12,2008,-9.570833333333331,13.82,6.69,9.59
17361,25,9,12,2008,-9.345,13.91,6.73,9.74
17362,25,10,12,2008,-9.476666666666667,13.59,6.57,9.49
17363,25,11,12,2008,-9.37,13.45,6.69,9.5
17364,25,12,12,2008,-8.048333333333334,13.64,7.15,9.92
17365,25,13,12,2008,-7.063333333333333,13.07,7.13,9.63
17366,25,14,12,2008,-6.705000000000001,12.58,7.34,9.69
17367,25,15,12,2008,-5.325833333333334,12.88,7.97,10.35
17368,25,16,12,2008,-3.9808333333333343,13.32,8.43,10.87
17369,25,17,12,2008,-2.6950000000000003,13.05,8.47,10.9
17370,25,18,12,2008,-1.2874999999999999,13.45,8.46,11.04
17371,25,19,12,2008,-0.085,13.8,8.67,11.33
17372,25,20,12,2008,0.36166666666666675,13.55,8.49,11.11
17373,25,21,12,2008,0.5575,14.13,7.9300000000000015,10.83
17374,25,22,12,2008,0.8883333333333333,15.57,8.91,12.07
17375,25,23,12,2008,1.3683333333333334,16.66,9.66,13.06
17376,26,0,12,2008,1.7483333333333337,17.82,10.53,14.1
17377,26,1,12,2008,2.2275000000000005,19.46,11.5,15.41
17378,26,2,12,2008,2.6574999999999998,19.3,11.31,15.2
17379,26,3,12,2008,2.4066666666666667,18.04,9.59,13.44
17380,26,4,12,2008,2.295833333333333,18.71,10.18,14.09
17381,26,5,12,2008,2.3633333333333337,18.74,10.24,14.1
17382,26,6,12,2008,2.683333333333333,18.07,10.41,14.08
17383,26,7,12,2008,3.4899999999999998,17.63,10.16,13.72
17384,26,8,12,2008,3.9691666666666667,17.28,9.94,13.35
17385,26,9,12,2008,4.174166666666667,16.86,9.51,13.05
17386,26,10,12,2008,4.616666666666666,17.21,9.38,13.03
17387,26,11,12,2008,5.095833333333334,17.44,9.66,13.33
17388,26,12,12,2008,5.22,17.04,9.08,12.68
17389,26,13,12,2008,5.785,17.55,9.44,13.06
17390,26,14,12,2008,6.210000000000001,16.57,8.44,11.92
17391,26,15,12,2008,6.503333333333334,15.96,7.41,10.89
17392,26,16,12,2008,7.315,16.06,7.58,11.07
17393,26,17,12,2008,8.141666666666667,17.72,8.77,12.62
17394,26,18,12,2008,8.3975,16.38,7.8,11.47
17395,26,19,12,2008,8.726666666666668,16.22,7.43,11.22
17396,26,20,12,2008,8.885833333333336,17.240000000000002,7.33,11.3
17397,26,21,12,2008,9.010833333333334,16.22,6.24,10.46
17398,26,22,12,2008,10.102500000000001,17.04,7.61,11.68
17399,26,23,12,2008,11.281666666666666,17.94,8.69,12.85
17400,27,0,12,2008,11.149166666666668,17.330000000000002,7.35,11.47
17401,27,1,12,2008,10.841666666666667,16.0,6.38,10.41
17402,27,2,12,2008,11.653333333333334,16.6,7.04,11.2
17403,27,3,12,2008,12.259999999999998,18.22,7.32,11.83
17404,27,4,12,2008,12.48166666666667,16.86,6.53,10.61
17405,27,5,12,2008,11.118333333333332,15.42,5.73,9.91
17406,27,6,12,2008,5.5825,13.13,7.42,10.31
17407,27,7,12,2008,-0.34416666666666673,11.97,7.28,9.47
17408,27,8,12,2008,-2.35,10.97,7.56,9.4
17409,27,9,12,2008,-3.6808333333333336,11.13,7.82,9.75
17410,27,10,12,2008,-5.040833333333333,12.53,7.9300000000000015,10.44
17411,27,11,12,2008,-5.808333333333334,12.67,8.1,10.57
17412,27,12,12,2008,-5.952500000000001,11.63,8.15,10.15
17413,27,13,12,2008,-6.267499999999999,11.54,7.55,9.57
17414,27,14,12,2008,-6.461666666666667,9.99,7.24,8.93
17415,27,15,12,2008,-6.487500000000001,9.68,7.1400000000000015,8.76
17416,27,16,12,2008,-5.886666666666668,9.49,7.05,8.63
17417,27,17,12,2008,-5.2266666666666675,9.74,7.25,8.870000000000003
17418,27,18,12,2008,-5.140833333333333,9.63,7.1400000000000015,8.75
17419,27,19,12,2008,-5.300833333333333,9.76,7.2,8.85
17420,27,20,12,2008,-5.177500000000001,9.41,6.87,8.47
17421,27,21,12,2008,-4.628333333333333,8.86,6.3900000000000015,7.9
17422,27,22,12,2008,-4.315,9.05,6.09,7.69
17423,27,23,12,2008,-4.238333333333333,9.63,5.96,7.87
17424,28,0,12,2008,-4.1674999999999995,9.6,5.88,7.78
17425,28,1,12,2008,-4.109166666666666,9.64,5.39,7.23
17426,28,2,12,2008,-3.8783333333333325,10.97,5.79,8.16
17427,28,3,12,2008,-3.623333333333333,11.27,5.97,8.42
17428,28,4,12,2008,-3.619166666666667,10.48,5.04,7.44
17429,28,5,12,2008,-3.59,11.49,4.78,7.49
17430,28,6,12,2008,-3.3458333333333337,12.21,6.05,8.89
17431,28,7,12,2008,-3.2641666666666675,12.15,6.05,8.89
17432,28,8,12,2008,-3.7483333333333344,11.22,5.53,8.24
17433,28,9,12,2008,-4.043333333333334,11.68,5.7700000000000005,8.540000000000001
17434,28,10,12,2008,-4.055833333333333,11.71,5.8100000000000005,8.55
17435,28,11,12,2008,-4.189166666666668,11.43,6.19,8.81
17436,28,12,12,2008,-4.229166666666667,12.04,6.76,9.45
17437,28,13,12,2008,-4.1483333333333325,12.53,6.82,9.63
17438,28,14,12,2008,-3.775833333333333,12.41,7.08,9.58
17439,28,15,12,2008,-2.500833333333333,11.85,7.0,9.36
17440,28,16,12,2008,-1.2575,10.53,6.28,8.3
17441,28,17,12,2008,-0.18333333333333335,9.86,6.17,8.07
17442,28,18,12,2008,1.0825,9.79,6.08,7.72
17443,28,19,12,2008,1.9691666666666663,9.59,6.13,7.94
17444,28,20,12,2008,2.4233333333333333,9.95,6.0600000000000005,8.01
17445,28,21,12,2008,2.225,11.82,6.3100000000000005,9.02
17446,28,22,12,2008,1.7416666666666665,13.26,6.72,9.92
17447,28,23,12,2008,1.3441666666666665,13.86,6.88,10.24
17448,29,0,12,2008,1.1925000000000001,14.02,7.26,10.6
17449,29,1,12,2008,1.3275000000000003,14.03,7.27,10.59
17450,29,2,12,2008,1.3158333333333332,13.48,6.87,10.24
17451,29,3,12,2008,1.3166666666666669,13.88,7.01,10.4
17452,29,4,12,2008,1.59,14.8,7.72,11.19
17453,29,5,12,2008,1.7983333333333336,15.21,7.74,11.33
17454,29,6,12,2008,1.5608333333333333,15.7,7.6400000000000015,11.28
17455,29,7,12,2008,1.5708333333333335,16.2,8.03,11.7
17456,29,8,12,2008,1.5375000000000003,16.38,8.13,11.72
17457,29,9,12,2008,1.5058333333333331,16.44,7.82,11.47
17458,29,10,12,2008,1.5775,15.92,7.27,10.92
17459,29,11,12,2008,1.7958333333333334,15.9,7.16,11.0
17460,29,12,12,2008,1.55,15.67,7.0,10.86
17461,29,13,12,2008,1.1449999999999998,14.36,6.45,9.91
17462,29,14,12,2008,0.8975000000000001,13.79,5.74,9.27
17463,29,15,12,2008,1.7733333333333334,10.86,4.0200000000000005,6.47
17464,29,16,12,2008,3.854999999999999,8.88,4.5600000000000005,6.3900000000000015
17465,29,17,12,2008,4.7625,8.68,4.73,6.46
17466,29,18,12,2008,5.1416666666666675,7.68,4.41,5.64
17467,29,19,12,2008,5.117500000000001,6.1000000000000005,4.32,5.36
17468,29,20,12,2008,4.785,5.49,3.61,4.5
17469,29,21,12,2008,3.91,6.98,2.8000000000000003,4.79
17470,29,22,12,2008,2.5124999999999997,6.3,1.97,4.3100000000000005
17471,29,23,12,2008,1.3758333333333332,6.47,2.43,5.92
17472,30,0,12,2008,0.40666666666666673,6.3500000000000005,2.51,6.0200000000000005
17473,30,1,12,2008,-0.7191666666666666,6.17,2.32,4.96
17474,30,2,12,2008,-0.8333333333333334,6.63,1.95,4.47
17475,30,3,12,2008,-1.0850000000000002,7.59,2.78,5.03
17476,30,4,12,2008,-1.24,8.34,3.88,5.65
17477,30,5,12,2008,-1.185,9.25,4.86,6.57
17478,30,6,12,2008,-1.2158333333333335,10.17,4.66,6.8100000000000005
17479,30,7,12,2008,-1.2758333333333334,11.19,5.61,7.9
17480,30,8,12,2008,-0.9733333333333333,11.41,6.24,8.36
17481,30,9,12,2008,-1.2625,10.8,5.73,7.97
17482,30,10,12,2008,-1.4541666666666666,10.22,5.05,7.19
17483,30,11,12,2008,-1.6224999999999998,10.66,5.11,7.24
17484,30,12,12,2008,-1.0758333333333334,11.7,5.73,8.040000000000001
17485,30,13,12,2008,-0.04916666666666664,12.61,6.09,8.93
17486,30,14,12,2008,0.5041666666666668,12.7,7.0200000000000005,9.61
17487,30,15,12,2008,1.1966666666666665,11.29,6.12,8.67
17488,30,16,12,2008,2.6333333333333333,12.71,6.91,9.7
17489,30,17,12,2008,4.929166666666668,13.28,8.17,10.81
17490,30,18,12,2008,5.675000000000001,13.52,8.05,10.68
17491,30,19,12,2008,5.748333333333334,15.1,8.97,11.99
17492,30,20,12,2008,5.0925,16.04,9.64,12.83
17493,30,21,12,2008,3.8891666666666675,15.4,8.53,11.76
17494,30,22,12,2008,2.3249999999999997,16.07,8.06,11.66
17495,30,23,12,2008,1.3258333333333334,20.09,10.72,14.98
17496,31,0,12,2008,0.8233333333333333,22.03,12.89,17.42
17497,31,1,12,2008,-1.2408333333333335,18.2,11.31,14.92
17498,31,2,12,2008,-4.498333333333333,15.47,10.26,13.27
17499,31,3,12,2008,-6.784999999999999,12.3,8.01,10.23
17500,31,4,12,2008,-7.329166666666666,11.96,7.88,10.0
17501,31,5,12,2008,-7.9191666666666665,10.86,7.74,9.6
17502,31,6,12,2008,-8.519166666666667,10.33,7.44,9.2
17503,31,7,12,2008,-9.093333333333334,9.39,6.8900000000000015,8.41
17504,31,8,12,2008,-9.725,9.49,6.95,8.52
17505,31,9,12,2008,-10.389166666666666,8.540000000000001,6.24,7.7
17506,31,10,12,2008,-11.0775,7.85,5.78,7.1000000000000005
17507,31,11,12,2008,-11.714166666666666,7.5,5.63,6.8500000000000005
17508,31,12,12,2008,-12.286666666666667,6.3900000000000015,4.79,5.83
17509,31,13,12,2008,-12.783333333333331,5.78,4.43,5.3500000000000005
17510,31,14,12,2008,-13.006666666666668,4.13,3.29,3.9
17511,31,15,12,2008,-12.653333333333336,3.6,2.94,3.44
17512,31,16,12,2008,-11.945000000000002,2.75,2.31,2.67
17513,31,17,12,2008,-11.038333333333334,1.66,1.47,1.65
17514,31,18,12,2008,-10.013333333333334,1.07,1.04,1.12
17515,31,19,12,2008,-8.827499999999999,2.85,2.26,2.66
17516,31,20,12,2008,-7.767500000000001,4.4,3.43,4.08
17517,31,21,12,2008,-7.351666666666666,5.3100000000000005,4.09,4.93
17518,31,22,12,2008,-7.540833333333334,5.95,4.22,5.11
17519,31,23,12,2008,-7.7058333333333335,8.21,4.88,6.5
17520,1,0,1,2009,-4.168333333333332,10.29,5.54,7.76
17521,1,1,1,2009,-4.235833333333333,11.11,6.21,8.53
17522,1,2,1,2009,-4.36,11.93,6.82,9.28
17523,1,3,1,2009,-4.3933333333333335,12.6,7.21,9.81
17524,1,4,1,2009,-4.333333333333333,12.7,7.23,9.83
17525,1,5,1,2009,-4.3549999999999995,13.0,7.35,10.08
17526,1,6,1,2009,-4.347500000000001,12.8,7.24,9.89
17527,1,7,1,2009,-4.245,13.46,7.7,10.46
17528,1,8,1,2009,-4.351666666666667,13.66,7.22,10.16
17529,1,9,1,2009,-4.224166666666666,14.13,7.57,10.55
17530,1,10,1,2009,-4.016666666666667,14.28,7.56,10.64
17531,1,11,1,2009,-3.9250000000000003,14.62,7.96,11.08
17532,1,12,1,2009,-3.5941666666666667,16.28,9.17,12.53
17533,1,13,1,2009,-3.3983333333333334,16.32,9.17,12.52
17534,1,14,1,2009,-2.9691666666666667,15.03,9.46,12.31
17535,1,15,1,2009,-1.4899999999999995,15.16,9.5,12.33
17536,1,16,1,2009,-0.225,11.92,7.95,9.99
17537,1,17,1,2009,0.7641666666666668,9.38,6.83,8.38
17538,1,18,1,2009,1.7208333333333332,7.91,5.99,7.21
17539,1,19,1,2009,2.6575,7.08,5.22,6.37
17540,1,20,1,2009,2.8683333333333336,5.97,4.5,5.43
17541,1,21,1,2009,2.8191666666666664,5.54,3.88,4.7
17542,1,22,1,2009,1.5100000000000005,6.3,3.08,5.2700000000000005
17543,1,23,1,2009,0.5708333333333334,7.28,3.14,6.18
17544,2,0,1,2009,0.19333333333333333,7.07,3.43,6.26
17545,2,1,1,2009,0.07416666666666666,5.6000000000000005,3.17,5.61
17546,2,2,1,2009,-0.30916666666666665,4.88,3.11,4.71
17547,2,3,1,2009,-0.48416666666666663,5.5200000000000005,3.66,5.44
17548,2,4,1,2009,-0.4816666666666667,5.46,3.46,5.72
17549,2,5,1,2009,-0.8116666666666666,5.83,3.93,5.82
17550,2,6,1,2009,-1.29,5.7700000000000005,3.81,5.65
17551,2,7,1,2009,-0.8766666666666666,4.59,3.24,5.0200000000000005
17552,2,8,1,2009,-0.7691666666666667,3.44,3.0700000000000003,4.38
17553,2,9,1,2009,-1.015,3.41,3.16,4.3500000000000005
17554,2,10,1,2009,-1.46,3.46,3.52,4.71
17555,2,11,1,2009,-1.5958333333333332,3.0500000000000003,3.16,4.17
17556,2,12,1,2009,-2.2608333333333337,3.9,1.92,3.27
17557,2,13,1,2009,-2.521666666666667,6.17,3.3200000000000003,5.49
17558,2,14,1,2009,-1.4308333333333334,7.29,3.78,5.99
17559,2,15,1,2009,-0.08583333333333333,7.3900000000000015,3.87,5.5600000000000005
17560,2,16,1,2009,1.3650000000000002,6.92,3.25,3.8
17561,2,17,1,2009,3.009166666666666,5.3,3.97,4.72
17562,2,18,1,2009,3.9825,5.8500000000000005,4.5,5.39
17563,2,19,1,2009,4.708333333333333,5.83,4.49,5.37
17564,2,20,1,2009,5.093333333333335,5.98,4.5,5.44
17565,2,21,1,2009,4.791666666666666,7.13,4.42,5.4
17566,2,22,1,2009,3.125,9.42,4.07,7.46
17567,2,23,1,2009,1.5516666666666665,10.9,4.1,7.65
17568,3,0,1,2009,0.8125,12.13,4.48,7.98
17569,3,1,1,2009,0.4766666666666666,12.17,4.5600000000000005,7.99
17570,3,2,1,2009,0.18333333333333335,12.68,4.39,7.66
17571,3,3,1,2009,-0.0325,12.76,4.68,7.91
17572,3,4,1,2009,-0.19833333333333333,12.72,4.84,7.99
17573,3,5,1,2009,-0.10083333333333333,12.54,4.8100000000000005,7.94
17574,3,6,1,2009,-0.6283333333333333,11.25,4.08,6.86
17575,3,7,1,2009,-0.32666666666666666,11.0,3.89,6.59
17576,3,8,1,2009,-0.9416666666666665,10.08,3.49,6.03
17577,3,9,1,2009,-1.8491666666666664,9.63,3.13,5.45
17578,3,10,1,2009,-1.27,9.65,4.9,6.68
17579,3,11,1,2009,1.0875000000000001,9.11,4.82,6.69
17580,3,12,1,2009,1.2750000000000001,7.9,3.78,5.55
17581,3,13,1,2009,1.3574999999999997,7.12,2.7,4.58
17582,3,14,1,2009,1.0433333333333332,7.32,2.62,4.45
17583,3,15,1,2009,1.1783333333333332,7.36,2.9,4.7700000000000005
17584,3,16,1,2009,1.1150000000000002,5.9,2.32,3.35
17585,3,17,1,2009,1.22,4.03,2.5500000000000003,3.65
17586,3,18,1,2009,1.2108333333333332,3.44,2.1,3.17
17587,3,19,1,2009,1.0258333333333334,4.75,3.41,4.41
17588,3,20,1,2009,0.8308333333333335,8.120000000000001,5.04,6.63
17589,3,21,1,2009,0.6266666666666667,12.12,7.66,9.93
17590,3,22,1,2009,-1.2758333333333332,13.11,8.18,10.54
17591,3,23,1,2009,-2.5966666666666667,14.19,8.790000000000001,11.56
17592,4,0,1,2009,-3.5475,14.92,9.55,12.39
17593,4,1,1,2009,-4.206666666666666,14.94,9.74,12.53
17594,4,2,1,2009,-5.333333333333333,15.88,10.55,13.45
17595,4,3,1,2009,-6.12,14.75,9.96,12.65
17596,4,4,1,2009,-6.670000000000001,15.38,10.46,13.29
17597,4,5,1,2009,-7.073333333333333,15.06,10.38,13.12
17598,4,6,1,2009,-7.6208333333333345,14.82,10.22,12.91
17599,4,7,1,2009,-8.211666666666668,14.98,10.29,13.01
17600,4,8,1,2009,-8.733333333333334,14.48,9.92,12.56
17601,4,9,1,2009,-9.363333333333335,13.56,9.23,11.7
17602,4,10,1,2009,-9.754166666666668,13.24,9.03,11.44
17603,4,11,1,2009,-10.076666666666666,12.54,8.39,10.68
17604,4,12,1,2009,-10.41,12.13,8.09,10.32
17605,4,13,1,2009,-10.654166666666667,11.58,7.67,9.81
17606,4,14,1,2009,-10.8375,11.02,7.73,9.64
17607,4,15,1,2009,-10.563333333333334,10.44,7.49,9.28
17608,4,16,1,2009,-9.934166666666668,9.42,6.92,8.48
17609,4,17,1,2009,-8.996666666666664,8.73,6.48,7.9
17610,4,18,1,2009,-7.919166666666668,8.36,6.23,7.58
17611,4,19,1,2009,-6.964166666666667,7.71,5.78,7.01
17612,4,20,1,2009,-6.293333333333334,7.0600000000000005,5.3100000000000005,6.42
17613,4,21,1,2009,-5.9366666666666665,6.49,4.86,5.89
17614,4,22,1,2009,-6.088333333333334,5.97,4.39,5.37
17615,4,23,1,2009,-6.531666666666667,5.79,2.71,4.51
17616,5,0,1,2009,-6.5075,5.45,2.44,4.28
17617,5,1,1,2009,-6.543333333333334,4.93,1.84,3.6
17618,5,2,1,2009,-6.629166666666666,4.44,1.13,3.18
17619,5,3,1,2009,-6.7441666666666675,3.06,1.3,2.22
17620,5,4,1,2009,-6.848333333333335,2.9,2.01,2.97
17621,5,5,1,2009,-6.849166666666666,3.51,2.35,3.5700000000000003
17622,5,6,1,2009,-6.7683333333333335,4.43,2.89,4.38
17623,5,7,1,2009,-6.7075000000000005,5.44,3.38,5.14
17624,5,8,1,2009,-6.772500000000001,6.2700000000000005,3.82,5.97
17625,5,9,1,2009,-7.1275,6.76,4.15,6.51
17626,5,10,1,2009,-7.346666666666668,7.12,4.46,6.87
17627,5,11,1,2009,-7.357500000000001,7.6,4.69,7.19
17628,5,12,1,2009,-7.526666666666667,8.0,4.75,7.31
17629,5,13,1,2009,-7.761666666666666,8.620000000000001,4.82,7.41
17630,5,14,1,2009,-7.3933333333333335,8.74,4.8,7.38
17631,5,15,1,2009,-5.658333333333334,7.98,4.5600000000000005,5.88
17632,5,16,1,2009,-4.075,6.8500000000000005,4.47,5.29
17633,5,17,1,2009,-2.9391666666666665,6.5200000000000005,5.04,6.03
17634,5,18,1,2009,-1.9083333333333332,6.3900000000000015,4.93,5.88
17635,5,19,1,2009,-1.1691666666666667,6.49,4.83,5.87
17636,5,20,1,2009,-0.7933333333333334,7.26,5.37,6.54
17637,5,21,1,2009,-0.8583333333333333,7.21,5.15,6.37
17638,5,22,1,2009,-1.7675,8.97,4.76,6.67
17639,5,23,1,2009,-2.9874999999999994,10.27,4.54,7.21
17640,6,0,1,2009,-3.2024999999999992,11.55,5.79,8.39
17641,6,1,1,2009,-3.3425000000000007,11.93,6.13,8.77
17642,6,2,1,2009,-3.6050000000000004,11.59,5.65,8.27
17643,6,3,1,2009,-3.9841666666666673,11.89,5.62,8.32
17644,6,4,1,2009,-4.335,11.49,5.1000000000000005,7.86
17645,6,5,1,2009,-4.461666666666667,11.49,5.19,7.98
17646,6,6,1,2009,-4.575,11.39,5.22,8.01
17647,6,7,1,2009,-4.750000000000001,10.85,4.97,7.7
17648,6,8,1,2009,-4.8,10.28,5.01,7.68
17649,6,9,1,2009,-5.546666666666667,9.17,3.89,6.59
17650,6,10,1,2009,-5.900833333333332,7.47,3.49,6.43
17651,6,11,1,2009,-6.036666666666666,6.73,3.69,6.23
17652,6,12,1,2009,-6.048333333333333,6.44,3.68,6.23
17653,6,13,1,2009,-6.223333333333334,6.83,3.84,6.3
17654,6,14,1,2009,-6.046666666666667,7.04,4.17,6.32
17655,6,15,1,2009,-5.011666666666666,6.7700000000000005,3.69,5.22
17656,6,16,1,2009,-3.2975,5.8100000000000005,3.41,3.88
17657,6,17,1,2009,-1.6466666666666667,4.25,3.46,4.03
17658,6,18,1,2009,-0.3791666666666665,3.8,3.04,3.5700000000000003
17659,6,19,1,2009,1.0399999999999998,4.43,3.48,4.14
17660,6,20,1,2009,2.0308333333333337,4.48,3.51,4.18
17661,6,21,1,2009,2.169166666666667,5.0200000000000005,3.26,3.95
17662,6,22,1,2009,1.2049999999999998,7.87,3.54,6.43
17663,6,23,1,2009,0.4183333333333333,9.34,4.3,7.38
17664,7,0,1,2009,0.11083333333333335,11.4,4.72,8.370000000000001
17665,7,1,1,2009,0.09333333333333332,13.08,4.99,8.68
17666,7,2,1,2009,0.11,13.32,5.48,9.13
17667,7,3,1,2009,-0.07416666666666667,13.37,5.44,9.13
17668,7,4,1,2009,-0.4166666666666667,13.48,5.88,9.24
17669,7,5,1,2009,-0.8958333333333334,13.3,5.8,9.14
17670,7,6,1,2009,-1.3883333333333334,12.38,4.97,8.33
17671,7,7,1,2009,-1.735,11.83,5.39,8.43
17672,7,8,1,2009,-1.7466666666666668,11.76,5.6000000000000005,8.58
17673,7,9,1,2009,-2.2083333333333335,11.8,5.84,8.66
17674,7,10,1,2009,-2.484166666666667,11.79,5.72,8.540000000000001
17675,7,11,1,2009,-3.0091666666666668,12.28,5.19,8.01
17676,7,12,1,2009,-3.435833333333333,13.9,6.62,9.87
17677,7,13,1,2009,-3.794166666666667,12.84,6.28,9.08
17678,7,14,1,2009,-3.6533333333333338,12.84,6.4,9.21
17679,7,15,1,2009,-2.942499999999999,7.92,5.67,7.03
17680,7,16,1,2009,-1.9391666666666663,7.83,5.67,7.0
17681,7,17,1,2009,-0.9725000000000001,5.73,4.3,5.2
17682,7,18,1,2009,-0.029999999999999995,5.79,4.3,5.22
17683,7,19,1,2009,0.7283333333333332,5.58,4.18,5.0600000000000005
17684,7,20,1,2009,1.2274999999999998,5.5,4.07,4.96
17685,7,21,1,2009,1.3291666666666668,5.43,3.95,4.86
17686,7,22,1,2009,0.6366666666666666,5.36,3.02,4.0600000000000005
17687,7,23,1,2009,0.12749999999999997,6.24,2.7,4.82
17688,8,0,1,2009,-0.7908333333333334,7.3900000000000015,3.16,5.74
17689,8,1,1,2009,-1.68,9.3,3.49,6.3900000000000015
17690,8,2,1,2009,-2.69,10.54,3.63,6.48
17691,8,3,1,2009,-3.395,10.49,3.9,6.46
17692,8,4,1,2009,-4.026666666666666,8.51,3.69,6.0
17693,8,5,1,2009,-5.071666666666666,8.950000000000003,4.47,6.38
17694,8,6,1,2009,-5.618333333333333,7.72,4.24,5.87
17695,8,7,1,2009,-6.449166666666667,9.22,6.1400000000000015,7.9
17696,8,8,1,2009,-7.080000000000001,8.950000000000003,5.51,7.59
17697,8,9,1,2009,-7.670833333333333,8.8,5.58,7.18
17698,8,10,1,2009,-8.265,8.31,5.0,6.53
17699,8,11,1,2009,-8.58,7.1000000000000005,4.03,5.5600000000000005
17700,8,12,1,2009,-8.794166666666667,5.8,3.4,4.63
17701,8,13,1,2009,-8.841666666666667,6.21,2.91,4.32
17702,8,14,1,2009,-9.005,6.38,3.48,4.5200000000000005
17703,8,15,1,2009,-8.265,3.51,2.82,3.29
17704,8,16,1,2009,-7.146666666666666,1.13,0.99,1.12
17705,8,17,1,2009,-5.818333333333334,1.17,1.24,1.31
17706,8,18,1,2009,-4.201666666666667,2.07,1.61,1.9
17707,8,19,1,2009,-2.4433333333333334,2.95,2.36,2.76
17708,8,20,1,2009,-1.2283333333333333,3.68,2.89,3.42
17709,8,21,1,2009,-0.7400000000000001,4.86,3.7,4.49
17710,8,22,1,2009,-1.2441666666666666,7.1000000000000005,3.76,5.28
17711,8,23,1,2009,-2.2333333333333334,8.59,3.84,6.13
17712,9,0,1,2009,-2.365,10.03,4.6000000000000005,6.98
17713,9,1,1,2009,-2.1900000000000004,12.06,6.1000000000000005,8.700000000000001
17714,9,2,1,2009,-1.8533333333333335,12.83,6.34,9.08
17715,9,3,1,2009,-1.2416666666666665,13.76,7.1400000000000015,10.03
17716,9,4,1,2009,-0.6249999999999999,15.26,8.42,11.59
17717,9,5,1,2009,0.003333333333333341,16.38,9.28,12.51
17718,9,6,1,2009,0.8958333333333335,17.52,9.52,13.02
17719,9,7,1,2009,1.870833333333333,18.34,9.7,13.5
17720,9,8,1,2009,3.3366666666666673,19.21,10.51,14.5
17721,9,9,1,2009,3.805,19.28,10.56,14.53
17722,9,10,1,2009,3.9066666666666667,18.9,9.99,14.01
17723,9,11,1,2009,3.891666666666666,17.43,8.78,12.63
17724,9,12,1,2009,4.197500000000001,16.77,8.55,12.38
17725,9,13,1,2009,4.479166666666666,15.85,8.51,11.96
17726,9,14,1,2009,4.8725,15.92,8.47,11.98
17727,9,15,1,2009,5.423333333333335,13.5,7.1400000000000015,10.07
17728,9,16,1,2009,6.170833333333333,9.27,5.3,7.07
17729,9,17,1,2009,7.0125,5.44,4.07,4.84
17730,9,18,1,2009,7.2825,6.7,5.15,6.21
17731,9,19,1,2009,6.261666666666667,9.04,6.67,8.2
17732,9,20,1,2009,4.4775,11.46,8.43,10.4
17733,9,21,1,2009,2.4575,11.91,8.68,10.72
17734,9,22,1,2009,0.30249999999999994,12.34,8.57,10.72
17735,9,23,1,2009,-1.7125000000000004,13.12,8.45,10.97
17736,10,0,1,2009,-2.5825,13.27,9.08,11.47
17737,10,1,1,2009,-2.965833333333333,14.22,9.95,12.49
17738,10,2,1,2009,-3.829166666666667,13.75,9.45,11.91
17739,10,3,1,2009,-4.010833333333333,13.22,8.96,11.33
17740,10,4,1,2009,-4.319166666666667,14.23,9.74,12.31
17741,10,5,1,2009,-5.1925,13.75,9.56,12.05
17742,10,6,1,2009,-5.838333333333334,13.6,9.49,11.94
17743,10,7,1,2009,-6.301666666666667,12.61,8.870000000000003,11.12
17744,10,8,1,2009,-6.689166666666668,13.17,9.24,11.61
17745,10,9,1,2009,-6.9508333333333345,12.52,8.76,11.0
17746,10,10,1,2009,-7.253333333333333,12.15,8.53,10.71
17747,10,11,1,2009,-7.609166666666667,11.68,8.17,10.27
17748,10,12,1,2009,-7.798333333333333,11.39,7.96,10.02
17749,10,13,1,2009,-7.9925,10.99,7.71,9.68
17750,10,14,1,2009,-8.098333333333334,10.21,7.15,8.98
17751,10,15,1,2009,-7.8325,9.79,7.01,8.74
17752,10,16,1,2009,-7.338333333333334,9.12,6.65,8.21
17753,10,17,1,2009,-6.743333333333333,8.24,6.13,7.5
17754,10,18,1,2009,-5.939166666666666,7.21,5.4,6.58
17755,10,19,1,2009,-5.206666666666667,6.58,4.95,6.01
17756,10,20,1,2009,-4.75,6.3100000000000005,4.75,5.76
17757,10,21,1,2009,-4.510000000000001,5.7700000000000005,4.3100000000000005,5.26
17758,10,22,1,2009,-4.827500000000001,4.61,3.36,4.14
17759,10,23,1,2009,-5.7058333333333335,4.69,1.71,3.61
17760,11,0,1,2009,-5.9025,6.5200000000000005,2.9,5.62
17761,11,1,1,2009,-5.88,6.61,3.13,5.64
17762,11,2,1,2009,-6.03,7.86,3.5,6.03
17763,11,3,1,2009,-5.721666666666667,9.01,4.48,7.03
17764,11,4,1,2009,-5.370833333333334,10.49,5.18,8.0
17765,11,5,1,2009,-4.461666666666667,12.28,6.88,9.73
17766,11,6,1,2009,-4.222499999999999,14.02,7.43,10.4
17767,11,7,1,2009,-4.208333333333333,14.19,7.32,10.36
17768,11,8,1,2009,-4.153333333333333,13.34,7.18,10.13
17769,11,9,1,2009,-3.5825,13.37,6.26,9.3
17770,11,10,1,2009,-3.535,13.93,5.7,9.23
17771,11,11,1,2009,-3.1125000000000003,14.25,6.0600000000000005,9.54
17772,11,12,1,2009,-2.8175000000000003,14.26,6.42,9.98
17773,11,13,1,2009,-2.4366666666666665,12.7,6.26,9.52
17774,11,14,1,2009,-2.3958333333333335,12.09,6.3,9.01
17775,11,15,1,2009,-1.3566666666666665,10.72,6.16,8.4
17776,11,16,1,2009,0.03333333333333335,9.54,6.7,8.36
17777,11,17,1,2009,0.84,8.86,6.4,7.92
17778,11,18,1,2009,1.5175,8.05,5.95,7.29
17779,11,19,1,2009,2.1100000000000003,7.28,5.37,6.57
17780,11,20,1,2009,2.5591666666666666,6.0600000000000005,4.46,5.46
17781,11,21,1,2009,2.595,6.09,4.2,5.25
17782,11,22,1,2009,1.1225000000000003,6.2,2.53,4.96
17783,11,23,1,2009,-0.24749999999999997,6.2,2.37,5.01
17784,12,0,1,2009,-0.5116666666666667,4.64,2.28,4.01
17785,12,1,1,2009,-0.9466666666666668,4.09,2.05,3.42
17786,12,2,1,2009,-1.4349999999999998,2.8000000000000003,1.98,2.49
17787,12,3,1,2009,-1.4100000000000001,2.16,2.0,2.34
17788,12,4,1,2009,-0.8516666666666667,1.23,1.44,1.36
17789,12,5,1,2009,-0.8875000000000002,3.21,2.74,3.88
17790,12,6,1,2009,-0.7625000000000001,6.54,3.56,5.5200000000000005
17791,12,7,1,2009,-0.5133333333333333,7.9,4.59,6.5
17792,12,8,1,2009,-0.29833333333333334,9.61,5.22,7.28
17793,12,9,1,2009,-0.09666666666666668,11.66,6.55,8.89
17794,12,10,1,2009,0.10666666666666669,12.05,6.93,9.35
17795,12,11,1,2009,0.22583333333333333,10.68,5.3,7.55
17796,12,12,1,2009,0.6691666666666668,10.07,5.36,7.52
17797,12,13,1,2009,1.0116666666666665,12.42,7.3,9.8
17798,12,14,1,2009,1.0683333333333331,12.31,7.15,9.66
17799,12,15,1,2009,2.353333333333333,11.62,7.09,9.16
17800,12,16,1,2009,3.7683333333333326,11.42,7.87,9.92
17801,12,17,1,2009,3.9199999999999995,12.02,8.38,10.52
17802,12,18,1,2009,3.916666666666666,13.34,9.39,11.76
17803,12,19,1,2009,3.645,14.02,9.77,12.29
17804,12,20,1,2009,3.0000000000000004,15.8,10.96,13.86
17805,12,21,1,2009,1.4716666666666667,16.25,10.99,14.07
17806,12,22,1,2009,-1.025,17.150000000000002,11.33,14.64
17807,12,23,1,2009,-4.675,18.58,12.89,16.34
17808,13,0,1,2009,-6.133333333333334,16.2,10.87,13.94
17809,13,1,1,2009,-7.379166666666667,18.6,12.59,16.04
17810,13,2,1,2009,-8.454166666666667,16.21,10.61,13.75
17811,13,3,1,2009,-10.118333333333334,17.55,12.11,15.36
17812,13,4,1,2009,-10.895000000000001,16.4,10.92,14.09
17813,13,5,1,2009,-11.9925,15.75,10.8,13.7
17814,13,6,1,2009,-12.318333333333333,13.16,9.11,11.49
17815,13,7,1,2009,-12.631666666666666,11.84,8.23,10.38
17816,13,8,1,2009,-12.935833333333333,11.16,7.73,9.76
17817,13,9,1,2009,-13.251666666666665,9.23,6.46,8.13
17818,13,10,1,2009,-13.556666666666667,8.0,5.64,7.08
17819,13,11,1,2009,-13.776666666666666,6.63,4.66,5.86
17820,13,12,1,2009,-13.996666666666668,6.21,4.41,5.49
17821,13,13,1,2009,-14.346666666666664,6.43,4.53,5.66
17822,13,14,1,2009,-14.459166666666668,4.9,3.42,4.28
17823,13,15,1,2009,-13.893333333333333,2.35,1.85,2.19
17824,13,16,1,2009,-12.652499999999996,2.26,1.8,2.12
17825,13,17,1,2009,-11.0375,3.58,2.78,3.31
17826,13,18,1,2009,-9.32,4.05,3.12,3.72
17827,13,19,1,2009,-7.633333333333333,5.96,4.47,5.41
17828,13,20,1,2009,-6.235833333333333,7.91,5.87,7.17
17829,13,21,1,2009,-5.249999999999999,8.98,6.49,8.03
17830,13,22,1,2009,-5.014166666666667,9.41,6.41,7.97
17831,13,23,1,2009,-4.710833333333333,10.85,6.29,8.49
17832,14,0,1,2009,-4.023333333333333,11.47,6.51,8.85
17833,14,1,1,2009,-2.7116666666666664,13.88,8.290000000000001,11.03
17834,14,2,1,2009,-2.1891666666666665,16.2,9.23,12.45
17835,14,3,1,2009,-2.4916666666666667,16.81,9.36,12.67
17836,14,4,1,2009,-2.044166666666666,17.32,9.1,12.51
17837,14,5,1,2009,-0.6658333333333333,17.17,8.89,12.41
17838,14,6,1,2009,0.19083333333333333,15.34,8.17,11.51
17839,14,7,1,2009,0.37166666666666665,17.85,7.38,11.29
17840,14,8,1,2009,0.7233333333333333,18.19,7.79,11.32
17841,14,9,1,2009,0.25083333333333335,17.64,7.61,11.76
17842,14,10,1,2009,-1.405,17.35,8.98,12.72
17843,14,11,1,2009,-3.674166666666667,16.43,9.7,12.94
17844,14,12,1,2009,-6.525833333333334,14.42,9.13,11.84
17845,14,13,1,2009,-9.930000000000001,17.25,11.6,14.82
17846,14,14,1,2009,-11.6825,16.240000000000002,11.55,14.33
17847,14,15,1,2009,-12.935000000000002,16.16,11.49,14.3
17848,14,16,1,2009,-13.429166666666667,14.78,10.78,13.32
17849,14,17,1,2009,-13.814999999999998,14.09,10.3,12.69
17850,14,18,1,2009,-13.713333333333336,13.23,9.61,11.86
17851,14,19,1,2009,-13.429166666666667,12.46,9.01,11.1
17852,14,20,1,2009,-13.237499999999999,11.52,8.290000000000001,10.26
17853,14,21,1,2009,-13.33333333333333,10.97,7.9,9.78
17854,14,22,1,2009,-13.728333333333333,10.32,7.4,9.17
17855,14,23,1,2009,-14.2275,9.5,6.6400000000000015,8.32
17856,15,0,1,2009,-14.626666666666667,8.72,5.96,7.51
17857,15,1,1,2009,-15.110000000000001,8.870000000000003,6.0200000000000005,7.6400000000000015
17858,15,2,1,2009,-15.64,7.75,5.46,6.8500000000000005
17859,15,3,1,2009,-16.375,7.03,4.94,6.18
17860,15,4,1,2009,-17.421666666666667,9.0,6.34,7.95
17861,15,5,1,2009,-18.2475,8.24,5.86,7.29
17862,15,6,1,2009,-18.814166666666665,7.16,5.16,6.3900000000000015
17863,15,7,1,2009,-19.507499999999997,7.52,5.3500000000000005,6.66
17864,15,8,1,2009,-19.9325,7.17,5.04,6.29
17865,15,9,1,2009,-20.49833333333333,6.8500000000000005,4.88,6.07
17866,15,10,1,2009,-20.855,6.23,4.43,5.51
17867,15,11,1,2009,-21.135833333333334,6.71,4.65,5.8100000000000005
17868,15,12,1,2009,-21.551666666666666,7.87,5.25,6.61
17869,15,13,1,2009,-21.789999999999996,8.040000000000001,5.26,6.68
17870,15,14,1,2009,-21.6775,7.78,5.05,6.32
17871,15,15,1,2009,-20.733333333333334,6.03,4.5600000000000005,5.51
17872,15,16,1,2009,-19.5525,5.19,3.95,4.76
17873,15,17,1,2009,-18.363333333333333,4.75,3.72,4.42
17874,15,18,1,2009,-17.2575,4.72,3.7,4.38
17875,15,19,1,2009,-16.29666666666667,4.37,3.4,4.04
17876,15,20,1,2009,-15.605000000000002,3.92,3.06,3.63
17877,15,21,1,2009,-15.229999999999999,3.08,2.41,2.85
17878,15,22,1,2009,-15.281666666666668,2.48,1.94,2.3000000000000003
17879,15,23,1,2009,-15.685000000000002,2.01,1.34,1.82
17880,16,0,1,2009,-16.02,1.83,0.55,1.68
17881,16,1,1,2009,-16.284166666666668,1.8,0.36,1.65
17882,16,2,1,2009,-16.5425,2.58,1.05,2.82
17883,16,3,1,2009,-16.77,3.87,1.76,3.6
17884,16,4,1,2009,-17.000000000000004,5.71,2.68,4.4
17885,16,5,1,2009,-16.8125,7.25,3.5700000000000003,5.33
17886,16,6,1,2009,-16.667499999999997,7.95,4.07,5.83
17887,16,7,1,2009,-16.46916666666667,8.52,4.68,6.4
17888,16,8,1,2009,-15.724166666666667,8.69,5.16,6.8100000000000005
17889,16,9,1,2009,-14.984166666666667,9.36,5.23,6.7700000000000005
17890,16,10,1,2009,-14.4675,9.31,5.65,7.17
17891,16,11,1,2009,-14.550833333333335,9.39,5.95,7.56
17892,16,12,1,2009,-14.396666666666668,9.18,5.88,7.47
17893,16,13,1,2009,-14.1025,9.2,5.92,7.52
17894,16,14,1,2009,-13.643333333333333,9.16,6.1400000000000015,7.57
17895,16,15,1,2009,-12.556666666666667,8.59,6.3900000000000015,7.8
17896,16,16,1,2009,-10.915833333333333,8.41,6.29,7.68
17897,16,17,1,2009,-9.17,8.26,6.12,7.5
17898,16,18,1,2009,-7.6375,8.02,5.95,7.29
17899,16,19,1,2009,-6.208333333333333,7.44,5.51,6.76
17900,16,20,1,2009,-5.126666666666667,7.11,5.24,6.44
17901,16,21,1,2009,-4.495833333333334,7.0600000000000005,5.21,6.3900000000000015
17902,16,22,1,2009,-4.925,8.44,4.79,6.24
17903,16,23,1,2009,-6.0041666666666655,10.53,4.49,7.41
17904,17,0,1,2009,-6.1175,12.84,5.86,8.9
17905,17,1,1,2009,-6.1883333333333335,13.59,6.51,9.56
17906,17,2,1,2009,-6.123333333333334,14.48,7.3900000000000015,10.5
17907,17,3,1,2009,-5.7316666666666665,14.91,7.74,10.92
17908,17,4,1,2009,-5.338333333333334,15.25,7.95,11.17
17909,17,5,1,2009,-4.97,16.17,8.39,11.8
17910,17,6,1,2009,-4.1375,16.46,8.93,12.42
17911,17,7,1,2009,-3.6991666666666663,16.7,9.13,12.61
17912,17,8,1,2009,-3.0275,16.830000000000002,9.31,12.83
17913,17,9,1,2009,-3.3866666666666667,16.4,8.78,12.12
17914,17,10,1,2009,-2.980833333333333,16.1,8.82,12.12
17915,17,11,1,2009,-2.9108333333333327,15.38,7.1400000000000015,10.18
17916,17,12,1,2009,-1.854166666666667,16.79,7.69,11.63
17917,17,13,1,2009,-0.24333333333333326,18.58,7.91,12.17
17918,17,14,1,2009,0.09250000000000001,17.31,9.94,13.6
17919,17,15,1,2009,0.9516666666666667,14.56,9.2,11.68
17920,17,16,1,2009,1.4225,13.23,8.88,11.25
17921,17,17,1,2009,2.1175,12.23,8.63,10.72
17922,17,18,1,2009,2.934999999999999,13.2,9.2,11.55
17923,17,19,1,2009,3.6400000000000006,13.93,9.92,12.31
17924,17,20,1,2009,4.175,12.97,9.19,11.45
17925,17,21,1,2009,4.233333333333333,12.03,8.27,10.5
17926,17,22,1,2009,3.3175000000000003,13.13,6.5600000000000005,9.75
17927,17,23,1,2009,2.4383333333333335,14.13,6.63,10.35
17928,18,0,1,2009,1.9124999999999999,15.35,7.08,10.78
17929,18,1,1,2009,1.6274999999999997,16.1,8.0,11.69
17930,18,2,1,2009,1.760833333333333,15.96,7.8,11.54
17931,18,3,1,2009,0.9291666666666667,15.59,7.26,10.99
17932,18,4,1,2009,0.9541666666666665,14.26,6.6400000000000015,10.21
17933,18,5,1,2009,0.5441666666666667,13.33,6.2,9.83
17934,18,6,1,2009,-0.15083333333333335,12.57,6.05,9.35
17935,18,7,1,2009,-0.53,13.82,6.3,9.64
17936,18,8,1,2009,-0.2816666666666667,14.18,6.65,10.05
17937,18,9,1,2009,-0.31416666666666665,14.15,6.74,10.1
17938,18,10,1,2009,-0.7383333333333334,13.5,6.12,9.47
17939,18,11,1,2009,-0.8874999999999998,14.96,6.99,10.52
17940,18,12,1,2009,-0.7975,15.06,7.24,10.77
17941,18,13,1,2009,-1.0225,13.58,6.3,9.63
17942,18,14,1,2009,-0.5541666666666667,12.77,7.45,10.1
17943,18,15,1,2009,0.9050000000000001,12.74,7.51,10.12
17944,18,16,1,2009,2.081666666666667,10.67,7.4,9.32
17945,18,17,1,2009,3.238333333333333,9.52,6.78,8.48
17946,18,18,1,2009,4.466666666666668,8.76,6.28,7.82
17947,18,19,1,2009,5.665000000000002,9.04,6.41,8.01
17948,18,20,1,2009,6.567499999999999,9.27,6.55,8.21
17949,18,21,1,2009,6.795000000000001,9.35,6.1000000000000005,7.78
17950,18,22,1,2009,5.4525,11.06,4.61,8.38
17951,18,23,1,2009,4.6850000000000005,13.72,6.05,9.89
17952,19,0,1,2009,4.280833333333335,15.27,7.0600000000000005,10.72
17953,19,1,1,2009,3.500833333333333,17.76,10.07,13.93
17954,19,2,1,2009,2.2466666666666666,19.12,10.66,14.52
17955,19,3,1,2009,0.7091666666666666,16.61,9.88,13.31
17956,19,4,1,2009,-0.26666666666666666,15.72,9.57,12.9
17957,19,5,1,2009,-1.5108333333333335,13.58,8.120000000000001,11.01
17958,19,6,1,2009,-3.3324999999999996,13.99,8.040000000000001,11.03
17959,19,7,1,2009,-4.761666666666667,13.77,8.58,11.41
17960,19,8,1,2009,-5.6933333333333325,12.71,7.86,10.44
17961,19,9,1,2009,-6.316666666666667,10.12,6.3500000000000005,8.33
17962,19,10,1,2009,-6.640833333333333,9.94,6.3100000000000005,8.23
17963,19,11,1,2009,-6.995,8.290000000000001,5.05,6.63
17964,19,12,1,2009,-7.276666666666667,7.61,4.75,6.3
17965,19,13,1,2009,-7.478333333333333,7.53,4.6000000000000005,6.1000000000000005
17966,19,14,1,2009,-7.348333333333334,7.45,4.62,6.12
17967,19,15,1,2009,-6.550833333333334,6.2,4.69,5.71
17968,19,16,1,2009,-5.560833333333332,6.0600000000000005,4.5600000000000005,5.5600000000000005
17969,19,17,1,2009,-4.45,6.4,4.75,5.8100000000000005
17970,19,18,1,2009,-3.325833333333333,6.79,5.03,6.16
17971,19,19,1,2009,-2.3866666666666667,6.8,5.05,6.18
17972,19,20,1,2009,-1.4566666666666668,6.98,5.05,6.2700000000000005
17973,19,21,1,2009,-0.7749999999999998,7.45,5.29,6.66
17974,19,22,1,2009,-0.6525,7.9300000000000015,5.28,6.65
17975,19,23,1,2009,-1.3183333333333331,7.9,3.93,5.99
17976,20,0,1,2009,-1.4816666666666665,8.120000000000001,4.96,6.57
17977,20,1,1,2009,-1.4658333333333333,14.69,6.8500000000000005,10.12
17978,20,2,1,2009,-1.8599999999999997,14.78,8.74,12.02
17979,20,3,1,2009,-2.436666666666666,15.97,9.08,12.56
17980,20,4,1,2009,-3.1824999999999997,14.56,8.24,11.32
17981,20,5,1,2009,-4.215,13.6,7.83,10.75
17982,20,6,1,2009,-4.863333333333333,11.42,6.48,8.84
17983,20,7,1,2009,-5.24,14.27,6.44,9.91
17984,20,8,1,2009,-5.641666666666667,14.2,8.41,11.56
17985,20,9,1,2009,-6.438333333333333,13.79,8.65,11.59
17986,20,10,1,2009,-7.138333333333333,11.34,6.84,9.32
17987,20,11,1,2009,-7.800000000000001,11.16,6.59,9.03
17988,20,12,1,2009,-8.297500000000001,11.17,6.4,8.83
17989,20,13,1,2009,-8.612499999999999,11.04,6.6400000000000015,9.05
17990,20,14,1,2009,-8.480833333333333,9.08,5.8100000000000005,7.3900000000000015
17991,20,15,1,2009,-7.677499999999999,7.72,5.49,6.88
17992,20,16,1,2009,-6.740000000000001,5.8,4.34,5.32
17993,20,17,1,2009,-5.735,4.91,3.77,4.54
17994,20,18,1,2009,-4.7508333333333335,4.16,3.16,3.81
17995,20,19,1,2009,-3.936666666666667,3.82,2.95,3.53
17996,20,20,1,2009,-3.193333333333334,3.16,2.4,2.89
17997,20,21,1,2009,-2.709166666666667,2.63,1.95,2.38
17998,20,22,1,2009,-2.9266666666666663,2.62,1.96,2.39
17999,20,23,1,2009,-3.9091666666666676,4.63,2.17,3.91
18000,21,0,1,2009,-4.144166666666666,6.23,3.38,5.82
18001,21,1,1,2009,-4.284166666666668,7.23,3.95,6.6000000000000005
18002,21,2,1,2009,-4.046666666666667,9.41,4.57,7.49
18003,21,3,1,2009,-3.9058333333333337,11.04,5.15,8.15
18004,21,4,1,2009,-3.876666666666667,10.9,5.23,8.26
18005,21,5,1,2009,-3.813333333333334,11.46,5.74,8.81
18006,21,6,1,2009,-3.557499999999999,12.55,6.34,9.44
18007,21,7,1,2009,-3.420833333333333,13.03,6.66,9.86
18008,21,8,1,2009,-3.2975,13.14,6.65,9.82
18009,21,9,1,2009,-3.5466666666666673,13.15,6.45,9.54
18010,21,10,1,2009,-4.098333333333334,11.15,5.79,8.64
18011,21,11,1,2009,-4.303333333333334,11.94,4.97,8.120000000000001
18012,21,12,1,2009,-4.0808333333333335,12.18,4.7700000000000005,8.49
18013,21,13,1,2009,-3.4233333333333333,12.89,5.67,9.24
18014,21,14,1,2009,-2.9250000000000003,12.3,5.58,8.73
18015,21,15,1,2009,-1.850833333333333,9.53,5.29,7.32
18016,21,16,1,2009,-0.5075,5.42,4.1,4.94
18017,21,17,1,2009,0.7808333333333334,5.49,4.32,5.15
18018,21,18,1,2009,2.1266666666666665,5.44,4.22,5.05
18019,21,19,1,2009,3.2300000000000004,4.4,3.39,4.07
18020,21,20,1,2009,4.1525,4.15,3.15,3.82
18021,21,21,1,2009,4.400833333333333,4.18,3.17,3.85
18022,21,22,1,2009,3.2725000000000004,4.42,1.58,3.44
18023,21,23,1,2009,2.02,4.68,2.41,3.91
18024,22,0,1,2009,1.6883333333333335,4.86,2.85,4.47
18025,22,1,1,2009,1.4724999999999995,6.03,3.68,5.68
18026,22,2,1,2009,1.7291666666666667,6.0600000000000005,3.86,5.73
18027,22,3,1,2009,1.3066666666666669,6.19,4.1,6.0200000000000005
18028,22,4,1,2009,1.2633333333333332,7.32,4.62,6.96
18029,22,5,1,2009,0.8466666666666668,8.51,5.03,7.58
18030,22,6,1,2009,0.8666666666666667,9.76,5.59,8.55
18031,22,7,1,2009,0.9883333333333333,10.77,6.1400000000000015,9.3
18032,22,8,1,2009,1.3191666666666668,10.97,6.71,9.86
18033,22,9,1,2009,1.4816666666666667,11.71,6.36,9.42
18034,22,10,1,2009,1.8641666666666665,11.91,6.33,9.45
18035,22,11,1,2009,1.8166666666666664,12.63,6.57,9.79
18036,22,12,1,2009,1.4475,12.39,6.28,9.72
18037,22,13,1,2009,0.3566666666666667,10.97,4.62,8.0
18038,22,14,1,2009,0.5633333333333334,10.79,4.8,7.0
18039,22,15,1,2009,1.3699999999999999,8.96,4.47,6.2700000000000005
18040,22,16,1,2009,3.091666666666667,5.98,3.04,3.49
18041,22,17,1,2009,5.1450000000000005,4.53,3.0500000000000003,3.53
18042,22,18,1,2009,6.722500000000001,3.78,3.13,3.63
18043,22,19,1,2009,7.974166666666666,3.98,3.25,3.8
18044,22,20,1,2009,8.5625,3.5500000000000003,2.89,3.38
18045,22,21,1,2009,8.156666666666665,3.9,2.36,3.15
18046,22,22,1,2009,6.474999999999999,4.15,2.14,4.05
18047,22,23,1,2009,4.819166666666667,4.0600000000000005,2.27,4.05
18048,23,0,1,2009,4.348333333333334,4.12,2.27,3.74
18049,23,1,1,2009,3.9983333333333335,4.0600000000000005,2.52,3.91
18050,23,2,1,2009,3.525,4.8,2.94,4.44
18051,23,3,1,2009,3.045833333333333,6.6000000000000005,3.7,6.11
18052,23,4,1,2009,2.5349999999999997,7.54,4.0600000000000005,6.75
18053,23,5,1,2009,1.7808333333333335,8.67,4.28,7.45
18054,23,6,1,2009,1.4283333333333335,11.38,4.72,8.18
18055,23,7,1,2009,1.1533333333333335,14.02,5.66,9.33
18056,23,8,1,2009,1.0258333333333332,14.11,5.95,9.48
18057,23,9,1,2009,-0.06833333333333333,14.18,6.6000000000000005,9.78
18058,23,10,1,2009,-1.0775000000000001,15.88,8.84,12.07
18059,23,11,1,2009,-2.4,15.31,8.700000000000001,11.8
18060,23,12,1,2009,-3.4375,14.07,8.42,11.1
18061,23,13,1,2009,-4.2775,13.72,8.4,11.07
18062,23,14,1,2009,-4.796666666666667,13.64,9.61,12.0
18063,23,15,1,2009,-4.89,13.72,9.89,12.26
18064,23,16,1,2009,-4.694166666666667,13.17,9.56,11.8
18065,23,17,1,2009,-4.641666666666667,13.23,9.61,11.86
18066,23,18,1,2009,-4.926666666666667,14.15,10.25,12.68
18067,23,19,1,2009,-5.260833333333333,13.79,9.97,12.33
18068,23,20,1,2009,-5.809166666666667,14.72,10.58,13.16
18069,23,21,1,2009,-7.3566666666666665,13.55,9.8,12.12
18070,23,22,1,2009,-8.673333333333334,13.21,9.38,11.71
18071,23,23,1,2009,-8.8875,12.61,8.9,11.13
18072,24,0,1,2009,-8.826666666666664,13.07,9.25,11.56
18073,24,1,1,2009,-9.584999999999999,12.92,9.24,11.51
18074,24,2,1,2009,-10.445,13.45,9.7,12.04
18075,24,3,1,2009,-11.415833333333332,12.22,8.76,10.9
18076,24,4,1,2009,-12.61,13.09,9.4,11.73
18077,24,5,1,2009,-13.743333333333332,12.24,8.72,10.89
18078,24,6,1,2009,-14.509166666666665,10.96,7.85,9.76
18079,24,7,1,2009,-15.112499999999999,9.78,7.03,8.75
18080,24,8,1,2009,-15.579166666666666,8.8,6.36,7.87
18081,24,9,1,2009,-15.982500000000002,8.49,6.1000000000000005,7.56
18082,24,10,1,2009,-16.291666666666668,6.87,4.96,6.13
18083,24,11,1,2009,-16.609999999999996,6.29,4.5200000000000005,5.59
18084,24,12,1,2009,-16.986666666666668,6.04,4.12,5.14
18085,24,13,1,2009,-17.370833333333334,6.5200000000000005,4.2,5.25
18086,24,14,1,2009,-17.293333333333333,6.16,4.28,5.28
18087,24,15,1,2009,-16.764999999999997,5.24,4.03,4.84
18088,24,16,1,2009,-15.855833333333331,4.47,3.5,4.16
18089,24,17,1,2009,-14.780833333333334,3.82,3.0700000000000003,3.6
18090,24,18,1,2009,-13.638333333333335,3.65,2.96,3.45
18091,24,19,1,2009,-12.634166666666665,3.12,2.57,2.97
18092,24,20,1,2009,-11.893333333333336,2.64,2.25,2.56
18093,24,21,1,2009,-11.445,2.16,1.88,2.13
18094,24,22,1,2009,-11.356666666666667,2.3000000000000003,1.87,2.2
18095,24,23,1,2009,-11.528333333333334,3.04,2.19,2.73
18096,25,0,1,2009,-11.760833333333332,3.25,2.24,2.8000000000000003
18097,25,1,1,2009,-11.969166666666666,3.61,2.08,2.85
18098,25,2,1,2009,-11.9425,3.5500000000000003,2.37,2.85
18099,25,3,1,2009,-11.814166666666665,3.53,2.7,3.18
18100,25,4,1,2009,-11.642499999999998,3.85,3.04,3.6
18101,25,5,1,2009,-11.534166666666666,3.67,2.91,3.45
18102,25,6,1,2009,-11.515833333333333,4.3500000000000005,3.3200000000000003,4.01
18103,25,7,1,2009,-11.474166666666667,4.83,3.72,4.47
18104,25,8,1,2009,-11.57,4.79,3.67,4.42
18105,25,9,1,2009,-12.073333333333332,4.45,3.4,4.07
18106,25,10,1,2009,-12.590000000000002,4.33,3.34,3.99
18107,25,11,1,2009,-12.455833333333333,4.42,3.37,4.05
18108,25,12,1,2009,-12.260833333333336,4.33,3.3200000000000003,3.99
18109,25,13,1,2009,-12.240833333333333,4.42,3.4,4.08
18110,25,14,1,2009,-12.2875,4.89,3.8,4.54
18111,25,15,1,2009,-11.98166666666667,4.57,3.6,4.26
18112,25,16,1,2009,-11.315833333333332,4.34,3.45,4.05
18113,25,17,1,2009,-10.547500000000001,3.82,3.06,3.5700000000000003
18114,25,18,1,2009,-9.852500000000001,3.91,3.13,3.65
18115,25,19,1,2009,-9.244166666666667,4.05,3.22,3.77
18116,25,20,1,2009,-8.785000000000002,4.17,3.29,3.87
18117,25,21,1,2009,-8.655000000000001,4.48,3.5,4.14
18118,25,22,1,2009,-8.885,5.01,3.44,4.2700000000000005
18119,25,23,1,2009,-9.315000000000001,5.23,3.13,4.37
18120,26,0,1,2009,-9.260833333333332,4.88,3.61,4.41
18121,26,1,1,2009,-9.492500000000001,5.26,3.98,4.82
18122,26,2,1,2009,-9.810833333333333,5.33,4.03,4.88
18123,26,3,1,2009,-10.022499999999999,4.82,3.63,4.4
18124,26,4,1,2009,-10.166666666666666,4.71,3.54,4.28
18125,26,5,1,2009,-10.655833333333332,4.49,3.21,3.91
18126,26,6,1,2009,-11.2675,4.82,2.24,3.9
18127,26,7,1,2009,-11.4975,5.38,2.73,3.95
18128,26,8,1,2009,-11.459166666666667,5.48,2.89,4.14
18129,26,9,1,2009,-11.90916666666667,6.37,3.21,4.7
18130,26,10,1,2009,-12.286666666666669,6.0600000000000005,3.19,4.44
18131,26,11,1,2009,-12.476666666666667,5.24,2.93,3.98
18132,26,12,1,2009,-12.501666666666665,4.84,3.34,4.0
18133,26,13,1,2009,-12.4475,4.44,3.39,4.0600000000000005
18134,26,14,1,2009,-12.365833333333335,3.85,2.98,3.56
18135,26,15,1,2009,-11.81583333333333,3.74,2.98,3.49
18136,26,16,1,2009,-11.040000000000001,3.53,2.84,3.3000000000000003
18137,26,17,1,2009,-10.264166666666666,3.45,2.79,3.23
18138,26,18,1,2009,-9.528333333333334,3.91,3.16,3.66
18139,26,19,1,2009,-8.954166666666666,3.86,3.11,3.6
18140,26,20,1,2009,-8.496666666666668,4.07,3.2,3.76
18141,26,21,1,2009,-8.286666666666667,4.5200000000000005,3.46,4.13
18142,26,22,1,2009,-8.380833333333333,4.96,3.6,4.37
18143,26,23,1,2009,-8.7875,6.01,3.59,4.89
18144,27,0,1,2009,-9.198333333333332,7.08,4.46,5.8500000000000005
18145,27,1,1,2009,-10.049166666666666,7.03,4.41,5.75
18146,27,2,1,2009,-10.678333333333333,6.82,4.32,5.62
18147,27,3,1,2009,-11.174166666666665,6.3900000000000015,3.9,5.16
18148,27,4,1,2009,-11.752500000000003,6.22,3.74,4.98
18149,27,5,1,2009,-12.439166666666665,6.44,3.56,4.97
18150,27,6,1,2009,-13.145833333333334,6.47,3.44,4.96
18151,27,7,1,2009,-13.575833333333335,6.5,3.68,4.95
18152,27,8,1,2009,-13.584166666666668,5.55,4.0600000000000005,4.79
18153,27,9,1,2009,-13.480000000000002,5.01,3.9,4.65
18154,27,10,1,2009,-13.416666666666666,5.04,3.91,4.68
18155,27,11,1,2009,-13.382499999999999,4.83,3.71,4.45
18156,27,12,1,2009,-13.340833333333334,4.8500000000000005,3.73,4.47
18157,27,13,1,2009,-13.2325,4.63,3.54,4.25
18158,27,14,1,2009,-13.059999999999997,4.45,3.41,4.08
18159,27,15,1,2009,-12.574166666666668,4.34,3.33,3.99
18160,27,16,1,2009,-11.825000000000001,4.07,3.2,3.77
18161,27,17,1,2009,-10.910000000000002,3.76,2.99,3.5
18162,27,18,1,2009,-9.983333333333334,3.63,2.9,3.38
18163,27,19,1,2009,-9.215833333333334,3.44,2.77,3.22
18164,27,20,1,2009,-8.668333333333335,3.63,2.9,3.4
18165,27,21,1,2009,-8.426666666666666,3.74,2.96,3.48
18166,27,22,1,2009,-8.582500000000001,3.58,2.77,3.3000000000000003
18167,27,23,1,2009,-9.726666666666665,4.61,1.84,3.38
18168,28,0,1,2009,-10.705,4.86,1.47,3.96
18169,28,1,1,2009,-11.267499999999998,4.59,1.44,4.15
18170,28,2,1,2009,-11.775833333333336,4.14,1.22,3.67
18171,28,3,1,2009,-12.13833333333333,2.48,0.8200000000000001,1.85
18172,28,4,1,2009,-12.442499999999997,1.28,0.52,1.09
18173,28,5,1,2009,-12.755,2.42,1.65,2.31
18174,28,6,1,2009,-13.179166666666669,3.95,2.3000000000000003,3.63
18175,28,7,1,2009,-13.410000000000002,5.49,3.13,4.93
18176,28,8,1,2009,-13.317499999999997,7.33,3.98,6.29
18177,28,9,1,2009,-13.045833333333334,9.05,4.63,7.21
18178,28,10,1,2009,-12.613333333333335,10.63,5.64,8.24
18179,28,11,1,2009,-12.547500000000001,11.88,6.01,8.71
18180,28,12,1,2009,-12.461666666666666,12.87,6.53,9.35
18181,28,13,1,2009,-12.320833333333335,13.35,7.04,9.84
18182,28,14,1,2009,-11.055,13.17,7.46,10.03
18183,28,15,1,2009,-9.194166666666666,11.58,7.41,9.75
18184,28,16,1,2009,-6.978333333333332,9.28,6.63,7.94
18185,28,17,1,2009,-4.734166666666666,7.95,6.16,7.35
18186,28,18,1,2009,-2.6249999999999996,7.56,5.76,6.91
18187,28,19,1,2009,-0.5908333333333333,8.370000000000001,6.38,7.71
18188,28,20,1,2009,0.8708333333333332,8.32,6.37,7.68
18189,28,21,1,2009,1.6033333333333333,8.98,5.82,7.36
18190,28,22,1,2009,1.0599999999999998,9.1,5.32,7.49
18191,28,23,1,2009,-0.31250000000000006,13.43,5.61,9.31
18192,29,0,1,2009,-0.5058333333333334,14.37,6.67,10.39
18193,29,1,1,2009,-0.8866666666666667,14.04,6.5600000000000005,10.2
18194,29,2,1,2009,-1.7300000000000002,14.82,5.7,9.63
18195,29,3,1,2009,-1.6308333333333334,14.15,5.99,9.99
18196,29,4,1,2009,-1.4324999999999999,14.53,6.3,9.91
18197,29,5,1,2009,-1.1666666666666667,14.92,6.37,10.09
18198,29,6,1,2009,-1.6691666666666671,14.98,6.5600000000000005,10.17
18199,29,7,1,2009,-2.1875,14.01,6.21,9.67
18200,29,8,1,2009,-2.4949999999999997,14.42,6.66,10.14
18201,29,9,1,2009,-2.895,14.55,6.7700000000000005,10.15
18202,29,10,1,2009,-2.9033333333333338,14.61,6.94,10.33
18203,29,11,1,2009,-3.2366666666666664,14.17,6.79,10.14
18204,29,12,1,2009,-3.5725000000000002,13.78,6.55,9.85
18205,29,13,1,2009,-4.158333333333333,13.18,6.05,9.16
18206,29,14,1,2009,-3.233333333333333,12.81,7.8,10.26
18207,29,15,1,2009,-2.1483333333333334,11.0,6.2700000000000005,9.04
18208,29,16,1,2009,-0.8333333333333331,8.99,6.42,7.9300000000000015
18209,29,17,1,2009,0.11499999999999999,9.35,6.62,8.22
18210,29,18,1,2009,0.7599999999999999,9.8,6.98,8.65
18211,29,19,1,2009,1.0633333333333332,9.53,6.78,8.41
18212,29,20,1,2009,1.5425000000000002,9.94,6.9,8.67
18213,29,21,1,2009,1.7066666666666668,10.34,7.09,9.0
18214,29,22,1,2009,0.6858333333333335,9.8,5.78,7.76
18215,29,23,1,2009,-1.1250000000000002,10.97,4.2,7.65
18216,30,0,1,2009,-2.841666666666667,11.08,3.88,7.26
18217,30,1,1,2009,-3.1733333333333325,9.64,4.01,7.28
18218,30,2,1,2009,-3.1325,11.8,4.7700000000000005,8.34
18219,30,3,1,2009,-3.135833333333333,12.93,5.21,9.05
18220,30,4,1,2009,-3.5116666666666667,14.57,5.37,9.1
18221,30,5,1,2009,-3.8358333333333334,14.16,4.95,8.81
18222,30,6,1,2009,-3.7358333333333333,12.72,4.79,8.51
18223,30,7,1,2009,-4.0325,12.28,4.7700000000000005,8.47
18224,30,8,1,2009,-4.482500000000001,12.25,4.83,8.25
18225,30,9,1,2009,-4.8375,11.9,4.8,8.13
18226,30,10,1,2009,-5.090833333333333,11.18,4.95,7.85
18227,30,11,1,2009,-5.0775,11.51,4.97,8.11
18228,30,12,1,2009,-5.005,10.28,4.41,7.31
18229,30,13,1,2009,-5.326666666666667,9.85,4.45,7.36
18230,30,14,1,2009,-4.667500000000001,8.33,4.23,6.21
18231,30,15,1,2009,-2.7908333333333335,7.15,3.73,4.8100000000000005
18232,30,16,1,2009,-0.8875000000000001,4.84,3.58,4.34
18233,30,17,1,2009,0.5075,4.53,3.41,4.1
18234,30,18,1,2009,1.7358333333333336,4.3500000000000005,3.29,3.94
18235,30,19,1,2009,3.029166666666667,6.11,4.28,5.3500000000000005
18236,30,20,1,2009,4.079166666666667,7.13,5.18,6.4
18237,30,21,1,2009,4.5858333333333325,6.58,4.51,5.72
18238,30,22,1,2009,3.561666666666667,6.98,3.3000000000000003,5.23
18239,30,23,1,2009,1.9366666666666668,7.0,2.84,5.59
18240,31,0,1,2009,1.8924999999999998,8.18,3.95,6.83
18241,31,1,1,2009,1.3333333333333333,8.41,3.96,6.88
18242,31,2,1,2009,0.965,7.55,4.0600000000000005,6.6400000000000015
18243,31,3,1,2009,0.44166666666666665,8.27,4.36,7.01
18244,31,4,1,2009,0.595,8.51,4.46,7.38
18245,31,5,1,2009,0.17000000000000004,9.78,5.13,7.73
18246,31,6,1,2009,0.43083333333333335,10.53,5.73,8.35
18247,31,7,1,2009,0.5475,11.15,5.83,8.76
18248,31,8,1,2009,0.9758333333333336,12.22,6.96,10.01
18249,31,9,1,2009,1.0275,14.77,8.09,11.29
18250,31,10,1,2009,0.9733333333333332,15.96,8.58,12.0
18251,31,11,1,2009,1.4749999999999999,16.34,8.75,12.31
18252,31,12,1,2009,1.765,16.43,8.83,12.38
18253,31,13,1,2009,1.1400000000000001,16.68,8.94,12.52
18254,31,14,1,2009,1.8641666666666665,14.84,8.48,11.34
18255,31,15,1,2009,4.445833333333334,14.72,9.01,11.73
18256,31,16,1,2009,6.109999999999999,14.41,8.82,11.47
18257,31,17,1,2009,7.831666666666667,13.92,8.6,10.83
18258,31,18,1,2009,9.581666666666669,12.16,8.15,10.1
18259,31,19,1,2009,11.274166666666668,12.78,7.99,10.68
18260,31,20,1,2009,12.225833333333329,12.65,8.1,10.45
18261,31,21,1,2009,12.078333333333331,13.47,7.32,10.08
18262,31,22,1,2009,10.381666666666668,13.2,6.33,9.73
18263,31,23,1,2009,8.318333333333333,11.24,4.1,8.05
18264,1,0,2,2009,7.3999999999999995,12.45,4.78,9.2
18265,1,1,2,2009,5.967500000000001,12.59,5.51,10.06
18266,1,2,2,2009,5.488333333333333,12.28,5.62,9.68
18267,1,3,2,2009,4.998333333333334,14.62,6.46,10.73
18268,1,4,2,2009,3.518333333333333,13.04,5.91,10.13
18269,1,5,2,2009,2.4375,15.69,5.22,9.64
18270,1,6,2,2009,1.8175,15.26,5.21,9.41
18271,1,7,2,2009,1.5583333333333336,16.080000000000002,6.54,10.6
18272,1,8,2,2009,0.7591666666666664,15.2,6.37,10.23
18273,1,9,2,2009,-0.09416666666666668,14.63,5.95,9.74
18274,1,10,2,2009,-0.8325,14.07,5.87,9.42
18275,1,11,2,2009,-1.4408333333333336,12.66,4.55,7.91
18276,1,12,2,2009,-1.4516666666666669,12.98,5.36,8.620000000000001
18277,1,13,2,2009,-1.2891666666666668,12.9,5.79,8.75
18278,1,14,2,2009,-0.4691666666666667,11.3,5.86,8.2
18279,1,15,2,2009,1.0599999999999998,8.35,5.34,6.46
18280,1,16,2,2009,2.3858333333333333,6.97,5.24,6.34
18281,1,17,2,2009,3.4274999999999998,5.7700000000000005,4.24,5.16
18282,1,18,2,2009,4.504166666666666,6.97,5.0600000000000005,6.21
18283,1,19,2,2009,5.630833333333334,9.17,6.62,8.15
18284,1,20,2,2009,6.164999999999999,9.21,6.67,8.21
18285,1,21,2,2009,5.899166666666667,8.49,6.16,7.58
18286,1,22,2,2009,5.108333333333333,7.66,5.23,6.58
18287,1,23,2,2009,3.5533333333333332,8.64,3.34,7.04
18288,2,0,2,2009,2.6124999999999994,9.63,3.92,7.07
18289,2,1,2,2009,1.7858333333333336,12.77,4.34,8.47
18290,2,2,2,2009,1.2533333333333332,13.34,4.92,8.66
18291,2,3,2,2009,0.5141666666666668,12.72,4.21,7.76
18292,2,4,2,2009,0.33916666666666667,11.0,4.03,7.4
18293,2,5,2,2009,-0.48833333333333334,12.34,4.55,7.61
18294,2,6,2,2009,-0.255,12.36,5.17,8.25
18295,2,7,2,2009,-0.83,11.49,4.64,7.69
18296,2,8,2,2009,-1.2466666666666666,10.72,4.7,7.56
18297,2,9,2,2009,-1.6291666666666667,10.34,4.3500000000000005,7.2
18298,2,10,2,2009,-2.1925,10.29,4.29,6.96
18299,2,11,2,2009,-2.2933333333333334,10.1,4.34,7.28
18300,2,12,2,2009,-2.5774999999999997,10.44,4.0200000000000005,6.98
18301,2,13,2,2009,-2.973333333333333,10.35,4.12,6.65
18302,2,14,2,2009,-1.8033333333333337,9.6,4.7700000000000005,6.5600000000000005
18303,2,15,2,2009,-0.3408333333333335,7.3,5.01,6.08
18304,2,16,2,2009,1.1033333333333335,7.1000000000000005,5.23,6.37
18305,2,17,2,2009,2.3008333333333337,6.91,4.95,6.1000000000000005
18306,2,18,2,2009,3.3325,6.91,4.95,6.11
18307,2,19,2,2009,4.054166666666667,6.98,4.99,6.16
18308,2,20,2,2009,4.5125,7.44,5.22,6.5
18309,2,21,2,2009,4.6466666666666665,8.08,5.55,7.04
18310,2,22,2,2009,3.603333333333333,8.19,4.82,6.42
18311,2,23,2,2009,1.7675,9.26,3.39,6.9
18312,3,0,2,2009,0.6316666666666667,10.09,3.9,8.22
18313,3,1,2,2009,0.18583333333333338,11.08,4.21,7.88
18314,3,2,2,2009,-0.15166666666666664,11.41,4.5200000000000005,8.32
18315,3,3,2,2009,-1.1783333333333335,13.23,6.0600000000000005,9.34
18316,3,4,2,2009,-2.538333333333333,12.23,6.99,9.55
18317,3,5,2,2009,-3.83,12.03,7.26,9.55
18318,3,6,2,2009,-4.714166666666667,9.52,5.74,7.61
18319,3,7,2,2009,-5.867500000000001,10.04,6.54,8.39
18320,3,8,2,2009,-7.210833333333333,12.48,8.47,10.74
18321,3,9,2,2009,-8.155833333333332,12.23,8.35,10.53
18322,3,10,2,2009,-8.745,10.69,7.53,9.47
18323,3,11,2,2009,-9.583333333333332,9.89,6.99,8.74
18324,3,12,2,2009,-10.428333333333333,9.56,6.83,8.51
18325,3,13,2,2009,-11.115,9.61,6.87,8.56
18326,3,14,2,2009,-11.3725,9.06,6.72,8.22
18327,3,15,2,2009,-10.973333333333334,7.79,5.87,7.13
18328,3,16,2,2009,-10.228333333333333,6.5600000000000005,4.99,6.0200000000000005
18329,3,17,2,2009,-9.304999999999998,6.32,4.84,5.8100000000000005
18330,3,18,2,2009,-8.24,5.3500000000000005,4.12,4.92
18331,3,19,2,2009,-7.361666666666667,5.28,4.0600000000000005,4.86
18332,3,20,2,2009,-6.713333333333334,5.19,3.98,4.76
18333,3,21,2,2009,-6.3275,5.09,3.84,4.64
18334,3,22,2,2009,-6.400000000000001,5.21,3.87,4.72
18335,3,23,2,2009,-6.971666666666667,5.16,3.42,4.34
18336,4,0,2,2009,-7.362500000000001,5.15,2.56,3.88
18337,4,1,2,2009,-7.740833333333332,5.84,2.29,4.37
18338,4,2,2,2009,-8.161666666666667,6.07,2.29,4.58
18339,4,3,2,2009,-8.722499999999998,5.34,2.0,4.39
18340,4,4,2,2009,-9.165000000000001,5.7,1.59,4.2
18341,4,5,2,2009,-9.645,5.88,1.4,3.74
18342,4,6,2,2009,-10.078333333333333,5.49,1.06,3.79
18343,4,7,2,2009,-10.396666666666667,5.17,1.33,4.21
18344,4,8,2,2009,-10.790833333333332,5.15,1.7,4.18
18345,4,9,2,2009,-11.195,4.21,1.43,3.86
18346,4,10,2,2009,-11.495833333333332,2.56,0.26,1.73
18347,4,11,2,2009,-11.915000000000001,1.36,0.07,0.48
18348,4,12,2,2009,-12.293333333333331,2.21,0.6,1.46
18349,4,13,2,2009,-12.468333333333334,3.04,1.3,2.2
18350,4,14,2,2009,-11.621666666666664,3.24,2.08,2.44
18351,4,15,2,2009,-9.995,3.5500000000000003,2.9,3.39
18352,4,16,2,2009,-8.416666666666668,3.94,3.12,3.69
18353,4,17,2,2009,-6.7316666666666665,4.0,3.19,3.76
18354,4,18,2,2009,-5.0550000000000015,4.95,3.88,4.61
18355,4,19,2,2009,-3.796666666666667,5.8,4.45,5.3500000000000005
18356,4,20,2,2009,-2.8891666666666667,6.4,4.84,5.86
18357,4,21,2,2009,-2.296666666666667,6.88,5.09,6.25
18358,4,22,2,2009,-2.3441666666666663,7.3,5.3100000000000005,6.5600000000000005
18359,4,23,2,2009,-3.4383333333333326,8.69,3.96,6.18
18360,5,0,2,2009,-3.8258333333333336,10.45,5.16,7.61
18361,5,1,2,2009,-3.744166666666667,11.21,5.62,8.15
18362,5,2,2,2009,-3.8325,11.96,6.12,8.76
18363,5,3,2,2009,-3.9091666666666662,12.85,6.59,9.37
18364,5,4,2,2009,-3.983333333333334,13.28,6.82,9.67
18365,5,5,2,2009,-4.109166666666666,13.61,6.95,9.86
18366,5,6,2,2009,-4.115833333333333,14.17,7.25,10.26
18367,5,7,2,2009,-4.031666666666665,14.49,7.43,10.49
18368,5,8,2,2009,-3.7558333333333334,15.21,8.15,11.34
18369,5,9,2,2009,-3.475833333333334,15.59,8.39,11.66
18370,5,10,2,2009,-3.1791666666666667,15.8,8.55,11.84
18371,5,11,2,2009,-3.0116666666666667,16.27,9.03,12.34
18372,5,12,2,2009,-3.1066666666666674,16.29,9.05,12.36
18373,5,13,2,2009,-2.75,15.73,8.48,11.74
18374,5,14,2,2009,-1.1816666666666664,15.73,9.12,12.04
18375,5,15,2,2009,0.4566666666666666,13.04,7.82,11.05
18376,5,16,2,2009,2.4725000000000006,7.52,5.17,6.3900000000000015
18377,5,17,2,2009,4.8975,6.63,5.0600000000000005,6.08
18378,5,18,2,2009,7.11,6.84,5.22,6.29
18379,5,19,2,2009,8.887500000000001,6.61,5.05,6.08
18380,5,20,2,2009,10.005833333333333,5.79,4.34,5.26
18381,5,21,2,2009,10.065,5.8100000000000005,3.87,4.73
18382,5,22,2,2009,8.434166666666668,7.32,2.98,5.83
18383,5,23,2,2009,6.475833333333334,7.46,3.5500000000000003,6.45
18384,6,0,2,2009,6.255,7.4,3.71,6.75
18385,6,1,2,2009,5.2575,7.67,3.67,7.63
18386,6,2,2,2009,4.757499999999999,9.61,4.14,7.9300000000000015
18387,6,3,2,2009,4.740000000000001,9.85,4.21,8.290000000000001
18388,6,4,2,2009,3.975,10.19,4.46,8.45
18389,6,5,2,2009,3.2725000000000004,12.9,4.13,8.5
18390,6,6,2,2009,4.460833333333333,13.8,5.87,9.69
18391,6,7,2,2009,4.614166666666668,13.94,6.37,10.03
18392,6,8,2,2009,4.950833333333333,14.41,6.93,10.52
18393,6,9,2,2009,4.8133333333333335,14.44,6.99,10.53
18394,6,10,2,2009,4.030833333333333,13.59,6.84,9.77
18395,6,11,2,2009,3.965833333333333,11.83,6.6000000000000005,8.94
18396,6,12,2,2009,4.246666666666666,11.54,6.13,8.58
18397,6,13,2,2009,4.574166666666666,11.41,5.9,8.34
18398,6,14,2,2009,4.717500000000001,11.85,6.36,8.83
18399,6,15,2,2009,5.025833333333334,11.84,6.47,8.84
18400,6,16,2,2009,5.413333333333334,11.27,6.34,8.82
18401,6,17,2,2009,7.312499999999999,11.18,7.0,8.81
18402,6,18,2,2009,11.121666666666664,10.14,7.4,9.09
18403,6,19,2,2009,13.717500000000001,11.02,7.72,9.67
18404,6,20,2,2009,15.8425,12.49,8.71,10.97
18405,6,21,2,2009,16.589166666666667,13.07,8.700000000000001,11.07
18406,6,22,2,2009,15.88416666666667,14.57,8.58,11.29
18407,6,23,2,2009,14.418333333333331,16.02,8.11,11.51
18408,7,0,2,2009,13.640833333333333,16.75,8.25,12.04
18409,7,1,2,2009,12.515833333333331,16.580000000000002,7.47,11.22
18410,7,2,2,2009,12.048333333333334,16.87,7.62,11.41
18411,7,3,2,2009,11.658333333333331,16.94,8.09,12.01
18412,7,4,2,2009,11.406666666666666,16.830000000000002,8.290000000000001,12.2
18413,7,5,2,2009,10.884999999999998,16.76,8.31,11.97
18414,7,6,2,2009,10.491666666666665,17.25,8.28,12.01
18415,7,7,2,2009,9.9875,16.96,8.16,11.87
18416,7,8,2,2009,9.37583333333333,14.94,7.65,11.3
18417,7,9,2,2009,8.416666666666666,12.93,6.8,10.12
18418,7,10,2,2009,7.8616666666666655,12.55,6.0600000000000005,9.7
18419,7,11,2,2009,7.305833333333333,12.14,5.92,9.68
18420,7,12,2,2009,5.1466666666666665,10.73,4.55,7.3900000000000015
18421,7,13,2,2009,4.564166666666666,10.02,4.23,6.82
18422,7,14,2,2009,6.22,8.57,4.49,6.62
18423,7,15,2,2009,8.339166666666667,7.8,4.0,5.63
18424,7,16,2,2009,10.291666666666666,5.19,3.79,4.37
18425,7,17,2,2009,12.364166666666668,4.61,3.7,4.29
18426,7,18,2,2009,13.719166666666666,4.41,3.42,4.05
18427,7,19,2,2009,14.460833333333332,4.94,3.84,4.5600000000000005
18428,7,20,2,2009,14.704166666666667,5.0200000000000005,3.89,4.62
18429,7,21,2,2009,14.588333333333331,4.8,3.67,4.42
18430,7,22,2,2009,13.901666666666669,5.3,3.49,4.23
18431,7,23,2,2009,12.119999999999997,5.73,2.33,4.38
18432,8,0,2,2009,10.994166666666667,6.1000000000000005,1.7,4.23
18433,8,1,2,2009,10.2525,6.95,2.13,5.34
18434,8,2,2,2009,9.558333333333334,12.43,4.4,8.08
18435,8,3,2,2009,8.350833333333334,12.58,5.17,8.53
18436,8,4,2,2009,6.8825,12.25,4.74,7.86
18437,8,5,2,2009,5.549166666666667,11.84,4.09,7.46
18438,8,6,2,2009,4.3933333333333335,11.31,4.68,7.48
18439,8,7,2,2009,3.1575,11.61,4.97,7.79
18440,8,8,2,2009,1.9958333333333336,11.02,4.3100000000000005,7.16
18441,8,9,2,2009,1.0908333333333333,10.1,4.24,6.74
18442,8,10,2,2009,0.26,9.55,4.04,6.5200000000000005
18443,8,11,2,2009,-0.38916666666666666,9.64,3.8,6.59
18444,8,12,2,2009,-0.6974999999999999,9.78,4.14,6.53
18445,8,13,2,2009,-0.7866666666666666,9.28,4.57,6.3900000000000015
18446,8,14,2,2009,-0.44166666666666665,7.99,5.1000000000000005,6.67
18447,8,15,2,2009,0.5299999999999999,6.49,5.2,6.09
18448,8,16,2,2009,2.314166666666667,5.46,4.3500000000000005,5.11
18449,8,17,2,2009,3.841666666666667,6.58,5.23,6.18
18450,8,18,2,2009,5.396666666666667,7.12,5.75,6.7700000000000005
18451,8,19,2,2009,6.353333333333334,5.94,4.78,5.64
18452,8,20,2,2009,6.936666666666667,6.88,5.3,6.34
18453,8,21,2,2009,6.595833333333334,7.87,5.8,7.12
18454,8,22,2,2009,6.715,9.67,5.99,7.87
18455,8,23,2,2009,6.1066666666666665,11.04,6.17,8.15
18456,9,0,2,2009,5.3308333333333335,12.46,6.68,9.31
18457,9,1,2,2009,5.1241666666666665,12.74,7.24,9.74
18458,9,2,2,2009,5.223333333333333,11.6,7.01,9.2
18459,9,3,2,2009,5.536666666666668,11.0,6.25,8.41
18460,9,4,2,2009,5.951666666666667,10.28,5.54,7.67
18461,9,5,2,2009,5.739999999999999,12.03,5.55,7.96
18462,9,6,2,2009,6.010000000000001,12.27,6.68,9.25
18463,9,7,2,2009,7.331666666666667,12.88,6.66,9.39
18464,9,8,2,2009,8.753333333333334,13.81,7.3900000000000015,10.38
18465,9,9,2,2009,10.042499999999999,15.21,8.59,11.87
18466,9,10,2,2009,10.869166666666665,15.26,8.86,12.09
18467,9,11,2,2009,11.443333333333333,16.5,9.83,13.28
18468,9,12,2,2009,11.5075,16.78,10.03,13.51
18469,9,13,2,2009,11.4,17.75,10.87,14.52
18470,9,14,2,2009,11.26,19.0,12.03,15.83
18471,9,15,2,2009,11.598333333333331,19.66,12.96,16.71
18472,9,16,2,2009,11.978333333333333,20.87,13.64,17.740000000000006
18473,9,17,2,2009,13.781666666666665,17.34,11.98,15.2
18474,9,18,2,2009,14.842500000000001,18.42,12.62,15.99
18475,9,19,2,2009,15.355833333333331,19.68,13.49,17.11
18476,9,20,2,2009,15.755833333333335,20.52,13.93,17.77
18477,9,21,2,2009,15.575833333333334,19.59,13.19,16.89
18478,9,22,2,2009,14.612499999999997,18.05,11.47,14.98
18479,9,23,2,2009,13.205833333333333,18.96,10.49,14.55
18480,10,0,2,2009,12.369166666666665,19.21,10.73,14.84
18481,10,1,2,2009,11.824166666666665,19.1,10.32,14.46
18482,10,2,2,2009,11.463333333333333,20.48,11.3,15.66
18483,10,3,2,2009,11.254166666666668,20.4,11.2,15.56
18484,10,4,2,2009,10.804166666666667,20.18,11.14,15.39
18485,10,5,2,2009,10.319166666666666,19.99,10.8,15.07
18486,10,6,2,2009,9.654166666666667,18.71,9.63,13.61
18487,10,7,2,2009,8.644166666666667,17.2,8.28,12.08
18488,10,8,2,2009,7.841666666666666,16.16,7.38,11.0
18489,10,9,2,2009,7.245000000000001,16.240000000000002,7.6400000000000015,11.36
18490,10,10,2,2009,6.311666666666667,15.38,7.25,10.81
18491,10,11,2,2009,5.615833333333335,13.89,6.82,10.04
18492,10,12,2,2009,5.160833333333333,13.43,6.69,9.92
18493,10,13,2,2009,4.4816666666666665,12.34,5.93,9.24
18494,10,14,2,2009,5.730833333333334,10.09,5.66,8.15
18495,10,15,2,2009,7.465833333333333,9.23,5.03,6.7700000000000005
18496,10,16,2,2009,9.497499999999997,6.66,4.43,5.14
18497,10,17,2,2009,11.401666666666666,5.51,4.4,5.17
18498,10,18,2,2009,12.835833333333335,5.0600000000000005,4.03,4.75
18499,10,19,2,2009,13.816666666666668,3.65,2.86,3.37
18500,10,20,2,2009,14.457500000000003,3.7,2.87,3.4
18501,10,21,2,2009,14.689166666666667,3.56,2.74,3.25
18502,10,22,2,2009,14.60416666666667,2.85,1.98,2.45
18503,10,23,2,2009,12.993333333333334,2.34,0.78,1.66
18504,11,0,2,2009,11.514166666666668,3.56,1.09,2.4
18505,11,1,2,2009,10.379166666666668,5.2,1.82,3.65
18506,11,2,2,2009,9.555833333333332,7.84,2.69,5.5600000000000005
18507,11,3,2,2009,8.6575,8.75,2.72,5.99
18508,11,4,2,2009,8.132499999999999,8.870000000000003,3.0700000000000003,6.04
18509,11,5,2,2009,7.399166666666667,9.62,4.4,7.09
18510,11,6,2,2009,6.6691666666666665,13.17,6.5,9.34
18511,11,7,2,2009,5.9925,12.78,6.21,9.09
18512,11,8,2,2009,5.180000000000001,12.2,6.3500000000000005,8.99
18513,11,9,2,2009,4.5275,12.19,6.43,9.01
18514,11,10,2,2009,3.9749999999999996,12.87,7.9,10.44
18515,11,11,2,2009,3.5016666666666665,13.13,8.22,10.81
18516,11,12,2,2009,3.0725000000000002,12.66,8.03,10.51
18517,11,13,2,2009,2.8324999999999996,12.4,8.0,10.4
18518,11,14,2,2009,2.7483333333333335,11.44,7.33,9.56
18519,11,15,2,2009,2.9424999999999994,11.05,7.9300000000000015,9.86
18520,11,16,2,2009,3.9591666666666665,11.85,8.57,10.61
18521,11,17,2,2009,4.776666666666667,11.78,8.52,10.54
18522,11,18,2,2009,5.747500000000001,11.49,8.27,10.24
18523,11,19,2,2009,6.5425,11.45,8.24,10.2
18524,11,20,2,2009,7.193333333333334,11.06,7.92,9.83
18525,11,21,2,2009,7.566666666666666,11.0,7.8,9.72
18526,11,22,2,2009,7.464166666666667,10.46,7.34,9.2
18527,11,23,2,2009,6.219999999999999,9.33,4.64,6.6400000000000015
18528,12,0,2,2009,5.275833333333334,9.78,3.74,6.88
18529,12,1,2,2009,4.533333333333333,9.87,3.68,6.8100000000000005
18530,12,2,2,2009,3.6391666666666675,7.8,3.31,6.1400000000000015
18531,12,3,2,2009,2.8666666666666667,7.18,3.5,5.89
18532,12,4,2,2009,2.6158333333333332,6.0200000000000005,3.61,5.6000000000000005
18533,12,5,2,2009,2.5658333333333334,6.5,4.0,6.1000000000000005
18534,12,6,2,2009,2.7091666666666665,7.98,3.91,6.25
18535,12,7,2,2009,2.4225,7.56,3.29,5.25
18536,12,8,2,2009,2.049166666666667,9.48,3.91,6.63
18537,12,9,2,2009,1.7833333333333332,9.55,4.11,7.11
18538,12,10,2,2009,1.1891666666666667,9.22,4.54,7.29
18539,12,11,2,2009,0.7575,9.07,4.18,7.03
18540,12,12,2,2009,0.8383333333333333,8.75,3.74,6.78
18541,12,13,2,2009,0.6024999999999999,8.91,3.37,6.05
18542,12,14,2,2009,1.5625000000000002,8.22,3.66,5.51
18543,12,15,2,2009,2.6383333333333336,4.87,3.74,4.43
18544,12,16,2,2009,3.864166666666666,4.3500000000000005,3.34,3.96
18545,12,17,2,2009,5.059166666666667,3.38,2.61,3.08
18546,12,18,2,2009,5.97,2.6,2.12,2.42
18547,12,19,2,2009,6.665833333333334,2.53,2.15,2.44
18548,12,20,2,2009,7.1275,2.5500000000000003,2.19,2.48
18549,12,21,2,2009,7.3075,2.52,2.11,2.4
18550,12,22,2,2009,7.1825,2.5500000000000003,1.99,2.37
18551,12,23,2,2009,6.3725,4.0200000000000005,1.71,2.87
18552,13,0,2,2009,5.2925,5.2,2.12,4.5600000000000005
18553,13,1,2,2009,4.5225,4.94,2.11,4.48
18554,13,2,2,2009,3.9991666666666674,5.44,2.07,4.46
18555,13,3,2,2009,3.5575000000000006,6.2,1.64,4.3500000000000005
18556,13,4,2,2009,3.1575,7.25,1.72,4.68
18557,13,5,2,2009,2.9125,7.83,2.73,5.1000000000000005
18558,13,6,2,2009,2.830833333333333,8.32,3.4,5.3500000000000005
18559,13,7,2,2009,2.786666666666667,9.08,4.37,6.2700000000000005
18560,13,8,2,2009,2.6316666666666664,8.82,4.29,6.17
18561,13,9,2,2009,1.6799999999999997,10.37,4.08,6.82
18562,13,10,2,2009,1.5908333333333333,11.35,6.7,8.93
18563,13,11,2,2009,2.1141666666666667,10.61,6.07,8.16
18564,13,12,2,2009,2.1725,10.81,6.09,8.18
18565,13,13,2,2009,1.7591666666666665,9.88,6.0,7.96
18566,13,14,2,2009,-0.25916666666666666,11.09,7.8900000000000015,9.79
18567,13,15,2,2009,-1.1383333333333332,11.19,8.2,10.03
18568,13,16,2,2009,-0.9149999999999999,12.13,8.83,10.84
18569,13,17,2,2009,-0.37333333333333335,11.82,8.6,10.58
18570,13,18,2,2009,-0.44,12.2,8.89,10.95
18571,13,19,2,2009,-0.7566666666666665,12.28,8.86,10.98
18572,13,20,2,2009,-1.0166666666666666,11.84,8.44,10.45
18573,13,21,2,2009,-1.2558333333333331,12.59,8.36,10.59
18574,13,22,2,2009,-1.72,13.32,8.39,10.84
18575,13,23,2,2009,-2.4099999999999997,13.09,8.370000000000001,10.7
18576,14,0,2,2009,-3.045,12.9,8.31,10.76
18577,14,1,2,2009,-3.4316666666666666,10.72,6.69,8.67
18578,14,2,2,2009,-3.7766666666666673,11.0,7.19,9.2
18579,14,3,2,2009,-4.2683333333333335,10.05,6.34,8.290000000000001
18580,14,4,2,2009,-4.9325,9.26,4.21,6.8500000000000005
18581,14,5,2,2009,-5.173333333333335,8.98,4.0600000000000005,6.54
18582,14,6,2,2009,-5.5075,11.67,4.8500000000000005,7.94
18583,14,7,2,2009,-5.760833333333333,11.7,4.88,7.99
18584,14,8,2,2009,-6.385000000000001,10.75,4.3100000000000005,7.37
18585,14,9,2,2009,-6.679166666666666,10.78,4.5600000000000005,7.53
18586,14,10,2,2009,-6.986666666666667,10.74,4.61,7.53
18587,14,11,2,2009,-7.415833333333334,10.18,4.38,7.31
18588,14,12,2,2009,-7.654166666666666,9.22,3.75,6.92
18589,14,13,2,2009,-7.504166666666666,8.42,4.13,6.65
18590,14,14,2,2009,-6.784166666666667,7.6,4.0200000000000005,5.67
18591,14,15,2,2009,-5.496666666666666,5.64,4.16,5.04
18592,14,16,2,2009,-4.364999999999999,5.21,3.99,4.7700000000000005
18593,14,17,2,2009,-3.445833333333334,4.67,3.67,4.33
18594,14,18,2,2009,-2.438333333333333,4.21,3.3000000000000003,3.9
18595,14,19,2,2009,-1.5883333333333336,4.2700000000000005,3.35,3.96
18596,14,20,2,2009,-1.0908333333333335,4.48,3.5,4.15
18597,14,21,2,2009,-0.8883333333333333,4.89,3.72,4.49
18598,14,22,2,2009,-1.1941666666666666,5.7,3.89,4.75
18599,14,23,2,2009,-2.3491666666666666,6.65,3.41,5.92
18600,15,0,2,2009,-3.0216666666666665,7.61,3.69,6.46
18601,15,1,2,2009,-3.4158333333333335,8.290000000000001,3.65,6.59
18602,15,2,2,2009,-3.7925000000000004,8.8,3.5700000000000003,6.59
18603,15,3,2,2009,-3.957500000000001,9.24,2.84,5.99
18604,15,4,2,2009,-3.375833333333334,8.82,3.67,5.73
18605,15,5,2,2009,-2.9725,7.8900000000000015,3.71,5.48
18606,15,6,2,2009,-3.0825,7.6400000000000015,3.52,5.22
18607,15,7,2,2009,-3.313333333333334,7.35,3.43,5.05
18608,15,8,2,2009,-3.5941666666666667,6.91,3.18,4.76
18609,15,9,2,2009,-3.75,6.73,3.1,4.64
18610,15,10,2,2009,-3.7658333333333327,5.95,3.09,4.23
18611,15,11,2,2009,-3.7891666666666666,5.67,3.11,4.33
18612,15,12,2,2009,-4.211666666666667,6.3100000000000005,3.08,5.11
18613,15,13,2,2009,-4.695,6.9,3.66,5.51
18614,15,14,2,2009,-4.1499999999999995,6.12,3.89,4.83
18615,15,15,2,2009,-3.4466666666666668,4.71,3.69,4.39
18616,15,16,2,2009,-2.74,4.11,3.28,3.85
18617,15,17,2,2009,-1.9816666666666665,3.72,2.97,3.48
18618,15,18,2,2009,-1.2833333333333334,3.51,2.81,3.29
18619,15,19,2,2009,-0.705,3.12,2.51,2.92
18620,15,20,2,2009,-0.2916666666666667,3.0,2.4,2.8000000000000003
18621,15,21,2,2009,-0.17999999999999997,2.67,2.15,2.51
18622,15,22,2,2009,-0.5366666666666667,3.25,1.96,2.94
18623,15,23,2,2009,-2.2816666666666663,3.67,1.78,3.38
18624,16,0,2,2009,-3.5725000000000002,3.63,1.2,3.27
18625,16,1,2,2009,-3.906666666666666,3.91,1.07,2.6
18626,16,2,2,2009,-4.046666666666666,4.04,1.3,2.75
18627,16,3,2,2009,-4.319166666666667,4.91,1.86,3.8
18628,16,4,2,2009,-4.429166666666668,5.23,2.24,4.57
18629,16,5,2,2009,-4.416666666666667,5.98,3.11,5.62
18630,16,6,2,2009,-4.285,7.68,3.62,6.38
18631,16,7,2,2009,-4.425833333333333,8.53,3.95,6.8100000000000005
18632,16,8,2,2009,-4.490000000000001,9.66,4.37,7.22
18633,16,9,2,2009,-4.644166666666667,10.07,4.64,7.46
18634,16,10,2,2009,-4.903333333333335,10.44,4.82,7.54
18635,16,11,2,2009,-5.091666666666667,11.04,5.05,7.82
18636,16,12,2,2009,-5.175833333333334,11.29,5.17,7.95
18637,16,13,2,2009,-5.158333333333334,11.38,5.78,8.02
18638,16,14,2,2009,-3.9591666666666665,10.49,6.13,8.08
18639,16,15,2,2009,-2.450833333333333,7.91,5.28,6.3500000000000005
18640,16,16,2,2009,-0.8016666666666666,7.63,5.71,6.94
18641,16,17,2,2009,0.61,8.15,5.95,7.28
18642,16,18,2,2009,1.885,9.08,6.5200000000000005,8.06
18643,16,19,2,2009,3.0399999999999996,9.63,6.83,8.5
18644,16,20,2,2009,3.7216666666666662,10.25,7.27,9.07
18645,16,21,2,2009,4.112500000000001,10.2,7.13,8.950000000000003
18646,16,22,2,2009,3.5375,11.72,5.67,8.22
18647,16,23,2,2009,1.8508333333333333,13.49,5.38,9.15
18648,17,0,2,2009,0.9375,14.26,5.51,9.24
18649,17,1,2,2009,0.7891666666666666,15.15,6.68,10.34
18650,17,2,2,2009,0.9508333333333333,15.85,7.56,11.12
18651,17,3,2,2009,1.1208333333333333,16.39,8.290000000000001,11.86
18652,17,4,2,2009,1.0825,16.85,8.6,12.19
18653,17,5,2,2009,1.2575,17.02,8.67,12.3
18654,17,6,2,2009,1.2074999999999998,17.19,9.02,12.6
18655,17,7,2,2009,1.3133333333333335,17.26,9.1,12.68
18656,17,8,2,2009,1.2391666666666665,16.5,8.89,12.32
18657,17,9,2,2009,1.261666666666667,16.62,8.950000000000003,12.39
18658,17,10,2,2009,1.035,15.93,8.24,11.58
18659,17,11,2,2009,0.8475000000000001,15.23,7.9,11.1
18660,17,12,2,2009,0.6633333333333333,15.37,8.040000000000001,11.26
18661,17,13,2,2009,1.1316666666666668,16.02,9.22,12.4
18662,17,14,2,2009,3.414166666666667,16.06,9.82,12.75
18663,17,15,2,2009,4.754166666666667,15.0,9.6,12.43
18664,17,16,2,2009,6.220833333333332,10.79,7.31,9.14
18665,17,17,2,2009,8.070000000000002,10.38,7.36,9.13
18666,17,18,2,2009,9.784166666666668,10.47,7.35,9.17
18667,17,19,2,2009,11.1575,10.9,7.61,9.55
18668,17,20,2,2009,12.110833333333334,10.71,7.43,9.35
18669,17,21,2,2009,12.574166666666668,9.73,5.87,7.85
18670,17,22,2,2009,12.206666666666665,11.31,5.3100000000000005,8.72
18671,17,23,2,2009,10.913333333333334,11.81,5.3,8.82
18672,18,0,2,2009,10.054166666666667,13.29,5.14,9.17
18673,18,1,2,2009,9.339166666666666,12.57,5.0200000000000005,8.98
18674,18,2,2,2009,7.401666666666667,11.49,4.0,8.32
18675,18,3,2,2009,5.817499999999999,9.68,4.7700000000000005,7.32
18676,18,4,2,2009,3.785833333333333,10.33,6.48,8.39
18677,18,5,2,2009,2.8441666666666667,10.31,6.51,8.46
18678,18,6,2,2009,2.2816666666666667,10.67,6.3,8.43
18679,18,7,2,2009,2.058333333333333,11.63,6.92,9.28
18680,18,8,2,2009,2.3275,11.62,7.34,9.56
18681,18,9,2,2009,2.1975,12.56,6.95,9.62
18682,18,10,2,2009,1.8633333333333335,12.72,7.54,10.05
18683,18,11,2,2009,0.585,14.17,7.69,10.73
18684,18,12,2,2009,-0.805,14.39,8.39,11.35
18685,18,13,2,2009,-1.6483333333333328,13.65,8.3,10.92
18686,18,14,2,2009,-1.4533333333333331,12.71,8.76,10.92
18687,18,15,2,2009,-0.9683333333333334,12.51,8.97,11.15
18688,18,16,2,2009,-0.555,12.72,9.13,11.35
18689,18,17,2,2009,-0.18166666666666667,12.98,9.29,11.56
18690,18,18,2,2009,0.1991666666666667,13.03,9.25,11.53
18691,18,19,2,2009,0.55,13.14,9.34,11.61
18692,18,20,2,2009,0.7133333333333333,12.96,9.12,11.4
18693,18,21,2,2009,0.6033333333333334,13.02,9.16,11.46
18694,18,22,2,2009,0.09750000000000002,13.12,9.11,11.53
18695,18,23,2,2009,-1.0766666666666664,12.07,7.79,10.14
18696,19,0,2,2009,-2.0741666666666663,14.5,8.32,11.42
18697,19,1,2,2009,-3.055,14.88,8.56,11.73
18698,19,2,2,2009,-3.7383333333333337,11.91,6.15,8.73
18699,19,3,2,2009,-4.4275,11.47,6.05,8.48
18700,19,4,2,2009,-5.0633333333333335,11.77,6.5600000000000005,8.99
18701,19,5,2,2009,-5.555,11.67,7.28,9.59
18702,19,6,2,2009,-5.903333333333333,11.54,7.25,9.52
18703,19,7,2,2009,-6.153333333333333,10.83,6.49,8.56
18704,19,8,2,2009,-6.4175,10.5,6.5,8.51
18705,19,9,2,2009,-6.726666666666669,10.81,6.16,8.370000000000001
18706,19,10,2,2009,-7.147500000000002,11.27,6.48,9.04
18707,19,11,2,2009,-7.488333333333334,10.68,6.38,8.49
18708,19,12,2,2009,-7.775833333333334,9.69,5.84,7.74
18709,19,13,2,2009,-7.9624999999999995,8.85,5.45,6.96
18710,19,14,2,2009,-7.619166666666666,8.03,5.53,6.93
18711,19,15,2,2009,-6.915,7.1400000000000015,5.2,6.3900000000000015
18712,19,16,2,2009,-5.974166666666668,5.75,4.29,5.2
18713,19,17,2,2009,-4.895833333333333,5.11,3.87,4.64
18714,19,18,2,2009,-3.774166666666666,4.74,3.59,4.3
18715,19,19,2,2009,-2.6791666666666667,4.17,3.16,3.78
18716,19,20,2,2009,-1.7658333333333334,3.6,2.72,3.25
18717,19,21,2,2009,-1.0675000000000001,3.52,2.6,3.14
18718,19,22,2,2009,-0.7075000000000001,3.43,2.47,3.01
18719,19,23,2,2009,-1.4516666666666664,2.67,1.07,2.07
18720,20,0,2,2009,-2.2383333333333333,2.43,0.97,1.38
18721,20,1,2,2009,-2.3266666666666667,2.83,1.72,2.6
18722,20,2,2,2009,-2.24,4.0600000000000005,2.35,3.67
18723,20,3,2,2009,-2.1175,6.0,3.49,5.43
18724,20,4,2,2009,-1.8133333333333332,6.44,4.01,6.24
18725,20,5,2,2009,-1.6075,6.57,4.05,6.38
18726,20,6,2,2009,-1.5691666666666666,6.99,4.25,6.6400000000000015
18727,20,7,2,2009,-1.3591666666666666,6.99,4.2,6.49
18728,20,8,2,2009,-1.6258333333333335,7.77,4.42,6.84
18729,20,9,2,2009,-1.990833333333333,7.75,4.33,6.75
18730,20,10,2,2009,-1.9041666666666666,6.65,3.64,5.8
18731,20,11,2,2009,-1.8866666666666667,5.01,3.16,4.68
18732,20,12,2,2009,-2.2275,4.04,2.99,4.1
18733,20,13,2,2009,-1.6675000000000002,2.41,2.44,3.0700000000000003
18734,20,14,2,2009,-0.435,1.91,1.62,1.51
18735,20,15,2,2009,1.5274999999999999,2.66,2.24,2.5500000000000003
18736,20,16,2,2009,3.224166666666667,3.22,2.5500000000000003,2.99
18737,20,17,2,2009,5.240833333333334,4.28,3.24,3.86
18738,20,18,2,2009,7.258333333333334,4.98,3.75,4.5
18739,20,19,2,2009,8.3725,4.75,3.63,4.34
18740,20,20,2,2009,9.535000000000002,4.28,3.19,3.84
18741,20,21,2,2009,10.138333333333334,5.24,3.68,4.59
18742,20,22,2,2009,9.130833333333333,5.0200000000000005,1.66,3.3200000000000003
18743,20,23,2,2009,7.224166666666666,4.61,2.72,4.71
18744,21,0,2,2009,6.2625,6.13,2.09,3.85
18745,21,1,2,2009,4.3116666666666665,14.61,7.21,10.75
18746,21,2,2,2009,3.265,17.7,11.07,14.47
18747,21,3,2,2009,1.5474999999999997,17.86,11.41,14.8
18748,21,4,2,2009,0.8475000000000001,16.04,10.03,13.13
18749,21,5,2,2009,-0.455,17.47,11.03,14.4
18750,21,6,2,2009,-2.4616666666666664,16.79,10.74,13.97
18751,21,7,2,2009,-3.7600000000000002,16.18,10.41,13.46
18752,21,8,2,2009,-4.930833333333333,16.22,10.26,13.42
18753,21,9,2,2009,-5.536666666666666,13.98,8.77,11.49
18754,21,10,2,2009,-5.845,13.6,8.74,11.35
18755,21,11,2,2009,-6.160833333333334,13.82,8.6,11.52
18756,21,12,2,2009,-6.364166666666666,14.15,9.47,12.08
18757,21,13,2,2009,-6.603333333333333,13.57,9.36,11.82
18758,21,14,2,2009,-6.416666666666667,14.03,9.77,12.3
18759,21,15,2,2009,-5.906666666666666,12.91,9.27,11.52
18760,21,16,2,2009,-5.360833333333333,11.99,8.620000000000001,10.72
18761,21,17,2,2009,-4.510833333333333,11.3,8.11,10.07
18762,21,18,2,2009,-3.6541666666666663,10.96,7.88,9.74
18763,21,19,2,2009,-2.895,10.79,7.69,9.55
18764,21,20,2,2009,-2.2791666666666663,11.33,8.0,9.99
18765,21,21,2,2009,-2.0241666666666664,11.51,8.15,10.16
18766,21,22,2,2009,-2.0258333333333334,11.01,7.78,9.72
18767,21,23,2,2009,-2.605833333333333,10.44,6.95,8.91
18768,22,0,2,2009,-3.1266666666666665,10.12,4.7700000000000005,7.23
18769,22,1,2,2009,-3.153333333333333,10.64,5.33,7.86
18770,22,2,2,2009,-3.2116666666666664,10.03,5.0200000000000005,7.48
18771,22,3,2,2009,-3.498333333333333,9.03,4.23,6.61
18772,22,4,2,2009,-3.830833333333334,8.370000000000001,3.85,6.1000000000000005
18773,22,5,2,2009,-4.060833333333333,8.35,3.79,6.04
18774,22,6,2,2009,-4.473333333333333,7.5,3.6,5.62
18775,22,7,2,2009,-4.849166666666667,8.41,3.85,6.0600000000000005
18776,22,8,2,2009,-5.254166666666666,8.32,3.84,6.0200000000000005
18777,22,9,2,2009,-5.753333333333333,7.16,3.13,5.17
18778,22,10,2,2009,-6.0775,8.0,3.7,5.79
18779,22,11,2,2009,-6.462500000000001,7.88,3.9,6.0600000000000005
18780,22,12,2,2009,-6.813333333333333,7.56,3.5,5.67
18781,22,13,2,2009,-6.995833333333334,6.45,3.22,5.23
18782,22,14,2,2009,-6.444166666666668,4.79,3.4,4.14
18783,22,15,2,2009,-5.7633333333333345,4.0,3.09,3.68
18784,22,16,2,2009,-4.774166666666668,3.97,3.12,3.69
18785,22,17,2,2009,-3.7475,3.39,2.68,3.16
18786,22,18,2,2009,-2.641666666666667,3.13,2.49,2.91
18787,22,19,2,2009,-1.7166666666666668,2.54,2.06,2.39
18788,22,20,2,2009,-0.9766666666666667,2.43,1.97,2.29
18789,22,21,2,2009,-0.5991666666666667,2.14,1.8,2.06
18790,22,22,2,2009,-0.7183333333333333,2.73,2.18,2.6
18791,22,23,2,2009,-1.6991666666666667,3.15,2.15,3.02
18792,23,0,2,2009,-2.86,4.89,1.37,3.8
18793,23,1,2,2009,-3.7658333333333336,5.08,1.24,3.89
18794,23,2,2,2009,-3.973333333333333,5.11,1.09,3.67
18795,23,3,2,2009,-4.149166666666667,6.19,1.43,4.38
18796,23,4,2,2009,-4.4191666666666665,6.1000000000000005,1.47,4.25
18797,23,5,2,2009,-4.504166666666667,6.63,1.9,4.62
18798,23,6,2,2009,-4.683333333333334,7.53,2.66,4.91
18799,23,7,2,2009,-4.8500000000000005,8.34,3.45,5.47
18800,23,8,2,2009,-5.108333333333333,8.42,3.56,5.55
18801,23,9,2,2009,-5.619166666666668,8.47,3.61,5.3500000000000005
18802,23,10,2,2009,-6.112500000000001,8.36,3.84,5.48
18803,23,11,2,2009,-6.485833333333333,8.41,4.01,5.69
18804,23,12,2,2009,-6.765833333333334,8.82,4.3,6.1000000000000005
18805,23,13,2,2009,-6.719166666666666,8.870000000000003,5.21,7.08
18806,23,14,2,2009,-5.746666666666667,8.11,5.03,6.09
18807,23,15,2,2009,-4.019166666666667,6.69,5.21,6.21
18808,23,16,2,2009,-2.075833333333333,6.8900000000000015,5.29,6.34
18809,23,17,2,2009,-0.1625,7.41,5.64,6.78
18810,23,18,2,2009,1.5883333333333332,7.79,5.86,7.07
18811,23,19,2,2009,2.955,8.120000000000001,6.05,7.34
18812,23,20,2,2009,3.9950000000000006,8.85,6.5,7.96
18813,23,21,2,2009,4.3758333333333335,9.08,6.6400000000000015,8.15
18814,23,22,2,2009,4.0616666666666665,9.35,6.5,8.040000000000001
18815,23,23,2,2009,2.2275000000000005,11.53,4.67,7.92
18816,24,0,2,2009,0.7600000000000001,12.8,5.0600000000000005,8.42
18817,24,1,2,2009,0.3533333333333333,12.76,5.17,8.47
18818,24,2,2,2009,0.023333333333333334,13.0,5.18,8.35
18819,24,3,2,2009,-0.1225,13.16,5.5200000000000005,8.6
18820,24,4,2,2009,-0.3991666666666667,13.9,5.92,9.1
18821,24,5,2,2009,-0.022500000000000003,15.09,7.49,10.72
18822,24,6,2,2009,0.46166666666666667,14.77,7.44,10.63
18823,24,7,2,2009,0.8458333333333333,14.22,6.9,10.01
18824,24,8,2,2009,0.8675000000000002,13.86,6.72,9.81
18825,24,9,2,2009,1.0183333333333333,13.83,7.12,9.94
18826,24,10,2,2009,1.5908333333333333,13.41,7.2,9.95
18827,24,11,2,2009,1.4625000000000001,12.16,6.45,9.02
18828,24,12,2,2009,1.3099999999999998,12.61,6.73,9.41
18829,24,13,2,2009,1.16,12.74,7.16,9.52
18830,24,14,2,2009,2.305,11.8,7.1000000000000005,9.44
18831,24,15,2,2009,4.0616666666666665,8.950000000000003,6.29,7.71
18832,24,16,2,2009,6.013333333333333,8.040000000000001,6.0,7.31
18833,24,17,2,2009,7.721666666666668,7.84,5.8500000000000005,7.12
18834,24,18,2,2009,9.043333333333335,7.48,5.57,6.78
18835,24,19,2,2009,10.348333333333334,7.83,5.7700000000000005,7.0600000000000005
18836,24,20,2,2009,11.411666666666667,8.06,5.91,7.23
18837,24,21,2,2009,12.049166666666665,8.17,5.92,7.32
18838,24,22,2,2009,12.022499999999999,8.14,5.82,7.25
18839,24,23,2,2009,10.378333333333334,8.99,3.83,6.6400000000000015
18840,25,0,2,2009,8.886666666666667,12.4,5.2700000000000005,8.66
18841,25,1,2,2009,8.013333333333334,14.44,6.8500000000000005,10.21
18842,25,2,2,2009,7.005,14.85,7.12,10.41
18843,25,3,2,2009,6.226666666666667,15.05,7.2,10.54
18844,25,4,2,2009,5.805,15.32,7.95,11.21
18845,25,5,2,2009,5.553333333333334,15.3,7.95,11.21
18846,25,6,2,2009,5.114166666666667,15.0,7.61,10.8
18847,25,7,2,2009,4.908333333333333,15.52,8.22,11.44
18848,25,8,2,2009,5.3933333333333335,16.45,9.32,12.71
18849,25,9,2,2009,5.2875000000000005,16.57,9.77,13.14
18850,25,10,2,2009,6.000833333333333,17.11,10.25,13.61
18851,25,11,2,2009,6.679166666666668,16.86,9.7,13.05
18852,25,12,2,2009,6.4766666666666675,14.73,7.6400000000000015,10.94
18853,25,13,2,2009,7.0683333333333325,12.99,7.15,9.87
18854,25,14,2,2009,8.730833333333335,10.89,5.83,8.040000000000001
18855,25,15,2,2009,10.168333333333333,6.5600000000000005,4.75,5.79
18856,25,16,2,2009,11.125,4.86,3.89,4.58
18857,25,17,2,2009,11.575833333333335,4.92,3.95,4.65
18858,25,18,2,2009,12.679166666666667,4.43,3.52,4.14
18859,25,19,2,2009,13.374166666666667,4.38,3.48,4.08
18860,25,20,2,2009,14.0775,4.7,3.71,4.38
18861,25,21,2,2009,14.214999999999998,4.61,3.65,4.32
18862,25,22,2,2009,13.924999999999999,4.75,3.5500000000000003,4.2
18863,25,23,2,2009,12.751666666666667,7.17,3.11,5.84
18864,26,0,2,2009,11.151666666666666,8.28,3.98,6.98
18865,26,1,2,2009,9.6925,9.46,3.64,6.82
18866,26,2,2,2009,8.44416666666667,10.62,3.13,6.8100000000000005
18867,26,3,2,2009,7.4875,12.25,2.77,6.8500000000000005
18868,26,4,2,2009,6.665833333333333,12.32,3.0500000000000003,6.8500000000000005
18869,26,5,2,2009,5.841666666666666,11.83,3.33,6.71
18870,26,6,2,2009,5.2700000000000005,11.84,3.86,6.98
18871,26,7,2,2009,4.688333333333334,11.33,3.85,6.94
18872,26,8,2,2009,4.4225,11.56,5.67,7.79
18873,26,9,2,2009,5.0575,10.18,5.37,7.41
18874,26,10,2,2009,5.381666666666667,10.37,5.5200000000000005,7.78
18875,26,11,2,2009,5.483333333333334,9.68,5.59,7.48
18876,26,12,2,2009,5.814999999999999,9.78,5.74,7.59
18877,26,13,2,2009,5.940833333333334,9.26,5.58,7.36
18878,26,14,2,2009,6.385833333333334,8.18,5.19,6.67
18879,26,15,2,2009,7.264999999999998,7.04,3.65,5.17
18880,26,16,2,2009,7.865833333333332,4.79,1.59,2.71
18881,26,17,2,2009,8.275833333333333,3.44,1.07,1.76
18882,26,18,2,2009,8.990833333333333,3.63,1.74,2.41
18883,26,19,2,2009,8.21,8.870000000000003,5.29,6.8500000000000005
18884,26,20,2,2009,6.472500000000001,10.48,7.26,9.1
18885,26,21,2,2009,4.7091666666666665,13.18,9.19,11.55
18886,26,22,2,2009,2.7616666666666663,13.44,9.38,11.77
18887,26,23,2,2009,1.4208333333333334,13.98,8.91,11.6
18888,27,0,2,2009,-0.26416666666666666,13.86,8.84,11.47
18889,27,1,2,2009,-1.0116666666666667,14.12,8.66,11.41
18890,27,2,2,2009,-2.2308333333333334,15.09,9.92,12.74
18891,27,3,2,2009,-4.205,14.18,9.6,12.18
18892,27,4,2,2009,-5.798333333333333,13.3,9.13,11.53
18893,27,5,2,2009,-6.683333333333333,12.74,8.94,11.19
18894,27,6,2,2009,-6.982500000000001,12.07,8.47,10.61
18895,27,7,2,2009,-7.485833333333333,11.49,8.1,10.14
18896,27,8,2,2009,-7.839166666666666,11.27,8.01,9.97
18897,27,9,2,2009,-8.375833333333334,11.29,8.11,10.05
18898,27,10,2,2009,-8.808333333333332,9.77,7.05,8.73
18899,27,11,2,2009,-9.161666666666667,9.44,6.87,8.48
18900,27,12,2,2009,-9.445833333333333,9.0,6.6000000000000005,8.120000000000001
18901,27,13,2,2009,-9.618333333333334,8.15,6.1000000000000005,7.43
18902,27,14,2,2009,-9.255833333333333,8.84,6.67,8.1
18903,27,15,2,2009,-8.4425,9.03,6.79,8.25
18904,27,16,2,2009,-7.440833333333333,8.31,6.4,7.68
18905,27,17,2,2009,-6.172499999999999,8.01,6.13,7.37
18906,27,18,2,2009,-4.895833333333334,6.8100000000000005,5.26,6.29
18907,27,19,2,2009,-3.8675,6.45,5.0,5.97
18908,27,20,2,2009,-3.0299999999999994,7.54,5.68,6.9
18909,27,21,2,2009,-2.4525,7.9300000000000015,5.88,7.21
18910,27,22,2,2009,-2.5108333333333333,7.98,5.93,7.26
18911,27,23,2,2009,-2.6808333333333336,8.99,6.53,8.1
18912,28,0,2,2009,-2.8008333333333333,9.2,6.26,7.9
18913,28,1,2,2009,-3.466666666666667,8.74,6.41,7.9
18914,28,2,2,2009,-4.7725,9.07,6.5,8.09
18915,28,3,2,2009,-5.334166666666667,8.5,6.24,7.7
18916,28,4,2,2009,-5.7683333333333335,8.42,6.01,7.44
18917,28,5,2,2009,-6.209166666666667,8.5,5.98,7.45
18918,28,6,2,2009,-6.651666666666666,8.57,6.0,7.5
18919,28,7,2,2009,-6.9191666666666665,8.23,5.66,7.08
18920,28,8,2,2009,-7.535833333333334,9.47,6.38,8.03
18921,28,9,2,2009,-8.156666666666668,9.14,6.3,7.91
18922,28,10,2,2009,-8.805833333333334,9.21,6.34,7.96
18923,28,11,2,2009,-9.369166666666667,10.3,7.0600000000000005,8.91
18924,28,12,2,2009,-9.771666666666667,11.15,7.51,9.54
18925,28,13,2,2009,-10.0325,10.88,7.16,9.14
18926,28,14,2,2009,-10.165833333333333,10.8,7.61,9.51
18927,28,15,2,2009,-10.175833333333332,11.22,8.15,10.14
18928,28,16,2,2009,-9.843333333333334,10.74,7.83,9.71
18929,28,17,2,2009,-9.054166666666665,10.55,7.68,9.53
18930,28,18,2,2009,-8.04,10.58,7.75,9.58
18931,28,19,2,2009,-7.586666666666666,10.66,7.82,9.67
18932,28,20,2,2009,-7.386666666666667,10.48,7.67,9.49
18933,28,21,2,2009,-6.947500000000001,9.95,7.2,8.950000000000003
18934,28,22,2,2009,-6.988333333333333,9.83,7.07,8.82
18935,28,23,2,2009,-7.779166666666669,9.52,5.65,7.36
18936,1,0,3,2009,-8.422500000000001,10.27,4.88,7.84
18937,1,1,3,2009,-9.061666666666667,10.66,5.05,8.01
18938,1,2,3,2009,-9.489166666666666,11.29,4.79,7.94
18939,1,3,3,2009,-9.7825,11.6,4.62,7.97
18940,1,4,3,2009,-9.709166666666667,12.29,5.69,8.700000000000001
18941,1,5,3,2009,-9.796666666666667,12.09,5.42,8.47
18942,1,6,3,2009,-10.294166666666667,11.76,5.08,8.120000000000001
18943,1,7,3,2009,-10.258333333333335,12.2,5.82,8.73
18944,1,8,3,2009,-10.473333333333333,12.41,6.09,9.0
18945,1,9,3,2009,-10.969166666666666,12.04,5.97,8.790000000000001
18946,1,10,3,2009,-11.654166666666669,11.59,5.58,8.39
18947,1,11,3,2009,-11.9825,11.63,5.57,8.35
18948,1,12,3,2009,-12.373333333333333,11.21,5.11,7.94
18949,1,13,3,2009,-12.097500000000002,10.72,5.46,7.55
18950,1,14,3,2009,-10.914166666666667,8.59,5.8500000000000005,7.2
18951,1,15,3,2009,-9.983333333333334,7.9300000000000015,5.88,7.21
18952,1,16,3,2009,-8.879999999999999,6.74,5.0600000000000005,6.13
18953,1,17,3,2009,-7.73,6.47,4.91,5.92
18954,1,18,3,2009,-6.726666666666667,5.66,4.33,5.19
18955,1,19,3,2009,-5.871666666666667,4.64,3.58,4.25
18956,1,20,3,2009,-5.150833333333334,4.0200000000000005,3.11,3.69
18957,1,21,3,2009,-4.6925,3.84,2.99,3.56
18958,1,22,3,2009,-4.659166666666667,4.11,3.19,3.84
18959,1,23,3,2009,-5.765833333333334,3.92,2.32,3.31
18960,2,0,3,2009,-7.5966666666666685,4.18,1.22,2.82
18961,2,1,3,2009,-8.036666666666667,3.46,0.63,1.91
18962,2,2,3,2009,-8.411666666666667,2.95,0.39,1.45
18963,2,3,3,2009,-8.874166666666666,3.79,0.89,2.18
18964,2,4,3,2009,-9.370833333333332,4.26,1.16,2.62
18965,2,5,3,2009,-9.863333333333335,4.67,1.46,3.11
18966,2,6,3,2009,-10.599999999999998,6.49,1.68,4.15
18967,2,7,3,2009,-11.1,7.3900000000000015,2.23,5.3
18968,2,8,3,2009,-10.899999999999999,7.33,3.13,5.9
18969,2,9,3,2009,-10.818333333333335,7.42,3.15,6.0600000000000005
18970,2,10,3,2009,-11.036666666666667,8.08,3.12,6.3500000000000005
18971,2,11,3,2009,-11.283333333333331,8.55,3.14,6.47
18972,2,12,3,2009,-11.493333333333334,10.3,3.23,6.5200000000000005
18973,2,13,3,2009,-10.569999999999999,10.21,4.58,6.41
18974,2,14,3,2009,-9.08,7.69,4.39,5.5
18975,2,15,3,2009,-7.047499999999999,5.9,4.49,5.39
18976,2,16,3,2009,-5.2924999999999995,6.12,4.67,5.61
18977,2,17,3,2009,-4.014166666666667,6.25,4.8100000000000005,5.75
18978,2,18,3,2009,-3.151666666666667,6.36,4.9,5.86
18979,2,19,3,2009,-2.4025,6.9,5.28,6.34
18980,2,20,3,2009,-1.8383333333333336,7.1000000000000005,5.3500000000000005,6.48
18981,2,21,3,2009,-1.5316666666666665,7.57,5.63,6.88
18982,2,22,3,2009,-1.7033333333333334,7.78,5.75,7.0600000000000005
18983,2,23,3,2009,-2.9500000000000006,9.51,4.78,6.96
18984,3,0,3,2009,-4.805000000000001,11.26,4.43,7.62
18985,3,1,3,2009,-5.8308333333333335,11.29,4.43,7.58
18986,3,2,3,2009,-6.47,11.31,4.2700000000000005,7.18
18987,3,3,3,2009,-6.490833333333335,11.67,4.6000000000000005,7.38
18988,3,4,3,2009,-6.4925,11.95,4.66,7.54
18989,3,5,3,2009,-6.581666666666667,12.26,4.76,7.6400000000000015
18990,3,6,3,2009,-6.888333333333333,12.46,4.76,7.66
18991,3,7,3,2009,-7.194166666666668,12.53,4.84,7.71
18992,3,8,3,2009,-7.291666666666667,12.39,5.37,8.09
18993,3,9,3,2009,-6.553333333333332,12.4,6.66,8.99
18994,3,10,3,2009,-6.195833333333333,11.86,6.61,8.97
18995,3,11,3,2009,-6.363333333333333,11.58,5.92,8.32
18996,3,12,3,2009,-6.075833333333333,10.91,5.93,8.1
18997,3,13,3,2009,-5.6325,10.54,6.07,8.08
18998,3,14,3,2009,-4.435,10.46,6.8100000000000005,8.35
18999,3,15,3,2009,-3.0349999999999997,9.26,6.7,8.19
19000,3,16,3,2009,-1.5208333333333333,8.69,6.55,7.9300000000000015
19001,3,17,3,2009,-0.0491666666666667,9.21,6.8100000000000005,8.3
19002,3,18,3,2009,1.3374999999999997,10.06,7.37,9.04
19003,3,19,3,2009,2.536666666666666,10.41,7.54,9.3
19004,3,20,3,2009,3.4941666666666666,10.73,7.74,9.57
19005,3,21,3,2009,4.101666666666667,10.82,7.71,9.6
19006,3,22,3,2009,4.0058333333333325,10.58,6.38,8.290000000000001
19007,3,23,3,2009,2.2375000000000003,13.09,5.1000000000000005,8.46
19008,4,0,3,2009,0.7766666666666667,13.87,5.19,8.89
19009,4,1,3,2009,0.04833333333333331,14.87,5.71,9.39
19010,4,2,3,2009,-0.13000000000000003,15.2,6.8500000000000005,10.38
19011,4,3,3,2009,-0.2175,15.21,7.57,10.96
19012,4,4,3,2009,-0.47666666666666674,14.58,7.26,10.47
19013,4,5,3,2009,-0.2758333333333333,15.2,7.76,11.07
19014,4,6,3,2009,0.057499999999999996,15.4,7.72,11.08
19015,4,7,3,2009,-0.23249999999999996,14.86,7.12,10.44
19016,4,8,3,2009,-0.3666666666666667,14.38,6.76,10.02
19017,4,9,3,2009,-0.6050000000000001,13.87,6.3,9.46
19018,4,10,3,2009,-0.6650000000000001,13.46,6.11,9.23
19019,4,11,3,2009,-0.7491666666666665,13.22,5.94,9.02
19020,4,12,3,2009,-0.8975,13.14,5.99,9.01
19021,4,13,3,2009,-0.3458333333333332,13.12,6.66,9.0
19022,4,14,3,2009,1.5808333333333333,10.79,6.33,8.45
19023,4,15,3,2009,3.414166666666667,7.57,5.13,6.19
19024,4,16,3,2009,5.273333333333333,6.75,5.08,6.13
19025,4,17,3,2009,7.038333333333334,6.95,5.29,6.36
19026,4,18,3,2009,8.671666666666667,7.68,5.79,7.0200000000000005
19027,4,19,3,2009,10.179166666666665,8.86,6.49,7.96
19028,4,20,3,2009,11.405833333333332,9.39,6.76,8.39
19029,4,21,3,2009,12.049166666666666,9.25,6.6000000000000005,8.21
19030,4,22,3,2009,10.834166666666667,10.61,5.5,7.68
19031,4,23,3,2009,8.434166666666666,12.16,4.53,8.17
19032,5,0,3,2009,7.281666666666666,13.73,5.79,9.37
19033,5,1,3,2009,6.739166666666667,13.64,5.8,9.34
19034,5,2,3,2009,6.343333333333333,14.63,6.5,9.96
19035,5,3,3,2009,7.8066666666666675,17.26,9.36,13.04
19036,5,4,3,2009,8.228333333333333,17.57,9.51,13.14
19037,5,5,3,2009,8.643333333333334,17.54,10.21,13.55
19038,5,6,3,2009,9.9,16.35,9.71,12.93
19039,5,7,3,2009,10.623333333333333,16.35,9.74,12.97
19040,5,8,3,2009,10.798333333333332,15.68,9.3,12.38
19041,5,9,3,2009,10.930833333333332,16.06,9.59,12.68
19042,5,10,3,2009,11.1775,16.4,9.91,13.04
19043,5,11,3,2009,11.291666666666666,16.15,9.76,12.88
19044,5,12,3,2009,11.029166666666669,15.89,9.45,12.52
19045,5,13,3,2009,10.806666666666667,15.32,9.58,12.49
19046,5,14,3,2009,12.338333333333331,15.04,9.56,12.36
19047,5,15,3,2009,14.344999999999999,12.98,8.14,10.35
19048,5,16,3,2009,16.550833333333333,10.94,7.9,9.63
19049,5,17,3,2009,18.4,9.96,7.53,9.1
19050,5,18,3,2009,20.0925,9.26,6.97,8.45
19051,5,19,3,2009,21.359166666666667,9.08,6.61,8.13
19052,5,20,3,2009,22.105,9.98,7.07,8.84
19053,5,21,3,2009,22.3575,10.05,7.13,8.89
19054,5,22,3,2009,21.83666666666667,9.47,5.05,6.9
19055,5,23,3,2009,20.19333333333333,10.51,4.34,8.36
19056,6,0,3,2009,18.7975,11.62,4.97,8.790000000000001
19057,6,1,3,2009,17.699166666666667,12.78,5.51,9.93
19058,6,2,3,2009,15.733333333333333,11.91,5.25,9.38
19059,6,3,3,2009,13.824166666666668,11.13,3.7,7.78
19060,6,4,3,2009,13.386666666666665,11.55,4.61,8.44
19061,6,5,3,2009,12.919999999999996,13.71,5.94,9.96
19062,6,6,3,2009,12.040000000000001,13.57,5.7700000000000005,9.66
19063,6,7,3,2009,10.243333333333334,14.4,6.1400000000000015,9.86
19064,6,8,3,2009,9.655,15.72,6.87,10.86
19065,6,9,3,2009,8.544166666666667,15.08,6.3500000000000005,10.2
19066,6,10,3,2009,7.588333333333334,15.07,5.79,9.79
19067,6,11,3,2009,6.536666666666666,13.64,5.2,9.09
19068,6,12,3,2009,5.283333333333334,12.16,4.63,8.370000000000001
19069,6,13,3,2009,5.201666666666667,9.56,3.7,6.88
19070,6,14,3,2009,6.191666666666667,7.17,3.38,5.0
19071,6,15,3,2009,7.566666666666667,4.75,2.98,3.41
19072,6,16,3,2009,9.224166666666665,3.15,2.58,2.97
19073,6,17,3,2009,10.941666666666668,3.39,2.84,3.26
19074,6,18,3,2009,12.550833333333335,2.91,2.36,2.72
19075,6,19,3,2009,13.89583333333333,3.18,2.58,2.98
19076,6,20,3,2009,14.725,3.77,3.03,3.53
19077,6,21,3,2009,15.070833333333331,4.29,3.38,3.98
19078,6,22,3,2009,15.040833333333333,4.86,3.7,4.46
19079,6,23,3,2009,14.025833333333336,6.58,3.26,5.3500000000000005
19080,7,0,3,2009,11.940833333333332,8.45,3.26,6.34
19081,7,1,3,2009,10.3,10.42,2.93,6.01
19082,7,2,3,2009,9.528333333333334,10.95,3.28,6.22
19083,7,3,3,2009,8.643333333333333,10.9,3.49,6.3100000000000005
19084,7,4,3,2009,7.824166666666667,11.29,3.5500000000000003,6.7
19085,7,5,3,2009,7.601666666666667,13.13,9.56,12.01
19086,7,6,3,2009,8.231666666666667,10.08,6.61,8.540000000000001
19087,7,7,3,2009,7.7633333333333345,11.27,5.08,7.82
19088,7,8,3,2009,7.663333333333333,11.34,6.94,9.64
19089,7,9,3,2009,7.045000000000001,6.97,3.99,5.24
19090,7,10,3,2009,7.054166666666667,7.97,4.5200000000000005,5.97
19091,7,11,3,2009,6.807500000000001,7.25,4.93,6.21
19092,7,12,3,2009,6.560833333333334,9.56,6.5600000000000005,8.22
19093,7,13,3,2009,6.446666666666666,8.49,5.69,7.25
19094,7,14,3,2009,6.19,11.1,7.65,9.76
19095,7,15,3,2009,6.309166666666667,6.67,4.82,5.82
19096,7,16,3,2009,6.28,6.63,5.22,6.23
19097,7,17,3,2009,6.399166666666666,7.76,6.12,7.29
19098,7,18,3,2009,7.214166666666665,7.4,5.8,6.9
19099,7,19,3,2009,7.670833333333334,6.88,5.37,6.42
19100,7,20,3,2009,7.4125000000000005,7.55,5.73,6.95
19101,7,21,3,2009,7.085833333333333,7.88,5.91,7.18
19102,7,22,3,2009,6.690833333333333,8.82,6.55,8.01
19103,7,23,3,2009,6.202500000000001,9.6,6.5200000000000005,8.26
19104,8,0,3,2009,5.857499999999999,10.58,6.74,8.88
19105,8,1,3,2009,5.690000000000001,9.08,5.62,7.49
19106,8,2,3,2009,5.385833333333334,9.51,6.37,8.28
19107,8,3,3,2009,4.738333333333334,8.57,5.5200000000000005,7.11
19108,8,4,3,2009,4.414166666666667,8.66,5.5600000000000005,7.1400000000000015
19109,8,5,3,2009,4.363333333333332,8.2,5.16,6.7
19110,8,6,3,2009,4.3325000000000005,11.34,7.75,9.78
19111,8,7,3,2009,4.29,5.63,3.82,5.15
19112,8,8,3,2009,4.361666666666667,5.14,3.17,4.53
19113,8,9,3,2009,4.233333333333333,4.95,3.16,3.96
19114,8,10,3,2009,3.9,7.08,4.37,5.55
19115,8,11,3,2009,3.640833333333333,8.040000000000001,5.2,6.62
19116,8,12,3,2009,3.3591666666666664,9.38,5.9,7.61
19117,8,13,3,2009,3.0925,10.6,6.92,8.78
19118,8,14,3,2009,2.786666666666667,10.15,6.8900000000000015,8.71
19119,8,15,3,2009,2.1724999999999994,9.39,6.8100000000000005,8.39
19120,8,16,3,2009,1.8999999999999997,9.74,7.03,8.67
19121,8,17,3,2009,2.615833333333334,9.49,6.9,8.48
19122,8,18,3,2009,4.483333333333333,9.24,6.69,8.22
19123,8,19,3,2009,6.218333333333334,8.76,6.36,7.8
19124,8,20,3,2009,7.3708333333333345,8.18,5.95,7.28
19125,8,21,3,2009,8.068333333333335,6.88,5.05,6.15
19126,8,22,3,2009,8.2525,5.49,4.08,4.94
19127,8,23,3,2009,7.534166666666665,3.83,2.9,3.51
19128,9,0,3,2009,5.6308333333333325,3.97,2.17,4.3500000000000005
19129,9,1,3,2009,4.2299999999999995,3.97,2.37,4.76
19130,9,2,3,2009,3.2133333333333334,4.33,2.72,5.04
19131,9,3,3,2009,2.7125000000000004,4.92,2.93,5.26
19132,9,4,3,2009,2.2783333333333338,5.92,3.21,5.89
19133,9,5,3,2009,1.9933333333333332,6.28,3.37,6.2
19134,9,6,3,2009,1.7175,8.39,3.91,6.82
19135,9,7,3,2009,1.18,9.69,3.99,6.95
19136,9,8,3,2009,1.015,10.92,4.5600000000000005,7.26
19137,9,9,3,2009,0.6825,11.05,4.72,7.26
19138,9,10,3,2009,0.43,10.91,5.15,7.49
19139,9,11,3,2009,0.4050000000000001,11.0,5.61,7.91
19140,9,12,3,2009,0.9333333333333332,12.12,6.8500000000000005,9.23
19141,9,13,3,2009,2.046666666666667,12.3,7.79,10.06
19142,9,14,3,2009,3.2525,11.83,6.83,9.57
19143,9,15,3,2009,4.788333333333333,9.6,7.07,8.53
19144,9,16,3,2009,7.036666666666669,9.78,7.33,8.85
19145,9,17,3,2009,9.152500000000002,9.89,7.44,8.99
19146,9,18,3,2009,10.956666666666669,10.08,7.52,9.08
19147,9,19,3,2009,12.515,9.6,7.12,8.68
19148,9,20,3,2009,13.475833333333334,9.58,6.98,8.55
19149,9,21,3,2009,13.589999999999998,6.0200000000000005,4.54,5.49
19150,9,22,3,2009,12.605000000000002,7.6400000000000015,4.57,6.18
19151,9,23,3,2009,11.595833333333333,8.6,4.7700000000000005,6.7
19152,10,0,3,2009,10.245833333333332,8.46,4.29,6.37
19153,10,1,3,2009,9.851666666666665,6.96,4.0600000000000005,5.41
19154,10,2,3,2009,9.315000000000001,8.63,6.09,7.43
19155,10,3,3,2009,9.320833333333333,9.14,7.03,8.64
19156,10,4,3,2009,9.615833333333333,9.49,6.69,8.49
19157,10,5,3,2009,9.97,8.24,4.58,6.17
19158,10,6,3,2009,10.104999999999999,8.15,4.3,5.86
19159,10,7,3,2009,8.885,5.53,4.61,5.69
19160,10,8,3,2009,7.8741666666666665,5.41,3.63,4.73
19161,10,9,3,2009,7.2525,6.07,4.01,4.97
19162,10,10,3,2009,6.521666666666667,7.25,4.58,5.75
19163,10,11,3,2009,6.231666666666666,8.03,5.49,6.87
19164,10,12,3,2009,5.327500000000001,8.77,6.1000000000000005,7.6
19165,10,13,3,2009,4.525000000000001,9.11,6.4,7.98
19166,10,14,3,2009,2.9925,9.49,6.86,8.44
19167,10,15,3,2009,2.1441666666666666,9.44,6.92,8.49
19168,10,16,3,2009,1.5308333333333335,9.2,6.7700000000000005,8.28
19169,10,17,3,2009,1.17,9.78,7.19,8.77
19170,10,18,3,2009,0.9058333333333333,9.49,6.84,8.41
19171,10,19,3,2009,0.17833333333333334,10.86,7.87,9.68
19172,10,20,3,2009,-0.9466666666666667,11.54,8.26,10.22
19173,10,21,3,2009,-1.6975,12.07,8.64,10.69
19174,10,22,3,2009,-2.0075000000000003,11.99,8.41,10.5
19175,10,23,3,2009,-1.1266666666666667,10.79,7.54,9.4
19176,11,0,3,2009,-0.8550000000000001,11.33,5.38,7.82
19177,11,1,3,2009,-1.3641666666666667,11.24,6.18,8.49
19178,11,2,3,2009,-2.2333333333333334,12.8,7.09,9.64
19179,11,3,3,2009,-2.89,12.82,7.42,9.91
19180,11,4,3,2009,-3.4525000000000006,13.62,8.05,10.66
19181,11,5,3,2009,-4.058333333333333,12.64,7.9300000000000015,10.33
19182,11,6,3,2009,-4.883333333333334,11.87,7.71,9.91
19183,11,7,3,2009,-5.791666666666667,13.13,8.77,11.15
19184,11,8,3,2009,-6.760833333333333,11.97,8.25,10.36
19185,11,9,3,2009,-7.2425,11.64,8.09,10.12
19186,11,10,3,2009,-7.595,10.8,7.66,9.53
19187,11,11,3,2009,-7.934166666666667,10.04,7.11,8.83
19188,11,12,3,2009,-8.128333333333334,8.56,6.18,7.61
19189,11,13,3,2009,-8.153333333333332,6.18,4.51,5.51
19190,11,14,3,2009,-7.998333333333334,7.23,5.4,6.55
19191,11,15,3,2009,-7.463333333333334,7.82,5.87,7.1000000000000005
19192,11,16,3,2009,-6.645833333333333,7.43,5.5600000000000005,6.72
19193,11,17,3,2009,-5.617500000000001,6.42,4.93,5.89
19194,11,18,3,2009,-4.780833333333334,6.54,4.99,5.98
19195,11,19,3,2009,-4.02,6.16,4.7,5.62
19196,11,20,3,2009,-3.395,5.2700000000000005,4.05,4.8100000000000005
19197,11,21,3,2009,-3.099166666666667,5.32,4.15,4.92
19198,11,22,3,2009,-3.1316666666666664,5.04,3.94,4.68
19199,11,23,3,2009,-3.648333333333333,5.98,3.84,4.94
19200,12,0,3,2009,-4.655,6.44,3.42,5.2700000000000005
19201,12,1,3,2009,-5.1016666666666675,7.66,4.0200000000000005,5.8100000000000005
19202,12,2,3,2009,-5.5125,7.94,4.42,6.1000000000000005
19203,12,3,3,2009,-5.910000000000001,7.8900000000000015,4.57,6.15
19204,12,4,3,2009,-6.164999999999999,7.5,4.48,5.95
19205,12,5,3,2009,-6.3549999999999995,7.34,4.14,5.62
19206,12,6,3,2009,-6.490833333333335,6.86,3.93,5.17
19207,12,7,3,2009,-6.5425,6.19,3.91,4.92
19208,12,8,3,2009,-6.6308333333333325,6.01,3.92,4.93
19209,12,9,3,2009,-6.804166666666666,6.2700000000000005,3.92,4.97
19210,12,10,3,2009,-6.966666666666668,6.43,3.89,5.0
19211,12,11,3,2009,-7.175833333333334,6.71,3.9,5.28
19212,12,12,3,2009,-7.414166666666666,6.86,4.55,5.69
19213,12,13,3,2009,-7.4225,6.69,5.08,6.15
19214,12,14,3,2009,-6.961666666666667,6.44,4.97,5.96
19215,12,15,3,2009,-5.977500000000002,5.7700000000000005,4.53,5.37
19216,12,16,3,2009,-4.531666666666666,5.53,4.34,5.14
19217,12,17,3,2009,-3.108333333333334,5.3500000000000005,4.21,4.97
19218,12,18,3,2009,-1.6466666666666665,5.08,3.99,4.71
19219,12,19,3,2009,-0.40333333333333327,5.14,4.01,4.74
19220,12,20,3,2009,0.6450000000000001,5.37,4.1,4.91
19221,12,21,3,2009,1.2033333333333334,5.49,4.17,5.01
19222,12,22,3,2009,1.3441666666666665,5.8,4.23,5.23
19223,12,23,3,2009,0.5825000000000001,7.1400000000000015,4.28,5.7
19224,13,0,3,2009,-1.3233333333333333,8.18,3.08,5.95
19225,13,1,3,2009,-2.3258333333333336,9.17,2.99,6.07
19226,13,2,3,2009,-2.0174999999999996,9.07,3.52,5.65
19227,13,3,3,2009,-1.6916666666666667,7.52,3.8,5.13
19228,13,4,3,2009,-1.8516666666666672,6.8100000000000005,3.81,5.12
19229,13,5,3,2009,-1.9525,6.2700000000000005,3.33,4.54
19230,13,6,3,2009,-1.8250000000000002,6.07,3.41,4.54
19231,13,7,3,2009,-1.8250000000000002,6.01,3.27,4.6000000000000005
19232,13,8,3,2009,-2.106666666666667,5.15,2.7,3.77
19233,13,9,3,2009,-2.1158333333333332,4.49,2.18,3.11
19234,13,10,3,2009,-2.124166666666667,3.59,1.87,2.54
19235,13,11,3,2009,-2.1525,3.45,1.75,2.39
19236,13,12,3,2009,-2.1774999999999998,3.16,1.67,2.22
19237,13,13,3,2009,-2.073333333333333,2.51,2.11,2.36
19238,13,14,3,2009,-1.1341666666666668,2.37,2.1,2.36
19239,13,15,3,2009,0.3025,2.19,1.93,2.18
19240,13,16,3,2009,1.7458333333333333,1.99,1.66,1.9
19241,13,17,3,2009,2.97,1.29,1.11,1.25
19242,13,18,3,2009,3.953333333333333,1.14,1.07,1.16
19243,13,19,3,2009,4.7283333333333335,1.04,1.08,1.13
19244,13,20,3,2009,5.376666666666668,1.06,1.06,1.12
19245,13,21,3,2009,5.846666666666668,1.15,1.17,1.24
19246,13,22,3,2009,6.010000000000001,1.81,1.58,1.79
19247,13,23,3,2009,5.654166666666666,2.56,1.83,2.37
19248,14,0,3,2009,4.373333333333334,3.04,1.36,2.61
19249,14,1,3,2009,3.4058333333333333,4.34,0.98,2.59
19250,14,2,3,2009,2.525,4.13,1.01,2.69
19251,14,3,3,2009,2.236666666666667,3.95,1.5,2.92
19252,14,4,3,2009,2.1341666666666668,3.79,1.54,2.86
19253,14,5,3,2009,1.8575,3.72,1.51,2.81
19254,14,6,3,2009,1.5458333333333334,4.49,2.16,4.11
19255,14,7,3,2009,1.4399999999999997,4.88,2.91,4.88
19256,14,8,3,2009,1.3416666666666668,5.21,2.99,5.0600000000000005
19257,14,9,3,2009,1.2366666666666666,5.68,3.23,5.37
19258,14,10,3,2009,1.1250000000000002,5.69,3.08,5.29
19259,14,11,3,2009,0.9575,5.99,3.17,5.38
19260,14,12,3,2009,0.7283333333333334,5.96,3.01,5.29
19261,14,13,3,2009,1.4491666666666667,5.8100000000000005,3.15,5.15
19262,14,14,3,2009,3.153333333333333,5.4,2.63,3.0500000000000003
19263,14,15,3,2009,4.996666666666666,3.56,2.71,3.24
19264,14,16,3,2009,6.326666666666667,3.52,2.75,3.26
19265,14,17,3,2009,7.4875,3.53,2.7,3.23
19266,14,18,3,2009,8.4975,3.63,2.77,3.31
19267,14,19,3,2009,9.405833333333334,3.78,2.91,3.47
19268,14,20,3,2009,10.120833333333335,3.86,2.95,3.53
19269,14,21,3,2009,10.61,3.7,2.81,3.37
19270,14,22,3,2009,10.71,4.38,3.21,3.97
19271,14,23,3,2009,9.99,5.94,3.23,4.98
19272,15,0,3,2009,8.430833333333332,7.0600000000000005,3.43,6.33
19273,15,1,3,2009,7.408333333333334,7.9,3.54,6.8900000000000015
19274,15,2,3,2009,6.491666666666666,8.78,3.8,7.17
19275,15,3,3,2009,5.947500000000001,8.93,4.21,7.77
19276,15,4,3,2009,5.514166666666667,9.53,4.48,8.16
19277,15,5,3,2009,4.931666666666667,10.57,4.76,8.65
19278,15,6,3,2009,4.615833333333334,10.73,4.98,8.74
19279,15,7,3,2009,4.250000000000001,10.54,4.89,8.72
19280,15,8,3,2009,4.015833333333334,10.31,4.96,8.69
19281,15,9,3,2009,3.926666666666667,9.96,4.82,8.57
19282,15,10,3,2009,3.688333333333333,9.01,4.5,8.0
19283,15,11,3,2009,3.2708333333333335,8.47,4.36,7.73
19284,15,12,3,2009,3.221666666666667,8.24,4.3500000000000005,7.51
19285,15,13,3,2009,4.175833333333333,8.25,4.32,7.32
19286,15,14,3,2009,6.25,7.79,3.88,5.63
19287,15,15,3,2009,8.770833333333334,6.7700000000000005,4.2,5.05
19288,15,16,3,2009,10.774166666666668,5.76,4.24,5.18
19289,15,17,3,2009,11.734166666666667,5.28,4.03,4.83
19290,15,18,3,2009,12.648333333333333,5.79,4.39,5.29
19291,15,19,3,2009,13.320833333333333,6.26,4.72,5.7
19292,15,20,3,2009,13.90916666666667,6.16,4.61,5.58
19293,15,21,3,2009,14.311666666666666,5.97,4.38,5.36
19294,15,22,3,2009,14.565,6.2,4.42,5.51
19295,15,23,3,2009,13.909166666666666,5.76,4.0200000000000005,5.0600000000000005
19296,16,0,3,2009,12.229999999999999,8.47,3.47,6.47
19297,16,1,3,2009,11.132500000000002,9.01,3.75,6.84
19298,16,2,3,2009,10.4725,10.48,4.46,7.94
19299,16,3,3,2009,9.898333333333335,11.82,5.15,8.57
19300,16,4,3,2009,9.455,12.42,5.6000000000000005,8.94
19301,16,5,3,2009,9.2625,14.26,5.95,9.67
19302,16,6,3,2009,9.213333333333333,14.84,6.2700000000000005,10.05
19303,16,7,3,2009,8.296666666666669,13.86,5.82,9.44
19304,16,8,3,2009,7.765,12.74,5.66,9.08
19305,16,9,3,2009,7.464166666666665,12.35,5.54,8.77
19306,16,10,3,2009,7.234999999999999,11.96,5.61,8.73
19307,16,11,3,2009,7.228333333333335,12.42,5.8500000000000005,9.0
19308,16,12,3,2009,7.214999999999999,13.37,6.34,9.55
19309,16,13,3,2009,8.348333333333334,13.32,6.92,9.53
19310,16,14,3,2009,10.474166666666667,11.15,6.3,8.55
19311,16,15,3,2009,12.555,8.75,6.47,7.79
19312,16,16,3,2009,14.71583333333333,8.540000000000001,6.51,7.86
19313,16,17,3,2009,16.69333333333333,8.0,5.99,7.26
19314,16,18,3,2009,18.208333333333336,8.08,5.95,7.26
19315,16,19,3,2009,19.428333333333335,8.61,6.2700000000000005,7.7
19316,16,20,3,2009,20.3175,8.88,6.37,7.8900000000000015
19317,16,21,3,2009,21.02916666666667,9.03,6.38,7.95
19318,16,22,3,2009,21.009166666666662,8.99,6.3100000000000005,7.91
19319,16,23,3,2009,19.703333333333337,11.13,5.16,8.33
19320,17,0,3,2009,17.820000000000004,13.61,6.42,9.97
19321,17,1,3,2009,16.62666666666666,15.11,7.57,11.14
19322,17,2,3,2009,15.350000000000001,16.09,7.99,11.62
19323,17,3,3,2009,14.75416666666667,16.61,8.34,12.05
19324,17,4,3,2009,14.35,16.96,8.49,12.3
19325,17,5,3,2009,14.020833333333334,16.92,8.47,12.29
19326,17,6,3,2009,13.380833333333333,16.73,8.19,11.97
19327,17,7,3,2009,12.944166666666668,16.57,7.92,11.74
19328,17,8,3,2009,12.478333333333337,16.46,7.62,11.46
19329,17,9,3,2009,11.922500000000001,16.25,7.86,11.57
19330,17,10,3,2009,11.513333333333334,16.31,8.14,11.78
19331,17,11,3,2009,11.218333333333335,16.63,8.53,12.21
19332,17,12,3,2009,11.075000000000001,16.88,8.78,12.42
19333,17,13,3,2009,11.849166666666667,16.41,9.41,12.37
19334,17,14,3,2009,13.591666666666669,14.25,8.59,11.65
19335,17,15,3,2009,15.465000000000002,11.25,7.86,9.62
19336,17,16,3,2009,17.333333333333332,7.3900000000000015,5.4,6.61
19337,17,17,3,2009,18.777500000000003,5.62,4.14,5.03
19338,17,18,3,2009,20.123333333333335,5.9,4.42,5.33
19339,17,19,3,2009,21.36,5.53,4.17,4.99
19340,17,20,3,2009,22.492500000000003,5.5600000000000005,4.25,5.09
19341,17,21,3,2009,23.147500000000004,4.65,3.47,4.19
19342,17,22,3,2009,23.265833333333333,4.32,3.19,3.87
19343,17,23,3,2009,22.424166666666668,3.3200000000000003,2.27,2.9
19344,18,0,3,2009,20.2825,4.21,2.06,3.89
19345,18,1,3,2009,18.613333333333333,9.51,3.35,6.98
19346,18,2,3,2009,15.9225,12.05,4.08,7.95
19347,18,3,3,2009,14.015833333333333,11.43,4.0,7.44
19348,18,4,3,2009,12.926666666666664,11.69,4.3100000000000005,7.77
19349,18,5,3,2009,11.875833333333333,10.95,4.26,7.62
19350,18,6,3,2009,10.933333333333335,11.16,4.5,7.1400000000000015
19351,18,7,3,2009,10.116666666666667,11.0,4.83,7.36
19352,18,8,3,2009,9.206666666666667,10.79,4.75,7.28
19353,18,9,3,2009,8.388333333333334,10.91,4.45,7.2
19354,18,10,3,2009,7.642499999999999,10.18,4.69,7.21
19355,18,11,3,2009,6.8725,10.39,4.37,6.84
19356,18,12,3,2009,6.275833333333334,10.33,5.14,7.54
19357,18,13,3,2009,6.655,10.46,5.41,7.31
19358,18,14,3,2009,7.8,8.69,6.53,7.91
19359,18,15,3,2009,9.399999999999999,8.09,6.15,7.41
19360,18,16,3,2009,10.713333333333331,9.17,6.91,8.370000000000001
19361,18,17,3,2009,11.15,9.72,7.34,8.88
19362,18,18,3,2009,10.0225,12.23,9.09,11.09
19363,18,19,3,2009,11.543333333333331,12.22,9.03,11.0
19364,18,20,3,2009,13.175833333333332,9.38,6.92,8.43
19365,18,21,3,2009,13.722500000000002,8.64,6.3500000000000005,7.76
19366,18,22,3,2009,13.579166666666666,8.13,5.98,7.29
19367,18,23,3,2009,13.003333333333332,7.3,5.36,6.58
19368,19,0,3,2009,11.63,5.33,2.17,4.28
19369,19,1,3,2009,10.520833333333334,5.38,1.66,4.07
19370,19,2,3,2009,9.816666666666668,8.48,2.24,5.22
19371,19,3,3,2009,9.037500000000001,10.15,2.44,7.07
19372,19,4,3,2009,8.250833333333333,9.43,2.44,6.95
19373,19,5,3,2009,7.317499999999999,8.91,2.2,5.51
19374,19,6,3,2009,6.350833333333333,9.63,2.32,5.54
19375,19,7,3,2009,6.075,10.5,2.28,5.76
19376,19,8,3,2009,5.595,10.63,2.17,5.63
19377,19,9,3,2009,5.144166666666668,10.31,1.7,5.62
19378,19,10,3,2009,4.435,8.290000000000001,1.43,4.42
19379,19,11,3,2009,4.270833333333333,8.02,1.14,4.07
19380,19,12,3,2009,4.239166666666667,7.95,1.14,4.04
19381,19,13,3,2009,4.836666666666667,7.84,2.61,4.3500000000000005
19382,19,14,3,2009,6.316666666666667,5.71,2.76,3.49
19383,19,15,3,2009,8.191666666666668,3.71,2.98,3.48
19384,19,16,3,2009,9.742500000000001,3.76,3.0,3.49
19385,19,17,3,2009,11.155,4.22,3.34,3.92
19386,19,18,3,2009,12.160000000000002,3.92,3.11,3.64
19387,19,19,3,2009,12.917500000000002,3.86,3.08,3.59
19388,19,20,3,2009,13.426666666666668,4.03,3.21,3.76
19389,19,21,3,2009,13.6725,4.5200000000000005,3.52,4.17
19390,19,22,3,2009,13.626666666666665,4.83,3.63,4.4
19391,19,23,3,2009,13.130833333333335,5.99,3.85,4.75
19392,20,0,3,2009,11.4925,8.03,3.14,6.26
19393,20,1,3,2009,10.270000000000001,8.68,3.38,6.48
19394,20,2,3,2009,9.181666666666667,10.36,3.68,7.25
19395,20,3,3,2009,8.669166666666667,10.27,4.13,7.7
19396,20,4,3,2009,8.139166666666666,11.14,4.3500000000000005,7.97
19397,20,5,3,2009,7.503333333333333,12.05,4.45,8.2
19398,20,6,3,2009,7.001666666666666,12.7,4.8,8.49
19399,20,7,3,2009,6.528333333333333,13.2,5.3100000000000005,9.0
19400,20,8,3,2009,6.289166666666667,13.66,5.64,9.32
19401,20,9,3,2009,6.1225,14.26,6.65,10.15
19402,20,10,3,2009,6.314166666666666,14.29,7.41,10.39
19403,20,11,3,2009,6.549166666666667,13.55,7.1400000000000015,9.94
19404,20,12,3,2009,6.519166666666667,13.68,7.62,10.44
19405,20,13,3,2009,6.659999999999999,13.17,7.15,9.86
19406,20,14,3,2009,7.8691666666666675,11.77,7.28,9.12
19407,20,15,3,2009,9.67,10.43,7.61,9.36
19408,20,16,3,2009,11.094166666666666,10.75,7.75,9.58
19409,20,17,3,2009,11.4975,11.55,8.09,10.17
19410,20,18,3,2009,10.879166666666668,11.61,8.19,10.27
19411,20,19,3,2009,10.458333333333332,11.37,7.8,9.92
19412,20,20,3,2009,9.974166666666667,11.33,7.83,9.93
19413,20,21,3,2009,10.293333333333333,11.47,7.91,9.96
19414,20,22,3,2009,10.796666666666667,10.85,7.51,9.44
19415,20,23,3,2009,10.402500000000002,9.44,5.66,7.6
19416,21,0,3,2009,10.246666666666668,10.09,4.99,7.13
19417,21,1,3,2009,10.368333333333334,10.39,5.13,7.57
19418,21,2,3,2009,10.355,10.67,5.44,7.9
19419,21,3,3,2009,10.184166666666668,10.59,5.32,7.74
19420,21,4,3,2009,9.983333333333336,10.91,5.69,8.05
19421,21,5,3,2009,9.954166666666667,10.93,5.57,7.97
19422,21,6,3,2009,9.833333333333332,10.71,5.62,7.94
19423,21,7,3,2009,9.621666666666666,10.75,5.74,8.06
19424,21,8,3,2009,9.553333333333331,11.29,6.2700000000000005,8.6
19425,21,9,3,2009,9.559166666666668,11.54,6.21,8.59
19426,21,10,3,2009,9.104166666666666,12.64,6.33,9.15
19427,21,11,3,2009,8.61,13.45,6.72,9.56
19428,21,12,3,2009,8.649166666666666,12.25,6.37,8.98
19429,21,13,3,2009,9.027500000000002,11.02,5.4,7.72
19430,21,14,3,2009,10.428333333333333,6.87,5.17,6.19
19431,21,15,3,2009,12.274166666666666,6.04,4.72,5.64
19432,21,16,3,2009,13.460833333333333,5.28,4.13,4.91
19433,21,17,3,2009,15.462499999999999,5.57,4.32,5.15
19434,21,18,3,2009,16.820833333333333,5.72,4.37,5.23
19435,21,19,3,2009,18.176666666666666,6.51,4.88,5.9
19436,21,20,3,2009,18.995833333333334,6.7700000000000005,5.04,6.13
19437,21,21,3,2009,19.38083333333333,7.44,5.44,6.69
19438,21,22,3,2009,19.293333333333333,7.9300000000000015,5.75,7.11
19439,21,23,3,2009,18.575833333333332,8.120000000000001,5.64,7.09
19440,22,0,3,2009,16.81416666666667,10.3,4.2700000000000005,7.28
19441,22,1,3,2009,15.420833333333334,10.92,4.4,7.42
19442,22,2,3,2009,14.555,11.5,4.86,7.86
19443,22,3,3,2009,13.425000000000002,11.9,5.37,8.21
19444,22,4,3,2009,12.475,12.93,6.3500000000000005,9.24
19445,22,5,3,2009,11.751666666666665,13.29,6.8900000000000015,9.78
19446,22,6,3,2009,11.240833333333333,13.33,6.99,9.85
19447,22,7,3,2009,11.135833333333332,13.46,7.25,10.16
19448,22,8,3,2009,10.911666666666667,13.87,7.56,10.55
19449,22,9,3,2009,10.664166666666667,14.26,7.52,10.53
19450,22,10,3,2009,10.5525,14.33,7.53,10.62
19451,22,11,3,2009,10.418333333333333,14.39,7.36,10.53
19452,22,12,3,2009,10.3375,14.5,8.03,11.03
19453,22,13,3,2009,11.391666666666666,14.43,8.68,11.35
19454,22,14,3,2009,13.0225,13.0,7.79,9.78
19455,22,15,3,2009,15.074166666666665,11.3,8.36,10.25
19456,22,16,3,2009,17.043333333333333,11.64,8.51,10.49
19457,22,17,3,2009,18.868333333333336,12.59,9.06,11.24
19458,22,18,3,2009,20.349166666666665,13.37,9.54,11.87
19459,22,19,3,2009,21.4875,14.68,10.35,12.97
19460,22,20,3,2009,22.1375,15.41,10.79,13.57
19461,22,21,3,2009,22.264166666666668,16.12,11.26,14.19
19462,22,22,3,2009,22.074166666666667,16.37,11.16,14.24
19463,22,23,3,2009,21.186666666666667,15.57,10.33,13.33
19464,23,0,3,2009,19.757499999999997,11.54,6.23,8.9
19465,23,1,3,2009,18.581666666666667,14.8,9.08,12.08
19466,23,2,3,2009,17.800833333333333,13.78,8.19,10.88
19467,23,3,3,2009,17.64166666666667,14.32,8.33,11.38
19468,23,4,3,2009,16.32416666666667,15.99,10.18,13.33
19469,23,5,3,2009,15.129166666666668,17.79,11.29,14.84
19470,23,6,3,2009,14.514166666666663,16.93,11.22,14.54
19471,23,7,3,2009,14.400833333333331,16.91,10.89,14.22
19472,23,8,3,2009,14.311666666666667,14.98,9.15,12.22
19473,23,9,3,2009,14.53,14.89,9.03,12.09
19474,23,10,3,2009,14.359166666666667,16.38,10.16,13.53
19475,23,11,3,2009,14.616666666666667,16.96,10.67,14.11
19476,23,12,3,2009,14.785833333333331,15.8,9.96,13.16
19477,23,13,3,2009,15.069166666666666,15.95,10.13,13.31
19478,23,14,3,2009,15.405,17.240000000000002,10.93,14.33
19479,23,15,3,2009,15.727500000000001,19.96,13.12,17.05
19480,23,16,3,2009,16.06833333333333,18.51,12.14,15.67
19481,23,17,3,2009,16.08833333333333,19.31,12.63,16.39
19482,23,18,3,2009,16.294166666666666,19.35,12.74,16.43
19483,23,19,3,2009,16.3525,20.59,13.64,17.580000000000002
19484,23,20,3,2009,17.03,20.88,13.97,17.8
19485,23,21,3,2009,17.710833333333333,21.03,14.53,18.36
19486,23,22,3,2009,17.69,19.4,12.52,16.16
19487,23,23,3,2009,17.48583333333333,20.2,12.89,16.9
19488,24,0,3,2009,16.812499999999996,18.89,11.82,15.49
19489,24,1,3,2009,16.195,16.740000000000002,9.43,12.93
19490,24,2,3,2009,15.170833333333336,19.87,12.75,16.68
19491,24,3,3,2009,14.995000000000003,15.29,8.32,11.62
19492,24,4,3,2009,14.225000000000001,12.24,5.87,8.8
19493,24,5,3,2009,13.787499999999996,9.99,3.65,6.43
19494,24,6,3,2009,10.634166666666667,11.32,4.32,7.45
19495,24,7,3,2009,8.515000000000002,11.83,5.21,8.05
19496,24,8,3,2009,7.693333333333335,10.83,5.07,7.78
19497,24,9,3,2009,6.901666666666666,10.71,5.15,7.85
19498,24,10,3,2009,5.7625,10.92,5.63,8.34
19499,24,11,3,2009,4.295833333333333,10.15,5.0600000000000005,7.47
19500,24,12,3,2009,3.2908333333333335,9.29,4.47,6.74
19501,24,13,3,2009,3.51,8.07,5.23,6.51
19502,24,14,3,2009,4.015833333333333,7.16,5.29,6.48
19503,24,15,3,2009,4.961666666666667,7.7,5.69,6.95
19504,24,16,3,2009,6.068333333333334,8.18,5.95,7.3
19505,24,17,3,2009,7.248333333333334,10.05,7.22,8.950000000000003
19506,24,18,3,2009,8.339166666666666,11.33,8.11,10.04
19507,24,19,3,2009,8.978333333333333,12.27,8.71,10.81
19508,24,20,3,2009,9.198333333333332,13.46,9.6,11.95
19509,24,21,3,2009,9.025833333333333,13.61,9.6,12.0
19510,24,22,3,2009,8.835833333333333,13.92,9.7,12.26
19511,24,23,3,2009,8.252500000000001,13.04,8.950000000000003,11.22
19512,25,0,3,2009,6.833333333333335,11.11,7.01,9.2
19513,25,1,3,2009,6.166666666666667,12.76,6.88,9.7
19514,25,2,3,2009,5.46,12.38,6.62,9.34
19515,25,3,3,2009,4.338333333333333,14.4,8.38,11.39
19516,25,4,3,2009,3.1366666666666667,13.47,7.75,10.59
19517,25,5,3,2009,2.0966666666666662,13.12,7.75,10.45
19518,25,6,3,2009,1.5691666666666668,14.75,8.71,11.73
19519,25,7,3,2009,1.4525,13.15,7.19,10.0
19520,25,8,3,2009,1.0216666666666667,12.45,6.76,9.45
19521,25,9,3,2009,0.5016666666666666,12.37,6.7,9.4
19522,25,10,3,2009,0.24000000000000002,12.29,5.95,8.72
19523,25,11,3,2009,-0.0825,11.83,5.63,8.34
19524,25,12,3,2009,-0.1775,11.95,5.7,8.35
19525,25,13,3,2009,0.8616666666666667,10.18,6.6000000000000005,8.2
19526,25,14,3,2009,2.3100000000000005,9.07,6.5200000000000005,8.08
19527,25,15,3,2009,3.8366666666666664,8.0,5.82,7.15
19528,25,16,3,2009,5.463333333333334,7.83,5.76,7.04
19529,25,17,3,2009,7.133333333333334,7.48,5.55,6.73
19530,25,18,3,2009,8.611666666666666,7.04,5.2,6.3100000000000005
19531,25,19,3,2009,9.921666666666667,6.41,4.7700000000000005,5.76
19532,25,20,3,2009,10.910833333333334,6.3,4.68,5.66
19533,25,21,3,2009,11.530833333333334,5.39,3.99,4.82
19534,25,22,3,2009,11.921666666666667,3.98,2.91,3.54
19535,25,23,3,2009,11.945000000000002,4.13,2.61,3.29
19536,26,0,3,2009,11.232500000000002,5.17,2.42,4.07
19537,26,1,3,2009,10.660833333333333,5.72,3.04,4.91
19538,26,2,3,2009,10.125833333333333,6.96,2.99,4.8500000000000005
19539,26,3,3,2009,9.456666666666665,7.55,3.73,6.13
19540,26,4,3,2009,8.838333333333333,2.86,1.89,3.31
19541,26,5,3,2009,7.566666666666667,6.24,1.36,3.5700000000000003
19542,26,6,3,2009,6.645833333333333,9.01,2.98,7.29
19543,26,7,3,2009,6.120000000000001,8.89,4.33,7.9300000000000015
19544,26,8,3,2009,5.79,8.370000000000001,4.44,7.58
19545,26,9,3,2009,4.8933333333333335,8.03,4.0600000000000005,7.3
19546,26,10,3,2009,4.495,7.38,3.85,6.8900000000000015
19547,26,11,3,2009,4.221666666666666,6.84,3.78,6.5200000000000005
19548,26,12,3,2009,3.602500000000001,7.13,3.65,6.26
19549,26,13,3,2009,4.815833333333333,7.0200000000000005,3.46,5.71
19550,26,14,3,2009,7.001666666666668,5.74,2.46,2.83
19551,26,15,3,2009,8.500833333333334,1.46,1.55,1.63
19552,26,16,3,2009,9.491666666666667,2.44,2.28,2.51
19553,26,17,3,2009,10.475,2.79,2.39,2.71
19554,26,18,3,2009,11.422500000000001,4.21,3.42,3.97
19555,26,19,3,2009,12.123333333333333,5.49,4.32,5.1000000000000005
19556,26,20,3,2009,12.541666666666666,6.25,4.82,5.75
19557,26,21,3,2009,12.660833333333336,6.8900000000000015,5.2700000000000005,6.36
19558,26,22,3,2009,11.37,11.03,8.13,10.05
19559,26,23,3,2009,9.749999999999998,11.26,8.18,10.18
19560,27,0,3,2009,8.666666666666668,10.56,6.93,8.92
19561,27,1,3,2009,7.655,11.01,7.0600000000000005,9.2
19562,27,2,3,2009,6.137499999999999,12.68,8.3,10.75
19563,27,3,3,2009,4.340833333333333,13.16,8.42,11.01
19564,27,4,3,2009,2.7841666666666662,13.32,8.65,11.21
19565,27,5,3,2009,1.526666666666667,13.66,8.73,11.42
19566,27,6,3,2009,0.2675,13.79,8.83,11.54
19567,27,7,3,2009,-0.8008333333333333,13.37,8.58,11.21
19568,27,8,3,2009,-1.7658333333333334,13.9,8.93,11.65
19569,27,9,3,2009,-2.4641666666666664,12.59,8.17,10.58
19570,27,10,3,2009,-2.9491666666666667,12.58,8.18,10.61
19571,27,11,3,2009,-3.2166666666666663,11.69,7.66,9.82
19572,27,12,3,2009,-3.4525,12.18,8.36,10.53
19573,27,13,3,2009,-3.2099999999999995,11.99,8.67,10.79
19574,27,14,3,2009,-2.454166666666667,11.83,8.66,10.72
19575,27,15,3,2009,-1.3733333333333337,11.41,8.44,10.38
19576,27,16,3,2009,-0.19000000000000003,11.69,8.71,10.66
19577,27,17,3,2009,0.9108333333333333,11.61,8.61,10.56
19578,27,18,3,2009,2.005,10.88,8.14,9.93
19579,27,19,3,2009,2.8975000000000004,10.98,8.21,10.03
19580,27,20,3,2009,3.639166666666666,11.22,8.3,10.2
19581,27,21,3,2009,4.015000000000001,11.55,8.5,10.48
19582,27,22,3,2009,4.0233333333333325,11.7,8.56,10.57
19583,27,23,3,2009,3.6291666666666664,11.72,8.44,10.54
19584,28,0,3,2009,2.92,12.45,8.27,10.71
19585,28,1,3,2009,2.1375,12.94,8.72,11.19
19586,28,2,3,2009,1.315,12.49,8.5,10.83
19587,28,3,3,2009,0.3216666666666667,12.91,9.01,11.41
19588,28,4,3,2009,-0.4975,11.21,8.040000000000001,10.06
19589,28,5,3,2009,-1.1091666666666666,11.26,8.1,10.13
19590,28,6,3,2009,-1.4941666666666666,10.81,7.79,9.74
19591,28,7,3,2009,-2.2416666666666667,11.15,8.0,10.03
19592,28,8,3,2009,-3.627499999999999,10.65,7.66,9.55
19593,28,9,3,2009,-3.9308333333333336,11.62,7.83,9.92
19594,28,10,3,2009,-4.081666666666667,12.09,7.57,9.71
19595,28,11,3,2009,-4.241666666666667,12.06,7.47,9.61
19596,28,12,3,2009,-4.385833333333333,13.03,7.7,10.26
19597,28,13,3,2009,-4.333333333333333,12.78,8.15,10.32
19598,28,14,3,2009,-4.050833333333333,12.41,8.72,10.93
19599,28,15,3,2009,-3.4483333333333337,12.47,9.06,11.25
19600,28,16,3,2009,-2.125,12.49,9.11,11.3
19601,28,17,3,2009,0.001666666666666659,13.19,9.6,11.94
19602,28,18,3,2009,1.7099999999999997,13.25,9.64,11.98
19603,28,19,3,2009,2.855,13.61,9.76,12.21
19604,28,20,3,2009,4.086666666666667,12.31,8.75,10.98
19605,28,21,3,2009,4.698333333333333,11.9,8.3,10.51
19606,28,22,3,2009,4.640833333333334,12.92,7.67,10.53
19607,28,23,3,2009,4.216666666666667,14.29,7.47,11.26
19608,29,0,3,2009,2.7424999999999997,14.45,7.52,11.24
19609,29,1,3,2009,1.3933333333333333,14.91,6.5,10.63
19610,29,2,3,2009,0.41083333333333333,14.54,6.36,10.44
19611,29,3,3,2009,-0.3775,13.76,5.82,9.84
19612,29,4,3,2009,-1.02,13.17,5.41,9.38
19613,29,5,3,2009,-1.6575,12.12,4.96,8.68
19614,29,6,3,2009,-1.9616666666666667,11.35,4.83,8.34
19615,29,7,3,2009,-2.495,10.72,4.75,8.2
19616,29,8,3,2009,-2.5933333333333333,10.31,4.65,7.91
19617,29,9,3,2009,-3.043333333333333,9.54,4.32,7.7
19618,29,10,3,2009,-3.6524999999999994,9.31,3.78,7.41
19619,29,11,3,2009,-4.421666666666667,8.870000000000003,3.42,7.0600000000000005
19620,29,12,3,2009,-4.195,8.0,3.36,6.59
19621,29,13,3,2009,-1.8375000000000001,7.3,3.52,5.75
19622,29,14,3,2009,0.04166666666666662,5.45,2.68,3.1
19623,29,15,3,2009,1.7416666666666665,2.12,1.55,1.85
19624,29,16,3,2009,3.231666666666667,1.88,1.47,1.72
19625,29,17,3,2009,4.6883333333333335,1.21,1.01,1.15
19626,29,18,3,2009,5.941666666666666,2.45,1.94,2.27
19627,29,19,3,2009,7.002500000000001,3.48,2.75,3.23
19628,29,20,3,2009,7.687499999999999,5.13,3.88,4.68
19629,29,21,3,2009,7.710833333333333,6.74,5.0600000000000005,6.16
19630,29,22,3,2009,6.811666666666667,7.1000000000000005,5.24,6.44
19631,29,23,3,2009,5.385000000000001,7.96,5.0600000000000005,6.25
19632,30,0,3,2009,3.174166666666667,10.97,4.43,7.6400000000000015
19633,30,1,3,2009,2.1125000000000003,11.71,5.54,8.48
19634,30,2,3,2009,1.1916666666666667,12.49,5.51,8.44
19635,30,3,3,2009,1.39,13.54,6.1400000000000015,9.32
19636,30,4,3,2009,1.6025,13.79,6.38,9.55
19637,30,5,3,2009,1.975833333333333,14.25,6.2700000000000005,9.62
19638,30,6,3,2009,2.9533333333333336,14.53,6.66,10.03
19639,30,7,3,2009,2.57,14.08,6.36,9.6
19640,30,8,3,2009,3.227499999999999,14.7,7.27,10.58
19641,30,9,3,2009,3.200833333333333,15.02,7.5,10.9
19642,30,10,3,2009,3.8425,16.37,8.700000000000001,12.29
19643,30,11,3,2009,4.516666666666667,17.53,9.79,13.54
19644,30,12,3,2009,4.868333333333333,17.93,10.36,14.13
19645,30,13,3,2009,5.460833333333333,16.95,10.05,13.39
19646,30,14,3,2009,7.096666666666667,16.9,10.89,14.19
19647,30,15,3,2009,8.538333333333334,15.44,10.87,13.64
19648,30,16,3,2009,9.5425,15.05,10.62,13.32
19649,30,17,3,2009,10.506666666666666,15.84,11.21,14.04
19650,30,18,3,2009,11.362499999999999,15.79,11.19,14.02
19651,30,19,3,2009,12.395000000000001,14.93,10.54,13.19
19652,30,20,3,2009,13.311666666666666,14.85,10.45,13.09
19653,30,21,3,2009,13.769166666666665,15.11,10.63,13.46
19654,30,22,3,2009,13.933333333333332,14.88,10.52,13.28
19655,30,23,3,2009,13.3925,11.54,6.99,9.19
19656,31,0,3,2009,12.505,11.25,4.91,7.63
19657,31,1,3,2009,11.365,11.01,5.2700000000000005,7.41
19658,31,2,3,2009,10.048333333333334,10.22,6.32,8.47
19659,31,3,3,2009,7.930000000000001,12.04,5.89,8.41
19660,31,4,3,2009,6.948333333333333,11.58,4.8100000000000005,7.75
19661,31,5,3,2009,5.946666666666666,12.32,5.59,8.43
19662,31,6,3,2009,5.312500000000001,11.87,6.2,8.73
19663,31,7,3,2009,4.485833333333333,11.33,5.48,8.34
19664,31,8,3,2009,3.23,13.77,7.21,10.32
19665,31,9,3,2009,1.9583333333333333,14.41,7.91,11.07
19666,31,10,3,2009,0.5816666666666667,13.47,7.12,10.08
19667,31,11,3,2009,-0.22333333333333336,13.94,8.09,11.02
19668,31,12,3,2009,-0.4949999999999999,13.74,7.96,10.85
19669,31,13,3,2009,0.23916666666666667,13.29,9.23,11.64
19670,31,14,3,2009,1.0658333333333336,14.17,9.99,12.51
19671,31,15,3,2009,2.1633333333333336,14.62,10.26,12.85
19672,31,16,3,2009,3.0858333333333334,15.08,10.6,13.27
19673,31,17,3,2009,3.8425,15.43,10.86,13.59
19674,31,18,3,2009,4.719166666666666,15.94,11.12,13.95
19675,31,19,3,2009,5.541666666666667,16.68,11.59,14.56
19676,31,20,3,2009,5.7225,17.51,12.27,15.37
19677,31,21,3,2009,5.855833333333333,16.46,11.32,14.29
19678,31,22,3,2009,5.863333333333333,16.07,11.03,13.9
19679,31,23,3,2009,5.646666666666668,15.83,10.7,13.63
19680,1,0,4,2009,4.75,11.81,6.94,9.39
19681,1,1,4,2009,3.5308333333333333,11.46,4.5,7.59
19682,1,2,4,2009,2.9516666666666667,11.96,4.66,7.76
19683,1,3,4,2009,2.224166666666667,12.0,4.71,7.76
19684,1,4,4,2009,1.75,12.49,5.83,8.88
19685,1,5,4,2009,1.1708333333333332,12.73,6.03,9.17
19686,1,6,4,2009,0.545,13.66,5.64,8.99
19687,1,7,4,2009,0.07416666666666664,12.37,4.91,8.120000000000001
19688,1,8,4,2009,-0.4083333333333334,11.29,4.89,7.76
19689,1,9,4,2009,-0.8200000000000002,9.31,4.47,6.8
19690,1,10,4,2009,-1.0633333333333337,7.95,3.86,5.93
19691,1,11,4,2009,-1.0666666666666667,6.87,3.33,5.41
19692,1,12,4,2009,-0.7558333333333332,4.67,2.31,3.7
19693,1,13,4,2009,0.9591666666666666,2.89,1.81,2.32
19694,1,14,4,2009,3.1683333333333334,1.13,0.97,1.08
19695,1,15,4,2009,4.8133333333333335,1.48,1.42,1.54
19696,1,16,4,2009,6.475000000000001,2.13,1.84,2.07
19697,1,17,4,2009,8.290833333333333,3.93,3.19,3.69
19698,1,18,4,2009,9.772499999999999,5.11,4.0,4.71
19699,1,19,4,2009,10.9225,5.96,4.65,5.5
19700,1,20,4,2009,11.855833333333335,6.46,4.97,5.91
19701,1,21,4,2009,12.5475,6.59,4.93,5.95
19702,1,22,4,2009,13.034166666666666,6.44,4.78,5.8
19703,1,23,4,2009,12.875000000000002,7.09,4.67,5.78
19704,2,0,4,2009,11.568333333333333,8.6,4.04,6.2
19705,2,1,4,2009,10.729999999999999,9.77,4.74,7.01
19706,2,2,4,2009,10.222500000000002,10.07,5.36,7.53
19707,2,3,4,2009,9.925833333333335,10.69,6.05,8.32
19708,2,4,4,2009,9.6975,10.86,6.17,8.45
19709,2,5,4,2009,8.661666666666667,11.26,7.24,9.45
19710,2,6,4,2009,6.927499999999999,11.62,7.6,9.85
19711,2,7,4,2009,5.418333333333333,11.73,7.74,10.0
19712,2,8,4,2009,4.180833333333333,11.79,8.16,10.31
19713,2,9,4,2009,2.848333333333333,11.86,8.44,10.57
19714,2,10,4,2009,0.8900000000000001,11.98,8.55,10.69
19715,2,11,4,2009,-0.0016666666666666663,12.72,7.68,9.91
19716,2,12,4,2009,-0.1725,12.87,7.52,9.94
19717,2,13,4,2009,-0.335,13.06,7.37,9.73
19718,2,14,4,2009,-0.22833333333333336,11.08,7.03,8.870000000000003
19719,2,15,4,2009,0.043333333333333335,9.69,6.78,8.44
19720,2,16,4,2009,1.265,7.88,5.7700000000000005,7.09
19721,2,17,4,2009,3.9375000000000013,8.66,6.3100000000000005,7.79
19722,2,18,4,2009,5.526666666666667,8.93,6.47,8.02
19723,2,19,4,2009,6.859166666666668,8.700000000000001,6.23,7.77
19724,2,20,4,2009,7.973333333333333,8.76,6.2,7.77
19725,2,21,4,2009,8.764166666666668,8.8,6.15,7.77
19726,2,22,4,2009,8.983333333333334,8.51,5.3100000000000005,6.96
19727,2,23,4,2009,8.124166666666666,8.6,4.13,6.43
19728,3,0,4,2009,6.324999999999999,8.950000000000003,3.43,7.26
19729,3,1,4,2009,5.175833333333333,9.76,3.78,8.64
19730,3,2,4,2009,4.255,9.4,3.23,7.8
19731,3,3,4,2009,3.450833333333333,8.47,3.19,7.26
19732,3,4,4,2009,3.145,7.17,2.86,6.3
19733,3,5,4,2009,2.6783333333333332,6.17,2.44,4.93
19734,3,6,4,2009,1.9916666666666665,4.57,1.54,3.11
19735,3,7,4,2009,1.3183333333333336,3.49,0.68,1.92
19736,3,8,4,2009,1.3775000000000002,3.0700000000000003,1.02,1.89
19737,3,9,4,2009,1.2091666666666665,2.61,1.18,2.06
19738,3,10,4,2009,0.6875,3.18,1.85,2.87
19739,3,11,4,2009,0.6833333333333332,3.42,1.96,3.09
19740,3,12,4,2009,0.4833333333333334,4.18,1.97,3.46
19741,3,13,4,2009,1.6341666666666665,5.2700000000000005,2.63,3.77
19742,3,14,4,2009,3.36,5.14,3.34,3.91
19743,3,15,4,2009,5.375,4.61,3.62,4.28
19744,3,16,4,2009,7.289999999999999,5.87,4.39,5.3100000000000005
19745,3,17,4,2009,8.887500000000001,6.3900000000000015,4.72,5.75
19746,3,18,4,2009,10.183333333333332,6.7,4.91,6.01
19747,3,19,4,2009,11.235,7.57,5.51,6.78
19748,3,20,4,2009,11.948333333333332,8.26,5.91,7.36
19749,3,21,4,2009,12.374999999999998,8.64,6.05,7.6
19750,3,22,4,2009,12.475000000000001,8.86,6.13,7.76
19751,3,23,4,2009,11.566666666666665,10.5,4.7700000000000005,7.21
19752,4,0,4,2009,9.133333333333335,11.73,4.0,8.21
19753,4,1,4,2009,7.550833333333334,14.4,4.8,9.38
19754,4,2,4,2009,7.010000000000002,14.38,5.14,9.55
19755,4,3,4,2009,5.620833333333333,14.08,4.25,8.47
19756,4,4,4,2009,4.988333333333334,14.24,4.3500000000000005,8.58
19757,4,5,4,2009,4.529166666666666,14.4,4.53,8.68
19758,4,6,4,2009,4.098333333333334,14.49,4.69,8.77
19759,4,7,4,2009,3.6916666666666664,14.46,4.64,8.58
19760,4,8,4,2009,3.830833333333333,14.47,5.53,9.15
19761,4,9,4,2009,4.837500000000001,14.79,6.44,9.88
19762,4,10,4,2009,4.9075000000000015,13.97,6.46,9.57
19763,4,11,4,2009,5.274166666666667,13.99,7.0200000000000005,10.19
19764,4,12,4,2009,5.2891666666666675,14.11,7.35,10.39
19765,4,13,4,2009,6.401666666666666,13.82,8.76,11.33
19766,4,14,4,2009,8.1775,12.84,8.97,11.15
19767,4,15,4,2009,9.558333333333332,12.82,9.31,11.5
19768,4,16,4,2009,11.069999999999999,14.06,10.01,12.49
19769,4,17,4,2009,12.670000000000002,14.96,10.64,13.25
19770,4,18,4,2009,14.490833333333333,16.32,11.49,14.38
19771,4,19,4,2009,15.020833333333334,16.09,11.14,14.1
19772,4,20,4,2009,15.643333333333333,14.39,9.18,12.05
19773,4,21,4,2009,16.671666666666667,14.66,9.23,12.12
19774,4,22,4,2009,16.968333333333337,14.27,9.32,11.85
19775,4,23,4,2009,16.418333333333337,15.94,9.69,12.99
19776,5,0,4,2009,13.884999999999998,12.18,5.21,8.290000000000001
19777,5,1,4,2009,12.129166666666665,12.22,4.95,7.98
19778,5,2,4,2009,10.851666666666667,10.17,5.1000000000000005,7.91
19779,5,3,4,2009,10.426666666666668,10.68,5.24,7.55
19780,5,4,4,2009,10.401666666666667,7.85,3.02,5.76
19781,5,5,4,2009,9.237499999999999,10.24,3.54,5.93
19782,5,6,4,2009,8.257499999999999,12.01,5.51,8.96
19783,5,7,4,2009,6.954166666666667,11.87,5.16,8.42
19784,5,8,4,2009,5.896666666666668,11.93,5.23,8.42
19785,5,9,4,2009,5.314166666666667,10.52,5.1000000000000005,7.58
19786,5,10,4,2009,6.433333333333334,14.34,9.3,12.1
19787,5,11,4,2009,4.051666666666667,15.72,10.21,13.1
19788,5,12,4,2009,2.055,17.05,11.04,14.33
19789,5,13,4,2009,1.0850000000000002,17.72,11.39,14.84
19790,5,14,4,2009,0.87,17.990000000000006,11.81,15.07
19791,5,15,4,2009,1.5475,17.740000000000006,12.24,15.45
19792,5,16,4,2009,2.331666666666667,18.9,13.21,16.66
19793,5,17,4,2009,3.550833333333333,19.02,13.25,16.740000000000002
19794,5,18,4,2009,4.31,19.24,13.41,16.94
19795,5,19,4,2009,4.493333333333333,19.61,13.66,17.25
19796,5,20,4,2009,4.3725000000000005,19.11,13.42,16.92
19797,5,21,4,2009,4.308333333333333,19.08,13.41,16.9
19798,5,22,4,2009,3.6816666666666666,18.33,12.72,16.12
19799,5,23,4,2009,2.801666666666667,17.07,11.74,14.91
19800,6,0,4,2009,1.9375,17.44,11.64,14.88
19801,6,1,4,2009,0.9633333333333334,17.22,11.28,14.63
19802,6,2,4,2009,0.10500000000000002,16.59,10.88,14.1
19803,6,3,4,2009,-0.6091666666666666,16.35,10.47,13.7
19804,6,4,4,2009,-1.055,14.89,9.27,12.3
19805,6,5,4,2009,-1.4124999999999999,13.46,8.6,11.23
19806,6,6,4,2009,-1.6408333333333334,13.59,8.73,11.38
19807,6,7,4,2009,-1.8391666666666666,13.46,8.43,11.12
19808,6,8,4,2009,-2.0683333333333334,13.43,8.46,11.12
19809,6,9,4,2009,-2.3625000000000003,12.55,7.95,10.43
19810,6,10,4,2009,-2.688333333333333,12.38,7.71,10.44
19811,6,11,4,2009,-2.9749999999999996,12.42,7.91,10.4
19812,6,12,4,2009,-3.1666666666666674,12.74,8.73,11.1
19813,6,13,4,2009,-2.999166666666666,12.92,9.1,11.46
19814,6,14,4,2009,-2.4050000000000002,13.22,9.37,11.76
19815,6,15,4,2009,-1.505,13.04,9.31,11.62
19816,6,16,4,2009,-0.5366666666666666,12.79,9.18,11.44
19817,6,17,4,2009,0.4391666666666667,12.98,9.29,11.57
19818,6,18,4,2009,1.3841666666666665,13.19,9.41,11.74
19819,6,19,4,2009,2.0725000000000002,13.42,9.55,11.92
19820,6,20,4,2009,2.5025,13.59,9.6,12.02
19821,6,21,4,2009,2.6266666666666665,13.59,9.61,12.03
19822,6,22,4,2009,2.4699999999999993,13.62,9.56,12.02
19823,6,23,4,2009,1.97,13.27,9.14,11.62
19824,7,0,4,2009,0.7041666666666666,12.13,7.9300000000000015,10.32
19825,7,1,4,2009,-0.3666666666666667,14.31,7.62,10.92
19826,7,2,4,2009,-1.615,12.85,6.2700000000000005,9.29
19827,7,3,4,2009,-2.0041666666666664,12.15,6.0600000000000005,8.91
19828,7,4,4,2009,-2.3991666666666664,12.09,6.16,8.88
19829,7,5,4,2009,-2.7475,11.83,6.4,8.98
19830,7,6,4,2009,-3.1116666666666664,11.76,6.4,8.96
19831,7,7,4,2009,-3.6325000000000003,9.98,4.78,7.08
19832,7,8,4,2009,-3.8349999999999995,9.51,4.67,6.78
19833,7,9,4,2009,-3.8308333333333326,9.71,4.92,7.03
19834,7,10,4,2009,-3.985833333333334,9.1,4.63,6.5600000000000005
19835,7,11,4,2009,-4.102499999999999,8.48,4.65,6.45
19836,7,12,4,2009,-4.097499999999999,7.84,4.59,6.05
19837,7,13,4,2009,-2.861666666666667,6.57,4.3500000000000005,5.17
19838,7,14,4,2009,-0.7775000000000002,4.5600000000000005,3.5700000000000003,4.22
19839,7,15,4,2009,1.2858333333333334,3.9,2.99,3.56
19840,7,16,4,2009,3.0541666666666667,4.12,3.15,3.75
19841,7,17,4,2009,4.7716666666666665,4.37,3.34,3.98
19842,7,18,4,2009,6.4175,4.48,3.41,4.07
19843,7,19,4,2009,8.030833333333334,4.61,3.46,4.15
19844,7,20,4,2009,9.384166666666667,4.65,3.44,4.15
19845,7,21,4,2009,10.3675,5.89,4.28,5.23
19846,7,22,4,2009,10.875833333333333,5.96,4.28,5.28
19847,7,23,4,2009,11.113333333333335,5.1000000000000005,3.51,4.41
19848,8,0,4,2009,9.326666666666668,3.87,1.36,2.67
19849,8,1,4,2009,8.152500000000002,4.32,1.95,3.37
19850,8,2,4,2009,7.9075000000000015,6.5200000000000005,3.11,5.3100000000000005
19851,8,3,4,2009,7.214166666666666,11.4,4.65,8.33
19852,8,4,4,2009,5.905833333333334,12.11,4.79,9.06
19853,8,5,4,2009,5.3725,13.4,5.65,9.46
19854,8,6,4,2009,4.623333333333334,13.32,6.0200000000000005,9.57
19855,8,7,4,2009,4.21,12.53,5.8100000000000005,9.19
19856,8,8,4,2009,3.1033333333333335,12.76,5.67,9.16
19857,8,9,4,2009,2.5624999999999996,12.69,5.51,8.88
19858,8,10,4,2009,1.8308333333333335,12.56,5.33,8.76
19859,8,11,4,2009,0.505,11.64,3.79,7.25
19860,8,12,4,2009,0.52,10.21,4.03,6.87
19861,8,13,4,2009,0.2525,7.76,4.11,4.98
19862,8,14,4,2009,1.0333333333333334,6.54,4.25,5.0200000000000005
19863,8,15,4,2009,3.0133333333333336,5.23,4.11,4.8500000000000005
19864,8,16,4,2009,6.114999999999999,5.13,4.08,4.8100000000000005
19865,8,17,4,2009,8.893333333333334,4.99,3.96,4.67
19866,8,18,4,2009,11.097500000000002,3.16,2.49,2.92
19867,8,19,4,2009,12.623333333333333,3.1,2.44,2.86
19868,8,20,4,2009,13.663333333333334,2.93,2.31,2.7
19869,8,21,4,2009,14.289166666666667,2.93,2.31,2.7
19870,8,22,4,2009,14.51,2.68,2.11,2.48
19871,8,23,4,2009,14.306666666666665,2.23,1.57,2.18
19872,9,0,4,2009,12.704999999999998,3.38,1.58,2.84
19873,9,1,4,2009,10.84083333333333,4.82,1.42,3.58
19874,9,2,4,2009,9.5975,5.3500000000000005,1.77,3.88
19875,9,3,4,2009,8.61,6.28,2.29,4.62
19876,9,4,4,2009,7.670833333333334,8.48,2.48,5.98
19877,9,5,4,2009,6.7775,8.950000000000003,2.83,6.59
19878,9,6,4,2009,6.076666666666667,10.43,3.66,7.54
19879,9,7,4,2009,5.415,11.76,4.1,8.040000000000001
19880,9,8,4,2009,4.55,11.54,4.24,7.75
19881,9,9,4,2009,4.411666666666666,11.49,4.26,7.17
19882,9,10,4,2009,4.138333333333334,11.51,4.57,7.33
19883,9,11,4,2009,4.229166666666667,11.43,4.91,7.46
19884,9,12,4,2009,4.389166666666667,11.36,5.84,7.98
19885,9,13,4,2009,5.579999999999999,11.69,7.33,9.55
19886,9,14,4,2009,7.079166666666666,10.61,7.61,9.27
19887,9,15,4,2009,8.529166666666667,11.78,8.61,10.6
19888,9,16,4,2009,10.254166666666668,12.59,9.33,11.43
19889,9,17,4,2009,10.695833333333333,13.42,9.24,11.7
19890,9,18,4,2009,11.140833333333333,13.78,9.0,11.7
19891,9,19,4,2009,11.083333333333334,14.04,9.23,11.98
19892,9,20,4,2009,10.78,15.0,9.72,12.66
19893,9,21,4,2009,10.601666666666667,13.79,8.97,11.5
19894,9,22,4,2009,10.356666666666667,14.34,8.81,11.73
19895,9,23,4,2009,9.655000000000001,14.39,9.21,12.08
19896,10,0,4,2009,8.906666666666666,14.46,9.31,12.2
19897,10,1,4,2009,8.266666666666667,14.19,8.88,11.73
19898,10,2,4,2009,7.363333333333333,12.26,7.86,10.3
19899,10,3,4,2009,7.013333333333333,12.92,8.11,10.72
19900,10,4,4,2009,6.709166666666667,13.64,8.59,11.38
19901,10,5,4,2009,6.0825000000000005,15.25,9.92,12.95
19902,10,6,4,2009,5.731666666666666,13.72,8.96,11.72
19903,10,7,4,2009,5.629166666666666,14.69,9.47,12.44
19904,10,8,4,2009,5.5008333333333335,12.9,8.39,11.0
19905,10,9,4,2009,5.281666666666667,11.19,7.19,9.46
19906,10,10,4,2009,5.240000000000001,11.04,6.49,8.77
19907,10,11,4,2009,4.849166666666667,11.37,6.33,8.84
19908,10,12,4,2009,4.293333333333334,11.71,6.96,9.19
19909,10,13,4,2009,4.504166666666666,11.22,7.45,9.35
19910,10,14,4,2009,5.586666666666666,10.23,7.53,9.3
19911,10,15,4,2009,7.2275,10.27,7.56,9.31
19912,10,16,4,2009,8.874166666666667,10.39,7.61,9.39
19913,10,17,4,2009,10.095833333333335,9.94,7.28,8.97
19914,10,18,4,2009,11.0475,9.3,6.84,8.39
19915,10,19,4,2009,11.823333333333332,8.81,6.51,7.96
19916,10,20,4,2009,12.449999999999998,8.07,5.96,7.28
19917,10,21,4,2009,12.731666666666667,7.05,5.24,6.36
19918,10,22,4,2009,12.734166666666665,7.1000000000000005,5.3500000000000005,6.51
19919,10,23,4,2009,12.475,6.42,4.79,5.86
19920,11,0,4,2009,11.088333333333333,6.34,3.56,6.16
19921,11,1,4,2009,9.641666666666666,6.5200000000000005,3.67,6.16
19922,11,2,4,2009,8.574166666666665,7.25,2.84,6.25
19923,11,3,4,2009,7.4366666666666665,6.98,2.21,5.01
19924,11,4,4,2009,6.661666666666668,7.07,2.08,5.01
19925,11,5,4,2009,5.718333333333333,5.57,1.26,3.67
19926,11,6,4,2009,5.274166666666667,4.34,1.0,2.47
19927,11,7,4,2009,4.805833333333333,4.62,1.24,2.8000000000000003
19928,11,8,4,2009,4.113333333333333,4.49,1.19,2.72
19929,11,9,4,2009,3.4158333333333335,4.4,1.1,2.61
19930,11,10,4,2009,2.9058333333333333,4.46,1.17,2.71
19931,11,11,4,2009,2.3733333333333335,4.63,1.23,2.77
19932,11,12,4,2009,2.4858333333333333,4.76,1.78,2.95
19933,11,13,4,2009,4.509166666666666,4.73,1.97,2.87
19934,11,14,4,2009,7.079166666666668,3.68,2.42,2.88
19935,11,15,4,2009,9.665000000000001,4.78,3.7,4.4
19936,11,16,4,2009,10.924999999999999,4.75,3.69,4.38
19937,11,17,4,2009,11.860833333333332,5.08,3.95,4.68
19938,11,18,4,2009,12.688333333333333,5.73,4.43,5.2700000000000005
19939,11,19,4,2009,13.39,5.97,4.57,5.46
19940,11,20,4,2009,13.96,6.37,4.8500000000000005,5.82
19941,11,21,4,2009,14.36,7.16,5.33,6.49
19942,11,22,4,2009,14.240833333333335,7.37,5.49,6.72
19943,11,23,4,2009,13.674166666666666,8.55,5.64,7.25
19944,12,0,4,2009,12.445,9.91,5.09,7.8
19945,12,1,4,2009,11.319166666666668,10.0,4.88,7.57
19946,12,2,4,2009,9.97,10.56,4.28,7.12
19947,12,3,4,2009,9.459166666666667,11.13,4.21,7.12
19948,12,4,4,2009,8.778333333333332,12.36,5.07,7.98
19949,12,5,4,2009,8.580833333333334,11.16,5.38,7.85
19950,12,6,4,2009,8.389999999999999,11.05,5.3500000000000005,7.82
19951,12,7,4,2009,7.7941666666666665,11.31,5.08,7.62
19952,12,8,4,2009,7.367500000000001,11.75,6.07,8.6
19953,12,9,4,2009,7.064166666666666,11.49,5.98,8.47
19954,12,10,4,2009,6.801666666666667,10.69,5.74,8.040000000000001
19955,12,11,4,2009,6.564166666666666,10.18,5.47,7.65
19956,12,12,4,2009,6.305833333333333,8.47,4.37,6.16
19957,12,13,4,2009,6.6691666666666665,8.16,5.67,7.04
19958,12,14,4,2009,7.220833333333332,8.25,6.09,7.47
19959,12,15,4,2009,8.306666666666667,8.950000000000003,6.63,8.13
19960,12,16,4,2009,9.082500000000001,8.92,6.6000000000000005,8.1
19961,12,17,4,2009,9.955833333333334,9.0,6.78,8.24
19962,12,18,4,2009,10.883333333333335,9.41,6.99,8.57
19963,12,19,4,2009,11.875,9.99,7.32,9.02
19964,12,20,4,2009,11.681666666666665,10.71,7.86,9.69
19965,12,21,4,2009,10.875833333333333,12.32,9.06,11.22
19966,12,22,4,2009,10.431666666666667,11.71,8.4,10.52
19967,12,23,4,2009,9.547500000000001,11.3,7.79,9.86
19968,13,0,4,2009,8.133333333333333,8.81,5.71,7.46
19969,13,1,4,2009,7.398333333333334,10.44,6.79,8.870000000000003
19970,13,2,4,2009,6.984166666666668,8.47,5.22,6.88
19971,13,3,4,2009,6.740000000000001,7.91,5.1000000000000005,6.6400000000000015
19972,13,4,4,2009,6.204166666666667,9.05,5.92,7.65
19973,13,5,4,2009,4.974166666666667,10.49,6.24,8.21
19974,13,6,4,2009,4.895833333333335,7.92,5.22,6.72
19975,13,7,4,2009,4.748333333333332,9.67,6.9,8.69
19976,13,8,4,2009,4.546666666666666,7.43,4.5,5.83
19977,13,9,4,2009,4.524166666666667,8.44,4.98,6.78
19978,13,10,4,2009,4.5808333333333335,9.85,6.51,8.44
19979,13,11,4,2009,4.625,9.81,6.47,8.41
19980,13,12,4,2009,4.6125,9.99,6.5,8.49
19981,13,13,4,2009,4.523333333333333,10.24,7.11,9.03
19982,13,14,4,2009,4.389166666666667,11.07,7.85,9.87
19983,13,15,4,2009,4.955000000000001,10.63,7.73,9.64
19984,13,16,4,2009,6.212500000000001,10.07,7.25,9.05
19985,13,17,4,2009,7.211666666666667,10.42,7.48,9.34
19986,13,18,4,2009,8.452499999999999,10.63,7.61,9.49
19987,13,19,4,2009,9.358333333333333,10.82,7.8,9.68
19988,13,20,4,2009,9.8125,10.2,7.4,9.14
19989,13,21,4,2009,10.1625,9.21,6.6000000000000005,8.22
19990,13,22,4,2009,10.334166666666667,10.29,7.2,9.09
19991,13,23,4,2009,10.193333333333333,11.28,8.14,10.19
19992,14,0,4,2009,8.714166666666666,8.68,5.76,7.4
19993,14,1,4,2009,7.6525,8.31,3.36,6.41
19994,14,2,4,2009,7.151666666666667,7.17,2.87,6.16
19995,14,3,4,2009,6.719166666666666,7.74,2.87,6.23
19996,14,4,4,2009,5.833333333333332,7.8,2.58,6.09
19997,14,5,4,2009,4.390000000000001,5.28,2.0,3.98
19998,14,6,4,2009,3.941666666666667,4.18,1.03,2.47
19999,14,7,4,2009,3.725,3.87,1.25,2.4
20000,14,8,4,2009,3.6124999999999994,4.55,2.15,3.66
20001,14,9,4,2009,3.279166666666667,5.61,3.13,5.03
20002,14,10,4,2009,2.7600000000000002,5.93,3.38,5.39
20003,14,11,4,2009,1.6425,5.96,3.39,5.46
20004,14,12,4,2009,0.5825000000000001,5.51,2.78,4.93
20005,14,13,4,2009,1.885,4.68,2.25,3.65
20006,14,14,4,2009,6.084166666666667,3.78,2.67,3.19
20007,14,15,4,2009,8.259166666666667,3.91,3.03,3.6
20008,14,16,4,2009,9.6325,3.88,3.01,3.5700000000000003
20009,14,17,4,2009,11.0375,3.51,2.82,3.29
20010,14,18,4,2009,12.299999999999999,3.39,2.71,3.16
20011,14,19,4,2009,13.3025,2.99,2.4,2.8000000000000003
20012,14,20,4,2009,14.149166666666666,2.81,2.29,2.65
20013,14,21,4,2009,14.736666666666666,2.79,2.26,2.62
20014,14,22,4,2009,15.027499999999998,2.82,2.26,2.63
20015,14,23,4,2009,14.916666666666666,3.76,2.67,3.36
20016,15,0,4,2009,13.578333333333333,5.14,2.52,4.78
20017,15,1,4,2009,11.749166666666666,5.99,2.5500000000000003,5.07
20018,15,2,4,2009,10.903333333333334,5.73,2.65,5.03
20019,15,3,4,2009,10.180833333333334,9.68,3.52,7.34
20020,15,4,4,2009,9.364166666666668,10.13,3.9,7.71
20021,15,5,4,2009,8.7175,9.6,3.74,7.6400000000000015
20022,15,6,4,2009,7.955000000000001,9.58,3.7,7.43
20023,15,7,4,2009,7.646666666666667,9.31,3.67,7.17
20024,15,8,4,2009,7.5575,9.96,3.93,7.49
20025,15,9,4,2009,7.199999999999999,10.1,4.11,7.59
20026,15,10,4,2009,7.052499999999999,9.1,3.9,7.27
20027,15,11,4,2009,6.935,8.34,4.24,6.8100000000000005
20028,15,12,4,2009,7.824166666666668,10.18,6.08,8.22
20029,15,13,4,2009,8.445833333333333,8.39,4.84,6.16
20030,15,14,4,2009,10.215833333333332,8.08,6.07,7.3900000000000015
20031,15,15,4,2009,11.820833333333335,8.68,6.44,7.8900000000000015
20032,15,16,4,2009,13.229999999999999,7.07,5.37,6.46
20033,15,17,4,2009,14.652500000000002,8.44,6.3100000000000005,7.65
20034,15,18,4,2009,15.806666666666667,8.85,6.6000000000000005,8.02
20035,15,19,4,2009,16.717499999999998,8.96,6.66,8.1
20036,15,20,4,2009,17.345833333333335,9.52,7.0200000000000005,8.58
20037,15,21,4,2009,17.657500000000002,9.64,7.01,8.64
20038,15,22,4,2009,17.62666666666667,10.16,7.24,9.04
20039,15,23,4,2009,17.061666666666664,10.61,7.49,9.44
20040,16,0,4,2009,15.805,11.8,6.49,9.12
20041,16,1,4,2009,14.811666666666666,13.19,7.49,10.35
20042,16,2,4,2009,14.158333333333333,12.71,7.0,9.75
20043,16,3,4,2009,13.545833333333334,12.94,7.03,9.86
20044,16,4,4,2009,12.483333333333334,13.09,6.66,9.53
20045,16,5,4,2009,11.17,13.6,6.29,9.45
20046,16,6,4,2009,10.786666666666667,12.72,5.7700000000000005,8.69
20047,16,7,4,2009,11.135833333333336,13.11,7.53,10.18
20048,16,8,4,2009,11.166666666666666,12.18,6.97,9.54
20049,16,9,4,2009,10.575833333333334,10.1,4.61,6.88
20050,16,10,4,2009,10.421666666666665,11.29,5.7,8.120000000000001
20051,16,11,4,2009,10.286666666666665,9.7,5.03,7.1400000000000015
20052,16,12,4,2009,9.831666666666665,10.13,6.16,8.13
20053,16,13,4,2009,10.238333333333333,11.15,7.04,9.22
20054,16,14,4,2009,11.519166666666669,9.0,6.11,7.67
20055,16,15,4,2009,13.204166666666667,7.85,5.64,6.96
20056,16,16,4,2009,14.37583333333333,8.75,6.46,7.95
20057,16,17,4,2009,15.468333333333334,9.55,7.01,8.61
20058,16,18,4,2009,17.159166666666668,10.57,7.74,9.55
20059,16,19,4,2009,18.108333333333338,10.84,8.0,9.84
20060,16,20,4,2009,18.71,10.8,7.95,9.81
20061,16,21,4,2009,19.1425,9.75,7.13,8.8
20062,16,22,4,2009,18.86916666666667,9.74,6.96,8.69
20063,16,23,4,2009,18.333333333333332,10.06,7.1000000000000005,8.950000000000003
20064,17,0,4,2009,16.566666666666666,10.28,5.64,7.54
20065,17,1,4,2009,14.598333333333331,12.57,5.21,8.64
20066,17,2,4,2009,13.944166666666668,13.7,5.82,9.31
20067,17,3,4,2009,12.706666666666669,12.58,4.78,8.18
20068,17,4,4,2009,11.712499999999999,12.59,4.66,8.03
20069,17,5,4,2009,10.51,12.44,3.89,7.32
20070,17,6,4,2009,9.404166666666667,11.88,2.96,6.6000000000000005
20071,17,7,4,2009,8.602500000000001,11.37,2.14,5.94
20072,17,8,4,2009,8.013333333333334,11.33,1.92,5.59
20073,17,9,4,2009,7.566666666666667,11.54,3.02,6.5600000000000005
20074,17,10,4,2009,7.180833333333332,11.58,3.37,7.1000000000000005
20075,17,11,4,2009,6.895833333333335,11.6,3.41,7.07
20076,17,12,4,2009,7.444166666666667,10.23,3.99,6.23
20077,17,13,4,2009,9.539166666666667,7.92,4.24,5.74
20078,17,14,4,2009,11.564166666666665,5.91,4.5,5.42
20079,17,15,4,2009,13.380833333333333,6.1400000000000015,4.65,5.61
20080,17,16,4,2009,14.950833333333334,6.12,4.64,5.59
20081,17,17,4,2009,16.223333333333333,5.8500000000000005,4.51,5.39
20082,17,18,4,2009,17.263333333333335,6.0,4.63,5.53
20083,17,19,4,2009,18.205833333333334,6.63,5.07,6.09
20084,17,20,4,2009,18.929166666666664,6.96,5.26,6.37
20085,17,21,4,2009,19.263333333333335,7.42,5.57,6.76
20086,17,22,4,2009,19.496666666666666,7.72,5.65,6.96
20087,17,23,4,2009,19.285,8.26,5.58,7.03
20088,18,0,4,2009,18.313333333333336,8.59,4.94,6.75
20089,18,1,4,2009,17.168333333333333,9.52,3.96,6.3
20090,18,2,4,2009,16.707500000000003,10.16,3.74,6.26
20091,18,3,4,2009,15.862499999999999,9.98,2.9,5.64
20092,18,4,4,2009,15.119166666666667,10.01,3.42,5.82
20093,18,5,4,2009,15.026666666666669,9.25,2.92,5.16
20094,18,6,4,2009,15.046666666666669,8.78,3.34,5.62
20095,18,7,4,2009,14.405833333333334,8.78,3.66,5.68
20096,18,8,4,2009,13.720833333333333,7.42,3.1,4.7
20097,18,9,4,2009,13.448333333333332,5.5200000000000005,2.33,3.54
20098,18,10,4,2009,13.355833333333335,5.49,3.38,4.46
20099,18,11,4,2009,13.229999999999999,6.18,3.87,5.1000000000000005
20100,18,12,4,2009,13.231666666666667,6.13,3.66,4.9
20101,18,13,4,2009,13.3825,6.05,3.64,4.88
20102,18,14,4,2009,13.514166666666668,5.69,3.3200000000000003,4.54
20103,18,15,4,2009,15.07166666666667,4.04,3.23,3.84
20104,18,16,4,2009,16.359166666666667,3.29,2.68,3.13
20105,18,17,4,2009,17.470833333333335,1.77,1.46,1.68
20106,18,18,4,2009,18.035833333333333,1.61,1.38,1.55
20107,18,19,4,2009,18.597499999999997,2.67,2.36,2.7
20108,18,20,4,2009,19.658333333333335,2.4,1.88,2.22
20109,18,21,4,2009,20.137500000000003,2.9,2.23,2.65
20110,18,22,4,2009,19.6225,6.68,5.07,6.15
20111,18,23,4,2009,18.9575,6.67,4.43,5.72
20112,19,0,4,2009,17.854166666666668,8.370000000000001,5.0200000000000005,6.88
20113,19,1,4,2009,15.135833333333332,8.07,4.57,6.55
20114,19,2,4,2009,14.62083333333333,5.46,3.36,5.0600000000000005
20115,19,3,4,2009,14.376666666666667,10.18,5.41,8.120000000000001
20116,19,4,4,2009,13.165,11.11,5.17,7.99
20117,19,5,4,2009,12.267499999999998,11.28,4.93,7.65
20118,19,6,4,2009,11.848333333333334,11.12,6.3100000000000005,8.51
20119,19,7,4,2009,11.983333333333333,10.57,6.48,8.45
20120,19,8,4,2009,11.930833333333332,10.39,6.6000000000000005,8.57
20121,19,9,4,2009,12.148333333333333,10.74,6.41,8.69
20122,19,10,4,2009,11.915000000000001,11.28,7.13,9.35
20123,19,11,4,2009,11.35,11.59,7.42,9.68
20124,19,12,4,2009,10.582499999999998,11.3,7.38,9.54
20125,19,13,4,2009,10.068333333333333,12.32,8.61,10.88
20126,19,14,4,2009,9.751666666666665,12.94,9.2,11.56
20127,19,15,4,2009,10.486666666666666,12.4,8.81,11.05
20128,19,16,4,2009,11.175833333333335,12.09,8.620000000000001,10.8
20129,19,17,4,2009,12.219166666666666,11.82,8.47,10.55
20130,19,18,4,2009,13.404166666666669,12.26,8.76,10.9
20131,19,19,4,2009,14.5875,13.01,9.26,11.56
20132,19,20,4,2009,15.289166666666667,13.03,9.28,11.58
20133,19,21,4,2009,15.661666666666669,13.45,9.45,11.88
20134,19,22,4,2009,15.743333333333332,13.61,9.5,12.0
20135,19,23,4,2009,15.445833333333335,13.28,9.17,11.65
20136,20,0,4,2009,14.254166666666668,11.06,6.58,8.82
20137,20,1,4,2009,12.601666666666667,13.38,4.86,8.51
20138,20,2,4,2009,11.720833333333333,13.84,4.93,8.56
20139,20,3,4,2009,11.1775,12.85,5.38,8.93
20140,20,4,4,2009,10.614166666666664,11.93,5.23,8.77
20141,20,5,4,2009,10.235833333333334,12.0,4.5200000000000005,8.57
20142,20,6,4,2009,9.604166666666666,9.17,4.19,7.55
20143,20,7,4,2009,8.905,9.02,4.64,7.8900000000000015
20144,20,8,4,2009,8.143333333333333,9.67,4.86,8.45
20145,20,9,4,2009,8.049166666666666,11.23,5.01,8.67
20146,20,10,4,2009,7.553333333333334,12.18,5.3100000000000005,9.06
20147,20,11,4,2009,6.880833333333334,11.99,5.04,8.48
20148,20,12,4,2009,7.515000000000001,11.91,5.43,8.370000000000001
20149,20,13,4,2009,9.865833333333335,9.92,5.8,7.57
20150,20,14,4,2009,11.478333333333333,9.48,6.8500000000000005,8.46
20151,20,15,4,2009,12.351666666666665,10.03,7.19,8.88
20152,20,16,4,2009,13.323333333333332,12.48,8.8,11.0
20153,20,17,4,2009,14.093333333333334,14.03,9.92,12.4
20154,20,18,4,2009,14.580833333333333,14.37,10.14,12.67
20155,20,19,4,2009,14.996666666666668,14.38,10.17,12.68
20156,20,20,4,2009,15.239166666666668,14.09,9.84,12.31
20157,20,21,4,2009,15.28,14.4,10.01,12.55
20158,20,22,4,2009,15.140833333333331,14.06,9.71,12.23
20159,20,23,4,2009,14.653333333333334,13.82,9.35,11.94
20160,21,0,4,2009,13.193333333333335,12.62,7.49,10.07
20161,21,1,4,2009,11.436666666666667,12.78,4.57,8.36
20162,21,2,4,2009,10.245833333333334,11.44,4.33,7.91
20163,21,3,4,2009,9.230833333333333,11.68,4.41,8.02
20164,21,4,4,2009,8.463333333333335,12.22,4.33,8.1
20165,21,5,4,2009,8.046666666666667,12.61,5.0200000000000005,8.5
20166,21,6,4,2009,7.927499999999999,13.08,5.25,8.67
20167,21,7,4,2009,6.87,12.95,4.95,8.540000000000001
20168,21,8,4,2009,6.074999999999999,12.1,4.19,8.14
20169,21,9,4,2009,6.1383333333333345,11.87,4.84,8.47
20170,21,10,4,2009,5.578333333333334,11.51,4.79,8.21
20171,21,11,4,2009,4.884166666666665,10.96,4.94,8.33
20172,21,12,4,2009,5.32,10.95,5.24,8.31
20173,21,13,4,2009,6.915833333333333,9.08,5.01,6.76
20174,21,14,4,2009,8.775833333333335,7.79,5.76,7.05
20175,21,15,4,2009,10.554166666666669,7.38,5.48,6.68
20176,21,16,4,2009,12.263333333333334,7.56,5.57,6.8
20177,21,17,4,2009,13.587500000000004,6.82,5.04,6.12
20178,21,18,4,2009,14.631666666666666,6.13,4.55,5.51
20179,21,19,4,2009,15.540833333333332,5.84,4.3500000000000005,5.26
20180,21,20,4,2009,16.500833333333333,4.7700000000000005,3.53,4.26
20181,21,21,4,2009,17.340833333333332,4.73,3.44,4.18
20182,21,22,4,2009,17.900000000000002,4.0600000000000005,2.98,3.61
20183,21,23,4,2009,18.20916666666667,2.19,1.52,1.87
20184,22,0,4,2009,16.9075,3.81,1.84,3.27
20185,22,1,4,2009,14.090000000000002,6.29,2.91,5.48
20186,22,2,4,2009,12.678333333333335,7.47,2.95,6.15
20187,22,3,4,2009,12.25,7.49,3.5700000000000003,6.87
20188,22,4,4,2009,11.839166666666666,7.15,3.66,6.8900000000000015
20189,22,5,4,2009,11.376666666666667,7.6400000000000015,3.61,7.12
20190,22,6,4,2009,10.835833333333333,8.25,3.96,7.05
20191,22,7,4,2009,10.299166666666666,8.48,3.92,7.61
20192,22,8,4,2009,10.023333333333335,8.120000000000001,3.93,7.44
20193,22,9,4,2009,9.720833333333333,8.040000000000001,4.21,7.52
20194,22,10,4,2009,9.176666666666666,8.22,4.33,7.51
20195,22,11,4,2009,9.569166666666666,6.44,4.24,7.38
20196,22,12,4,2009,9.983333333333333,4.62,3.82,5.48
20197,22,13,4,2009,11.495833333333335,4.49,2.48,3.99
20198,22,14,4,2009,14.880833333333333,2.15,1.42,1.59
20199,22,15,4,2009,17.905833333333334,2.32,1.96,2.26
20200,22,16,4,2009,19.99833333333333,1.69,1.53,1.69
20201,22,17,4,2009,21.348333333333333,2.19,1.87,2.12
20202,22,18,4,2009,22.45,2.57,2.13,2.44
20203,22,19,4,2009,23.325000000000003,2.89,2.37,2.74
20204,22,20,4,2009,24.000833333333333,3.85,3.01,3.5500000000000003
20205,22,21,4,2009,24.464166666666667,4.26,3.26,3.89
20206,22,22,4,2009,24.68166666666667,5.2,3.82,4.69
20207,22,23,4,2009,24.396666666666665,6.0600000000000005,4.2700000000000005,5.4
20208,23,0,4,2009,22.617500000000003,8.48,3.64,6.8100000000000005
20209,23,1,4,2009,20.90416666666667,10.0,4.32,7.82
20210,23,2,4,2009,19.955000000000002,12.45,5.3100000000000005,8.9
20211,23,3,4,2009,19.31416666666667,13.83,6.13,9.75
20212,23,4,4,2009,18.66916666666667,14.21,6.51,10.14
20213,23,5,4,2009,18.307499999999997,14.69,7.08,10.7
20214,23,6,4,2009,17.861666666666668,14.79,7.32,10.87
20215,23,7,4,2009,17.49916666666667,14.28,7.09,10.59
20216,23,8,4,2009,17.153333333333332,15.4,7.83,11.4
20217,23,9,4,2009,16.900000000000006,14.03,7.63,11.02
20218,23,10,4,2009,15.681666666666665,11.82,5.28,8.36
20219,23,11,4,2009,14.329166666666667,6.43,3.26,6.25
20220,23,12,4,2009,13.917500000000002,4.22,2.68,5.15
20221,23,13,4,2009,15.94333333333333,5.54,3.42,3.92
20222,23,14,4,2009,18.510833333333334,4.69,3.73,4.32
20223,23,15,4,2009,20.604166666666668,4.04,3.38,3.91
20224,23,16,4,2009,22.89333333333333,4.37,3.45,4.07
20225,23,17,4,2009,24.501666666666665,4.66,3.7,4.36
20226,23,18,4,2009,25.566666666666666,4.67,3.63,4.3
20227,23,19,4,2009,26.416666666666668,4.67,3.62,4.3
20228,23,20,4,2009,27.07083333333333,5.15,3.94,4.72
20229,23,21,4,2009,27.583333333333332,5.93,4.5600000000000005,5.49
20230,23,22,4,2009,27.671666666666663,6.16,4.66,5.68
20231,23,23,4,2009,27.381666666666664,6.26,4.38,5.5200000000000005
20232,24,0,4,2009,25.3925,9.0,3.79,7.13
20233,24,1,4,2009,23.644166666666667,10.55,4.91,8.36
20234,24,2,4,2009,23.008333333333336,12.09,5.62,9.24
20235,24,3,4,2009,22.306666666666672,14.82,5.84,9.61
20236,24,4,4,2009,21.450833333333332,15.04,6.3,10.03
20237,24,5,4,2009,21.18,14.94,6.54,10.45
20238,24,6,4,2009,20.355,14.59,6.42,10.22
20239,24,7,4,2009,19.3175,15.12,7.13,10.69
20240,24,8,4,2009,18.7775,15.97,7.26,10.97
20241,24,9,4,2009,18.015833333333333,15.47,7.3,10.85
20242,24,10,4,2009,17.439166666666665,15.8,7.8900000000000015,11.4
20243,24,11,4,2009,17.285,15.68,7.97,11.47
20244,24,12,4,2009,17.729166666666668,15.5,9.62,12.62
20245,24,13,4,2009,19.7325,14.99,9.49,12.44
20246,24,14,4,2009,21.531666666666666,12.34,8.85,11.0
20247,24,15,4,2009,23.21083333333333,12.67,9.19,11.37
20248,24,16,4,2009,24.624166666666667,13.05,9.38,11.66
20249,24,17,4,2009,26.174999999999997,13.78,9.73,12.16
20250,24,18,4,2009,27.509166666666662,15.13,10.58,13.27
20251,24,19,4,2009,28.56083333333333,15.55,10.82,13.62
20252,24,20,4,2009,29.079166666666666,16.03,11.18,14.07
20253,24,21,4,2009,29.147500000000008,16.03,11.13,14.01
20254,24,22,4,2009,28.78333333333333,16.89,11.51,14.69
20255,24,23,4,2009,27.99416666666667,16.63,11.3,14.44
20256,25,0,4,2009,26.436666666666667,15.27,8.66,11.64
20257,25,1,4,2009,24.66166666666666,15.41,8.33,11.73
20258,25,2,4,2009,23.395833333333332,14.47,7.46,10.75
20259,25,3,4,2009,22.453333333333333,16.29,9.2,12.68
20260,25,4,4,2009,21.343333333333334,16.21,9.04,12.5
20261,25,5,4,2009,19.349166666666665,9.71,2.24,5.26
20262,25,6,4,2009,19.326666666666668,6.67,1.26,2.12
20263,25,7,4,2009,18.87333333333333,4.65,1.32,2.67
20264,25,8,4,2009,18.229999999999997,5.44,1.78,3.58
20265,25,9,4,2009,17.330000000000002,6.19,2.94,4.62
20266,25,10,4,2009,16.8725,7.59,3.45,5.68
20267,25,11,4,2009,16.8675,7.74,3.56,5.8
20268,25,12,4,2009,15.681666666666665,7.59,3.59,5.43
20269,25,13,4,2009,14.656666666666672,7.16,5.34,6.5600000000000005
20270,25,14,4,2009,13.468333333333334,7.3900000000000015,5.66,6.88
20271,25,15,4,2009,12.825833333333334,7.56,5.76,7.0200000000000005
20272,25,16,4,2009,12.493333333333334,7.4,5.67,6.8900000000000015
20273,25,17,4,2009,12.620833333333332,7.9,6.12,7.37
20274,25,18,4,2009,12.862499999999999,7.43,5.82,6.98
20275,25,19,4,2009,12.7575,7.5,5.93,7.09
20276,25,20,4,2009,12.539166666666668,7.88,6.1400000000000015,7.3900000000000015
20277,25,21,4,2009,12.634166666666667,7.3,5.76,6.88
20278,25,22,4,2009,12.44,7.95,6.32,7.54
20279,25,23,4,2009,11.702499999999999,7.68,5.87,7.16
20280,26,0,4,2009,10.991666666666667,4.8500000000000005,3.83,4.58
20281,26,1,4,2009,10.411666666666667,5.44,3.44,4.88
20282,26,2,4,2009,9.840833333333334,5.26,3.39,4.97
20283,26,3,4,2009,9.44,5.44,3.95,5.28
20284,26,4,4,2009,9.12,4.36,2.58,3.6
20285,26,5,4,2009,9.0475,1.98,1.88,2.98
20286,26,6,4,2009,9.013333333333334,8.6,1.66,3.94
20287,26,7,4,2009,11.760833333333332,11.54,4.73,7.25
20288,26,8,4,2009,14.770000000000001,11.35,4.97,7.46
20289,26,9,4,2009,14.908333333333331,12.6,5.39,8.31
20290,26,10,4,2009,15.605833333333331,13.27,6.17,9.26
20291,26,11,4,2009,15.238333333333332,11.71,4.7700000000000005,7.5
20292,26,12,4,2009,16.495,18.82,11.87,15.7
20293,26,13,4,2009,19.464166666666667,19.18,12.35,16.01
20294,26,14,4,2009,19.9975,17.17,12.01,15.14
20295,26,15,4,2009,19.974166666666665,17.330000000000002,12.16,15.32
20296,26,16,4,2009,20.188333333333333,16.75,11.63,14.68
20297,26,17,4,2009,21.669166666666666,17.31,11.81,14.98
20298,26,18,4,2009,22.80416666666667,18.18,12.6,15.85
20299,26,19,4,2009,23.35833333333333,17.8,12.61,15.72
20300,26,20,4,2009,23.550833333333333,19.81,13.58,17.42
20301,26,21,4,2009,16.575833333333332,19.57,13.13,16.71
20302,26,22,4,2009,16.498333333333335,18.15,11.84,15.35
20303,26,23,4,2009,16.566666666666666,14.7,9.23,12.1
20304,27,0,4,2009,16.379166666666666,15.36,9.56,12.51
20305,27,1,4,2009,16.179166666666664,16.79,10.5,13.82
20306,27,2,4,2009,15.630000000000003,16.92,11.0,14.31
20307,27,3,4,2009,15.485833333333332,17.93,11.71,15.19
20308,27,4,4,2009,15.261666666666668,12.21,7.74,10.14
20309,27,5,4,2009,14.854999999999999,9.57,5.19,7.32
20310,27,6,4,2009,14.918333333333335,10.38,6.2700000000000005,8.36
20311,27,7,4,2009,13.779166666666667,6.3500000000000005,4.13,5.13
20312,27,8,4,2009,12.6925,6.79,4.57,5.8100000000000005
20313,27,9,4,2009,11.71583333333333,7.73,4.98,6.34
20314,27,10,4,2009,11.314166666666665,7.73,4.83,6.28
20315,27,11,4,2009,10.602500000000001,8.620000000000001,5.61,7.21
20316,27,12,4,2009,9.985000000000001,8.950000000000003,6.0,7.68
20317,27,13,4,2009,8.850833333333334,10.63,6.98,8.98
20318,27,14,4,2009,8.296666666666667,8.91,6.48,8.02
20319,27,15,4,2009,7.894166666666666,9.13,6.74,8.290000000000001
20320,27,16,4,2009,7.860000000000002,9.46,6.88,8.49
20321,27,17,4,2009,7.6866666666666665,9.55,7.0200000000000005,8.65
20322,27,18,4,2009,7.680833333333333,9.47,6.95,8.58
20323,27,19,4,2009,8.465833333333334,9.17,6.65,8.25
20324,27,20,4,2009,9.455,9.37,6.82,8.55
20325,27,21,4,2009,10.593333333333334,7.54,5.53,6.84
20326,27,22,4,2009,11.821666666666667,6.63,4.88,5.94
20327,27,23,4,2009,12.143333333333333,6.88,4.92,6.15
20328,28,0,4,2009,11.354999999999999,6.36,4.44,5.61
20329,28,1,4,2009,9.533333333333333,6.51,3.33,5.68
20330,28,2,4,2009,8.417500000000002,6.16,2.49,5.18
20331,28,3,4,2009,8.3025,9.14,2.71,6.7700000000000005
20332,28,4,4,2009,7.550833333333334,8.22,2.99,6.99
20333,28,5,4,2009,7.2508333333333335,9.05,3.63,7.61
20334,28,6,4,2009,6.19,8.78,3.45,6.96
20335,28,7,4,2009,5.476666666666667,8.43,3.23,6.79
20336,28,8,4,2009,4.931666666666666,7.7,2.85,6.3500000000000005
20337,28,9,4,2009,4.245833333333333,7.09,2.48,5.66
20338,28,10,4,2009,3.5741666666666667,5.46,2.05,4.5
20339,28,11,4,2009,2.748333333333333,5.57,1.78,3.7
20340,28,12,4,2009,3.3541666666666665,5.59,2.1,3.81
20341,28,13,4,2009,5.435833333333334,4.3100000000000005,2.19,2.62
20342,28,14,4,2009,7.5325,3.93,3.09,3.65
20343,28,15,4,2009,9.186666666666666,3.9,3.08,3.62
20344,28,16,4,2009,10.710833333333332,3.46,2.78,3.23
20345,28,17,4,2009,12.156666666666666,3.16,2.58,2.98
20346,28,18,4,2009,13.597499999999998,3.3200000000000003,2.74,3.16
20347,28,19,4,2009,14.93,4.2700000000000005,3.4,3.98
20348,28,20,4,2009,16.153333333333336,4.6000000000000005,3.63,4.28
20349,28,21,4,2009,17.049166666666668,5.2,3.99,4.7700000000000005
20350,28,22,4,2009,17.456666666666667,5.2,3.96,4.74
20351,28,23,4,2009,17.464166666666667,5.14,3.81,4.62
20352,29,0,4,2009,16.63666666666667,8.27,4.58,6.69
20353,29,1,4,2009,14.8775,9.04,4.46,7.04
20354,29,2,4,2009,13.68,11.68,4.5,7.95
20355,29,3,4,2009,13.312499999999998,12.9,5.75,8.92
20356,29,4,4,2009,12.781666666666666,13.1,5.69,8.89
20357,29,5,4,2009,11.993333333333332,12.46,5.69,8.53
20358,29,6,4,2009,11.364166666666664,12.37,5.75,8.55
20359,29,7,4,2009,11.675833333333335,10.7,5.84,7.98
20360,29,8,4,2009,11.868333333333332,10.57,6.86,8.9
20361,29,9,4,2009,12.258333333333335,10.79,7.05,9.08
20362,29,10,4,2009,12.728333333333333,10.18,6.34,8.32
20363,29,11,4,2009,12.726666666666667,10.15,6.41,8.39
20364,29,12,4,2009,12.75,9.93,6.29,8.21
20365,29,13,4,2009,12.854999999999999,10.21,6.34,8.19
20366,29,14,4,2009,13.661666666666667,10.24,6.86,8.5
20367,29,15,4,2009,14.362499999999999,9.54,6.62,8.25
20368,29,16,4,2009,14.65,11.74,7.55,9.85
20369,29,17,4,2009,16.49083333333333,10.22,7.3900000000000015,9.13
20370,29,18,4,2009,18.283333333333335,9.83,7.13,8.78
20371,29,19,4,2009,19.5825,9.52,7.0600000000000005,8.61
20372,29,20,4,2009,20.1825,9.7,7.13,8.76
20373,29,21,4,2009,20.970833333333335,9.79,7.05,8.78
20374,29,22,4,2009,20.919166666666666,8.15,6.13,7.44
20375,29,23,4,2009,21.030833333333334,6.96,4.99,6.15
20376,30,0,4,2009,20.018333333333334,8.77,5.5200000000000005,7.17
20377,30,1,4,2009,18.29416666666667,9.88,4.62,7.05
20378,30,2,4,2009,17.23916666666667,10.03,4.78,7.17
20379,30,3,4,2009,16.741666666666664,9.3,4.28,6.49
20380,30,4,4,2009,16.530833333333334,8.69,3.85,5.61
20381,30,5,4,2009,17.03166666666667,8.49,4.54,6.25
20382,30,6,4,2009,16.676666666666666,8.77,3.8,6.33
20383,30,7,4,2009,15.281666666666665,7.68,4.01,5.57
20384,30,8,4,2009,14.790000000000001,7.81,3.45,5.29
20385,30,9,4,2009,14.7425,6.63,3.43,5.53
20386,30,10,4,2009,14.829166666666664,5.2,2.86,4.97
20387,30,11,4,2009,15.030833333333334,5.49,3.16,4.74
20388,30,12,4,2009,14.104166666666664,4.5,1.7,2.49
20389,30,13,4,2009,14.531666666666666,4.2,2.29,3.09
20390,30,14,4,2009,16.47583333333333,3.3200000000000003,2.31,2.69
20391,30,15,4,2009,17.249166666666667,3.6,2.44,3.21
20392,30,16,4,2009,17.751666666666665,7.99,5.91,7.32
20393,30,17,4,2009,18.395833333333336,3.65,2.9,3.42
20394,30,18,4,2009,19.7925,4.74,3.94,4.57
20395,30,19,4,2009,20.840000000000003,3.91,3.21,3.73
20396,30,20,4,2009,21.897499999999997,3.23,2.53,2.98
20397,30,21,4,2009,20.865833333333335,9.21,6.8500000000000005,8.47
20398,30,22,4,2009,20.327499999999997,8.14,6.11,7.45
20399,30,23,4,2009,19.90166666666667,8.14,5.97,7.37
20400,1,0,5,2009,18.915833333333335,9.22,5.3100000000000005,6.86
20401,1,1,5,2009,17.405,9.17,4.48,6.87
20402,1,2,5,2009,17.058333333333337,9.07,4.66,6.86
20403,1,3,5,2009,16.797500000000003,8.75,4.09,6.3900000000000015
20404,1,4,5,2009,16.531666666666666,9.06,3.9,6.58
20405,1,5,5,2009,16.201666666666664,7.55,3.39,5.42
20406,1,6,5,2009,15.513333333333334,10.98,5.6000000000000005,8.1
20407,1,7,5,2009,14.525,10.57,5.59,7.9300000000000015
20408,1,8,5,2009,13.209166666666668,8.94,5.14,6.9
20409,1,9,5,2009,12.690000000000003,9.8,5.62,7.84
20410,1,10,5,2009,12.068333333333333,10.13,6.17,8.2
20411,1,11,5,2009,11.49916666666667,10.06,6.29,8.3
20412,1,12,5,2009,11.0175,9.69,6.16,8.05
20413,1,13,5,2009,10.686666666666667,10.76,7.4,9.35
20414,1,14,5,2009,10.339166666666666,10.69,7.69,9.47
20415,1,15,5,2009,9.494166666666668,9.19,6.74,8.290000000000001
20416,1,16,5,2009,9.0225,8.02,6.05,7.35
20417,1,17,5,2009,8.880833333333333,7.43,5.5200000000000005,6.74
20418,1,18,5,2009,9.355833333333331,5.5,4.14,5.0
20419,1,19,5,2009,11.261666666666668,1.72,1.06,1.36
20420,1,20,5,2009,14.0325,4.59,3.28,4.0200000000000005
20421,1,21,5,2009,15.604166666666664,5.5600000000000005,4.25,5.07
20422,1,22,5,2009,15.918333333333335,4.34,3.28,3.94
20423,1,23,5,2009,15.899166666666668,4.32,3.3000000000000003,3.94
20424,2,0,5,2009,15.118333333333332,4.1,2.98,3.94
20425,2,1,5,2009,13.616666666666667,4.57,1.5,3.11
20426,2,2,5,2009,13.315833333333332,2.95,0.6,1.31
20427,2,3,5,2009,13.152499999999998,2.41,0.46,1.31
20428,2,4,5,2009,12.844166666666665,3.1,0.9,1.96
20429,2,5,5,2009,12.579166666666666,2.93,0.62,1.54
20430,2,6,5,2009,12.469166666666668,2.63,0.62,1.5
20431,2,7,5,2009,12.277499999999998,3.45,0.94,2.04
20432,2,8,5,2009,11.920000000000002,3.06,0.71,1.64
20433,2,9,5,2009,11.629166666666665,2.11,0.94,1.37
20434,2,10,5,2009,11.2875,2.19,1.03,1.68
20435,2,11,5,2009,10.463333333333333,2.13,1.07,1.75
20436,2,12,5,2009,10.505,1.9,1.04,1.67
20437,2,13,5,2009,12.15,1.29,0.8,0.95
20438,2,14,5,2009,13.601666666666665,1.29,1.1,1.23
20439,2,15,5,2009,14.535833333333336,1.52,1.33,1.47
20440,2,16,5,2009,15.2475,2.27,1.89,2.15
20441,2,17,5,2009,15.963333333333333,2.5500000000000003,2.15,2.44
20442,2,18,5,2009,16.5425,2.5500000000000003,2.28,2.53
20443,2,19,5,2009,16.988333333333333,2.53,2.27,2.51
20444,2,20,5,2009,17.496666666666666,1.85,1.66,1.83
20445,2,21,5,2009,17.8475,2.08,1.83,2.05
20446,2,22,5,2009,18.005,2.86,2.33,2.7
20447,2,23,5,2009,17.977500000000003,3.65,2.9,3.45
20448,3,0,5,2009,17.400000000000002,3.56,2.85,3.38
20449,3,1,5,2009,16.171666666666667,3.76,1.96,3.39
20450,3,2,5,2009,15.343333333333334,2.94,1.96,3.21
20451,3,3,5,2009,14.678333333333333,3.83,1.1,2.51
20452,3,4,5,2009,14.186666666666667,4.42,0.98,2.5500000000000003
20453,3,5,5,2009,13.621666666666664,4.82,0.75,2.59
20454,3,6,5,2009,13.028333333333334,3.99,1.54,2.57
20455,3,7,5,2009,12.896666666666668,3.89,0.97,2.31
20456,3,8,5,2009,12.580833333333333,3.98,0.8300000000000001,2.39
20457,3,9,5,2009,11.96583333333333,3.91,0.88,2.38
20458,3,10,5,2009,11.410833333333334,2.87,0.49,1.5
20459,3,11,5,2009,10.715000000000002,2.74,0.61,1.61
20460,3,12,5,2009,10.986666666666666,2.68,0.73,1.35
20461,3,13,5,2009,12.740833333333333,2.37,1.28,1.44
20462,3,14,5,2009,14.512500000000001,2.38,1.92,2.22
20463,3,15,5,2009,15.821666666666665,3.44,2.73,3.2
20464,3,16,5,2009,16.763333333333332,3.61,2.87,3.36
20465,3,17,5,2009,17.575833333333332,3.67,2.93,3.42
20466,3,18,5,2009,18.2625,3.88,3.13,3.64
20467,3,19,5,2009,18.7975,3.78,3.06,3.56
20468,3,20,5,2009,19.250833333333336,3.34,2.75,3.16
20469,3,21,5,2009,19.484166666666667,3.18,2.59,2.98
20470,3,22,5,2009,19.485,2.69,2.34,2.64
20471,3,23,5,2009,19.358333333333334,2.04,1.64,1.93
20472,4,0,5,2009,18.8125,1.46,1.11,1.35
20473,4,1,5,2009,17.9125,1.22,0.48,0.72
20474,4,2,5,2009,17.5225,2.26,0.99,1.86
20475,4,3,5,2009,17.24666666666667,8.33,5.05,6.91
20476,4,4,5,2009,15.053333333333336,8.92,5.44,7.31
20477,4,5,5,2009,14.452499999999999,6.67,3.6,5.0200000000000005
20478,4,6,5,2009,14.149166666666666,6.53,3.0500000000000003,4.67
20479,4,7,5,2009,14.046666666666667,7.26,3.62,5.33
20480,4,8,5,2009,13.895833333333334,7.41,3.7,5.39
20481,4,9,5,2009,13.620000000000003,7.43,3.45,5.19
20482,4,10,5,2009,13.262500000000003,7.2,2.73,4.67
20483,4,11,5,2009,12.838333333333333,6.75,2.41,4.3500000000000005
20484,4,12,5,2009,13.1175,6.7,2.93,4.25
20485,4,13,5,2009,14.285833333333331,4.25,2.82,3.38
20486,4,14,5,2009,15.708333333333334,2.84,2.3000000000000003,2.7
20487,4,15,5,2009,16.542499999999997,1.93,1.48,1.74
20488,4,16,5,2009,17.655833333333334,3.86,2.96,3.53
20489,4,17,5,2009,18.568333333333335,4.2700000000000005,3.41,3.99
20490,4,18,5,2009,19.078333333333333,5.29,4.19,4.92
20491,4,19,5,2009,19.216666666666665,6.55,4.91,5.97
20492,4,20,5,2009,18.916666666666668,8.370000000000001,6.46,7.8
20493,4,21,5,2009,20.003333333333334,7.22,5.2700000000000005,6.49
20494,4,22,5,2009,19.300833333333333,8.55,6.55,7.9300000000000015
20495,4,23,5,2009,18.950000000000003,7.78,5.04,6.68
20496,5,0,5,2009,18.855833333333333,6.1400000000000015,4.03,5.13
20497,5,1,5,2009,17.120833333333334,7.92,3.44,6.53
20498,5,2,5,2009,15.992500000000001,11.05,3.84,7.57
20499,5,3,5,2009,15.290000000000001,11.51,4.43,8.19
20500,5,4,5,2009,14.923333333333334,12.85,5.82,8.82
20501,5,5,5,2009,14.745,12.68,5.89,8.89
20502,5,6,5,2009,13.845833333333333,12.42,5.05,8.15
20503,5,7,5,2009,14.183333333333332,12.05,5.49,7.95
20504,5,8,5,2009,13.929166666666667,11.11,5.44,7.74
20505,5,9,5,2009,13.224166666666667,10.11,4.98,7.27
20506,5,10,5,2009,14.120833333333335,11.76,7.08,9.51
20507,5,11,5,2009,12.856666666666664,9.62,3.51,6.3100000000000005
20508,5,12,5,2009,13.184166666666664,9.58,4.96,6.78
20509,5,13,5,2009,14.395000000000001,6.49,4.33,5.3
20510,5,14,5,2009,16.215,6.66,4.86,5.95
20511,5,15,5,2009,17.53333333333333,6.96,5.15,6.26
20512,5,16,5,2009,18.57,6.8100000000000005,5.07,6.15
20513,5,17,5,2009,19.613333333333333,6.67,4.97,6.0200000000000005
20514,5,18,5,2009,20.685,6.74,4.97,6.04
20515,5,19,5,2009,21.599999999999998,6.78,5.0,6.08
20516,5,20,5,2009,22.112499999999997,7.6400000000000015,5.69,6.91
20517,5,21,5,2009,22.714166666666667,8.25,5.93,7.32
20518,5,22,5,2009,22.5,11.23,8.14,10.13
20519,5,23,5,2009,21.713333333333335,10.76,7.71,9.63
20520,6,0,5,2009,21.034166666666668,9.94,5.98,8.15
20521,6,1,5,2009,19.477499999999996,10.12,4.04,6.67
20522,6,2,5,2009,19.0025,10.3,4.86,7.21
20523,6,3,5,2009,18.84416666666667,9.88,5.04,7.26
20524,6,4,5,2009,17.915000000000003,7.52,3.3200000000000003,4.93
20525,6,5,5,2009,17.48166666666667,10.68,6.32,8.58
20526,6,6,5,2009,17.020833333333332,10.83,6.53,8.8
20527,6,7,5,2009,15.97166666666667,11.17,5.05,7.88
20528,6,8,5,2009,14.930833333333338,11.09,4.9,7.71
20529,6,9,5,2009,14.188333333333333,10.57,4.75,7.29
20530,6,10,5,2009,13.610833333333334,10.11,4.23,6.86
20531,6,11,5,2009,13.280833333333334,8.66,4.19,6.33
20532,6,12,5,2009,13.381666666666668,8.38,4.19,5.94
20533,6,13,5,2009,14.163333333333334,5.82,3.54,4.36
20534,6,14,5,2009,15.075000000000003,8.56,6.46,7.81
20535,6,15,5,2009,16.231666666666666,7.54,5.83,6.99
20536,6,16,5,2009,18.581666666666667,8.25,6.08,7.42
20537,6,17,5,2009,20.810833333333335,8.89,6.49,7.97
20538,6,18,5,2009,21.89833333333333,8.97,6.57,8.040000000000001
20539,6,19,5,2009,23.236666666666665,8.21,5.99,7.31
20540,6,20,5,2009,24.433333333333334,7.21,5.2700000000000005,6.54
20541,6,21,5,2009,26.33833333333334,9.61,6.8100000000000005,8.46
20542,6,22,5,2009,26.468333333333334,9.87,6.9,8.66
20543,6,23,5,2009,25.871666666666666,9.73,6.42,8.28
20544,7,0,5,2009,24.1725,9.7,5.0,6.84
20545,7,1,5,2009,21.679999999999996,8.57,2.62,5.73
20546,7,2,5,2009,20.765,7.88,2.67,5.78
20547,7,3,5,2009,19.784166666666668,8.1,3.3000000000000003,7.07
20548,7,4,5,2009,18.961666666666666,8.55,3.13,6.86
20549,7,5,5,2009,18.279166666666665,8.44,3.38,7.18
20550,7,6,5,2009,17.628333333333334,7.05,3.13,6.13
20551,7,7,5,2009,17.65083333333333,5.29,1.63,3.79
20552,7,8,5,2009,18.139166666666668,0.93,1.89,1.97
20553,7,9,5,2009,18.064166666666665,5.58,3.78,5.26
20554,7,10,5,2009,17.880000000000003,4.3500000000000005,3.19,4.43
20555,7,11,5,2009,18.03166666666667,6.36,3.23,4.68
20556,7,12,5,2009,16.959999999999997,7.47,2.11,4.15
20557,7,13,5,2009,18.291666666666668,6.75,4.07,5.0600000000000005
20558,7,14,5,2009,20.53333333333333,6.21,4.57,5.54
20559,7,15,5,2009,22.78916666666667,8.03,5.78,7.09
20560,7,16,5,2009,24.674166666666668,9.48,6.8900000000000015,8.45
20561,7,17,5,2009,25.595833333333335,9.41,6.8,8.34
20562,7,18,5,2009,26.22333333333333,10.45,7.45,9.28
20563,7,19,5,2009,27.053333333333338,10.0,7.26,8.92
20564,7,20,5,2009,26.623333333333335,12.34,9.25,11.32
20565,7,21,5,2009,21.325000000000003,11.51,7.86,10.2
20566,7,22,5,2009,20.2975,11.87,7.17,9.72
20567,7,23,5,2009,21.87166666666667,5.54,4.74,5.51
20568,8,0,5,2009,21.52,7.47,4.94,6.4
20569,8,1,5,2009,19.816666666666666,6.5600000000000005,4.5600000000000005,7.1400000000000015
20570,8,2,5,2009,18.875,6.21,4.43,6.79
20571,8,3,5,2009,18.676666666666666,6.0600000000000005,3.92,6.26
20572,8,4,5,2009,19.305833333333336,5.25,3.53,5.43
20573,8,5,5,2009,19.84916666666667,4.0,2.3000000000000003,3.62
20574,8,6,5,2009,18.741666666666667,5.11,2.94,4.79
20575,8,7,5,2009,18.629166666666666,10.03,4.79,7.17
20576,8,8,5,2009,18.675,7.73,4.37,6.53
20577,8,9,5,2009,17.28916666666667,10.56,6.24,8.63
20578,8,10,5,2009,15.821666666666665,10.78,6.3500000000000005,8.57
20579,8,11,5,2009,15.515833333333331,9.56,4.7700000000000005,6.8500000000000005
20580,8,12,5,2009,15.434166666666663,6.92,2.7,4.29
20581,8,13,5,2009,15.553333333333333,5.97,2.8000000000000003,4.13
20582,8,14,5,2009,15.005,6.62,4.04,5.54
20583,8,15,5,2009,16.243333333333336,8.19,5.33,6.86
20584,8,16,5,2009,16.57916666666667,8.33,5.34,6.86
20585,8,17,5,2009,19.24833333333333,4.8,3.65,4.36
20586,8,18,5,2009,21.272499999999997,7.67,5.69,6.92
20587,8,19,5,2009,22.611666666666668,8.31,6.01,7.32
20588,8,20,5,2009,24.144166666666667,9.41,6.75,8.31
20589,8,21,5,2009,25.653333333333325,12.45,8.85,11.03
20590,8,22,5,2009,25.458333333333332,12.61,8.620000000000001,10.9
20591,8,23,5,2009,23.757500000000004,12.29,8.35,10.61
20592,9,0,5,2009,21.627499999999998,11.7,6.66,9.05
20593,9,1,5,2009,18.773333333333333,14.12,5.09,8.870000000000003
20594,9,2,5,2009,16.9875,14.44,5.53,9.32
20595,9,3,5,2009,16.080833333333334,15.82,7.1400000000000015,10.83
20596,9,4,5,2009,15.084166666666663,16.43,8.17,11.77
20597,9,5,5,2009,13.684166666666668,16.88,9.34,12.94
20598,9,6,5,2009,12.144166666666665,17.09,9.77,13.42
20599,9,7,5,2009,10.759166666666667,14.89,8.88,11.95
20600,9,8,5,2009,9.604166666666666,13.07,7.07,9.92
20601,9,9,5,2009,8.929166666666667,14.63,8.33,11.3
20602,9,10,5,2009,7.955000000000001,12.89,6.7,9.5
20603,9,11,5,2009,7.246666666666666,12.34,6.3100000000000005,9.02
20604,9,12,5,2009,7.539166666666667,11.72,7.04,9.25
20605,9,13,5,2009,8.819166666666666,8.16,5.67,7.11
20606,9,14,5,2009,10.224166666666667,7.57,5.59,6.78
20607,9,15,5,2009,11.58083333333333,7.08,5.28,6.37
20608,9,16,5,2009,12.973333333333331,7.23,5.42,6.54
20609,9,17,5,2009,14.387500000000001,7.23,5.42,6.53
20610,9,18,5,2009,15.691666666666665,6.17,4.64,5.57
20611,9,19,5,2009,16.755,5.37,4.09,4.88
20612,9,20,5,2009,17.510833333333334,5.3500000000000005,4.09,4.87
20613,9,21,5,2009,18.025833333333335,4.67,3.59,4.2700000000000005
20614,9,22,5,2009,18.261666666666667,4.3,3.31,3.92
20615,9,23,5,2009,18.24416666666667,3.76,2.87,3.43
20616,10,0,5,2009,17.5775,3.23,2.41,2.95
20617,10,1,5,2009,15.64,2.04,0.84,1.76
20618,10,2,5,2009,14.231666666666667,1.53,0.85,1.43
20619,10,3,5,2009,13.825000000000001,2.34,1.59,2.35
20620,10,4,5,2009,13.516666666666667,3.33,2.2,3.3200000000000003
20621,10,5,5,2009,12.982500000000002,4.3,2.84,4.3500000000000005
20622,10,6,5,2009,11.937499999999998,5.47,3.23,5.2
20623,10,7,5,2009,11.530833333333335,5.8100000000000005,3.47,5.5600000000000005
20624,10,8,5,2009,11.854166666666671,5.15,3.3000000000000003,5.0600000000000005
20625,10,9,5,2009,12.177500000000002,6.37,3.84,5.86
20626,10,10,5,2009,11.946666666666664,6.3,4.03,6.07
20627,10,11,5,2009,12.043333333333331,6.79,4.26,6.26
20628,10,12,5,2009,12.486666666666666,5.5200000000000005,3.41,4.8
20629,10,13,5,2009,12.904166666666667,5.42,3.24,4.43
20630,10,14,5,2009,13.847500000000002,3.15,2.42,2.85
20631,10,15,5,2009,14.93583333333333,3.67,3.02,3.52
20632,10,16,5,2009,16.019166666666667,3.72,3.08,3.59
20633,10,17,5,2009,17.505833333333335,3.25,2.54,2.98
20634,10,18,5,2009,18.303333333333335,2.96,2.35,2.73
20635,10,19,5,2009,18.768333333333334,4.14,3.38,3.91
20636,10,20,5,2009,18.525833333333335,3.68,2.92,3.41
20637,10,21,5,2009,18.198333333333334,5.41,4.19,4.98
20638,10,22,5,2009,17.533333333333335,5.32,4.28,5.05
20639,10,23,5,2009,17.295833333333334,5.21,4.24,5.0600000000000005
20640,11,0,5,2009,16.345833333333335,5.71,3.92,4.93
20641,11,1,5,2009,14.935833333333333,5.8500000000000005,3.3000000000000003,4.79
20642,11,2,5,2009,14.578333333333335,5.7700000000000005,3.28,4.68
20643,11,3,5,2009,13.978333333333333,6.08,2.83,4.19
20644,11,4,5,2009,12.373333333333333,7.85,2.68,5.0600000000000005
20645,11,5,5,2009,11.931666666666667,8.03,3.01,5.57
20646,11,6,5,2009,10.994166666666667,6.29,1.95,4.62
20647,11,7,5,2009,10.444166666666666,6.1400000000000015,2.04,4.4
20648,11,8,5,2009,10.027499999999998,4.04,1.64,3.44
20649,11,9,5,2009,9.625833333333333,2.51,1.66,2.49
20650,11,10,5,2009,9.245833333333332,2.08,1.73,2.46
20651,11,11,5,2009,8.270833333333334,3.29,2.03,3.43
20652,11,12,5,2009,9.524166666666668,2.89,2.08,2.99
20653,11,13,5,2009,11.949166666666668,1.68,1.23,1.41
20654,11,14,5,2009,13.547500000000001,2.22,1.89,2.15
20655,11,15,5,2009,14.499166666666667,2.28,1.93,2.19
20656,11,16,5,2009,15.487499999999999,1.08,1.07,1.13
20657,11,17,5,2009,16.5425,1.52,1.22,1.41
20658,11,18,5,2009,17.12916666666667,3.87,3.33,3.8
20659,11,19,5,2009,17.78166666666667,4.7,3.83,4.5200000000000005
20660,11,20,5,2009,18.387500000000006,2.95,2.27,2.67
20661,11,21,5,2009,18.951666666666668,4.47,3.3000000000000003,4.03
20662,11,22,5,2009,18.830000000000002,6.6000000000000005,4.57,5.91
20663,11,23,5,2009,18.809166666666663,8.03,5.96,7.32
20664,12,0,5,2009,18.135,7.12,4.97,6.3
20665,12,1,5,2009,16.339166666666664,8.620000000000001,3.36,6.83
20666,12,2,5,2009,15.31,9.34,3.85,7.16
20667,12,3,5,2009,14.9225,10.29,4.23,7.61
20668,12,4,5,2009,14.210833333333333,11.38,4.68,7.97
20669,12,5,5,2009,13.605833333333331,11.77,5.16,8.02
20670,12,6,5,2009,14.009999999999998,11.31,4.88,7.18
20671,12,7,5,2009,13.50166666666667,11.51,5.43,7.66
20672,12,8,5,2009,13.183333333333335,10.44,5.18,7.23
20673,12,9,5,2009,12.924999999999997,10.81,5.41,7.91
20674,12,10,5,2009,13.487499999999999,10.83,6.3100000000000005,8.47
20675,12,11,5,2009,13.504166666666665,10.51,6.05,8.17
20676,12,12,5,2009,13.352500000000001,10.04,6.0600000000000005,7.85
20677,12,13,5,2009,13.824166666666668,10.08,6.07,8.1
20678,12,14,5,2009,14.543333333333331,9.35,6.34,7.99
20679,12,15,5,2009,15.0,10.4,7.1400000000000015,9.01
20680,12,16,5,2009,16.224999999999998,11.54,8.33,10.3
20681,12,17,5,2009,17.428333333333335,11.65,8.44,10.41
20682,12,18,5,2009,18.465833333333336,12.76,9.34,11.49
20683,12,19,5,2009,19.089166666666667,12.88,9.23,11.49
20684,12,20,5,2009,17.905,12.51,8.88,11.19
20685,12,21,5,2009,17.786666666666665,12.26,8.59,10.7
20686,12,22,5,2009,17.555,11.69,7.58,9.68
20687,12,23,5,2009,17.603333333333335,13.13,8.26,10.63
20688,13,0,5,2009,17.462500000000002,14.22,8.88,11.72
20689,13,1,5,2009,16.974166666666665,14.13,8.78,11.59
20690,13,2,5,2009,17.11833333333334,14.11,8.3,11.22
20691,13,3,5,2009,17.017500000000002,14.65,8.84,11.84
20692,13,4,5,2009,17.46166666666667,13.97,8.72,11.5
20693,13,5,5,2009,17.670833333333334,14.71,9.11,12.04
20694,13,6,5,2009,17.730833333333333,14.65,8.99,11.93
20695,13,7,5,2009,17.865833333333335,15.05,9.47,12.5
20696,13,8,5,2009,17.485000000000003,11.59,6.93,9.27
20697,13,9,5,2009,17.020833333333332,6.2700000000000005,5.0,6.4
20698,13,10,5,2009,16.67166666666667,10.32,4.74,6.5600000000000005
20699,13,11,5,2009,17.149166666666666,15.92,7.84,11.47
20700,13,12,5,2009,19.111666666666665,16.65,9.47,12.66
20701,13,13,5,2009,20.12,13.83,9.37,11.85
20702,13,14,5,2009,21.19333333333333,12.74,8.99,11.26
20703,13,15,5,2009,22.096666666666668,10.59,7.79,9.57
20704,13,16,5,2009,23.593333333333334,7.61,5.5600000000000005,6.8
20705,13,17,5,2009,24.267500000000002,6.1400000000000015,4.53,5.49
20706,13,18,5,2009,23.540000000000003,7.0,5.38,6.45
20707,13,19,5,2009,22.888333333333332,7.68,5.2700000000000005,6.43
20708,13,20,5,2009,22.80416666666667,9.43,6.5,8.25
20709,13,21,5,2009,23.96833333333333,10.92,7.82,9.68
20710,13,22,5,2009,24.599166666666665,12.66,8.73,11.11
20711,13,23,5,2009,24.266666666666666,12.31,8.42,10.73
20712,14,0,5,2009,22.295,13.39,6.51,9.76
20713,14,1,5,2009,19.587500000000002,14.49,6.19,9.91
20714,14,2,5,2009,18.400000000000002,19.67,11.11,15.33
20715,14,3,5,2009,16.831666666666667,17.22,9.23,12.97
20716,14,4,5,2009,15.74,15.41,7.45,11.04
20717,14,5,5,2009,14.525000000000004,14.54,6.09,9.76
20718,14,6,5,2009,13.407499999999999,15.4,5.7700000000000005,10.24
20719,14,7,5,2009,12.121666666666664,13.94,4.82,8.8
20720,14,8,5,2009,11.3175,13.33,5.39,9.06
20721,14,9,5,2009,10.109166666666669,13.18,3.03,7.54
20722,14,10,5,2009,9.524166666666666,9.29,3.2,6.42
20723,14,11,5,2009,9.174166666666666,7.0600000000000005,2.9,5.12
20724,14,12,5,2009,10.06,6.55,3.23,5.3100000000000005
20725,14,13,5,2009,11.159166666666666,4.22,3.02,3.7
20726,14,14,5,2009,11.910833333333334,3.21,2.54,2.99
20727,14,15,5,2009,13.039166666666668,3.34,2.62,3.08
20728,14,16,5,2009,14.3825,3.64,2.89,3.38
20729,14,17,5,2009,15.854166666666666,3.1,2.48,2.89
20730,14,18,5,2009,17.243333333333336,1.54,1.27,1.45
20731,14,19,5,2009,18.584999999999997,2.56,2.04,2.37
20732,14,20,5,2009,19.565833333333334,3.13,2.41,2.85
20733,14,21,5,2009,20.265833333333337,4.0600000000000005,3.1,3.68
20734,14,22,5,2009,20.608333333333334,4.7700000000000005,3.6,4.3500000000000005
20735,14,23,5,2009,20.593333333333334,6.1000000000000005,4.4,5.49
20736,15,0,5,2009,19.698333333333334,7.52,4.21,5.94
20737,15,1,5,2009,17.77,9.15,3.71,6.46
20738,15,2,5,2009,16.8775,10.31,3.99,7.2
20739,15,3,5,2009,16.535,11.28,4.43,7.68
20740,15,4,5,2009,16.455,12.01,5.0,8.2
20741,15,5,5,2009,16.74416666666667,12.05,5.61,7.98
20742,15,6,5,2009,16.58833333333333,11.07,5.61,7.91
20743,15,7,5,2009,16.810833333333335,12.07,6.3900000000000015,8.88
20744,15,8,5,2009,16.18,12.36,5.12,8.1
20745,15,9,5,2009,16.466666666666665,12.09,5.83,8.35
20746,15,10,5,2009,15.914166666666668,11.58,6.21,8.5
20747,15,11,5,2009,15.914166666666667,11.12,6.4,8.67
20748,15,12,5,2009,16.435833333333335,10.91,6.55,8.700000000000001
20749,15,13,5,2009,17.7425,10.24,6.18,8.23
20750,15,14,5,2009,18.590833333333332,7.3900000000000015,4.39,5.78
20751,15,15,5,2009,22.055000000000003,7.6,5.08,6.5200000000000005
20752,15,16,5,2009,24.014999999999997,8.6,6.2,7.69
20753,15,17,5,2009,25.914999999999996,10.54,7.42,9.31
20754,15,18,5,2009,27.510833333333334,10.51,7.48,9.31
20755,15,19,5,2009,24.463333333333335,12.99,8.870000000000003,11.34
20756,15,20,5,2009,23.68916666666667,3.73,2.39,2.83
20757,15,21,5,2009,21.2525,9.56,6.5200000000000005,7.96
20758,15,22,5,2009,17.791666666666664,7.73,5.01,6.13
20759,15,23,5,2009,17.759166666666665,4.41,3.33,3.97
20760,16,0,5,2009,17.627499999999998,5.72,3.0700000000000003,3.95
20761,16,1,5,2009,17.264999999999997,6.2700000000000005,1.91,3.2
20762,16,2,5,2009,17.046666666666667,7.97,2.46,5.64
20763,16,3,5,2009,17.830000000000002,10.08,3.9,6.79
20764,16,4,5,2009,17.4475,13.56,5.26,8.39
20765,16,5,5,2009,15.959166666666667,16.16,6.65,10.6
20766,16,6,5,2009,14.209166666666668,16.06,6.21,10.22
20767,16,7,5,2009,12.877499999999998,14.92,5.94,9.73
20768,16,8,5,2009,10.902499999999998,13.87,5.4,9.05
20769,16,9,5,2009,9.7825,14.75,6.2,9.93
20770,16,10,5,2009,8.577500000000002,14.02,5.69,9.37
20771,16,11,5,2009,7.984166666666666,13.79,6.1000000000000005,9.52
20772,16,12,5,2009,8.060833333333333,12.79,7.78,10.27
20773,16,13,5,2009,8.818333333333333,12.14,8.65,10.75
20774,16,14,5,2009,9.635,11.79,8.44,10.49
20775,16,15,5,2009,10.806666666666665,11.29,8.15,10.07
20776,16,16,5,2009,12.125833333333333,11.09,8.08,9.93
20777,16,17,5,2009,13.352499999999997,10.3,7.52,9.2
20778,16,18,5,2009,14.448333333333332,9.59,7.03,8.58
20779,16,19,5,2009,15.276666666666664,8.790000000000001,6.54,7.96
20780,16,20,5,2009,15.9325,8.64,6.43,7.8
20781,16,21,5,2009,16.225000000000005,8.08,6.0,7.29
20782,16,22,5,2009,16.3025,7.73,5.71,6.96
20783,16,23,5,2009,16.10333333333333,7.45,5.39,6.67
20784,17,0,5,2009,15.084166666666668,6.3900000000000015,4.48,5.67
20785,17,1,5,2009,12.729999999999999,6.4,2.65,4.86
20786,17,2,5,2009,11.1875,6.57,1.44,4.49
20787,17,3,5,2009,10.273333333333333,5.9,1.23,4.29
20788,17,4,5,2009,9.726666666666668,3.7,0.58,1.82
20789,17,5,5,2009,9.311666666666667,3.4,0.87,2.08
20790,17,6,5,2009,9.158333333333333,3.79,1.73,3.03
20791,17,7,5,2009,8.9075,4.84,2.72,4.5
20792,17,8,5,2009,8.515833333333335,5.14,3.27,5.32
20793,17,9,5,2009,8.174166666666665,6.86,4.15,6.67
20794,17,10,5,2009,8.03,7.75,4.43,7.08
20795,17,11,5,2009,7.5566666666666675,8.51,4.5600000000000005,7.46
20796,17,12,5,2009,8.939166666666667,8.71,4.5600000000000005,7.23
20797,17,13,5,2009,10.974166666666667,8.02,3.96,5.36
20798,17,14,5,2009,13.31333333333333,6.47,4.69,5.7700000000000005
20799,17,15,5,2009,14.699999999999998,6.5,4.8,5.87
20800,17,16,5,2009,15.765833333333338,5.95,4.46,5.4
20801,17,17,5,2009,16.7025,5.91,4.43,5.34
20802,17,18,5,2009,17.45416666666667,6.71,5.1000000000000005,6.1400000000000015
20803,17,19,5,2009,18.129166666666666,7.33,5.49,6.66
20804,17,20,5,2009,18.635833333333334,7.92,5.9,7.19
20805,17,21,5,2009,19.128333333333334,7.7,5.61,6.87
20806,17,22,5,2009,19.250833333333333,7.8900000000000015,5.63,7.0
20807,17,23,5,2009,19.018333333333334,8.42,5.8100000000000005,7.42
20808,18,0,5,2009,17.74,9.15,5.59,7.28
20809,18,1,5,2009,15.535000000000002,12.23,4.7700000000000005,8.5
20810,18,2,5,2009,14.388333333333335,13.14,5.68,9.19
20811,18,3,5,2009,13.545,13.74,6.09,9.54
20812,18,4,5,2009,12.719999999999999,14.22,6.71,10.06
20813,18,5,5,2009,12.416666666666666,14.34,7.0,10.31
20814,18,6,5,2009,12.060833333333335,14.9,7.53,10.89
20815,18,7,5,2009,11.896666666666667,15.29,7.8900000000000015,11.31
20816,18,8,5,2009,11.746666666666668,15.67,8.25,11.7
20817,18,9,5,2009,11.5,15.87,8.46,11.9
20818,18,10,5,2009,11.141666666666667,15.47,8.23,11.59
20819,18,11,5,2009,10.929166666666667,15.34,8.35,11.54
20820,18,12,5,2009,12.715000000000002,14.88,8.78,11.69
20821,18,13,5,2009,14.348333333333331,13.04,7.9,10.04
20822,18,14,5,2009,15.586666666666666,10.97,7.91,9.82
20823,18,15,5,2009,17.610833333333332,11.35,8.120000000000001,10.11
20824,18,16,5,2009,19.394166666666663,11.84,8.46,10.54
20825,18,17,5,2009,21.04583333333333,12.23,8.72,10.88
20826,18,18,5,2009,22.511666666666667,12.24,8.73,10.86
20827,18,19,5,2009,23.617500000000003,12.61,8.97,11.2
20828,18,20,5,2009,24.26,12.78,9.06,11.35
20829,18,21,5,2009,24.650833333333335,12.8,9.07,11.36
20830,18,22,5,2009,24.710833333333337,12.8,8.99,11.33
20831,18,23,5,2009,24.276666666666667,12.69,8.82,11.21
20832,19,0,5,2009,23.011666666666667,12.7,7.79,10.36
20833,19,1,5,2009,21.338333333333335,15.79,8.25,11.94
20834,19,2,5,2009,20.06833333333333,16.21,8.85,12.44
20835,19,3,5,2009,19.045,16.56,9.24,12.83
20836,19,4,5,2009,18.255,16.990000000000002,9.36,12.96
20837,19,5,5,2009,17.522500000000004,17.19,9.36,13.01
20838,19,6,5,2009,16.929166666666667,17.36,9.54,13.19
20839,19,7,5,2009,16.514166666666664,17.31,9.47,13.14
20840,19,8,5,2009,16.361666666666668,17.45,9.56,13.25
20841,19,9,5,2009,16.114166666666666,17.42,9.59,13.26
20842,19,10,5,2009,15.658333333333337,17.21,9.38,13.04
20843,19,11,5,2009,15.429166666666665,17.080000000000002,9.44,12.99
20844,19,12,5,2009,16.506666666666664,16.59,9.8,12.97
20845,19,13,5,2009,17.83666666666667,14.27,8.46,10.98
20846,19,14,5,2009,19.429999999999996,11.51,8.36,10.32
20847,19,15,5,2009,21.419166666666666,10.97,8.08,9.95
20848,19,16,5,2009,23.280833333333334,11.45,8.28,10.27
20849,19,17,5,2009,24.802499999999995,11.01,7.91,9.82
20850,19,18,5,2009,26.03,11.21,8.040000000000001,10.0
20851,19,19,5,2009,26.896666666666665,11.59,8.26,10.31
20852,19,20,5,2009,27.324166666666667,12.35,8.73,10.94
20853,19,21,5,2009,27.488333333333333,12.89,9.05,11.43
20854,19,22,5,2009,27.335000000000004,12.98,9.01,11.48
20855,19,23,5,2009,26.51,12.83,8.83,11.28
20856,20,0,5,2009,24.67,12.12,6.8100000000000005,9.21
20857,20,1,5,2009,22.42583333333333,15.53,7.77,11.48
20858,20,2,5,2009,20.98,15.79,7.87,11.55
20859,20,3,5,2009,20.01,16.32,8.35,12.03
20860,20,4,5,2009,18.835000000000004,16.09,8.22,11.88
20861,20,5,5,2009,18.2925,15.84,8.08,11.68
20862,20,6,5,2009,18.000000000000004,16.89,9.07,12.81
20863,20,7,5,2009,17.66,16.73,8.93,12.63
20864,20,8,5,2009,17.010833333333334,15.91,7.98,11.57
20865,20,9,5,2009,16.839166666666667,16.14,8.49,12.12
20866,20,10,5,2009,16.345,16.31,8.53,12.18
20867,20,11,5,2009,16.194166666666668,16.45,8.71,12.27
20868,20,12,5,2009,17.453333333333333,16.27,10.43,13.65
20869,20,13,5,2009,18.802500000000002,15.56,9.76,12.78
20870,20,14,5,2009,19.97666666666667,13.73,9.71,12.15
20871,20,15,5,2009,21.801666666666666,13.14,9.43,11.75
20872,20,16,5,2009,23.21166666666667,13.62,9.72,12.13
20873,20,17,5,2009,24.52,13.19,9.37,11.71
20874,20,18,5,2009,25.343333333333334,12.84,9.15,11.4
20875,20,19,5,2009,25.980833333333333,12.4,8.81,11.01
20876,20,20,5,2009,26.285,12.75,9.03,11.32
20877,20,21,5,2009,26.386666666666667,12.62,8.92,11.2
20878,20,22,5,2009,26.1075,13.1,9.16,11.59
20879,20,23,5,2009,25.51,12.89,8.94,11.36
20880,21,0,5,2009,23.826666666666664,12.99,7.79,10.62
20881,21,1,5,2009,21.309166666666666,14.71,6.6000000000000005,10.3
20882,21,2,5,2009,20.243333333333336,16.7,8.950000000000003,12.68
20883,21,3,5,2009,19.470833333333328,16.87,9.02,12.77
20884,21,4,5,2009,18.546666666666667,16.51,8.700000000000001,12.32
20885,21,5,5,2009,17.960833333333337,16.52,8.9,12.54
20886,21,6,5,2009,17.572499999999998,16.080000000000002,8.61,12.14
20887,21,7,5,2009,17.256666666666664,15.56,8.05,11.52
20888,21,8,5,2009,16.850833333333338,16.12,8.14,11.75
20889,21,9,5,2009,16.238333333333333,14.74,7.0600000000000005,10.45
20890,21,10,5,2009,15.4325,14.37,6.23,9.46
20891,21,11,5,2009,14.680833333333332,14.01,6.18,9.39
20892,21,12,5,2009,15.803333333333333,11.66,5.76,8.1
20893,21,13,5,2009,17.763333333333335,9.32,6.96,8.46
20894,21,14,5,2009,19.526666666666667,8.85,6.58,8.02
20895,21,15,5,2009,21.281666666666666,6.75,4.99,6.09
20896,21,16,5,2009,22.853333333333335,6.19,4.61,5.59
20897,21,17,5,2009,24.088333333333335,4.69,3.54,4.26
20898,21,18,5,2009,25.03166666666667,3.36,2.58,3.0700000000000003
20899,21,19,5,2009,25.7625,2.82,2.21,2.6
20900,21,20,5,2009,26.247500000000002,3.18,2.64,3.03
20901,21,21,5,2009,26.602500000000003,3.42,2.79,3.24
20902,21,22,5,2009,26.700000000000003,3.89,3.14,3.68
20903,21,23,5,2009,26.574166666666667,4.01,2.91,3.63
20904,22,0,5,2009,25.544166666666666,6.76,3.27,5.5200000000000005
20905,22,1,5,2009,23.39,8.0,4.04,7.43
20906,22,2,5,2009,21.479999999999993,9.63,4.13,7.72
20907,22,3,5,2009,20.625,9.13,4.26,7.75
20908,22,4,5,2009,20.000833333333333,8.93,4.6000000000000005,8.02
20909,22,5,5,2009,19.33,8.09,4.13,7.51
20910,22,6,5,2009,18.450833333333332,7.49,3.92,6.7
20911,22,7,5,2009,17.867500000000003,7.04,3.83,6.28
20912,22,8,5,2009,17.659166666666668,6.22,3.43,5.8100000000000005
20913,22,9,5,2009,17.3,5.74,3.21,5.43
20914,22,10,5,2009,14.1975,1.44,1.81,2.5
20915,22,11,5,2009,13.849166666666667,2.15,1.03,2.46
20916,22,12,5,2009,15.299999999999999,3.45,1.73,2.5
20917,22,13,5,2009,17.669999999999998,3.46,1.9,2.18
20918,22,14,5,2009,20.111666666666668,2.51,2.09,2.4
20919,22,15,5,2009,22.475000000000005,3.42,2.68,3.16
20920,22,16,5,2009,24.11,4.3100000000000005,3.38,4.0
20921,22,17,5,2009,24.984166666666667,3.28,2.62,3.06
20922,22,18,5,2009,25.621666666666666,4.19,3.4,3.96
20923,22,19,5,2009,26.319999999999997,3.43,2.81,3.26
20924,22,20,5,2009,26.640833333333333,6.54,5.12,6.2
20925,22,21,5,2009,26.91083333333333,5.12,4.13,4.84
20926,22,22,5,2009,26.39333333333333,11.35,7.97,10.28
20927,22,23,5,2009,23.012500000000003,8.8,6.11,8.0
20928,23,0,5,2009,24.4725,7.0200000000000005,3.34,5.28
20929,23,1,5,2009,22.990833333333338,9.18,3.71,7.2
20930,23,2,5,2009,21.784166666666668,9.2,4.46,7.37
20931,23,3,5,2009,20.6675,8.58,3.93,6.74
20932,23,4,5,2009,20.5625,6.82,3.73,6.0200000000000005
20933,23,5,5,2009,19.98,9.88,5.11,7.8
20934,23,6,5,2009,19.976666666666667,9.86,4.58,7.54
20935,23,7,5,2009,19.789166666666667,8.4,4.03,7.0
20936,23,8,5,2009,19.415000000000003,8.370000000000001,4.29,7.1000000000000005
20937,23,9,5,2009,18.985833333333332,7.85,3.86,7.09
20938,23,10,5,2009,18.62583333333333,6.8,3.68,6.11
20939,23,11,5,2009,18.440833333333334,6.5200000000000005,3.66,6.13
20940,23,12,5,2009,19.360833333333336,5.99,3.67,5.21
20941,23,13,5,2009,21.657499999999995,5.24,3.0500000000000003,3.49
20942,23,14,5,2009,24.087500000000002,3.5700000000000003,2.69,3.23
20943,23,15,5,2009,25.24916666666667,3.62,2.81,3.34
20944,23,16,5,2009,26.072499999999994,3.34,2.62,3.1
20945,23,17,5,2009,26.816666666666666,2.96,2.58,2.92
20946,23,18,5,2009,26.319166666666664,5.2700000000000005,5.05,5.6000000000000005
20947,23,19,5,2009,27.57833333333333,1.83,1.78,1.88
20948,23,20,5,2009,24.811666666666667,12.11,8.02,10.57
20949,23,21,5,2009,21.683333333333337,7.72,6.3900000000000015,7.95
20950,23,22,5,2009,25.294999999999998,3.29,2.18,2.85
20951,23,23,5,2009,24.770833333333332,10.79,7.0200000000000005,9.2
20952,24,0,5,2009,21.492499999999996,9.73,6.92,8.700000000000001
20953,24,1,5,2009,20.388333333333332,9.29,4.75,6.95
20954,24,2,5,2009,19.88,6.44,2.38,5.29
20955,24,3,5,2009,18.996666666666666,6.99,3.21,5.25
20956,24,4,5,2009,18.325833333333335,8.24,2.38,5.53
20957,24,5,5,2009,17.776666666666667,6.16,1.98,3.92
20958,24,6,5,2009,17.751666666666665,3.7,1.36,2.59
20959,24,7,5,2009,17.41583333333333,3.83,0.84,2.18
20960,24,8,5,2009,17.504166666666666,2.09,0.79,1.92
20961,24,9,5,2009,16.515,3.71,1.45,2.96
20962,24,10,5,2009,15.588333333333331,4.72,1.7,3.5700000000000003
20963,24,11,5,2009,15.553333333333335,5.4,2.6,4.03
20964,24,12,5,2009,16.450000000000003,5.4,2.5500000000000003,3.93
20965,24,13,5,2009,18.5475,3.83,2.99,3.51
20966,24,14,5,2009,20.940833333333334,4.39,3.46,4.1
20967,24,15,5,2009,22.632499999999997,4.29,3.44,4.04
20968,24,16,5,2009,24.0725,4.51,3.61,4.24
20969,24,17,5,2009,25.335833333333337,4.16,3.34,3.91
20970,24,18,5,2009,26.375833333333333,4.55,3.65,4.28
20971,24,19,5,2009,27.03166666666667,5.91,4.65,5.53
20972,24,20,5,2009,27.521666666666665,6.32,4.95,5.89
20973,24,21,5,2009,27.7775,7.07,5.51,6.6000000000000005
20974,24,22,5,2009,27.765833333333333,7.85,5.8500000000000005,7.1400000000000015
20975,24,23,5,2009,27.4725,8.53,6.01,7.63
20976,25,0,5,2009,26.4675,9.41,5.94,7.56
20977,25,1,5,2009,24.235833333333336,10.56,3.8,7.03
20978,25,2,5,2009,22.165000000000003,9.58,4.03,7.04
20979,25,3,5,2009,20.70416666666667,10.63,3.1,6.84
20980,25,4,5,2009,19.885,9.31,2.45,6.2
20981,25,5,5,2009,19.076666666666664,7.0200000000000005,2.11,5.1000000000000005
20982,25,6,5,2009,18.61583333333333,8.8,1.75,4.98
20983,25,7,5,2009,18.32,10.01,1.65,5.3500000000000005
20984,25,8,5,2009,17.363333333333333,8.98,1.46,4.4
20985,25,9,5,2009,16.555833333333336,6.73,1.66,4.76
20986,25,10,5,2009,16.0725,5.1000000000000005,1.06,3.47
20987,25,11,5,2009,16.003333333333334,6.08,2.27,4.08
20988,25,12,5,2009,16.889166666666664,5.5600000000000005,2.88,3.92
20989,25,13,5,2009,18.43416666666667,4.1,3.25,3.83
20990,25,14,5,2009,20.275833333333335,5.25,4.1,4.86
20991,25,15,5,2009,21.90416666666667,5.59,4.3100000000000005,5.16
20992,25,16,5,2009,23.144166666666667,6.2700000000000005,4.8500000000000005,5.8
20993,25,17,5,2009,23.94416666666667,7.19,5.53,6.6400000000000015
20994,25,18,5,2009,24.145833333333332,10.0,7.75,9.38
20995,25,19,5,2009,23.8425,10.46,8.040000000000001,9.73
20996,25,20,5,2009,24.328333333333337,9.85,7.71,9.23
20997,25,21,5,2009,23.40583333333333,9.77,7.55,9.13
20998,25,22,5,2009,23.37,8.77,6.63,8.08
20999,25,23,5,2009,22.982499999999998,8.92,6.6000000000000005,8.2
21000,26,0,5,2009,21.949166666666667,9.76,6.67,8.59
21001,26,1,5,2009,20.221666666666664,8.94,5.7,7.5
21002,26,2,5,2009,18.749166666666664,9.22,3.78,6.29
21003,26,3,5,2009,17.923333333333336,8.85,3.18,5.66
21004,26,4,5,2009,18.175,8.22,4.14,5.72
21005,26,5,5,2009,18.270833333333332,6.8500000000000005,3.67,4.92
21006,26,6,5,2009,18.173333333333336,5.22,3.31,4.19
21007,26,7,5,2009,18.087500000000002,3.9,2.81,3.48
21008,26,8,5,2009,18.111666666666668,3.45,2.59,3.19
21009,26,9,5,2009,18.00583333333333,4.12,3.2,3.89
21010,26,10,5,2009,17.630000000000006,5.76,4.26,5.24
21011,26,11,5,2009,17.293333333333333,5.67,3.82,4.8100000000000005
21012,26,12,5,2009,17.124999999999996,6.61,4.41,5.65
21013,26,13,5,2009,16.958333333333332,6.18,4.36,5.44
21014,26,14,5,2009,16.99666666666667,5.74,4.32,5.2700000000000005
21015,26,15,5,2009,17.018333333333334,6.0200000000000005,4.49,5.53
21016,26,16,5,2009,17.547500000000003,5.7,4.16,5.11
21017,26,17,5,2009,18.661666666666665,7.11,5.3100000000000005,6.51
21018,26,18,5,2009,18.964166666666667,6.78,5.08,6.21
21019,26,19,5,2009,19.358333333333334,6.51,4.82,5.93
21020,26,20,5,2009,20.08666666666667,6.92,5.15,6.38
21021,26,21,5,2009,19.775833333333335,9.34,6.68,8.4
21022,26,22,5,2009,19.24416666666667,9.56,7.0200000000000005,8.67
21023,26,23,5,2009,19.10833333333333,8.81,6.2700000000000005,7.9
21024,27,0,5,2009,18.378333333333334,9.95,6.33,8.24
21025,27,1,5,2009,17.67833333333333,10.17,6.33,8.27
21026,27,2,5,2009,17.452499999999997,11.29,7.27,9.5
21027,27,3,5,2009,16.436666666666664,11.16,7.18,9.34
21028,27,4,5,2009,15.487499999999999,9.09,6.16,7.86
21029,27,5,5,2009,14.765,9.37,6.3900000000000015,8.16
21030,27,6,5,2009,14.334999999999999,8.46,5.78,7.35
21031,27,7,5,2009,13.928333333333333,8.88,6.09,7.73
21032,27,8,5,2009,13.656666666666666,8.790000000000001,5.38,7.25
21033,27,9,5,2009,13.347500000000002,8.32,5.05,6.8100000000000005
21034,27,10,5,2009,13.180000000000001,8.620000000000001,5.24,7.07
21035,27,11,5,2009,13.176666666666668,8.28,5.0600000000000005,6.8100000000000005
21036,27,12,5,2009,12.791666666666666,8.07,5.15,6.66
21037,27,13,5,2009,12.774166666666666,8.72,6.32,7.85
21038,27,14,5,2009,13.2275,8.65,6.36,7.8
21039,27,15,5,2009,13.763333333333334,8.24,6.17,7.54
21040,27,16,5,2009,14.473333333333336,8.31,6.28,7.63
21041,27,17,5,2009,14.991666666666665,8.22,6.21,7.54
21042,27,18,5,2009,15.385833333333332,7.8900000000000015,5.95,7.22
21043,27,19,5,2009,15.6725,7.92,5.91,7.23
21044,27,20,5,2009,15.799166666666665,7.95,5.92,7.26
21045,27,21,5,2009,16.0475,8.77,6.46,7.97
21046,27,22,5,2009,15.720833333333331,8.64,6.34,7.83
21047,27,23,5,2009,15.81833333333333,8.64,6.34,7.82
21048,28,0,5,2009,15.26,8.4,6.07,7.57
21049,28,1,5,2009,14.390833333333333,7.88,5.4,6.86
21050,28,2,5,2009,13.995833333333332,7.54,4.99,6.4
21051,28,3,5,2009,13.748333333333335,7.27,4.83,6.18
21052,28,4,5,2009,13.706666666666669,7.2,4.5,5.87
21053,28,5,5,2009,13.640833333333331,6.69,4.26,5.5600000000000005
21054,28,6,5,2009,13.530000000000001,6.33,3.99,5.24
21055,28,7,5,2009,13.340833333333334,5.73,3.62,4.71
21056,28,8,5,2009,13.198333333333332,5.8,3.37,4.5600000000000005
21057,28,9,5,2009,12.3175,6.55,3.49,5.0600000000000005
21058,28,10,5,2009,12.274166666666668,6.83,3.67,5.28
21059,28,11,5,2009,11.237499999999997,7.6400000000000015,4.74,6.34
21060,28,12,5,2009,12.055833333333332,7.69,4.73,6.3500000000000005
21061,28,13,5,2009,13.597499999999998,5.98,4.38,5.38
21062,28,14,5,2009,15.086666666666666,5.36,4.03,4.87
21063,28,15,5,2009,16.480833333333333,5.29,3.96,4.79
21064,28,16,5,2009,17.800000000000004,5.01,3.8,4.57
21065,28,17,5,2009,19.220000000000002,5.14,3.88,4.67
21066,28,18,5,2009,20.633333333333333,5.22,3.96,4.75
21067,28,19,5,2009,21.845,5.22,3.93,4.73
21068,28,20,5,2009,22.860833333333332,4.95,3.74,4.5
21069,28,21,5,2009,23.607499999999998,5.08,3.81,4.61
21070,28,22,5,2009,24.129166666666666,5.18,3.86,4.72
21071,28,23,5,2009,24.278333333333336,5.2,3.89,4.74
21072,29,0,5,2009,23.732499999999998,4.28,3.03,3.84
21073,29,1,5,2009,21.688333333333333,3.18,1.03,2.24
21074,29,2,5,2009,20.324166666666667,2.36,0.49,1.29
21075,29,3,5,2009,19.644166666666667,1.22,0.93,0.75
21076,29,4,5,2009,19.348333333333336,1.74,1.82,1.96
21077,29,5,5,2009,18.650833333333335,2.42,2.62,3.35
21078,29,6,5,2009,17.693333333333335,3.52,3.23,4.78
21079,29,7,5,2009,16.960833333333333,4.82,4.23,6.07
21080,29,8,5,2009,16.219166666666666,6.53,4.61,6.93
21081,29,9,5,2009,15.395833333333334,6.99,4.83,7.36
21082,29,10,5,2009,15.079166666666667,7.71,5.4,8.08
21083,29,11,5,2009,15.159999999999998,8.57,5.42,8.13
21084,29,12,5,2009,16.53833333333333,8.96,5.23,7.42
21085,29,13,5,2009,19.112499999999997,9.01,5.07,6.7700000000000005
21086,29,14,5,2009,22.31833333333333,6.5200000000000005,4.39,5.09
21087,29,15,5,2009,24.96083333333333,5.86,4.39,5.3100000000000005
21088,29,16,5,2009,26.9575,6.3100000000000005,4.7700000000000005,5.75
21089,29,17,5,2009,28.370833333333334,5.66,4.25,5.12
21090,29,18,5,2009,29.14,5.69,4.24,5.13
21091,29,19,5,2009,29.6825,5.65,4.21,5.09
21092,29,20,5,2009,30.064999999999998,5.44,4.1,4.95
21093,29,21,5,2009,30.229166666666668,5.09,3.95,4.71
21094,29,22,5,2009,30.07416666666667,5.2,3.98,4.78
21095,29,23,5,2009,29.73833333333333,4.44,3.41,4.1
21096,30,0,5,2009,28.689999999999998,3.5500000000000003,2.54,3.15
21097,30,1,5,2009,26.21083333333333,4.08,1.25,2.63
21098,30,2,5,2009,24.132499999999997,4.32,1.55,3.1
21099,30,3,5,2009,23.010833333333334,5.96,2.94,5.49
21100,30,4,5,2009,22.561666666666667,6.37,3.93,5.93
21101,30,5,5,2009,22.098333333333333,7.77,4.33,6.99
21102,30,6,5,2009,20.798333333333336,7.28,4.71,7.37
21103,30,7,5,2009,19.876666666666665,8.53,4.59,7.21
21104,30,8,5,2009,21.06916666666667,12.78,5.66,8.81
21105,30,9,5,2009,20.563333333333333,16.17,7.66,11.27
21106,30,10,5,2009,19.955000000000002,15.85,7.28,10.97
21107,30,11,5,2009,19.875833333333333,15.22,7.3,10.61
21108,30,12,5,2009,22.055833333333336,15.44,8.1,11.08
21109,30,13,5,2009,25.051666666666662,11.01,6.7,8.89
21110,30,14,5,2009,25.773333333333337,8.55,6.28,7.7
21111,30,15,5,2009,26.697499999999994,7.27,5.3100000000000005,6.49
21112,30,16,5,2009,27.9325,8.27,6.05,7.42
21113,30,17,5,2009,28.46166666666667,8.4,6.2,7.57
21114,30,18,5,2009,28.728333333333335,8.72,6.44,7.86
21115,30,19,5,2009,28.964999999999993,7.85,5.82,7.08
21116,30,20,5,2009,29.0125,7.69,5.76,6.98
21117,30,21,5,2009,28.929999999999996,7.03,5.25,6.37
21118,30,22,5,2009,28.811666666666664,6.42,4.8100000000000005,5.84
21119,30,23,5,2009,28.444166666666664,6.97,5.08,6.3500000000000005
21120,31,0,5,2009,27.129166666666666,7.34,4.57,5.75
21121,31,1,5,2009,24.216666666666665,10.12,3.48,6.69
21122,31,2,5,2009,21.455,10.25,2.65,6.7
21123,31,3,5,2009,20.144166666666667,10.4,2.09,6.29
21124,31,4,5,2009,19.220000000000002,10.64,1.79,5.93
21125,31,5,5,2009,18.219166666666663,11.39,2.29,7.18
21126,31,6,5,2009,16.8275,10.97,1.79,5.82
21127,31,7,5,2009,15.9475,11.79,2.19,6.88
21128,31,8,5,2009,15.005833333333333,11.37,3.85,7.46
21129,31,9,5,2009,15.028333333333334,11.85,4.04,7.36
21130,31,10,5,2009,14.19083333333333,12.14,3.47,7.68
21131,31,11,5,2009,14.300000000000002,12.46,4.48,7.9
21132,31,12,5,2009,16.089166666666667,11.56,5.5,7.8
21133,31,13,5,2009,17.940833333333334,8.53,5.5600000000000005,6.72
21134,31,14,5,2009,20.384166666666662,7.43,5.61,6.8
21135,31,15,5,2009,22.367500000000003,8.55,6.43,7.82
21136,31,16,5,2009,24.36583333333333,9.33,6.8900000000000015,8.42
21137,31,17,5,2009,25.859999999999996,9.74,7.13,8.76
21138,31,18,5,2009,27.081666666666674,10.07,7.36,9.05
21139,31,19,5,2009,28.3425,9.55,6.96,8.55
21140,31,20,5,2009,29.393333333333334,9.36,6.7700000000000005,8.36
21141,31,21,5,2009,30.94000000000001,10.36,7.22,9.07
21142,31,22,5,2009,32.40083333333334,11.63,8.0,10.16
21143,31,23,5,2009,32.262499999999996,12.11,8.23,10.55
21144,1,0,6,2009,30.526666666666667,12.94,6.63,9.15
21145,1,1,6,2009,28.26,16.32,7.49,11.45
21146,1,2,6,2009,27.05583333333333,16.71,8.24,12.04
21147,1,3,6,2009,25.927500000000006,16.79,8.63,12.45
21148,1,4,6,2009,24.935833333333335,16.61,8.48,12.23
21149,1,5,6,2009,23.879166666666663,16.240000000000002,7.62,11.37
21150,1,6,6,2009,23.198333333333334,16.53,7.75,11.54
21151,1,7,6,2009,22.94083333333333,16.57,8.06,11.81
21152,1,8,6,2009,22.481666666666666,15.98,7.7,11.38
21153,1,9,6,2009,21.781666666666666,14.78,7.25,10.67
21154,1,10,6,2009,21.432499999999994,14.68,7.35,10.75
21155,1,11,6,2009,21.010833333333334,14.22,7.13,10.31
21156,1,12,6,2009,22.269166666666667,13.22,8.11,10.74
21157,1,13,6,2009,23.81916666666667,11.22,7.27,8.96
21158,1,14,6,2009,25.575833333333332,9.33,6.8500000000000005,8.4
21159,1,15,6,2009,27.326666666666668,8.24,6.0200000000000005,7.4
21160,1,16,6,2009,28.92,7.52,5.49,6.73
21161,1,17,6,2009,30.03,7.25,5.3100000000000005,6.48
21162,1,18,6,2009,30.96249999999999,7.66,5.58,6.83
21163,1,19,6,2009,31.651666666666667,8.22,6.0200000000000005,7.38
21164,1,20,6,2009,32.19916666666666,8.31,6.01,7.4
21165,1,21,6,2009,32.475833333333334,8.96,6.47,8.02
21166,1,22,6,2009,32.35416666666667,9.44,6.5600000000000005,8.28
21167,1,23,6,2009,31.87416666666667,10.67,7.43,9.47
21168,2,0,6,2009,30.71666666666667,9.43,5.99,7.77
21169,2,1,6,2009,28.129166666666674,12.14,6.57,8.34
21170,2,2,6,2009,21.63333333333333,13.35,8.68,11.26
21171,2,3,6,2009,20.34166666666667,8.67,5.51,7.35
21172,2,4,6,2009,20.194166666666664,10.63,6.13,8.38
21173,2,5,6,2009,19.520833333333332,10.53,5.91,8.16
21174,2,6,6,2009,19.21083333333333,9.96,5.1000000000000005,7.31
21175,2,7,6,2009,19.22833333333333,10.39,5.22,7.85
21176,2,8,6,2009,19.355,8.32,3.42,5.61
21177,2,9,6,2009,18.401666666666667,8.9,4.2,6.57
21178,2,10,6,2009,17.438333333333336,9.64,4.8,7.17
21179,2,11,6,2009,16.83583333333333,9.26,5.0600000000000005,7.0600000000000005
21180,2,12,6,2009,17.59333333333333,9.02,4.9,6.53
21181,2,13,6,2009,18.21666666666667,6.16,4.54,5.55
21182,2,14,6,2009,19.874999999999996,7.05,5.44,6.5200000000000005
21183,2,15,6,2009,21.793333333333333,7.15,5.5600000000000005,6.6400000000000015
21184,2,16,6,2009,23.367500000000003,5.03,3.96,4.68
21185,2,17,6,2009,24.145,5.98,4.71,5.6000000000000005
21186,2,18,6,2009,23.42833333333333,11.44,8.73,10.64
21187,2,19,6,2009,23.632499999999997,9.63,7.32,8.82
21188,2,20,6,2009,22.05333333333333,16.07,11.61,14.57
21189,2,21,6,2009,21.05,14.01,10.02,12.56
21190,2,22,6,2009,20.343333333333334,12.52,9.14,11.32
21191,2,23,6,2009,19.399166666666666,11.38,8.15,10.17
21192,3,0,6,2009,19.2125,11.06,7.88,9.89
21193,3,1,6,2009,18.458333333333332,9.68,6.19,8.01
21194,3,2,6,2009,17.6725,9.56,5.54,7.56
21195,3,3,6,2009,17.020833333333336,8.38,4.57,6.3900000000000015
21196,3,4,6,2009,16.099999999999998,7.83,3.44,5.49
21197,3,5,6,2009,15.3775,7.75,4.09,6.36
21198,3,6,6,2009,14.326666666666668,8.44,3.97,6.54
21199,3,7,6,2009,13.5075,8.72,3.72,6.33
21200,3,8,6,2009,12.987499999999999,8.68,3.19,5.98
21201,3,9,6,2009,13.47916666666667,7.72,3.37,6.04
21202,3,10,6,2009,13.199166666666668,8.67,3.72,6.92
21203,3,11,6,2009,12.865833333333335,7.61,4.04,6.07
21204,3,12,6,2009,13.720000000000004,7.13,4.59,5.63
21205,3,13,6,2009,15.560000000000002,7.34,5.6000000000000005,6.78
21206,3,14,6,2009,16.802500000000002,7.33,5.59,6.76
21207,3,15,6,2009,18.205833333333334,7.21,5.5,6.63
21208,3,16,6,2009,19.519166666666667,7.2,5.45,6.58
21209,3,17,6,2009,20.638333333333335,7.12,5.41,6.51
21210,3,18,6,2009,21.50833333333333,7.17,5.44,6.5600000000000005
21211,3,19,6,2009,22.153333333333332,7.08,5.39,6.48
21212,3,20,6,2009,22.61333333333333,6.68,5.08,6.09
21213,3,21,6,2009,22.81083333333333,6.7700000000000005,5.07,6.13
21214,3,22,6,2009,22.7975,6.74,5.01,6.09
21215,3,23,6,2009,22.510833333333334,6.57,4.8100000000000005,5.91
21216,4,0,6,2009,21.795,6.8,4.28,5.46
21217,4,1,6,2009,19.79333333333333,6.6000000000000005,3.31,5.46
21218,4,2,6,2009,17.601666666666667,7.29,2.36,5.8
21219,4,3,6,2009,16.683333333333337,7.68,1.32,4.71
21220,4,4,6,2009,16.030833333333334,6.86,0.94,3.48
21221,4,5,6,2009,15.505833333333333,3.87,1.13,2.51
21222,4,6,6,2009,14.526666666666666,2.98,1.02,2.06
21223,4,7,6,2009,13.931666666666667,2.69,1.36,2.49
21224,4,8,6,2009,13.930833333333332,2.53,1.4,2.36
21225,4,9,6,2009,13.3225,3.46,1.9,3.52
21226,4,10,6,2009,13.62666666666667,4.17,1.94,3.28
21227,4,11,6,2009,12.80666666666667,4.3,2.22,3.62
21228,4,12,6,2009,13.997499999999997,4.16,2.2,3.38
21229,4,13,6,2009,15.863333333333335,3.0,2.27,2.66
21230,4,14,6,2009,17.858333333333334,2.84,2.29,2.68
21231,4,15,6,2009,19.492499999999996,2.49,2.02,2.35
21232,4,16,6,2009,20.478333333333335,1.97,1.64,1.87
21233,4,17,6,2009,21.313333333333336,2.83,2.22,2.6
21234,4,18,6,2009,22.06833333333333,3.64,2.98,3.45
21235,4,19,6,2009,22.645,4.03,3.2,3.75
21236,4,20,6,2009,23.103333333333328,4.39,3.45,4.07
21237,4,21,6,2009,23.338333333333335,4.46,3.5,4.13
21238,4,22,6,2009,23.406666666666666,4.5,3.5,4.17
21239,4,23,6,2009,23.255,4.65,3.5,4.23
21240,5,0,6,2009,22.38333333333333,4.21,1.97,3.37
21241,5,1,6,2009,20.94666666666667,5.59,1.96,4.0600000000000005
21242,5,2,6,2009,20.128333333333334,8.84,3.72,6.79
21243,5,3,6,2009,19.956666666666667,6.8500000000000005,2.71,4.89
21244,5,4,6,2009,19.084999999999997,6.2700000000000005,2.63,4.84
21245,5,5,6,2009,18.111666666666668,4.75,2.34,4.43
21246,5,6,6,2009,16.628333333333334,4.18,3.3200000000000003,4.67
21247,5,7,6,2009,16.1325,3.51,2.41,3.56
21248,5,8,6,2009,15.667499999999999,3.47,2.7,3.85
21249,5,9,6,2009,14.960833333333335,4.21,3.24,4.2
21250,5,10,6,2009,16.175,6.0,3.21,4.84
21251,5,11,6,2009,16.245833333333334,6.15,3.16,5.07
21252,5,12,6,2009,17.165,6.08,3.31,4.67
21253,5,13,6,2009,19.155833333333334,5.08,3.2,3.68
21254,5,14,6,2009,20.988333333333333,3.84,2.94,3.5
21255,5,15,6,2009,22.4725,4.2700000000000005,3.23,3.87
21256,5,16,6,2009,23.610833333333336,4.43,3.39,4.03
21257,5,17,6,2009,24.569999999999997,3.56,2.73,3.24
21258,5,18,6,2009,25.450000000000003,3.42,2.68,3.15
21259,5,19,6,2009,26.2975,2.99,2.37,2.75
21260,5,20,6,2009,26.934166666666666,2.38,1.91,2.21
21261,5,21,6,2009,27.323333333333334,3.38,2.61,3.12
21262,5,22,6,2009,27.319166666666664,4.05,3.18,3.76
21263,5,23,6,2009,27.213333333333328,4.99,3.87,4.61
21264,6,0,6,2009,26.640833333333333,5.46,4.01,5.01
21265,6,1,6,2009,24.891666666666666,10.61,4.28,7.4
21266,6,2,6,2009,23.7175,11.2,5.08,8.040000000000001
21267,6,3,6,2009,23.478333333333335,11.51,5.91,8.36
21268,6,4,6,2009,22.825833333333332,11.16,6.05,8.4
21269,6,5,6,2009,22.051666666666666,11.08,5.7,8.25
21270,6,6,6,2009,21.34,12.93,7.03,9.78
21271,6,7,6,2009,21.570833333333336,12.84,7.31,9.93
21272,6,8,6,2009,21.039166666666663,11.69,6.88,9.22
21273,6,9,6,2009,20.185,10.32,5.25,7.67
21274,6,10,6,2009,19.360000000000003,11.26,6.2700000000000005,8.61
21275,6,11,6,2009,18.71833333333333,17.61,11.41,14.87
21276,6,12,6,2009,19.05,16.97,10.88,14.18
21277,6,13,6,2009,19.7025,13.67,8.91,11.1
21278,6,14,6,2009,21.11583333333333,11.11,8.07,9.97
21279,6,15,6,2009,22.86916666666666,12.13,8.66,10.76
21280,6,16,6,2009,25.471666666666668,13.02,9.31,11.54
21281,6,17,6,2009,26.5825,13.1,9.39,11.63
21282,6,18,6,2009,27.978333333333335,13.05,9.3,11.51
21283,6,19,6,2009,29.846666666666664,12.99,9.2,11.44
21284,6,20,6,2009,30.992499999999996,12.67,8.97,11.16
21285,6,21,6,2009,31.698333333333334,12.47,8.8,10.91
21286,6,22,6,2009,31.859999999999996,12.29,8.56,10.76
21287,6,23,6,2009,31.8225,12.08,8.24,10.53
21288,7,0,6,2009,30.622500000000002,11.39,7.75,9.92
21289,7,1,6,2009,28.431666666666672,10.93,7.08,9.05
21290,7,2,6,2009,25.048333333333336,9.76,5.22,7.04
21291,7,3,6,2009,22.424166666666665,11.34,6.71,9.11
21292,7,4,6,2009,21.0975,13.85,9.32,12.1
21293,7,5,6,2009,19.3025,12.56,7.72,10.26
21294,7,6,6,2009,18.027500000000003,9.65,4.66,6.67
21295,7,7,6,2009,18.404166666666665,9.92,4.17,6.51
21296,7,8,6,2009,18.235833333333332,12.7,7.78,10.25
21297,7,9,6,2009,19.032500000000002,13.44,8.49,11.11
21298,7,10,6,2009,19.046666666666667,10.17,6.09,8.08
21299,7,11,6,2009,19.160833333333333,12.16,6.92,9.37
21300,7,12,6,2009,20.4225,12.52,7.22,9.61
21301,7,13,6,2009,22.38333333333333,12.98,9.41,11.62
21302,7,14,6,2009,24.24083333333333,12.49,9.15,11.29
21303,7,15,6,2009,25.78333333333333,10.21,7.5,9.2
21304,7,16,6,2009,26.984166666666667,9.69,7.07,8.69
21305,7,17,6,2009,28.23166666666667,9.96,7.26,8.91
21306,7,18,6,2009,29.3925,10.54,7.6400000000000015,9.39
21307,7,19,6,2009,30.353333333333328,10.64,7.68,9.51
21308,7,20,6,2009,31.12916666666666,10.26,7.43,9.16
21309,7,21,6,2009,31.635833333333334,10.06,7.19,8.91
21310,7,22,6,2009,32.17083333333334,11.7,8.16,10.29
21311,7,23,6,2009,32.00000000000001,13.43,8.790000000000001,11.48
21312,8,0,6,2009,21.546666666666667,23.16,13.9,18.56
21313,8,1,6,2009,19.70416666666667,19.36,14.11,18.15
21314,8,2,6,2009,18.88,16.06,10.55,13.48
21315,8,3,6,2009,17.875,9.75,6.09,7.99
21316,8,4,6,2009,17.4875,9.12,4.7,6.5600000000000005
21317,8,5,6,2009,17.157500000000002,10.19,4.96,7.05
21318,8,6,6,2009,17.104166666666668,11.32,6.33,8.59
21319,8,7,6,2009,17.146666666666665,11.03,6.0600000000000005,8.41
21320,8,8,6,2009,17.20833333333334,10.82,5.36,7.9
21321,8,9,6,2009,16.605,10.37,4.99,7.52
21322,8,10,6,2009,15.9,6.19,3.22,4.99
21323,8,11,6,2009,15.995833333333332,7.71,5.09,6.44
21324,8,12,6,2009,14.884999999999998,8.68,6.07,7.52
21325,8,13,6,2009,15.245833333333332,8.83,6.23,7.77
21326,8,14,6,2009,16.183333333333334,9.44,7.05,8.58
21327,8,15,6,2009,16.781666666666666,9.98,7.35,8.99
21328,8,16,6,2009,17.0325,10.49,7.74,9.47
21329,8,17,6,2009,17.08666666666667,9.29,6.79,8.34
21330,8,18,6,2009,18.230833333333333,8.700000000000001,6.45,7.85
21331,8,19,6,2009,19.363333333333333,7.52,5.62,6.8100000000000005
21332,8,20,6,2009,20.42833333333333,7.35,5.47,6.63
21333,8,21,6,2009,21.1875,6.99,5.21,6.3100000000000005
21334,8,22,6,2009,21.47,6.65,4.92,5.98
21335,8,23,6,2009,21.329166666666666,6.2700000000000005,4.69,5.69
21336,9,0,6,2009,20.9425,6.04,4.32,5.33
21337,9,1,6,2009,19.416666666666668,6.0200000000000005,3.16,5.29
21338,9,2,6,2009,17.363333333333333,5.84,1.66,4.03
21339,9,3,6,2009,16.568333333333335,6.3500000000000005,1.13,3.93
21340,9,4,6,2009,15.735,6.95,1.13,3.77
21341,9,5,6,2009,14.970833333333333,7.1000000000000005,1.2,4.17
21342,9,6,6,2009,14.330833333333336,7.03,1.26,4.14
21343,9,7,6,2009,13.558333333333335,6.25,1.53,4.13
21344,9,8,6,2009,12.633333333333333,6.19,1.76,4.17
21345,9,9,6,2009,11.811666666666667,7.61,2.57,5.55
21346,9,10,6,2009,11.420833333333333,8.38,3.19,5.97
21347,9,11,6,2009,11.891666666666666,8.8,3.84,6.21
21348,9,12,6,2009,13.1275,7.71,3.97,5.55
21349,9,13,6,2009,15.180833333333332,5.73,4.28,5.17
21350,9,14,6,2009,17.142500000000002,6.17,4.74,5.66
21351,9,15,6,2009,18.578333333333333,7.13,5.45,6.53
21352,9,16,6,2009,20.206666666666667,7.41,5.65,6.76
21353,9,17,6,2009,22.013333333333332,7.55,5.69,6.8500000000000005
21354,9,18,6,2009,23.695000000000004,7.3,5.47,6.59
21355,9,19,6,2009,24.81333333333333,5.5200000000000005,4.08,4.92
21356,9,20,6,2009,19.411666666666665,12.78,8.66,10.73
21357,9,21,6,2009,18.830000000000002,9.98,7.6400000000000015,9.26
21358,9,22,6,2009,20.507499999999997,9.28,7.13,8.53
21359,9,23,6,2009,20.929166666666667,8.46,6.42,7.76
21360,10,0,6,2009,20.605,8.98,6.58,8.11
21361,10,1,6,2009,19.840833333333336,8.39,5.18,6.87
21362,10,2,6,2009,19.215833333333332,10.18,6.71,8.63
21363,10,3,6,2009,18.62666666666667,7.78,5.29,6.67
21364,10,4,6,2009,17.75583333333333,8.53,5.46,7.0600000000000005
21365,10,5,6,2009,17.2925,7.77,4.9,6.3100000000000005
21366,10,6,6,2009,16.889166666666664,5.93,3.42,4.91
21367,10,7,6,2009,16.659166666666668,5.69,3.43,4.64
21368,10,8,6,2009,16.57166666666667,5.13,3.73,4.58
21369,10,9,6,2009,16.505,5.37,3.78,4.67
21370,10,10,6,2009,16.401666666666667,4.61,3.34,4.12
21371,10,11,6,2009,16.33416666666667,4.67,2.97,3.74
21372,10,12,6,2009,16.579166666666666,4.95,3.91,4.68
21373,10,13,6,2009,16.649166666666666,4.7,3.67,4.4
21374,10,14,6,2009,17.0525,4.38,3.52,4.14
21375,10,15,6,2009,18.844166666666666,4.68,3.66,4.3100000000000005
21376,10,16,6,2009,21.109166666666667,5.05,3.91,4.63
21377,10,17,6,2009,21.893333333333334,5.67,4.33,5.2
21378,10,18,6,2009,22.272499999999997,6.6000000000000005,5.57,6.44
21379,10,19,6,2009,23.03833333333333,6.3,4.99,5.9
21380,10,20,6,2009,23.42833333333333,6.94,5.49,6.58
21381,10,21,6,2009,23.86583333333333,6.54,5.11,6.1000000000000005
21382,10,22,6,2009,24.034166666666668,6.2,4.82,5.73
21383,10,23,6,2009,23.653333333333332,8.33,6.16,7.65
21384,11,0,6,2009,23.52083333333334,6.86,4.9,5.98
21385,11,1,6,2009,22.000833333333333,8.94,4.43,6.5600000000000005
21386,11,2,6,2009,20.773333333333333,9.47,4.58,6.7700000000000005
21387,11,3,6,2009,20.155,9.7,4.5200000000000005,6.67
21388,11,4,6,2009,19.06583333333333,10.83,4.73,6.99
21389,11,5,6,2009,19.50583333333333,9.08,5.51,7.35
21390,11,6,6,2009,18.50833333333333,8.49,5.08,6.8500000000000005
21391,11,7,6,2009,17.9075,6.91,3.88,5.39
21392,11,8,6,2009,17.654166666666665,5.66,3.44,4.5
21393,11,9,6,2009,17.3375,6.92,4.63,5.95
21394,11,10,6,2009,16.700833333333332,6.79,4.1,5.5
21395,11,11,6,2009,16.28666666666667,6.93,4.26,5.74
21396,11,12,6,2009,16.234166666666667,7.07,4.8,5.82
21397,11,13,6,2009,16.770000000000003,6.24,4.72,5.73
21398,11,14,6,2009,17.758333333333333,6.03,4.54,5.5
21399,11,15,6,2009,19.61916666666667,6.51,4.76,5.87
21400,11,16,6,2009,20.7,6.59,4.91,5.97
21401,11,17,6,2009,21.67,6.67,4.99,6.08
21402,11,18,6,2009,23.00583333333333,6.04,4.64,5.54
21403,11,19,6,2009,23.4275,6.18,4.82,5.71
21404,11,20,6,2009,23.074166666666667,9.09,6.5200000000000005,8.290000000000001
21405,11,21,6,2009,24.2225,5.51,4.49,5.23
21406,11,22,6,2009,24.360833333333332,4.57,3.68,4.3
21407,11,23,6,2009,24.242499999999996,5.8500000000000005,4.49,5.42
21408,12,0,6,2009,23.473333333333333,5.63,4.26,5.15
21409,12,1,6,2009,21.711666666666662,7.92,3.75,6.13
21410,12,2,6,2009,20.336666666666666,6.96,2.85,5.25
21411,12,3,6,2009,19.191666666666666,6.34,1.67,4.6000000000000005
21412,12,4,6,2009,18.659166666666664,6.65,1.74,4.32
21413,12,5,6,2009,17.485833333333336,6.17,1.09,3.29
21414,12,6,6,2009,16.8075,6.69,1.4,4.12
21415,12,7,6,2009,16.414166666666667,6.42,1.66,4.21
21416,12,8,6,2009,16.575833333333332,6.87,1.78,4.54
21417,12,9,6,2009,16.83666666666667,7.15,1.99,4.54
21418,12,10,6,2009,16.91,7.69,2.19,4.72
21419,12,11,6,2009,16.815,7.87,3.39,4.9
21420,12,12,6,2009,17.588333333333335,6.51,3.34,4.68
21421,12,13,6,2009,19.169999999999998,4.72,3.0500000000000003,3.62
21422,12,14,6,2009,20.75916666666667,5.93,4.33,5.3
21423,12,15,6,2009,20.49416666666667,8.09,6.01,7.38
21424,12,16,6,2009,19.243333333333336,10.0,7.25,8.96
21425,12,17,6,2009,20.695833333333333,9.06,6.69,8.16
21426,12,18,6,2009,21.671666666666667,7.85,5.8,7.1000000000000005
21427,12,19,6,2009,20.92166666666667,8.27,6.03,7.44
21428,12,20,6,2009,22.3625,5.12,3.8,4.59
21429,12,21,6,2009,24.005,5.65,4.28,5.14
21430,12,22,6,2009,24.5175,5.59,4.2700000000000005,5.1000000000000005
21431,12,23,6,2009,22.17916666666667,9.55,6.73,8.39
21432,13,0,6,2009,19.822499999999998,7.32,4.26,5.47
21433,13,1,6,2009,19.384999999999998,6.13,3.68,5.6000000000000005
21434,13,2,6,2009,19.1225,9.14,4.15,6.9
21435,13,3,6,2009,18.036666666666665,11.35,6.3100000000000005,8.91
21436,13,4,6,2009,16.22416666666667,10.44,5.1000000000000005,7.6
21437,13,5,6,2009,15.095000000000004,9.54,4.57,6.92
21438,13,6,6,2009,14.735000000000001,9.49,5.0200000000000005,6.93
21439,13,7,6,2009,14.960833333333335,8.97,4.86,6.71
21440,13,8,6,2009,15.318333333333335,9.2,5.08,7.11
21441,13,9,6,2009,15.054166666666667,7.83,4.25,6.05
21442,13,10,6,2009,15.545833333333334,8.19,4.91,6.66
21443,13,11,6,2009,15.690000000000003,8.3,5.54,7.12
21444,13,12,6,2009,15.753333333333332,8.13,5.53,7.0
21445,13,13,6,2009,16.13333333333333,7.9,5.5200000000000005,6.87
21446,13,14,6,2009,16.694999999999997,6.73,5.01,6.13
21447,13,15,6,2009,17.40416666666667,6.5,4.83,5.89
21448,13,16,6,2009,18.596666666666664,6.41,4.93,5.88
21449,13,17,6,2009,19.761666666666667,6.42,4.97,5.91
21450,13,18,6,2009,21.115833333333338,5.34,4.05,4.82
21451,13,19,6,2009,22.168333333333333,3.79,3.0,3.5
21452,13,20,6,2009,22.992499999999996,3.66,2.91,3.4
21453,13,21,6,2009,23.61583333333333,3.45,2.81,3.25
21454,13,22,6,2009,23.8025,3.34,2.71,3.14
21455,13,23,6,2009,23.798333333333336,2.99,2.4,2.82
21456,14,0,6,2009,23.300000000000008,3.85,2.94,3.51
21457,14,1,6,2009,21.731666666666666,4.22,2.44,4.04
21458,14,2,6,2009,19.721666666666668,5.45,2.11,4.21
21459,14,3,6,2009,18.439166666666665,6.3900000000000015,1.91,4.21
21460,14,4,6,2009,17.655833333333334,5.89,1.7,4.01
21461,14,5,6,2009,17.0425,5.3100000000000005,1.46,3.72
21462,14,6,6,2009,16.264999999999997,4.61,1.51,3.27
21463,14,7,6,2009,15.434166666666664,5.2700000000000005,1.52,3.39
21464,14,8,6,2009,14.789166666666667,6.76,2.33,4.91
21465,14,9,6,2009,14.364166666666668,7.05,2.46,5.2
21466,14,10,6,2009,14.055833333333334,6.3100000000000005,1.53,4.19
21467,14,11,6,2009,14.885833333333332,4.74,2.66,3.46
21468,14,12,6,2009,15.895833333333336,6.15,3.17,4.54
21469,14,13,6,2009,16.736666666666668,4.12,3.12,3.67
21470,14,14,6,2009,18.5525,5.18,4.11,4.84
21471,14,15,6,2009,20.58583333333333,4.41,3.43,4.0600000000000005
21472,14,16,6,2009,21.851666666666663,5.49,4.21,5.01
21473,14,17,6,2009,23.503333333333334,5.65,4.38,5.2
21474,14,18,6,2009,24.488333333333333,4.38,3.43,4.03
21475,14,19,6,2009,25.27916666666667,4.57,3.5500000000000003,4.17
21476,14,20,6,2009,25.953333333333333,4.3100000000000005,3.46,4.03
21477,14,21,6,2009,26.319166666666664,4.73,3.7,4.3500000000000005
21478,14,22,6,2009,26.63666666666667,5.96,4.55,5.46
21479,14,23,6,2009,26.561666666666667,6.33,4.68,5.7
21480,15,0,6,2009,26.118333333333336,7.2,4.99,6.2
21481,15,1,6,2009,24.86583333333333,8.43,3.87,6.28
21482,15,2,6,2009,23.666666666666668,8.700000000000001,3.31,5.75
21483,15,3,6,2009,23.2825,10.88,6.3,8.67
21484,15,4,6,2009,21.923333333333332,10.76,6.94,9.04
21485,15,5,6,2009,20.39833333333333,8.97,5.45,7.23
21486,15,6,6,2009,20.07166666666667,6.5600000000000005,3.08,4.25
21487,15,7,6,2009,20.139166666666664,6.13,3.43,4.75
21488,15,8,6,2009,19.042499999999997,5.74,3.13,5.01
21489,15,9,6,2009,19.04666666666667,6.05,3.34,4.5200000000000005
21490,15,10,6,2009,18.7075,6.5200000000000005,3.47,4.95
21491,15,11,6,2009,18.751666666666665,8.17,5.04,6.71
21492,15,12,6,2009,18.968333333333334,8.25,5.94,7.35
21493,15,13,6,2009,19.991666666666667,7.43,5.51,6.73
21494,15,14,6,2009,21.674999999999997,6.26,4.7700000000000005,5.73
21495,15,15,6,2009,23.403333333333332,6.36,4.82,5.79
21496,15,16,6,2009,24.54583333333333,6.74,5.11,6.13
21497,15,17,6,2009,24.948333333333334,7.31,5.78,6.84
21498,15,18,6,2009,26.92833333333333,6.6400000000000015,5.0200000000000005,6.01
21499,15,19,6,2009,28.176666666666666,5.68,4.3500000000000005,5.19
21500,15,20,6,2009,28.4725,5.86,4.48,5.4
21501,15,21,6,2009,29.30916666666666,5.73,4.55,5.36
21502,15,22,6,2009,29.83666666666667,6.72,5.14,6.19
21503,15,23,6,2009,30.087499999999995,5.55,3.9,4.74
21504,16,0,6,2009,28.917499999999993,6.07,4.24,5.33
21505,16,1,6,2009,23.497500000000002,22.09,15.86,19.15
21506,16,2,6,2009,19.39333333333333,11.66,6.71,8.61
21507,16,3,6,2009,19.403333333333332,11.47,8.39,10.61
21508,16,4,6,2009,19.96,7.0,4.44,5.84
21509,16,5,6,2009,19.769166666666667,7.52,4.22,5.95
21510,16,6,6,2009,19.78166666666667,6.8100000000000005,3.98,6.2
21511,16,7,6,2009,19.6125,5.93,4.0200000000000005,5.65
21512,16,8,6,2009,19.082499999999996,5.9,2.33,4.36
21513,16,9,6,2009,19.245833333333337,8.26,4.47,6.5200000000000005
21514,16,10,6,2009,18.794166666666666,10.12,4.76,7.22
21515,16,11,6,2009,18.275833333333335,8.72,3.46,5.94
21516,16,12,6,2009,18.913333333333338,3.5500000000000003,1.32,1.61
21517,16,13,6,2009,20.008333333333336,2.11,1.85,2.09
21518,16,14,6,2009,21.44333333333333,2.54,2.14,2.45
21519,16,15,6,2009,23.17083333333333,1.16,1.11,1.21
21520,16,16,6,2009,24.888333333333335,1.45,1.11,1.3
21521,16,17,6,2009,26.6675,2.11,1.66,1.93
21522,16,18,6,2009,27.959999999999997,2.22,1.72,2.02
21523,16,19,6,2009,28.939999999999998,2.41,1.98,2.27
21524,16,20,6,2009,29.672499999999996,2.81,2.21,2.58
21525,16,21,6,2009,30.063333333333333,3.06,2.51,2.89
21526,16,22,6,2009,30.474166666666672,3.69,2.89,3.41
21527,16,23,6,2009,30.58666666666667,3.7,2.77,3.34
21528,17,0,6,2009,30.316666666666666,3.86,2.15,3.13
21529,17,1,6,2009,28.4325,4.22,1.73,3.3200000000000003
21530,17,2,6,2009,26.945833333333336,1.7,0.85,1.69
21531,17,3,6,2009,25.524166666666662,3.24,1.39,2.81
21532,17,4,6,2009,24.791666666666668,2.65,2.16,3.0500000000000003
21533,17,5,6,2009,24.21333333333334,6.2700000000000005,2.81,5.15
21534,17,6,6,2009,23.83,8.15,3.98,6.8500000000000005
21535,17,7,6,2009,23.40166666666667,8.18,4.04,6.97
21536,17,8,6,2009,23.450833333333332,7.87,4.17,7.0600000000000005
21537,17,9,6,2009,23.1075,7.72,4.7700000000000005,7.4
21538,17,10,6,2009,21.664999999999996,8.620000000000001,4.79,7.54
21539,17,11,6,2009,21.11,9.72,5.39,7.49
21540,17,12,6,2009,22.883333333333336,9.21,5.0,7.01
21541,17,13,6,2009,25.17833333333333,8.21,4.58,5.61
21542,17,14,6,2009,27.330000000000002,6.2,4.75,5.72
21543,17,15,6,2009,29.060833333333335,6.4,4.87,5.87
21544,17,16,6,2009,30.485000000000003,6.0,4.57,5.48
21545,17,17,6,2009,31.765833333333337,6.4,4.8,5.78
21546,17,18,6,2009,32.77416666666667,7.37,5.45,6.6000000000000005
21547,17,19,6,2009,33.370000000000005,8.81,6.48,7.8900000000000015
21548,17,20,6,2009,33.574999999999996,8.56,6.29,7.68
21549,17,21,6,2009,33.77833333333333,8.49,6.12,7.53
21550,17,22,6,2009,34.08833333333334,9.88,6.99,8.76
21551,17,23,6,2009,33.96999999999999,10.21,7.0200000000000005,8.92
21552,18,0,6,2009,33.17250000000001,10.13,6.71,8.58
21553,18,1,6,2009,31.128333333333334,11.69,4.86,7.57
21554,18,2,6,2009,30.015833333333333,12.8,5.47,8.67
21555,18,3,6,2009,29.760833333333327,12.62,6.38,9.24
21556,18,4,6,2009,29.63416666666666,12.17,6.74,9.26
21557,18,5,6,2009,29.003333333333334,11.33,6.19,8.71
21558,18,6,6,2009,27.775000000000002,8.86,3.97,6.3500000000000005
21559,18,7,6,2009,27.156666666666663,9.19,3.09,5.91
21560,18,8,6,2009,27.327499999999997,10.94,5.36,8.11
21561,18,9,6,2009,26.426666666666666,12.77,5.76,8.98
21562,18,10,6,2009,25.3125,13.15,5.84,8.88
21563,18,11,6,2009,26.513333333333335,13.17,5.9,8.94
21564,18,12,6,2009,27.22,13.63,8.35,11.01
21565,18,13,6,2009,28.357500000000005,12.21,7.91,9.86
21566,18,14,6,2009,29.38333333333333,11.06,7.94,9.86
21567,18,15,6,2009,30.418333333333333,10.17,7.32,9.04
21568,18,16,6,2009,31.974999999999998,9.75,7.13,8.73
21569,18,17,6,2009,33.309999999999995,10.17,7.36,9.07
21570,18,18,6,2009,34.19166666666667,11.13,7.96,9.89
21571,18,19,6,2009,34.82916666666667,11.18,7.99,9.92
21572,18,20,6,2009,35.47666666666667,10.68,7.63,9.46
21573,18,21,6,2009,35.869166666666665,11.4,8.0,10.01
21574,18,22,6,2009,35.862500000000004,12.16,8.46,10.65
21575,18,23,6,2009,35.615,11.84,8.21,10.36
21576,19,0,6,2009,34.076666666666675,13.28,7.86,10.39
21577,19,1,6,2009,32.29333333333334,15.41,8.18,11.59
21578,19,2,6,2009,31.349166666666672,19.3,13.41,17.01
21579,19,3,6,2009,24.90166666666667,15.29,9.84,12.7
21580,19,4,6,2009,24.58583333333333,7.68,3.77,5.99
21581,19,5,6,2009,24.486666666666665,9.85,4.6000000000000005,6.83
21582,19,6,6,2009,24.133333333333336,9.39,3.16,4.88
21583,19,7,6,2009,24.13083333333333,10.98,5.46,8.19
21584,19,8,6,2009,24.795833333333334,13.45,7.52,10.48
21585,19,9,6,2009,24.42083333333333,13.38,7.46,10.39
21586,19,10,6,2009,22.90083333333334,12.71,6.04,8.89
21587,19,11,6,2009,21.820833333333336,6.43,2.39,4.08
21588,19,12,6,2009,23.92916666666667,5.79,4.0,4.98
21589,19,13,6,2009,25.617500000000003,7.13,5.08,6.23
21590,19,14,6,2009,27.6575,7.79,5.46,6.7700000000000005
21591,19,15,6,2009,29.26,8.65,6.24,7.68
21592,19,16,6,2009,30.770833333333332,7.91,5.68,6.96
21593,19,17,6,2009,32.07749999999999,8.35,6.04,7.37
21594,19,18,6,2009,33.1325,8.88,6.43,7.8900000000000015
21595,19,19,6,2009,33.59583333333333,8.59,6.22,7.63
21596,19,20,6,2009,30.932499999999994,17.37,12.79,15.79
21597,19,21,6,2009,27.08666666666667,12.28,9.03,11.14
21598,19,22,6,2009,27.62833333333333,7.44,5.71,6.8500000000000005
21599,19,23,6,2009,27.745833333333326,6.9,5.24,6.36
21600,20,0,6,2009,27.108333333333338,6.49,4.97,6.0
21601,20,1,6,2009,25.831666666666667,6.3,3.62,4.86
21602,20,2,6,2009,23.728333333333335,6.57,2.61,5.22
21603,20,3,6,2009,22.60666666666667,7.1400000000000015,3.26,5.7700000000000005
21604,20,4,6,2009,22.00333333333333,5.7,2.94,5.34
21605,20,5,6,2009,21.706666666666667,3.43,1.91,3.87
21606,20,6,6,2009,21.735833333333332,1.69,0.95,1.63
21607,20,7,6,2009,21.515833333333333,2.01,0.61,1.39
21608,20,8,6,2009,20.879166666666663,2.21,0.43,1.33
21609,20,9,6,2009,20.221666666666668,2.68,0.9,2.02
21610,20,10,6,2009,19.57916666666667,3.12,0.94,2.2
21611,20,11,6,2009,18.990833333333335,3.92,1.39,2.43
21612,20,12,6,2009,19.0225,4.3,1.49,1.94
21613,20,13,6,2009,19.77,4.45,2.03,2.25
21614,20,14,6,2009,22.515,4.14,3.23,3.81
21615,20,15,6,2009,25.31833333333333,5.01,3.93,4.64
21616,20,16,6,2009,27.111666666666665,5.19,4.07,4.8
21617,20,17,6,2009,28.37416666666667,5.74,4.51,5.32
21618,20,18,6,2009,29.173333333333336,5.9,4.6000000000000005,5.44
21619,20,19,6,2009,29.60166666666667,5.76,4.39,5.23
21620,20,20,6,2009,25.950833333333335,11.18,8.52,10.38
21621,20,21,6,2009,24.639166666666668,6.6000000000000005,4.72,5.88
21622,20,22,6,2009,25.915833333333328,3.89,2.95,3.56
21623,20,23,6,2009,26.419999999999998,4.64,3.46,4.21
21624,21,0,6,2009,26.076666666666668,6.38,4.64,5.79
21625,21,1,6,2009,24.772499999999997,7.4,3.94,5.6000000000000005
21626,21,2,6,2009,23.771666666666665,8.98,4.22,6.28
21627,21,3,6,2009,23.0725,9.44,4.64,6.95
21628,21,4,6,2009,22.660833333333333,9.78,4.33,6.66
21629,21,5,6,2009,22.500833333333333,11.5,5.39,8.15
21630,21,6,6,2009,23.045833333333334,12.38,6.21,8.93
21631,21,7,6,2009,23.876666666666665,12.21,6.69,9.31
21632,21,8,6,2009,23.93166666666667,12.38,6.68,9.36
21633,21,9,6,2009,24.651666666666667,13.15,6.55,9.47
21634,21,10,6,2009,24.769166666666667,12.96,6.6000000000000005,9.7
21635,21,11,6,2009,24.16416666666667,13.11,7.51,10.32
21636,21,12,6,2009,24.986666666666665,13.21,8.02,10.73
21637,21,13,6,2009,26.763333333333335,11.94,7.8900000000000015,9.87
21638,21,14,6,2009,28.10833333333333,10.67,7.6400000000000015,9.49
21639,21,15,6,2009,29.270000000000007,10.36,7.42,9.19
21640,21,16,6,2009,30.399999999999995,10.05,7.18,8.88
21641,21,17,6,2009,31.540833333333335,9.89,7.09,8.75
21642,21,18,6,2009,32.442499999999995,9.48,6.8,8.4
21643,21,19,6,2009,33.285,8.77,6.3100000000000005,7.75
21644,21,20,6,2009,33.97083333333333,10.03,7.18,8.91
21645,21,21,6,2009,34.48000000000001,9.92,7.0600000000000005,8.76
21646,21,22,6,2009,34.82833333333334,9.81,6.96,8.68
21647,21,23,6,2009,34.98083333333333,8.74,6.05,7.59
21648,22,0,6,2009,34.288333333333334,9.06,5.9,7.68
21649,22,1,6,2009,32.10166666666667,6.66,2.62,5.11
21650,22,2,6,2009,30.406666666666666,11.54,3.45,7.61
21651,22,3,6,2009,28.99833333333333,13.03,3.86,7.88
21652,22,4,6,2009,27.727499999999996,13.16,4.91,8.38
21653,22,5,6,2009,27.389166666666664,13.27,5.25,8.57
21654,22,6,6,2009,26.550833333333333,12.16,4.5,7.97
21655,22,7,6,2009,26.608333333333334,15.27,5.08,9.01
21656,22,8,6,2009,26.676666666666666,13.87,5.5600000000000005,9.05
21657,22,9,6,2009,25.84583333333333,13.92,5.73,9.29
21658,22,10,6,2009,24.992500000000003,13.85,5.69,9.23
21659,22,11,6,2009,24.8225,13.86,6.04,9.45
21660,22,12,6,2009,26.51416666666667,12.71,6.5600000000000005,9.01
21661,22,13,6,2009,28.27416666666667,9.1,5.23,6.7
21662,22,14,6,2009,30.075000000000003,6.54,4.75,5.82
21663,22,15,6,2009,31.334166666666672,5.8100000000000005,4.28,5.22
21664,22,16,6,2009,32.48833333333334,4.73,3.58,4.3
21665,22,17,6,2009,33.568333333333335,4.3100000000000005,3.29,3.93
21666,22,18,6,2009,34.61916666666667,4.24,3.22,3.85
21667,22,19,6,2009,35.50833333333334,3.88,2.96,3.53
21668,22,20,6,2009,36.165,4.86,3.71,4.44
21669,22,21,6,2009,36.66166666666667,4.82,3.66,4.39
21670,22,22,6,2009,36.66583333333333,6.26,4.67,5.71
21671,22,23,6,2009,36.37833333333334,6.25,4.66,5.69
21672,23,0,6,2009,35.38916666666667,6.07,4.3500000000000005,5.48
21673,23,1,6,2009,33.152499999999996,7.15,2.95,5.82
21674,23,2,6,2009,31.3275,10.79,4.29,8.05
21675,23,3,6,2009,30.728333333333335,10.68,4.53,8.13
21676,23,4,6,2009,29.784166666666668,10.93,4.82,8.19
21677,23,5,6,2009,28.964166666666667,11.25,5.22,8.47
21678,23,6,6,2009,28.315,11.5,5.3,8.44
21679,23,7,6,2009,27.580833333333334,11.77,5.36,8.47
21680,23,8,6,2009,26.939999999999998,10.95,5.23,8.38
21681,23,9,6,2009,26.70333333333333,11.07,5.0,8.31
21682,23,10,6,2009,26.55916666666667,12.29,5.19,8.67
21683,23,11,6,2009,26.81166666666667,12.49,5.53,8.870000000000003
21684,23,12,6,2009,27.9225,11.35,5.51,7.96
21685,23,13,6,2009,29.87,8.56,5.44,6.57
21686,23,14,6,2009,31.622500000000002,7.17,5.43,6.5600000000000005
21687,23,15,6,2009,33.17416666666667,6.98,5.3100000000000005,6.42
21688,23,16,6,2009,34.64083333333333,5.92,4.48,5.4
21689,23,17,6,2009,35.73833333333334,5.83,4.4,5.3100000000000005
21690,23,18,6,2009,36.65916666666667,5.96,4.49,5.41
21691,23,19,6,2009,37.196666666666665,6.24,4.71,5.69
21692,23,20,6,2009,37.58166666666667,6.53,4.93,5.95
21693,23,21,6,2009,37.62083333333334,6.67,4.98,6.0600000000000005
21694,23,22,6,2009,37.39166666666666,7.32,5.53,6.72
21695,23,23,6,2009,37.11833333333333,7.17,5.26,6.5200000000000005
21696,24,0,6,2009,35.98250000000001,7.87,4.4,6.91
21697,24,1,6,2009,33.51,9.64,4.29,7.42
21698,24,2,6,2009,30.229166666666668,9.76,3.72,7.31
21699,24,3,6,2009,29.345833333333328,7.07,3.75,6.68
21700,24,4,6,2009,29.539166666666663,10.72,4.88,7.94
21701,24,5,6,2009,28.938333333333333,12.26,5.57,9.05
21702,24,6,6,2009,28.290833333333335,12.27,5.88,9.23
21703,24,7,6,2009,27.370833333333337,12.36,5.8100000000000005,9.19
21704,24,8,6,2009,26.19083333333333,11.29,4.86,8.36
21705,24,9,6,2009,25.439999999999998,11.0,4.63,8.18
21706,24,10,6,2009,24.94333333333333,10.32,4.68,7.88
21707,24,11,6,2009,25.15166666666667,8.83,4.8100000000000005,7.45
21708,24,12,6,2009,26.035833333333333,7.91,4.32,6.3500000000000005
21709,24,13,6,2009,27.860833333333332,6.09,3.93,4.62
21710,24,14,6,2009,30.09166666666667,5.07,3.81,4.6000000000000005
21711,24,15,6,2009,31.662500000000005,4.32,3.21,3.89
21712,24,16,6,2009,32.83416666666667,3.72,2.85,3.39
21713,24,17,6,2009,33.776666666666664,4.11,3.18,3.77
21714,24,18,6,2009,34.495,4.82,3.71,4.43
21715,24,19,6,2009,35.13666666666667,5.1000000000000005,3.89,4.65
21716,24,20,6,2009,35.594166666666666,5.62,4.26,5.12
21717,24,21,6,2009,35.93,6.24,4.66,5.66
21718,24,22,6,2009,35.975,7.0600000000000005,5.32,6.48
21719,24,23,6,2009,33.39833333333333,16.37,10.83,13.93
21720,25,0,6,2009,29.4275,11.03,9.11,11.43
21721,25,1,6,2009,27.5775,9.43,6.23,8.15
21722,25,2,6,2009,25.814166666666665,10.75,5.01,7.61
21723,25,3,6,2009,25.1375,9.12,4.79,7.01
21724,25,4,6,2009,25.81833333333333,9.74,4.22,7.0200000000000005
21725,25,5,6,2009,26.198333333333334,10.91,4.61,7.85
21726,25,6,6,2009,25.74333333333333,10.75,4.78,7.84
21727,25,7,6,2009,24.136666666666667,9.44,3.98,6.47
21728,25,8,6,2009,24.03666666666666,9.64,4.08,6.69
21729,25,9,6,2009,23.305000000000003,14.3,9.66,11.82
21730,25,10,6,2009,21.600000000000005,7.95,5.26,7.0600000000000005
21731,25,11,6,2009,21.49083333333333,6.83,3.96,6.07
21732,25,12,6,2009,23.987499999999997,5.32,3.62,4.42
21733,25,13,6,2009,26.712499999999995,5.75,4.23,4.99
21734,25,14,6,2009,28.450833333333332,5.3,4.16,4.95
21735,25,15,6,2009,30.075833333333335,4.42,3.43,4.07
21736,25,16,6,2009,31.620000000000005,3.97,3.09,3.66
21737,25,17,6,2009,32.818333333333335,3.5700000000000003,2.75,3.26
21738,25,18,6,2009,34.032500000000006,3.39,2.67,3.13
21739,25,19,6,2009,34.85666666666666,2.51,2.0,2.33
21740,25,20,6,2009,35.85416666666667,3.82,3.11,3.61
21741,25,21,6,2009,36.196666666666665,3.59,2.97,3.43
21742,25,22,6,2009,36.23666666666666,3.45,2.87,3.31
21743,25,23,6,2009,36.12333333333333,3.56,2.95,3.43
21744,26,0,6,2009,35.15833333333334,5.13,2.72,4.4
21745,26,1,6,2009,32.553333333333335,5.63,2.45,5.23
21746,26,2,6,2009,29.995833333333334,7.61,2.82,6.21
21747,26,3,6,2009,28.364999999999995,7.77,1.99,5.0200000000000005
21748,26,4,6,2009,27.567499999999995,6.53,1.88,4.83
21749,26,5,6,2009,26.730833333333333,5.5200000000000005,1.68,3.85
21750,26,6,6,2009,25.955833333333334,4.57,1.39,3.0500000000000003
21751,26,7,6,2009,24.88666666666667,4.84,1.49,3.15
21752,26,8,6,2009,24.366666666666664,4.64,1.56,3.18
21753,26,9,6,2009,23.855,4.65,1.6,3.23
21754,26,10,6,2009,23.7325,4.99,1.69,3.48
21755,26,11,6,2009,23.4425,5.03,1.86,3.46
21756,26,12,6,2009,24.540000000000003,5.33,2.7,3.47
21757,26,13,6,2009,26.63666666666667,4.75,3.69,4.38
21758,26,14,6,2009,28.515,4.8500000000000005,3.76,4.48
21759,26,15,6,2009,29.984166666666667,5.13,4.01,4.75
21760,26,16,6,2009,31.114166666666666,5.17,4.05,4.79
21761,26,17,6,2009,32.06583333333333,5.72,4.48,5.3
21762,26,18,6,2009,32.90749999999999,5.71,4.46,5.29
21763,26,19,6,2009,33.850833333333334,5.46,4.21,5.01
21764,26,20,6,2009,34.66166666666667,6.65,5.01,6.05
21765,26,21,6,2009,35.212500000000006,7.28,5.42,6.59
21766,26,22,6,2009,35.35666666666666,7.94,5.75,7.1000000000000005
21767,26,23,6,2009,35.23833333333333,8.18,5.87,7.28
21768,27,0,6,2009,34.47916666666667,9.07,6.3100000000000005,8.05
21769,27,1,6,2009,32.70333333333333,10.0,4.61,6.99
21770,27,2,6,2009,31.679999999999996,12.75,6.5200000000000005,9.51
21771,27,3,6,2009,30.754166666666666,13.04,6.73,9.74
21772,27,4,6,2009,29.88833333333334,13.1,6.8100000000000005,9.82
21773,27,5,6,2009,28.76166666666667,13.2,6.84,9.86
21774,27,6,6,2009,27.870833333333334,13.43,6.97,10.0
21775,27,7,6,2009,27.363333333333333,14.22,7.62,10.75
21776,27,8,6,2009,26.9475,14.07,7.53,10.64
21777,27,9,6,2009,26.614999999999995,13.7,7.24,10.32
21778,27,10,6,2009,26.391666666666662,13.75,7.01,10.14
21779,27,11,6,2009,26.102499999999996,13.22,6.65,9.51
21780,27,12,6,2009,28.07416666666667,12.16,6.9,9.38
21781,27,13,6,2009,29.748333333333335,9.97,6.78,8.44
21782,27,14,6,2009,31.616666666666664,10.89,7.72,9.63
21783,27,15,6,2009,33.18500000000001,11.15,7.88,9.83
21784,27,16,6,2009,34.141666666666666,11.35,7.97,9.96
21785,27,17,6,2009,35.10583333333333,11.37,8.03,10.02
21786,27,18,6,2009,35.6,9.86,7.1000000000000005,8.73
21787,27,19,6,2009,34.392500000000005,9.38,7.0600000000000005,8.540000000000001
21788,27,20,6,2009,33.659166666666664,9.49,7.01,8.58
21789,27,21,6,2009,31.980833333333333,12.68,9.27,11.42
21790,27,22,6,2009,31.069166666666664,10.03,7.37,9.09
21791,27,23,6,2009,29.434166666666666,12.61,9.09,11.34
21792,28,0,6,2009,26.07916666666667,11.17,7.86,9.95
21793,28,1,6,2009,25.94416666666667,5.29,2.34,4.17
21794,28,2,6,2009,25.43166666666667,5.76,2.76,5.23
21795,28,3,6,2009,24.895833333333332,11.81,4.01,7.55
21796,28,4,6,2009,23.691666666666674,11.87,4.42,8.120000000000001
21797,28,5,6,2009,22.661666666666665,12.12,4.38,8.17
21798,28,6,6,2009,21.843333333333334,10.86,4.21,7.88
21799,28,7,6,2009,21.173333333333336,7.79,3.63,6.96
21800,28,8,6,2009,20.155000000000005,6.83,3.47,6.3
21801,28,9,6,2009,19.062500000000004,9.52,4.8500000000000005,7.74
21802,28,10,6,2009,17.473333333333333,8.65,3.24,6.21
21803,28,11,6,2009,17.576666666666664,8.16,3.25,6.29
21804,28,12,6,2009,19.49416666666666,6.8500000000000005,3.29,5.09
21805,28,13,6,2009,21.61916666666666,5.28,3.77,4.51
21806,28,14,6,2009,23.359166666666667,5.46,4.07,4.92
21807,28,15,6,2009,24.844166666666666,5.68,4.18,5.07
21808,28,16,6,2009,26.20416666666667,6.5600000000000005,4.8500000000000005,5.87
21809,28,17,6,2009,27.17583333333333,6.8500000000000005,5.05,6.13
21810,28,18,6,2009,28.075833333333332,6.7,4.93,5.98
21811,28,19,6,2009,28.88083333333333,7.68,5.61,6.8500000000000005
21812,28,20,6,2009,29.387500000000003,7.9300000000000015,5.8,7.09
21813,28,21,6,2009,29.76833333333334,8.05,5.79,7.1400000000000015
21814,28,22,6,2009,29.878333333333334,7.92,5.71,7.0200000000000005
21815,28,23,6,2009,29.676666666666666,7.97,5.5200000000000005,7.0
21816,29,0,6,2009,28.745833333333334,8.040000000000001,5.43,6.98
21817,29,1,6,2009,26.133333333333336,6.63,2.4,4.8
21818,29,2,6,2009,24.7175,7.25,2.71,5.99
21819,29,3,6,2009,24.330833333333334,6.79,2.79,5.7700000000000005
21820,29,4,6,2009,23.344166666666663,6.03,3.16,5.19
21821,29,5,6,2009,22.0475,5.65,3.42,5.33
21822,29,6,6,2009,21.36583333333333,6.58,4.22,6.44
21823,29,7,6,2009,20.589166666666667,6.84,4.24,6.5200000000000005
21824,29,8,6,2009,20.613333333333333,6.59,3.99,6.09
21825,29,9,6,2009,20.200833333333332,7.73,4.58,6.92
21826,29,10,6,2009,20.128333333333334,7.76,4.44,6.95
21827,29,11,6,2009,19.989166666666666,6.98,4.23,6.2
21828,29,12,6,2009,20.502499999999998,5.62,2.93,4.7700000000000005
21829,29,13,6,2009,22.43166666666667,3.33,1.98,2.3000000000000003
21830,29,14,6,2009,24.69,3.0500000000000003,2.42,2.84
21831,29,15,6,2009,26.659999999999997,3.81,2.94,3.49
21832,29,16,6,2009,28.424166666666665,4.39,3.38,4.0200000000000005
21833,29,17,6,2009,29.699166666666667,4.8500000000000005,3.7,4.43
21834,29,18,6,2009,30.645,5.68,4.3100000000000005,5.17
21835,29,19,6,2009,31.399999999999995,5.89,4.47,5.37
21836,29,20,6,2009,31.900833333333335,5.98,4.5600000000000005,5.48
21837,29,21,6,2009,32.104166666666664,5.24,4.0,4.8
21838,29,22,6,2009,32.178333333333335,5.47,4.08,4.95
21839,29,23,6,2009,31.87666666666667,5.79,4.33,5.29
21840,30,0,6,2009,30.909166666666668,4.79,3.36,4.26
21841,30,1,6,2009,28.291666666666668,4.9,1.58,3.81
21842,30,2,6,2009,26.482500000000005,3.52,1.32,2.4
21843,30,3,6,2009,25.609166666666663,3.62,2.42,3.61
21844,30,4,6,2009,24.655,4.8,2.91,4.6000000000000005
21845,30,5,6,2009,23.2025,5.88,3.33,5.44
21846,30,6,6,2009,22.9025,5.99,3.37,5.41
21847,30,7,6,2009,20.92833333333333,6.98,3.21,5.92
21848,30,8,6,2009,19.8325,7.3900000000000015,3.37,6.41
21849,30,9,6,2009,17.613333333333337,7.29,3.65,6.29
21850,30,10,6,2009,16.7275,9.42,2.93,6.41
21851,30,11,6,2009,15.779166666666669,8.07,2.69,5.62
21852,30,12,6,2009,17.2075,5.86,3.2,3.83
21853,30,13,6,2009,19.098333333333333,4.6000000000000005,3.51,4.19
21854,30,14,6,2009,21.104166666666668,5.84,4.45,5.36
21855,30,15,6,2009,22.70833333333334,6.44,4.89,5.87
21856,30,16,6,2009,24.125,6.6000000000000005,5.0,6.0200000000000005
21857,30,17,6,2009,25.340833333333332,7.34,5.59,6.73
21858,30,18,6,2009,26.215833333333336,7.34,5.59,6.74
21859,30,19,6,2009,27.108333333333334,7.1000000000000005,5.28,6.4
21860,30,20,6,2009,27.965833333333332,8.41,6.22,7.6
21861,30,21,6,2009,28.195833333333336,9.66,7.09,8.72
21862,30,22,6,2009,28.014999999999997,9.76,7.11,8.78
21863,30,23,6,2009,27.644166666666663,9.31,6.69,8.33
21864,1,0,7,2009,26.68166666666667,8.870000000000003,6.01,7.74
21865,1,1,7,2009,23.826666666666668,9.81,2.95,6.87
21866,1,2,7,2009,21.978333333333335,10.23,3.42,8.25
21867,1,3,7,2009,21.188333333333336,9.72,3.71,8.43
21868,1,4,7,2009,20.180000000000003,9.44,3.94,7.63
21869,1,5,7,2009,19.0425,9.35,4.11,7.33
21870,1,6,7,2009,18.570833333333336,9.49,4.3500000000000005,7.79
21871,1,7,7,2009,17.97416666666667,9.59,4.4,7.73
21872,1,8,7,2009,17.089166666666667,9.52,4.09,7.56
21873,1,9,7,2009,15.998333333333337,8.290000000000001,3.81,6.99
21874,1,10,7,2009,15.826666666666666,7.84,3.89,6.8100000000000005
21875,1,11,7,2009,15.779166666666663,8.36,4.0200000000000005,6.62
21876,1,12,7,2009,17.015833333333333,7.56,3.75,5.34
21877,1,13,7,2009,19.236666666666668,5.3,3.85,4.65
21878,1,14,7,2009,21.138333333333335,5.11,3.89,4.7
21879,1,15,7,2009,22.860000000000003,5.87,4.38,5.3100000000000005
21880,1,16,7,2009,24.058333333333334,5.99,4.53,5.47
21881,1,17,7,2009,25.084166666666665,5.67,4.28,5.16
21882,1,18,7,2009,26.08916666666666,4.98,3.77,4.53
21883,1,19,7,2009,27.028333333333332,4.68,3.61,4.3
21884,1,20,7,2009,27.790833333333328,4.8,3.7,4.42
21885,1,21,7,2009,28.304166666666664,4.57,3.52,4.21
21886,1,22,7,2009,28.575,4.36,3.33,4.01
21887,1,23,7,2009,28.537499999999998,4.51,3.42,4.25
21888,2,0,7,2009,27.9025,4.29,3.37,4.12
21889,2,1,7,2009,25.71166666666667,3.99,1.79,3.3000000000000003
21890,2,2,7,2009,23.654166666666665,3.99,1.07,2.52
21891,2,3,7,2009,22.448333333333334,3.96,1.08,2.57
21892,2,4,7,2009,21.564166666666665,3.94,1.09,2.56
21893,2,5,7,2009,20.995000000000005,3.66,0.71,2.01
21894,2,6,7,2009,20.666666666666664,3.36,0.63,1.85
21895,2,7,7,2009,20.22,2.71,0.43,1.42
21896,2,8,7,2009,19.69666666666667,3.02,0.74,1.95
21897,2,9,7,2009,18.816666666666666,3.13,0.76,2.02
21898,2,10,7,2009,18.41333333333333,3.31,0.91,2.22
21899,2,11,7,2009,18.4725,2.8000000000000003,0.58,1.68
21900,2,12,7,2009,20.214166666666667,1.68,1.19,1.26
21901,2,13,7,2009,22.75,1.27,1.12,1.26
21902,2,14,7,2009,24.753333333333334,0.89,0.68,0.8
21903,2,15,7,2009,26.24833333333333,1.13,0.89,1.03
21904,2,16,7,2009,27.185833333333335,1.11,0.92,1.05
21905,2,17,7,2009,27.857499999999998,1.81,1.82,1.93
21906,2,18,7,2009,28.525833333333335,1.66,1.61,1.73
21907,2,19,7,2009,29.09583333333333,1.79,1.57,1.76
21908,2,20,7,2009,29.60833333333333,2.13,1.94,2.14
21909,2,21,7,2009,29.919166666666666,1.91,1.59,1.81
21910,2,22,7,2009,30.055000000000007,2.86,2.34,2.7
21911,2,23,7,2009,29.91250000000001,2.82,2.29,2.64
21912,3,0,7,2009,29.458333333333332,4.0600000000000005,2.24,3.43
21913,3,1,7,2009,27.3325,5.34,2.59,4.59
21914,3,2,7,2009,25.575833333333332,5.66,2.34,4.29
21915,3,3,7,2009,24.400833333333328,4.54,2.75,4.08
21916,3,4,7,2009,23.87166666666667,4.0,1.17,2.64
21917,3,5,7,2009,23.18166666666667,4.96,1.82,3.67
21918,3,6,7,2009,21.922499999999996,7.6,2.18,5.24
21919,3,7,7,2009,22.150000000000002,10.65,3.83,7.24
21920,3,8,7,2009,22.234166666666667,10.75,4.75,7.75
21921,3,9,7,2009,22.107499999999998,10.58,4.71,7.36
21922,3,10,7,2009,21.68166666666667,9.03,4.88,6.8
21923,3,11,7,2009,21.059999999999995,10.37,5.55,7.6400000000000015
21924,3,12,7,2009,21.25583333333333,10.22,5.7,7.92
21925,3,13,7,2009,21.691666666666666,7.65,5.75,6.92
21926,3,14,7,2009,22.805000000000003,7.99,5.8500000000000005,7.17
21927,3,15,7,2009,24.460833333333337,8.32,6.13,7.5
21928,3,16,7,2009,25.745,8.61,6.4,7.78
21929,3,17,7,2009,26.7475,8.73,6.53,7.92
21930,3,18,7,2009,27.665000000000003,8.85,6.6000000000000005,8.01
21931,3,19,7,2009,28.339999999999993,8.61,6.38,7.75
21932,3,20,7,2009,28.413333333333338,8.35,6.13,7.47
21933,3,21,7,2009,28.434166666666666,9.64,6.97,8.56
21934,3,22,7,2009,28.793333333333333,10.97,7.9,9.76
21935,3,23,7,2009,28.507499999999997,11.51,8.25,10.39
21936,4,0,7,2009,27.560833333333335,11.89,7.8900000000000015,10.28
21937,4,1,7,2009,26.709999999999997,11.78,7.2,9.67
21938,4,2,7,2009,26.089999999999993,12.61,7.6400000000000015,10.25
21939,4,3,7,2009,23.7025,15.25,9.53,12.8
21940,4,4,7,2009,20.705000000000002,10.09,6.7,8.93
21941,4,5,7,2009,20.944999999999997,11.63,7.27,10.01
21942,4,6,7,2009,20.285000000000004,9.98,6.54,8.86
21943,4,7,7,2009,20.374166666666667,12.58,9.2,10.86
21944,4,8,7,2009,20.989166666666662,11.29,7.46,9.68
21945,4,9,7,2009,21.216666666666665,12.63,8.17,10.6
21946,4,10,7,2009,21.882500000000004,12.75,7.97,10.49
21947,4,11,7,2009,21.0775,8.32,3.54,5.61
21948,4,12,7,2009,21.7375,4.59,3.4,4.12
21949,4,13,7,2009,22.625000000000004,4.34,3.28,3.95
21950,4,14,7,2009,23.4275,2.05,1.65,1.92
21951,4,15,7,2009,24.513333333333332,4.82,3.82,4.53
21952,4,16,7,2009,24.004166666666663,8.28,6.66,7.91
21953,4,17,7,2009,24.6825,6.37,4.83,5.83
21954,4,18,7,2009,25.986666666666665,7.11,5.36,6.46
21955,4,19,7,2009,26.055000000000003,10.94,8.06,9.92
21956,4,20,7,2009,25.20833333333334,11.18,8.4,10.28
21957,4,21,7,2009,24.685000000000002,10.08,7.17,9.05
21958,4,22,7,2009,23.972500000000007,10.23,7.48,9.2
21959,4,23,7,2009,23.186666666666664,10.29,7.13,9.0
21960,5,0,7,2009,21.463333333333335,9.72,7.0200000000000005,8.75
21961,5,1,7,2009,19.927500000000002,9.3,6.46,8.14
21962,5,2,7,2009,18.906666666666663,9.4,5.9,7.62
21963,5,3,7,2009,18.7375,7.81,5.3500000000000005,6.7
21964,5,4,7,2009,18.48333333333333,7.74,5.34,6.68
21965,5,5,7,2009,18.45416666666667,7.6,5.36,6.71
21966,5,6,7,2009,18.28,6.91,4.91,6.11
21967,5,7,7,2009,18.33916666666667,7.0,5.0,6.24
21968,5,8,7,2009,18.259999999999998,7.22,5.1000000000000005,6.4
21969,5,9,7,2009,18.17916666666667,6.72,4.5,5.73
21970,5,10,7,2009,18.06833333333333,6.22,4.44,5.54
21971,5,11,7,2009,17.970833333333335,5.92,4.19,5.23
21972,5,12,7,2009,17.483333333333334,6.2700000000000005,4.55,5.55
21973,5,13,7,2009,17.50666666666667,5.3500000000000005,4.0200000000000005,4.89
21974,5,14,7,2009,18.971666666666668,5.47,4.11,4.95
21975,5,15,7,2009,20.809166666666666,6.22,4.72,5.67
21976,5,16,7,2009,21.959166666666665,6.25,4.73,5.69
21977,5,17,7,2009,22.871666666666666,6.1400000000000015,4.68,5.61
21978,5,18,7,2009,23.682499999999994,5.69,4.4,5.23
21979,5,19,7,2009,24.419999999999998,5.1000000000000005,3.96,4.7
21980,5,20,7,2009,25.022499999999997,4.33,3.39,4.0
21981,5,21,7,2009,25.357499999999998,4.84,3.77,4.48
21982,5,22,7,2009,25.536666666666665,4.19,3.44,4.01
21983,5,23,7,2009,25.534166666666664,4.14,3.23,3.87
21984,6,0,7,2009,25.269166666666663,3.81,2.86,3.48
21985,6,1,7,2009,23.595833333333335,3.6,1.48,2.85
21986,6,2,7,2009,22.289166666666663,3.01,0.8300000000000001,2.11
21987,6,3,7,2009,21.675833333333333,2.44,0.72,1.61
21988,6,4,7,2009,21.316666666666666,1.79,1.01,1.71
21989,6,5,7,2009,20.989166666666666,1.5,1.51,1.86
21990,6,6,7,2009,20.044166666666666,1.58,1.44,2.05
21991,6,7,7,2009,19.52333333333333,1.46,1.25,1.88
21992,6,8,7,2009,18.99833333333333,1.26,0.85,1.44
21993,6,9,7,2009,18.264166666666668,1.56,1.25,1.93
21994,6,10,7,2009,18.444999999999997,2.19,1.92,2.8000000000000003
21995,6,11,7,2009,18.88083333333333,2.65,2.23,2.97
21996,6,12,7,2009,20.105833333333333,2.79,2.29,3.02
21997,6,13,7,2009,22.003333333333334,2.21,1.65,1.81
21998,6,14,7,2009,23.636666666666667,1.65,1.32,1.53
21999,6,15,7,2009,24.900833333333335,1.75,1.4,1.62
22000,6,16,7,2009,25.664166666666663,1.55,1.29,1.47
22001,6,17,7,2009,26.295833333333334,0.96,0.94,0.99
22002,6,18,7,2009,26.750833333333333,0.74,0.75,0.79
22003,6,19,7,2009,27.519999999999996,1.25,1.17,1.27
22004,6,20,7,2009,27.805000000000003,3.56,3.25,3.63
22005,6,21,7,2009,27.633333333333336,3.0700000000000003,4.38,4.26
22006,6,22,7,2009,28.124166666666667,2.74,2.5,2.8000000000000003
22007,6,23,7,2009,27.986666666666668,2.88,2.59,2.92
22008,7,0,7,2009,27.48333333333333,3.3200000000000003,2.08,3.2
22009,7,1,7,2009,25.59916666666666,3.59,1.78,3.35
22010,7,2,7,2009,24.224999999999998,3.63,2.42,3.66
22011,7,3,7,2009,23.88166666666667,4.33,2.51,4.16
22012,7,4,7,2009,23.366666666666664,5.01,2.85,4.79
22013,7,5,7,2009,22.839166666666667,5.09,3.47,5.36
22014,7,6,7,2009,22.087500000000002,6.18,3.68,5.88
22015,7,7,7,2009,21.219166666666666,7.08,4.14,6.62
22016,7,8,7,2009,20.587500000000002,7.42,4.16,6.9
22017,7,9,7,2009,20.23583333333333,8.44,3.98,6.83
22018,7,10,7,2009,20.007500000000004,8.48,4.01,6.98
22019,7,11,7,2009,19.639999999999997,8.02,4.08,7.05
22020,7,12,7,2009,20.760833333333334,7.46,4.0600000000000005,6.23
22021,7,13,7,2009,22.82833333333333,7.26,3.78,4.75
22022,7,14,7,2009,24.604166666666668,5.04,3.83,4.62
22023,7,15,7,2009,25.940833333333334,4.7700000000000005,3.53,4.29
22024,7,16,7,2009,26.85416666666666,4.83,3.61,4.36
22025,7,17,7,2009,27.579166666666666,5.08,3.85,4.63
22026,7,18,7,2009,28.21416666666667,5.17,3.9,4.69
22027,7,19,7,2009,28.730833333333333,5.7,4.45,5.3100000000000005
22028,7,20,7,2009,29.203333333333333,5.18,4.0200000000000005,4.8
22029,7,21,7,2009,29.49666666666666,5.96,4.48,5.45
22030,7,22,7,2009,29.575833333333332,5.5200000000000005,4.08,4.99
22031,7,23,7,2009,29.367500000000003,6.08,4.2,5.3100000000000005
22032,8,0,7,2009,28.310833333333335,6.68,4.0600000000000005,5.43
22033,8,1,7,2009,26.141666666666662,8.75,3.56,6.8900000000000015
22034,8,2,7,2009,24.989166666666666,9.12,4.32,7.79
22035,8,3,7,2009,23.989999999999995,9.68,4.66,7.78
22036,8,4,7,2009,23.036666666666665,9.8,4.61,8.040000000000001
22037,8,5,7,2009,22.805833333333336,10.63,5.04,8.33
22038,8,6,7,2009,22.30583333333333,10.57,5.19,8.45
22039,8,7,7,2009,22.152500000000003,9.24,6.0600000000000005,7.71
22040,8,8,7,2009,20.799166666666668,9.42,2.9,5.26
22041,8,9,7,2009,20.469166666666666,8.8,6.19,7.82
22042,8,10,7,2009,20.426666666666666,6.5200000000000005,3.78,4.92
22043,8,11,7,2009,20.1375,6.47,3.0,4.91
22044,8,12,7,2009,21.315833333333334,7.32,4.25,5.88
22045,8,13,7,2009,22.852500000000003,3.41,2.61,3.1
22046,8,14,7,2009,24.769166666666667,4.55,3.47,4.15
22047,8,15,7,2009,26.110000000000003,4.82,3.67,4.4
22048,8,16,7,2009,27.16,4.5200000000000005,3.49,4.15
22049,8,17,7,2009,28.179166666666664,4.32,3.45,4.03
22050,8,18,7,2009,29.040833333333328,4.78,3.81,4.47
22051,8,19,7,2009,29.934166666666666,4.59,3.52,4.18
22052,8,20,7,2009,30.65833333333333,4.73,3.67,4.36
22053,8,21,7,2009,31.064166666666665,4.73,3.66,4.3500000000000005
22054,8,22,7,2009,31.25916666666667,5.09,3.89,4.68
22055,8,23,7,2009,31.272499999999997,5.05,3.76,4.59
22056,9,0,7,2009,30.569166666666664,5.58,3.63,4.58
22057,9,1,7,2009,28.524999999999995,6.41,2.7,5.21
22058,9,2,7,2009,27.31916666666667,7.42,3.72,6.71
22059,9,3,7,2009,25.980000000000004,10.47,3.9,7.37
22060,9,4,7,2009,25.420833333333334,11.62,4.6000000000000005,7.82
22061,9,5,7,2009,25.062499999999996,12.0,5.11,8.26
22062,9,6,7,2009,24.474999999999998,12.26,5.33,8.42
22063,9,7,7,2009,23.747500000000002,12.42,5.8500000000000005,8.82
22064,9,8,7,2009,22.92583333333333,11.83,5.41,8.28
22065,9,9,7,2009,22.265,12.06,5.32,8.18
22066,9,10,7,2009,21.88333333333333,11.83,5.36,8.19
22067,9,11,7,2009,21.535833333333333,11.93,5.67,8.370000000000001
22068,9,12,7,2009,22.075,10.11,5.7700000000000005,7.87
22069,9,13,7,2009,23.583333333333332,7.87,5.16,6.34
22070,9,14,7,2009,25.3775,7.07,5.17,6.33
22071,9,15,7,2009,27.205000000000002,7.5,5.54,6.7700000000000005
22072,9,16,7,2009,28.824166666666667,7.3900000000000015,5.48,6.67
22073,9,17,7,2009,30.19416666666667,7.63,5.67,6.9
22074,9,18,7,2009,31.323333333333334,8.31,6.12,7.48
22075,9,19,7,2009,32.196666666666665,8.620000000000001,6.33,7.75
22076,9,20,7,2009,32.9575,9.7,6.99,8.64
22077,9,21,7,2009,33.466666666666676,10.51,7.47,9.34
22078,9,22,7,2009,33.57,11.12,7.77,9.81
22079,9,23,7,2009,33.33583333333334,11.67,8.01,10.25
22080,10,0,7,2009,32.45333333333334,10.96,6.8,9.16
22081,10,1,7,2009,30.287499999999998,10.02,3.93,6.6000000000000005
22082,10,2,7,2009,28.750833333333333,9.88,3.53,6.69
22083,10,3,7,2009,27.837500000000002,10.37,3.81,6.99
22084,10,4,7,2009,27.760833333333334,11.28,4.61,7.58
22085,10,5,7,2009,27.322499999999994,11.0,4.53,7.43
22086,10,6,7,2009,27.043333333333337,11.79,5.5200000000000005,8.3
22087,10,7,7,2009,26.96416666666667,12.17,5.67,8.51
22088,10,8,7,2009,26.4675,11.42,4.89,7.6
22089,10,9,7,2009,26.301666666666666,11.66,6.49,9.05
22090,10,10,7,2009,25.7,11.41,6.55,8.85
22091,10,11,7,2009,25.545,10.41,6.2,8.44
22092,10,12,7,2009,25.850833333333338,7.16,3.91,5.39
22093,10,13,7,2009,27.521666666666665,7.74,5.51,6.84
22094,10,14,7,2009,28.69333333333333,8.51,6.13,7.58
22095,10,15,7,2009,29.534166666666668,3.09,2.33,2.77
22096,10,16,7,2009,30.364166666666673,3.62,2.86,3.35
22097,10,17,7,2009,31.339166666666667,4.8500000000000005,3.86,4.53
22098,10,18,7,2009,32.25666666666667,5.76,4.49,5.3500000000000005
22099,10,19,7,2009,33.09333333333334,6.0600000000000005,4.62,5.53
22100,10,20,7,2009,33.990833333333335,4.55,3.45,4.12
22101,10,21,7,2009,34.69416666666666,4.48,3.41,4.07
22102,10,22,7,2009,35.054166666666674,4.25,3.33,3.94
22103,10,23,7,2009,34.29833333333333,8.4,6.54,7.9300000000000015
22104,11,0,7,2009,31.81583333333333,8.38,5.97,7.34
22105,11,1,7,2009,30.0925,9.73,4.22,6.75
22106,11,2,7,2009,28.355833333333333,10.72,4.46,7.04
22107,11,3,7,2009,27.043333333333333,10.19,3.83,6.34
22108,11,4,7,2009,26.32833333333333,9.57,3.94,6.3500000000000005
22109,11,5,7,2009,25.363333333333333,9.79,4.54,6.82
22110,11,6,7,2009,24.265,9.69,4.28,6.42
22111,11,7,7,2009,23.400833333333335,9.35,3.5700000000000003,6.0600000000000005
22112,11,8,7,2009,22.964166666666667,8.21,3.92,5.84
22113,11,9,7,2009,22.655,7.99,3.89,5.71
22114,11,10,7,2009,22.58333333333333,8.89,4.21,6.2
22115,11,11,7,2009,22.599999999999998,9.05,4.82,6.48
22116,11,12,7,2009,23.535,7.52,4.7,5.69
22117,11,13,7,2009,24.719166666666666,7.71,5.84,7.05
22118,11,14,7,2009,26.33083333333333,8.24,6.18,7.49
22119,11,15,7,2009,27.721666666666664,8.11,6.09,7.37
22120,11,16,7,2009,28.4875,8.28,6.19,7.52
22121,11,17,7,2009,29.235,7.57,5.67,6.88
22122,11,18,7,2009,30.340833333333336,7.54,5.75,6.92
22123,11,19,7,2009,30.9525,7.84,5.93,7.16
22124,11,20,7,2009,31.24083333333333,8.120000000000001,6.1000000000000005,7.38
22125,11,21,7,2009,31.367499999999996,7.69,5.7700000000000005,7.0200000000000005
22126,11,22,7,2009,31.153333333333332,8.06,6.0200000000000005,7.32
22127,11,23,7,2009,30.67083333333333,7.83,5.84,7.1400000000000015
22128,12,0,7,2009,29.65666666666667,8.42,4.7700000000000005,6.69
22129,12,1,7,2009,28.160833333333333,8.93,3.72,6.01
22130,12,2,7,2009,26.882500000000007,9.9,3.51,6.34
22131,12,3,7,2009,25.82083333333333,7.75,3.23,5.63
22132,12,4,7,2009,24.800833333333333,9.78,3.25,5.98
22133,12,5,7,2009,24.136666666666667,9.62,3.36,5.9
22134,12,6,7,2009,23.4075,10.3,3.66,6.2
22135,12,7,7,2009,22.95916666666666,10.73,4.3100000000000005,6.82
22136,12,8,7,2009,22.544999999999998,9.15,2.92,5.36
22137,12,9,7,2009,22.293333333333333,18.77,11.43,15.2
22138,12,10,7,2009,20.34916666666666,19.01,13.31,16.95
22139,12,11,7,2009,19.98333333333333,5.48,3.98,5.0
22140,12,12,7,2009,20.28166666666667,6.98,4.07,5.51
22141,12,13,7,2009,21.751666666666665,2.35,2.19,2.41
22142,12,14,7,2009,23.549166666666665,2.19,2.03,2.26
22143,12,15,7,2009,25.065,2.1,2.0,2.2
22144,12,16,7,2009,27.034166666666664,1.83,1.63,1.81
22145,12,17,7,2009,28.599999999999998,1.79,1.45,1.68
22146,12,18,7,2009,29.73166666666667,2.97,2.4,2.79
22147,12,19,7,2009,30.4275,3.21,2.59,3.01
22148,12,20,7,2009,30.91916666666667,3.52,2.8000000000000003,3.28
22149,12,21,7,2009,31.1525,4.21,3.36,3.96
22150,12,22,7,2009,31.287499999999994,4.4,3.39,4.04
22151,12,23,7,2009,31.276666666666667,4.7700000000000005,3.38,4.21
22152,13,0,7,2009,30.73833333333333,5.41,3.86,4.87
22153,13,1,7,2009,28.911666666666665,5.63,2.02,3.92
22154,13,2,7,2009,26.430833333333336,19.68,12.64,16.43
22155,13,3,7,2009,21.075833333333332,13.68,8.98,11.36
22156,13,4,7,2009,20.85,9.81,5.49,7.52
22157,13,5,7,2009,21.017500000000002,8.72,4.28,6.04
22158,13,6,7,2009,21.236666666666668,8.290000000000001,3.27,5.07
22159,13,7,7,2009,21.656666666666666,8.2,3.64,4.9
22160,13,8,7,2009,20.752499999999998,12.05,8.08,10.3
22161,13,9,7,2009,19.169166666666666,9.89,6.47,8.23
22162,13,10,7,2009,20.16,13.94,9.61,12.23
22163,13,11,7,2009,20.1075,8.97,5.42,7.28
22164,13,12,7,2009,20.875,8.15,4.76,6.45
22165,13,13,7,2009,21.609166666666667,3.68,2.9,3.43
22166,13,14,7,2009,22.557500000000005,2.93,2.46,2.83
22167,13,15,7,2009,24.227500000000003,2.68,2.26,2.58
22168,13,16,7,2009,25.599999999999998,3.45,2.87,3.3000000000000003
22169,13,17,7,2009,26.573333333333327,3.94,3.18,3.71
22170,13,18,7,2009,27.02916666666667,5.03,4.15,4.83
22171,13,19,7,2009,27.984999999999996,3.99,3.39,3.88
22172,13,20,7,2009,28.448333333333338,5.53,4.71,5.4
22173,13,21,7,2009,28.8325,5.87,4.57,5.44
22174,13,22,7,2009,29.0275,5.84,4.47,5.2700000000000005
22175,13,23,7,2009,28.817500000000006,6.62,4.89,6.09
22176,14,0,7,2009,28.3325,6.66,4.62,5.8100000000000005
22177,14,1,7,2009,26.823333333333334,9.08,3.75,6.48
22178,14,2,7,2009,25.428333333333327,10.25,3.88,6.7700000000000005
22179,14,3,7,2009,24.391666666666662,11.07,4.03,7.05
22180,14,4,7,2009,23.711666666666662,11.09,4.33,7.29
22181,14,5,7,2009,23.409166666666664,11.41,5.5,8.16
22182,14,6,7,2009,22.99333333333333,11.15,5.37,7.9300000000000015
22183,14,7,7,2009,22.776666666666667,11.33,4.86,7.55
22184,14,8,7,2009,22.330833333333334,11.33,4.87,7.6
22185,14,9,7,2009,22.40833333333333,11.42,4.96,7.6400000000000015
22186,14,10,7,2009,22.083333333333332,10.91,4.89,7.43
22187,14,11,7,2009,22.035,10.57,5.39,7.53
22188,14,12,7,2009,23.250000000000004,9.94,5.55,7.3900000000000015
22189,14,13,7,2009,25.018333333333334,9.01,6.5200000000000005,8.06
22190,14,14,7,2009,26.704166666666666,9.53,7.01,8.61
22191,14,15,7,2009,28.46166666666667,10.19,7.44,9.16
22192,14,16,7,2009,29.9025,10.39,7.6400000000000015,9.38
22193,14,17,7,2009,31.620833333333334,9.29,6.7700000000000005,8.33
22194,14,18,7,2009,33.19833333333334,7.19,5.3,6.45
22195,14,19,7,2009,34.775,6.69,4.89,5.96
22196,14,20,7,2009,36.3675,7.1000000000000005,5.12,6.3
22197,14,21,7,2009,37.72083333333333,6.48,4.64,5.72
22198,14,22,7,2009,38.729166666666664,6.34,4.2700000000000005,5.43
22199,14,23,7,2009,38.99916666666666,5.98,3.77,4.98
22200,15,0,7,2009,37.55499999999999,3.3000000000000003,1.47,2.31
22201,15,1,7,2009,33.349999999999994,3.95,2.92,6.16
22202,15,2,7,2009,31.515,17.29,9.77,13.97
22203,15,3,7,2009,28.679166666666664,14.69,8.53,11.54
22204,15,4,7,2009,28.080833333333334,10.86,5.34,8.4
22205,15,5,7,2009,28.255833333333328,11.0,5.24,8.15
22206,15,6,7,2009,27.304166666666664,15.16,5.34,8.84
22207,15,7,7,2009,26.33416666666666,12.03,5.59,8.370000000000001
22208,15,8,7,2009,25.73833333333333,11.87,5.32,8.11
22209,15,9,7,2009,24.534166666666664,11.75,4.74,7.82
22210,15,10,7,2009,23.968333333333334,12.14,5.61,8.46
22211,15,11,7,2009,22.680833333333336,10.6,4.84,7.53
22212,15,12,7,2009,23.09,10.0,5.26,7.3
22213,15,13,7,2009,23.007500000000004,9.16,5.9,7.3900000000000015
22214,15,14,7,2009,23.723333333333333,7.52,5.62,6.8500000000000005
22215,15,15,7,2009,24.676666666666673,6.67,5.03,6.09
22216,15,16,7,2009,25.770833333333332,6.59,5.04,6.05
22217,15,17,7,2009,26.850833333333338,6.13,4.61,5.57
22218,15,18,7,2009,27.833333333333332,4.45,3.53,4.16
22219,15,19,7,2009,28.68083333333333,4.3,3.4,4.01
22220,15,20,7,2009,29.285000000000007,3.54,2.87,3.34
22221,15,21,7,2009,29.57083333333333,4.23,3.31,3.92
22222,15,22,7,2009,29.584999999999997,4.49,3.47,4.23
22223,15,23,7,2009,29.1675,5.48,4.11,5.03
22224,16,0,7,2009,28.415833333333335,3.58,2.63,3.27
22225,16,1,7,2009,26.099999999999998,4.19,1.26,2.93
22226,16,2,7,2009,24.5925,4.49,1.44,3.37
22227,16,3,7,2009,23.573333333333334,5.2,1.46,3.52
22228,16,4,7,2009,22.37666666666667,5.29,1.46,3.59
22229,16,5,7,2009,22.31583333333333,4.42,1.51,2.99
22230,16,6,7,2009,21.603333333333335,3.88,1.1,2.5
22231,16,7,7,2009,20.902500000000003,3.37,0.98,2.13
22232,16,8,7,2009,20.834166666666665,2.97,1.24,2.26
22233,16,9,7,2009,20.54666666666667,5.2,3.17,4.8500000000000005
22234,16,10,7,2009,19.8125,4.29,2.15,3.89
22235,16,11,7,2009,19.580833333333334,5.26,2.61,4.25
22236,16,12,7,2009,20.78833333333333,5.19,2.69,4.13
22237,16,13,7,2009,22.69333333333333,2.81,1.67,1.95
22238,16,14,7,2009,24.319166666666664,6.2,4.71,5.71
22239,16,15,7,2009,24.93083333333333,7.29,5.41,6.61
22240,16,16,7,2009,26.05333333333333,2.27,1.86,2.15
22241,16,17,7,2009,27.558333333333337,5.5600000000000005,4.39,5.17
22242,16,18,7,2009,28.250833333333333,6.61,5.08,6.1000000000000005
22243,16,19,7,2009,28.914166666666663,8.8,6.61,8.03
22244,16,20,7,2009,28.667500000000004,9.22,7.04,8.540000000000001
22245,16,21,7,2009,28.097499999999997,6.45,4.97,5.94
22246,16,22,7,2009,28.039999999999996,9.63,7.04,8.71
22247,16,23,7,2009,26.581666666666667,10.12,7.26,9.07
22248,17,0,7,2009,25.20333333333333,9.69,6.8100000000000005,8.61
22249,17,1,7,2009,23.34583333333333,9.92,3.97,6.59
22250,17,2,7,2009,21.4375,10.67,3.67,7.05
22251,17,3,7,2009,20.188333333333333,10.94,3.53,7.32
22252,17,4,7,2009,18.807499999999994,12.3,3.56,7.25
22253,17,5,7,2009,17.690833333333334,10.2,1.93,5.3500000000000005
22254,17,6,7,2009,16.903333333333332,7.98,2.1,4.51
22255,17,7,7,2009,16.039166666666663,6.76,1.98,4.25
22256,17,8,7,2009,15.361666666666666,5.57,1.98,3.9
22257,17,9,7,2009,14.6325,5.61,1.86,3.92
22258,17,10,7,2009,14.219999999999999,4.95,2.5500000000000003,4.21
22259,17,11,7,2009,14.225,5.69,3.43,5.29
22260,17,12,7,2009,15.529166666666669,5.64,3.27,4.72
22261,17,13,7,2009,17.1875,5.03,3.74,4.53
22262,17,14,7,2009,19.113333333333333,6.8100000000000005,4.93,6.07
22263,17,15,7,2009,20.169166666666662,7.19,5.2700000000000005,6.46
22264,17,16,7,2009,21.038333333333338,8.26,6.04,7.3900000000000015
22265,17,17,7,2009,22.081666666666667,7.85,5.72,7.01
22266,17,18,7,2009,23.001666666666665,8.0,5.82,7.12
22267,17,19,7,2009,23.763333333333332,8.07,5.86,7.17
22268,17,20,7,2009,24.386666666666667,8.18,5.95,7.29
22269,17,21,7,2009,24.686666666666667,8.32,5.97,7.37
22270,17,22,7,2009,24.66416666666667,9.18,6.46,8.13
22271,17,23,7,2009,24.144166666666667,9.41,6.61,8.370000000000001
22272,18,0,7,2009,22.711666666666673,10.75,5.4,7.16
22273,18,1,7,2009,19.70583333333333,11.77,3.68,8.45
22274,18,2,7,2009,18.43333333333333,10.27,3.36,7.91
22275,18,3,7,2009,17.342499999999998,9.09,3.11,6.7700000000000005
22276,18,4,7,2009,16.401666666666667,9.11,2.81,6.37
22277,18,5,7,2009,15.70583333333333,8.81,2.59,6.0200000000000005
22278,18,6,7,2009,14.864166666666664,6.59,2.41,5.16
22279,18,7,7,2009,14.499999999999998,5.03,2.19,3.73
22280,18,8,7,2009,14.12,6.1000000000000005,3.0500000000000003,5.19
22281,18,9,7,2009,13.754166666666665,5.28,3.08,5.16
22282,18,10,7,2009,13.147499999999999,5.26,3.74,5.63
22283,18,11,7,2009,12.582499999999998,5.18,3.68,5.59
22284,18,12,7,2009,13.524166666666666,4.67,2.76,4.45
22285,18,13,7,2009,16.235,4.05,2.41,2.78
22286,18,14,7,2009,18.5675,3.63,2.82,3.36
22287,18,15,7,2009,20.436666666666667,4.29,3.2,3.86
22288,18,16,7,2009,21.459166666666665,4.95,3.69,4.46
22289,18,17,7,2009,22.295833333333334,5.92,4.46,5.37
22290,18,18,7,2009,23.0325,5.71,4.29,5.18
22291,18,19,7,2009,23.698333333333334,6.36,4.84,5.82
22292,18,20,7,2009,24.180833333333336,6.5,4.97,5.99
22293,18,21,7,2009,24.53,6.71,5.04,6.13
22294,18,22,7,2009,24.713333333333328,6.8100000000000005,5.19,6.32
22295,18,23,7,2009,24.56,5.63,4.07,5.13
22296,19,0,7,2009,23.676666666666666,5.8,4.0600000000000005,5.1000000000000005
22297,19,1,7,2009,21.239166666666662,7.3900000000000015,2.57,5.42
22298,19,2,7,2009,19.270833333333336,8.24,2.05,6.26
22299,19,3,7,2009,18.294166666666666,6.11,1.55,4.18
22300,19,4,7,2009,17.288333333333334,5.11,1.38,3.06
22301,19,5,7,2009,16.495833333333334,4.55,1.35,2.95
22302,19,6,7,2009,15.927500000000002,4.45,1.26,2.92
22303,19,7,7,2009,15.7725,3.0,0.6900000000000001,1.73
22304,19,8,7,2009,15.858333333333333,2.81,0.65,1.69
22305,19,9,7,2009,15.008333333333333,3.08,0.67,1.88
22306,19,10,7,2009,14.389166666666668,2.86,0.52,1.58
22307,19,11,7,2009,14.335833333333333,2.01,0.32,0.81
22308,19,12,7,2009,15.886666666666668,2.92,1.47,2.02
22309,19,13,7,2009,18.054166666666667,2.72,2.27,2.58
22310,19,14,7,2009,20.285833333333333,2.11,1.75,2.01
22311,19,15,7,2009,22.1075,1.86,1.51,1.74
22312,19,16,7,2009,23.224999999999998,1.8,1.57,1.76
22313,19,17,7,2009,24.034166666666668,1.46,1.29,1.44
22314,19,18,7,2009,24.855,1.94,1.82,1.99
22315,19,19,7,2009,25.540000000000003,2.04,1.86,2.06
22316,19,20,7,2009,26.224166666666665,2.69,2.34,2.64
22317,19,21,7,2009,26.683333333333337,3.06,2.54,2.93
22318,19,22,7,2009,26.8575,3.13,2.62,3.02
22319,19,23,7,2009,26.635,5.01,3.67,4.59
22320,20,0,7,2009,25.374166666666667,7.09,3.92,5.97
22321,20,1,7,2009,22.81,8.39,3.88,7.22
22322,20,2,7,2009,21.03,9.98,4.05,7.8900000000000015
22323,20,3,7,2009,20.375833333333333,10.66,4.48,8.16
22324,20,4,7,2009,19.875,11.03,4.4,8.040000000000001
22325,20,5,7,2009,19.368333333333332,11.76,4.45,8.02
22326,20,6,7,2009,19.0125,12.58,5.48,8.66
22327,20,7,7,2009,18.385833333333334,12.65,5.68,8.89
22328,20,8,7,2009,18.075,12.67,6.15,9.18
22329,20,9,7,2009,17.3225,12.35,5.71,8.74
22330,20,10,7,2009,17.24416666666667,11.57,5.75,8.47
22331,20,11,7,2009,16.868333333333336,12.2,6.09,8.790000000000001
22332,20,12,7,2009,17.741666666666667,10.72,6.74,8.700000000000001
22333,20,13,7,2009,18.817500000000003,8.88,6.23,7.68
22334,20,14,7,2009,20.620833333333334,8.47,6.1000000000000005,7.48
22335,20,15,7,2009,22.397499999999997,8.32,5.7,7.43
22336,20,16,7,2009,23.519166666666663,9.38,7.04,8.57
22337,20,17,7,2009,24.250833333333333,9.42,6.82,8.370000000000001
22338,20,18,7,2009,21.74083333333333,9.48,7.0200000000000005,8.620000000000001
22339,20,19,7,2009,20.493333333333336,8.06,5.2,6.41
22340,20,20,7,2009,18.955833333333334,5.94,4.5200000000000005,5.39
22341,20,21,7,2009,18.561666666666667,8.1,5.75,6.98
22342,20,22,7,2009,18.526666666666667,8.8,5.92,7.32
22343,20,23,7,2009,18.3075,9.05,5.21,7.26
22344,21,0,7,2009,18.235833333333336,8.09,5.07,6.71
22345,21,1,7,2009,18.075833333333332,9.11,5.67,7.46
22346,21,2,7,2009,17.782500000000002,9.25,5.8100000000000005,7.6400000000000015
22347,21,3,7,2009,17.600833333333338,7.83,4.58,6.17
22348,21,4,7,2009,17.6775,7.6400000000000015,4.58,6.13
22349,21,5,7,2009,17.534166666666668,7.53,4.46,6.0
22350,21,6,7,2009,17.635,6.93,4.5200000000000005,5.87
22351,21,7,7,2009,17.624166666666667,5.38,3.09,4.22
22352,21,8,7,2009,17.686666666666664,5.79,3.52,4.69
22353,21,9,7,2009,17.685,4.65,2.57,3.52
22354,21,10,7,2009,17.64666666666667,2.77,1.37,1.88
22355,21,11,7,2009,17.640000000000004,3.93,2.62,3.49
22356,21,12,7,2009,17.861666666666668,4.24,2.77,3.63
22357,21,13,7,2009,17.950000000000003,5.3,3.3000000000000003,4.09
22358,21,14,7,2009,18.150833333333335,5.37,3.81,4.65
22359,21,15,7,2009,19.36583333333333,5.48,4.04,4.92
22360,21,16,7,2009,20.526666666666667,8.02,6.19,7.49
22361,21,17,7,2009,21.911666666666665,7.24,5.32,6.53
22362,21,18,7,2009,23.473333333333333,9.76,7.13,8.85
22363,21,19,7,2009,23.9875,9.27,6.97,8.540000000000001
22364,21,20,7,2009,24.458333333333332,8.24,6.16,7.51
22365,21,21,7,2009,24.81,8.51,6.24,7.67
22366,21,22,7,2009,24.81583333333333,8.1,5.61,7.01
22367,21,23,7,2009,25.263333333333335,8.9,6.25,7.92
22368,22,0,7,2009,24.365833333333338,8.08,4.83,6.4
22369,22,1,7,2009,22.0425,9.65,2.92,6.18
22370,22,2,7,2009,20.51416666666667,9.57,2.5500000000000003,6.97
22371,22,3,7,2009,20.064999999999998,8.73,2.65,6.78
22372,22,4,7,2009,19.355833333333333,7.54,2.45,5.87
22373,22,5,7,2009,18.599999999999998,5.28,2.49,4.36
22374,22,6,7,2009,17.9625,5.07,2.65,4.7
22375,22,7,7,2009,17.63416666666667,5.8,3.24,5.55
22376,22,8,7,2009,16.813333333333333,5.51,2.61,4.79
22377,22,9,7,2009,16.41,4.93,2.53,4.32
22378,22,10,7,2009,15.8925,4.96,2.48,4.21
22379,22,11,7,2009,15.229166666666666,4.83,2.69,4.34
22380,22,12,7,2009,16.91416666666667,4.72,2.74,4.11
22381,22,13,7,2009,19.655833333333334,4.21,2.36,2.79
22382,22,14,7,2009,21.981666666666666,3.15,2.46,2.91
22383,22,15,7,2009,23.9475,3.3200000000000003,2.5,3.0
22384,22,16,7,2009,25.271666666666665,3.15,2.4,2.87
22385,22,17,7,2009,26.2825,2.44,1.87,2.21
22386,22,18,7,2009,27.125833333333333,1.86,1.49,1.72
22387,22,19,7,2009,27.789999999999996,1.32,1.21,1.31
22388,22,20,7,2009,28.385000000000005,1.05,0.92,1.02
22389,22,21,7,2009,28.429999999999996,1.55,1.11,1.39
22390,22,22,7,2009,28.705833333333334,2.51,1.92,2.29
22391,22,23,7,2009,28.355833333333337,2.77,2.06,2.5
22392,23,0,7,2009,27.2825,4.38,2.66,4.3
22393,23,1,7,2009,24.828333333333333,5.14,3.09,5.08
22394,23,2,7,2009,24.127499999999998,4.42,3.3000000000000003,5.78
22395,23,3,7,2009,23.419166666666666,3.39,2.34,3.33
22396,23,4,7,2009,22.753333333333334,2.88,1.88,2.76
22397,23,5,7,2009,21.553333333333338,3.63,1.87,3.47
22398,23,6,7,2009,20.598333333333333,5.0200000000000005,2.45,4.5
22399,23,7,7,2009,19.75916666666667,3.26,1.76,2.7
22400,23,8,7,2009,19.205000000000002,5.64,2.18,4.23
22401,23,9,7,2009,18.906666666666666,8.34,3.98,6.57
22402,23,10,7,2009,17.915000000000003,8.52,4.22,6.82
22403,23,11,7,2009,18.166666666666668,9.9,5.5,7.76
22404,23,12,7,2009,19.263333333333332,9.22,5.46,7.43
22405,23,13,7,2009,20.868333333333336,7.09,5.0,6.0
22406,23,14,7,2009,22.912500000000005,5.41,4.33,5.13
22407,23,15,7,2009,24.8175,4.21,3.23,3.86
22408,23,16,7,2009,26.54666666666667,3.96,3.01,3.61
22409,23,17,7,2009,27.64416666666666,3.18,2.45,2.91
22410,23,18,7,2009,28.351666666666663,2.71,2.31,2.62
22411,23,19,7,2009,28.977499999999996,2.87,2.43,2.77
22412,23,20,7,2009,29.495000000000005,2.86,2.42,2.77
22413,23,21,7,2009,29.813333333333333,2.29,1.96,2.23
22414,23,22,7,2009,29.951666666666668,1.88,1.64,1.85
22415,23,23,7,2009,29.899999999999995,1.79,1.55,1.76
22416,24,0,7,2009,28.959166666666665,3.77,1.85,3.33
22417,24,1,7,2009,26.461666666666662,4.46,2.41,4.46
22418,24,2,7,2009,24.5475,5.48,2.37,5.03
22419,24,3,7,2009,23.114166666666666,5.7,2.76,5.3500000000000005
22420,24,4,7,2009,22.956666666666663,6.44,3.26,6.2
22421,24,5,7,2009,22.793333333333337,6.66,3.7,6.26
22422,24,6,7,2009,22.571666666666662,8.370000000000001,4.34,7.3
22423,24,7,7,2009,22.050833333333333,10.41,4.61,7.8900000000000015
22424,24,8,7,2009,21.9275,12.98,6.43,9.54
22425,24,9,7,2009,21.455,13.0,6.3100000000000005,9.49
22426,24,10,7,2009,21.8125,11.22,5.76,8.44
22427,24,11,7,2009,22.745833333333334,12.69,6.83,9.55
22428,24,12,7,2009,23.534166666666668,12.86,7.68,10.21
22429,24,13,7,2009,25.349166666666672,11.79,7.35,9.61
22430,24,14,7,2009,28.270833333333332,11.67,8.4,10.48
22431,24,15,7,2009,29.633333333333336,11.15,8.15,10.08
22432,24,16,7,2009,30.4425,9.98,7.29,8.98
22433,24,17,7,2009,31.787500000000005,9.95,7.25,8.96
22434,24,18,7,2009,33.3675,9.51,6.93,8.540000000000001
22435,24,19,7,2009,34.67666666666667,8.55,6.21,7.63
22436,24,20,7,2009,35.69333333333333,7.46,5.39,6.65
22437,24,21,7,2009,36.36,7.85,5.57,6.97
22438,24,22,7,2009,36.64333333333334,7.88,5.57,7.01
22439,24,23,7,2009,36.295833333333334,7.95,5.13,6.82
22440,25,0,7,2009,34.7575,6.87,3.15,5.49
22441,25,1,7,2009,32.56166666666667,7.75,4.04,6.63
22442,25,2,7,2009,30.565833333333334,13.79,5.12,9.19
22443,25,3,7,2009,30.41083333333333,9.77,4.8,6.88
22444,25,4,7,2009,28.83416666666666,12.77,4.96,8.35
22445,25,5,7,2009,27.485000000000003,12.98,5.0200000000000005,9.24
22446,25,6,7,2009,25.925,10.52,4.9,7.35
22447,25,7,7,2009,25.242499999999996,11.57,6.8100000000000005,9.3
22448,25,8,7,2009,23.249166666666664,11.49,6.86,9.17
22449,25,9,7,2009,20.760833333333334,9.19,5.03,6.84
22450,25,10,7,2009,20.127499999999998,6.41,3.2,4.68
22451,25,11,7,2009,19.5875,7.49,3.51,5.48
22452,25,12,7,2009,20.7925,7.24,3.78,5.22
22453,25,13,7,2009,22.309166666666666,5.44,4.14,5.0
22454,25,14,7,2009,23.275000000000002,5.4,4.11,4.94
22455,25,15,7,2009,24.209999999999997,5.6000000000000005,4.26,5.12
22456,25,16,7,2009,25.147500000000004,4.2,3.3000000000000003,3.89
22457,25,17,7,2009,25.954999999999995,4.95,3.84,4.57
22458,25,18,7,2009,26.8325,4.55,3.47,4.15
22459,25,19,7,2009,27.679166666666674,5.23,3.96,4.7700000000000005
22460,25,20,7,2009,28.403333333333332,6.45,4.8,5.83
22461,25,21,7,2009,28.82833333333333,6.51,4.66,5.76
22462,25,22,7,2009,29.05333333333333,7.56,5.55,6.82
22463,25,23,7,2009,28.836666666666662,7.49,5.37,6.72
22464,26,0,7,2009,27.671666666666663,6.5600000000000005,3.9,5.18
22465,26,1,7,2009,25.40166666666667,6.33,2.2,4.69
22466,26,2,7,2009,24.127499999999998,8.24,2.12,5.63
22467,26,3,7,2009,22.780833333333334,8.64,2.22,5.62
22468,26,4,7,2009,21.650833333333335,6.3100000000000005,1.69,4.14
22469,26,5,7,2009,20.7925,5.19,1.47,3.38
22470,26,6,7,2009,20.09583333333333,3.42,0.78,1.94
22471,26,7,7,2009,19.573333333333334,2.66,0.78,1.89
22472,26,8,7,2009,19.153333333333332,2.62,1.12,2.22
22473,26,9,7,2009,18.550833333333333,2.98,1.61,2.62
22474,26,10,7,2009,18.3725,3.12,1.58,2.75
22475,26,11,7,2009,17.8925,2.86,1.46,2.37
22476,26,12,7,2009,18.875833333333333,3.3200000000000003,1.69,2.72
22477,26,13,7,2009,20.689999999999998,2.75,1.89,2.13
22478,26,14,7,2009,22.478333333333335,2.07,1.7,1.96
22479,26,15,7,2009,24.249166666666667,2.61,2.01,2.38
22480,26,16,7,2009,25.534166666666664,4.0,3.0700000000000003,3.65
22481,26,17,7,2009,26.38166666666667,4.58,3.5,4.18
22482,26,18,7,2009,26.989166666666666,4.58,3.51,4.18
22483,26,19,7,2009,27.7175,4.9,3.81,4.5200000000000005
22484,26,20,7,2009,28.272500000000004,4.63,3.59,4.26
22485,26,21,7,2009,28.691666666666663,4.91,3.83,4.5600000000000005
22486,26,22,7,2009,28.94666666666667,4.15,3.18,3.81
22487,26,23,7,2009,28.816666666666666,3.67,2.84,3.4
22488,27,0,7,2009,27.865,4.26,2.5500000000000003,3.2
22489,27,1,7,2009,25.315833333333334,4.5,1.46,3.23
22490,27,2,7,2009,23.346666666666664,5.15,1.39,3.11
22491,27,3,7,2009,22.163333333333338,4.4,2.19,3.91
22492,27,4,7,2009,21.888333333333335,4.6000000000000005,2.5500000000000003,4.43
22493,27,5,7,2009,21.401666666666667,5.19,2.94,5.05
22494,27,6,7,2009,21.0625,6.05,3.76,5.91
22495,27,7,7,2009,20.445833333333336,6.38,3.78,6.18
22496,27,8,7,2009,20.455833333333334,6.73,4.11,6.46
22497,27,9,7,2009,19.941666666666663,8.72,4.6000000000000005,7.38
22498,27,10,7,2009,19.791666666666664,7.9,4.3,7.26
22499,27,11,7,2009,19.59,8.82,4.57,7.4
22500,27,12,7,2009,21.22666666666667,8.4,4.7700000000000005,6.82
22501,27,13,7,2009,23.36916666666667,8.05,4.79,5.99
22502,27,14,7,2009,25.525833333333328,6.08,4.62,5.57
22503,27,15,7,2009,27.3925,5.71,4.32,5.22
22504,27,16,7,2009,28.978333333333335,5.1000000000000005,3.84,4.63
22505,27,17,7,2009,30.212499999999995,4.16,3.16,3.78
22506,27,18,7,2009,31.227500000000003,3.4,2.65,3.12
22507,27,19,7,2009,32.160833333333336,3.19,2.46,2.91
22508,27,20,7,2009,32.81916666666667,2.38,1.86,2.18
22509,27,21,7,2009,33.14416666666667,1.67,1.37,1.57
22510,27,22,7,2009,33.29083333333333,2.86,2.35,2.73
22511,27,23,7,2009,33.12333333333334,3.17,2.57,3.01
22512,28,0,7,2009,29.46416666666667,11.17,7.1000000000000005,9.13
22513,28,1,7,2009,26.176666666666673,10.9,5.95,8.25
22514,28,2,7,2009,22.884166666666662,12.76,7.97,10.68
22515,28,3,7,2009,22.90833333333333,7.58,4.22,5.74
22516,28,4,7,2009,22.096666666666664,8.55,3.63,5.93
22517,28,5,7,2009,21.602500000000003,8.93,3.74,5.83
22518,28,6,7,2009,20.634999999999998,7.92,3.16,4.8500000000000005
22519,28,7,7,2009,20.585833333333337,4.09,1.19,1.66
22520,28,8,7,2009,19.854166666666668,2.33,1.65,2.46
22521,28,9,7,2009,19.374166666666667,3.01,1.83,2.9
22522,28,10,7,2009,19.44333333333333,3.0,1.78,2.89
22523,28,11,7,2009,19.236666666666668,2.9,1.34,2.57
22524,28,12,7,2009,20.42083333333333,2.71,1.51,2.49
22525,28,13,7,2009,21.995833333333334,2.5500000000000003,2.29,2.58
22526,28,14,7,2009,22.808333333333337,3.34,2.93,3.33
22527,28,15,7,2009,22.175833333333333,3.5700000000000003,3.24,3.67
22528,28,16,7,2009,22.640833333333333,3.5700000000000003,2.8000000000000003,3.31
22529,28,17,7,2009,23.038333333333338,6.61,4.75,5.98
22530,28,18,7,2009,20.603333333333335,10.54,8.24,9.99
22531,28,19,7,2009,22.330833333333334,8.73,6.6000000000000005,8.0
22532,28,20,7,2009,24.00333333333333,8.24,6.13,7.47
22533,28,21,7,2009,24.71666666666667,10.19,7.52,9.3
22534,28,22,7,2009,24.41333333333333,9.31,6.8500000000000005,8.45
22535,28,23,7,2009,24.80666666666667,7.87,5.55,7.01
22536,29,0,7,2009,23.9375,7.77,5.04,6.51
22537,29,1,7,2009,21.889166666666668,7.62,3.3000000000000003,6.05
22538,29,2,7,2009,20.581666666666663,7.16,2.38,5.51
22539,29,3,7,2009,20.0625,7.8,2.29,5.76
22540,29,4,7,2009,19.596666666666664,7.0,2.59,5.54
22541,29,5,7,2009,18.539166666666667,7.82,3.13,5.87
22542,29,6,7,2009,17.605833333333333,6.01,2.6,4.86
22543,29,7,7,2009,16.88083333333333,6.05,2.0,4.1
22544,29,8,7,2009,15.891666666666666,5.12,1.48,3.29
22545,29,9,7,2009,15.273333333333332,3.71,1.1,2.48
22546,29,10,7,2009,14.807500000000003,3.26,1.1,2.39
22547,29,11,7,2009,14.348333333333336,2.78,0.49,1.56
22548,29,12,7,2009,15.946666666666667,2.2,0.8200000000000001,0.97
22549,29,13,7,2009,18.275833333333335,1.93,1.68,1.83
22550,29,14,7,2009,19.991666666666667,2.09,1.74,1.99
22551,29,15,7,2009,21.850833333333338,2.74,2.26,2.6
22552,29,16,7,2009,23.051666666666666,2.74,2.25,2.59
22553,29,17,7,2009,23.87166666666667,2.96,2.42,2.79
22554,29,18,7,2009,24.570833333333336,2.82,2.32,2.66
22555,29,19,7,2009,25.09583333333333,2.88,2.42,2.76
22556,29,20,7,2009,25.38,3.56,2.79,3.28
22557,29,21,7,2009,25.78666666666666,3.52,2.76,3.24
22558,29,22,7,2009,25.972499999999997,3.37,2.63,3.08
22559,29,23,7,2009,26.041666666666668,3.16,2.51,2.96
22560,30,0,7,2009,25.071666666666662,5.32,2.93,4.58
22561,30,1,7,2009,23.579166666666666,4.38,2.93,4.73
22562,30,2,7,2009,22.040000000000003,4.16,3.04,4.33
22563,30,3,7,2009,21.166666666666668,2.72,1.8,2.64
22564,30,4,7,2009,21.153333333333336,2.84,2.33,3.04
22565,30,5,7,2009,21.12333333333333,5.41,2.73,4.22
22566,30,6,7,2009,19.405,4.71,2.22,3.37
22567,30,7,7,2009,19.025,5.57,2.33,3.88
22568,30,8,7,2009,18.159166666666664,7.79,4.01,6.6000000000000005
22569,30,9,7,2009,17.653333333333336,8.15,3.94,6.46
22570,30,10,7,2009,17.782500000000002,9.03,5.12,6.82
22571,30,11,7,2009,16.3575,10.37,5.71,7.81
22572,30,12,7,2009,16.206666666666667,9.89,6.2,7.76
22573,30,13,7,2009,15.4325,8.57,6.3500000000000005,7.79
22574,30,14,7,2009,16.882500000000004,8.24,6.08,7.41
22575,30,15,7,2009,18.923333333333336,7.92,5.82,7.11
22576,30,16,7,2009,20.480833333333333,8.24,6.08,7.41
22577,30,17,7,2009,21.455,7.77,5.76,6.99
22578,30,18,7,2009,22.448333333333334,7.24,5.34,6.48
22579,30,19,7,2009,23.30666666666667,6.88,5.09,6.17
22580,30,20,7,2009,23.94666666666667,6.7,5.01,6.05
22581,30,21,7,2009,24.342500000000005,6.86,5.1000000000000005,6.18
22582,30,22,7,2009,24.40166666666667,6.4,4.76,5.7700000000000005
22583,30,23,7,2009,24.300833333333333,5.28,3.94,4.78
22584,31,0,7,2009,23.418333333333333,5.73,3.13,3.99
22585,31,1,7,2009,20.8475,6.08,1.82,4.24
22586,31,2,7,2009,19.856666666666666,5.22,2.11,4.2700000000000005
22587,31,3,7,2009,18.999166666666664,7.51,2.15,5.37
22588,31,4,7,2009,18.02,6.01,2.32,5.03
22589,31,5,7,2009,17.314166666666665,4.53,1.94,3.65
22590,31,6,7,2009,17.110000000000003,2.42,1.33,2.04
22591,31,7,7,2009,16.685,2.04,1.72,2.3000000000000003
22592,31,8,7,2009,15.995833333333337,2.62,2.31,3.15
22593,31,9,7,2009,14.84666666666667,3.34,2.83,3.95
22594,31,10,7,2009,13.991666666666665,3.74,3.48,4.75
22595,31,11,7,2009,13.518333333333336,4.2,3.36,4.74
22596,31,12,7,2009,14.867500000000001,4.8,3.2,4.7
22597,31,13,7,2009,18.210833333333333,5.05,3.1,3.6
22598,31,14,7,2009,21.285,3.85,2.88,3.48
22599,31,15,7,2009,23.395833333333332,5.14,3.81,4.61
22600,31,16,7,2009,24.58333333333333,5.15,3.86,4.65
22601,31,17,7,2009,25.565833333333334,4.58,3.47,4.16
22602,31,18,7,2009,26.434166666666666,4.49,3.38,4.0600000000000005
22603,31,19,7,2009,27.148333333333337,4.64,3.48,4.18
22604,31,20,7,2009,27.75,5.75,4.26,5.19
22605,31,21,7,2009,28.15666666666667,6.03,4.45,5.4
22606,31,22,7,2009,28.4175,6.86,4.87,6.09
22607,31,23,7,2009,28.290000000000003,7.86,5.46,6.88
22608,1,0,8,2009,27.10333333333334,8.63,4.14,6.59
22609,1,1,8,2009,24.79166666666666,9.92,4.22,7.47
22610,1,2,8,2009,23.378333333333334,10.09,4.38,7.63
22611,1,3,8,2009,22.897500000000004,12.77,6.04,9.36
22612,1,4,8,2009,22.778333333333336,14.8,6.76,10.13
22613,1,5,8,2009,21.241666666666667,16.3,10.08,12.98
22614,1,6,8,2009,17.893333333333334,11.39,6.7700000000000005,9.14
22615,1,7,8,2009,18.151666666666667,7.31,4.2700000000000005,5.83
22616,1,8,8,2009,18.50583333333333,8.3,4.67,6.41
22617,1,9,8,2009,18.22,8.44,4.18,6.37
22618,1,10,8,2009,17.879166666666666,9.07,4.61,7.05
22619,1,11,8,2009,17.12666666666667,8.67,4.54,6.91
22620,1,12,8,2009,17.354166666666668,8.03,4.9,6.0600000000000005
22621,1,13,8,2009,18.335,8.11,5.96,7.31
22622,1,14,8,2009,19.631666666666668,8.4,6.1400000000000015,7.56
22623,1,15,8,2009,20.846666666666668,7.85,5.72,7.03
22624,1,16,8,2009,21.891666666666666,7.56,5.62,6.84
22625,1,17,8,2009,22.621666666666666,7.44,5.51,6.71
22626,1,18,8,2009,23.25,7.25,5.41,6.57
22627,1,19,8,2009,23.810833333333335,7.24,5.38,6.54
22628,1,20,8,2009,24.185000000000002,6.74,5.04,6.12
22629,1,21,8,2009,24.355833333333333,6.33,4.73,5.74
22630,1,22,8,2009,24.483333333333334,6.99,5.13,6.32
22631,1,23,8,2009,24.116666666666664,6.29,4.5,5.63
22632,2,0,8,2009,22.837500000000006,5.76,3.46,4.76
22633,2,1,8,2009,20.412499999999998,7.07,2.51,5.63
22634,2,2,8,2009,19.11583333333333,6.25,2.48,5.01
22635,2,3,8,2009,18.49833333333333,4.62,2.2,4.01
22636,2,4,8,2009,17.51416666666667,2.85,1.52,2.57
22637,2,5,8,2009,17.218333333333334,2.19,2.02,2.41
22638,2,6,8,2009,17.043333333333333,4.2700000000000005,3.14,4.67
22639,2,7,8,2009,16.1675,6.11,3.97,5.82
22640,2,8,8,2009,15.825833333333334,7.9,4.45,6.91
22641,2,9,8,2009,15.900833333333333,9.58,4.98,8.36
22642,2,10,8,2009,15.862499999999999,10.06,5.26,8.58
22643,2,11,8,2009,15.686666666666667,11.22,5.73,8.98
22644,2,12,8,2009,17.029166666666665,11.33,6.25,8.93
22645,2,13,8,2009,18.78083333333333,10.42,5.95,7.96
22646,2,14,8,2009,21.19416666666667,8.39,5.69,6.91
22647,2,15,8,2009,23.701666666666664,8.84,6.55,8.03
22648,2,16,8,2009,25.23,8.78,6.5200000000000005,7.97
22649,2,17,8,2009,27.11,10.01,7.23,8.94
22650,2,18,8,2009,28.076666666666668,10.97,7.9,9.79
22651,2,19,8,2009,29.071666666666662,11.41,8.15,10.15
22652,2,20,8,2009,29.603333333333325,11.81,8.36,10.46
22653,2,21,8,2009,29.925,12.09,8.45,10.66
22654,2,22,8,2009,30.037500000000005,12.51,8.65,11.03
22655,2,23,8,2009,29.53916666666667,12.22,8.290000000000001,10.62
22656,3,0,8,2009,27.764166666666668,14.04,6.6000000000000005,10.25
22657,3,1,8,2009,26.0475,14.97,7.74,11.2
22658,3,2,8,2009,24.855,16.1,8.790000000000001,12.27
22659,3,3,8,2009,24.346666666666668,16.09,8.76,12.29
22660,3,4,8,2009,24.11333333333333,15.96,8.81,12.12
22661,3,5,8,2009,23.7,16.05,8.61,12.02
22662,3,6,8,2009,23.25916666666667,15.88,8.59,11.99
22663,3,7,8,2009,22.89916666666667,14.58,7.71,10.86
22664,3,8,8,2009,22.604166666666668,14.75,7.68,10.82
22665,3,9,8,2009,22.49166666666667,14.67,7.9300000000000015,11.1
22666,3,10,8,2009,22.406666666666666,14.43,7.8,10.92
22667,3,11,8,2009,22.176666666666666,13.91,7.29,10.26
22668,3,12,8,2009,23.379166666666666,13.96,7.88,10.5
22669,3,13,8,2009,25.0475,11.74,7.0600000000000005,9.69
22670,3,14,8,2009,26.840833333333332,8.3,6.16,7.5
22671,3,15,8,2009,28.72,7.1000000000000005,5.21,6.37
22672,3,16,8,2009,30.3425,6.75,4.93,6.04
22673,3,17,8,2009,31.730833333333333,5.66,4.15,5.0600000000000005
22674,3,18,8,2009,32.818333333333335,5.24,3.91,4.72
22675,3,19,8,2009,33.92416666666666,5.01,3.73,4.5
22676,3,20,8,2009,34.78166666666666,5.22,3.81,4.64
22677,3,21,8,2009,35.4275,5.32,3.81,4.72
22678,3,22,8,2009,35.81583333333334,5.34,3.84,4.74
22679,3,23,8,2009,35.59666666666667,4.98,3.41,4.33
22680,4,0,8,2009,34.0325,6.33,2.45,4.6000000000000005
22681,4,1,8,2009,31.295,6.13,2.19,4.8100000000000005
22682,4,2,8,2009,30.0725,8.34,4.24,7.01
22683,4,3,8,2009,28.74333333333333,10.75,4.13,7.57
22684,4,4,8,2009,26.979166666666668,10.57,4.07,7.48
22685,4,5,8,2009,25.97583333333333,6.55,4.18,6.59
22686,4,6,8,2009,23.901666666666667,11.61,3.34,6.91
22687,4,7,8,2009,23.192500000000006,9.85,3.31,6.45
22688,4,8,8,2009,23.1825,8.18,2.97,6.38
22689,4,9,8,2009,21.2475,8.91,3.36,6.17
22690,4,10,8,2009,20.48,11.28,3.18,6.65
22691,4,11,8,2009,20.457500000000003,9.68,2.84,6.8900000000000015
22692,4,12,8,2009,21.66083333333333,6.72,2.51,5.09
22693,4,13,8,2009,24.359999999999996,3.7,3.21,3.67
22694,4,14,8,2009,25.63333333333333,5.5200000000000005,4.33,5.16
22695,4,15,8,2009,26.875833333333333,6.51,5.0200000000000005,6.03
22696,4,16,8,2009,28.238333333333333,5.86,4.5,5.38
22697,4,17,8,2009,29.264166666666668,5.95,4.6000000000000005,5.49
22698,4,18,8,2009,30.083333333333332,5.53,4.25,5.08
22699,4,19,8,2009,30.703333333333333,5.78,4.49,5.36
22700,4,20,8,2009,31.058333333333334,5.79,4.39,5.2700000000000005
22701,4,21,8,2009,31.257500000000004,5.88,4.44,5.37
22702,4,22,8,2009,31.104166666666675,5.73,4.33,5.25
22703,4,23,8,2009,30.677499999999995,5.11,3.76,4.66
22704,5,0,8,2009,29.22666666666667,5.83,2.87,4.83
22705,5,1,8,2009,26.80666666666667,5.83,2.49,4.95
22706,5,2,8,2009,25.23,9.85,2.37,6.15
22707,5,3,8,2009,23.985000000000003,10.73,2.91,7.28
22708,5,4,8,2009,22.984166666666667,9.75,2.22,5.89
22709,5,5,8,2009,21.872500000000002,10.21,3.5500000000000003,6.78
22710,5,6,8,2009,20.8075,9.72,1.85,5.66
22711,5,7,8,2009,20.456666666666667,9.67,2.08,5.59
22712,5,8,8,2009,19.669166666666666,9.7,2.07,5.59
22713,5,9,8,2009,19.16,9.54,3.01,6.3100000000000005
22714,5,10,8,2009,18.441666666666666,9.76,3.24,6.44
22715,5,11,8,2009,17.85833333333333,9.76,2.75,6.33
22716,5,12,8,2009,18.7075,7.61,3.33,4.36
22717,5,13,8,2009,20.17833333333333,4.8500000000000005,3.75,4.46
22718,5,14,8,2009,21.666666666666668,4.64,3.68,4.3500000000000005
22719,5,15,8,2009,23.025000000000002,5.33,4.26,5.0200000000000005
22720,5,16,8,2009,24.22666666666667,5.25,4.2,4.93
22721,5,17,8,2009,25.292500000000004,4.78,3.81,4.48
22722,5,18,8,2009,26.18499999999999,4.22,3.38,3.96
22723,5,19,8,2009,26.928333333333338,3.35,2.76,3.19
22724,5,20,8,2009,27.506666666666664,3.08,2.5500000000000003,2.93
22725,5,21,8,2009,27.915833333333335,3.68,2.96,3.46
22726,5,22,8,2009,28.046666666666663,4.0,3.14,3.7
22727,5,23,8,2009,27.77166666666666,3.98,3.06,3.68
22728,6,0,8,2009,26.94416666666667,4.73,2.92,4.32
22729,6,1,8,2009,24.9025,6.04,2.58,5.44
22730,6,2,8,2009,23.345,6.04,2.62,5.21
22731,6,3,8,2009,21.881666666666664,7.74,1.93,4.92
22732,6,4,8,2009,21.135,8.6,2.02,5.45
22733,6,5,8,2009,20.273333333333333,9.01,2.05,5.5600000000000005
22734,6,6,8,2009,19.706666666666667,9.78,2.45,6.47
22735,6,7,8,2009,19.133333333333336,9.38,2.64,6.45
22736,6,8,8,2009,18.710833333333333,9.19,2.48,6.3
22737,6,9,8,2009,18.325833333333332,9.54,2.66,6.08
22738,6,10,8,2009,17.861666666666668,9.0,2.25,5.95
22739,6,11,8,2009,16.75166666666667,9.33,2.06,5.73
22740,6,12,8,2009,17.9325,8.34,3.22,4.98
22741,6,13,8,2009,19.625,5.29,3.42,4.0600000000000005
22742,6,14,8,2009,21.256666666666668,3.94,3.13,3.69
22743,6,15,8,2009,22.75583333333333,5.32,4.16,4.93
22744,6,16,8,2009,24.022499999999997,6.2700000000000005,4.8100000000000005,5.76
22745,6,17,8,2009,25.147500000000004,8.32,6.2700000000000005,7.58
22746,6,18,8,2009,26.162499999999998,7.4,5.61,6.76
22747,6,19,8,2009,26.92,7.21,5.44,6.57
22748,6,20,8,2009,27.577499999999997,7.48,5.57,6.78
22749,6,21,8,2009,28.105833333333337,7.59,5.59,6.84
22750,6,22,8,2009,28.327499999999997,8.540000000000001,6.1000000000000005,7.6
22751,6,23,8,2009,27.88333333333333,8.6,6.13,7.65
22752,7,0,8,2009,27.0775,9.24,5.12,7.19
22753,7,1,8,2009,26.115,10.03,5.2,7.52
22754,7,2,8,2009,24.367500000000003,10.14,5.91,7.97
22755,7,3,8,2009,23.314999999999998,13.82,9.88,12.35
22756,7,4,8,2009,22.545833333333334,10.5,7.01,9.22
22757,7,5,8,2009,22.573333333333338,12.95,8.08,10.67
22758,7,6,8,2009,21.760833333333334,12.97,7.97,10.56
22759,7,7,8,2009,21.180833333333336,9.05,4.67,6.65
22760,7,8,8,2009,21.034166666666664,11.12,6.47,8.74
22761,7,9,8,2009,21.139166666666664,11.01,6.46,8.71
22762,7,10,8,2009,21.477500000000003,12.81,7.22,9.96
22763,7,11,8,2009,22.125833333333333,12.65,6.93,9.75
22764,7,12,8,2009,23.079166666666666,12.82,7.92,10.49
22765,7,13,8,2009,24.89333333333333,12.94,7.54,9.88
22766,7,14,8,2009,26.916666666666668,12.15,8.58,10.77
22767,7,15,8,2009,28.8,12.49,8.88,11.11
22768,7,16,8,2009,30.218333333333334,12.24,8.69,10.83
22769,7,17,8,2009,31.7775,12.81,9.0,11.31
22770,7,18,8,2009,33.03666666666667,12.81,8.94,11.26
22771,7,19,8,2009,33.94583333333333,12.52,8.72,10.99
22772,7,20,8,2009,34.53333333333334,13.22,9.11,11.57
22773,7,21,8,2009,34.740833333333335,13.91,9.49,12.14
22774,7,22,8,2009,34.755,14.07,9.38,12.07
22775,7,23,8,2009,34.20583333333334,14.04,8.96,11.79
22776,8,0,8,2009,32.2075,13.35,6.17,9.39
22777,8,1,8,2009,30.829166666666662,15.09,7.91,11.33
22778,8,2,8,2009,30.138333333333335,15.54,8.41,11.88
22779,8,3,8,2009,29.480833333333333,15.33,8.46,11.82
22780,8,4,8,2009,28.79166666666667,15.45,8.32,11.73
22781,8,5,8,2009,28.6225,16.75,9.5,13.1
22782,8,6,8,2009,28.5025,16.46,9.27,12.82
22783,8,7,8,2009,27.814166666666665,16.37,9.3,12.77
22784,8,8,8,2009,27.493333333333336,16.15,9.1,12.52
22785,8,9,8,2009,27.099166666666665,15.37,8.38,11.76
22786,8,10,8,2009,26.524166666666662,15.78,8.55,11.99
22787,8,11,8,2009,26.52083333333334,15.39,8.28,11.62
22788,8,12,8,2009,26.884166666666662,15.33,9.31,12.44
22789,8,13,8,2009,28.55916666666667,15.39,9.62,12.67
22790,8,14,8,2009,29.459166666666665,14.08,9.71,12.3
22791,8,15,8,2009,30.995833333333334,14.52,10.05,12.72
22792,8,16,8,2009,32.19166666666666,14.84,10.43,13.14
22793,8,17,8,2009,33.235,14.87,10.45,13.16
22794,8,18,8,2009,34.439166666666665,14.37,10.01,12.63
22795,8,19,8,2009,35.319166666666675,14.73,10.28,12.98
22796,8,20,8,2009,36.0,14.68,10.22,12.94
22797,8,21,8,2009,36.44916666666667,14.76,10.13,12.92
22798,8,22,8,2009,36.46666666666667,14.54,9.88,12.67
22799,8,23,8,2009,35.70250000000001,13.15,8.6,11.21
22800,9,0,8,2009,34.01666666666667,14.84,7.09,10.76
22801,9,1,8,2009,32.55833333333333,14.57,7.16,10.54
22802,9,2,8,2009,31.360833333333332,15.26,8.01,11.42
22803,9,3,8,2009,30.70583333333333,16.01,8.77,12.26
22804,9,4,8,2009,29.992499999999993,15.98,8.82,12.29
22805,9,5,8,2009,29.233333333333334,14.97,8.19,11.44
22806,9,6,8,2009,28.526666666666667,14.7,7.68,10.92
22807,9,7,8,2009,28.245833333333337,14.87,7.8900000000000015,11.17
22808,9,8,8,2009,27.605833333333337,14.12,7.33,10.48
22809,9,9,8,2009,27.009166666666673,13.79,7.16,10.25
22810,9,10,8,2009,26.59166666666667,13.64,7.03,10.1
22811,9,11,8,2009,26.097499999999997,13.25,6.71,9.71
22812,9,12,8,2009,26.05916666666667,13.3,8.32,10.98
22813,9,13,8,2009,27.394166666666667,13.53,8.56,11.26
22814,9,14,8,2009,28.466666666666665,10.24,7.35,9.14
22815,9,15,8,2009,29.849166666666672,8.23,5.86,7.28
22816,9,16,8,2009,31.10833333333333,8.35,5.99,7.43
22817,9,17,8,2009,32.263333333333335,8.36,6.04,7.45
22818,9,18,8,2009,33.219166666666666,8.48,6.12,7.56
22819,9,19,8,2009,33.901666666666664,9.15,6.54,8.120000000000001
22820,9,20,8,2009,34.355,9.78,6.93,8.68
22821,9,21,8,2009,34.722500000000004,10.5,7.32,9.28
22822,9,22,8,2009,34.81583333333334,11.26,7.79,9.96
22823,9,23,8,2009,34.25833333333333,10.93,7.43,9.55
22824,10,0,8,2009,32.502500000000005,12.67,5.5,8.56
22825,10,1,8,2009,30.473333333333333,12.14,5.4,8.69
22826,10,2,8,2009,24.19666666666667,17.06,11.56,14.33
22827,10,3,8,2009,22.019999999999996,13.05,7.9300000000000015,10.2
22828,10,4,8,2009,21.774999999999995,8.66,4.86,7.09
22829,10,5,8,2009,21.524999999999995,11.88,7.63,9.68
22830,10,6,8,2009,20.24083333333333,7.8,4.89,6.3900000000000015
22831,10,7,8,2009,20.352499999999996,4.33,3.01,4.0200000000000005
22832,10,8,8,2009,20.564166666666665,7.44,3.76,5.44
22833,10,9,8,2009,20.23,7.11,3.51,5.65
22834,10,10,8,2009,19.785,6.0200000000000005,2.6,4.8500000000000005
22835,10,11,8,2009,19.611666666666665,4.51,2.95,5.11
22836,10,12,8,2009,19.860833333333336,2.43,0.79,1.73
22837,10,13,8,2009,22.555000000000003,2.19,1.69,1.95
22838,10,14,8,2009,24.884166666666662,2.13,1.72,1.97
22839,10,15,8,2009,25.640833333333333,2.12,2.07,2.26
22840,10,16,8,2009,26.933333333333337,1.7,1.67,1.81
22841,10,17,8,2009,28.185,2.38,2.01,2.29
22842,10,18,8,2009,29.019166666666667,2.63,2.22,2.53
22843,10,19,8,2009,29.868333333333336,3.04,2.49,2.87
22844,10,20,8,2009,30.194999999999997,3.73,3.0,3.5
22845,10,21,8,2009,30.265,4.0,3.28,3.8
22846,10,22,8,2009,30.26833333333333,3.5700000000000003,2.99,3.44
22847,10,23,8,2009,30.069999999999997,3.67,2.76,3.36
22848,11,0,8,2009,28.880000000000006,3.79,2.33,3.46
22849,11,1,8,2009,26.499166666666667,5.15,1.71,3.35
22850,11,2,8,2009,25.188333333333333,4.64,0.9,2.16
22851,11,3,8,2009,24.575833333333335,4.39,1.28,2.78
22852,11,4,8,2009,24.087500000000002,4.3,1.26,2.73
22853,11,5,8,2009,23.748333333333335,5.04,2.36,4.03
22854,11,6,8,2009,22.995,5.65,2.89,4.44
22855,11,7,8,2009,22.07166666666667,7.8900000000000015,4.21,6.24
22856,11,8,8,2009,20.758333333333333,7.98,4.07,6.36
22857,11,9,8,2009,20.342500000000005,6.71,4.21,6.66
22858,11,10,8,2009,19.9575,6.58,3.91,6.32
22859,11,11,8,2009,19.315833333333334,5.7,2.74,5.3
22860,11,12,8,2009,19.807499999999997,5.03,2.54,4.2700000000000005
22861,11,13,8,2009,21.748333333333335,3.14,2.17,2.47
22862,11,14,8,2009,22.923333333333336,3.35,2.87,3.3000000000000003
22863,11,15,8,2009,24.326666666666668,3.18,2.66,3.08
22864,11,16,8,2009,25.738333333333333,2.48,2.12,2.43
22865,11,17,8,2009,27.049166666666665,1.62,1.41,1.59
22866,11,18,8,2009,28.038333333333338,0.99,0.86,0.96
22867,11,19,8,2009,28.86333333333334,1.03,0.96,1.04
22868,11,20,8,2009,29.578333333333333,1.44,1.12,1.32
22869,11,21,8,2009,30.064999999999998,1.48,1.15,1.35
22870,11,22,8,2009,30.308333333333334,1.79,1.45,1.68
22871,11,23,8,2009,30.24416666666667,1.41,1.07,1.27
22872,12,0,8,2009,28.985833333333332,2.37,1.33,2.5
22873,12,1,8,2009,26.488333333333333,3.0,1.85,3.46
22874,12,2,8,2009,25.355,4.46,3.06,5.0
22875,12,3,8,2009,24.670833333333334,5.87,3.75,5.93
22876,12,4,8,2009,24.323333333333334,6.63,3.9,6.44
22877,12,5,8,2009,23.98333333333333,6.86,4.13,6.72
22878,12,6,8,2009,23.611666666666668,5.98,3.73,5.7
22879,12,7,8,2009,23.05666666666667,7.85,4.39,6.73
22880,12,8,8,2009,21.983333333333334,8.93,4.62,7.38
22881,12,9,8,2009,21.962500000000002,9.23,4.71,7.61
22882,12,10,8,2009,21.6275,9.42,4.99,7.87
22883,12,11,8,2009,21.257499999999997,10.07,5.26,8.08
22884,12,12,8,2009,21.84583333333333,9.92,5.15,7.9
22885,12,13,8,2009,22.924166666666668,9.34,5.2700000000000005,7.05
22886,12,14,8,2009,25.1925,6.93,5.05,6.1400000000000015
22887,12,15,8,2009,27.298333333333332,6.3500000000000005,4.76,5.79
22888,12,16,8,2009,29.33666666666667,5.21,3.81,4.65
22889,12,17,8,2009,30.708333333333332,5.22,3.85,4.69
22890,12,18,8,2009,31.564999999999994,4.8,3.6,4.3500000000000005
22891,12,19,8,2009,32.18583333333333,4.63,3.51,4.22
22892,12,20,8,2009,32.55083333333333,4.9,3.76,4.5200000000000005
22893,12,21,8,2009,32.69833333333333,4.91,3.77,4.53
22894,12,22,8,2009,32.620000000000005,6.0200000000000005,4.3,5.43
22895,12,23,8,2009,31.910000000000007,6.05,4.32,5.45
22896,13,0,8,2009,30.013333333333332,7.99,3.5700000000000003,6.75
22897,13,1,8,2009,27.77083333333333,10.8,4.8,8.43
22898,13,2,8,2009,26.801666666666662,13.2,5.5,9.39
22899,13,3,8,2009,26.13916666666667,13.76,6.3100000000000005,9.93
22900,13,4,8,2009,25.394166666666674,13.41,6.05,9.71
22901,13,5,8,2009,24.742499999999996,13.75,6.23,9.84
22902,13,6,8,2009,24.439166666666665,14.04,6.49,10.1
22903,13,7,8,2009,24.050833333333333,14.49,6.59,10.23
22904,13,8,8,2009,23.631666666666664,14.21,6.72,10.29
22905,13,9,8,2009,23.146666666666665,14.32,6.45,10.0
22906,13,10,8,2009,22.647499999999997,13.93,6.22,9.71
22907,13,11,8,2009,21.950833333333335,13.8,5.92,9.6
22908,13,12,8,2009,22.339166666666667,13.86,6.28,9.71
22909,13,13,8,2009,23.406666666666666,9.96,5.63,7.65
22910,13,14,8,2009,25.34166666666667,7.32,5.48,6.63
22911,13,15,8,2009,27.361666666666668,7.82,5.64,6.99
22912,13,16,8,2009,28.849999999999998,8.55,6.19,7.68
22913,13,17,8,2009,29.767500000000002,8.09,5.88,7.26
22914,13,18,8,2009,30.52083333333333,8.39,6.07,7.52
22915,13,19,8,2009,31.029166666666665,8.34,6.05,7.5
22916,13,20,8,2009,31.234999999999996,9.67,7.11,8.82
22917,13,21,8,2009,31.279166666666665,9.02,6.62,8.24
22918,13,22,8,2009,31.023333333333337,9.29,6.38,8.17
22919,13,23,8,2009,30.013333333333332,9.8,6.65,8.61
22920,14,0,8,2009,27.74,12.12,4.82,8.6
22921,14,1,8,2009,25.367499999999996,13.23,5.4,9.52
22922,14,2,8,2009,24.1875,13.4,5.66,9.69
22923,14,3,8,2009,23.371666666666666,14.64,6.0600000000000005,10.17
22924,14,4,8,2009,23.025833333333335,14.38,6.25,10.18
22925,14,5,8,2009,22.49666666666667,14.35,6.3900000000000015,10.28
22926,14,6,8,2009,21.9825,13.77,6.01,10.05
22927,14,7,8,2009,21.4475,13.21,5.58,9.65
22928,14,8,8,2009,20.807499999999997,12.34,5.57,9.31
22929,14,9,8,2009,20.40666666666667,11.84,5.26,8.98
22930,14,10,8,2009,19.37,11.37,5.21,8.370000000000001
22931,14,11,8,2009,19.500833333333336,10.68,5.08,8.47
22932,14,12,8,2009,20.24166666666667,10.75,5.69,8.47
22933,14,13,8,2009,21.650000000000002,9.68,4.76,6.8100000000000005
22934,14,14,8,2009,24.2825,7.05,4.69,5.75
22935,14,15,8,2009,26.588333333333335,8.06,5.7,7.13
22936,14,16,8,2009,27.680000000000003,7.99,5.79,7.16
22937,14,17,8,2009,28.4225,8.25,6.0,7.41
22938,14,18,8,2009,29.002499999999998,8.49,6.26,7.7
22939,14,19,8,2009,29.655,7.88,5.8,7.11
22940,14,20,8,2009,29.852500000000003,8.61,6.3100000000000005,7.8
22941,14,21,8,2009,29.926666666666666,8.76,6.45,7.96
22942,14,22,8,2009,29.703333333333333,9.12,6.5,8.21
22943,14,23,8,2009,28.994999999999994,9.02,6.0200000000000005,7.76
22944,15,0,8,2009,27.040000000000003,11.87,5.12,8.53
22945,15,1,8,2009,25.504166666666663,13.08,5.74,9.44
22946,15,2,8,2009,24.576666666666664,13.5,6.38,9.67
22947,15,3,8,2009,23.71083333333333,13.13,5.58,8.9
22948,15,4,8,2009,23.076666666666668,13.71,6.47,9.72
22949,15,5,8,2009,22.730833333333333,13.75,6.57,9.83
22950,15,6,8,2009,22.38416666666667,13.34,6.44,9.48
22951,15,7,8,2009,22.034999999999997,12.87,6.2700000000000005,9.25
22952,15,8,8,2009,21.685000000000002,13.08,6.61,9.6
22953,15,9,8,2009,21.399999999999995,12.81,6.44,9.35
22954,15,10,8,2009,21.46666666666667,12.97,6.96,9.75
22955,15,11,8,2009,21.2,12.83,6.87,9.65
22956,15,12,8,2009,21.570000000000004,13.02,7.78,10.36
22957,15,13,8,2009,22.55916666666667,12.67,7.8,9.8
22958,15,14,8,2009,23.8425,11.82,8.34,10.33
22959,15,15,8,2009,25.3925,10.49,7.74,9.52
22960,15,16,8,2009,27.525000000000002,11.18,8.03,9.97
22961,15,17,8,2009,28.70166666666667,11.17,8.03,9.97
22962,15,18,8,2009,29.72916666666667,11.06,7.87,9.82
22963,15,19,8,2009,30.480833333333333,11.73,8.33,10.41
22964,15,20,8,2009,31.056666666666672,12.38,8.76,10.98
22965,15,21,8,2009,31.242499999999996,13.61,9.39,11.89
22966,15,22,8,2009,30.57166666666667,15.95,11.02,14.09
22967,15,23,8,2009,28.617499999999996,15.96,11.06,14.14
22968,16,0,8,2009,26.89,12.15,7.81,10.14
22969,16,1,8,2009,25.729166666666668,14.0,8.21,11.19
22970,16,2,8,2009,24.7775,13.66,8.06,10.95
22971,16,3,8,2009,24.145833333333332,14.51,8.59,11.63
22972,16,4,8,2009,23.867500000000003,13.75,7.95,10.85
22973,16,5,8,2009,23.54583333333333,13.7,7.99,10.89
22974,16,6,8,2009,23.289166666666663,13.62,8.01,10.87
22975,16,7,8,2009,22.865,12.11,6.47,9.16
22976,16,8,8,2009,22.335000000000004,10.92,5.22,7.78
22977,16,9,8,2009,22.24833333333333,7.78,3.26,5.58
22978,16,10,8,2009,22.345,10.1,4.86,7.41
22979,16,11,8,2009,21.7325,8.93,3.74,6.21
22980,16,12,8,2009,22.314166666666665,7.35,3.78,5.23
22981,16,13,8,2009,23.824166666666667,5.76,4.2700000000000005,5.17
22982,16,14,8,2009,25.399166666666662,5.33,3.84,4.73
22983,16,15,8,2009,26.59916666666666,3.99,3.09,3.68
22984,16,16,8,2009,27.6425,3.09,2.42,2.86
22985,16,17,8,2009,28.705,2.77,2.25,2.6
22986,16,18,8,2009,29.620833333333334,2.32,1.82,2.13
22987,16,19,8,2009,29.884166666666673,2.26,1.6,2.04
22988,16,20,8,2009,29.859166666666667,3.5700000000000003,3.24,3.9
22989,16,21,8,2009,29.691666666666663,4.9,3.98,4.73
22990,16,22,8,2009,29.848333333333333,6.97,5.3500000000000005,6.48
22991,16,23,8,2009,29.11583333333333,7.38,5.37,6.5200000000000005
22992,17,0,8,2009,26.991666666666664,8.8,6.18,7.79
22993,17,1,8,2009,26.275000000000002,8.57,3.96,6.71
22994,17,2,8,2009,25.424166666666668,7.16,4.04,5.66
22995,17,3,8,2009,23.77916666666667,7.82,4.15,5.8100000000000005
22996,17,4,8,2009,22.763333333333332,6.51,3.11,4.9
22997,17,5,8,2009,22.350000000000005,4.72,2.46,3.93
22998,17,6,8,2009,22.1075,3.9,2.9,3.53
22999,17,7,8,2009,21.873333333333335,5.44,3.47,4.6000000000000005
23000,17,8,8,2009,21.624166666666667,6.23,4.4,5.8
23001,17,9,8,2009,20.548333333333336,17.01,12.25,15.29
23002,17,10,8,2009,19.69666666666667,6.05,3.97,5.33
23003,17,11,8,2009,19.564999999999998,6.25,4.19,5.63
23004,17,12,8,2009,19.772500000000004,5.37,3.31,4.34
23005,17,13,8,2009,20.638333333333335,4.68,3.42,4.12
23006,17,14,8,2009,21.557499999999994,4.91,3.84,4.59
23007,17,15,8,2009,22.564166666666665,4.6000000000000005,3.64,4.3100000000000005
23008,17,16,8,2009,23.7975,3.59,2.97,3.43
23009,17,17,8,2009,24.845833333333335,2.33,1.96,2.24
23010,17,18,8,2009,25.57166666666667,3.67,3.88,4.2700000000000005
23011,17,19,8,2009,26.212500000000002,2.58,2.85,3.03
23012,17,20,8,2009,27.165833333333335,1.16,1.42,1.39
23013,17,21,8,2009,27.455833333333334,3.02,2.87,3.11
23014,17,22,8,2009,27.745,2.21,2.06,2.26
23015,17,23,8,2009,27.696666666666662,3.52,2.86,3.39
23016,18,0,8,2009,26.77,4.12,2.32,2.89
23017,18,1,8,2009,25.4575,4.3,1.88,3.53
23018,18,2,8,2009,23.74833333333333,5.69,1.92,4.0200000000000005
23019,18,3,8,2009,22.520833333333332,7.1000000000000005,2.81,4.97
23020,18,4,8,2009,22.099999999999994,6.32,1.96,4.89
23021,18,5,8,2009,21.664999999999996,5.96,1.24,3.92
23022,18,6,8,2009,21.341666666666665,5.37,1.08,3.62
23023,18,7,8,2009,21.333333333333332,4.93,1.03,2.89
23024,18,8,8,2009,20.7,5.7,1.1,3.15
23025,18,9,8,2009,19.753333333333334,5.47,1.53,3.31
23026,18,10,8,2009,19.4325,4.74,1.39,3.15
23027,18,11,8,2009,17.437499999999996,3.4,2.32,2.95
23028,18,12,8,2009,16.233333333333338,3.54,2.54,3.92
23029,18,13,8,2009,18.11583333333333,3.43,1.74,1.93
23030,18,14,8,2009,20.5625,3.41,2.7,3.17
23031,18,15,8,2009,22.74416666666667,3.26,2.56,3.01
23032,18,16,8,2009,24.41416666666667,3.6,2.95,3.41
23033,18,17,8,2009,25.415833333333335,4.28,3.38,3.97
23034,18,18,8,2009,25.939999999999998,5.23,3.81,4.72
23035,18,19,8,2009,22.14,6.36,5.29,5.95
23036,18,20,8,2009,20.734166666666667,5.59,3.97,4.64
23037,18,21,8,2009,21.292500000000004,6.8500000000000005,4.45,5.32
23038,18,22,8,2009,23.44333333333333,5.36,3.98,4.83
23039,18,23,8,2009,23.1875,6.16,4.79,5.8
23040,19,0,8,2009,21.988333333333333,6.84,4.68,5.66
23041,19,1,8,2009,21.139166666666664,10.49,4.69,7.3
23042,19,2,8,2009,21.402500000000003,10.63,5.65,8.2
23043,19,3,8,2009,21.38083333333333,9.95,5.99,8.19
23044,19,4,8,2009,20.5725,7.98,4.07,5.93
23045,19,5,8,2009,20.52333333333333,9.97,4.07,6.55
23046,19,6,8,2009,20.4225,9.84,4.13,6.44
23047,19,7,8,2009,20.191666666666666,9.88,4.16,6.53
23048,19,8,8,2009,20.259166666666665,8.52,3.93,5.87
23049,19,9,8,2009,19.872500000000002,7.97,3.98,5.87
23050,19,10,8,2009,19.540833333333335,8.26,4.07,6.0600000000000005
23051,19,11,8,2009,19.25916666666667,7.68,3.95,5.62
23052,19,12,8,2009,19.3125,7.4,3.81,5.33
23053,19,13,8,2009,20.921666666666667,7.35,4.54,5.62
23054,19,14,8,2009,22.532500000000002,6.5,4.7700000000000005,5.83
23055,19,15,8,2009,23.804166666666664,6.69,5.11,6.13
23056,19,16,8,2009,25.648333333333337,7.81,5.66,6.92
23057,19,17,8,2009,27.495,10.1,7.2,8.91
23058,19,18,8,2009,28.676666666666666,10.61,7.43,9.3
23059,19,19,8,2009,29.679166666666664,10.66,7.54,9.36
23060,19,20,8,2009,30.45833333333334,10.72,7.52,9.43
23061,19,21,8,2009,30.999166666666667,10.25,7.17,8.98
23062,19,22,8,2009,31.021666666666665,11.3,7.37,9.44
23063,19,23,8,2009,28.014166666666668,30.28,19.92,26.01
23064,20,0,8,2009,18.21083333333333,29.8,19.25,25.33
23065,20,1,8,2009,19.290833333333328,10.18,5.66,7.97
23066,20,2,8,2009,18.7575,8.51,4.24,6.29
23067,20,3,8,2009,18.17916666666667,4.73,4.0600000000000005,5.96
23068,20,4,8,2009,17.76416666666667,7.6400000000000015,4.28,6.3500000000000005
23069,20,5,8,2009,17.2375,5.14,2.98,4.9
23070,20,6,8,2009,17.278333333333332,6.37,3.26,5.23
23071,20,7,8,2009,16.87666666666667,6.8100000000000005,3.85,5.92
23072,20,8,8,2009,16.883333333333336,9.43,5.1000000000000005,7.36
23073,20,9,8,2009,16.156666666666666,10.71,4.64,7.28
23074,20,10,8,2009,14.789166666666667,11.38,4.17,6.75
23075,20,11,8,2009,14.342500000000001,11.64,4.92,7.99
23076,20,12,8,2009,15.530000000000001,11.52,5.96,8.17
23077,20,13,8,2009,17.095000000000002,10.21,6.07,8.1
23078,20,14,8,2009,18.514166666666664,8.69,6.38,7.8
23079,20,15,8,2009,20.44833333333333,10.39,7.27,9.08
23080,20,16,8,2009,22.08666666666667,10.64,7.46,9.33
23081,20,17,8,2009,23.046666666666667,10.84,7.68,9.54
23082,20,18,8,2009,23.745833333333334,11.81,8.27,10.35
23083,20,19,8,2009,24.372500000000002,11.91,8.370000000000001,10.44
23084,20,20,8,2009,24.694166666666664,11.89,8.32,10.44
23085,20,21,8,2009,24.68416666666667,11.67,8.120000000000001,10.19
23086,20,22,8,2009,24.439166666666665,11.81,8.14,10.29
23087,20,23,8,2009,23.831666666666667,11.22,7.2,9.41
23088,21,0,8,2009,22.089166666666667,13.2,5.7700000000000005,8.26
23089,21,1,8,2009,20.936666666666667,13.82,5.48,9.22
23090,21,2,8,2009,19.496666666666666,12.5,5.4,8.83
23091,21,3,8,2009,19.30666666666667,13.31,5.5200000000000005,8.92
23092,21,4,8,2009,18.688333333333333,12.81,5.69,9.06
23093,21,5,8,2009,17.925833333333333,12.3,5.4,8.77
23094,21,6,8,2009,17.410833333333333,12.59,5.7,8.870000000000003
23095,21,7,8,2009,16.863333333333333,12.4,5.66,8.870000000000003
23096,21,8,8,2009,16.314999999999998,12.79,5.96,9.14
23097,21,9,8,2009,15.838333333333333,13.01,6.34,9.63
23098,21,10,8,2009,15.387499999999998,13.28,6.53,9.8
23099,21,11,8,2009,14.5675,12.69,5.64,8.78
23100,21,12,8,2009,15.01833333333333,12.77,6.74,9.07
23101,21,13,8,2009,16.823333333333334,10.54,6.84,8.49
23102,21,14,8,2009,18.143333333333334,9.88,7.2,8.870000000000003
23103,21,15,8,2009,18.99,10.47,7.53,9.37
23104,21,16,8,2009,20.19,10.47,7.44,9.29
23105,21,17,8,2009,21.337500000000002,10.97,7.81,9.74
23106,21,18,8,2009,21.941666666666666,10.7,7.63,9.47
23107,21,19,8,2009,22.146666666666665,10.48,7.55,9.3
23108,21,20,8,2009,22.255,10.23,7.36,9.1
23109,21,21,8,2009,22.526666666666667,10.19,7.32,9.12
23110,21,22,8,2009,22.2025,9.97,7.2,8.94
23111,21,23,8,2009,21.764999999999997,9.46,6.58,8.34
23112,22,0,8,2009,20.006666666666668,7.47,4.37,5.98
23113,22,1,8,2009,18.256666666666668,8.950000000000003,2.81,6.59
23114,22,2,8,2009,17.570833333333336,9.1,3.64,7.09
23115,22,3,8,2009,16.56833333333333,10.81,3.91,7.53
23116,22,4,8,2009,15.851666666666668,11.53,3.77,7.29
23117,22,5,8,2009,14.978333333333332,11.2,3.54,6.98
23118,22,6,8,2009,15.049999999999999,9.92,3.66,6.99
23119,22,7,8,2009,14.488333333333335,8.78,3.69,6.86
23120,22,8,8,2009,13.838333333333331,7.0200000000000005,3.3200000000000003,6.0200000000000005
23121,22,9,8,2009,13.117499999999998,6.03,2.88,5.44
23122,22,10,8,2009,12.726666666666668,5.29,2.61,5.07
23123,22,11,8,2009,12.279166666666669,5.43,3.14,5.3
23124,22,12,8,2009,12.167500000000002,4.91,2.8000000000000003,4.38
23125,22,13,8,2009,14.283333333333331,4.9,2.78,3.5
23126,22,14,8,2009,16.33666666666667,3.13,2.56,2.99
23127,22,15,8,2009,18.16916666666667,2.84,2.33,2.7
23128,22,16,8,2009,19.60083333333333,2.79,2.26,2.63
23129,22,17,8,2009,20.773333333333333,2.29,1.83,2.14
23130,22,18,8,2009,21.745833333333337,1.91,1.6,1.83
23131,22,19,8,2009,22.57416666666667,1.62,1.36,1.55
23132,22,20,8,2009,23.215,1.51,1.39,1.53
23133,22,21,8,2009,23.58666666666667,2.03,1.83,2.03
23134,22,22,8,2009,23.735,2.19,1.83,2.11
23135,22,23,8,2009,23.544999999999998,2.13,1.77,2.04
23136,23,0,8,2009,22.094166666666666,2.56,1.57,2.73
23137,23,1,8,2009,19.926666666666666,3.4,1.36,2.75
23138,23,2,8,2009,18.714166666666667,3.72,1.61,3.08
23139,23,3,8,2009,18.25833333333333,3.9,1.79,3.33
23140,23,4,8,2009,17.705000000000002,4.34,2.11,3.67
23141,23,5,8,2009,17.245,5.62,2.87,5.05
23142,23,6,8,2009,16.9425,5.65,3.15,5.29
23143,23,7,8,2009,16.310000000000002,6.2700000000000005,3.31,5.71
23144,23,8,8,2009,15.714999999999998,6.76,3.73,6.12
23145,23,9,8,2009,15.6,7.36,3.97,6.48
23146,23,10,8,2009,15.276666666666666,7.48,3.84,6.42
23147,23,11,8,2009,14.900833333333333,8.08,4.08,6.8
23148,23,12,8,2009,15.388333333333334,8.05,4.17,6.38
23149,23,13,8,2009,16.957500000000003,7.68,3.68,5.38
23150,23,14,8,2009,19.07833333333333,5.93,4.17,5.03
23151,23,15,8,2009,20.804166666666667,6.09,4.54,5.53
23152,23,16,8,2009,21.979166666666668,5.64,4.24,5.14
23153,23,17,8,2009,23.015833333333333,5.5200000000000005,4.22,5.08
23154,23,18,8,2009,23.985833333333332,5.89,4.5,5.42
23155,23,19,8,2009,24.824166666666667,5.63,4.2700000000000005,5.15
23156,23,20,8,2009,25.426666666666673,5.94,4.49,5.44
23157,23,21,8,2009,25.732500000000005,6.7700000000000005,4.91,6.07
23158,23,22,8,2009,25.644166666666667,6.95,5.0200000000000005,6.25
23159,23,23,8,2009,25.020833333333332,7.83,5.47,6.91
23160,24,0,8,2009,22.949166666666667,9.99,4.19,7.54
23161,24,1,8,2009,20.740833333333338,11.37,4.37,8.370000000000001
23162,24,2,8,2009,19.647499999999997,11.61,4.54,8.23
23163,24,3,8,2009,19.161666666666665,12.5,5.24,8.82
23164,24,4,8,2009,18.195833333333336,12.8,5.33,8.870000000000003
23165,24,5,8,2009,17.8725,13.17,5.95,9.31
23166,24,6,8,2009,17.653333333333332,13.01,5.78,9.14
23167,24,7,8,2009,17.285833333333336,12.87,5.64,8.94
23168,24,8,8,2009,17.044166666666666,13.07,5.84,9.02
23169,24,9,8,2009,16.895000000000003,13.32,6.49,9.6
23170,24,10,8,2009,16.740000000000002,13.59,6.61,9.73
23171,24,11,8,2009,16.535,13.93,6.8500000000000005,10.04
23172,24,12,8,2009,16.909999999999997,13.74,7.51,10.23
23173,24,13,8,2009,18.1275,12.05,6.69,9.32
23174,24,14,8,2009,20.28166666666667,9.64,7.1000000000000005,8.75
23175,24,15,8,2009,22.462500000000002,9.91,7.3,9.0
23176,24,16,8,2009,24.43916666666667,9.96,7.32,9.02
23177,24,17,8,2009,26.145833333333332,9.53,6.96,8.59
23178,24,18,8,2009,27.52416666666667,10.04,7.29,9.03
23179,24,19,8,2009,28.619999999999994,10.24,7.3900000000000015,9.17
23180,24,20,8,2009,29.3225,10.79,7.74,9.65
23181,24,21,8,2009,29.645,11.15,7.88,9.94
23182,24,22,8,2009,29.45,11.52,7.99,10.19
23183,24,23,8,2009,28.7,11.47,7.92,10.14
23184,25,0,8,2009,26.980000000000004,11.82,6.16,8.700000000000001
23185,25,1,8,2009,25.480833333333333,14.19,7.0600000000000005,10.42
23186,25,2,8,2009,24.725833333333338,15.04,8.040000000000001,11.43
23187,25,3,8,2009,24.029166666666665,15.47,8.2,11.66
23188,25,4,8,2009,23.475833333333338,15.89,8.620000000000001,12.13
23189,25,5,8,2009,22.882499999999997,16.06,8.700000000000001,12.25
23190,25,6,8,2009,22.55,16.1,8.93,12.4
23191,25,7,8,2009,22.430833333333336,15.88,8.85,12.2
23192,25,8,8,2009,22.25916666666667,15.46,8.51,11.79
23193,25,9,8,2009,21.790000000000003,15.3,8.48,11.74
23194,25,10,8,2009,21.6225,15.14,8.38,11.62
23195,25,11,8,2009,21.37833333333333,12.7,6.72,9.51
23196,25,12,8,2009,21.34,12.33,6.72,9.36
23197,25,13,8,2009,22.449166666666667,10.8,6.45,8.61
23198,25,14,8,2009,24.07166666666667,8.15,6.03,7.37
23199,25,15,8,2009,25.824166666666667,6.5200000000000005,4.94,5.99
23200,25,16,8,2009,27.691666666666663,5.63,4.21,5.1000000000000005
23201,25,17,8,2009,29.262500000000003,5.53,4.1,4.98
23202,25,18,8,2009,30.518333333333334,4.5,3.36,4.0600000000000005
23203,25,19,8,2009,31.495833333333334,4.17,3.16,3.79
23204,25,20,8,2009,32.2725,3.84,2.9,3.49
23205,25,21,8,2009,32.634166666666665,3.13,2.39,2.85
23206,25,22,8,2009,32.82166666666667,3.68,2.81,3.38
23207,25,23,8,2009,32.361666666666665,5.04,2.54,4.01
23208,26,0,8,2009,29.9025,7.37,3.3000000000000003,5.69
23209,26,1,8,2009,28.005,10.97,4.48,7.75
23210,26,2,8,2009,27.114166666666666,11.2,4.64,7.81
23211,26,3,8,2009,26.34583333333333,11.18,4.73,7.94
23212,26,4,8,2009,25.765,10.61,4.79,7.77
23213,26,5,8,2009,24.950833333333335,10.29,4.74,7.68
23214,26,6,8,2009,24.1525,10.3,4.5,7.23
23215,26,7,8,2009,22.875,10.74,4.72,7.25
23216,26,8,8,2009,21.075000000000003,11.28,4.89,7.43
23217,26,9,8,2009,21.2,11.1,6.2700000000000005,8.59
23218,26,10,8,2009,21.543333333333337,8.34,4.7700000000000005,6.5
23219,26,11,8,2009,21.02416666666667,7.03,3.37,4.79
23220,26,12,8,2009,20.74916666666667,6.73,3.37,4.9
23221,26,13,8,2009,21.310000000000002,4.8,3.76,4.49
23222,26,14,8,2009,21.911666666666672,4.91,3.9,4.64
23223,26,15,8,2009,22.689999999999998,4.8500000000000005,3.87,4.58
23224,26,16,8,2009,24.21416666666667,4.17,3.31,3.9
23225,26,17,8,2009,25.464166666666667,3.81,3.08,3.6
23226,26,18,8,2009,26.459999999999997,3.64,3.02,3.49
23227,26,19,8,2009,27.360833333333332,2.37,2.05,2.31
23228,26,20,8,2009,27.86916666666667,2.86,2.53,2.84
23229,26,21,8,2009,28.25166666666667,3.39,2.81,3.25
23230,26,22,8,2009,27.521666666666665,14.24,10.16,13.09
23231,26,23,8,2009,24.034999999999997,9.49,6.9,8.39
23232,27,0,8,2009,22.245,9.44,6.04,7.85
23233,27,1,8,2009,21.926666666666666,8.89,5.66,7.3900000000000015
23234,27,2,8,2009,21.578333333333337,8.040000000000001,5.19,6.78
23235,27,3,8,2009,20.40416666666667,8.16,4.67,6.5600000000000005
23236,27,4,8,2009,20.018333333333334,8.6,4.9,6.9
23237,27,5,8,2009,20.122500000000002,5.96,3.75,5.19
23238,27,6,8,2009,19.894999999999996,4.92,3.22,4.25
23239,27,7,8,2009,19.890833333333337,4.39,2.95,3.76
23240,27,8,8,2009,20.169166666666666,4.5,2.81,3.58
23241,27,9,8,2009,20.295,6.18,3.89,5.0600000000000005
23242,27,10,8,2009,19.543333333333333,7.18,4.17,5.6000000000000005
23243,27,11,8,2009,18.890000000000004,6.9,4.18,5.76
23244,27,12,8,2009,18.638333333333332,7.83,4.84,6.49
23245,27,13,8,2009,18.475833333333338,8.370000000000001,5.36,6.8900000000000015
23246,27,14,8,2009,18.915000000000003,7.96,5.87,7.24
23247,27,15,8,2009,19.519166666666667,8.58,6.34,7.81
23248,27,16,8,2009,20.439999999999998,8.370000000000001,6.22,7.65
23249,27,17,8,2009,21.177500000000006,8.09,5.97,7.32
23250,27,18,8,2009,21.34333333333333,7.99,5.76,7.2
23251,27,19,8,2009,21.55083333333333,7.69,5.6000000000000005,6.97
23252,27,20,8,2009,22.226666666666663,8.25,5.99,7.46
23253,27,21,8,2009,21.9875,7.83,5.58,7.01
23254,27,22,8,2009,22.358333333333334,7.94,5.67,7.07
23255,27,23,8,2009,21.82833333333333,7.66,4.99,6.59
23256,28,0,8,2009,21.561666666666667,7.92,4.75,6.53
23257,28,1,8,2009,20.66416666666667,9.06,5.5,7.41
23258,28,2,8,2009,19.583333333333332,8.94,5.2700000000000005,7.05
23259,28,3,8,2009,18.475,8.13,4.37,6.59
23260,28,4,8,2009,16.858333333333334,6.94,3.3000000000000003,5.7700000000000005
23261,28,5,8,2009,15.983333333333334,6.53,3.18,5.66
23262,28,6,8,2009,15.173333333333332,6.05,3.19,5.32
23263,28,7,8,2009,14.801666666666668,6.83,3.67,5.89
23264,28,8,8,2009,14.558333333333335,7.33,3.56,5.76
23265,28,9,8,2009,14.219166666666665,6.71,3.54,5.78
23266,28,10,8,2009,14.003333333333332,7.28,3.64,5.84
23267,28,11,8,2009,14.110833333333334,7.62,4.24,5.99
23268,28,12,8,2009,14.2475,6.96,3.51,4.86
23269,28,13,8,2009,14.586666666666666,6.2700000000000005,4.08,4.95
23270,28,14,8,2009,14.659166666666666,6.19,4.14,4.91
23271,28,15,8,2009,15.915000000000001,5.25,4.03,4.83
23272,28,16,8,2009,18.03083333333333,4.8,3.75,4.48
23273,28,17,8,2009,19.163333333333334,4.39,3.48,4.12
23274,28,18,8,2009,20.415,4.14,3.3200000000000003,3.89
23275,28,19,8,2009,21.322500000000005,4.16,3.28,3.88
23276,28,20,8,2009,22.159166666666668,3.68,2.9,3.42
23277,28,21,8,2009,22.903333333333336,3.17,2.49,2.92
23278,28,22,8,2009,23.35833333333333,3.37,2.49,3.02
23279,28,23,8,2009,23.363333333333333,3.42,2.5500000000000003,3.08
23280,29,0,8,2009,21.90833333333333,3.46,1.89,2.75
23281,29,1,8,2009,19.945833333333333,4.61,1.8,3.43
23282,29,2,8,2009,18.701666666666664,5.65,1.86,3.84
23283,29,3,8,2009,18.044999999999998,8.03,2.14,5.4
23284,29,4,8,2009,17.249166666666667,7.9,2.72,5.98
23285,29,5,8,2009,16.82666666666667,7.07,2.44,5.47
23286,29,6,8,2009,16.495,5.66,2.71,4.63
23287,29,7,8,2009,16.150833333333335,5.5,2.97,5.16
23288,29,8,8,2009,15.8775,9.36,4.07,7.08
23289,29,9,8,2009,15.156666666666666,9.97,4.46,7.38
23290,29,10,8,2009,14.51,10.13,4.65,7.4
23291,29,11,8,2009,13.58,9.74,4.04,6.83
23292,29,12,8,2009,13.669166666666664,8.92,4.58,6.8500000000000005
23293,29,13,8,2009,14.984166666666669,6.96,4.7,5.86
23294,29,14,8,2009,16.433333333333334,7.07,5.28,6.42
23295,29,15,8,2009,17.4025,6.66,4.97,6.05
23296,29,16,8,2009,18.436666666666667,6.29,4.72,5.71
23297,29,17,8,2009,19.420833333333338,6.51,4.93,5.96
23298,29,18,8,2009,20.289166666666663,6.26,4.82,5.79
23299,29,19,8,2009,21.1375,6.13,4.72,5.66
23300,29,20,8,2009,21.727499999999996,6.07,4.53,5.48
23301,29,21,8,2009,21.99083333333333,6.3500000000000005,4.72,5.74
23302,29,22,8,2009,21.93083333333333,6.82,4.96,6.09
23303,29,23,8,2009,21.336666666666662,7.07,4.99,6.29
23304,30,0,8,2009,19.278333333333325,9.88,3.85,7.86
23305,30,1,8,2009,17.208333333333332,10.44,3.85,8.32
23306,30,2,8,2009,15.486666666666665,10.8,3.56,8.14
23307,30,3,8,2009,14.365000000000002,10.57,2.9,6.97
23308,30,4,8,2009,14.006666666666668,10.29,2.7,6.72
23309,30,5,8,2009,13.222499999999998,8.68,2.34,5.82
23310,30,6,8,2009,12.3725,7.53,2.04,4.97
23311,30,7,8,2009,11.424166666666666,6.0600000000000005,1.55,3.84
23312,30,8,8,2009,10.8175,5.28,1.77,3.65
23313,30,9,8,2009,10.018333333333333,5.19,1.66,3.56
23314,30,10,8,2009,9.739166666666668,4.46,1.72,3.3000000000000003
23315,30,11,8,2009,8.9125,4.97,2.09,3.93
23316,30,12,8,2009,8.761666666666667,5.03,2.05,3.97
23317,30,13,8,2009,10.852500000000001,4.45,2.13,3.18
23318,30,14,8,2009,13.266666666666666,3.39,2.67,3.15
23319,30,15,8,2009,15.034166666666666,3.89,3.04,3.6
23320,30,16,8,2009,16.4925,4.12,3.17,3.78
23321,30,17,8,2009,17.671666666666667,4.8100000000000005,3.66,4.39
23322,30,18,8,2009,18.460000000000004,4.91,3.76,4.5
23323,30,19,8,2009,19.0575,5.09,3.98,4.72
23324,30,20,8,2009,19.507500000000004,5.07,3.96,4.7
23325,30,21,8,2009,19.769166666666667,4.82,3.77,4.49
23326,30,22,8,2009,19.774166666666662,4.74,3.67,4.39
23327,30,23,8,2009,19.340000000000003,5.99,3.4,5.24
23328,31,0,8,2009,17.565833333333334,5.46,3.06,5.0
23329,31,1,8,2009,15.4675,6.0,2.25,4.63
23330,31,2,8,2009,14.025833333333333,6.8100000000000005,0.98,3.69
23331,31,3,8,2009,13.049999999999999,6.62,1.21,3.94
23332,31,4,8,2009,12.281666666666665,7.55,1.56,4.7700000000000005
23333,31,5,8,2009,11.680833333333334,7.46,1.65,5.03
23334,31,6,8,2009,11.051666666666668,6.61,1.59,4.71
23335,31,7,8,2009,10.826666666666666,5.84,1.94,4.17
23336,31,8,8,2009,10.495,4.94,1.77,3.5700000000000003
23337,31,9,8,2009,10.4275,4.66,1.78,3.4
23338,31,10,8,2009,10.144166666666665,3.92,1.42,2.89
23339,31,11,8,2009,9.288333333333334,3.83,1.14,2.6
23340,31,12,8,2009,9.188333333333334,3.84,0.98,2.41
23341,31,13,8,2009,10.886666666666665,4.09,2.0,2.16
23342,31,14,8,2009,13.220833333333331,3.18,2.43,2.9
23343,31,15,8,2009,15.061666666666667,3.5,2.73,3.24
23344,31,16,8,2009,16.120833333333334,3.63,2.88,3.38
23345,31,17,8,2009,17.1525,3.74,2.93,3.46
23346,31,18,8,2009,18.004166666666666,4.03,3.18,3.75
23347,31,19,8,2009,18.688333333333333,3.93,3.14,3.68
23348,31,20,8,2009,19.253333333333334,4.34,3.49,4.09
23349,31,21,8,2009,19.555833333333336,4.29,3.37,3.99
23350,31,22,8,2009,19.570833333333336,5.53,4.3,5.16
23351,31,23,8,2009,19.229999999999997,5.0600000000000005,3.86,4.69
23352,1,0,9,2009,17.373333333333335,6.66,3.19,6.16
23353,1,1,9,2009,15.473333333333331,8.55,3.65,7.22
23354,1,2,9,2009,14.36,8.14,3.62,7.47
23355,1,3,9,2009,13.799999999999997,8.26,3.74,7.49
23356,1,4,9,2009,13.20583333333333,7.51,3.56,6.71
23357,1,5,9,2009,12.633333333333335,8.11,3.47,6.7
23358,1,6,9,2009,12.311666666666667,8.45,3.42,7.03
23359,1,7,9,2009,11.729999999999999,7.69,3.5700000000000003,6.45
23360,1,8,9,2009,11.468333333333334,7.27,3.51,6.16
23361,1,9,9,2009,11.15916666666667,7.96,3.72,6.51
23362,1,10,9,2009,10.790833333333332,8.370000000000001,3.7,6.75
23363,1,11,9,2009,10.265,9.06,3.49,6.69
23364,1,12,9,2009,10.695,9.48,4.01,6.7700000000000005
23365,1,13,9,2009,12.445833333333331,7.96,3.86,5.45
23366,1,14,9,2009,14.789166666666668,5.79,4.2,5.07
23367,1,15,9,2009,17.123333333333335,7.15,5.24,6.43
23368,1,16,9,2009,18.603333333333328,7.23,5.3100000000000005,6.5
23369,1,17,9,2009,19.581666666666667,7.01,5.22,6.34
23370,1,18,9,2009,20.418333333333333,7.07,5.26,6.3900000000000015
23371,1,19,9,2009,21.074166666666667,6.98,5.18,6.3100000000000005
23372,1,20,9,2009,21.2775,6.84,5.05,6.16
23373,1,21,9,2009,21.242500000000003,6.5600000000000005,4.75,5.8500000000000005
23374,1,22,9,2009,21.125000000000004,7.76,5.42,6.82
23375,1,23,9,2009,20.345000000000002,8.0,4.47,6.36
23376,2,0,9,2009,19.014999999999997,9.5,3.94,6.82
23377,2,1,9,2009,17.830833333333338,9.9,3.48,6.7700000000000005
23378,2,2,9,2009,17.08666666666667,11.47,3.85,7.28
23379,2,3,9,2009,16.605,11.52,4.16,7.54
23380,2,4,9,2009,16.228333333333335,11.39,4.43,7.6400000000000015
23381,2,5,9,2009,15.905833333333332,11.4,4.47,7.61
23382,2,6,9,2009,15.7175,11.12,4.01,7.07
23383,2,7,9,2009,15.543333333333335,11.0,4.14,6.93
23384,2,8,9,2009,14.943333333333335,11.49,3.89,7.07
23385,2,9,9,2009,14.899999999999999,11.79,4.18,7.42
23386,2,10,9,2009,14.801666666666668,11.98,4.72,7.81
23387,2,11,9,2009,14.498333333333335,11.78,4.71,7.72
23388,2,12,9,2009,14.436666666666667,11.23,6.67,8.950000000000003
23389,2,13,9,2009,15.982500000000002,11.11,6.71,8.98
23390,2,14,9,2009,17.348333333333336,8.72,6.34,7.82
23391,2,15,9,2009,18.780833333333334,8.45,6.17,7.61
23392,2,16,9,2009,19.474999999999998,8.55,6.3500000000000005,7.77
23393,2,17,9,2009,19.270833333333336,8.290000000000001,6.18,7.54
23394,2,18,9,2009,19.595,8.85,6.6000000000000005,8.06
23395,2,19,9,2009,20.125,8.790000000000001,6.55,8.02
23396,2,20,9,2009,20.709166666666665,7.12,5.3100000000000005,6.48
23397,2,21,9,2009,21.51,6.71,5.01,6.1000000000000005
23398,2,22,9,2009,21.171666666666667,7.21,5.33,6.5600000000000005
23399,2,23,9,2009,20.848333333333333,7.69,5.55,6.91
23400,3,0,9,2009,19.81583333333333,8.51,4.36,6.15
23401,3,1,9,2009,19.078333333333333,8.66,3.94,6.28
23402,3,2,9,2009,17.815833333333334,10.25,3.48,6.83
23403,3,3,9,2009,17.382499999999997,10.61,3.43,6.92
23404,3,4,9,2009,17.388333333333335,11.08,4.23,7.5
23405,3,5,9,2009,18.054999999999996,10.59,4.72,7.66
23406,3,6,9,2009,17.715833333333336,9.03,4.16,6.18
23407,3,7,9,2009,16.319166666666668,7.79,2.97,5.16
23408,3,8,9,2009,15.435833333333333,8.43,2.26,4.9
23409,3,9,9,2009,15.639166666666668,8.4,3.08,5.25
23410,3,10,9,2009,15.949999999999998,9.31,3.98,6.36
23411,3,11,9,2009,14.782500000000004,8.19,2.98,5.63
23412,3,12,9,2009,14.876666666666667,7.3900000000000015,3.1,4.86
23413,3,13,9,2009,15.469166666666666,7.33,3.87,5.29
23414,3,14,9,2009,15.538333333333334,5.75,4.79,5.8
23415,3,15,9,2009,14.120833333333332,6.49,4.79,6.16
23416,3,16,9,2009,13.549166666666665,7.47,4.82,6.38
23417,3,17,9,2009,14.4275,8.25,5.73,6.91
23418,3,18,9,2009,15.975833333333334,7.17,5.44,6.61
23419,3,19,9,2009,17.668333333333333,7.52,5.55,6.8900000000000015
23420,3,20,9,2009,17.695833333333336,7.72,5.68,7.0
23421,3,21,9,2009,17.51,6.71,4.7700000000000005,5.96
23422,3,22,9,2009,17.30916666666667,5.59,3.24,4.43
23423,3,23,9,2009,16.829166666666666,7.25,4.61,6.09
23424,4,0,9,2009,16.6425,6.8,3.73,5.21
23425,4,1,9,2009,16.667500000000004,8.39,3.84,5.79
23426,4,2,9,2009,16.3125,8.36,3.34,5.84
23427,4,3,9,2009,16.635833333333334,7.37,3.52,5.14
23428,4,4,9,2009,16.905833333333334,7.27,3.28,4.94
23429,4,5,9,2009,16.90666666666667,7.55,3.27,5.07
23430,4,6,9,2009,16.576666666666664,7.3900000000000015,3.13,4.86
23431,4,7,9,2009,16.032500000000002,6.28,2.73,4.15
23432,4,8,9,2009,15.796666666666667,6.55,2.41,4.23
23433,4,9,9,2009,15.875833333333333,6.22,2.91,4.3500000000000005
23434,4,10,9,2009,15.955833333333336,5.44,3.46,4.48
23435,4,11,9,2009,16.015,5.11,3.14,4.11
23436,4,12,9,2009,15.859999999999998,4.78,3.0500000000000003,3.96
23437,4,13,9,2009,15.5525,4.78,2.81,3.81
23438,4,14,9,2009,15.259166666666665,4.82,2.76,3.19
23439,4,15,9,2009,15.688333333333333,4.5200000000000005,2.04,2.32
23440,4,16,9,2009,19.148333333333337,4.5200000000000005,3.41,4.1
23441,4,17,9,2009,21.02583333333333,7.8900000000000015,6.08,7.32
23442,4,18,9,2009,21.628333333333334,7.5,5.78,6.96
23443,4,19,9,2009,21.652500000000003,8.88,6.46,8.14
23444,4,20,9,2009,21.56583333333334,8.03,6.09,7.4
23445,4,21,9,2009,21.13,8.35,6.38,7.75
23446,4,22,9,2009,20.01,7.1400000000000015,5.66,6.76
23447,4,23,9,2009,20.790000000000003,6.25,4.72,5.7700000000000005
23448,5,0,9,2009,20.084999999999997,5.7,2.15,3.92
23449,5,1,9,2009,18.69333333333333,5.66,1.68,3.66
23450,5,2,9,2009,18.378333333333334,4.47,1.16,2.76
23451,5,3,9,2009,18.061666666666667,3.25,0.81,2.1
23452,5,4,9,2009,17.202499999999997,5.11,1.46,3.22
23453,5,5,9,2009,16.4175,6.22,1.43,3.88
23454,5,6,9,2009,15.9,6.51,1.58,4.03
23455,5,7,9,2009,15.517500000000004,6.92,1.72,4.48
23456,5,8,9,2009,14.86,6.99,1.79,4.55
23457,5,9,9,2009,14.402500000000003,6.3,1.56,3.89
23458,5,10,9,2009,14.095833333333333,5.8,1.95,3.99
23459,5,11,9,2009,13.509166666666667,5.78,2.13,4.3100000000000005
23460,5,12,9,2009,13.305000000000001,5.1000000000000005,1.98,3.63
23461,5,13,9,2009,14.690833333333332,4.99,2.5500000000000003,3.2
23462,5,14,9,2009,16.866666666666667,3.86,2.77,3.25
23463,5,15,9,2009,19.091666666666665,3.87,2.99,3.56
23464,5,16,9,2009,20.925,4.32,3.38,4.01
23465,5,17,9,2009,22.289999999999996,4.92,3.81,4.54
23466,5,18,9,2009,23.3425,5.01,3.88,4.63
23467,5,19,9,2009,24.100833333333338,5.84,4.53,5.42
23468,5,20,9,2009,24.590833333333332,5.7700000000000005,4.37,5.2700000000000005
23469,5,21,9,2009,24.900833333333335,5.5200000000000005,4.2,5.07
23470,5,22,9,2009,24.7825,8.07,5.49,7.1400000000000015
23471,5,23,9,2009,23.698333333333327,9.11,5.54,7.63
23472,6,0,9,2009,21.87666666666667,7.63,3.5500000000000003,5.53
23473,6,1,9,2009,20.015,8.35,2.44,5.91
23474,6,2,9,2009,19.331666666666667,8.59,2.16,5.44
23475,6,3,9,2009,18.241666666666667,8.870000000000003,1.45,4.43
23476,6,4,9,2009,17.546666666666663,5.8100000000000005,1.28,3.73
23477,6,5,9,2009,17.333333333333332,5.18,1.36,3.69
23478,6,6,9,2009,17.092500000000005,4.62,1.27,2.93
23479,6,7,9,2009,16.272499999999997,4.57,1.26,2.91
23480,6,8,9,2009,15.573333333333332,4.38,1.25,2.9
23481,6,9,9,2009,14.799166666666665,4.26,1.28,2.77
23482,6,10,9,2009,14.271666666666667,4.09,1.02,2.46
23483,6,11,9,2009,14.049999999999999,4.26,1.11,2.63
23484,6,12,9,2009,13.909999999999998,4.51,1.56,2.8000000000000003
23485,6,13,9,2009,15.403333333333334,4.59,2.26,2.65
23486,6,14,9,2009,17.51833333333333,4.05,2.63,3.13
23487,6,15,9,2009,19.28,4.26,3.34,3.96
23488,6,16,9,2009,20.691666666666666,4.23,3.33,3.93
23489,6,17,9,2009,21.955,4.63,3.64,4.3100000000000005
23490,6,18,9,2009,22.701666666666668,5.01,3.99,4.71
23491,6,19,9,2009,23.194166666666664,4.92,3.97,4.66
23492,6,20,9,2009,23.50583333333334,4.39,3.6,4.2
23493,6,21,9,2009,23.76166666666667,4.25,3.51,4.09
23494,6,22,9,2009,23.708333333333332,4.48,3.47,4.15
23495,6,23,9,2009,23.285833333333333,4.78,3.24,4.21
23496,7,0,9,2009,21.5425,6.01,2.24,4.82
23497,7,1,9,2009,20.03333333333333,5.42,2.61,5.04
23498,7,2,9,2009,19.3725,3.75,1.84,3.18
23499,7,3,9,2009,18.746666666666666,3.87,1.73,3.15
23500,7,4,9,2009,18.31416666666666,3.38,1.54,2.89
23501,7,5,9,2009,17.778333333333332,3.13,1.21,2.38
23502,7,6,9,2009,17.22833333333333,4.01,1.43,2.92
23503,7,7,9,2009,16.799166666666668,4.07,1.49,2.97
23504,7,8,9,2009,16.418333333333337,4.3500000000000005,1.55,3.04
23505,7,9,9,2009,15.669166666666667,4.38,1.55,3.2
23506,7,10,9,2009,15.1975,4.15,1.46,3.02
23507,7,11,9,2009,14.705833333333333,4.83,1.86,3.61
23508,7,12,9,2009,14.594166666666666,5.24,2.02,3.99
23509,7,13,9,2009,16.365833333333338,5.26,2.8000000000000003,3.28
23510,7,14,9,2009,18.285,4.59,3.4,4.1
23511,7,15,9,2009,19.8725,5.37,4.17,4.98
23512,7,16,9,2009,21.221666666666668,5.87,4.59,5.48
23513,7,17,9,2009,22.430000000000003,5.71,4.4,5.2700000000000005
23514,7,18,9,2009,23.664166666666663,6.09,4.74,5.66
23515,7,19,9,2009,23.988333333333333,7.24,5.53,6.68
23516,7,20,9,2009,24.505,6.93,5.3,6.3900000000000015
23517,7,21,9,2009,24.502499999999998,7.63,5.51,6.78
23518,7,22,9,2009,24.313333333333333,7.6,5.2,6.5200000000000005
23519,7,23,9,2009,24.135833333333334,7.67,5.39,6.82
23520,8,0,9,2009,22.2325,9.18,4.07,6.9
23521,8,1,9,2009,20.846666666666664,10.76,4.38,7.57
23522,8,2,9,2009,20.166666666666668,10.82,4.61,7.57
23523,8,3,9,2009,19.618333333333336,11.07,4.63,7.73
23524,8,4,9,2009,19.460833333333337,10.8,4.3500000000000005,7.48
23525,8,5,9,2009,19.245833333333334,11.18,4.84,7.84
23526,8,6,9,2009,19.008333333333336,10.87,4.57,7.49
23527,8,7,9,2009,18.6925,10.55,4.24,7.17
23528,8,8,9,2009,18.485833333333336,10.89,4.64,7.52
23529,8,9,9,2009,18.0825,11.16,4.54,7.46
23530,8,10,9,2009,17.7075,10.62,4.45,7.16
23531,8,11,9,2009,17.410833333333333,10.63,4.55,7.21
23532,8,12,9,2009,17.463333333333335,10.4,5.01,6.93
23533,8,13,9,2009,18.819999999999997,8.66,4.82,6.6000000000000005
23534,8,14,9,2009,20.547500000000003,6.5,4.86,5.87
23535,8,15,9,2009,22.617499999999996,5.65,4.3100000000000005,5.19
23536,8,16,9,2009,24.528333333333336,6.05,4.57,5.5200000000000005
23537,8,17,9,2009,25.750833333333336,5.75,4.42,5.29
23538,8,18,9,2009,26.569166666666664,5.76,4.42,5.29
23539,8,19,9,2009,27.23,5.8100000000000005,4.45,5.34
23540,8,20,9,2009,27.515000000000004,7.25,5.46,6.6400000000000015
23541,8,21,9,2009,27.479166666666668,7.68,5.75,7.03
23542,8,22,9,2009,27.304999999999996,7.2,5.14,6.45
23543,8,23,9,2009,23.343333333333334,8.05,5.33,6.71
23544,9,0,9,2009,20.535,8.47,5.6000000000000005,7.11
23545,9,1,9,2009,20.049166666666668,7.17,4.53,5.91
23546,9,2,9,2009,19.855833333333333,7.68,4.32,5.95
23547,9,3,9,2009,19.7225,5.8500000000000005,2.64,3.96
23548,9,4,9,2009,19.641666666666666,5.03,2.17,3.21
23549,9,5,9,2009,19.261666666666663,5.2,2.52,3.96
23550,9,6,9,2009,19.227500000000003,4.91,2.1,3.35
23551,9,7,9,2009,18.720833333333335,4.93,1.48,3.13
23552,9,8,9,2009,18.205000000000002,4.26,0.79,2.58
23553,9,9,9,2009,18.349166666666665,3.89,1.74,2.86
23554,9,10,9,2009,18.619166666666665,3.69,1.77,2.65
23555,9,11,9,2009,18.589166666666667,2.61,1.5,2.12
23556,9,12,9,2009,18.4475,2.91,2.12,2.6
23557,9,13,9,2009,18.3125,3.65,2.39,2.98
23558,9,14,9,2009,18.276666666666664,3.41,2.56,2.95
23559,9,15,9,2009,18.4525,3.27,2.4,2.88
23560,9,16,9,2009,20.065833333333334,3.54,2.69,3.24
23561,9,17,9,2009,20.140833333333333,4.63,3.8,4.48
23562,9,18,9,2009,19.740833333333335,1.2,0.98,1.08
23563,9,19,9,2009,19.916666666666668,1.46,1.53,1.65
23564,9,20,9,2009,20.423333333333336,2.61,2.4,2.6
23565,9,21,9,2009,20.925,3.53,2.49,3.17
23566,9,22,9,2009,21.826666666666668,3.41,2.4,2.94
23567,9,23,9,2009,20.605,3.88,0.95,2.35
23568,10,0,9,2009,20.045833333333334,4.07,0.64,2.1
23569,10,1,9,2009,19.590833333333332,4.78,1.07,2.75
23570,10,2,9,2009,19.066666666666666,6.19,1.28,3.56
23571,10,3,9,2009,18.745833333333334,6.05,1.21,3.3200000000000003
23572,10,4,9,2009,18.298333333333332,4.73,1.24,3.06
23573,10,5,9,2009,17.893333333333334,4.53,1.47,3.16
23574,10,6,9,2009,17.462500000000002,4.8,1.46,3.22
23575,10,7,9,2009,17.081666666666667,4.91,1.5,3.29
23576,10,8,9,2009,16.910833333333333,5.21,1.87,3.45
23577,10,9,9,2009,16.348333333333333,5.54,1.89,3.22
23578,10,10,9,2009,15.799166666666666,5.84,2.15,3.54
23579,10,11,9,2009,15.43,5.46,2.27,3.34
23580,10,12,9,2009,14.825000000000003,5.22,2.05,3.34
23581,10,13,9,2009,15.5025,4.98,2.43,3.26
23582,10,14,9,2009,17.132499999999997,4.41,2.84,3.34
23583,10,15,9,2009,19.271666666666665,3.77,2.98,3.5
23584,10,16,9,2009,21.435,3.92,3.06,3.62
23585,10,17,9,2009,23.144166666666667,5.25,4.05,4.84
23586,10,18,9,2009,24.242499999999996,4.94,3.82,4.55
23587,10,19,9,2009,24.7225,5.37,4.42,5.12
23588,10,20,9,2009,25.152500000000003,4.69,3.77,4.44
23589,10,21,9,2009,25.4075,4.3,3.6,4.18
23590,10,22,9,2009,25.295833333333334,4.14,3.1,3.78
23591,10,23,9,2009,24.9275,4.6000000000000005,3.19,4.09
23592,11,0,9,2009,22.765833333333333,5.54,1.8,4.0200000000000005
23593,11,1,9,2009,21.165000000000003,6.07,1.81,4.15
23594,11,2,9,2009,20.263333333333332,6.05,1.62,4.14
23595,11,3,9,2009,19.485833333333336,5.71,2.22,4.24
23596,11,4,9,2009,20.106666666666666,4.63,2.29,3.96
23597,11,5,9,2009,19.956666666666667,3.96,1.7,3.18
23598,11,6,9,2009,19.08666666666667,3.79,1.46,2.82
23599,11,7,9,2009,18.743333333333336,3.9,1.21,2.58
23600,11,8,9,2009,18.807499999999997,4.1,1.49,2.87
23601,11,9,9,2009,18.570833333333336,5.12,1.86,3.17
23602,11,10,9,2009,18.120833333333334,5.08,1.83,3.12
23603,11,11,9,2009,17.59,5.5600000000000005,1.96,4.43
23604,11,12,9,2009,18.138333333333332,5.18,2.73,4.32
23605,11,13,9,2009,18.5075,3.51,1.85,2.19
23606,11,14,9,2009,19.840833333333332,3.29,2.33,2.64
23607,11,15,9,2009,22.233333333333334,2.62,2.2,2.53
23608,11,16,9,2009,23.62,2.58,2.22,2.52
23609,11,17,9,2009,24.55416666666667,2.83,2.28,2.66
23610,11,18,9,2009,25.28,2.9,2.41,2.77
23611,11,19,9,2009,25.871666666666666,3.56,2.97,3.42
23612,11,20,9,2009,26.099999999999994,4.43,3.5700000000000003,4.18
23613,11,21,9,2009,26.203333333333337,4.32,3.48,4.09
23614,11,22,9,2009,26.24,3.36,2.71,3.17
23615,11,23,9,2009,25.845,3.45,2.27,2.75
23616,12,0,9,2009,23.940833333333334,5.28,2.5,4.51
23617,12,1,9,2009,23.031666666666663,3.9,2.23,3.74
23618,12,2,9,2009,22.39083333333333,5.2700000000000005,2.35,4.57
23619,12,3,9,2009,20.33666666666667,8.34,4.5,6.24
23620,12,4,9,2009,19.0475,8.41,4.5200000000000005,6.54
23621,12,5,9,2009,18.694166666666664,8.950000000000003,4.6000000000000005,6.68
23622,12,6,9,2009,18.295833333333334,9.0,3.92,5.96
23623,12,7,9,2009,17.68166666666667,8.68,3.16,5.76
23624,12,8,9,2009,17.768333333333334,7.97,4.11,6.34
23625,12,9,9,2009,18.028333333333336,6.12,2.6,4.91
23626,12,10,9,2009,18.064166666666665,4.84,2.14,3.85
23627,12,11,9,2009,17.588333333333335,6.26,2.74,4.65
23628,12,12,9,2009,17.295,7.04,2.85,5.11
23629,12,13,9,2009,17.705833333333334,6.2,3.18,4.51
23630,12,14,9,2009,19.63416666666667,5.04,3.88,4.65
23631,12,15,9,2009,21.495,5.26,4.0600000000000005,4.86
23632,12,16,9,2009,22.9225,4.67,3.64,4.32
23633,12,17,9,2009,24.091666666666665,3.71,2.95,3.46
23634,12,18,9,2009,24.926666666666666,4.43,3.59,4.19
23635,12,19,9,2009,24.364166666666666,6.6000000000000005,5.5,6.1400000000000015
23636,12,20,9,2009,23.726666666666663,6.28,4.92,5.82
23637,12,21,9,2009,23.33083333333333,7.23,5.87,7.0
23638,12,22,9,2009,22.12,6.72,4.47,5.67
23639,12,23,9,2009,21.865,6.57,3.91,5.41
23640,13,0,9,2009,21.13416666666667,7.11,3.47,5.65
23641,13,1,9,2009,20.091666666666665,7.0200000000000005,2.3000000000000003,4.64
23642,13,2,9,2009,19.686666666666664,7.81,1.36,4.0600000000000005
23643,13,3,9,2009,18.92083333333333,7.77,1.4,4.8100000000000005
23644,13,4,9,2009,18.580833333333334,8.01,1.3,5.09
23645,13,5,9,2009,18.368333333333332,6.76,1.66,4.68
23646,13,6,9,2009,17.74833333333334,7.48,1.47,4.01
23647,13,7,9,2009,17.249166666666667,7.49,1.36,4.43
23648,13,8,9,2009,16.577500000000004,7.49,1.45,4.58
23649,13,9,9,2009,16.3,7.15,1.19,4.0200000000000005
23650,13,10,9,2009,15.614166666666664,6.8100000000000005,1.49,4.1
23651,13,11,9,2009,14.834999999999999,7.55,2.14,4.53
23652,13,12,9,2009,14.613333333333335,7.54,1.95,4.63
23653,13,13,9,2009,16.2775,7.28,2.99,4.37
23654,13,14,9,2009,18.094166666666666,5.08,2.73,3.23
23655,13,15,9,2009,20.231666666666666,4.61,3.5700000000000003,4.26
23656,13,16,9,2009,21.9375,4.96,3.75,4.5200000000000005
23657,13,17,9,2009,23.085833333333337,5.71,4.39,5.2700000000000005
23658,13,18,9,2009,23.6925,5.86,4.58,5.48
23659,13,19,9,2009,24.140833333333333,5.98,4.66,5.57
23660,13,20,9,2009,24.503333333333334,5.36,4.09,4.87
23661,13,21,9,2009,24.4875,6.18,4.75,5.75
23662,13,22,9,2009,24.321666666666662,5.93,4.36,5.49
23663,13,23,9,2009,23.500833333333333,6.45,4.46,5.7700000000000005
23664,14,0,9,2009,21.976666666666663,7.9300000000000015,3.78,6.65
23665,14,1,9,2009,20.290833333333335,9.4,2.76,6.73
23666,14,2,9,2009,19.281666666666663,9.6,2.06,5.62
23667,14,3,9,2009,18.59166666666667,9.49,1.75,5.18
23668,14,4,9,2009,18.175,9.68,1.92,5.71
23669,14,5,9,2009,17.829166666666662,8.61,1.67,5.49
23670,14,6,9,2009,17.49,7.95,1.51,5.11
23671,14,7,9,2009,17.007500000000004,6.09,1.05,3.43
23672,14,8,9,2009,16.710000000000004,5.0200000000000005,1.21,3.01
23673,14,9,9,2009,16.39,4.39,1.3,2.86
23674,14,10,9,2009,15.857500000000002,4.49,1.49,3.2
23675,14,11,9,2009,15.47,3.93,1.25,2.69
23676,14,12,9,2009,14.99,4.66,1.66,3.31
23677,14,13,9,2009,15.603333333333333,4.51,1.93,3.09
23678,14,14,9,2009,16.921666666666667,4.03,1.97,2.31
23679,14,15,9,2009,18.9,3.12,2.41,2.86
23680,14,16,9,2009,20.935,4.26,3.35,3.97
23681,14,17,9,2009,22.05,4.26,3.38,3.99
23682,14,18,9,2009,22.862499999999997,3.83,3.01,3.5500000000000003
23683,14,19,9,2009,23.44583333333333,3.18,2.54,2.97
23684,14,20,9,2009,23.825,2.86,2.39,2.76
23685,14,21,9,2009,24.007499999999997,2.88,2.39,2.77
23686,14,22,9,2009,23.990833333333338,3.0500000000000003,2.49,2.94
23687,14,23,9,2009,23.581666666666667,3.73,2.48,3.49
23688,15,0,9,2009,21.90166666666666,3.94,2.22,3.85
23689,15,1,9,2009,20.718333333333337,6.46,1.78,4.54
23690,15,2,9,2009,20.2325,4.63,1.64,3.7
23691,15,3,9,2009,19.385,5.46,1.43,3.58
23692,15,4,9,2009,18.61583333333333,5.04,1.27,3.23
23693,15,5,9,2009,18.436666666666667,4.73,1.18,2.84
23694,15,6,9,2009,18.1,4.94,1.01,3.1
23695,15,7,9,2009,17.894166666666667,5.0200000000000005,1.04,3.26
23696,15,8,9,2009,17.535,4.46,1.15,2.75
23697,15,9,9,2009,17.337500000000002,3.69,1.23,2.4
23698,15,10,9,2009,16.835,4.04,1.59,3.13
23699,15,11,9,2009,16.6825,4.32,1.77,3.54
23700,15,12,9,2009,16.11916666666667,4.99,2.4,4.3
23701,15,13,9,2009,16.3275,5.0600000000000005,2.5500000000000003,3.99
23702,15,14,9,2009,18.068333333333335,3.71,2.97,3.48
23703,15,15,9,2009,20.05666666666667,4.1,3.15,3.77
23704,15,16,9,2009,21.804999999999996,4.7700000000000005,3.68,4.4
23705,15,17,9,2009,22.700833333333332,5.01,3.84,4.61
23706,15,18,9,2009,23.412499999999994,5.37,4.17,4.97
23707,15,19,9,2009,24.09416666666667,5.49,4.34,5.15
23708,15,20,9,2009,24.580000000000002,5.32,4.12,4.93
23709,15,21,9,2009,24.903333333333336,5.04,3.64,4.5
23710,15,22,9,2009,24.971666666666668,6.09,4.58,5.61
23711,15,23,9,2009,23.9275,6.74,3.84,5.09
23712,16,0,9,2009,22.325,7.69,3.4,6.5600000000000005
23713,16,1,9,2009,21.179166666666667,8.49,3.11,6.49
23714,16,2,9,2009,19.840833333333336,10.11,2.31,6.03
23715,16,3,9,2009,18.765,10.33,1.85,6.0
23716,16,4,9,2009,18.280833333333334,9.27,1.54,5.14
23717,16,5,9,2009,17.463333333333335,8.84,1.49,4.61
23718,16,6,9,2009,17.290000000000003,8.870000000000003,1.7,4.78
23719,16,7,9,2009,17.062499999999996,8.870000000000003,2.04,5.16
23720,16,8,9,2009,16.685,8.52,2.38,5.08
23721,16,9,9,2009,16.381666666666668,7.81,2.62,5.08
23722,16,10,9,2009,16.142500000000002,7.05,2.94,5.49
23723,16,11,9,2009,15.674166666666666,7.28,2.99,5.29
23724,16,12,9,2009,15.08,7.5,3.13,5.5200000000000005
23725,16,13,9,2009,15.890833333333335,6.88,3.54,5.01
23726,16,14,9,2009,17.564166666666665,5.39,3.42,4.0
23727,16,15,9,2009,19.815,4.44,3.45,4.11
23728,16,16,9,2009,22.040833333333335,5.69,4.28,5.18
23729,16,17,9,2009,23.60416666666667,7.49,5.63,6.84
23730,16,18,9,2009,24.055000000000003,7.08,5.26,6.4
23731,16,19,9,2009,24.337500000000002,7.53,5.29,6.5600000000000005
23732,16,20,9,2009,24.89166666666667,7.76,5.5,6.92
23733,16,21,9,2009,25.309166666666666,8.89,6.4,8.0
23734,16,22,9,2009,25.1925,8.91,6.43,8.02
23735,16,23,9,2009,23.79416666666667,9.81,5.13,7.55
23736,17,0,9,2009,21.359166666666667,11.54,4.08,7.91
23737,17,1,9,2009,19.625833333333333,11.03,3.54,8.26
23738,17,2,9,2009,17.926666666666666,10.68,2.85,7.4
23739,17,3,9,2009,16.842499999999998,10.66,2.11,6.2
23740,17,4,9,2009,16.12416666666667,11.7,1.72,5.84
23741,17,5,9,2009,15.76833333333333,10.81,1.57,5.39
23742,17,6,9,2009,15.458333333333334,10.68,1.68,5.47
23743,17,7,9,2009,14.832499999999998,10.09,1.49,5.01
23744,17,8,9,2009,14.2725,9.92,1.4,4.82
23745,17,9,9,2009,13.738333333333332,9.4,1.25,4.58
23746,17,10,9,2009,13.195833333333335,9.1,1.37,4.71
23747,17,11,9,2009,12.588333333333333,7.35,1.19,3.98
23748,17,12,9,2009,12.179166666666667,6.05,1.46,3.73
23749,17,13,9,2009,13.15916666666667,4.45,1.9,3.1
23750,17,14,9,2009,15.334166666666667,3.62,2.04,2.34
23751,17,15,9,2009,17.497500000000002,3.21,2.61,3.0500000000000003
23752,17,16,9,2009,19.538333333333334,3.65,2.86,3.38
23753,17,17,9,2009,21.211666666666666,4.63,3.56,4.25
23754,17,18,9,2009,22.286666666666665,5.14,3.93,4.71
23755,17,19,9,2009,22.92,5.26,4.04,4.83
23756,17,20,9,2009,23.372500000000002,5.5200000000000005,4.21,5.07
23757,17,21,9,2009,23.546666666666667,5.67,4.32,5.21
23758,17,22,9,2009,23.495,5.5600000000000005,3.93,4.95
23759,17,23,9,2009,22.602499999999996,5.63,3.98,5.0200000000000005
23760,18,0,9,2009,20.15166666666667,6.91,2.14,4.2
23761,18,1,9,2009,18.254166666666666,7.82,1.73,4.69
23762,18,2,9,2009,17.133333333333336,8.23,1.79,5.19
23763,18,3,9,2009,16.345000000000002,8.17,2.29,5.62
23764,18,4,9,2009,16.005,7.61,2.59,6.09
23765,18,5,9,2009,15.290000000000001,7.57,2.37,5.86
23766,18,6,9,2009,14.675833333333335,6.73,1.75,4.61
23767,18,7,9,2009,14.032499999999999,5.51,1.61,3.5500000000000003
23768,18,8,9,2009,13.701666666666666,5.15,1.75,3.5500000000000003
23769,18,9,9,2009,13.070000000000002,4.43,1.37,2.91
23770,18,10,9,2009,12.155833333333334,2.94,0.3,1.25
23771,18,11,9,2009,11.620833333333332,2.76,0.21,1.08
23772,18,12,9,2009,11.24,2.28,0.16,0.95
23773,18,13,9,2009,12.59083333333333,2.09,0.9,1.34
23774,18,14,9,2009,14.869166666666667,1.9,1.36,1.47
23775,18,15,9,2009,17.046666666666667,1.88,1.61,1.84
23776,18,16,9,2009,19.109166666666667,2.76,2.22,2.59
23777,18,17,9,2009,20.25583333333333,3.75,3.0,3.52
23778,18,18,9,2009,20.980833333333333,3.89,3.1,3.64
23779,18,19,9,2009,21.66,4.43,3.52,4.16
23780,18,20,9,2009,22.1525,4.41,3.51,4.14
23781,18,21,9,2009,22.599166666666665,4.5,3.51,4.18
23782,18,22,9,2009,22.584166666666665,4.5,3.38,4.11
23783,18,23,9,2009,21.5825,6.15,3.0500000000000003,4.82
23784,19,0,9,2009,19.340833333333332,6.24,2.51,5.46
23785,19,1,9,2009,18.16416666666667,6.25,2.67,5.95
23786,19,2,9,2009,17.7075,6.49,2.68,5.8
23787,19,3,9,2009,16.964166666666667,6.33,2.74,5.41
23788,19,4,9,2009,16.43916666666667,5.73,2.06,4.48
23789,19,5,9,2009,16.171666666666667,5.29,1.9,3.95
23790,19,6,9,2009,15.423333333333334,4.53,1.65,3.23
23791,19,7,9,2009,14.665000000000001,4.18,1.4,2.85
23792,19,8,9,2009,14.166666666666666,4.15,1.25,2.7
23793,19,9,9,2009,13.585833333333333,3.96,1.09,2.49
23794,19,10,9,2009,12.76333333333333,3.51,0.9,2.23
23795,19,11,9,2009,12.140833333333331,3.48,0.8,2.08
23796,19,12,9,2009,11.794166666666667,3.4,0.85,2.14
23797,19,13,9,2009,12.47,3.3000000000000003,1.17,2.08
23798,19,14,9,2009,14.533333333333333,3.06,1.5,1.63
23799,19,15,9,2009,17.048333333333332,2.15,1.81,2.07
23800,19,16,9,2009,19.716666666666665,2.64,2.14,2.49
23801,19,17,9,2009,20.780000000000005,3.24,2.56,3.01
23802,19,18,9,2009,21.5575,3.28,2.61,3.0500000000000003
23803,19,19,9,2009,22.279166666666665,3.58,2.95,3.42
23804,19,20,9,2009,22.71666666666667,3.56,2.74,3.27
23805,19,21,9,2009,23.095,3.43,2.64,3.14
23806,19,22,9,2009,23.238333333333333,3.23,2.31,2.88
23807,19,23,9,2009,22.44,3.89,2.35,3.34
23808,20,0,9,2009,20.29666666666667,4.69,1.31,3.45
23809,20,1,9,2009,18.763333333333332,5.36,1.57,3.93
23810,20,2,9,2009,18.38333333333333,7.0600000000000005,3.99,7.1400000000000015
23811,20,3,9,2009,18.0,8.76,4.46,7.9300000000000015
23812,20,4,9,2009,17.39,9.07,4.5200000000000005,7.65
23813,20,5,9,2009,17.211666666666662,8.51,4.13,6.65
23814,20,6,9,2009,16.244166666666665,8.48,4.22,6.63
23815,20,7,9,2009,15.738333333333332,6.66,2.98,5.6000000000000005
23816,20,8,9,2009,15.696666666666665,5.2700000000000005,2.23,4.11
23817,20,9,9,2009,15.590833333333334,5.6000000000000005,2.65,4.72
23818,20,10,9,2009,14.967500000000001,6.67,2.85,5.21
23819,20,11,9,2009,13.825000000000001,7.08,2.23,4.86
23820,20,12,9,2009,13.293333333333331,7.6400000000000015,2.15,5.11
23821,20,13,9,2009,15.823333333333336,7.12,2.7,4.42
23822,20,14,9,2009,18.233333333333334,5.41,3.21,3.83
23823,20,15,9,2009,19.74083333333333,5.08,3.99,4.75
23824,20,16,9,2009,19.575000000000003,5.54,4.5,5.29
23825,20,17,9,2009,20.645833333333332,5.29,4.17,4.95
23826,20,18,9,2009,22.454166666666666,5.07,3.96,4.71
23827,20,19,9,2009,23.491666666666664,4.94,3.76,4.51
23828,20,20,9,2009,24.161666666666665,5.49,4.14,5.0
23829,20,21,9,2009,24.277499999999993,7.32,5.21,6.62
23830,20,22,9,2009,24.12833333333333,7.5,5.44,6.79
23831,20,23,9,2009,23.33,8.24,5.36,6.7
23832,21,0,9,2009,21.51833333333333,9.59,4.3500000000000005,7.32
23833,21,1,9,2009,20.136666666666667,10.39,4.46,7.49
23834,21,2,9,2009,19.7025,11.05,4.99,7.77
23835,21,3,9,2009,18.93,11.14,5.29,7.94
23836,21,4,9,2009,18.52416666666667,11.22,5.38,8.03
23837,21,5,9,2009,18.31833333333333,11.49,5.7700000000000005,8.35
23838,21,6,9,2009,18.075833333333332,11.43,5.83,8.42
23839,21,7,9,2009,18.011666666666663,11.46,5.83,8.41
23840,21,8,9,2009,17.9775,11.89,6.2,8.85
23841,21,9,9,2009,17.855,12.03,6.2700000000000005,8.93
23842,21,10,9,2009,18.1475,10.96,6.73,8.88
23843,21,11,9,2009,18.40416666666667,9.9,5.83,7.91
23844,21,12,9,2009,18.267500000000002,12.07,6.63,9.17
23845,21,13,9,2009,18.3925,9.53,5.08,7.08
23846,21,14,9,2009,19.25916666666667,7.6400000000000015,4.39,5.66
23847,21,15,9,2009,20.107499999999998,4.83,3.49,4.28
23848,21,16,9,2009,20.92,2.2,1.88,2.13
23849,21,17,9,2009,21.838333333333335,2.34,1.88,2.2
23850,21,18,9,2009,22.25583333333333,3.23,3.0500000000000003,3.41
23851,21,19,9,2009,17.983333333333334,15.21,9.53,12.26
23852,21,20,9,2009,15.673333333333334,14.52,8.56,11.0
23853,21,21,9,2009,15.69,11.19,8.11,10.11
23854,21,22,9,2009,15.405,11.1,8.0,9.97
23855,21,23,9,2009,14.662500000000003,10.58,7.11,9.13
23856,22,0,9,2009,14.519166666666663,10.21,5.78,8.05
23857,22,1,9,2009,14.376666666666665,10.1,4.78,7.25
23858,22,2,9,2009,14.328333333333333,11.48,5.82,8.51
23859,22,3,9,2009,13.948333333333336,12.2,5.29,8.26
23860,22,4,9,2009,13.508333333333333,12.27,5.42,8.4
23861,22,5,9,2009,12.744166666666667,11.86,5.05,8.15
23862,22,6,9,2009,11.9975,10.9,4.54,7.3
23863,22,7,9,2009,11.519166666666665,9.89,4.79,7.36
23864,22,8,9,2009,10.905833333333334,10.2,4.38,7.28
23865,22,9,9,2009,10.3175,10.35,4.43,7.31
23866,22,10,9,2009,9.849166666666667,10.55,4.93,7.69
23867,22,11,9,2009,9.505,10.59,4.96,7.69
23868,22,12,9,2009,9.144166666666667,10.22,4.79,7.41
23869,22,13,9,2009,9.864166666666668,9.14,4.73,6.54
23870,22,14,9,2009,11.1075,5.78,4.51,5.39
23871,22,15,9,2009,12.9275,5.37,4.11,4.95
23872,22,16,9,2009,14.570833333333333,5.23,3.97,4.79
23873,22,17,9,2009,15.895000000000001,4.5600000000000005,3.49,4.17
23874,22,18,9,2009,16.988333333333333,4.32,3.35,3.99
23875,22,19,9,2009,17.843333333333334,3.27,2.59,3.0500000000000003
23876,22,20,9,2009,18.4225,3.28,2.58,3.0700000000000003
23877,22,21,9,2009,18.386666666666667,3.49,2.86,3.35
23878,22,22,9,2009,18.031666666666666,5.2700000000000005,4.19,4.99
23879,22,23,9,2009,17.650833333333335,3.78,2.9,3.49
23880,23,0,9,2009,15.961666666666668,3.2,1.64,2.98
23881,23,1,9,2009,14.927500000000002,2.74,1.81,2.78
23882,23,2,9,2009,14.550833333333335,2.22,1.49,2.41
23883,23,3,9,2009,13.987500000000002,3.29,1.69,2.93
23884,23,4,9,2009,13.2825,2.92,1.32,2.29
23885,23,5,9,2009,12.6575,3.18,1.25,3.0500000000000003
23886,23,6,9,2009,11.982500000000002,2.79,1.18,2.87
23887,23,7,9,2009,11.390833333333333,2.23,0.63,1.53
23888,23,8,9,2009,10.725833333333334,1.7,0.26,0.65
23889,23,9,9,2009,10.095,1.98,0.12,0.85
23890,23,10,9,2009,9.488333333333335,2.0,0.16,0.76
23891,23,11,9,2009,9.170000000000002,1.6,0.36,0.86
23892,23,12,9,2009,9.111666666666668,1.71,0.3,1.2
23893,23,13,9,2009,10.554166666666665,1.88,0.79,1.52
23894,23,14,9,2009,13.155000000000001,1.42,0.73,0.8200000000000001
23895,23,15,9,2009,14.904166666666669,1.62,1.76,1.83
23896,23,16,9,2009,15.820833333333333,2.11,2.08,2.24
23897,23,17,9,2009,16.386666666666667,1.93,1.74,1.93
23898,23,18,9,2009,17.260833333333334,2.14,1.9,2.11
23899,23,19,9,2009,18.229166666666668,2.38,2.02,2.3000000000000003
23900,23,20,9,2009,18.562500000000004,3.56,2.85,3.39
23901,23,21,9,2009,18.50166666666667,3.2,2.54,3.01
23902,23,22,9,2009,18.985833333333332,2.93,2.4,2.79
23903,23,23,9,2009,18.553333333333335,1.64,1.28,1.51
23904,24,0,9,2009,16.860833333333336,2.25,0.89,1.73
23905,24,1,9,2009,15.89,2.23,0.8,1.6
23906,24,2,9,2009,15.535833333333331,2.16,0.86,1.9
23907,24,3,9,2009,16.185,2.25,0.6900000000000001,1.87
23908,24,4,9,2009,14.953333333333333,1.71,0.49,1.09
23909,24,5,9,2009,14.774166666666668,1.57,0.54,1.23
23910,24,6,9,2009,14.70583333333333,1.59,0.65,1.33
23911,24,7,9,2009,14.599166666666664,1.77,0.78,1.54
23912,24,8,9,2009,13.5725,1.93,0.61,1.38
23913,24,9,9,2009,12.77833333333333,2.3000000000000003,1.1,1.71
23914,24,10,9,2009,11.69,2.43,1.43,2.06
23915,24,11,9,2009,11.49,2.53,0.78,1.84
23916,24,12,9,2009,11.4275,3.1,1.92,3.22
23917,24,13,9,2009,13.008333333333333,3.26,2.57,3.53
23918,24,14,9,2009,15.526666666666666,2.58,1.42,1.66
23919,24,15,9,2009,17.128333333333334,2.25,1.81,2.11
23920,24,16,9,2009,18.04166666666666,2.24,1.81,2.1
23921,24,17,9,2009,18.814999999999998,2.37,1.86,2.19
23922,24,18,9,2009,19.525833333333335,3.19,2.51,2.96
23923,24,19,9,2009,20.089166666666667,3.44,2.71,3.2
23924,24,20,9,2009,20.548333333333332,3.41,2.66,3.15
23925,24,21,9,2009,20.635833333333334,3.3000000000000003,2.56,3.0500000000000003
23926,24,22,9,2009,20.499166666666664,3.01,2.27,2.75
23927,24,23,9,2009,19.74833333333334,3.52,1.92,2.72
23928,25,0,9,2009,18.461666666666666,5.55,2.4,5.05
23929,25,1,9,2009,18.12333333333333,5.58,2.87,5.19
23930,25,2,9,2009,17.5975,5.15,2.62,5.08
23931,25,3,9,2009,17.209999999999997,6.04,2.79,5.17
23932,25,4,9,2009,17.352500000000003,7.26,2.88,5.49
23933,25,5,9,2009,16.650000000000002,8.09,3.15,6.19
23934,25,6,9,2009,15.629166666666665,8.81,4.03,7.17
23935,25,7,9,2009,14.9375,8.73,3.95,7.1000000000000005
23936,25,8,9,2009,14.069166666666668,5.47,3.52,6.26
23937,25,9,9,2009,13.67416666666667,4.14,3.26,4.71
23938,25,10,9,2009,13.083333333333334,5.2,3.78,5.4
23939,25,11,9,2009,12.505833333333333,5.22,3.61,5.33
23940,25,12,9,2009,12.529166666666669,5.2700000000000005,3.42,5.17
23941,25,13,9,2009,13.881666666666666,5.07,3.31,5.0
23942,25,14,9,2009,15.86,5.19,2.73,3.52
23943,25,15,9,2009,16.980833333333333,3.64,2.87,3.39
23944,25,16,9,2009,18.561666666666667,4.49,3.43,4.12
23945,25,17,9,2009,19.905,5.0,3.71,4.49
23946,25,18,9,2009,20.710833333333333,5.25,3.9,4.73
23947,25,19,9,2009,21.3275,5.8,4.28,5.21
23948,25,20,9,2009,21.871666666666666,5.51,4.0600000000000005,4.94
23949,25,21,9,2009,22.150000000000002,5.66,4.18,5.11
23950,25,22,9,2009,20.739166666666666,15.96,10.82,13.78
23951,25,23,9,2009,17.155833333333334,8.43,5.44,7.17
23952,26,0,9,2009,16.534166666666664,6.73,4.23,5.65
23953,26,1,9,2009,15.178333333333333,4.36,2.29,3.88
23954,26,2,9,2009,14.983333333333334,6.32,2.99,4.94
23955,26,3,9,2009,14.994166666666667,7.95,3.36,5.67
23956,26,4,9,2009,15.296666666666669,12.5,7.53,10.08
23957,26,5,9,2009,14.556666666666667,7.87,4.94,6.51
23958,26,6,9,2009,14.025833333333331,8.39,4.3500000000000005,6.23
23959,26,7,9,2009,13.514166666666668,8.870000000000003,4.49,6.75
23960,26,8,9,2009,12.6625,8.53,3.9,6.01
23961,26,9,9,2009,11.644166666666665,8.58,4.13,6.46
23962,26,10,9,2009,12.400833333333333,6.28,3.94,5.34
23963,26,11,9,2009,12.515833333333333,6.08,3.28,5.11
23964,26,12,9,2009,11.616666666666665,6.11,3.42,5.32
23965,26,13,9,2009,11.800833333333335,4.92,3.04,4.23
23966,26,14,9,2009,13.6625,4.84,3.25,3.82
23967,26,15,9,2009,14.439999999999998,4.25,3.58,4.15
23968,26,16,9,2009,13.821666666666665,3.87,3.37,3.86
23969,26,17,9,2009,15.266666666666667,3.21,2.72,3.13
23970,26,18,9,2009,17.3,3.44,2.62,3.13
23971,26,19,9,2009,18.8075,4.41,3.34,4.0200000000000005
23972,26,20,9,2009,19.653333333333332,5.11,3.85,4.65
23973,26,21,9,2009,20.020833333333332,5.09,3.83,4.63
23974,26,22,9,2009,20.078333333333333,4.73,3.52,4.28
23975,26,23,9,2009,19.470833333333328,4.28,3.02,3.79
23976,27,0,9,2009,17.820000000000004,2.77,1.59,2.54
23977,27,1,9,2009,16.888333333333332,4.36,2.48,3.99
23978,27,2,9,2009,16.153333333333336,6.01,3.65,5.8500000000000005
23979,27,3,9,2009,15.951666666666668,6.48,3.9,6.55
23980,27,4,9,2009,15.525833333333333,8.040000000000001,4.16,7.15
23981,27,5,9,2009,15.418333333333331,9.12,4.49,7.87
23982,27,6,9,2009,15.024166666666666,11.2,5.22,8.43
23983,27,7,9,2009,14.762500000000001,11.89,5.6000000000000005,8.93
23984,27,8,9,2009,14.954999999999998,12.92,6.07,9.36
23985,27,9,9,2009,14.805833333333334,13.69,6.44,9.8
23986,27,10,9,2009,14.830833333333333,14.5,7.1000000000000005,10.43
23987,27,11,9,2009,14.769166666666669,15.03,7.54,10.84
23988,27,12,9,2009,15.021666666666667,15.63,7.95,11.24
23989,27,13,9,2009,15.898333333333332,15.39,8.53,11.37
23990,27,14,9,2009,18.558333333333337,13.08,8.15,10.67
23991,27,15,9,2009,20.416666666666668,10.49,6.92,8.38
23992,27,16,9,2009,22.24166666666667,8.45,6.42,7.73
23993,27,17,9,2009,24.000833333333333,7.63,5.76,6.95
23994,27,18,9,2009,25.577499999999997,9.43,6.8100000000000005,8.39
23995,27,19,9,2009,26.63083333333333,10.8,7.65,9.48
23996,27,20,9,2009,27.0,13.47,9.41,11.82
23997,27,21,9,2009,26.00583333333333,14.77,10.23,12.96
23998,27,22,9,2009,23.965833333333332,15.43,10.56,13.51
23999,27,23,9,2009,22.665000000000003,16.15,8.11,11.79
24000,28,0,9,2009,20.72083333333333,16.05,8.03,11.8
24001,28,1,9,2009,18.350833333333334,14.94,7.4,10.78
24002,28,2,9,2009,17.481666666666666,15.9,8.14,11.53
24003,28,3,9,2009,16.21916666666667,15.61,7.86,11.26
24004,28,4,9,2009,15.246666666666668,18.13,9.26,13.09
24005,28,5,9,2009,14.755,17.64,9.81,13.56
24006,28,6,9,2009,14.014166666666668,16.34,9.01,12.56
24007,28,7,9,2009,13.088333333333333,16.05,8.73,12.19
24008,28,8,9,2009,11.854999999999999,14.55,7.71,10.96
24009,28,9,9,2009,10.968333333333334,13.52,7.18,10.27
24010,28,10,9,2009,10.15916666666667,13.05,6.73,9.74
24011,28,11,9,2009,9.32,12.4,6.6000000000000005,9.49
24012,28,12,9,2009,8.829166666666667,12.36,6.2,9.15
24013,28,13,9,2009,9.547500000000001,12.8,7.46,10.19
24014,28,14,9,2009,11.19,12.63,7.9300000000000015,9.98
24015,28,15,9,2009,12.745,12.58,8.86,11.1
24016,28,16,9,2009,13.735833333333332,12.55,8.89,11.17
24017,28,17,9,2009,14.719999999999999,12.25,8.71,10.86
24018,28,18,9,2009,15.644999999999998,12.6,8.94,11.18
24019,28,19,9,2009,16.363333333333333,12.28,8.69,10.85
24020,28,20,9,2009,17.018333333333334,11.99,8.4,10.57
24021,28,21,9,2009,17.299166666666665,12.02,8.41,10.57
24022,28,22,9,2009,17.10916666666667,11.77,8.13,10.28
24023,28,23,9,2009,16.035,11.66,7.3,9.54
24024,29,0,9,2009,13.913333333333332,12.12,4.76,8.31
24025,29,1,9,2009,12.9625,12.35,4.54,8.4
24026,29,2,9,2009,12.134999999999998,11.92,4.59,8.19
24027,29,3,9,2009,10.844999999999999,12.25,4.47,8.17
24028,29,4,9,2009,9.995833333333334,12.81,4.57,8.18
24029,29,5,9,2009,9.670833333333333,12.1,4.65,7.97
24030,29,6,9,2009,9.269166666666667,11.8,4.68,8.01
24031,29,7,9,2009,8.397499999999999,11.72,4.5600000000000005,7.82
24032,29,8,9,2009,7.538333333333331,11.58,4.39,7.72
24033,29,9,9,2009,6.823333333333333,10.18,3.6,6.96
24034,29,10,9,2009,6.288333333333331,9.15,3.8,6.86
24035,29,11,9,2009,5.6025,7.9300000000000015,3.03,5.98
24036,29,12,9,2009,5.064166666666667,7.01,3.0,5.74
24037,29,13,9,2009,6.209166666666667,5.91,3.13,5.44
24038,29,14,9,2009,8.334166666666667,4.95,2.67,2.97
24039,29,15,9,2009,10.628333333333332,3.12,2.44,2.87
24040,29,16,9,2009,12.136666666666665,2.99,2.43,2.84
24041,29,17,9,2009,13.485833333333334,2.4,1.97,2.27
24042,29,18,9,2009,14.835833333333335,1.83,1.53,1.74
24043,29,19,9,2009,15.976666666666665,1.42,1.25,1.39
24044,29,20,9,2009,16.849166666666665,1.55,1.41,1.55
24045,29,21,9,2009,17.29416666666667,1.57,1.46,1.61
24046,29,22,9,2009,17.3525,1.96,1.71,1.93
24047,29,23,9,2009,16.514166666666664,2.51,1.74,2.73
24048,30,0,9,2009,14.595,4.22,1.82,3.8
24049,30,1,9,2009,13.4125,4.37,1.99,3.9
24050,30,2,9,2009,13.020833333333336,5.64,2.73,5.2700000000000005
24051,30,3,9,2009,12.695833333333333,6.45,3.23,5.9
24052,30,4,9,2009,12.249166666666667,7.0600000000000005,3.63,6.24
24053,30,5,9,2009,12.045,7.9300000000000015,3.87,6.67
24054,30,6,9,2009,11.536666666666667,8.9,4.17,7.38
24055,30,7,9,2009,10.726666666666667,9.67,4.25,7.6400000000000015
24056,30,8,9,2009,9.977500000000001,9.88,4.09,7.54
24057,30,9,9,2009,9.483333333333334,10.5,4.3100000000000005,7.7
24058,30,10,9,2009,9.088333333333333,10.9,4.33,7.73
24059,30,11,9,2009,8.418333333333335,11.4,4.2700000000000005,7.54
24060,30,12,9,2009,8.105833333333335,11.77,4.4,7.61
24061,30,13,9,2009,9.81,11.72,5.8100000000000005,8.040000000000001
24062,30,14,9,2009,11.613333333333332,9.6,5.63,6.8
24063,30,15,9,2009,14.196666666666667,9.13,6.72,8.23
24064,30,16,9,2009,16.48,10.23,7.49,9.2
24065,30,17,9,2009,18.218333333333334,11.08,8.040000000000001,9.93
24066,30,18,9,2009,19.548333333333332,11.78,8.51,10.52
24067,30,19,9,2009,20.358333333333334,12.31,8.88,10.99
24068,30,20,9,2009,20.81083333333333,13.5,9.62,12.0
24069,30,21,9,2009,21.055833333333332,13.62,9.61,12.04
24070,30,22,9,2009,20.8275,13.57,9.52,11.96
24071,30,23,9,2009,19.757500000000004,13.31,7.61,10.45
24072,1,0,10,2009,18.992500000000003,13.85,8.01,10.93
24073,1,1,10,2009,17.92833333333333,14.07,7.2,10.36
24074,1,2,10,2009,17.745833333333334,15.15,8.17,11.48
24075,1,3,10,2009,17.971666666666664,15.94,8.950000000000003,12.35
24076,1,4,10,2009,17.9275,16.56,9.62,13.08
24077,1,5,10,2009,17.97583333333333,16.85,10.3,13.73
24078,1,6,10,2009,17.60916666666667,16.9,10.33,13.72
24079,1,7,10,2009,17.584999999999997,16.84,10.4,13.74
24080,1,8,10,2009,17.2625,15.91,9.57,12.88
24081,1,9,10,2009,16.819166666666668,15.99,9.52,12.87
24082,1,10,10,2009,16.5375,16.1,9.8,13.13
24083,1,11,10,2009,16.503333333333334,15.96,9.64,12.93
24084,1,12,10,2009,16.611666666666665,14.81,9.1,12.1
24085,1,13,10,2009,17.025833333333335,14.6,9.45,12.31
24086,1,14,10,2009,17.55166666666667,13.93,9.45,12.06
24087,1,15,10,2009,18.031666666666666,12.6,8.24,10.5
24088,1,16,10,2009,19.58083333333333,10.75,7.62,9.45
24089,1,17,10,2009,18.8025,13.14,9.24,11.57
24090,1,18,10,2009,16.91916666666667,14.28,10.28,12.73
24091,1,19,10,2009,16.659166666666668,14.76,10.61,13.17
24092,1,20,10,2009,16.963333333333335,14.32,10.33,12.77
24093,1,21,10,2009,17.034166666666668,14.27,10.11,12.54
24094,1,22,10,2009,17.639166666666668,13.37,9.25,11.69
24095,1,23,10,2009,16.065,12.51,8.07,10.37
24096,2,0,10,2009,14.256666666666666,13.62,6.86,9.97
24097,2,1,10,2009,13.127499999999998,13.82,6.8900000000000015,9.96
24098,2,2,10,2009,12.066666666666668,15.35,8.14,11.46
24099,2,3,10,2009,11.005,15.81,7.09,10.68
24100,2,4,10,2009,10.790000000000001,16.990000000000002,9.19,12.69
24101,2,5,10,2009,10.240833333333335,15.25,8.3,11.54
24102,2,6,10,2009,9.956666666666667,15.22,8.540000000000001,11.8
24103,2,7,10,2009,9.865,15.75,8.49,11.82
24104,2,8,10,2009,9.464166666666667,15.9,8.63,11.98
24105,2,9,10,2009,9.420000000000002,17.19,9.8,13.39
24106,2,10,10,2009,9.395000000000001,16.65,9.14,12.75
24107,2,11,10,2009,9.237499999999999,18.47,10.51,14.13
24108,2,12,10,2009,8.839166666666667,16.27,9.54,12.88
24109,2,13,10,2009,9.208333333333334,18.22,11.67,15.11
24110,2,14,10,2009,10.873333333333335,19.35,13.16,16.66
24111,2,15,10,2009,11.716666666666669,19.04,13.14,16.57
24112,2,16,10,2009,12.601666666666667,18.34,12.73,16.04
24113,2,17,10,2009,13.410833333333331,18.46,12.81,16.12
24114,2,18,10,2009,14.111666666666666,17.79,12.32,15.52
24115,2,19,10,2009,14.652500000000003,17.740000000000006,12.26,15.46
24116,2,20,10,2009,14.799166666666666,17.7,12.17,15.4
24117,2,21,10,2009,14.283333333333333,16.96,11.66,14.78
24118,2,22,10,2009,12.846666666666664,16.53,11.33,14.39
24119,2,23,10,2009,11.77083333333333,15.59,10.49,13.43
24120,3,0,10,2009,11.584166666666667,13.73,8.92,11.54
24121,3,1,10,2009,11.354166666666666,12.98,8.2,10.73
24122,3,2,10,2009,10.374166666666667,13.12,6.42,9.42
24123,3,3,10,2009,9.514166666666666,13.04,6.26,9.2
24124,3,4,10,2009,9.093333333333334,14.45,7.5,10.66
24125,3,5,10,2009,8.420000000000002,13.8,7.07,10.14
24126,3,6,10,2009,7.891666666666668,13.1,6.3,9.13
24127,3,7,10,2009,7.103333333333334,12.0,5.2700000000000005,8.15
24128,3,8,10,2009,6.603333333333333,12.46,5.7,8.52
24129,3,9,10,2009,6.816666666666667,11.85,6.2,9.14
24130,3,10,10,2009,6.1275,12.4,6.7,9.43
24131,3,11,10,2009,5.1208333333333345,13.06,5.39,8.63
24132,3,12,10,2009,4.685833333333334,12.2,5.2700000000000005,8.4
24133,3,13,10,2009,4.949166666666667,11.92,6.57,9.04
24134,3,14,10,2009,5.5950000000000015,8.36,5.88,7.32
24135,3,15,10,2009,6.1383333333333345,6.19,4.54,5.54
24136,3,16,10,2009,7.6691666666666665,6.37,4.73,5.74
24137,3,17,10,2009,9.310833333333333,5.48,4.14,4.97
24138,3,18,10,2009,10.939999999999998,6.46,4.8,5.8
24139,3,19,10,2009,12.075000000000001,6.19,4.59,5.54
24140,3,20,10,2009,12.831666666666665,5.75,4.2700000000000005,5.15
24141,3,21,10,2009,13.287500000000001,5.26,3.88,4.68
24142,3,22,10,2009,13.409166666666666,4.98,3.66,4.43
24143,3,23,10,2009,12.499166666666667,4.09,2.93,3.58
24144,4,0,10,2009,10.574166666666668,4.07,1.59,3.3200000000000003
24145,4,1,10,2009,9.636666666666665,2.61,0.5,1.46
24146,4,2,10,2009,8.905833333333334,1.66,0.41,0.77
24147,4,3,10,2009,8.219166666666668,1.91,0.25,0.85
24148,4,4,10,2009,7.681666666666665,2.05,0.12,0.71
24149,4,5,10,2009,7.139166666666665,2.37,0.32,1.24
24150,4,6,10,2009,6.3808333333333325,2.73,0.78,1.93
24151,4,7,10,2009,5.57,3.34,1.15,2.48
24152,4,8,10,2009,5.091666666666668,3.61,1.32,2.72
24153,4,9,10,2009,4.649166666666666,4.11,1.33,2.8000000000000003
24154,4,10,10,2009,4.076666666666666,4.39,1.3,2.78
24155,4,11,10,2009,4.045000000000001,4.54,1.28,2.76
24156,4,12,10,2009,3.9516666666666675,4.71,1.39,2.95
24157,4,13,10,2009,4.289166666666667,4.74,1.77,2.98
24158,4,14,10,2009,6.108333333333333,4.3100000000000005,2.01,2.22
24159,4,15,10,2009,8.307500000000001,3.06,2.48,2.87
24160,4,16,10,2009,10.631666666666666,3.27,2.67,3.09
24161,4,17,10,2009,12.238333333333335,3.5700000000000003,2.92,3.37
24162,4,18,10,2009,13.319166666666668,3.51,2.88,3.3200000000000003
24163,4,19,10,2009,14.24916666666667,4.2,3.38,3.94
24164,4,20,10,2009,14.946666666666665,4.34,3.49,4.07
24165,4,21,10,2009,15.334999999999999,4.24,3.39,3.96
24166,4,22,10,2009,15.387499999999998,4.37,3.34,3.96
24167,4,23,10,2009,14.43,5.3100000000000005,3.29,4.96
24168,5,0,10,2009,12.384166666666665,6.16,2.78,5.41
24169,5,1,10,2009,11.039166666666667,6.94,2.07,4.98
24170,5,2,10,2009,10.195,7.73,2.02,5.08
24171,5,3,10,2009,9.173333333333334,8.77,1.83,5.42
24172,5,4,10,2009,8.44,9.18,2.06,6.1000000000000005
24173,5,5,10,2009,8.204166666666667,9.54,2.59,6.67
24174,5,6,10,2009,7.449166666666668,9.97,2.47,6.54
24175,5,7,10,2009,6.875833333333333,10.77,2.58,6.72
24176,5,8,10,2009,6.504166666666667,11.35,3.25,6.99
24177,5,9,10,2009,5.895833333333335,11.47,3.13,6.92
24178,5,10,10,2009,5.4191666666666665,12.09,3.64,7.12
24179,5,11,10,2009,5.423333333333333,12.18,3.96,7.31
24180,5,12,10,2009,5.3116666666666665,11.44,4.03,7.09
24181,5,13,10,2009,6.576666666666667,11.35,5.94,8.22
24182,5,14,10,2009,8.705,10.35,6.51,7.95
24183,5,15,10,2009,10.519166666666669,8.76,6.48,7.9
24184,5,16,10,2009,11.970833333333333,8.47,6.26,7.63
24185,5,17,10,2009,12.8825,8.94,6.4,7.8900000000000015
24186,5,18,10,2009,15.205833333333333,10.22,7.47,9.15
24187,5,19,10,2009,16.604166666666668,11.15,8.02,9.86
24188,5,20,10,2009,17.328333333333337,11.73,8.3,10.33
24189,5,21,10,2009,16.839166666666667,11.5,8.25,10.11
24190,5,22,10,2009,16.01666666666667,9.49,6.0600000000000005,7.75
24191,5,23,10,2009,15.753333333333332,9.94,5.05,7.4
24192,6,0,10,2009,15.435833333333333,8.75,4.38,6.3100000000000005
24193,6,1,10,2009,15.194166666666666,9.02,5.08,6.94
24194,6,2,10,2009,15.033333333333333,9.74,5.78,7.72
24195,6,3,10,2009,14.979999999999999,10.44,6.57,8.620000000000001
24196,6,4,10,2009,15.1275,12.68,7.82,10.36
24197,6,5,10,2009,15.008333333333335,13.02,8.23,10.75
24198,6,6,10,2009,14.374166666666667,4.75,2.82,3.7
24199,6,7,10,2009,14.265833333333333,3.42,2.13,2.69
24200,6,8,10,2009,14.2675,4.42,2.54,3.45
24201,6,9,10,2009,14.225833333333329,7.59,4.54,6.04
24202,6,10,10,2009,12.86,12.82,8.66,11.0
24203,6,11,10,2009,11.275833333333333,11.69,7.67,9.84
24204,6,12,10,2009,10.97,11.11,7.1000000000000005,9.2
24205,6,13,10,2009,10.87,10.68,6.53,8.540000000000001
24206,6,14,10,2009,11.480833333333331,12.14,8.5,10.58
24207,6,15,10,2009,11.922499999999998,11.45,8.11,10.04
24208,6,16,10,2009,12.594166666666666,11.75,8.4,10.4
24209,6,17,10,2009,13.436666666666667,12.49,8.92,10.98
24210,6,18,10,2009,13.658333333333333,12.7,9.09,11.15
24211,6,19,10,2009,13.613333333333332,12.35,8.790000000000001,10.77
24212,6,20,10,2009,13.435833333333335,12.92,9.23,11.33
24213,6,21,10,2009,13.54,11.95,8.4,10.42
24214,6,22,10,2009,13.293333333333335,11.84,8.16,10.25
24215,6,23,10,2009,12.285833333333331,11.3,7.68,9.76
24216,7,0,10,2009,10.286666666666667,9.4,3.81,6.5
24217,7,1,10,2009,9.448333333333334,8.78,3.39,6.34
24218,7,2,10,2009,8.660833333333334,8.89,3.41,6.13
24219,7,3,10,2009,8.136666666666668,9.19,3.5500000000000003,6.5600000000000005
24220,7,4,10,2009,7.515833333333334,8.56,3.33,6.3100000000000005
24221,7,5,10,2009,6.982500000000001,6.57,3.2,5.45
24222,7,6,10,2009,6.2475,5.61,2.92,5.28
24223,7,7,10,2009,6.060833333333335,4.46,2.87,4.36
24224,7,8,10,2009,5.564166666666666,4.79,4.04,5.5
24225,7,9,10,2009,5.139166666666667,5.84,4.0200000000000005,5.94
24226,7,10,10,2009,4.913333333333333,7.48,4.17,7.0
24227,7,11,10,2009,5.125,10.13,5.0,8.1
24228,7,12,10,2009,4.775833333333334,11.99,5.25,8.39
24229,7,13,10,2009,6.381666666666667,12.08,6.0,8.700000000000001
24230,7,14,10,2009,9.069166666666668,10.1,6.2700000000000005,7.9300000000000015
24231,7,15,10,2009,10.908333333333333,9.39,6.45,7.75
24232,7,16,10,2009,13.611666666666665,8.75,6.33,7.73
24233,7,17,10,2009,15.889166666666668,10.47,7.56,9.28
24234,7,18,10,2009,17.122500000000002,11.05,8.08,9.78
24235,7,19,10,2009,18.405,11.48,8.22,10.08
24236,7,20,10,2009,19.083333333333332,11.14,7.99,9.82
24237,7,21,10,2009,19.258333333333333,10.83,7.6400000000000015,9.48
24238,7,22,10,2009,18.9175,10.71,7.43,9.31
24239,7,23,10,2009,17.229166666666668,10.06,5.12,7.23
24240,8,0,10,2009,15.221666666666666,11.41,4.46,7.38
24241,8,1,10,2009,15.375833333333333,11.43,6.0200000000000005,8.43
24242,8,2,10,2009,15.829166666666666,11.98,6.45,8.91
24243,8,3,10,2009,14.981666666666667,12.54,6.05,8.81
24244,8,4,10,2009,13.500833333333333,12.24,5.54,8.33
24245,8,5,10,2009,13.351666666666667,10.71,5.16,7.63
24246,8,6,10,2009,13.889166666666666,10.74,6.09,8.24
24247,8,7,10,2009,12.373333333333333,10.34,6.5600000000000005,8.56
24248,8,8,10,2009,11.722499999999998,6.8,3.64,5.03
24249,8,9,10,2009,11.271666666666667,2.59,1.58,1.82
24250,8,10,10,2009,10.906666666666666,2.24,1.71,1.9
24251,8,11,10,2009,10.458333333333334,1.52,1.81,1.92
24252,8,12,10,2009,10.044166666666667,3.99,3.24,3.79
24253,8,13,10,2009,9.896666666666668,2.46,2.08,2.39
24254,8,14,10,2009,9.815833333333334,8.36,5.18,6.63
24255,8,15,10,2009,9.670833333333333,9.74,6.18,7.9
24256,8,16,10,2009,9.370833333333332,9.49,5.87,7.57
24257,8,17,10,2009,8.829166666666667,7.58,5.1000000000000005,6.34
24258,8,18,10,2009,8.540833333333332,11.63,8.32,10.34
24259,8,19,10,2009,7.516666666666668,12.41,8.790000000000001,10.9
24260,8,20,10,2009,7.005,10.93,7.78,9.67
24261,8,21,10,2009,7.028333333333332,9.06,6.25,7.8
24262,8,22,10,2009,6.699166666666667,10.32,6.74,8.53
24263,8,23,10,2009,6.777500000000001,9.64,6.0600000000000005,8.14
24264,9,0,10,2009,6.7558333333333325,9.19,5.94,7.67
24265,9,1,10,2009,6.940833333333334,8.68,5.3500000000000005,7.0200000000000005
24266,9,2,10,2009,6.973333333333333,7.6,4.53,6.0600000000000005
24267,9,3,10,2009,6.956666666666666,7.69,4.57,6.13
24268,9,4,10,2009,7.063333333333333,7.95,4.55,6.23
24269,9,5,10,2009,7.138333333333333,8.69,4.94,6.7700000000000005
24270,9,6,10,2009,7.105,8.82,5.0600000000000005,6.92
24271,9,7,10,2009,6.455000000000001,8.78,4.86,6.68
24272,9,8,10,2009,5.835833333333333,10.55,5.6000000000000005,7.9
24273,9,9,10,2009,5.271666666666667,10.42,5.8100000000000005,7.99
24274,9,10,10,2009,4.845,9.61,5.99,7.77
24275,9,11,10,2009,4.366666666666666,8.9,5.62,7.32
24276,9,12,10,2009,3.8375,7.71,4.75,6.24
24277,9,13,10,2009,3.938333333333333,7.33,3.84,5.43
24278,9,14,10,2009,5.310833333333334,6.61,4.68,5.78
24279,9,15,10,2009,6.371666666666667,6.53,4.8,5.83
24280,9,16,10,2009,7.269999999999999,6.1400000000000015,4.57,5.53
24281,9,17,10,2009,8.148333333333333,5.89,4.43,5.33
24282,9,18,10,2009,8.936666666666667,5.37,4.08,4.88
24283,9,19,10,2009,9.651666666666667,5.24,3.97,4.75
24284,9,20,10,2009,10.205833333333333,5.19,3.92,4.71
24285,9,21,10,2009,10.513333333333332,5.14,3.9,4.69
24286,9,22,10,2009,10.505833333333332,4.97,3.76,4.53
24287,9,23,10,2009,9.57,4.11,2.94,3.63
24288,10,0,10,2009,7.848333333333334,4.3100000000000005,1.16,2.73
24289,10,1,10,2009,7.138333333333333,3.72,0.65,2.27
24290,10,2,10,2009,6.694166666666667,2.51,0.3,1.17
24291,10,3,10,2009,6.189166666666666,2.29,0.16,0.95
24292,10,4,10,2009,5.728333333333334,2.05,0.35000000000000003,1.08
24293,10,5,10,2009,5.1475,2.53,1.05,1.94
24294,10,6,10,2009,4.271666666666667,3.29,2.1,3.39
24295,10,7,10,2009,3.6358333333333337,4.62,2.58,4.5200000000000005
24296,10,8,10,2009,2.9341666666666666,5.37,2.99,5.17
24297,10,9,10,2009,2.466666666666667,9.44,3.93,6.54
24298,10,10,10,2009,2.2875,12.99,5.2,8.19
24299,10,11,10,2009,1.2325000000000002,11.93,6.3900000000000015,8.98
24300,10,12,10,2009,-0.010833333333333339,11.71,6.79,9.16
24301,10,13,10,2009,-0.49499999999999994,11.24,7.72,9.56
24302,10,14,10,2009,-1.0108333333333333,12.39,8.92,11.03
24303,10,15,10,2009,-0.9091666666666667,11.33,8.26,10.15
24304,10,16,10,2009,-0.22833333333333336,11.11,8.15,9.98
24305,10,17,10,2009,0.795,8.36,6.29,7.58
24306,10,18,10,2009,2.0608333333333335,7.88,5.98,7.18
24307,10,19,10,2009,3.139166666666666,5.98,4.6000000000000005,5.46
24308,10,20,10,2009,3.734166666666667,5.0600000000000005,3.88,4.62
24309,10,21,10,2009,4.101666666666667,4.54,3.59,4.23
24310,10,22,10,2009,4.400833333333333,4.64,3.52,4.22
24311,10,23,10,2009,3.8900000000000006,5.72,3.35,4.65
24312,11,0,10,2009,2.8366666666666664,6.13,3.12,5.17
24313,11,1,10,2009,2.2275,6.71,3.31,5.54
24314,11,2,10,2009,1.663333333333333,6.79,2.48,5.46
24315,11,3,10,2009,0.8641666666666667,6.8,2.26,5.44
24316,11,4,10,2009,0.3541666666666667,6.23,2.16,5.12
24317,11,5,10,2009,0.07666666666666667,5.54,2.09,4.6000000000000005
24318,11,6,10,2009,-0.07666666666666666,5.51,1.68,4.13
24319,11,7,10,2009,-0.2725,5.8,1.99,3.86
24320,11,8,10,2009,-0.1925,5.78,2.21,3.86
24321,11,9,10,2009,-0.3925,5.7,1.95,3.35
24322,11,10,10,2009,-0.3275,5.62,2.2,3.4
24323,11,11,10,2009,-0.22166666666666668,5.51,2.13,3.54
24324,11,12,10,2009,0.07833333333333334,5.17,2.67,3.62
24325,11,13,10,2009,0.1925,5.22,3.26,3.94
24326,11,14,10,2009,0.7891666666666666,4.69,3.59,4.29
24327,11,15,10,2009,1.3516666666666666,5.3100000000000005,4.11,4.9
24328,11,16,10,2009,2.09,5.5,4.22,5.0200000000000005
24329,11,17,10,2009,3.060833333333333,5.62,4.33,5.14
24330,11,18,10,2009,3.8641666666666663,5.94,4.6000000000000005,5.46
24331,11,19,10,2009,4.670833333333334,6.32,4.97,5.88
24332,11,20,10,2009,5.2,6.3,4.96,5.87
24333,11,21,10,2009,5.503333333333334,6.04,4.5,5.48
24334,11,22,10,2009,5.131666666666667,5.87,4.5600000000000005,5.44
24335,11,23,10,2009,5.4191666666666665,6.63,4.5600000000000005,5.73
24336,12,0,10,2009,5.224999999999999,5.38,3.24,4.3500000000000005
24337,12,1,10,2009,5.5424999999999995,8.2,5.3,6.9
24338,12,2,10,2009,4.939166666666666,8.07,5.48,6.99
24339,12,3,10,2009,4.930833333333333,5.87,3.24,4.38
24340,12,4,10,2009,4.490000000000001,6.66,2.8000000000000003,4.58
24341,12,5,10,2009,4.1775,6.73,2.88,4.74
24342,12,6,10,2009,4.458333333333333,6.19,3.68,4.7
24343,12,7,10,2009,4.543333333333333,5.78,3.59,4.65
24344,12,8,10,2009,4.661666666666666,5.48,3.28,4.41
24345,12,9,10,2009,4.691666666666666,4.86,2.98,3.87
24346,12,10,10,2009,4.701666666666667,4.84,2.9,3.7
24347,12,11,10,2009,4.795833333333333,4.32,2.65,3.3200000000000003
24348,12,12,10,2009,4.825,3.16,2.14,2.51
24349,12,13,10,2009,4.880833333333334,2.79,1.84,2.19
24350,12,14,10,2009,5.045833333333333,1.7,1.51,1.7
24351,12,15,10,2009,5.230833333333334,1.86,1.66,1.88
24352,12,16,10,2009,5.418333333333333,1.29,1.28,1.39
24353,12,17,10,2009,5.488333333333333,1.68,1.55,1.73
24354,12,18,10,2009,5.623333333333334,2.83,2.36,2.74
24355,12,19,10,2009,5.675,3.31,2.74,3.2
24356,12,20,10,2009,5.649166666666667,3.48,2.87,3.35
24357,12,21,10,2009,5.647500000000001,3.9,3.12,3.69
24358,12,22,10,2009,5.340833333333333,4.49,3.52,4.22
24359,12,23,10,2009,4.851666666666667,4.89,3.78,4.55
24360,13,0,10,2009,4.611666666666666,4.92,3.8,4.57
24361,13,1,10,2009,4.449166666666668,4.8,3.69,4.42
24362,13,2,10,2009,4.2941666666666665,4.88,3.69,4.45
24363,13,3,10,2009,4.155833333333333,4.97,3.66,4.43
24364,13,4,10,2009,4.197500000000001,4.82,3.51,4.3
24365,13,5,10,2009,4.2475,4.97,3.53,4.37
24366,13,6,10,2009,4.27,5.1000000000000005,3.53,4.39
24367,13,7,10,2009,4.3425,5.6000000000000005,3.75,4.71
24368,13,8,10,2009,4.160833333333334,5.59,3.75,4.73
24369,13,9,10,2009,3.9458333333333333,6.0600000000000005,4.3,5.36
24370,13,10,10,2009,3.643333333333333,6.34,4.55,5.61
24371,13,11,10,2009,3.329166666666666,6.95,4.91,6.09
24372,13,12,10,2009,3.18,7.8,5.59,6.92
24373,13,13,10,2009,2.6149999999999998,7.95,5.69,7.05
24374,13,14,10,2009,2.1008333333333336,7.73,5.73,6.97
24375,13,15,10,2009,2.105,7.73,5.75,7.0
24376,13,16,10,2009,2.4324999999999997,7.83,5.86,7.13
24377,13,17,10,2009,2.7691666666666666,8.34,6.2700000000000005,7.6
24378,13,18,10,2009,3.5375,8.290000000000001,6.13,7.49
24379,13,19,10,2009,4.340833333333333,7.03,5.04,6.23
24380,13,20,10,2009,4.3275,4.88,3.21,4.07
24381,13,21,10,2009,3.743333333333334,6.51,3.51,4.9
24382,13,22,10,2009,3.7816666666666663,6.97,3.81,5.34
24383,13,23,10,2009,4.043333333333334,7.99,4.5600000000000005,6.5200000000000005
24384,14,0,10,2009,4.213333333333334,7.27,3.92,5.13
24385,14,1,10,2009,4.32,7.56,4.68,6.12
24386,14,2,10,2009,4.3183333333333325,7.62,4.7,6.1400000000000015
24387,14,3,10,2009,4.2700000000000005,7.33,4.5,5.84
24388,14,4,10,2009,4.163333333333333,6.84,4.43,5.62
24389,14,5,10,2009,4.013333333333334,6.87,4.46,5.63
24390,14,6,10,2009,3.765,7.07,4.8,6.0
24391,14,7,10,2009,3.5774999999999992,7.17,4.82,6.0200000000000005
24392,14,8,10,2009,3.4699999999999993,6.51,4.46,5.54
24393,14,9,10,2009,3.4000000000000004,5.94,4.11,5.1000000000000005
24394,14,10,10,2009,3.3550000000000004,5.75,4.05,4.99
24395,14,11,10,2009,3.2933333333333334,5.65,4.1,5.01
24396,14,12,10,2009,3.2266666666666666,5.69,4.09,5.01
24397,14,13,10,2009,3.2133333333333334,5.17,3.68,4.51
24398,14,14,10,2009,3.248333333333333,4.23,3.26,3.89
24399,14,15,10,2009,3.3649999999999998,4.3,3.37,4.0
24400,14,16,10,2009,3.58,4.28,3.35,3.99
24401,14,17,10,2009,3.8624999999999994,4.7,3.7,4.4
24402,14,18,10,2009,4.159166666666667,4.66,3.66,4.3500000000000005
24403,14,19,10,2009,4.4383333333333335,4.17,3.29,3.91
24404,14,20,10,2009,4.625,4.28,3.38,4.0200000000000005
24405,14,21,10,2009,4.7091666666666665,3.97,3.13,3.73
24406,14,22,10,2009,4.704166666666668,4.26,3.18,3.85
24407,14,23,10,2009,4.743333333333334,3.97,2.69,3.3000000000000003
24408,15,0,10,2009,4.798333333333334,3.59,2.16,2.62
24409,15,1,10,2009,4.853333333333333,3.17,2.01,2.45
24410,15,2,10,2009,4.89,3.3200000000000003,1.94,2.4
24411,15,3,10,2009,4.945833333333335,3.21,1.74,2.17
24412,15,4,10,2009,5.0375000000000005,2.85,1.27,1.56
24413,15,5,10,2009,5.150833333333333,2.54,1.09,1.35
24414,15,6,10,2009,5.2558333333333325,1.09,0.24,0.26
24415,15,7,10,2009,5.345,1.52,1.09,1.24
24416,15,8,10,2009,5.383333333333334,1.87,1.22,1.4
24417,15,9,10,2009,5.338333333333334,2.4,1.47,1.74
24418,15,10,10,2009,5.314166666666668,2.7,1.61,1.93
24419,15,11,10,2009,5.319166666666667,3.87,2.5500000000000003,3.16
24420,15,12,10,2009,5.2925,3.78,2.44,3.02
24421,15,13,10,2009,5.3475,4.0600000000000005,2.64,3.21
24422,15,14,10,2009,5.460833333333333,4.11,3.21,3.8
24423,15,15,10,2009,5.8325,4.14,3.25,3.84
24424,15,16,10,2009,6.4225,4.0,3.09,3.68
24425,15,17,10,2009,7.384999999999998,5.08,3.7,4.5200000000000005
24426,15,18,10,2009,8.109166666666669,5.23,3.9,4.73
24427,15,19,10,2009,8.831666666666669,5.48,4.07,4.93
24428,15,20,10,2009,9.315,7.3,5.25,6.5200000000000005
24429,15,21,10,2009,9.130833333333333,8.36,6.17,7.59
24430,15,22,10,2009,8.210833333333332,8.06,5.93,7.27
24431,15,23,10,2009,7.986666666666667,8.69,4.88,6.5
24432,16,0,10,2009,7.695833333333333,9.54,6.03,7.83
24433,16,1,10,2009,7.390000000000001,9.26,5.78,7.65
24434,16,2,10,2009,6.6866666666666665,11.16,7.47,9.58
24435,16,3,10,2009,5.729166666666667,10.96,7.07,9.3
24436,16,4,10,2009,5.1691666666666665,8.94,5.98,7.65
24437,16,5,10,2009,4.988333333333333,9.54,6.73,8.5
24438,16,6,10,2009,4.5775,8.700000000000001,6.18,7.74
24439,16,7,10,2009,3.9433333333333334,9.89,6.92,8.72
24440,16,8,10,2009,3.6758333333333333,8.11,5.5600000000000005,7.03
24441,16,9,10,2009,3.4025,7.84,5.51,6.86
24442,16,10,10,2009,3.295833333333333,7.73,5.4,6.76
24443,16,11,10,2009,3.106666666666667,7.85,5.49,6.87
24444,16,12,10,2009,3.5875,7.61,5.33,6.71
24445,16,13,10,2009,3.2908333333333335,7.79,5.47,6.87
24446,16,14,10,2009,2.475,7.22,5.34,6.5600000000000005
24447,16,15,10,2009,2.4616666666666664,6.43,4.95,6.0
24448,16,16,10,2009,2.6875,5.83,4.51,5.43
24449,16,17,10,2009,3.1750000000000003,5.33,4.08,4.92
24450,16,18,10,2009,3.9308333333333327,4.21,3.27,3.9
24451,16,19,10,2009,4.855833333333334,4.0600000000000005,3.18,3.77
24452,16,20,10,2009,5.944166666666668,4.17,3.24,3.85
24453,16,21,10,2009,6.493333333333333,4.33,3.26,3.93
24454,16,22,10,2009,6.5616666666666665,4.55,3.47,4.17
24455,16,23,10,2009,5.721666666666667,4.26,2.94,3.7
24456,17,0,10,2009,4.436666666666667,3.72,1.83,3.37
24457,17,1,10,2009,3.9883333333333333,4.68,0.84,2.87
24458,17,2,10,2009,3.6799999999999997,4.4,1.17,2.83
24459,17,3,10,2009,3.355833333333333,4.2700000000000005,1.25,2.7
24460,17,4,10,2009,3.0199999999999996,4.59,1.62,3.14
24461,17,5,10,2009,2.476666666666667,6.26,2.02,4.44
24462,17,6,10,2009,2.4366666666666665,9.12,3.6,6.3100000000000005
24463,17,7,10,2009,1.9399999999999997,9.66,3.9,6.82
24464,17,8,10,2009,1.841666666666667,9.46,3.92,6.8
24465,17,9,10,2009,0.9899999999999999,9.02,4.09,6.53
24466,17,10,10,2009,0.8791666666666665,8.01,4.68,6.51
24467,17,11,10,2009,0.6966666666666667,7.72,4.55,6.1400000000000015
24468,17,12,10,2009,0.48750000000000004,7.03,4.22,5.37
24469,17,13,10,2009,0.7483333333333334,7.24,4.75,6.2
24470,17,14,10,2009,1.2508333333333332,6.91,4.42,5.51
24471,17,15,10,2009,1.5983333333333334,4.8,3.39,4.2
24472,17,16,10,2009,1.7366666666666666,3.73,2.92,3.51
24473,17,17,10,2009,2.2925000000000004,3.51,2.69,3.24
24474,17,18,10,2009,2.6208333333333336,2.82,2.25,2.67
24475,17,19,10,2009,3.029166666666667,2.8000000000000003,2.31,2.7
24476,17,20,10,2009,3.535,2.48,2.03,2.34
24477,17,21,10,2009,4.099166666666666,2.2,1.92,2.19
24478,17,22,10,2009,4.9125000000000005,2.16,1.74,2.04
24479,17,23,10,2009,4.321666666666666,1.81,1.41,1.68
24480,18,0,10,2009,3.1975,3.5,1.9,3.3000000000000003
24481,18,1,10,2009,2.828333333333333,4.3500000000000005,2.33,3.99
24482,18,2,10,2009,2.6533333333333338,6.01,3.35,5.44
24483,18,3,10,2009,2.720833333333333,7.88,3.89,6.63
24484,18,4,10,2009,2.86,9.02,4.28,7.36
24485,18,5,10,2009,2.8574999999999995,9.81,4.58,7.86
24486,18,6,10,2009,2.7116666666666664,10.75,4.7700000000000005,8.03
24487,18,7,10,2009,2.5525,11.83,5.21,8.47
24488,18,8,10,2009,2.5716666666666663,12.93,5.65,8.98
24489,18,9,10,2009,2.7258333333333336,13.89,6.43,9.76
24490,18,10,10,2009,2.6741666666666664,14.1,6.72,10.0
24491,18,11,10,2009,2.7533333333333334,14.7,7.25,10.57
24492,18,12,10,2009,2.8675,14.62,7.41,10.61
24493,18,13,10,2009,3.283333333333333,14.51,8.4,11.06
24494,18,14,10,2009,5.0725,13.45,8.4,11.04
24495,18,15,10,2009,6.905833333333334,10.46,7.61,9.36
24496,18,16,10,2009,8.7475,10.24,7.61,9.31
24497,18,17,10,2009,10.6725,10.99,8.07,9.92
24498,18,18,10,2009,12.254166666666668,11.8,8.6,10.63
24499,18,19,10,2009,13.495,12.27,8.88,11.0
24500,18,20,10,2009,14.40333333333333,12.38,8.91,11.04
24501,18,21,10,2009,14.878333333333336,12.26,8.75,10.9
24502,18,22,10,2009,14.665000000000001,12.18,8.46,10.66
24503,18,23,10,2009,13.193333333333333,13.62,6.87,9.99
24504,19,0,10,2009,12.083333333333334,16.330000000000002,9.28,12.74
24505,19,1,10,2009,11.635,17.1,9.86,13.43
24506,19,2,10,2009,11.185833333333335,17.35,10.07,13.68
24507,19,3,10,2009,10.821666666666665,17.45,10.31,13.89
24508,19,4,10,2009,10.473333333333334,16.77,9.73,13.21
24509,19,5,10,2009,10.135,15.93,9.06,12.39
24510,19,6,10,2009,9.9575,15.89,9.08,12.37
24511,19,7,10,2009,9.808333333333332,15.63,8.75,12.0
24512,19,8,10,2009,9.801666666666666,16.830000000000002,9.78,13.19
24513,19,9,10,2009,9.884166666666667,17.05,9.84,13.3
24514,19,10,10,2009,9.630833333333333,16.12,9.1,12.43
24515,19,11,10,2009,9.471666666666668,15.6,8.66,11.92
24516,19,12,10,2009,9.275833333333335,15.46,8.49,11.72
24517,19,13,10,2009,9.469166666666668,15.2,8.27,11.47
24518,19,14,10,2009,11.089999999999998,12.92,7.82,10.36
24519,19,15,10,2009,12.871666666666668,9.07,6.41,7.9300000000000015
24520,19,16,10,2009,14.596666666666666,7.2,5.33,6.5
24521,19,17,10,2009,16.325000000000003,6.3,4.69,5.7
24522,19,18,10,2009,17.768333333333334,5.73,4.28,5.17
24523,19,19,10,2009,18.802500000000002,5.8100000000000005,4.36,5.2700000000000005
24524,19,20,10,2009,19.565,6.15,4.57,5.5600000000000005
24525,19,21,10,2009,19.770833333333332,6.23,4.5600000000000005,5.62
24526,19,22,10,2009,19.401666666666667,6.21,4.53,5.59
24527,19,23,10,2009,17.81083333333333,9.42,3.48,6.61
24528,20,0,10,2009,16.548333333333336,10.83,4.7,7.6400000000000015
24529,20,1,10,2009,16.2,11.8,5.29,8.23
24530,20,2,10,2009,15.79166666666667,12.13,5.55,8.49
24531,20,3,10,2009,15.173333333333334,11.21,4.55,7.3
24532,20,4,10,2009,14.868333333333332,12.96,6.22,9.14
24533,20,5,10,2009,14.21,13.07,6.44,9.39
24534,20,6,10,2009,13.649166666666666,13.06,6.54,9.45
24535,20,7,10,2009,13.415833333333333,13.14,6.63,9.55
24536,20,8,10,2009,13.105833333333335,12.96,6.74,9.59
24537,20,9,10,2009,12.805,13.05,6.96,9.76
24538,20,10,10,2009,12.402500000000002,13.06,7.01,9.81
24539,20,11,10,2009,12.027500000000003,12.51,6.38,9.11
24540,20,12,10,2009,11.705833333333333,12.43,6.07,8.8
24541,20,13,10,2009,11.714166666666666,12.2,5.76,8.48
24542,20,14,10,2009,13.255833333333335,10.33,5.5600000000000005,7.54
24543,20,15,10,2009,15.104166666666666,7.94,5.39,6.5200000000000005
24544,20,16,10,2009,16.69333333333333,7.57,5.67,6.8900000000000015
24545,20,17,10,2009,18.2825,7.5,5.58,6.8
24546,20,18,10,2009,19.467500000000005,8.0,5.86,7.17
24547,20,19,10,2009,20.830833333333334,8.3,6.0,7.3900000000000015
24548,20,20,10,2009,22.010833333333334,8.15,5.89,7.25
24549,20,21,10,2009,22.664999999999996,8.78,6.22,7.75
24550,20,22,10,2009,22.224166666666665,9.07,6.18,7.79
24551,20,23,10,2009,20.654999999999998,10.82,5.15,7.78
24552,21,0,10,2009,19.281666666666666,11.11,5.88,8.39
24553,21,1,10,2009,18.368333333333332,10.66,6.72,8.81
24554,21,2,10,2009,17.853333333333335,6.11,1.18,3.17
24555,21,3,10,2009,17.0,8.38,1.84,4.38
24556,21,4,10,2009,17.260833333333334,13.82,8.06,10.98
24557,21,5,10,2009,18.099166666666665,14.3,8.91,11.7
24558,21,6,10,2009,17.18,14.48,9.41,12.12
24559,21,7,10,2009,16.631666666666668,14.73,8.85,11.86
24560,21,8,10,2009,16.047500000000003,14.72,8.92,11.91
24561,21,9,10,2009,15.789166666666667,14.47,8.67,11.63
24562,21,10,10,2009,15.88,13.94,8.47,11.35
24563,21,11,10,2009,15.6325,12.99,7.84,10.47
24564,21,12,10,2009,15.585,12.78,7.78,10.39
24565,21,13,10,2009,15.599166666666664,12.3,7.3900000000000015,9.94
24566,21,14,10,2009,16.065,11.75,7.43,9.74
24567,21,15,10,2009,16.769166666666667,10.61,7.35,9.09
24568,21,16,10,2009,17.204166666666662,9.75,6.88,8.39
24569,21,17,10,2009,17.8875,9.35,6.95,8.5
24570,21,18,10,2009,17.422500000000003,9.53,6.76,8.4
24571,21,19,10,2009,17.656666666666666,7.97,5.88,7.17
24572,21,20,10,2009,18.03916666666667,7.92,5.84,7.15
24573,21,21,10,2009,18.834166666666665,7.22,4.83,5.97
24574,21,22,10,2009,17.709999999999997,8.23,5.03,6.74
24575,21,23,10,2009,14.712499999999999,6.97,4.42,5.41
24576,22,0,10,2009,11.8375,6.2,4.72,5.68
24577,22,1,10,2009,10.738333333333332,7.0200000000000005,5.41,6.53
24578,22,2,10,2009,9.670833333333334,7.49,5.69,6.8900000000000015
24579,22,3,10,2009,9.483333333333334,8.0,5.62,6.94
24580,22,4,10,2009,9.333333333333334,8.97,6.26,7.75
24581,22,5,10,2009,8.899166666666668,9.76,6.2700000000000005,7.8900000000000015
24582,22,6,10,2009,8.40916666666667,9.86,6.3100000000000005,7.97
24583,22,7,10,2009,8.126666666666667,9.25,6.01,7.55
24584,22,8,10,2009,7.973333333333333,9.48,5.92,7.49
24585,22,9,10,2009,7.7525,9.69,6.05,7.75
24586,22,10,10,2009,7.563333333333333,10.22,6.3500000000000005,8.17
24587,22,11,10,2009,7.534166666666667,10.36,6.37,8.21
24588,22,12,10,2009,7.558333333333333,9.49,5.98,7.82
24589,22,13,10,2009,7.421666666666667,10.3,6.46,8.47
24590,22,14,10,2009,7.2425,10.46,6.54,8.53
24591,22,15,10,2009,7.024166666666666,10.09,6.38,8.2
24592,22,16,10,2009,6.854166666666667,10.0,6.38,8.1
24593,22,17,10,2009,6.641666666666666,9.72,6.4,8.08
24594,22,18,10,2009,6.322500000000002,9.7,6.51,8.22
24595,22,19,10,2009,6.0325,10.43,7.0,8.81
24596,22,20,10,2009,5.746666666666667,10.9,7.26,9.22
24597,22,21,10,2009,5.300000000000002,11.73,7.37,9.48
24598,22,22,10,2009,4.85,11.87,7.43,9.57
24599,22,23,10,2009,4.484166666666667,11.87,7.13,9.29
24600,23,0,10,2009,4.255833333333333,12.75,7.63,9.89
24601,23,1,10,2009,4.239166666666667,12.3,7.11,9.29
24602,23,2,10,2009,4.3116666666666665,12.18,6.88,9.09
24603,23,3,10,2009,4.543333333333333,11.93,6.6400000000000015,8.870000000000003
24604,23,4,10,2009,4.6433333333333335,11.16,7.03,9.33
24605,23,5,10,2009,4.474166666666667,11.69,6.93,9.21
24606,23,6,10,2009,4.496666666666667,11.89,7.2,9.96
24607,23,7,10,2009,4.442500000000001,11.81,7.48,9.9
24608,23,8,10,2009,3.5083333333333333,11.82,7.84,10.1
24609,23,9,10,2009,2.225833333333333,12.04,7.88,10.03
24610,23,10,10,2009,2.1875,12.29,7.41,9.55
24611,23,11,10,2009,2.24,12.15,7.22,9.7
24612,23,12,10,2009,2.188333333333333,11.48,6.97,9.36
24613,23,13,10,2009,1.9741666666666668,13.29,8.15,10.86
24614,23,14,10,2009,2.0849999999999995,13.26,8.120000000000001,10.83
24615,23,15,10,2009,3.1408333333333336,12.49,8.88,11.11
24616,23,16,10,2009,3.9391666666666665,12.79,9.11,11.4
24617,23,17,10,2009,4.506666666666667,12.76,9.09,11.37
24618,23,18,10,2009,5.185833333333334,12.55,8.91,11.16
24619,23,19,10,2009,5.935,12.16,8.55,10.76
24620,23,20,10,2009,6.575833333333333,12.32,8.61,10.87
24621,23,21,10,2009,7.549166666666667,11.97,8.33,10.51
24622,23,22,10,2009,8.266666666666667,10.98,7.56,9.6
24623,23,23,10,2009,7.123333333333334,11.76,4.97,8.27
24624,24,0,10,2009,5.894166666666668,12.35,5.54,8.85
24625,24,1,10,2009,5.06,12.43,5.58,8.86
24626,24,2,10,2009,4.219166666666667,12.39,5.48,8.67
24627,24,3,10,2009,4.010833333333333,12.31,5.55,8.700000000000001
24628,24,4,10,2009,2.92,11.42,5.13,8.14
24629,24,5,10,2009,1.995833333333333,11.09,4.22,7.3900000000000015
24630,24,6,10,2009,2.106666666666667,10.07,4.58,7.49
24631,24,7,10,2009,2.2658333333333336,9.46,4.64,7.38
24632,24,8,10,2009,2.401666666666667,8.63,4.43,7.07
24633,24,9,10,2009,2.250833333333333,6.88,4.0600000000000005,6.53
24634,24,10,10,2009,1.6991666666666667,6.87,4.39,6.44
24635,24,11,10,2009,1.1883333333333335,7.1000000000000005,4.42,6.41
24636,24,12,10,2009,1.7233333333333334,6.98,4.36,5.84
24637,24,13,10,2009,2.1025,6.33,4.0600000000000005,5.45
24638,24,14,10,2009,2.064166666666667,5.8,3.68,4.39
24639,24,15,10,2009,2.513333333333333,5.62,3.35,3.95
24640,24,16,10,2009,3.481666666666667,4.4,2.62,2.94
24641,24,17,10,2009,6.094166666666667,4.43,3.18,3.75
24642,24,18,10,2009,9.58,4.41,3.51,4.13
24643,24,19,10,2009,11.911666666666667,7.07,5.16,6.33
24644,24,20,10,2009,13.766666666666666,8.21,5.8500000000000005,7.28
24645,24,21,10,2009,14.597499999999998,8.81,5.68,7.1000000000000005
24646,24,22,10,2009,14.668333333333331,9.45,4.94,7.08
24647,24,23,10,2009,13.931666666666667,11.74,5.2,8.17
24648,25,0,10,2009,13.112499999999999,11.69,4.99,7.99
24649,25,1,10,2009,12.380833333333333,12.57,5.4,8.89
24650,25,2,10,2009,12.128333333333332,12.94,5.5,9.0
24651,25,3,10,2009,11.259166666666665,12.6,5.29,8.75
24652,25,4,10,2009,10.774166666666666,11.49,5.05,8.15
24653,25,5,10,2009,10.492499999999998,11.06,4.99,8.06
24654,25,6,10,2009,10.013333333333334,9.99,4.97,7.99
24655,25,7,10,2009,9.309166666666664,8.51,4.87,7.66
24656,25,8,10,2009,8.481666666666667,7.58,4.46,6.99
24657,25,9,10,2009,7.854166666666665,6.08,4.17,6.17
24658,25,10,10,2009,7.369166666666665,4.84,2.88,4.5
24659,25,11,10,2009,7.570833333333333,2.51,1.84,2.66
24660,25,12,10,2009,7.5625,2.42,1.83,2.5500000000000003
24661,25,13,10,2009,7.865833333333335,3.53,2.46,3.81
24662,25,14,10,2009,8.041666666666666,5.24,3.76,4.3
24663,25,15,10,2009,6.141666666666666,5.48,3.95,4.48
24664,25,16,10,2009,6.564166666666666,4.73,3.53,4.08
24665,25,17,10,2009,8.815833333333334,4.86,3.89,4.58
24666,25,18,10,2009,11.099166666666669,6.7,5.22,6.25
24667,25,19,10,2009,11.895833333333334,7.82,5.98,7.22
24668,25,20,10,2009,11.799999999999999,8.07,6.1000000000000005,7.44
24669,25,21,10,2009,10.647499999999999,8.700000000000001,6.45,7.8900000000000015
24670,25,22,10,2009,9.771666666666667,8.45,6.13,7.62
24671,25,23,10,2009,9.201666666666666,8.53,5.84,7.3900000000000015
24672,26,0,10,2009,9.004999999999999,8.31,5.12,6.76
24673,26,1,10,2009,8.823333333333332,9.39,5.42,7.4
24674,26,2,10,2009,8.743333333333334,11.46,7.38,9.62
24675,26,3,10,2009,7.706666666666667,11.29,7.33,9.54
24676,26,4,10,2009,7.046666666666666,10.47,6.68,8.73
24677,26,5,10,2009,6.756666666666667,10.25,6.57,8.58
24678,26,6,10,2009,6.399166666666667,9.7,6.21,8.11
24679,26,7,10,2009,6.2375,9.39,5.95,7.79
24680,26,8,10,2009,5.760000000000001,9.2,5.32,7.26
24681,26,9,10,2009,5.075000000000001,9.54,5.3100000000000005,7.23
24682,26,10,10,2009,4.003333333333333,10.49,4.95,7.53
24683,26,11,10,2009,3.313333333333334,10.88,5.3500000000000005,7.9
24684,26,12,10,2009,2.866666666666667,10.74,4.96,7.54
24685,26,13,10,2009,2.7308333333333334,10.32,5.58,7.5
24686,26,14,10,2009,3.5925,9.11,5.48,7.28
24687,26,15,10,2009,5.123333333333334,5.8500000000000005,4.34,5.2
24688,26,16,10,2009,6.675000000000001,5.87,4.46,5.37
24689,26,17,10,2009,7.375,6.41,4.9,5.89
24690,26,18,10,2009,7.56,5.97,4.66,5.55
24691,26,19,10,2009,8.316666666666665,5.24,4.04,4.82
24692,26,20,10,2009,8.911666666666667,4.47,3.46,4.12
24693,26,21,10,2009,9.219166666666666,4.3100000000000005,3.36,3.99
24694,26,22,10,2009,9.132500000000002,3.28,2.51,3.01
24695,26,23,10,2009,8.082500000000001,2.35,1.09,1.95
24696,27,0,10,2009,7.164166666666667,1.8,1.06,1.68
24697,27,1,10,2009,6.745000000000001,2.89,1.84,2.91
24698,27,2,10,2009,6.2925,3.67,2.53,3.81
24699,27,3,10,2009,5.995000000000001,4.46,2.96,4.58
24700,27,4,10,2009,5.843333333333334,5.44,3.4,5.41
24701,27,5,10,2009,5.605833333333333,6.71,3.8,6.18
24702,27,6,10,2009,5.131666666666667,7.0,3.86,6.44
24703,27,7,10,2009,4.859999999999999,6.67,3.73,6.49
24704,27,8,10,2009,4.671666666666668,5.61,3.52,5.97
24705,27,9,10,2009,4.1000000000000005,4.95,3.39,5.17
24706,27,10,10,2009,3.225,6.78,4.22,7.05
24707,27,11,10,2009,2.7408333333333332,8.91,4.5600000000000005,7.6
24708,27,12,10,2009,2.8658333333333332,9.12,4.5,7.65
24709,27,13,10,2009,3.126666666666667,9.2,4.71,7.67
24710,27,14,10,2009,4.54,9.16,4.7700000000000005,7.0200000000000005
24711,27,15,10,2009,6.572499999999999,8.48,4.29,5.63
24712,27,16,10,2009,8.345833333333331,6.61,4.86,5.96
24713,27,17,10,2009,9.730833333333335,6.65,4.92,6.0200000000000005
24714,27,18,10,2009,10.726666666666665,6.45,4.83,5.87
24715,27,19,10,2009,11.575833333333334,6.0200000000000005,4.54,5.49
24716,27,20,10,2009,12.090833333333334,6.66,4.9,6.0200000000000005
24717,27,21,10,2009,12.010833333333332,7.38,5.3500000000000005,6.63
24718,27,22,10,2009,11.475,7.38,5.33,6.62
24719,27,23,10,2009,9.944166666666666,9.31,3.65,6.75
24720,28,0,10,2009,9.0125,11.09,4.4,7.6
24721,28,1,10,2009,8.625833333333334,11.12,5.73,8.11
24722,28,2,10,2009,8.154166666666665,11.27,5.97,8.36
24723,28,3,10,2009,7.400000000000002,11.06,5.21,7.75
24724,28,4,10,2009,6.801666666666666,11.01,5.87,7.94
24725,28,5,10,2009,7.4425,10.05,5.71,7.72
24726,28,6,10,2009,8.266666666666667,9.18,5.75,7.51
24727,28,7,10,2009,7.281666666666666,9.94,5.69,7.3900000000000015
24728,28,8,10,2009,7.3691666666666675,9.83,5.38,7.34
24729,28,9,10,2009,7.631666666666665,9.35,5.15,7.36
24730,28,10,10,2009,7.489999999999999,10.28,5.97,8.31
24731,28,11,10,2009,7.552499999999999,10.2,6.09,8.09
24732,28,12,10,2009,7.874166666666667,11.05,6.69,9.01
24733,28,13,10,2009,7.943333333333334,11.74,7.26,9.52
24734,28,14,10,2009,7.988333333333333,11.59,7.3900000000000015,9.57
24735,28,15,10,2009,8.661666666666667,11.1,7.65,9.56
24736,28,16,10,2009,9.8025,10.54,7.73,9.47
24737,28,17,10,2009,11.554166666666667,11.41,8.36,10.24
24738,28,18,10,2009,12.676666666666664,11.63,8.47,10.39
24739,28,19,10,2009,13.618333333333332,11.55,8.33,10.29
24740,28,20,10,2009,14.385833333333332,11.76,8.370000000000001,10.37
24741,28,21,10,2009,14.988333333333335,11.75,8.32,10.33
24742,28,22,10,2009,14.710833333333333,11.81,8.23,10.39
24743,28,23,10,2009,13.420833333333334,11.54,5.87,8.24
24744,29,0,10,2009,12.484166666666667,12.04,5.4,8.290000000000001
24745,29,1,10,2009,12.165833333333333,12.0,5.67,8.43
24746,29,2,10,2009,11.696666666666667,12.31,5.75,8.620000000000001
24747,29,3,10,2009,12.065,12.32,7.07,9.52
24748,29,4,10,2009,12.278333333333334,9.55,5.49,7.38
24749,29,5,10,2009,12.295833333333333,9.28,4.84,6.84
24750,29,6,10,2009,11.736666666666665,8.35,3.7,5.63
24751,29,7,10,2009,10.7525,10.34,6.13,8.22
24752,29,8,10,2009,11.1075,12.01,7.82,10.09
24753,29,9,10,2009,10.936666666666667,11.19,7.21,9.36
24754,29,10,10,2009,10.898333333333333,10.23,6.58,8.56
24755,29,11,10,2009,10.87,9.77,6.0200000000000005,7.9300000000000015
24756,29,12,10,2009,11.359166666666667,11.62,7.42,9.68
24757,29,13,10,2009,11.708333333333336,12.83,8.11,10.54
24758,29,14,10,2009,11.719166666666666,13.7,8.91,11.42
24759,29,15,10,2009,12.195833333333335,15.68,10.6,13.59
24760,29,16,10,2009,11.2275,12.12,7.88,9.92
24761,29,17,10,2009,11.544166666666664,9.34,6.19,7.66
24762,29,18,10,2009,13.441666666666668,9.25,6.67,7.99
24763,29,19,10,2009,14.567499999999997,8.23,6.0200000000000005,7.29
24764,29,20,10,2009,14.87833333333333,7.67,4.72,6.03
24765,29,21,10,2009,14.865833333333333,8.23,5.0,6.65
24766,29,22,10,2009,14.655833333333328,6.87,3.6,5.07
24767,29,23,10,2009,14.788333333333332,7.11,2.76,4.61
24768,30,0,10,2009,14.793333333333335,6.6000000000000005,3.5,4.97
24769,30,1,10,2009,14.296666666666665,6.74,3.85,5.32
24770,30,2,10,2009,13.779166666666669,8.78,5.69,7.37
24771,30,3,10,2009,12.3075,8.41,5.01,6.86
24772,30,4,10,2009,10.483333333333333,8.78,5.0,6.84
24773,30,5,10,2009,9.530000000000001,11.02,5.45,7.97
24774,30,6,10,2009,9.456666666666667,12.35,6.51,9.27
24775,30,7,10,2009,9.240833333333335,12.34,6.59,9.34
24776,30,8,10,2009,8.781666666666668,13.1,6.7,9.64
24777,30,9,10,2009,8.004166666666668,14.56,8.35,11.44
24778,30,10,10,2009,6.425833333333334,14.72,8.72,11.78
24779,30,11,10,2009,5.259999999999999,14.86,8.86,11.96
24780,30,12,10,2009,4.409166666666667,13.97,8.78,11.58
24781,30,13,10,2009,3.920833333333334,13.82,9.01,11.58
24782,30,14,10,2009,3.330833333333333,14.03,9.92,12.43
24783,30,15,10,2009,3.375833333333334,13.56,9.64,12.11
24784,30,16,10,2009,4.279166666666667,13.1,9.28,11.66
24785,30,17,10,2009,4.7441666666666675,13.09,9.14,11.48
24786,30,18,10,2009,4.9350000000000005,12.71,8.98,11.19
24787,30,19,10,2009,5.345,12.34,8.56,10.76
24788,30,20,10,2009,5.736666666666667,12.55,8.68,10.96
24789,30,21,10,2009,6.4433333333333325,11.77,8.13,10.26
24790,30,22,10,2009,6.337500000000001,12.32,8.53,10.82
24791,30,23,10,2009,5.300000000000001,10.23,5.91,7.83
24792,31,0,10,2009,4.7283333333333335,12.64,5.86,8.86
24793,31,1,10,2009,4.264166666666667,12.63,5.93,8.93
24794,31,2,10,2009,3.876666666666667,12.46,5.34,8.41
24795,31,3,10,2009,3.9658333333333338,14.33,6.73,10.04
24796,31,4,10,2009,4.060833333333334,13.65,6.45,9.74
24797,31,5,10,2009,3.4849999999999994,12.68,5.76,8.870000000000003
24798,31,6,10,2009,3.0683333333333334,12.34,5.49,8.51
24799,31,7,10,2009,2.9516666666666667,13.01,5.08,8.27
24800,31,8,10,2009,2.8866666666666667,12.37,4.47,7.52
24801,31,9,10,2009,3.3666666666666667,12.52,4.8500000000000005,7.99
24802,31,10,10,2009,2.5316666666666663,11.19,3.56,6.5600000000000005
24803,31,11,10,2009,2.2333333333333334,10.99,4.3500000000000005,7.22
24804,31,12,10,2009,2.2824999999999998,10.62,4.69,7.71
24805,31,13,10,2009,2.1433333333333335,10.62,4.4,7.41
24806,31,14,10,2009,3.5250000000000004,8.72,4.2700000000000005,6.18
24807,31,15,10,2009,5.449166666666668,7.03,3.93,4.8100000000000005
24808,31,16,10,2009,7.243333333333333,5.0,3.66,4.46
24809,31,17,10,2009,8.623333333333333,5.0600000000000005,3.72,4.53
24810,31,18,10,2009,9.550833333333335,5.17,3.9,4.7
24811,31,19,10,2009,10.431666666666665,5.03,3.79,4.57
24812,31,20,10,2009,11.168333333333335,5.36,3.99,4.84
24813,31,21,10,2009,11.725000000000001,5.15,3.82,4.65
24814,31,22,10,2009,11.779166666666667,4.83,3.19,3.91
24815,31,23,10,2009,10.593333333333334,5.04,2.01,3.92
24816,1,0,11,2009,9.709999999999999,7.19,3.6,6.32
24817,1,1,11,2009,9.749166666666666,8.84,4.13,7.31
24818,1,2,11,2009,9.625833333333333,9.78,4.38,7.47
24819,1,3,11,2009,9.746666666666668,10.01,4.96,8.040000000000001
24820,1,4,11,2009,9.186666666666666,11.55,5.58,8.67
24821,1,5,11,2009,9.160833333333334,11.84,5.7,8.85
24822,1,6,11,2009,9.449999999999998,11.8,6.04,9.16
24823,1,7,11,2009,9.119166666666667,12.59,6.46,9.58
24824,1,8,11,2009,9.574166666666668,13.59,7.23,10.43
24825,1,9,11,2009,9.626666666666667,13.71,7.26,10.43
24826,1,10,11,2009,9.265833333333335,13.72,7.12,10.35
24827,1,11,11,2009,8.805000000000001,13.03,6.8900000000000015,9.97
24828,1,12,11,2009,8.775833333333335,12.96,6.92,10.06
24829,1,13,11,2009,8.2775,12.75,6.83,9.77
24830,1,14,11,2009,9.380833333333333,12.12,7.15,9.44
24831,1,15,11,2009,11.659166666666666,10.9,6.54,8.620000000000001
24832,1,16,11,2009,13.85,8.74,5.45,6.53
24833,1,17,11,2009,15.880833333333335,6.05,4.63,5.55
24834,1,18,11,2009,17.325,6.05,4.6000000000000005,5.5200000000000005
24835,1,19,11,2009,18.065,6.03,4.53,5.48
24836,1,20,11,2009,18.780833333333334,6.2700000000000005,4.64,5.67
24837,1,21,11,2009,18.87916666666667,6.38,4.69,5.7700000000000005
24838,1,22,11,2009,18.058333333333334,7.09,3.94,5.51
24839,1,23,11,2009,16.315,7.74,3.46,6.13
24840,2,0,11,2009,15.4325,9.14,3.83,7.37
24841,2,1,11,2009,14.38583333333333,9.77,4.46,7.6400000000000015
24842,2,2,11,2009,12.571666666666665,11.56,4.62,7.79
24843,2,3,11,2009,11.410000000000002,12.96,5.67,8.8
24844,2,4,11,2009,10.835833333333333,13.75,5.96,9.25
24845,2,5,11,2009,10.405833333333332,13.75,6.07,9.35
24846,2,6,11,2009,9.624999999999998,12.3,5.37,8.4
24847,2,7,11,2009,8.995833333333332,12.02,5.23,8.19
24848,2,8,11,2009,8.526666666666667,11.83,4.87,7.86
24849,2,9,11,2009,7.818333333333334,11.23,4.25,7.25
24850,2,10,11,2009,7.279166666666668,11.1,4.8,7.62
24851,2,11,11,2009,6.7683333333333335,11.0,4.95,7.69
24852,2,12,11,2009,6.198333333333334,10.97,5.28,7.94
24853,2,13,11,2009,5.7825,11.35,6.21,8.52
24854,2,14,11,2009,6.001666666666668,11.22,6.63,8.83
24855,2,15,11,2009,7.040833333333335,8.2,6.05,7.34
24856,2,16,11,2009,8.465000000000002,7.76,5.86,7.08
24857,2,17,11,2009,9.830833333333334,8.57,6.4,7.77
24858,2,18,11,2009,10.658333333333333,9.04,6.75,8.22
24859,2,19,11,2009,11.07,8.1,6.09,7.3900000000000015
24860,2,20,11,2009,11.1,7.62,5.69,6.91
24861,2,21,11,2009,11.441666666666668,7.71,5.49,6.86
24862,2,22,11,2009,11.151666666666666,8.35,5.67,7.1000000000000005
24863,2,23,11,2009,10.058333333333334,10.08,5.11,7.6400000000000015
24864,3,0,11,2009,8.671666666666665,10.16,4.3100000000000005,7.59
24865,3,1,11,2009,8.115833333333333,10.58,4.17,9.01
24866,3,2,11,2009,7.276666666666667,9.11,4.04,7.72
24867,3,3,11,2009,6.7375,8.43,3.45,7.18
24868,3,4,11,2009,6.170833333333333,6.0600000000000005,2.48,5.39
24869,3,5,11,2009,5.369166666666666,5.29,2.04,4.32
24870,3,6,11,2009,5.035833333333334,4.92,1.47,3.16
24871,3,7,11,2009,4.404166666666667,4.84,1.4,3.03
24872,3,8,11,2009,3.641666666666666,4.76,1.15,2.72
24873,3,9,11,2009,3.4608333333333334,4.18,1.07,2.51
24874,3,10,11,2009,2.9825,4.26,0.99,2.43
24875,3,11,11,2009,2.6483333333333334,4.73,1.6,3.11
24876,3,12,11,2009,2.3208333333333333,6.01,2.77,4.94
24877,3,13,11,2009,2.4233333333333333,7.22,3.3200000000000003,5.65
24878,3,14,11,2009,4.11,8.2,4.0200000000000005,5.58
24879,3,15,11,2009,5.923333333333335,7.97,4.2700000000000005,5.22
24880,3,16,11,2009,7.853333333333332,6.4,4.78,5.7700000000000005
24881,3,17,11,2009,9.405000000000001,7.97,5.82,7.13
24882,3,18,11,2009,10.492499999999998,8.85,6.43,7.91
24883,3,19,11,2009,11.270000000000003,9.13,6.57,8.11
24884,3,20,11,2009,11.706666666666669,9.05,6.5200000000000005,8.040000000000001
24885,3,21,11,2009,11.938333333333333,9.44,6.71,8.36
24886,3,22,11,2009,11.467500000000001,9.0,6.01,7.57
24887,3,23,11,2009,9.773333333333333,10.63,4.2700000000000005,7.54
24888,4,0,11,2009,9.114166666666666,12.09,4.86,8.19
24889,4,1,11,2009,9.014166666666666,12.49,5.47,8.790000000000001
24890,4,2,11,2009,8.800833333333333,13.41,5.58,9.02
24891,4,3,11,2009,8.343333333333332,13.53,5.97,9.31
24892,4,4,11,2009,8.043333333333335,13.77,6.41,9.92
24893,4,5,11,2009,8.205833333333333,14.14,6.8900000000000015,10.38
24894,4,6,11,2009,7.400833333333335,14.21,6.16,9.46
24895,4,7,11,2009,6.679166666666667,14.24,5.78,9.26
24896,4,8,11,2009,5.543333333333334,14.26,5.16,8.700000000000001
24897,4,9,11,2009,6.405000000000001,14.6,7.23,10.68
24898,4,10,11,2009,6.195,14.56,7.24,10.69
24899,4,11,11,2009,5.2091666666666665,14.62,6.19,9.68
24900,4,12,11,2009,4.564166666666666,14.62,6.17,9.74
24901,4,13,11,2009,4.378333333333333,14.7,7.34,10.51
24902,4,14,11,2009,5.098333333333334,14.09,8.35,11.04
24903,4,15,11,2009,6.14,11.98,7.28,9.33
24904,4,16,11,2009,7.285,9.34,6.67,8.25
24905,4,17,11,2009,8.354166666666668,8.22,6.1400000000000015,7.45
24906,4,18,11,2009,9.476666666666668,8.08,6.0600000000000005,7.34
24907,4,19,11,2009,10.450833333333334,7.31,5.44,6.61
24908,4,20,11,2009,11.074166666666668,6.87,5.15,6.25
24909,4,21,11,2009,11.333333333333334,5.65,4.17,5.09
24910,4,22,11,2009,10.8725,4.79,3.5,4.3
24911,4,23,11,2009,9.409166666666666,4.76,2.45,4.4
24912,5,0,11,2009,8.490833333333333,4.54,2.2,4.15
24913,5,1,11,2009,7.8808333333333325,3.86,1.67,2.99
24914,5,2,11,2009,7.495000000000001,3.47,1.41,2.69
24915,5,3,11,2009,7.063333333333333,2.88,1.12,2.18
24916,5,4,11,2009,6.085000000000001,1.12,1.66,1.31
24917,5,5,11,2009,6.465,1.45,1.69,1.67
24918,5,6,11,2009,6.345833333333334,1.7,1.73,1.91
24919,5,7,11,2009,6.220833333333332,3.5,2.5500000000000003,3.86
24920,5,8,11,2009,5.681666666666666,4.82,3.34,5.36
24921,5,9,11,2009,5.342500000000001,6.5600000000000005,4.21,6.6400000000000015
24922,5,10,11,2009,5.0616666666666665,8.84,4.58,7.72
24923,5,11,11,2009,4.423333333333334,10.48,5.14,8.33
24924,5,12,11,2009,3.9350000000000005,11.71,5.36,8.56
24925,5,13,11,2009,3.9808333333333334,12.58,6.07,8.98
24926,5,14,11,2009,5.456666666666667,12.52,6.65,9.01
24927,5,15,11,2009,7.109999999999999,11.11,6.01,8.38
24928,5,16,11,2009,9.218333333333335,9.12,5.89,7.11
24929,5,17,11,2009,11.228333333333333,8.4,6.3100000000000005,7.67
24930,5,18,11,2009,12.843333333333334,8.69,6.49,7.9
24931,5,19,11,2009,14.118333333333334,9.0,6.65,8.14
24932,5,20,11,2009,15.056666666666665,9.42,6.82,8.45
24933,5,21,11,2009,15.349166666666667,9.49,6.78,8.44
24934,5,22,11,2009,14.666666666666664,11.05,6.15,8.01
24935,5,23,11,2009,12.973333333333334,12.83,5.33,8.71
24936,6,0,11,2009,12.216666666666667,13.79,6.22,9.59
24937,6,1,11,2009,11.732500000000002,14.94,7.13,10.58
24938,6,2,11,2009,11.768333333333333,15.22,7.59,11.02
24939,6,3,11,2009,11.524166666666666,15.08,7.55,10.94
24940,6,4,11,2009,10.9825,14.8,7.63,10.92
24941,6,5,11,2009,11.165833333333333,15.16,7.91,11.23
24942,6,6,11,2009,11.199166666666665,15.04,7.75,11.04
24943,6,7,11,2009,11.49666666666667,15.5,7.73,11.19
24944,6,8,11,2009,11.473333333333334,16.1,8.44,11.94
24945,6,9,11,2009,11.185833333333333,15.96,8.25,11.73
24946,6,10,11,2009,10.935833333333335,15.87,8.370000000000001,11.8
24947,6,11,11,2009,10.769999999999998,15.96,8.35,11.8
24948,6,12,11,2009,10.634166666666667,15.87,8.28,11.74
24949,6,13,11,2009,10.462499999999999,15.99,8.870000000000003,12.2
24950,6,14,11,2009,11.36,15.81,9.34,12.27
24951,6,15,11,2009,13.063333333333334,13.23,7.6400000000000015,10.86
24952,6,16,11,2009,14.655833333333334,9.81,6.99,8.66
24953,6,17,11,2009,16.294166666666666,9.22,6.67,8.23
24954,6,18,11,2009,17.529166666666665,9.23,6.68,8.24
24955,6,19,11,2009,18.561666666666667,9.58,6.88,8.53
24956,6,20,11,2009,19.455833333333334,9.64,6.8500000000000005,8.5
24957,6,21,11,2009,19.727500000000003,9.65,6.8,8.52
24958,6,22,11,2009,18.756666666666668,10.21,5.73,7.65
24959,6,23,11,2009,16.900000000000002,12.95,5.07,8.71
24960,7,0,11,2009,16.791666666666668,13.98,6.09,9.73
24961,7,1,11,2009,16.55666666666667,14.44,6.67,10.25
24962,7,2,11,2009,16.52,16.44,9.31,12.89
24963,7,3,11,2009,16.3875,17.05,9.4,13.03
24964,7,4,11,2009,15.783333333333333,17.47,9.74,13.44
24965,7,5,11,2009,15.198333333333336,16.990000000000002,9.44,13.04
24966,7,6,11,2009,14.375833333333333,15.76,8.6,12.0
24967,7,7,11,2009,13.854999999999999,14.52,7.97,11.17
24968,7,8,11,2009,13.1975,13.88,7.6,10.74
24969,7,9,11,2009,11.845833333333333,11.19,5.59,8.370000000000001
24970,7,10,11,2009,11.300833333333332,9.29,5.41,7.85
24971,7,11,11,2009,10.859166666666665,7.43,4.54,6.58
24972,7,12,11,2009,10.652499999999998,6.3100000000000005,4.3,6.19
24973,7,13,11,2009,11.153333333333334,6.42,4.15,6.21
24974,7,14,11,2009,12.241666666666665,5.76,3.77,5.57
24975,7,15,11,2009,13.6325,5.91,3.67,4.51
24976,7,16,11,2009,14.545000000000002,4.75,3.66,4.22
24977,7,17,11,2009,15.987499999999997,5.29,4.25,5.01
24978,7,18,11,2009,17.037499999999998,5.22,4.19,4.93
24979,7,19,11,2009,18.05416666666667,4.93,3.93,4.64
24980,7,20,11,2009,18.554166666666664,4.91,3.92,4.63
24981,7,21,11,2009,18.64333333333333,4.49,3.53,4.2
24982,7,22,11,2009,18.033333333333335,5.12,3.15,3.97
24983,7,23,11,2009,16.21916666666667,5.29,2.12,4.58
24984,8,0,11,2009,14.988333333333335,5.83,1.8,4.22
24985,8,1,11,2009,14.1925,5.79,1.41,3.89
24986,8,2,11,2009,13.533333333333333,5.5200000000000005,1.69,3.66
24987,8,3,11,2009,13.061666666666666,6.29,2.05,4.53
24988,8,4,11,2009,12.190833333333332,7.84,2.73,5.95
24989,8,5,11,2009,11.740833333333333,10.21,3.36,6.86
24990,8,6,11,2009,12.136666666666668,12.2,5.03,8.11
24991,8,7,11,2009,12.950833333333335,13.16,6.1400000000000015,9.3
24992,8,8,11,2009,12.830833333333333,14.49,7.05,10.34
24993,8,9,11,2009,12.913333333333332,15.53,7.95,11.33
24994,8,10,11,2009,12.844999999999997,15.43,7.86,11.23
24995,8,11,11,2009,12.41666666666667,14.49,7.4,10.57
24996,8,12,11,2009,12.385,14.61,7.84,10.97
24997,8,13,11,2009,12.449166666666668,15.07,8.45,11.54
24998,8,14,11,2009,13.235833333333332,14.93,9.27,12.07
24999,8,15,11,2009,15.022499999999999,13.68,8.64,11.12
25000,8,16,11,2009,16.42,11.72,8.44,10.39
25001,8,17,11,2009,18.168333333333333,10.66,7.76,9.56
25002,8,18,11,2009,19.368333333333336,10.65,7.72,9.52
25003,8,19,11,2009,20.274166666666666,11.26,7.91,9.88
25004,8,20,11,2009,21.058333333333334,11.5,7.98,10.05
25005,8,21,11,2009,21.083333333333332,11.52,8.01,10.08
25006,8,22,11,2009,20.013333333333332,10.36,6.43,8.56
25007,8,23,11,2009,18.4875,11.2,5.34,8.02
25008,9,0,11,2009,17.68583333333333,11.74,5.92,8.64
25009,9,1,11,2009,17.409166666666668,11.81,5.54,8.18
25010,9,2,11,2009,16.913333333333334,11.57,5.51,8.11
25011,9,3,11,2009,16.454166666666666,11.35,5.3,7.96
25012,9,4,11,2009,16.330000000000002,10.5,4.95,7.45
25013,9,5,11,2009,15.9825,8.25,4.12,6.37
25014,9,6,11,2009,14.359166666666665,8.74,4.36,6.7
25015,9,7,11,2009,13.131666666666668,9.57,4.08,6.5
25016,9,8,11,2009,12.039166666666667,9.32,3.81,6.45
25017,9,9,11,2009,11.370833333333335,9.53,4.05,6.69
25018,9,10,11,2009,10.838333333333333,9.11,3.65,6.1000000000000005
25019,9,11,11,2009,10.2975,8.93,3.91,6.34
25020,9,12,11,2009,9.954166666666667,9.51,4.38,6.8100000000000005
25021,9,13,11,2009,9.456666666666665,9.78,4.86,7.09
25022,9,14,11,2009,9.5125,9.58,5.11,7.04
25023,9,15,11,2009,10.558333333333335,7.28,4.79,5.73
25024,9,16,11,2009,11.821666666666665,6.18,4.78,5.72
25025,9,17,11,2009,13.100833333333334,5.79,4.47,5.36
25026,9,18,11,2009,14.295833333333334,6.24,4.76,5.74
25027,9,19,11,2009,15.07166666666667,6.18,4.7,5.67
25028,9,20,11,2009,15.1825,6.03,4.32,5.39
25029,9,21,11,2009,15.189166666666667,6.8100000000000005,3.77,5.33
25030,9,22,11,2009,15.140833333333335,7.85,4.5600000000000005,6.33
25031,9,23,11,2009,13.979166666666666,8.24,3.78,6.72
25032,10,0,11,2009,13.665,8.040000000000001,3.83,5.83
25033,10,1,11,2009,13.110833333333334,7.92,4.22,6.04
25034,10,2,11,2009,11.951666666666666,9.63,4.15,6.61
25035,10,3,11,2009,11.06,10.0,3.56,6.19
25036,10,4,11,2009,10.370833333333335,9.59,3.09,5.76
25037,10,5,11,2009,9.8725,9.99,3.04,5.96
25038,10,6,11,2009,9.625,8.35,2.7,4.84
25039,10,7,11,2009,8.975,7.98,3.42,5.63
25040,10,8,11,2009,8.108333333333333,7.71,3.78,6.18
25041,10,9,11,2009,7.654999999999998,8.18,3.82,6.4
25042,10,10,11,2009,7.149166666666666,8.92,3.81,6.42
25043,10,11,11,2009,6.770833333333335,9.34,3.62,6.38
25044,10,12,11,2009,6.345833333333332,9.75,3.44,5.91
25045,10,13,11,2009,5.896666666666667,9.75,3.37,5.84
25046,10,14,11,2009,6.580000000000001,9.09,3.84,5.82
25047,10,15,11,2009,8.104999999999999,6.37,3.87,4.58
25048,10,16,11,2009,9.046666666666667,4.86,3.83,4.5200000000000005
25049,10,17,11,2009,9.665833333333333,3.77,2.95,3.49
25050,10,18,11,2009,11.805000000000001,5.28,4.0600000000000005,4.86
25051,10,19,11,2009,13.410000000000002,5.13,3.91,4.68
25052,10,20,11,2009,14.230833333333331,5.97,4.5,5.45
25053,10,21,11,2009,14.42666666666667,6.5,4.79,5.9
25054,10,22,11,2009,13.713333333333333,7.43,4.3500000000000005,5.8100000000000005
25055,10,23,11,2009,11.980000000000002,8.72,3.39,6.94
25056,11,0,11,2009,10.444999999999999,9.25,3.28,6.8100000000000005
25057,11,1,11,2009,9.503333333333336,10.58,2.24,6.43
25058,11,2,11,2009,8.716666666666667,9.76,2.21,6.25
25059,11,3,11,2009,7.835,8.57,1.74,5.4
25060,11,4,11,2009,7.644166666666667,9.63,1.79,5.32
25061,11,5,11,2009,7.105833333333333,10.96,1.79,5.78
25062,11,6,11,2009,6.4383333333333335,10.57,1.81,5.76
25063,11,7,11,2009,5.9558333333333335,9.92,1.95,5.74
25064,11,8,11,2009,5.651666666666667,9.8,2.04,5.84
25065,11,9,11,2009,5.161666666666667,9.28,1.67,5.22
25066,11,10,11,2009,4.78,8.45,1.94,5.19
25067,11,11,11,2009,4.37,7.51,1.98,5.1000000000000005
25068,11,12,11,2009,3.868333333333334,7.71,2.01,5.24
25069,11,13,11,2009,3.5666666666666664,8.84,2.33,6.09
25070,11,14,11,2009,5.224166666666666,8.82,3.92,6.17
25071,11,15,11,2009,6.9975,6.19,3.3000000000000003,3.99
25072,11,16,11,2009,8.810833333333335,4.0600000000000005,3.15,3.74
25073,11,17,11,2009,10.219166666666668,4.14,3.22,3.82
25074,11,18,11,2009,11.395833333333334,4.13,3.21,3.81
25075,11,19,11,2009,12.256666666666668,4.05,3.14,3.73
25076,11,20,11,2009,12.793333333333331,4.17,3.2,3.84
25077,11,21,11,2009,12.903333333333334,4.5600000000000005,3.43,4.16
25078,11,22,11,2009,12.323333333333332,5.33,3.39,4.49
25079,11,23,11,2009,10.84666666666667,6.66,3.15,5.6000000000000005
25080,12,0,11,2009,9.645833333333336,7.77,3.41,6.28
25081,12,1,11,2009,8.975000000000001,8.8,3.77,6.7
25082,12,2,11,2009,8.485833333333334,9.44,4.23,7.15
25083,12,3,11,2009,8.102500000000001,10.31,4.37,7.43
25084,12,4,11,2009,7.706666666666667,11.88,4.99,8.09
25085,12,5,11,2009,7.470833333333334,12.22,5.4,8.42
25086,12,6,11,2009,7.151666666666666,12.28,5.45,8.47
25087,12,7,11,2009,6.800833333333332,12.44,5.63,8.51
25088,12,8,11,2009,6.5975,13.57,6.49,9.5
25089,12,9,11,2009,6.6691666666666665,14.1,7.16,10.2
25090,12,10,11,2009,6.614166666666667,14.76,7.83,10.97
25091,12,11,11,2009,6.706666666666667,14.81,7.86,11.02
25092,12,12,11,2009,6.498333333333334,14.78,7.97,11.08
25093,12,13,11,2009,6.2925,14.84,8.24,11.19
25094,12,14,11,2009,7.305,14.59,8.81,11.53
25095,12,15,11,2009,9.178333333333335,12.66,7.68,10.39
25096,12,16,11,2009,10.996666666666664,11.16,7.92,9.7
25097,12,17,11,2009,12.491666666666667,11.14,8.08,9.97
25098,12,18,11,2009,14.060833333333333,12.2,8.9,10.97
25099,12,19,11,2009,15.44666666666667,13.1,9.47,11.73
25100,12,20,11,2009,16.297500000000003,13.39,9.53,11.85
25101,12,21,11,2009,16.413333333333334,14.04,9.47,11.91
25102,12,22,11,2009,15.724166666666667,14.67,9.33,12.05
25103,12,23,11,2009,14.396666666666667,16.09,8.96,12.37
25104,13,0,11,2009,13.730833333333335,17.7,10.32,13.92
25105,13,1,11,2009,13.341666666666667,17.89,10.56,14.22
25106,13,2,11,2009,12.653333333333334,17.580000000000002,10.41,14.0
25107,13,3,11,2009,12.249999999999998,17.41,10.29,13.83
25108,13,4,11,2009,11.881666666666668,17.12,10.11,13.59
25109,13,5,11,2009,11.485,16.1,9.45,12.73
25110,13,6,11,2009,11.07,15.9,9.35,12.57
25111,13,7,11,2009,10.824999999999998,15.69,9.12,12.33
25112,13,8,11,2009,10.605,15.66,9.09,12.3
25113,13,9,11,2009,10.353333333333333,15.19,8.68,11.83
25114,13,10,11,2009,10.13916666666667,14.63,8.24,11.28
25115,13,11,11,2009,9.951666666666668,14.58,8.290000000000001,11.32
25116,13,12,11,2009,9.5725,14.28,8.040000000000001,11.02
25117,13,13,11,2009,9.389166666666666,14.63,8.47,11.46
25118,13,14,11,2009,10.139166666666668,14.59,9.29,12.04
25119,13,15,11,2009,11.293333333333331,12.94,7.63,9.75
25120,13,16,11,2009,12.913333333333332,9.17,6.65,8.14
25121,13,17,11,2009,14.651666666666669,8.2,5.98,7.32
25122,13,18,11,2009,15.744166666666667,8.08,5.93,7.24
25123,13,19,11,2009,16.614166666666666,7.58,5.5200000000000005,6.75
25124,13,20,11,2009,17.791666666666668,7.53,5.43,6.66
25125,13,21,11,2009,18.57916666666667,7.73,5.24,6.68
25126,13,22,11,2009,17.811666666666667,7.41,4.3100000000000005,5.9
25127,13,23,11,2009,16.4325,7.22,3.16,5.4
25128,14,0,11,2009,13.94,7.59,5.19,6.28
25129,14,1,11,2009,11.835833333333333,7.34,5.04,6.3100000000000005
25130,14,2,11,2009,10.729999999999999,8.03,5.48,6.9
25131,14,3,11,2009,9.719166666666668,8.6,5.83,7.24
25132,14,4,11,2009,9.381666666666668,8.06,5.03,6.33
25133,14,5,11,2009,8.9075,8.13,5.83,7.24
25134,14,6,11,2009,8.945833333333335,7.71,5.51,6.82
25135,14,7,11,2009,8.770833333333334,7.27,5.21,6.45
25136,14,8,11,2009,8.556666666666667,7.6400000000000015,5.55,6.8500000000000005
25137,14,9,11,2009,8.16,7.3,5.22,6.48
25138,14,10,11,2009,7.915833333333333,6.55,4.7,5.8100000000000005
25139,14,11,11,2009,7.761666666666666,6.28,4.48,5.57
25140,14,12,11,2009,7.574999999999999,6.11,4.39,5.44
25141,14,13,11,2009,7.405833333333333,6.0200000000000005,4.25,5.3
25142,14,14,11,2009,7.085833333333334,6.05,4.3100000000000005,5.3500000000000005
25143,14,15,11,2009,7.404166666666668,6.3100000000000005,4.64,5.69
25144,14,16,11,2009,7.8,5.84,4.39,5.3
25145,14,17,11,2009,8.480833333333333,6.09,4.72,5.63
25146,14,18,11,2009,9.158333333333333,5.97,4.66,5.54
25147,14,19,11,2009,10.164166666666667,5.82,4.36,5.24
25148,14,20,11,2009,10.476666666666665,5.68,4.3,5.16
25149,14,21,11,2009,10.873333333333335,5.8100000000000005,4.25,5.19
25150,14,22,11,2009,10.462499999999999,6.87,4.22,5.63
25151,14,23,11,2009,8.912500000000001,7.32,3.44,5.3
25152,15,0,11,2009,8.114166666666668,10.07,4.17,7.07
25153,15,1,11,2009,7.4191666666666665,10.35,4.2,7.07
25154,15,2,11,2009,6.625833333333333,10.91,4.12,6.99
25155,15,3,11,2009,5.897500000000001,10.64,3.9,6.96
25156,15,4,11,2009,5.464166666666667,10.11,3.97,6.7
25157,15,5,11,2009,5.233333333333333,9.17,4.01,5.99
25158,15,6,11,2009,3.9516666666666667,9.71,3.48,6.17
25159,15,7,11,2009,3.6199999999999997,10.33,3.88,6.55
25160,15,8,11,2009,3.174166666666667,10.86,4.0,6.74
25161,15,9,11,2009,2.6783333333333332,10.63,3.99,6.65
25162,15,10,11,2009,1.9949999999999999,10.52,3.9,6.59
25163,15,11,11,2009,1.4666666666666668,10.6,4.23,6.8
25164,15,12,11,2009,1.5883333333333336,9.98,4.8,6.67
25165,15,13,11,2009,1.8599999999999994,7.57,4.0,5.5
25166,15,14,11,2009,2.3633333333333333,8.01,5.22,6.5
25167,15,15,11,2009,2.9875000000000003,8.4,5.99,7.34
25168,15,16,11,2009,4.2124999999999995,8.23,6.28,7.57
25169,15,17,11,2009,5.215,8.08,6.1000000000000005,7.37
25170,15,18,11,2009,5.996666666666667,8.93,6.63,8.1
25171,15,19,11,2009,6.889166666666665,9.04,6.71,8.2
25172,15,20,11,2009,7.5566666666666675,9.23,6.8100000000000005,8.33
25173,15,21,11,2009,7.725833333333333,9.11,6.5200000000000005,8.11
25174,15,22,11,2009,7.206666666666667,9.7,6.07,8.03
25175,15,23,11,2009,6.703333333333333,10.28,6.83,8.81
25176,16,0,11,2009,5.965833333333333,10.8,7.25,9.26
25177,16,1,11,2009,5.2375,10.81,7.18,9.21
25178,16,2,11,2009,4.770833333333334,10.28,6.86,8.73
25179,16,3,11,2009,4.5633333333333335,8.93,5.7700000000000005,7.52
25180,16,4,11,2009,3.9491666666666663,8.69,5.92,7.54
25181,16,5,11,2009,2.6475,10.4,7.21,9.09
25182,16,6,11,2009,1.8425,9.98,6.8900000000000015,8.63
25183,16,7,11,2009,1.7049999999999998,9.9,6.69,8.45
25184,16,8,11,2009,1.5891666666666666,9.82,6.55,8.27
25185,16,9,11,2009,1.5416666666666667,10.71,7.05,9.03
25186,16,10,11,2009,1.0983333333333334,11.62,7.41,9.43
25187,16,11,11,2009,0.5425000000000001,11.47,7.04,9.12
25188,16,12,11,2009,0.365,11.73,6.74,8.84
25189,16,13,11,2009,0.07250000000000002,12.48,6.8500000000000005,10.31
25190,16,14,11,2009,-0.04083333333333333,13.47,6.99,10.91
25191,16,15,11,2009,-0.06916666666666667,13.72,7.33,11.29
25192,16,16,11,2009,-0.07166666666666667,13.54,7.42,11.16
25193,16,17,11,2009,-0.06416666666666666,12.63,7.1000000000000005,10.17
25194,16,18,11,2009,-0.10500000000000002,12.78,6.51,10.28
25195,16,19,11,2009,-0.11083333333333335,12.13,6.3100000000000005,9.76
25196,16,20,11,2009,-0.01583333333333334,12.42,8.28,10.63
25197,16,21,11,2009,0.16666666666666666,12.86,8.4,10.9
25198,16,22,11,2009,0.18666666666666665,13.05,8.07,10.63
25199,16,23,11,2009,0.2808333333333333,14.65,9.37,12.29
25200,17,0,11,2009,0.19083333333333333,14.52,9.0,11.81
25201,17,1,11,2009,0.21166666666666667,12.56,8.42,10.8
25202,17,2,11,2009,0.3941666666666667,13.15,8.13,10.78
25203,17,3,11,2009,0.5383333333333333,12.92,7.9,10.53
25204,17,4,11,2009,0.69,12.61,7.56,10.14
25205,17,5,11,2009,0.5325000000000001,12.66,7.5,10.11
25206,17,6,11,2009,0.255,12.07,7.6,9.99
25207,17,7,11,2009,0.4216666666666667,11.84,7.27,9.58
25208,17,8,11,2009,0.8633333333333336,11.87,6.8500000000000005,9.25
25209,17,9,11,2009,1.1433333333333333,12.09,6.57,9.22
25210,17,10,11,2009,0.5924999999999999,12.12,6.8500000000000005,9.4
25211,17,11,11,2009,0.6575000000000001,11.94,6.6400000000000015,9.18
25212,17,12,11,2009,0.5966666666666667,11.7,6.3500000000000005,8.91
25213,17,13,11,2009,0.5733333333333334,11.8,6.49,9.05
25214,17,14,11,2009,0.57,11.69,6.45,9.04
25215,17,15,11,2009,0.5175000000000001,11.41,6.5,8.94
25216,17,16,11,2009,0.61,10.9,6.43,8.66
25217,17,17,11,2009,0.9775,10.01,5.69,7.85
25218,17,18,11,2009,1.4716666666666665,9.37,4.61,6.96
25219,17,19,11,2009,2.1633333333333336,9.3,4.3500000000000005,7.23
25220,17,20,11,2009,2.8366666666666673,9.07,4.5600000000000005,7.53
25221,17,21,11,2009,3.299166666666667,8.98,4.07,7.3
25222,17,22,11,2009,3.7191666666666663,9.15,3.84,6.88
25223,17,23,11,2009,3.6924999999999994,8.15,3.56,6.3
25224,18,0,11,2009,3.305,6.5600000000000005,3.31,5.55
25225,18,1,11,2009,2.7866666666666666,9.87,2.81,5.39
25226,18,2,11,2009,2.6225,10.41,3.86,7.58
25227,18,3,11,2009,2.559166666666667,10.38,3.89,7.55
25228,18,4,11,2009,2.4525,9.15,3.56,6.8100000000000005
25229,18,5,11,2009,2.328333333333333,8.68,3.88,6.62
25230,18,6,11,2009,2.225,8.68,3.93,6.57
25231,18,7,11,2009,1.5783333333333331,9.08,3.75,6.99
25232,18,8,11,2009,0.8700000000000001,9.08,3.99,7.12
25233,18,9,11,2009,-0.1691666666666667,8.84,3.77,7.2
25234,18,10,11,2009,-1.2791666666666668,8.22,3.23,6.61
25235,18,11,11,2009,-1.3,6.43,3.11,4.74
25236,18,12,11,2009,-1.6233333333333333,5.73,2.75,3.87
25237,18,13,11,2009,-0.35083333333333316,5.78,2.63,3.9
25238,18,14,11,2009,0.3716666666666666,5.87,2.79,4.12
25239,18,15,11,2009,0.46666666666666673,6.1000000000000005,2.93,4.41
25240,18,16,11,2009,0.5833333333333334,6.0200000000000005,2.84,4.2700000000000005
25241,18,17,11,2009,0.9533333333333335,5.39,3.04,4.68
25242,18,18,11,2009,1.2149999999999999,5.34,2.97,4.69
25243,18,19,11,2009,1.3875,5.26,3.08,4.7700000000000005
25244,18,20,11,2009,1.6191666666666666,4.84,2.93,4.75
25245,18,21,11,2009,1.7299999999999998,5.11,2.62,4.5600000000000005
25246,18,22,11,2009,1.8200000000000003,5.3100000000000005,2.29,4.59
25247,18,23,11,2009,1.8658333333333335,5.2,1.81,4.1
25248,19,0,11,2009,2.06,5.03,1.65,3.86
25249,19,1,11,2009,2.1716666666666664,4.25,1.56,3.3000000000000003
25250,19,2,11,2009,2.408333333333333,3.38,1.5,2.76
25251,19,3,11,2009,2.3266666666666667,2.13,0.38,1.18
25252,19,4,11,2009,2.474166666666667,1.47,0.44,0.64
25253,19,5,11,2009,2.6374999999999997,1.02,1.75,1.67
25254,19,6,11,2009,2.645,1.86,1.81,2.34
25255,19,7,11,2009,2.9675,2.06,1.41,2.14
25256,19,8,11,2009,3.0574999999999997,2.05,1.27,1.92
25257,19,9,11,2009,3.0,2.16,1.28,1.98
25258,19,10,11,2009,2.863333333333333,1.91,1.0,1.66
25259,19,11,11,2009,2.6225,1.19,0.36,0.84
25260,19,12,11,2009,2.5258333333333334,1.08,0.32,0.79
25261,19,13,11,2009,2.516666666666667,1.69,0.19,0.92
25262,19,14,11,2009,2.5166666666666666,1.53,0.62,0.93
25263,19,15,11,2009,2.6908333333333334,1.42,0.77,1.22
25264,19,16,11,2009,2.766666666666667,1.84,0.36,1.25
25265,19,17,11,2009,3.660833333333333,2.08,0.78,1.97
25266,19,18,11,2009,3.9675000000000007,2.34,1.04,2.22
25267,19,19,11,2009,4.306666666666667,2.43,0.85,2.0
25268,19,20,11,2009,4.3625,2.77,0.94,2.03
25269,19,21,11,2009,4.125,2.76,0.88,1.96
25270,19,22,11,2009,3.6591666666666662,2.88,0.67,1.83
25271,19,23,11,2009,3.0100000000000002,2.85,0.5700000000000001,1.72
25272,20,0,11,2009,2.9075000000000006,2.66,0.27,1.31
25273,20,1,11,2009,2.7941666666666674,2.33,0.2,1.1
25274,20,2,11,2009,2.2399999999999998,2.2,0.14,0.85
25275,20,3,11,2009,1.5166666666666668,2.19,0.16,0.81
25276,20,4,11,2009,0.053333333333333365,2.16,0.18,0.93
25277,20,5,11,2009,0.13,2.4,0.2,0.91
25278,20,6,11,2009,0.5075,2.41,0.39,1.07
25279,20,7,11,2009,0.6491666666666667,2.31,0.37,1.04
25280,20,8,11,2009,0.6808333333333333,2.12,0.4,0.5
25281,20,9,11,2009,0.6025,0.95,0.49,0.81
25282,20,10,11,2009,0.5308333333333333,0.96,0.45,0.84
25283,20,11,11,2009,0.45333333333333337,0.7000000000000001,0.31,0.6900000000000001
25284,20,12,11,2009,0.24500000000000002,0.51,0.96,0.93
25285,20,13,11,2009,0.18416666666666667,1.21,1.33,1.86
25286,20,14,11,2009,0.3916666666666668,1.52,1.14,1.84
25287,20,15,11,2009,0.7566666666666667,1.65,1.13,1.87
25288,20,16,11,2009,1.0733333333333333,1.62,1.04,1.63
25289,20,17,11,2009,1.3099999999999998,1.92,1.32,2.02
25290,20,18,11,2009,1.7533333333333332,2.17,1.14,1.97
25291,20,19,11,2009,2.0483333333333333,2.63,1.5,2.51
25292,20,20,11,2009,2.263333333333333,3.38,1.07,3.0
25293,20,21,11,2009,2.270833333333333,3.94,0.81,2.97
25294,20,22,11,2009,2.2308333333333334,4.07,0.85,3.12
25295,20,23,11,2009,2.3683333333333327,3.42,0.96,2.71
25296,21,0,11,2009,2.1725,3.17,1.19,2.78
25297,21,1,11,2009,2.296666666666667,3.21,1.63,3.27
25298,21,2,11,2009,2.3074999999999997,3.67,1.69,3.27
25299,21,3,11,2009,2.0783333333333336,3.58,1.38,2.98
25300,21,4,11,2009,1.6283333333333336,3.3200000000000003,1.56,3.02
25301,21,5,11,2009,1.2683333333333333,4.03,1.39,3.39
25302,21,6,11,2009,1.4858333333333336,4.11,1.52,3.45
25303,21,7,11,2009,1.8058333333333334,4.13,2.25,3.48
25304,21,8,11,2009,2.4058333333333333,5.15,2.74,4.41
25305,21,9,11,2009,2.6508333333333334,5.44,3.38,5.3
25306,21,10,11,2009,2.6675,5.49,3.54,5.36
25307,21,11,11,2009,2.611666666666667,5.54,2.81,4.76
25308,21,12,11,2009,2.485833333333334,5.15,3.21,4.94
25309,21,13,11,2009,2.2691666666666666,5.57,3.21,5.0200000000000005
25310,21,14,11,2009,2.2149999999999994,4.91,2.09,3.64
25311,21,15,11,2009,2.5191666666666666,5.57,2.21,3.96
25312,21,16,11,2009,2.948333333333333,5.69,2.3000000000000003,3.6
25313,21,17,11,2009,3.4258333333333337,6.3900000000000015,2.69,3.61
25314,21,18,11,2009,4.131666666666667,6.59,2.46,3.5500000000000003
25315,21,19,11,2009,5.645,7.46,3.26,5.24
25316,21,20,11,2009,6.550000000000001,8.61,4.0,6.5200000000000005
25317,21,21,11,2009,6.425,8.33,3.43,5.96
25318,21,22,11,2009,6.553333333333335,9.6,3.8,6.8100000000000005
25319,21,23,11,2009,6.783333333333332,11.29,5.42,8.74
25320,22,0,11,2009,6.805833333333335,12.18,5.91,9.09
25321,22,1,11,2009,7.059999999999999,12.54,5.73,9.22
25322,22,2,11,2009,7.001666666666666,11.72,4.8500000000000005,8.25
25323,22,3,11,2009,7.448333333333334,12.48,5.2,8.47
25324,22,4,11,2009,7.2975,11.97,5.04,8.28
25325,22,5,11,2009,7.277500000000001,11.98,5.01,8.24
25326,22,6,11,2009,7.2225,10.3,4.33,7.33
25327,22,7,11,2009,6.87,10.34,4.7700000000000005,7.5
25328,22,8,11,2009,6.5475,10.74,5.01,7.6400000000000015
25329,22,9,11,2009,6.515,10.78,4.92,7.55
25330,22,10,11,2009,6.232500000000001,9.83,4.25,6.79
25331,22,11,11,2009,5.800833333333333,8.26,3.11,5.41
25332,22,12,11,2009,5.922500000000002,7.94,3.37,5.57
25333,22,13,11,2009,5.7825,8.1,3.47,5.62
25334,22,14,11,2009,5.2825,6.68,2.62,4.55
25335,22,15,11,2009,5.254166666666666,6.75,3.59,4.88
25336,22,16,11,2009,5.321666666666666,6.54,3.37,4.78
25337,22,17,11,2009,5.660833333333333,5.8500000000000005,2.5,2.83
25338,22,18,11,2009,7.198333333333333,6.08,2.76,3.52
25339,22,19,11,2009,9.479999999999999,5.0,3.59,4.45
25340,22,20,11,2009,9.870833333333334,4.71,3.31,4.15
25341,22,21,11,2009,8.898333333333335,6.8100000000000005,2.65,4.8100000000000005
25342,22,22,11,2009,7.530000000000001,7.23,2.59,5.07
25343,22,23,11,2009,6.955000000000001,10.63,3.22,7.11
25344,23,0,11,2009,7.246666666666666,10.86,3.41,7.61
25345,23,1,11,2009,7.1141666666666685,10.82,3.51,7.71
25346,23,2,11,2009,6.318333333333334,11.78,2.87,6.62
25347,23,3,11,2009,6.355833333333334,11.31,4.12,6.75
25348,23,4,11,2009,6.489166666666667,10.94,4.28,6.9
25349,23,5,11,2009,6.454166666666667,10.52,4.34,6.8100000000000005
25350,23,6,11,2009,6.251666666666668,9.76,4.3100000000000005,6.75
25351,23,7,11,2009,6.0425,8.71,4.04,5.98
25352,23,8,11,2009,5.795833333333334,8.120000000000001,3.91,5.63
25353,23,9,11,2009,5.376666666666668,6.67,2.49,3.95
25354,23,10,11,2009,5.133333333333334,4.55,1.81,2.38
25355,23,11,11,2009,5.035,5.13,2.57,3.5
25356,23,12,11,2009,5.110833333333333,4.87,2.52,3.39
25357,23,13,11,2009,5.22,3.73,1.98,2.68
25358,23,14,11,2009,5.175833333333332,3.71,2.41,3.22
25359,23,15,11,2009,5.456666666666667,4.14,2.4,3.2
25360,23,16,11,2009,5.6525,3.7,2.62,3.14
25361,23,17,11,2009,5.933333333333333,3.54,2.62,3.11
25362,23,18,11,2009,6.198333333333333,3.16,2.3000000000000003,2.62
25363,23,19,11,2009,6.326666666666667,2.01,1.62,1.84
25364,23,20,11,2009,6.5125,2.69,1.93,2.34
25365,23,21,11,2009,6.533333333333332,2.33,1.38,1.69
25366,23,22,11,2009,6.710833333333333,2.63,1.36,1.96
25367,23,23,11,2009,6.694166666666668,2.38,0.53,1.21
25368,24,0,11,2009,6.683333333333333,2.19,0.44,0.99
25369,24,1,11,2009,6.698333333333333,1.66,0.4,1.06
25370,24,2,11,2009,6.719166666666667,1.15,0.99,1.49
25371,24,3,11,2009,6.599999999999999,2.53,1.21,2.29
25372,24,4,11,2009,6.4958333333333345,4.5,1.89,2.94
25373,24,5,11,2009,6.521666666666667,6.26,3.94,5.21
25374,24,6,11,2009,6.378333333333333,6.66,4.07,5.37
25375,24,7,11,2009,6.243333333333332,6.47,3.8,5.1000000000000005
25376,24,8,11,2009,6.2633333333333345,7.76,4.54,6.15
25377,24,9,11,2009,6.511666666666666,9.06,5.45,7.32
25378,24,10,11,2009,6.194166666666667,12.41,7.91,10.39
25379,24,11,11,2009,5.546666666666667,13.13,8.55,11.14
25380,24,12,11,2009,5.246666666666667,13.32,8.53,11.17
25381,24,13,11,2009,4.949999999999999,13.76,8.74,11.48
25382,24,14,11,2009,4.746666666666667,13.42,8.63,11.24
25383,24,15,11,2009,4.892500000000001,13.3,8.620000000000001,11.22
25384,24,16,11,2009,5.088333333333334,12.74,8.5,10.91
25385,24,17,11,2009,5.1525,13.5,9.49,11.94
25386,24,18,11,2009,5.493333333333333,13.26,9.32,11.72
25387,24,19,11,2009,5.865000000000001,13.56,9.49,11.97
25388,24,20,11,2009,6.498333333333334,13.52,9.47,11.94
25389,24,21,11,2009,6.66,13.13,8.96,11.43
25390,24,22,11,2009,6.498333333333334,11.48,6.7700000000000005,9.14
25391,24,23,11,2009,5.66,13.05,5.65,8.98
25392,25,0,11,2009,4.850833333333333,13.1,5.7700000000000005,9.08
25393,25,1,11,2009,4.284166666666667,13.73,5.92,9.38
25394,25,2,11,2009,3.9508333333333336,13.55,5.9,9.34
25395,25,3,11,2009,3.2375000000000003,13.45,5.48,8.93
25396,25,4,11,2009,2.9141666666666666,13.84,6.13,9.61
25397,25,5,11,2009,2.6308333333333334,13.37,5.99,9.41
25398,25,6,11,2009,2.2125,12.93,5.67,9.03
25399,25,7,11,2009,2.0758333333333336,12.68,5.2,8.63
25400,25,8,11,2009,2.276666666666667,12.12,5.48,8.55
25401,25,9,11,2009,2.183333333333333,11.06,5.37,7.9
25402,25,10,11,2009,2.5708333333333333,11.44,5.63,8.15
25403,25,11,11,2009,3.1833333333333336,12.1,6.16,8.700000000000001
25404,25,12,11,2009,3.895,11.62,5.51,8.2
25405,25,13,11,2009,4.4575,12.15,6.03,8.83
25406,25,14,11,2009,4.6066666666666665,12.8,5.74,8.700000000000001
25407,25,15,11,2009,4.689166666666668,13.4,8.45,10.85
25408,25,16,11,2009,4.828333333333334,12.99,9.08,11.39
25409,25,17,11,2009,4.96,12.84,8.99,11.27
25410,25,18,11,2009,5.155,12.39,8.75,10.95
25411,25,19,11,2009,5.459166666666667,12.7,8.83,11.14
25412,25,20,11,2009,5.71,13.01,9.02,11.39
25413,25,21,11,2009,5.647500000000001,12.85,8.77,11.21
25414,25,22,11,2009,4.8933333333333335,11.68,7.46,9.79
25415,25,23,11,2009,3.7925000000000004,11.57,5.58,8.540000000000001
25416,26,0,11,2009,3.17,12.39,5.9,8.96
25417,26,1,11,2009,2.73,14.62,6.95,10.33
25418,26,2,11,2009,2.215,14.11,7.15,10.35
25419,26,3,11,2009,1.7158333333333333,13.97,7.1000000000000005,10.28
25420,26,4,11,2009,1.094166666666667,13.84,6.94,10.12
25421,26,5,11,2009,0.6983333333333333,13.64,6.99,10.13
25422,26,6,11,2009,0.19499999999999998,13.26,7.04,10.0
25423,26,7,11,2009,-0.16833333333333333,13.17,7.05,9.97
25424,26,8,11,2009,-0.6450000000000001,11.15,5.33,7.97
25425,26,9,11,2009,-0.9858333333333332,11.08,5.6000000000000005,8.16
25426,26,10,11,2009,-1.2333333333333334,10.61,5.15,7.61
25427,26,11,11,2009,-1.3758333333333332,10.29,5.19,7.54
25428,26,12,11,2009,-1.4874999999999998,10.04,5.03,7.33
25429,26,13,11,2009,-1.6575,9.78,4.8500000000000005,7.1000000000000005
25430,26,14,11,2009,-1.3425,9.45,5.04,6.98
25431,26,15,11,2009,-0.4200000000000001,6.8900000000000015,4.78,5.93
25432,26,16,11,2009,0.5575,6.45,4.78,5.83
25433,26,17,11,2009,1.490833333333333,6.2700000000000005,4.63,5.66
25434,26,18,11,2009,2.356666666666667,5.8,4.28,5.24
25435,26,19,11,2009,3.1075,5.69,4.22,5.15
25436,26,20,11,2009,3.68,5.57,4.14,5.04
25437,26,21,11,2009,3.9925,5.48,3.96,4.9
25438,26,22,11,2009,3.169166666666667,5.22,2.59,4.17
25439,26,23,11,2009,2.0866666666666664,5.74,2.67,4.98
25440,27,0,11,2009,1.5283333333333333,6.57,3.16,5.59
25441,27,1,11,2009,1.2625,7.23,3.51,5.89
25442,27,2,11,2009,1.5424999999999998,8.47,4.22,6.99
25443,27,3,11,2009,1.9349999999999996,9.31,4.41,7.43
25444,27,4,11,2009,2.1641666666666666,9.97,5.05,8.05
25445,27,5,11,2009,2.3358333333333334,10.8,5.49,8.46
25446,27,6,11,2009,2.4491666666666663,11.46,5.94,8.94
25447,27,7,11,2009,2.879166666666667,12.29,6.5200000000000005,9.71
25448,27,8,11,2009,3.233333333333334,13.28,6.92,10.17
25449,27,9,11,2009,3.2175,13.68,7.19,10.42
25450,27,10,11,2009,3.1483333333333334,14.02,7.5,10.74
25451,27,11,11,2009,3.1283333333333334,13.64,7.6400000000000015,10.88
25452,27,12,11,2009,3.0025,13.37,7.51,10.7
25453,27,13,11,2009,2.8508333333333336,13.45,7.51,10.61
25454,27,14,11,2009,3.186666666666666,12.91,6.75,9.81
25455,27,15,11,2009,4.265833333333334,10.11,5.76,7.77
25456,27,16,11,2009,6.134166666666666,6.12,3.49,4.17
25457,27,17,11,2009,8.035,4.8500000000000005,3.2,3.75
25458,27,18,11,2009,9.645,3.37,2.73,3.17
25459,27,19,11,2009,11.03,3.68,2.87,3.41
25460,27,20,11,2009,11.979999999999999,4.1,3.09,3.72
25461,27,21,11,2009,12.126666666666665,4.72,2.91,3.52
25462,27,22,11,2009,10.584999999999999,7.09,3.01,5.78
25463,27,23,11,2009,9.308333333333332,9.1,4.32,7.74
25464,28,0,11,2009,9.395833333333334,10.57,5.15,8.45
25465,28,1,11,2009,9.492499999999998,11.02,5.62,8.92
25466,28,2,11,2009,9.023333333333333,11.08,5.38,8.8
25467,28,3,11,2009,8.518333333333333,11.68,6.0200000000000005,9.46
25468,28,4,11,2009,8.265833333333333,13.19,7.12,10.53
25469,28,5,11,2009,8.130833333333333,13.44,7.26,10.69
25470,28,6,11,2009,7.615833333333335,13.18,7.15,10.58
25471,28,7,11,2009,7.574166666666666,12.63,7.17,10.39
25472,28,8,11,2009,6.625833333333333,11.64,6.3900000000000015,9.62
25473,28,9,11,2009,4.611666666666667,8.64,4.37,7.41
25474,28,10,11,2009,4.131666666666667,8.55,4.25,7.23
25475,28,11,11,2009,4.235833333333334,7.63,4.01,6.62
25476,28,12,11,2009,4.1525,8.14,4.59,7.1000000000000005
25477,28,13,11,2009,4.243333333333333,8.32,4.65,7.21
25478,28,14,11,2009,4.759166666666667,8.73,5.0600000000000005,7.38
25479,28,15,11,2009,6.045833333333333,8.620000000000001,4.57,6.37
25480,28,16,11,2009,7.832500000000002,7.0200000000000005,3.45,4.18
25481,28,17,11,2009,9.505,3.56,2.19,2.59
25482,28,18,11,2009,10.879166666666668,2.78,2.14,2.54
25483,28,19,11,2009,11.965833333333334,2.5500000000000003,2.03,2.38
25484,28,20,11,2009,12.3225,1.75,1.2,1.5
25485,28,21,11,2009,11.1725,1.06,1.24,0.91
25486,28,22,11,2009,8.981666666666666,0.74,1.57,1.91
25487,28,23,11,2009,6.689166666666666,1.63,1.86,3.24
25488,29,0,11,2009,4.507500000000001,4.75,2.63,4.29
25489,29,1,11,2009,1.8650000000000002,7.73,3.33,4.1
25490,29,2,11,2009,1.5616666666666668,9.08,3.9,4.91
25491,29,3,11,2009,1.3933333333333333,9.35,3.99,5.04
25492,29,4,11,2009,1.2625,9.1,5.28,6.69
25493,29,5,11,2009,1.8950000000000002,11.48,6.82,9.05
25494,29,6,11,2009,2.0083333333333333,11.47,6.8500000000000005,9.05
25495,29,7,11,2009,1.735,12.07,6.96,9.39
25496,29,8,11,2009,1.3766666666666667,12.05,7.01,9.43
25497,29,9,11,2009,1.0058333333333334,11.92,7.1400000000000015,9.5
25498,29,10,11,2009,0.7116666666666668,11.76,7.08,9.41
25499,29,11,11,2009,0.5616666666666666,11.96,7.2,9.56
25500,29,12,11,2009,0.5966666666666668,12.22,7.38,9.8
25501,29,13,11,2009,0.7258333333333334,11.84,7.05,9.4
25502,29,14,11,2009,1.125,11.64,6.8500000000000005,9.18
25503,29,15,11,2009,1.5733333333333333,11.07,6.97,9.12
25504,29,16,11,2009,3.0116666666666667,10.63,7.71,9.53
25505,29,17,11,2009,3.9425000000000003,10.24,7.43,9.17
25506,29,18,11,2009,4.564166666666668,9.94,7.22,8.88
25507,29,19,11,2009,4.9125000000000005,10.04,7.29,8.99
25508,29,20,11,2009,4.959166666666667,10.02,7.25,8.94
25509,29,21,11,2009,4.816666666666667,9.74,6.98,8.67
25510,29,22,11,2009,4.108333333333333,8.42,5.66,7.18
25511,29,23,11,2009,2.688333333333334,9.13,3.29,6.09
25512,30,0,11,2009,2.2100000000000004,9.16,3.52,6.4
25513,30,1,11,2009,1.2766666666666666,10.43,3.84,6.96
25514,30,2,11,2009,0.975,10.7,4.18,7.21
25515,30,3,11,2009,0.47000000000000003,9.95,3.62,6.63
25516,30,4,11,2009,0.19083333333333333,9.27,3.33,6.36
25517,30,5,11,2009,-0.07333333333333332,8.19,3.15,5.92
25518,30,6,11,2009,-0.5108333333333334,6.18,2.79,5.3
25519,30,7,11,2009,-0.6758333333333334,4.71,2.4,4.2
25520,30,8,11,2009,-0.6483333333333334,4.22,2.53,3.97
25521,30,9,11,2009,-0.5966666666666667,4.28,2.77,4.26
25522,30,10,11,2009,-0.62,5.22,3.5,5.2
25523,30,11,11,2009,-0.6191666666666668,6.53,4.07,6.03
25524,30,12,11,2009,-0.5433333333333333,8.36,4.75,6.9
25525,30,13,11,2009,-0.45,8.93,5.28,7.44
25526,30,14,11,2009,-0.09499999999999997,8.9,5.32,7.4
25527,30,15,11,2009,1.695,7.77,4.75,6.32
25528,30,16,11,2009,3.7116666666666664,7.26,4.67,5.46
25529,30,17,11,2009,5.350833333333334,6.16,4.9,5.71
25530,30,18,11,2009,6.951666666666667,5.8500000000000005,4.72,5.53
25531,30,19,11,2009,8.410833333333333,6.68,5.14,6.17
25532,30,20,11,2009,8.8325,7.87,5.42,6.67
25533,30,21,11,2009,8.228333333333333,9.56,5.21,7.48
25534,30,22,11,2009,7.009166666666666,11.54,5.58,9.01
25535,30,23,11,2009,5.737500000000001,13.13,6.36,10.07
25536,1,0,12,2009,5.260000000000001,13.83,6.8,10.5
25537,1,1,12,2009,4.685833333333334,14.51,6.59,10.38
25538,1,2,12,2009,4.973333333333334,15.21,7.36,11.08
25539,1,3,12,2009,4.9366666666666665,15.28,7.3900000000000015,11.07
25540,1,4,12,2009,5.070833333333333,15.3,7.41,11.1
25541,1,5,12,2009,5.027500000000001,15.78,7.66,11.34
25542,1,6,12,2009,5.1875,16.36,8.290000000000001,11.96
25543,1,7,12,2009,5.149166666666667,16.580000000000002,8.43,12.13
25544,1,8,12,2009,5.090000000000001,16.38,8.24,11.89
25545,1,9,12,2009,4.8925,16.1,8.26,11.83
25546,1,10,12,2009,4.690833333333333,16.22,8.36,11.97
25547,1,11,12,2009,4.766666666666667,16.87,8.99,12.65
25548,1,12,12,2009,4.361666666666667,17.05,8.84,12.56
25549,1,13,12,2009,4.315,16.990000000000002,8.71,12.43
25550,1,14,12,2009,4.730833333333334,16.84,9.32,12.5
25551,1,15,12,2009,6.526666666666667,15.62,9.75,12.68
25552,1,16,12,2009,7.970833333333334,14.11,8.72,11.27
25553,1,17,12,2009,9.183333333333332,12.21,8.65,10.7
25554,1,18,12,2009,10.459166666666667,11.62,8.27,10.28
25555,1,19,12,2009,11.456666666666669,10.37,7.32,9.12
25556,1,20,12,2009,12.050833333333335,9.27,6.44,8.08
25557,1,21,12,2009,12.015000000000002,8.870000000000003,6.15,7.74
25558,1,22,12,2009,10.484166666666667,7.3,3.0500000000000003,5.18
25559,1,23,12,2009,8.814166666666665,8.35,2.5500000000000003,5.44
25560,2,0,12,2009,7.698333333333333,7.98,2.52,5.41
25561,2,1,12,2009,6.995,7.45,2.97,5.67
25562,2,2,12,2009,5.797500000000002,13.25,4.33,7.87
25563,2,3,12,2009,4.281666666666667,13.76,5.26,8.72
25564,2,4,12,2009,3.415833333333333,15.88,7.6,11.21
25565,2,5,12,2009,2.441666666666667,13.4,6.5600000000000005,9.62
25566,2,6,12,2009,1.935833333333333,13.65,7.08,10.01
25567,2,7,12,2009,1.491666666666667,13.73,7.21,10.12
25568,2,8,12,2009,1.0525000000000002,13.11,7.13,9.91
25569,2,9,12,2009,0.7391666666666667,13.09,7.22,9.99
25570,2,10,12,2009,0.40666666666666657,13.6,7.8,10.65
25571,2,11,12,2009,0.1675,13.59,7.85,10.7
25572,2,12,12,2009,-0.09416666666666668,13.23,7.76,10.5
25573,2,13,12,2009,-0.4808333333333333,13.31,7.74,10.5
25574,2,14,12,2009,-0.7433333333333335,13.23,8.72,11.16
25575,2,15,12,2009,-0.5241666666666668,13.35,9.21,11.62
25576,2,16,12,2009,-0.05000000000000001,12.86,9.23,11.49
25577,2,17,12,2009,0.6458333333333333,13.24,9.45,11.79
25578,2,18,12,2009,1.2258333333333333,13.33,9.51,11.87
25579,2,19,12,2009,1.5983333333333336,13.2,9.41,11.73
25580,2,20,12,2009,1.741666666666667,13.2,9.38,11.72
25581,2,21,12,2009,1.4766666666666668,13.14,9.19,11.58
25582,2,22,12,2009,0.7308333333333334,13.0,9.02,11.4
25583,2,23,12,2009,-0.25083333333333335,13.48,7.48,10.41
25584,3,0,12,2009,-0.8958333333333334,14.65,8.370000000000001,11.45
25585,3,1,12,2009,-1.4075,13.39,7.3900000000000015,10.21
25586,3,2,12,2009,-1.8358333333333334,13.03,7.23,9.97
25587,3,3,12,2009,-2.2575,11.77,6.38,8.86
25588,3,4,12,2009,-2.535833333333333,10.89,6.08,8.32
25589,3,5,12,2009,-2.765,10.58,6.1000000000000005,8.25
25590,3,6,12,2009,-3.0041666666666664,10.86,6.47,8.64
25591,3,7,12,2009,-3.215833333333333,11.1,6.6400000000000015,8.84
25592,3,8,12,2009,-3.473333333333334,11.69,6.98,9.32
25593,3,9,12,2009,-3.7000000000000006,10.6,6.12,8.3
25594,3,10,12,2009,-4.0183333333333335,11.6,6.65,9.02
25595,3,11,12,2009,-4.37,11.41,6.6000000000000005,8.94
25596,3,12,12,2009,-4.675833333333334,10.92,6.13,8.39
25597,3,13,12,2009,-5.008333333333334,11.39,6.47,8.790000000000001
25598,3,14,12,2009,-5.015833333333334,11.54,6.88,9.22
25599,3,15,12,2009,-4.522500000000001,11.96,8.36,10.5
25600,3,16,12,2009,-3.9883333333333333,10.85,7.68,9.58
25601,3,17,12,2009,-3.4033333333333338,10.25,7.33,9.09
25602,3,18,12,2009,-2.9408333333333334,9.99,7.18,8.88
25603,3,19,12,2009,-2.546666666666667,9.66,6.91,8.56
25604,3,20,12,2009,-2.3808333333333334,9.8,6.96,8.66
25605,3,21,12,2009,-2.5416666666666665,9.51,6.7,8.370000000000001
25606,3,22,12,2009,-2.986666666666667,9.31,6.15,7.8
25607,3,23,12,2009,-3.9308333333333336,9.52,4.7,7.08
25608,4,0,12,2009,-4.349166666666666,10.57,5.43,7.8900000000000015
25609,4,1,12,2009,-4.760833333333333,9.42,4.36,6.61
25610,4,2,12,2009,-5.025,9.56,4.45,6.75
25611,4,3,12,2009,-5.280833333333333,9.06,4.14,6.2700000000000005
25612,4,4,12,2009,-5.429166666666666,9.13,4.28,6.38
25613,4,5,12,2009,-5.739999999999999,7.99,3.56,5.5
25614,4,6,12,2009,-6.030833333333334,7.8900000000000015,3.49,5.48
25615,4,7,12,2009,-6.463333333333334,6.78,2.87,4.75
25616,4,8,12,2009,-6.9191666666666665,7.17,2.82,4.7
25617,4,9,12,2009,-7.0925,7.23,2.87,4.79
25618,4,10,12,2009,-7.443333333333334,7.0600000000000005,2.87,4.66
25619,4,11,12,2009,-7.778333333333333,7.2,2.91,4.82
25620,4,12,12,2009,-7.938333333333333,6.88,3.0500000000000003,4.99
25621,4,13,12,2009,-8.33,6.72,3.13,5.18
25622,4,14,12,2009,-8.245833333333332,5.8100000000000005,3.3200000000000003,5.14
25623,4,15,12,2009,-7.025833333333334,5.13,2.94,3.42
25624,4,16,12,2009,-5.7625,4.99,3.64,4.46
25625,4,17,12,2009,-4.8425,5.49,4.07,4.96
25626,4,18,12,2009,-4.056666666666667,5.96,4.39,5.37
25627,4,19,12,2009,-3.4549999999999996,6.22,4.54,5.58
25628,4,20,12,2009,-2.9883333333333333,6.0200000000000005,4.39,5.4
25629,4,21,12,2009,-2.714166666666667,5.98,4.15,5.23
25630,4,22,12,2009,-3.1675,5.95,4.09,5.19
25631,4,23,12,2009,-3.9975000000000005,7.4,3.27,5.72
25632,5,0,12,2009,-4.155833333333333,9.04,3.9,6.51
25633,5,1,12,2009,-4.360833333333334,9.58,4.34,7.0
25634,5,2,12,2009,-4.283333333333334,10.1,4.42,7.08
25635,5,3,12,2009,-4.4975000000000005,10.46,5.01,7.62
25636,5,4,12,2009,-4.673333333333333,11.79,5.45,8.19
25637,5,5,12,2009,-4.6483333333333325,12.83,5.7,8.69
25638,5,6,12,2009,-4.678333333333334,13.15,5.82,8.78
25639,5,7,12,2009,-4.812499999999999,13.39,6.0600000000000005,9.05
25640,5,8,12,2009,-4.950833333333334,13.59,6.51,9.49
25641,5,9,12,2009,-5.068333333333333,13.87,6.7700000000000005,9.77
25642,5,10,12,2009,-5.235,14.05,7.04,10.03
25643,5,11,12,2009,-5.3133333333333335,14.27,7.28,10.3
25644,5,12,12,2009,-5.528333333333333,14.12,7.25,10.21
25645,5,13,12,2009,-5.864166666666667,13.77,6.84,9.68
25646,5,14,12,2009,-5.390000000000001,13.62,7.66,10.1
25647,5,15,12,2009,-3.373333333333333,12.17,7.08,9.75
25648,5,16,12,2009,-1.9108333333333334,9.77,7.23,8.73
25649,5,17,12,2009,-0.22750000000000004,9.52,7.17,8.67
25650,5,18,12,2009,1.2541666666666667,9.3,6.9,8.41
25651,5,19,12,2009,2.2158333333333333,9.27,6.78,8.31
25652,5,20,12,2009,2.8883333333333336,8.96,6.49,8.0
25653,5,21,12,2009,2.989166666666667,8.59,6.13,7.62
25654,5,22,12,2009,1.6508333333333336,10.04,4.21,7.53
25655,5,23,12,2009,0.3941666666666666,10.29,5.0,8.42
25656,6,0,12,2009,-0.06666666666666668,11.61,5.08,8.42
25657,6,1,12,2009,-0.8433333333333334,12.25,4.9,8.33
25658,6,2,12,2009,-1.2675000000000003,11.49,4.82,8.370000000000001
25659,6,3,12,2009,-1.3491666666666668,10.74,4.53,7.49
25660,6,4,12,2009,-0.9625,11.8,4.66,7.6400000000000015
25661,6,5,12,2009,-0.7441666666666665,11.46,4.71,7.65
25662,6,6,12,2009,-1.0141666666666667,9.98,4.03,6.61
25663,6,7,12,2009,-1.6533333333333333,6.22,2.33,4.2700000000000005
25664,6,8,12,2009,-1.899166666666667,4.12,1.76,3.04
25665,6,9,12,2009,-2.921666666666667,4.19,2.66,3.52
25666,6,10,12,2009,-3.2633333333333336,4.84,2.95,3.76
25667,6,11,12,2009,-3.3600000000000008,5.15,3.03,3.99
25668,6,12,12,2009,-3.398333333333333,5.45,3.28,4.44
25669,6,13,12,2009,-3.4175000000000004,5.78,3.49,4.45
25670,6,14,12,2009,-3.4200000000000004,5.66,3.94,4.79
25671,6,15,12,2009,-2.9074999999999993,5.65,4.47,5.3100000000000005
25672,6,16,12,2009,-2.024166666666667,5.64,4.45,5.29
25673,6,17,12,2009,-1.3491666666666668,6.29,4.88,5.84
25674,6,18,12,2009,-0.8083333333333332,6.8100000000000005,5.23,6.3
25675,6,19,12,2009,-0.39916666666666667,7.12,5.41,6.54
25676,6,20,12,2009,-0.13666666666666671,7.63,5.73,6.98
25677,6,21,12,2009,-0.24083333333333334,7.8,5.79,7.09
25678,6,22,12,2009,-1.0041666666666667,8.05,5.5600000000000005,6.8900000000000015
25679,6,23,12,2009,-1.9308333333333334,8.47,5.26,6.95
25680,7,0,12,2009,-2.6758333333333333,8.31,5.68,7.1000000000000005
25681,7,1,12,2009,-3.6175,8.02,5.65,7.03
25682,7,2,12,2009,-4.146666666666667,7.9300000000000015,5.61,6.96
25683,7,3,12,2009,-4.298333333333333,7.6400000000000015,5.55,6.82
25684,7,4,12,2009,-4.5441666666666665,7.72,5.47,6.79
25685,7,5,12,2009,-5.060833333333334,8.48,5.92,7.37
25686,7,6,12,2009,-5.608333333333334,9.13,6.43,8.0
25687,7,7,12,2009,-6.0441666666666665,9.22,6.47,8.07
25688,7,8,12,2009,-6.405833333333334,9.2,6.0200000000000005,7.6400000000000015
25689,7,9,12,2009,-6.661666666666669,8.74,5.8,7.45
25690,7,10,12,2009,-7.185833333333332,8.620000000000001,5.68,7.25
25691,7,11,12,2009,-7.6433333333333335,8.55,5.0600000000000005,6.72
25692,7,12,12,2009,-8.014166666666666,8.16,5.12,6.5600000000000005
25693,7,13,12,2009,-8.3525,8.120000000000001,5.11,6.53
25694,7,14,12,2009,-8.511666666666667,8.1,5.47,6.65
25695,7,15,12,2009,-7.945,7.33,5.48,6.6400000000000015
25696,7,16,12,2009,-7.0183333333333335,6.4,4.84,5.84
25697,7,17,12,2009,-6.176666666666667,5.12,3.93,4.68
25698,7,18,12,2009,-5.4383333333333335,4.95,3.82,4.55
25699,7,19,12,2009,-4.8175,4.16,3.23,3.82
25700,7,20,12,2009,-4.476666666666667,3.54,2.77,3.26
25701,7,21,12,2009,-4.449166666666667,3.46,2.74,3.23
25702,7,22,12,2009,-4.609166666666668,3.92,2.95,3.59
25703,7,23,12,2009,-4.7491666666666665,3.91,2.96,3.59
25704,8,0,12,2009,-4.82,3.72,2.86,3.44
25705,8,1,12,2009,-4.942500000000001,3.67,2.84,3.4
25706,8,2,12,2009,-5.513333333333333,3.45,2.63,3.16
25707,8,3,12,2009,-5.6525,3.38,2.66,3.16
25708,8,4,12,2009,-5.6433333333333335,3.2,2.53,2.98
25709,8,5,12,2009,-5.581666666666668,3.23,2.57,3.03
25710,8,6,12,2009,-5.440833333333334,3.78,2.94,3.49
25711,8,7,12,2009,-5.335833333333333,3.66,2.84,3.37
25712,8,8,12,2009,-5.1674999999999995,4.0200000000000005,3.03,3.62
25713,8,9,12,2009,-5.045000000000001,4.68,3.09,3.72
25714,8,10,12,2009,-4.812500000000001,5.53,3.5500000000000003,4.37
25715,8,11,12,2009,-4.6866666666666665,5.97,3.78,4.65
25716,8,12,12,2009,-4.634166666666667,6.08,3.78,4.75
25717,8,13,12,2009,-4.5808333333333335,6.51,3.93,4.99
25718,8,14,12,2009,-4.4433333333333325,6.55,4.0,5.21
25719,8,15,12,2009,-4.1725,6.69,4.08,4.99
25720,8,16,12,2009,-3.655,6.47,4.79,5.74
25721,8,17,12,2009,-3.1541666666666672,6.24,4.8,5.75
25722,8,18,12,2009,-2.829166666666667,5.26,3.99,4.7700000000000005
25723,8,19,12,2009,-2.485,5.53,4.25,5.08
25724,8,20,12,2009,-2.2725000000000004,5.8,4.03,4.96
25725,8,21,12,2009,-2.410833333333333,7.04,4.55,5.87
25726,8,22,12,2009,-2.688333333333333,7.08,4.84,6.13
25727,8,23,12,2009,-2.76,7.8,5.22,6.65
25728,9,0,12,2009,-2.8508333333333336,8.06,5.44,6.9
25729,9,1,12,2009,-2.9583333333333335,8.38,5.6000000000000005,7.15
25730,9,2,12,2009,-3.1950000000000003,10.27,6.92,8.8
25731,9,3,12,2009,-3.571666666666666,12.26,8.290000000000001,10.54
25732,9,4,12,2009,-4.459166666666667,14.18,9.61,12.2
25733,9,5,12,2009,-5.6674999999999995,16.490000000000002,11.21,14.22
25734,9,6,12,2009,-7.411666666666665,17.07,11.59,14.7
25735,9,7,12,2009,-8.797500000000001,17.42,11.79,14.99
25736,9,8,12,2009,-10.228333333333333,17.95,12.14,15.4
25737,9,9,12,2009,-11.565833333333332,18.05,12.24,15.53
25738,9,10,12,2009,-13.033333333333333,17.46,10.92,14.09
25739,9,11,12,2009,-14.0625,17.76,10.94,14.32
25740,9,12,12,2009,-14.739166666666668,17.41,10.69,13.99
25741,9,13,12,2009,-15.205833333333333,16.28,9.77,12.91
25742,9,14,12,2009,-15.606666666666667,16.19,10.07,13.08
25743,9,15,12,2009,-15.354166666666666,16.15,10.24,13.22
25744,9,16,12,2009,-14.7175,15.35,10.52,13.11
25745,9,17,12,2009,-14.288333333333334,15.08,10.87,13.39
25746,9,18,12,2009,-13.87,14.78,10.77,13.23
25747,9,19,12,2009,-13.628333333333336,13.5,9.89,12.12
25748,9,20,12,2009,-13.402500000000002,11.45,8.25,10.15
25749,9,21,12,2009,-13.47166666666667,10.15,6.67,8.44
25750,9,22,12,2009,-14.288333333333334,11.29,5.59,8.43
25751,9,23,12,2009,-14.975833333333334,11.43,5.74,8.51
25752,10,0,12,2009,-15.994166666666667,11.99,5.69,8.46
25753,10,1,12,2009,-16.375833333333333,12.17,5.22,8.19
25754,10,2,12,2009,-16.6475,12.23,5.66,8.41
25755,10,3,12,2009,-17.161666666666665,11.92,5.73,8.46
25756,10,4,12,2009,-17.944999999999997,11.47,5.34,7.96
25757,10,5,12,2009,-18.521666666666665,11.45,5.21,8.41
25758,10,6,12,2009,-19.363333333333337,11.5,4.68,7.85
25759,10,7,12,2009,-19.5475,11.84,5.46,8.540000000000001
25760,10,8,12,2009,-19.185,11.98,6.05,8.78
25761,10,9,12,2009,-19.16,12.49,6.15,8.84
25762,10,10,12,2009,-19.620833333333334,12.45,6.01,8.64
25763,10,11,12,2009,-19.66416666666667,12.73,6.57,9.34
25764,10,12,12,2009,-18.973333333333333,12.89,6.68,9.38
25765,10,13,12,2009,-18.3725,13.8,7.25,10.03
25766,10,14,12,2009,-17.128333333333334,13.9,7.72,10.26
25767,10,15,12,2009,-15.245833333333335,13.56,7.99,10.25
25768,10,16,12,2009,-13.487500000000002,12.23,7.87,9.94
25769,10,17,12,2009,-12.4325,11.37,7.0,9.37
25770,10,18,12,2009,-10.437499999999998,11.11,6.63,8.98
25771,10,19,12,2009,-8.680000000000001,10.9,7.1000000000000005,9.02
25772,10,20,12,2009,-7.759166666666668,11.31,7.0600000000000005,9.13
25773,10,21,12,2009,-8.45,13.43,7.61,10.26
25774,10,22,12,2009,-9.735000000000001,14.75,7.69,11.09
25775,10,23,12,2009,-10.845833333333333,15.16,7.82,11.21
25776,11,0,12,2009,-11.517499999999998,14.84,7.62,10.81
25777,11,1,12,2009,-11.555833333333334,14.85,7.51,10.73
25778,11,2,12,2009,-10.815833333333336,15.12,7.7,11.01
25779,11,3,12,2009,-10.749166666666667,15.21,7.68,11.13
25780,11,4,12,2009,-10.796666666666667,14.88,7.76,10.97
25781,11,5,12,2009,-11.535000000000002,14.39,7.41,10.46
25782,11,6,12,2009,-11.588333333333333,13.93,7.97,10.87
25783,11,7,12,2009,-11.862499999999999,14.27,7.62,10.61
25784,11,8,12,2009,-11.3725,14.21,7.61,10.61
25785,11,9,12,2009,-11.728333333333332,13.09,6.65,9.76
25786,11,10,12,2009,-11.969166666666668,12.88,6.71,9.85
25787,11,11,12,2009,-11.966666666666669,12.5,6.95,9.75
25788,11,12,12,2009,-12.435,12.07,6.6400000000000015,9.45
25789,11,13,12,2009,-12.735,12.24,6.47,9.43
25790,11,14,12,2009,-11.385833333333336,11.69,6.3500000000000005,9.11
25791,11,15,12,2009,-9.655833333333332,11.67,6.3500000000000005,8.98
25792,11,16,12,2009,-8.231666666666667,10.36,5.79,7.55
25793,11,17,12,2009,-7.023333333333333,9.69,5.09,6.8900000000000015
25794,11,18,12,2009,-5.470833333333334,8.92,4.57,6.2
25795,11,19,12,2009,-4.408333333333333,7.5,4.13,5.48
25796,11,20,12,2009,-4.075833333333333,6.74,3.7,4.96
25797,11,21,12,2009,-5.081666666666667,7.63,3.02,5.39
25798,11,22,12,2009,-7.2108333333333325,8.870000000000003,4.07,7.32
25799,11,23,12,2009,-7.821666666666665,9.2,4.1,7.57
25800,12,0,12,2009,-7.551666666666667,9.53,4.0200000000000005,7.79
25801,12,1,12,2009,-8.915000000000001,10.0,3.96,7.73
25802,12,2,12,2009,-7.375,10.23,4.03,7.9300000000000015
25803,12,3,12,2009,-7.404166666666668,10.51,4.08,8.02
25804,12,4,12,2009,-7.059166666666667,10.6,4.55,8.08
25805,12,5,12,2009,-7.9075,12.05,3.91,8.16
25806,12,6,12,2009,-6.572500000000001,12.67,5.17,8.84
25807,12,7,12,2009,-6.2075000000000005,13.19,4.92,8.73
25808,12,8,12,2009,-6.368333333333333,13.62,5.41,9.09
25809,12,9,12,2009,-6.719166666666666,13.42,5.4,9.16
25810,12,10,12,2009,-7.036666666666666,12.7,5.03,8.75
25811,12,11,12,2009,-5.669166666666668,11.65,4.19,7.25
25812,12,12,12,2009,-5.774166666666667,10.33,4.15,6.57
25813,12,13,12,2009,-5.771666666666667,11.35,5.26,7.6
25814,12,14,12,2009,-5.275833333333334,11.9,6.0600000000000005,8.31
25815,12,15,12,2009,-4.4775,10.79,6.09,8.09
25816,12,16,12,2009,-3.9250000000000003,8.48,4.64,6.23
25817,12,17,12,2009,-2.7358333333333333,9.07,5.16,6.83
25818,12,18,12,2009,-1.944166666666667,8.98,5.23,6.94
25819,12,19,12,2009,-1.9349999999999998,8.77,5.19,6.8500000000000005
25820,12,20,12,2009,-1.7041666666666668,8.540000000000001,4.49,6.09
25821,12,21,12,2009,-1.6291666666666667,8.71,3.75,5.3500000000000005
25822,12,22,12,2009,-3.4783333333333335,10.23,3.28,7.07
25823,12,23,12,2009,-3.4983333333333335,11.66,4.7,7.99
25824,13,0,12,2009,-3.7616666666666667,11.97,4.68,8.0
25825,13,1,12,2009,-4.6875,11.42,5.0600000000000005,8.36
25826,13,2,12,2009,-3.739999999999999,11.08,5.2,8.28
25827,13,3,12,2009,-3.85,10.9,5.43,8.45
25828,13,4,12,2009,-4.53,9.41,5.12,8.040000000000001
25829,13,5,12,2009,-5.905000000000001,9.28,4.46,7.29
25830,13,6,12,2009,-6.570833333333334,10.4,4.87,7.53
25831,13,7,12,2009,-7.1450000000000005,10.23,4.5600000000000005,7.27
25832,13,8,12,2009,-7.258333333333333,9.6,4.98,7.5
25833,13,9,12,2009,-6.486666666666667,10.07,5.03,7.48
25834,13,10,12,2009,-7.078333333333334,9.8,4.71,7.68
25835,13,11,12,2009,-8.035833333333334,7.68,4.34,6.96
25836,13,12,12,2009,-8.770833333333332,6.38,3.46,5.64
25837,13,13,12,2009,-9.237499999999999,5.58,3.5,5.73
25838,13,14,12,2009,-9.701666666666668,5.15,3.38,5.5
25839,13,15,12,2009,-9.146666666666667,5.18,3.3000000000000003,5.1000000000000005
25840,13,16,12,2009,-8.860833333333332,4.82,2.34,3.51
25841,13,17,12,2009,-7.954166666666666,3.7,1.86,2.0
25842,13,18,12,2009,-7.050833333333333,3.1,2.0,2.09
25843,13,19,12,2009,-6.6675,2.56,1.97,2.06
25844,13,20,12,2009,-6.381666666666667,3.48,2.35,2.66
25845,13,21,12,2009,-6.675000000000001,4.29,2.41,3.51
25846,13,22,12,2009,-8.095833333333333,5.28,2.07,3.74
25847,13,23,12,2009,-8.6625,5.72,2.25,3.8
25848,14,0,12,2009,-8.886666666666668,5.82,2.22,3.68
25849,14,1,12,2009,-8.684166666666668,5.97,1.87,3.86
25850,14,2,12,2009,-8.526666666666669,5.86,1.72,3.63
25851,14,3,12,2009,-4.5075,6.72,2.35,4.13
25852,14,4,12,2009,-2.7733333333333334,5.88,1.91,3.29
25853,14,5,12,2009,-4.724166666666668,3.95,2.2,2.46
25854,14,6,12,2009,-7.338333333333334,4.49,3.51,5.05
25855,14,7,12,2009,-9.200833333333334,8.97,5.3500000000000005,7.01
25856,14,8,12,2009,-10.969999999999999,11.4,6.47,8.74
25857,14,9,12,2009,-11.991666666666667,12.69,7.37,9.79
25858,14,10,12,2009,-13.124166666666667,13.64,8.040000000000001,10.63
25859,14,11,12,2009,-13.350833333333334,14.19,8.58,11.23
25860,14,12,12,2009,-13.239166666666664,13.89,8.290000000000001,10.9
25861,14,13,12,2009,-13.4975,14.48,9.21,11.77
25862,14,14,12,2009,-14.016666666666666,14.17,9.3,11.78
25863,14,15,12,2009,-14.38166666666667,14.18,9.34,11.8
25864,14,16,12,2009,-14.155000000000001,12.69,7.91,9.94
25865,14,17,12,2009,-13.949166666666668,10.87,7.85,9.6
25866,14,18,12,2009,-13.730833333333331,10.37,7.67,9.33
25867,14,19,12,2009,-13.574166666666668,10.27,7.57,9.22
25868,14,20,12,2009,-13.574999999999998,10.18,7.47,9.11
25869,14,21,12,2009,-13.785833333333334,9.66,6.75,8.39
25870,14,22,12,2009,-14.814166666666665,10.06,4.91,6.97
25871,14,23,12,2009,-16.224166666666672,10.25,4.05,7.15
25872,15,0,12,2009,-16.645833333333332,10.74,4.21,7.4
25873,15,1,12,2009,-17.050833333333333,11.02,4.19,7.57
25874,15,2,12,2009,-17.289166666666667,10.95,4.41,7.72
25875,15,3,12,2009,-17.046666666666667,10.79,4.94,7.74
25876,15,4,12,2009,-17.123333333333335,10.58,4.76,7.49
25877,15,5,12,2009,-17.129166666666663,10.87,5.33,7.9
25878,15,6,12,2009,-17.268333333333334,10.85,5.3100000000000005,7.87
25879,15,7,12,2009,-17.486666666666668,10.7,5.3500000000000005,7.86
25880,15,8,12,2009,-17.716666666666672,10.76,5.51,8.0
25881,15,9,12,2009,-17.845000000000002,10.81,5.58,8.06
25882,15,10,12,2009,-18.18166666666667,10.43,5.25,7.76
25883,15,11,12,2009,-18.425,10.61,5.17,7.71
25884,15,12,12,2009,-18.855833333333333,10.7,4.94,7.6
25885,15,13,12,2009,-19.886666666666667,9.75,3.93,6.84
25886,15,14,12,2009,-19.595000000000002,9.03,4.09,6.51
25887,15,15,12,2009,-18.418333333333333,7.91,4.12,5.67
25888,15,16,12,2009,-17.551666666666666,6.72,3.52,4.3
25889,15,17,12,2009,-16.331666666666667,4.3,2.62,3.02
25890,15,18,12,2009,-15.494166666666665,3.09,2.52,2.9
25891,15,19,12,2009,-14.98666666666667,2.72,2.3000000000000003,2.64
25892,15,20,12,2009,-14.634166666666667,1.88,1.63,1.85
25893,15,21,12,2009,-14.619999999999997,2.0,1.41,1.81
25894,15,22,12,2009,-15.9225,2.36,1.04,2.01
25895,15,23,12,2009,-16.846666666666664,2.15,1.02,1.71
25896,16,0,12,2009,-16.514166666666664,2.07,1.42,2.01
25897,16,1,12,2009,-16.081666666666667,3.24,2.08,3.18
25898,16,2,12,2009,-15.719166666666666,4.37,2.62,4.18
25899,16,3,12,2009,-15.562500000000005,5.86,3.15,5.17
25900,16,4,12,2009,-15.6325,7.3900000000000015,3.75,6.2700000000000005
25901,16,5,12,2009,-14.8675,8.57,4.12,6.7700000000000005
25902,16,6,12,2009,-15.005000000000003,9.55,4.17,6.99
25903,16,7,12,2009,-13.9825,10.99,5.19,7.91
25904,16,8,12,2009,-13.44,11.69,5.33,8.07
25905,16,9,12,2009,-13.351666666666665,11.91,5.23,7.95
25906,16,10,12,2009,-13.28,12.05,5.01,7.84
25907,16,11,12,2009,-13.076666666666668,11.99,4.98,7.82
25908,16,12,12,2009,-12.590833333333334,11.97,5.23,8.0
25909,16,13,12,2009,-11.925833333333335,12.07,5.43,8.17
25910,16,14,12,2009,-10.848333333333334,12.11,5.91,8.25
25911,16,15,12,2009,-8.711666666666666,11.36,5.91,8.11
25912,16,16,12,2009,-6.581666666666667,9.72,5.73,7.51
25913,16,17,12,2009,-5.0008333333333335,8.18,4.46,6.11
25914,16,18,12,2009,-3.785833333333333,6.84,3.96,4.86
25915,16,19,12,2009,-2.7566666666666664,6.1400000000000015,3.5700000000000003,4.3100000000000005
25916,16,20,12,2009,-2.1,5.3,2.77,3.48
25917,16,21,12,2009,-2.5116666666666663,5.8,2.31,4.2700000000000005
25918,16,22,12,2009,-4.175,7.7,3.12,5.97
25919,16,23,12,2009,-4.609166666666667,9.47,3.15,6.51
25920,17,0,12,2009,-4.006666666666667,10.45,4.39,7.5
25921,17,1,12,2009,-3.953333333333333,10.95,4.79,7.37
25922,17,2,12,2009,-2.9733333333333327,10.77,4.8,7.27
25923,17,3,12,2009,-2.9333333333333336,10.99,4.93,7.48
25924,17,4,12,2009,-3.025833333333333,11.85,5.19,7.84
25925,17,5,12,2009,-3.2325000000000004,12.0,5.15,8.02
25926,17,6,12,2009,-2.3641666666666667,11.92,5.15,7.9300000000000015
25927,17,7,12,2009,-1.8999999999999997,12.88,6.11,8.93
25928,17,8,12,2009,-1.8166666666666667,13.04,6.47,9.19
25929,17,9,12,2009,-2.1316666666666664,12.61,6.07,8.69
25930,17,10,12,2009,-2.0141666666666667,13.43,6.79,9.8
25931,17,11,12,2009,-2.4466666666666668,13.6,6.95,9.95
25932,17,12,12,2009,-2.686666666666667,12.14,5.15,8.26
25933,17,13,12,2009,-2.7116666666666664,10.93,5.4,7.96
25934,17,14,12,2009,-2.8516666666666666,10.45,5.19,7.62
25935,17,15,12,2009,-2.8175000000000003,9.58,5.23,6.99
25936,17,16,12,2009,-2.674166666666667,7.97,5.03,6.6000000000000005
25937,17,17,12,2009,-2.110833333333333,5.96,3.87,4.49
25938,17,18,12,2009,-1.4058333333333335,3.89,2.83,3.21
25939,17,19,12,2009,-1.1274999999999997,3.0500000000000003,2.49,2.79
25940,17,20,12,2009,-1.2275,2.42,2.31,2.57
25941,17,21,12,2009,-2.151666666666667,3.04,2.32,2.68
25942,17,22,12,2009,-3.214166666666667,4.76,2.82,4.16
25943,17,23,12,2009,-3.4874999999999994,5.94,3.47,4.79
25944,18,0,12,2009,-3.850833333333334,7.58,3.92,5.79
25945,18,1,12,2009,-4.5525,8.09,4.14,6.33
25946,18,2,12,2009,-4.560833333333334,8.0,4.18,6.08
25947,18,3,12,2009,-4.6625000000000005,7.83,3.99,5.68
25948,18,4,12,2009,-4.644166666666668,7.84,4.54,5.97
25949,18,5,12,2009,-4.475833333333333,7.37,4.45,5.82
25950,18,6,12,2009,-4.29,6.9,4.1,5.42
25951,18,7,12,2009,-4.103333333333334,6.6000000000000005,3.92,5.37
25952,18,8,12,2009,-4.2825,6.61,4.16,5.39
25953,18,9,12,2009,-4.482500000000001,6.93,4.3100000000000005,5.62
25954,18,10,12,2009,-4.6358333333333315,7.21,4.39,5.7700000000000005
25955,18,11,12,2009,-4.668333333333334,7.57,4.67,6.11
25956,18,12,12,2009,-4.595833333333332,7.38,4.54,5.95
25957,18,13,12,2009,-4.558333333333333,7.07,4.36,5.71
25958,18,14,12,2009,-4.316666666666667,7.19,4.53,5.88
25959,18,15,12,2009,-3.9383333333333326,7.08,4.09,5.62
25960,18,16,12,2009,-3.3874999999999997,6.19,4.32,5.1000000000000005
25961,18,17,12,2009,-2.8533333333333335,5.55,4.3100000000000005,5.09
25962,18,18,12,2009,-2.271666666666666,5.63,4.44,5.26
25963,18,19,12,2009,-1.8899999999999997,5.48,4.32,5.13
25964,18,20,12,2009,-1.8216666666666665,5.9,4.36,5.2
25965,18,21,12,2009,-2.060833333333333,8.040000000000001,4.3500000000000005,6.23
25966,18,22,12,2009,-2.5833333333333335,9.46,4.7700000000000005,7.19
25967,18,23,12,2009,-3.055,9.7,4.68,7.18
25968,19,0,12,2009,-3.6341666666666668,10.47,4.45,7.2
25969,19,1,12,2009,-4.285833333333334,10.58,4.58,7.54
25970,19,2,12,2009,-4.471666666666667,11.05,5.2,8.03
25971,19,3,12,2009,-4.963333333333334,11.2,5.26,8.02
25972,19,4,12,2009,-5.720833333333334,11.55,5.45,8.26
25973,19,5,12,2009,-6.301666666666667,11.83,6.21,8.870000000000003
25974,19,6,12,2009,-6.933333333333334,11.56,6.03,8.66
25975,19,7,12,2009,-7.323333333333333,11.49,6.67,8.97
25976,19,8,12,2009,-7.5825,11.55,6.65,8.950000000000003
25977,19,9,12,2009,-8.17,12.27,7.65,10.07
25978,19,10,12,2009,-8.655833333333332,12.49,7.77,10.21
25979,19,11,12,2009,-9.683333333333334,11.54,6.43,8.74
25980,19,12,12,2009,-10.101666666666667,11.49,6.3,8.72
25981,19,13,12,2009,-10.433333333333334,11.11,5.88,8.26
25982,19,14,12,2009,-10.471666666666666,11.14,6.23,8.28
25983,19,15,12,2009,-10.011666666666665,10.54,6.3900000000000015,8.36
25984,19,16,12,2009,-9.345833333333333,9.13,4.8100000000000005,6.91
25985,19,17,12,2009,-8.457500000000001,7.17,4.49,5.49
25986,19,18,12,2009,-7.908333333333334,6.03,4.03,4.75
25987,19,19,12,2009,-7.293333333333334,4.7700000000000005,3.5,4.11
25988,19,20,12,2009,-6.865833333333334,4.78,3.28,3.9
25989,19,21,12,2009,-7.114999999999999,5.44,2.45,3.97
25990,19,22,12,2009,-8.527499999999998,6.01,2.56,5.29
25991,19,23,12,2009,-9.298333333333334,6.0,2.76,5.48
25992,20,0,12,2009,-9.601666666666668,4.89,2.76,4.46
25993,20,1,12,2009,-9.7625,3.9,2.5500000000000003,3.75
25994,20,2,12,2009,-9.430833333333332,2.85,2.08,2.98
25995,20,3,12,2009,-9.201666666666668,1.98,2.32,2.23
25996,20,4,12,2009,-8.666666666666668,2.7,2.43,2.83
25997,20,5,12,2009,-8.110000000000001,3.95,2.59,3.89
25998,20,6,12,2009,-8.296666666666665,5.86,3.49,5.1000000000000005
25999,20,7,12,2009,-7.629166666666669,6.98,3.6,5.69
26000,20,8,12,2009,-6.136666666666667,7.8900000000000015,4.05,5.68
26001,20,9,12,2009,-5.694166666666667,9.13,4.1,6.37
26002,20,10,12,2009,-5.514166666666667,10.08,4.86,7.1400000000000015
26003,20,11,12,2009,-5.4991666666666665,11.27,5.46,8.040000000000001
26004,20,12,12,2009,-4.911666666666666,12.28,6.41,8.93
26005,20,13,12,2009,-4.4333333333333345,12.81,6.98,9.6
26006,20,14,12,2009,-3.6966666666666668,12.77,7.33,9.71
26007,20,15,12,2009,-3.1333333333333333,12.43,7.63,9.85
26008,20,16,12,2009,-2.8808333333333334,11.62,6.99,9.32
26009,20,17,12,2009,-1.5691666666666668,9.47,5.71,7.83
26010,20,18,12,2009,-0.5191666666666667,7.67,4.23,5.58
26011,20,19,12,2009,0.3308333333333333,8.22,4.37,5.98
26012,20,20,12,2009,0.8075,8.36,3.96,5.6000000000000005
26013,20,21,12,2009,0.3400000000000001,8.790000000000001,3.5500000000000003,5.55
26014,20,22,12,2009,-1.4925000000000004,10.12,3.72,6.97
26015,20,23,12,2009,-2.63,9.32,4.33,6.94
26016,21,0,12,2009,-2.746666666666666,10.35,4.25,7.8
26017,21,1,12,2009,-2.704166666666667,10.57,4.46,7.68
26018,21,2,12,2009,-3.0333333333333337,11.25,4.8,7.86
26019,21,3,12,2009,-5.420000000000001,10.34,3.34,7.04
26020,21,4,12,2009,-5.609166666666667,9.97,4.23,7.67
26021,21,5,12,2009,-6.256666666666667,8.36,4.0,7.23
26022,21,6,12,2009,-6.604166666666668,6.58,3.23,6.3500000000000005
26023,21,7,12,2009,-6.733333333333334,4.95,2.75,4.58
26024,21,8,12,2009,-6.951666666666667,3.28,1.4,2.63
26025,21,9,12,2009,-6.929166666666667,2.19,0.68,1.22
26026,21,10,12,2009,-6.916666666666667,1.4,0.38,0.97
26027,21,11,12,2009,-6.685,1.9,1.73,2.3000000000000003
26028,21,12,12,2009,-6.447500000000001,3.49,2.41,3.65
26029,21,13,12,2009,-5.8175,4.1,3.23,5.0
26030,21,14,12,2009,-5.5058333333333325,7.37,4.21,6.0600000000000005
26031,21,15,12,2009,-4.335000000000001,8.51,4.47,6.12
26032,21,16,12,2009,-3.1791666666666667,8.370000000000001,4.0600000000000005,5.55
26033,21,17,12,2009,-1.9141666666666672,7.57,4.07,5.0600000000000005
26034,21,18,12,2009,-1.0883333333333334,6.73,3.89,4.69
26035,21,19,12,2009,-0.4116666666666667,7.58,4.2,5.25
26036,21,20,12,2009,0.14416666666666667,7.9300000000000015,4.42,5.84
26037,21,21,12,2009,0.40916666666666673,7.9300000000000015,4.18,5.73
26038,21,22,12,2009,0.16,9.04,4.36,6.41
26039,21,23,12,2009,-0.085,9.16,4.53,6.5200000000000005
26040,22,0,12,2009,-0.12000000000000001,9.83,4.84,6.92
26041,22,1,12,2009,0.24250000000000002,10.79,5.45,7.72
26042,22,2,12,2009,-0.47083333333333327,10.91,5.32,7.68
26043,22,3,12,2009,-2.3066666666666666,10.46,2.76,6.0
26044,22,4,12,2009,-3.18,10.61,2.92,6.5
26045,22,5,12,2009,-3.465,10.35,2.89,6.69
26046,22,6,12,2009,-3.2008333333333336,9.81,2.82,6.45
26047,22,7,12,2009,-3.9275,8.46,2.42,5.83
26048,22,8,12,2009,-4.910833333333334,6.93,1.68,5.1000000000000005
26049,22,9,12,2009,-4.238333333333334,4.98,1.95,4.24
26050,22,10,12,2009,-4.3325000000000005,3.02,1.09,2.4
26051,22,11,12,2009,-4.8741666666666665,2.98,1.36,2.77
26052,22,12,12,2009,-5.642500000000001,3.59,1.38,2.88
26053,22,13,12,2009,-6.330833333333334,4.53,2.5,4.16
26054,22,14,12,2009,-7.159999999999999,4.69,2.81,4.61
26055,22,15,12,2009,-6.490000000000001,5.68,3.27,4.91
26056,22,16,12,2009,-6.265000000000001,5.92,3.15,4.76
26057,22,17,12,2009,-5.854166666666667,5.8500000000000005,2.71,4.2
26058,22,18,12,2009,-5.583333333333333,5.16,2.68,3.9
26059,22,19,12,2009,-5.485833333333333,5.42,3.02,4.45
26060,22,20,12,2009,-5.514166666666668,5.34,3.04,4.05
26061,22,21,12,2009,-5.104166666666667,5.26,2.83,3.62
26062,22,22,12,2009,-4.718333333333334,5.36,2.78,3.78
26063,22,23,12,2009,-4.474166666666667,6.19,3.0500000000000003,4.48
26064,23,0,12,2009,-3.9083333333333337,6.5600000000000005,3.16,4.59
26065,23,1,12,2009,-3.25,6.8900000000000015,3.23,4.83
26066,23,2,12,2009,-2.0524999999999998,6.91,3.56,5.08
26067,23,3,12,2009,-1.0758333333333334,6.71,4.08,5.26
26068,23,4,12,2009,-0.89,6.93,4.41,5.67
26069,23,5,12,2009,-0.8924999999999997,7.26,4.6000000000000005,5.95
26070,23,6,12,2009,-0.8308333333333332,7.71,4.95,6.34
26071,23,7,12,2009,-0.6158333333333333,7.9,5.08,6.5
26072,23,8,12,2009,-0.2641666666666667,8.36,5.28,6.78
26073,23,9,12,2009,-0.08,9.13,5.55,7.33
26074,23,10,12,2009,0.04666666666666667,9.74,5.75,7.65
26075,23,11,12,2009,0.13499999999999998,9.81,5.91,7.76
26076,23,12,12,2009,0.17499999999999996,10.13,6.38,8.27
26077,23,13,12,2009,0.16749999999999998,10.26,6.43,8.34
26078,23,14,12,2009,0.1266666666666667,10.8,6.8500000000000005,8.84
26079,23,15,12,2009,0.12250000000000001,9.16,5.8,7.47
26080,23,16,12,2009,0.016666666666666666,8.52,5.15,6.8100000000000005
26081,23,17,12,2009,0.01916666666666667,8.3,5.2700000000000005,6.79
26082,23,18,12,2009,0.065,8.16,5.22,6.7
26083,23,19,12,2009,0.1025,7.5,4.8100000000000005,6.16
26084,23,20,12,2009,0.08916666666666667,7.9300000000000015,4.83,6.33
26085,23,21,12,2009,0.09416666666666666,7.95,4.9,6.28
26086,23,22,12,2009,0.06000000000000002,5.94,3.81,4.86
26087,23,23,12,2009,0.05333333333333334,5.82,3.89,4.92
26088,24,0,12,2009,0.06583333333333335,5.91,4.03,5.17
26089,24,1,12,2009,0.03333333333333335,6.16,3.85,5.0
26090,24,2,12,2009,0.06499999999999999,6.38,4.01,5.28
26091,24,3,12,2009,0.12166666666666669,7.01,4.5600000000000005,5.91
26092,24,4,12,2009,0.08833333333333332,7.35,4.68,6.1000000000000005
26093,24,5,12,2009,0.08999999999999998,8.41,5.43,7.03
26094,24,6,12,2009,0.06750000000000002,9.08,5.84,7.57
26095,24,7,12,2009,-0.10083333333333333,10.58,6.92,8.93
26096,24,8,12,2009,-0.38250000000000006,11.44,7.51,9.67
26097,24,9,12,2009,-1.1141666666666667,11.4,7.52,9.67
26098,24,10,12,2009,-1.695,11.55,7.62,9.8
26099,24,11,12,2009,-2.1225,12.41,7.77,10.05
26100,24,12,12,2009,-2.7775,14.75,8.85,11.54
26101,24,13,12,2009,-3.5058333333333334,14.87,9.79,12.52
26102,24,14,12,2009,-4.299166666666666,15.74,9.39,12.84
26103,24,15,12,2009,-4.738333333333332,15.82,9.22,12.74
26104,24,16,12,2009,-5.2475000000000005,15.7,9.8,12.55
26105,24,17,12,2009,-6.557500000000001,15.89,10.76,13.68
26106,24,18,12,2009,-7.829166666666667,15.88,10.56,13.37
26107,24,19,12,2009,-8.58,16.61,11.14,14.18
26108,24,20,12,2009,-9.304166666666667,16.84,10.04,12.85
26109,24,21,12,2009,-9.881666666666668,17.02,9.87,14.28
26110,24,22,12,2009,-10.4225,17.37,11.4,14.58
26111,24,23,12,2009,-10.618333333333334,18.21,12.42,15.75
26112,25,0,12,2009,-10.213333333333333,18.88,12.9,16.35
26113,25,1,12,2009,-10.331666666666667,18.83,12.83,16.29
26114,25,2,12,2009,-10.479999999999999,18.8,12.81,16.27
26115,25,3,12,2009,-10.601666666666667,18.63,12.77,16.15
26116,25,4,12,2009,-10.85,18.53,12.78,16.12
26117,25,5,12,2009,-11.253333333333332,18.75,13.01,16.330000000000002
26118,25,6,12,2009,-11.64,18.96,13.17,16.5
26119,25,7,12,2009,-11.9825,19.58,13.61,17.04
26120,25,8,12,2009,-12.258333333333335,19.56,13.58,17.02
26121,25,9,12,2009,-12.53,19.01,13.18,16.52
26122,25,10,12,2009,-12.853333333333332,18.77,13.02,16.3
26123,25,11,12,2009,-13.199166666666665,18.22,12.64,15.81
26124,25,12,12,2009,-13.472500000000004,17.95,12.38,15.5
26125,25,13,12,2009,-13.637499999999998,17.41,11.94,14.98
26126,25,14,12,2009,-13.573333333333332,16.97,11.65,14.59
26127,25,15,12,2009,-13.241666666666667,16.54,11.51,14.33
26128,25,16,12,2009,-12.812500000000002,15.3,9.79,12.13
26129,25,17,12,2009,-12.249166666666667,14.8,10.24,12.62
26130,25,18,12,2009,-11.786666666666667,15.03,10.44,12.83
26131,25,19,12,2009,-11.490833333333335,16.330000000000002,11.22,13.79
26132,25,20,12,2009,-11.360833333333332,17.26,10.92,13.41
26133,25,21,12,2009,-11.02833333333333,18.06,12.85,15.77
26134,25,22,12,2009,-10.405,17.81,12.57,15.47
26135,25,23,12,2009,-9.991666666666667,17.25,12.19,15.0
26136,26,0,12,2009,-9.67,17.51,12.4,15.23
26137,26,1,12,2009,-9.329166666666667,17.67,12.57,15.41
26138,26,2,12,2009,-9.0175,17.44,12.41,15.2
26139,26,3,12,2009,-8.663333333333334,17.42,12.42,15.19
26140,26,4,12,2009,-8.246666666666666,17.3,12.38,15.11
26141,26,5,12,2009,-7.765000000000001,16.73,11.95,14.59
26142,26,6,12,2009,-7.36,15.41,10.87,13.32
26143,26,7,12,2009,-7.169999999999999,15.16,10.51,12.98
26144,26,8,12,2009,-7.326666666666667,15.19,10.46,12.93
26145,26,9,12,2009,-7.439166666666668,14.64,9.98,12.4
26146,26,10,12,2009,-6.925833333333333,14.69,10.11,12.52
26147,26,11,12,2009,-6.820833333333333,15.0,10.14,12.58
26148,26,12,12,2009,-7.210000000000001,15.12,10.45,12.91
26149,26,13,12,2009,-7.069166666666667,14.97,10.37,12.83
26150,26,14,12,2009,-7.9383333333333335,14.62,9.86,12.31
26151,26,15,12,2009,-7.954999999999998,14.81,10.23,12.68
26152,26,16,12,2009,-7.746666666666666,14.68,10.16,12.59
26153,26,17,12,2009,-7.124166666666667,11.92,8.08,9.74
26154,26,18,12,2009,-6.7991666666666655,10.56,7.9,9.45
26155,26,19,12,2009,-6.653333333333335,10.47,7.85,9.39
26156,26,20,12,2009,-6.801666666666666,10.53,7.72,9.27
26157,26,21,12,2009,-7.298333333333333,11.14,7.6400000000000015,9.41
26158,26,22,12,2009,-7.859166666666667,11.53,7.32,9.27
26159,26,23,12,2009,-8.27,11.82,7.3900000000000015,9.51
26160,27,0,12,2009,-8.5725,12.0,7.58,9.66
26161,27,1,12,2009,-8.360000000000001,10.98,7.28,9.14
26162,27,2,12,2009,-8.389999999999999,10.97,7.1000000000000005,9.02
26163,27,3,12,2009,-9.135,11.93,6.43,8.950000000000003
26164,27,4,12,2009,-9.573333333333332,12.64,7.32,9.8
26165,27,5,12,2009,-9.882500000000002,11.9,6.93,9.19
26166,27,6,12,2009,-9.805,11.7,7.17,9.15
26167,27,7,12,2009,-9.06,11.77,7.92,9.9
26168,27,8,12,2009,-8.765833333333333,11.82,8.06,10.03
26169,27,9,12,2009,-8.9675,11.81,7.81,9.87
26170,27,10,12,2009,-9.576666666666668,11.81,7.3,9.47
26171,27,11,12,2009,-10.489166666666666,12.62,7.0,9.2
26172,27,12,12,2009,-11.898333333333332,13.34,6.16,9.16
26173,27,13,12,2009,-12.51,14.48,8.34,11.13
26174,27,14,12,2009,-12.090833333333334,14.57,8.52,11.28
26175,27,15,12,2009,-12.025833333333333,14.16,8.58,11.09
26176,27,16,12,2009,-11.588333333333333,12.98,8.61,10.73
26177,27,17,12,2009,-10.721666666666666,11.23,6.8,9.33
26178,27,18,12,2009,-9.74,8.84,5.39,6.8
26179,27,19,12,2009,-9.0675,8.22,4.95,6.41
26180,27,20,12,2009,-8.494166666666665,8.55,5.37,6.8900000000000015
26181,27,21,12,2009,-8.970833333333335,10.21,4.17,7.0
26182,27,22,12,2009,-10.228333333333333,12.06,4.8500000000000005,8.290000000000001
26183,27,23,12,2009,-10.134166666666667,12.47,5.15,8.46
26184,28,0,12,2009,-10.686666666666667,13.46,6.16,9.22
26185,28,1,12,2009,-10.230833333333335,13.55,6.38,9.34
26186,28,2,12,2009,-9.961666666666666,13.5,6.54,9.48
26187,28,3,12,2009,-10.041666666666666,14.01,7.1400000000000015,10.08
26188,28,4,12,2009,-9.633333333333335,13.96,7.12,10.05
26189,28,5,12,2009,-10.5175,12.69,5.93,8.74
26190,28,6,12,2009,-10.722499999999998,12.51,5.6000000000000005,8.47
26191,28,7,12,2009,-10.220833333333333,12.94,6.45,9.2
26192,28,8,12,2009,-8.946666666666665,13.14,6.87,9.62
26193,28,9,12,2009,-8.412500000000001,13.36,6.91,9.8
26194,28,10,12,2009,-8.376666666666667,13.44,7.01,9.88
26195,28,11,12,2009,-9.602500000000001,13.38,6.2700000000000005,9.39
26196,28,12,12,2009,-9.240833333333333,12.78,6.73,9.49
26197,28,13,12,2009,-9.06,12.9,6.78,9.63
26198,28,14,12,2009,-8.705833333333333,13.37,7.67,10.32
26199,28,15,12,2009,-7.971666666666667,13.34,8.02,10.37
26200,28,16,12,2009,-7.641666666666667,12.59,7.99,10.18
26201,28,17,12,2009,-7.357499999999999,10.79,7.12,8.89
26202,28,18,12,2009,-7.253333333333335,9.07,6.8500000000000005,8.2
26203,28,19,12,2009,-7.464166666666667,8.96,6.8,8.13
26204,28,20,12,2009,-7.689166666666666,8.58,6.19,7.46
26205,28,21,12,2009,-8.340833333333334,9.51,5.6000000000000005,7.13
26206,28,22,12,2009,-10.085,10.36,4.6000000000000005,7.75
26207,28,23,12,2009,-11.433333333333332,12.15,4.96,8.45
26208,29,0,12,2009,-12.077500000000002,12.57,5.74,9.2
26209,29,1,12,2009,-13.295,12.13,5.0,8.61
26210,29,2,12,2009,-14.238333333333335,12.1,5.07,8.71
26211,29,3,12,2009,-15.842500000000001,11.79,4.62,8.36
26212,29,4,12,2009,-17.040833333333335,11.0,4.0,7.95
26213,29,5,12,2009,-18.050833333333333,8.58,3.73,7.28
26214,29,6,12,2009,-18.87833333333333,7.17,3.63,6.67
26215,29,7,12,2009,-19.5575,6.21,3.17,5.4
26216,29,8,12,2009,-19.646666666666665,5.0200000000000005,2.41,3.99
26217,29,9,12,2009,-19.81416666666667,4.17,2.18,3.58
26218,29,10,12,2009,-19.7975,3.08,1.24,2.44
26219,29,11,12,2009,-19.294166666666666,2.67,0.76,1.92
26220,29,12,12,2009,-18.958333333333332,2.53,0.2,1.32
26221,29,13,12,2009,-18.835833333333333,2.79,0.26,1.42
26222,29,14,12,2009,-18.186666666666667,3.0500000000000003,0.52,1.72
26223,29,15,12,2009,-16.82916666666667,3.81,1.38,2.47
26224,29,16,12,2009,-14.995,3.9,1.68,2.33
26225,29,17,12,2009,-13.630833333333335,4.15,1.8,1.95
26226,29,18,12,2009,-12.268333333333333,4.23,2.48,2.7
26227,29,19,12,2009,-11.356666666666667,4.4,3.0500000000000003,3.4
26228,29,20,12,2009,-11.059166666666668,5.08,3.23,3.63
26229,29,21,12,2009,-10.923333333333334,5.7,3.29,4.25
26230,29,22,12,2009,-11.364166666666668,7.79,3.91,5.61
26231,29,23,12,2009,-11.376666666666665,8.65,4.49,6.2
26232,30,0,12,2009,-10.842500000000001,9.27,5.28,6.99
26233,30,1,12,2009,-9.988333333333333,9.42,5.63,7.31
26234,30,2,12,2009,-9.264999999999999,9.5,5.61,7.32
26235,30,3,12,2009,-8.359166666666667,10.72,6.71,8.6
26236,30,4,12,2009,-7.484166666666666,10.97,7.3900000000000015,9.18
26237,30,5,12,2009,-6.184166666666666,10.78,6.96,8.76
26238,30,6,12,2009,-5.371666666666667,10.18,6.62,8.370000000000001
26239,30,7,12,2009,-5.185,10.21,7.01,8.69
26240,30,8,12,2009,-4.691666666666666,10.34,7.17,8.870000000000003
26241,30,9,12,2009,-3.8874999999999993,10.08,6.88,8.56
26242,30,10,12,2009,-3.2591666666666668,9.58,6.36,8.01
26243,30,11,12,2009,-2.8524999999999996,9.14,6.0,7.59
26244,30,12,12,2009,-2.611666666666667,9.02,5.94,7.51
26245,30,13,12,2009,-2.431666666666667,8.91,5.83,7.4
26246,30,14,12,2009,-2.3333333333333335,8.61,5.58,7.11
26247,30,15,12,2009,-2.0641666666666665,8.46,5.66,7.09
26248,30,16,12,2009,-1.721666666666667,8.3,5.14,6.45
26249,30,17,12,2009,-1.2041666666666666,6.87,5.09,6.03
26250,30,18,12,2009,-0.81,6.41,4.87,5.75
26251,30,19,12,2009,-0.6066666666666668,6.04,4.41,5.2700000000000005
26252,30,20,12,2009,-0.5241666666666668,5.91,4.0200000000000005,4.82
26253,30,21,12,2009,-0.4808333333333333,5.88,3.68,4.71
26254,30,22,12,2009,-0.53,6.05,3.75,4.8500000000000005
26255,30,23,12,2009,-0.6725,6.28,3.54,4.79
26256,31,0,12,2009,-0.8633333333333333,6.92,3.6,5.12
26257,31,1,12,2009,-2.9175000000000004,11.69,7.8,9.8
26258,31,2,12,2009,-6.828333333333334,11.27,5.83,8.15
26259,31,3,12,2009,-8.379166666666668,12.38,5.9,9.0
26260,31,4,12,2009,-9.494166666666667,12.64,6.1000000000000005,9.11
26261,31,5,12,2009,-10.343333333333332,13.01,6.23,9.27
26262,31,6,12,2009,-11.104999999999999,12.51,6.05,8.94
26263,31,7,12,2009,-11.906666666666666,12.83,6.67,9.42
26264,31,8,12,2009,-12.740833333333333,12.74,6.57,9.32
26265,31,9,12,2009,-13.512499999999998,12.91,6.8100000000000005,9.56
26266,31,10,12,2009,-14.339166666666666,12.84,6.51,9.3
26267,31,11,12,2009,-15.064166666666667,12.72,6.08,9.02
26268,31,12,12,2009,-15.48166666666667,12.95,6.43,9.3
26269,31,13,12,2009,-16.151666666666667,12.62,6.1400000000000015,9.01
26270,31,14,12,2009,-16.497500000000002,11.95,5.75,8.46
26271,31,15,12,2009,-16.204999999999995,11.19,6.09,8.07
26272,31,16,12,2009,-15.832500000000001,9.39,4.88,6.94
26273,31,17,12,2009,-14.889166666666668,7.45,4.7,5.66
26274,31,18,12,2009,-14.33,6.34,4.19,4.93
26275,31,19,12,2009,-13.395000000000001,6.24,4.11,4.87
26276,31,20,12,2009,-12.978333333333333,6.49,4.0,4.96
26277,31,21,12,2009,-13.154166666666667,7.44,3.79,5.62
26278,31,22,12,2009,-14.550833333333335,7.57,3.31,6.13
26279,31,23,12,2009,-15.484999999999998,8.58,4.07,7.77
26280,1,0,1,2010,-4.27,7.66,2.98,5.62
26281,1,1,1,2010,-4.545000000000001,7.56,2.94,5.44
26282,1,2,1,2010,-4.746666666666666,9.28,3.48,6.17
26283,1,3,1,2010,-4.857500000000001,9.49,3.99,7.1400000000000015
26284,1,4,1,2010,-5.400833333333334,8.63,3.78,6.6400000000000015
26285,1,5,1,2010,-5.874166666666667,7.78,3.15,5.84
26286,1,6,1,2010,-6.043333333333334,8.040000000000001,3.8,6.3900000000000015
26287,1,7,1,2010,-6.510833333333333,7.1400000000000015,2.97,5.8
26288,1,8,1,2010,-7.011666666666667,7.23,2.75,5.3
26289,1,9,1,2010,-7.170000000000001,7.5,2.78,5.59
26290,1,10,1,2010,-7.695,7.1000000000000005,2.61,5.14
26291,1,11,1,2010,-7.999166666666667,4.89,1.61,4.28
26292,1,12,1,2010,-8.398333333333333,3.83,1.25,2.86
26293,1,13,1,2010,-8.866666666666667,2.95,0.5700000000000001,1.7
26294,1,14,1,2010,-8.935833333333333,2.66,1.69,2.12
26295,1,15,1,2010,-8.570833333333335,3.5700000000000003,2.67,3.22
26296,1,16,1,2010,-7.929166666666667,3.61,2.71,3.26
26297,1,17,1,2010,-6.960000000000001,4.16,3.16,3.79
26298,1,18,1,2010,-6.179166666666666,5.11,3.89,4.66
26299,1,19,1,2010,-5.683333333333334,5.33,4.03,4.8500000000000005
26300,1,20,1,2010,-5.428333333333334,5.99,4.49,5.44
26301,1,21,1,2010,-5.579999999999999,6.44,4.71,5.78
26302,1,22,1,2010,-6.092500000000001,7.66,4.66,6.25
26303,1,23,1,2010,-6.8566666666666665,7.07,3.92,5.68
26304,2,0,1,2010,-7.321666666666665,7.77,3.75,5.5200000000000005
26305,2,1,1,2010,-7.915000000000002,8.040000000000001,3.98,5.8
26306,2,2,1,2010,-8.526666666666667,8.93,4.86,6.73
26307,2,3,1,2010,-9.093333333333334,9.02,4.68,6.6000000000000005
26308,2,4,1,2010,-9.594166666666665,8.45,4.53,6.36
26309,2,5,1,2010,-10.0725,8.22,3.95,5.82
26310,2,6,1,2010,-10.575,8.17,4.3,6.11
26311,2,7,1,2010,-11.089999999999998,7.47,3.63,5.3500000000000005
26312,2,8,1,2010,-11.474166666666667,6.61,2.8000000000000003,4.64
26313,2,9,1,2010,-11.813333333333333,6.58,2.94,4.78
26314,2,10,1,2010,-12.17,6.34,3.3000000000000003,5.0200000000000005
26315,2,11,1,2010,-12.485833333333334,6.3,2.83,4.67
26316,2,12,1,2010,-12.773333333333333,5.2,3.27,4.66
26317,2,13,1,2010,-13.061666666666666,5.0200000000000005,3.08,4.32
26318,2,14,1,2010,-13.181666666666667,4.74,2.97,3.82
26319,2,15,1,2010,-12.828333333333333,2.87,2.31,2.67
26320,2,16,1,2010,-12.2725,2.58,2.17,2.49
26321,2,17,1,2010,-11.454999999999998,2.47,2.05,2.36
26322,2,18,1,2010,-10.759166666666667,2.53,2.06,2.38
26323,2,19,1,2010,-10.093333333333332,2.69,2.17,2.52
26324,2,20,1,2010,-9.705833333333333,2.37,1.91,2.22
26325,2,21,1,2010,-9.808333333333332,2.95,2.3000000000000003,2.74
26326,2,22,1,2010,-10.279166666666669,3.45,2.68,3.21
26327,2,23,1,2010,-10.3425,4.07,3.13,3.76
26328,3,0,1,2010,-10.14333333333333,4.58,3.6,4.3
26329,3,1,1,2010,-10.103333333333333,4.6000000000000005,3.61,4.32
26330,3,2,1,2010,-10.029166666666667,4.59,3.56,4.2700000000000005
26331,3,3,1,2010,-9.885,4.72,3.63,4.37
26332,3,4,1,2010,-9.795,4.72,3.62,4.36
26333,3,5,1,2010,-9.858333333333334,4.6000000000000005,3.47,4.22
26334,3,6,1,2010,-9.961666666666668,4.36,3.4,4.07
26335,3,7,1,2010,-9.967500000000003,4.3,3.36,4.03
26336,3,8,1,2010,-9.969166666666672,4.16,3.26,3.89
26337,3,9,1,2010,-10.065833333333336,4.95,3.93,4.71
26338,3,10,1,2010,-10.243333333333332,4.61,3.5,4.25
26339,3,11,1,2010,-10.321666666666665,4.36,3.5700000000000003,4.22
26340,3,12,1,2010,-10.431666666666667,4.44,3.39,4.11
26341,3,13,1,2010,-10.366666666666665,4.55,3.43,4.17
26342,3,14,1,2010,-10.481666666666667,4.63,3.77,4.47
26343,3,15,1,2010,-10.195833333333333,4.22,3.37,3.99
26344,3,16,1,2010,-9.563333333333333,4.25,3.37,3.98
26345,3,17,1,2010,-9.051666666666668,4.37,3.52,4.13
26346,3,18,1,2010,-8.601666666666667,4.39,3.52,4.14
26347,3,19,1,2010,-8.2325,4.3500000000000005,3.5,4.12
26348,3,20,1,2010,-7.846666666666668,3.97,3.16,3.73
26349,3,21,1,2010,-7.760000000000001,4.19,3.25,3.89
26350,3,22,1,2010,-8.4175,4.47,3.19,3.99
26351,3,23,1,2010,-9.116666666666667,5.05,2.46,4.48
26352,4,0,1,2010,-8.768333333333333,5.54,3.75,4.9
26353,4,1,1,2010,-8.9125,4.98,3.3200000000000003,4.25
26354,4,2,1,2010,-9.099166666666667,4.87,3.52,4.37
26355,4,3,1,2010,-9.135833333333332,4.78,3.36,4.22
26356,4,4,1,2010,-9.184166666666668,4.75,3.25,4.13
26357,4,5,1,2010,-9.360833333333332,4.86,3.51,4.36
26358,4,6,1,2010,-9.781666666666668,5.03,3.63,4.5200000000000005
26359,4,7,1,2010,-10.042500000000002,5.37,3.15,4.2
26360,4,8,1,2010,-10.930833333333334,6.3,3.0500000000000003,4.46
26361,4,9,1,2010,-12.465833333333334,6.51,2.85,5.19
26362,4,10,1,2010,-13.266666666666667,6.7700000000000005,2.78,5.5
26363,4,11,1,2010,-13.813333333333334,6.17,2.78,5.23
26364,4,12,1,2010,-14.277499999999996,6.05,2.72,5.17
26365,4,13,1,2010,-14.658333333333337,5.99,2.75,5.0
26366,4,14,1,2010,-14.690000000000003,6.07,3.56,4.87
26367,4,15,1,2010,-14.280833333333334,4.82,3.5700000000000003,4.33
26368,4,16,1,2010,-13.3125,4.1,3.22,3.83
26369,4,17,1,2010,-12.200833333333334,3.76,2.98,3.53
26370,4,18,1,2010,-11.104166666666666,3.6,2.84,3.37
26371,4,19,1,2010,-10.174999999999999,3.46,2.71,3.23
26372,4,20,1,2010,-9.491666666666665,3.49,2.73,3.24
26373,4,21,1,2010,-9.192499999999999,3.63,2.77,3.35
26374,4,22,1,2010,-9.508333333333333,4.1,2.71,3.53
26375,4,23,1,2010,-10.171666666666667,4.2,1.92,3.72
26376,5,0,1,2010,-10.563333333333334,4.4,1.71,4.28
26377,5,1,1,2010,-10.835833333333333,5.22,1.83,4.82
26378,5,2,1,2010,-11.025833333333333,6.2,2.16,5.32
26379,5,3,1,2010,-11.4475,5.7700000000000005,2.2,5.17
26380,5,4,1,2010,-12.013333333333334,5.48,2.01,4.91
26381,5,5,1,2010,-12.503333333333332,5.65,1.86,4.96
26382,5,6,1,2010,-13.0,5.34,1.69,3.99
26383,5,7,1,2010,-13.360833333333332,5.19,2.31,4.63
26384,5,8,1,2010,-13.468333333333335,5.7700000000000005,2.74,5.1000000000000005
26385,5,9,1,2010,-13.660000000000002,5.78,2.85,5.2
26386,5,10,1,2010,-13.847499999999998,6.25,3.06,5.4
26387,5,11,1,2010,-13.903333333333334,6.53,3.19,5.42
26388,5,12,1,2010,-14.218333333333334,6.3100000000000005,2.86,5.15
26389,5,13,1,2010,-14.486666666666666,5.69,2.76,5.0600000000000005
26390,5,14,1,2010,-14.254166666666668,5.04,2.77,4.74
26391,5,15,1,2010,-13.4525,3.47,2.69,3.2
26392,5,16,1,2010,-12.391666666666666,2.85,2.36,2.75
26393,5,17,1,2010,-11.121666666666664,2.41,2.0,2.32
26394,5,18,1,2010,-9.896666666666667,2.01,1.69,1.94
26395,5,19,1,2010,-8.864166666666668,1.49,1.31,1.47
26396,5,20,1,2010,-8.076666666666666,0.96,0.88,0.96
26397,5,21,1,2010,-7.635000000000001,0.44,0.32,0.37
26398,5,22,1,2010,-8.2475,0.73,0.67,1.18
26399,5,23,1,2010,-9.75,1.76,0.63,1.32
26400,6,0,1,2010,-10.483333333333333,2.88,0.99,2.6
26401,6,1,1,2010,-11.085833333333333,3.58,1.64,3.59
26402,6,2,1,2010,-11.605833333333335,4.5600000000000005,2.2,4.2700000000000005
26403,6,3,1,2010,-11.724166666666669,5.19,2.37,4.38
26404,6,4,1,2010,-11.658333333333337,5.46,2.58,4.43
26405,6,5,1,2010,-11.001666666666667,5.46,2.66,4.0
26406,6,6,1,2010,-10.896666666666667,5.21,2.41,3.42
26407,6,7,1,2010,-10.421666666666667,5.23,2.68,3.19
26408,6,8,1,2010,-10.1225,5.5200000000000005,2.76,3.91
26409,6,9,1,2010,-10.113333333333333,5.62,3.12,4.15
26410,6,10,1,2010,-10.2375,6.04,3.43,4.49
26411,6,11,1,2010,-10.324166666666667,6.19,3.47,4.64
26412,6,12,1,2010,-10.2325,6.13,3.59,4.42
26413,6,13,1,2010,-9.955833333333333,5.83,3.75,4.54
26414,6,14,1,2010,-9.7125,6.13,3.92,4.75
26415,6,15,1,2010,-9.150833333333335,5.26,3.96,4.73
26416,6,16,1,2010,-8.2375,5.17,3.97,4.74
26417,6,17,1,2010,-7.695,4.57,3.52,4.22
26418,6,18,1,2010,-7.233333333333333,3.0500000000000003,2.29,2.77
26419,6,19,1,2010,-6.671666666666666,1.86,1.44,1.72
26420,6,20,1,2010,-6.160833333333333,1.77,1.25,1.55
26421,6,21,1,2010,-5.920000000000001,2.41,1.9,2.25
26422,6,22,1,2010,-6.306666666666666,2.5,2.01,2.34
26423,6,23,1,2010,-6.8183333333333325,4.0,2.11,2.81
26424,7,0,1,2010,-6.826666666666668,4.74,2.8000000000000003,3.74
26425,7,1,1,2010,-7.112500000000001,13.5,8.75,11.27
26426,7,2,1,2010,-8.585833333333335,14.86,9.71,12.48
26427,7,3,1,2010,-9.528333333333332,15.4,9.75,12.67
26428,7,4,1,2010,-11.115833333333335,17.98,11.22,14.73
26429,7,5,1,2010,-12.763333333333334,14.95,9.1,12.06
26430,7,6,1,2010,-13.549166666666665,16.04,9.44,12.67
26431,7,7,1,2010,-14.076666666666666,15.06,8.58,11.61
26432,7,8,1,2010,-14.459166666666667,15.6,9.13,12.25
26433,7,9,1,2010,-14.863333333333335,16.18,9.72,12.91
26434,7,10,1,2010,-15.214166666666666,16.32,9.84,13.06
26435,7,11,1,2010,-15.456666666666669,15.72,9.42,12.54
26436,7,12,1,2010,-15.5325,16.4,10.17,13.39
26437,7,13,1,2010,-15.623333333333333,16.54,10.32,13.51
26438,7,14,1,2010,-15.708333333333334,17.0,11.21,14.37
26439,7,15,1,2010,-15.169166666666664,16.25,11.26,14.1
26440,7,16,1,2010,-14.59083333333333,16.06,11.4,14.23
26441,7,17,1,2010,-14.039166666666665,15.83,11.21,14.01
26442,7,18,1,2010,-13.525833333333333,15.04,10.62,13.29
26443,7,19,1,2010,-13.171666666666667,14.83,10.52,13.16
26444,7,20,1,2010,-13.036666666666667,14.13,9.86,12.43
26445,7,21,1,2010,-13.173333333333337,14.01,9.79,12.33
26446,7,22,1,2010,-13.735,13.42,9.0,11.5
26447,7,23,1,2010,-14.584166666666667,14.15,8.15,11.09
26448,8,0,1,2010,-15.144166666666669,15.35,9.19,12.27
26449,8,1,1,2010,-15.730000000000002,15.61,9.35,12.48
26450,8,2,1,2010,-16.407500000000002,15.2,9.0,12.08
26451,8,3,1,2010,-17.0675,15.96,9.83,12.99
26452,8,4,1,2010,-17.6125,15.78,9.67,12.82
26453,8,5,1,2010,-18.15083333333333,13.69,7.72,10.63
26454,8,6,1,2010,-18.61583333333333,14.21,8.620000000000001,11.45
26455,8,7,1,2010,-18.987499999999997,14.19,8.59,11.42
26456,8,8,1,2010,-19.3725,13.95,8.49,11.24
26457,8,9,1,2010,-19.715833333333332,13.8,8.39,11.12
26458,8,10,1,2010,-20.03916666666667,12.36,7.1400000000000015,9.67
26459,8,11,1,2010,-20.335833333333337,11.58,6.49,8.88
26460,8,12,1,2010,-20.609166666666667,11.44,6.46,8.8
26461,8,13,1,2010,-20.8575,11.39,6.43,8.77
26462,8,14,1,2010,-20.826666666666668,11.02,6.41,8.63
26463,8,15,1,2010,-20.162499999999998,9.2,6.41,7.99
26464,8,16,1,2010,-19.22666666666667,7.76,5.8100000000000005,7.1000000000000005
26465,8,17,1,2010,-18.134999999999998,6.99,5.33,6.46
26466,8,18,1,2010,-16.982499999999998,6.4,4.92,5.94
26467,8,19,1,2010,-16.004166666666666,6.33,4.89,5.89
26468,8,20,1,2010,-15.274166666666671,5.86,4.53,5.45
26469,8,21,1,2010,-14.940000000000003,5.51,4.22,5.11
26470,8,22,1,2010,-15.470833333333331,5.55,3.69,4.78
26471,8,23,1,2010,-16.6375,6.09,2.97,5.3500000000000005
26472,9,0,1,2010,-16.9175,6.67,3.45,6.3100000000000005
26473,9,1,1,2010,-17.21,6.96,3.46,6.3
26474,9,2,1,2010,-17.725833333333338,7.18,3.29,6.3900000000000015
26475,9,3,1,2010,-18.285,7.12,3.13,6.33
26476,9,4,1,2010,-18.73,7.38,3.38,6.37
26477,9,5,1,2010,-19.419166666666666,6.7700000000000005,3.39,6.0200000000000005
26478,9,6,1,2010,-19.898333333333333,6.72,3.25,6.16
26479,9,7,1,2010,-20.189166666666665,6.6000000000000005,3.29,6.23
26480,9,8,1,2010,-20.495833333333334,6.37,3.19,5.91
26481,9,9,1,2010,-20.860833333333336,6.3100000000000005,3.2,5.73
26482,9,10,1,2010,-21.250833333333336,6.0600000000000005,2.98,5.5600000000000005
26483,9,11,1,2010,-21.61916666666667,5.5600000000000005,2.7,5.2
26484,9,12,1,2010,-21.811666666666664,4.94,2.71,5.01
26485,9,13,1,2010,-22.06,4.64,2.62,4.8
26486,9,14,1,2010,-21.514166666666664,4.36,2.57,4.54
26487,9,15,1,2010,-19.912499999999998,4.13,2.06,2.26
26488,9,16,1,2010,-18.053333333333335,2.12,1.84,2.09
26489,9,17,1,2010,-16.3325,1.99,1.78,2.01
26490,9,18,1,2010,-14.868333333333332,1.72,1.56,1.75
26491,9,19,1,2010,-13.710833333333333,1.57,1.43,1.59
26492,9,20,1,2010,-12.868333333333332,1.43,1.23,1.39
26493,9,21,1,2010,-12.416666666666664,1.5,1.18,1.41
26494,9,22,1,2010,-13.150833333333333,1.56,1.2,1.46
26495,9,23,1,2010,-14.761666666666665,2.27,1.04,1.94
26496,10,0,1,2010,-15.198333333333332,3.41,1.7,2.97
26497,10,1,1,2010,-15.622499999999997,4.66,2.6,4.28
26498,10,2,1,2010,-15.898333333333332,5.69,3.38,5.45
26499,10,3,1,2010,-16.00166666666667,7.12,3.59,6.4
26500,10,4,1,2010,-15.718333333333334,8.46,3.99,7.0200000000000005
26501,10,5,1,2010,-15.3125,10.07,4.84,7.76
26502,10,6,1,2010,-15.053333333333335,11.03,5.66,8.51
26503,10,7,1,2010,-14.950833333333334,11.97,6.22,9.04
26504,10,8,1,2010,-15.054166666666667,12.69,6.41,9.27
26505,10,9,1,2010,-14.929166666666667,13.44,6.97,9.92
26506,10,10,1,2010,-14.542499999999999,14.29,7.59,10.66
26507,10,11,1,2010,-14.211666666666664,15.06,8.09,11.27
26508,10,12,1,2010,-13.707500000000001,15.46,8.36,11.61
26509,10,13,1,2010,-13.360000000000001,16.080000000000002,8.84,12.15
26510,10,14,1,2010,-12.289999999999997,16.25,9.92,12.84
26511,10,15,1,2010,-10.346666666666666,15.45,9.89,12.8
26512,10,16,1,2010,-8.509166666666665,14.54,8.83,11.06
26513,10,17,1,2010,-6.949999999999999,12.48,8.620000000000001,10.69
26514,10,18,1,2010,-5.28,11.45,8.28,10.2
26515,10,19,1,2010,-3.8666666666666667,11.24,8.15,10.04
26516,10,20,1,2010,-2.8841666666666668,10.9,7.8,9.66
26517,10,21,1,2010,-2.4008333333333334,11.23,7.03,9.12
26518,10,22,1,2010,-2.7183333333333333,14.4,7.96,11.05
26519,10,23,1,2010,-3.108333333333334,15.16,8.32,11.58
26520,11,0,1,2010,-3.6299999999999994,15.17,7.91,11.28
26521,11,1,1,2010,-3.6616666666666666,15.88,8.35,11.84
26522,11,2,1,2010,-3.5066666666666664,15.75,8.27,11.73
26523,11,3,1,2010,-3.75,14.36,7.21,10.57
26524,11,4,1,2010,-4.085833333333334,13.12,6.22,9.66
26525,11,5,1,2010,-3.9058333333333333,12.28,5.67,9.29
26526,11,6,1,2010,-3.683333333333333,11.68,5.4,8.8
26527,11,7,1,2010,-3.241666666666667,11.29,4.6000000000000005,7.91
26528,11,8,1,2010,-2.4433333333333334,11.26,4.53,7.73
26529,11,9,1,2010,-2.0508333333333333,10.51,4.46,7.38
26530,11,10,1,2010,-2.2741666666666673,10.83,3.88,7.42
26531,11,11,1,2010,-2.8775,11.62,4.23,8.26
26532,11,12,1,2010,-2.9,12.57,6.29,9.13
26533,11,13,1,2010,-3.0208333333333335,11.77,6.24,8.94
26534,11,14,1,2010,-4.304166666666666,11.78,6.21,8.790000000000001
26535,11,15,1,2010,-4.930833333333334,10.3,6.37,8.42
26536,11,16,1,2010,-4.499166666666667,7.21,5.36,6.5
26537,11,17,1,2010,-3.8933333333333326,6.91,5.33,6.43
26538,11,18,1,2010,-3.391666666666667,6.33,4.9,5.91
26539,11,19,1,2010,-3.1025000000000005,6.3500000000000005,4.91,5.92
26540,11,20,1,2010,-2.8625000000000003,6.24,4.76,5.7700000000000005
26541,11,21,1,2010,-2.9675,6.46,4.9,5.98
26542,11,22,1,2010,-4.264166666666667,7.45,3.68,6.41
26543,11,23,1,2010,-5.471666666666667,8.75,3.83,6.8
26544,12,0,1,2010,-6.145833333333333,9.62,4.5600000000000005,7.79
26545,12,1,1,2010,-6.983333333333333,9.81,4.39,7.45
26546,12,2,1,2010,-8.256666666666666,9.78,4.05,7.33
26547,12,3,1,2010,-8.858333333333333,8.67,3.5500000000000003,7.4
26548,12,4,1,2010,-9.464166666666666,7.13,2.88,6.29
26549,12,5,1,2010,-10.075833333333334,6.12,2.3000000000000003,5.41
26550,12,6,1,2010,-10.654166666666669,4.65,1.95,4.19
26551,12,7,1,2010,-11.083333333333334,3.85,1.32,2.85
26552,12,8,1,2010,-11.292499999999999,2.91,0.93,2.19
26553,12,9,1,2010,-11.545833333333334,3.18,0.8300000000000001,2.14
26554,12,10,1,2010,-11.564166666666667,3.01,0.86,1.85
26555,12,11,1,2010,-11.598333333333334,3.85,2.03,3.25
26556,12,12,1,2010,-11.610833333333332,4.69,2.48,4.16
26557,12,13,1,2010,-11.288333333333334,5.74,3.41,5.54
26558,12,14,1,2010,-10.078333333333335,7.49,4.03,6.01
26559,12,15,1,2010,-8.465833333333332,7.31,3.81,5.0200000000000005
26560,12,16,1,2010,-6.7075000000000005,6.4,4.03,4.76
26561,12,17,1,2010,-4.890833333333333,5.4,4.23,5.05
26562,12,18,1,2010,-3.4408333333333334,5.8500000000000005,4.53,5.45
26563,12,19,1,2010,-2.415,6.12,4.75,5.71
26564,12,20,1,2010,-1.7908333333333335,7.1000000000000005,5.22,6.41
26565,12,21,1,2010,-1.7383333333333333,8.77,5.29,6.74
26566,12,22,1,2010,-2.829166666666666,11.4,5.22,8.26
26567,12,23,1,2010,-3.466666666666667,14.37,7.63,10.82
26568,13,0,1,2010,-3.454166666666667,15.21,8.23,11.49
26569,13,1,1,2010,-3.3074999999999997,15.52,8.57,11.85
26570,13,2,1,2010,-3.0091666666666668,15.96,8.74,12.09
26571,13,3,1,2010,-2.8541666666666665,16.32,8.86,12.24
26572,13,4,1,2010,-2.735833333333334,16.54,8.76,12.18
26573,13,5,1,2010,-2.3433333333333333,17.330000000000002,9.2,12.83
26574,13,6,1,2010,-1.8683333333333334,17.85,9.71,13.45
26575,13,7,1,2010,-1.5050000000000001,18.31,10.16,13.96
26576,13,8,1,2010,-1.1475,18.8,10.56,14.41
26577,13,9,1,2010,-0.8866666666666667,18.89,10.62,14.51
26578,13,10,1,2010,-0.5866666666666668,18.81,10.63,14.5
26579,13,11,1,2010,-0.27916666666666673,18.8,10.68,14.54
26580,13,12,1,2010,-0.03166666666666666,18.95,10.82,14.71
26581,13,13,1,2010,0.059166666666666666,18.76,10.72,14.55
26582,13,14,1,2010,0.52,18.57,11.0,14.62
26583,13,15,1,2010,1.7541666666666664,18.12,11.21,14.75
26584,13,16,1,2010,3.1941666666666664,15.62,9.89,12.92
26585,13,17,1,2010,3.6925000000000003,13.82,8.9,11.5
26586,13,18,1,2010,4.615833333333335,13.87,8.25,11.9
26587,13,19,1,2010,5.794999999999999,13.88,8.71,11.49
26588,13,20,1,2010,6.285,13.5,8.24,10.97
26589,13,21,1,2010,5.797499999999999,12.92,7.12,9.81
26590,13,22,1,2010,4.6883333333333335,14.33,7.07,10.65
26591,13,23,1,2010,3.6541666666666663,14.36,7.19,10.72
26592,14,0,1,2010,3.2825000000000006,14.4,7.25,10.71
26593,14,1,1,2010,3.3100000000000005,14.53,7.58,10.91
26594,14,2,1,2010,2.896666666666666,14.42,7.61,10.86
26595,14,3,1,2010,2.7308333333333334,12.41,6.8500000000000005,9.46
26596,14,4,1,2010,2.5100000000000002,12.24,6.6000000000000005,9.2
26597,14,5,1,2010,2.655,12.53,6.58,9.2
26598,14,6,1,2010,2.9083333333333337,14.44,7.73,10.76
26599,14,7,1,2010,3.0275,14.33,7.71,10.73
26600,14,8,1,2010,2.785833333333334,13.49,7.49,10.41
26601,14,9,1,2010,2.4758333333333327,11.46,6.7700000000000005,9.29
26602,14,10,1,2010,1.87,10.8,6.32,8.6
26603,14,11,1,2010,0.07500000000000001,8.49,5.2700000000000005,7.0200000000000005
26604,14,12,1,2010,-0.5400000000000001,7.87,4.8500000000000005,6.58
26605,14,13,1,2010,-1.2391666666666665,7.63,3.92,6.37
26606,14,14,1,2010,-1.900833333333333,6.51,3.54,5.5600000000000005
26607,14,15,1,2010,-1.3908333333333334,6.66,3.72,5.29
26608,14,16,1,2010,-0.7383333333333333,6.2700000000000005,3.81,4.54
26609,14,17,1,2010,-0.20666666666666667,6.17,3.88,4.7
26610,14,18,1,2010,0.11250000000000003,5.45,3.98,4.86
26611,14,19,1,2010,-0.011666666666666667,5.82,3.73,4.53
26612,14,20,1,2010,-0.09333333333333334,6.28,3.5500000000000003,4.83
26613,14,21,1,2010,-0.47500000000000003,7.18,3.78,5.41
26614,14,22,1,2010,-0.9108333333333333,7.37,3.76,5.62
26615,14,23,1,2010,-1.3958333333333333,8.24,3.64,5.97
26616,15,0,1,2010,-1.175,8.34,4.49,6.18
26617,15,1,1,2010,-1.6191666666666666,8.64,4.72,6.68
26618,15,2,1,2010,-2.3608333333333333,10.27,4.76,6.96
26619,15,3,1,2010,-3.0125000000000006,9.53,4.18,6.66
26620,15,4,1,2010,-3.375833333333333,9.61,4.04,6.55
26621,15,5,1,2010,-3.8008333333333337,8.98,4.04,6.34
26622,15,6,1,2010,-4.2275,7.75,3.14,5.4
26623,15,7,1,2010,-4.671666666666667,6.48,2.62,4.8
26624,15,8,1,2010,-5.0183333333333335,5.71,2.69,4.79
26625,15,9,1,2010,-5.361666666666668,5.24,2.5,4.5600000000000005
26626,15,10,1,2010,-5.746666666666666,4.82,2.31,4.3100000000000005
26627,15,11,1,2010,-6.041666666666667,4.58,2.38,4.25
26628,15,12,1,2010,-6.310000000000001,4.4,2.43,4.26
26629,15,13,1,2010,-6.6241666666666665,4.2,2.23,4.19
26630,15,14,1,2010,-6.805000000000001,4.17,2.09,4.03
26631,15,15,1,2010,-6.298333333333335,3.31,1.53,2.57
26632,15,16,1,2010,-5.260000000000001,2.44,1.24,1.38
26633,15,17,1,2010,-3.7466666666666666,1.41,1.25,1.4
26634,15,18,1,2010,-2.5475000000000003,1.61,1.5,1.66
26635,15,19,1,2010,-1.7758333333333332,1.41,1.36,1.49
26636,15,20,1,2010,-0.9808333333333334,0.73,0.74,0.78
26637,15,21,1,2010,-0.6000000000000001,1.0,0.43,0.64
26638,15,22,1,2010,-1.5116666666666667,1.37,0.2,0.79
26639,15,23,1,2010,-2.8791666666666664,2.09,0.56,1.39
26640,16,0,1,2010,-3.4683333333333333,3.41,1.46,2.75
26641,16,1,1,2010,-3.4874999999999994,4.93,2.7,4.69
26642,16,2,1,2010,-3.633333333333333,5.5200000000000005,2.99,5.41
26643,16,3,1,2010,-3.311666666666667,5.36,3.45,5.64
26644,16,4,1,2010,-3.188333333333334,7.0,3.93,6.2
26645,16,5,1,2010,-3.2899999999999996,6.88,3.5700000000000003,6.07
26646,16,6,1,2010,-3.3275,6.72,3.34,5.84
26647,16,7,1,2010,-3.3683333333333336,6.86,3.49,6.0200000000000005
26648,16,8,1,2010,-3.4391666666666665,6.97,3.41,6.08
26649,16,9,1,2010,-3.181666666666666,7.35,3.64,6.19
26650,16,10,1,2010,-3.4825,7.05,3.16,5.87
26651,16,11,1,2010,-3.522499999999999,6.6000000000000005,3.2,5.74
26652,16,12,1,2010,-3.526666666666667,6.6400000000000015,3.45,6.04
26653,16,13,1,2010,-3.235,7.1400000000000015,3.77,6.46
26654,16,14,1,2010,-2.8874999999999997,7.49,3.81,6.38
26655,16,15,1,2010,-1.689166666666667,8.42,4.09,6.3
26656,16,16,1,2010,-1.1566666666666665,7.69,4.01,5.64
26657,16,17,1,2010,-0.8533333333333332,6.93,3.65,5.04
26658,16,18,1,2010,0.051666666666666666,6.45,3.84,4.72
26659,16,19,1,2010,0.18416666666666667,7.22,3.75,5.3
26660,16,20,1,2010,0.5375000000000001,7.96,4.58,6.15
26661,16,21,1,2010,0.6933333333333334,7.54,4.09,5.69
26662,16,22,1,2010,0.5449999999999999,8.03,3.89,5.63
26663,16,23,1,2010,0.7116666666666668,8.19,3.76,5.73
26664,17,0,1,2010,0.7699999999999999,7.9300000000000015,3.26,5.2
26665,17,1,1,2010,0.7450000000000001,7.72,3.63,5.44
26666,17,2,1,2010,0.7883333333333332,8.18,4.34,6.18
26667,17,3,1,2010,0.9891666666666667,8.66,4.63,6.55
26668,17,4,1,2010,1.2941666666666667,8.540000000000001,4.15,6.21
26669,17,5,1,2010,1.3933333333333333,8.35,3.62,5.76
26670,17,6,1,2010,1.5024999999999997,8.55,3.8,5.99
26671,17,7,1,2010,1.5125,10.57,5.72,8.23
26672,17,8,1,2010,1.99,10.73,6.01,8.51
26673,17,9,1,2010,1.2408333333333332,8.65,4.76,6.8900000000000015
26674,17,10,1,2010,0.46833333333333343,8.48,4.5,6.3100000000000005
26675,17,11,1,2010,0.2541666666666667,8.98,4.94,6.75
26676,17,12,1,2010,-0.28,9.4,4.92,6.76
26677,17,13,1,2010,-0.3725,9.81,4.93,6.98
26678,17,14,1,2010,-0.5533333333333333,9.63,4.93,6.91
26679,17,15,1,2010,-0.69,8.59,4.53,6.3
26680,17,16,1,2010,-0.6291666666666667,6.96,3.65,4.95
26681,17,17,1,2010,-0.315,5.65,3.12,4.3100000000000005
26682,17,18,1,2010,0.10083333333333333,3.82,2.3000000000000003,2.69
26683,17,19,1,2010,0.1366666666666667,4.0200000000000005,2.37,2.72
26684,17,20,1,2010,0.31666666666666665,4.36,2.19,2.68
26685,17,21,1,2010,0.07833333333333335,4.21,1.95,2.88
26686,17,22,1,2010,-0.24583333333333335,4.67,2.27,3.4
26687,17,23,1,2010,-0.4958333333333333,4.71,2.4,3.6
26688,18,0,1,2010,-0.26833333333333337,4.5,2.25,3.35
26689,18,1,1,2010,-0.19249999999999998,4.55,2.28,3.35
26690,18,2,1,2010,-0.20333333333333334,4.5200000000000005,2.26,3.26
26691,18,3,1,2010,-0.18083333333333332,4.39,2.29,3.3000000000000003
26692,18,4,1,2010,-0.18833333333333332,3.66,1.96,3.09
26693,18,5,1,2010,-1.0333333333333334,3.44,2.03,2.96
26694,18,6,1,2010,-2.2841666666666667,2.69,2.15,2.71
26695,18,7,1,2010,-2.8983333333333334,2.64,1.73,2.36
26696,18,8,1,2010,-3.3233333333333337,3.16,2.09,2.6
26697,18,9,1,2010,-3.78,3.23,2.07,2.61
26698,18,10,1,2010,-3.9550000000000005,3.2,1.89,2.5500000000000003
26699,18,11,1,2010,-4.2124999999999995,3.28,2.09,2.6
26700,18,12,1,2010,-4.353333333333333,3.0700000000000003,1.98,2.33
26701,18,13,1,2010,-4.5225,3.23,2.1,2.52
26702,18,14,1,2010,-4.5575,3.1,1.93,2.23
26703,18,15,1,2010,-4.3875,3.19,2.01,2.19
26704,18,16,1,2010,-4.085,2.99,1.79,1.91
26705,18,17,1,2010,-3.8000000000000003,2.7,1.55,1.68
26706,18,18,1,2010,-3.4716666666666662,2.88,1.93,2.1
26707,18,19,1,2010,-3.3850000000000002,2.61,1.76,1.91
26708,18,20,1,2010,-3.5416666666666665,2.97,1.92,2.12
26709,18,21,1,2010,-3.8458333333333337,3.25,1.92,2.81
26710,18,22,1,2010,-4.418333333333333,3.27,2.03,3.56
26711,18,23,1,2010,-4.881666666666667,3.36,2.06,3.76
26712,19,0,1,2010,-5.108333333333333,3.56,1.66,3.31
26713,19,1,1,2010,-5.304166666666666,4.0,1.61,3.35
26714,19,2,1,2010,-5.331666666666666,4.09,1.33,2.9
26715,19,3,1,2010,-5.3100000000000005,3.78,1.19,2.53
26716,19,4,1,2010,-5.185,3.63,1.22,2.57
26717,19,5,1,2010,-5.447500000000001,3.68,1.32,2.69
26718,19,6,1,2010,-5.793333333333333,3.66,1.44,2.83
26719,19,7,1,2010,-5.920833333333333,3.59,1.28,2.66
26720,19,8,1,2010,-5.805833333333333,3.66,1.57,2.81
26721,19,9,1,2010,-5.224166666666666,3.23,1.4,2.43
26722,19,10,1,2010,-5.099166666666667,3.47,1.56,2.46
26723,19,11,1,2010,-4.895833333333334,3.6,1.76,2.74
26724,19,12,1,2010,-4.740833333333334,3.7,1.5,2.4
26725,19,13,1,2010,-4.5375000000000005,4.58,1.9,2.97
26726,19,14,1,2010,-4.29,4.91,1.9,3.03
26727,19,15,1,2010,-3.8241666666666667,5.51,2.33,3.56
26728,19,16,1,2010,-3.2900000000000005,5.95,2.62,3.93
26729,19,17,1,2010,-2.7475,6.0,3.0700000000000003,4.19
26730,19,18,1,2010,-2.2583333333333333,6.13,3.24,4.21
26731,19,19,1,2010,-1.6749999999999998,6.37,3.51,4.6000000000000005
26732,19,20,1,2010,-1.054166666666667,6.96,4.14,5.43
26733,19,21,1,2010,-0.7741666666666666,7.87,4.24,5.88
26734,19,22,1,2010,-0.7566666666666667,8.15,4.28,5.93
26735,19,23,1,2010,-0.7291666666666666,8.0,4.34,5.97
26736,20,0,1,2010,-0.8591666666666665,8.06,4.43,6.08
26737,20,1,1,2010,-0.8300000000000001,8.25,4.5200000000000005,6.18
26738,20,2,1,2010,-0.6575000000000001,8.17,4.72,6.29
26739,20,3,1,2010,-0.45333333333333337,7.68,4.0200000000000005,5.61
26740,20,4,1,2010,-0.29083333333333333,8.26,4.54,6.28
26741,20,5,1,2010,-0.10166666666666668,8.4,4.83,6.53
26742,20,6,1,2010,-0.23500000000000001,8.120000000000001,4.34,5.96
26743,20,7,1,2010,-0.1808333333333333,8.64,4.72,6.45
26744,20,8,1,2010,-0.07750000000000001,8.620000000000001,4.78,6.5
26745,20,9,1,2010,-0.009166666666666668,8.540000000000001,4.5600000000000005,6.3
26746,20,10,1,2010,-0.08333333333333333,6.76,3.5,4.94
26747,20,11,1,2010,0.016666666666666666,6.76,3.5700000000000003,5.0600000000000005
26748,20,12,1,2010,-0.056666666666666664,6.0200000000000005,2.84,4.3
26749,20,13,1,2010,-0.14166666666666666,4.2700000000000005,1.96,2.8000000000000003
26750,20,14,1,2010,-0.26666666666666666,1.81,2.14,3.13
26751,20,15,1,2010,-0.26916666666666667,2.02,2.0,2.96
26752,20,16,1,2010,-0.14083333333333334,2.06,1.48,2.19
26753,20,17,1,2010,0.08916666666666667,3.38,2.08,2.67
26754,20,18,1,2010,0.18916666666666668,4.41,2.58,3.56
26755,20,19,1,2010,0.26999999999999996,4.74,2.71,3.85
26756,20,20,1,2010,0.33749999999999997,4.76,2.97,3.88
26757,20,21,1,2010,0.2791666666666667,4.83,2.71,3.76
26758,20,22,1,2010,0.1241666666666667,5.47,2.93,4.17
26759,20,23,1,2010,-0.02416666666666667,4.79,2.01,3.29
26760,21,0,1,2010,-0.08916666666666666,4.44,2.04,3.19
26761,21,1,1,2010,-0.16749999999999998,3.6,1.91,2.85
26762,21,2,1,2010,-0.17833333333333332,3.33,1.83,2.7
26763,21,3,1,2010,-0.21833333333333335,3.5500000000000003,2.17,3.14
26764,21,4,1,2010,-0.26666666666666666,3.4,1.87,2.8000000000000003
26765,21,5,1,2010,-0.305,3.15,2.13,3.0500000000000003
26766,21,6,1,2010,-0.2808333333333333,4.7700000000000005,3.0,3.98
26767,21,7,1,2010,-0.43250000000000005,4.99,2.98,4.0600000000000005
26768,21,8,1,2010,-0.5183333333333334,4.75,3.14,4.03
26769,21,9,1,2010,-0.5958333333333333,4.96,3.39,4.32
26770,21,10,1,2010,-0.8033333333333333,5.24,3.16,4.3500000000000005
26771,21,11,1,2010,-0.94,5.8100000000000005,3.47,4.9
26772,21,12,1,2010,-1.0433333333333334,6.3100000000000005,3.63,5.23
26773,21,13,1,2010,-1.0958333333333332,5.67,3.47,4.82
26774,21,14,1,2010,-1.2133333333333336,5.7700000000000005,3.54,4.7700000000000005
26775,21,15,1,2010,-1.2533333333333334,5.8100000000000005,3.5700000000000003,4.78
26776,21,16,1,2010,-1.1183333333333334,4.54,3.24,3.88
26777,21,17,1,2010,-0.8466666666666668,4.08,3.13,3.69
26778,21,18,1,2010,-0.6,4.23,3.3200000000000003,3.94
26779,21,19,1,2010,-0.4091666666666666,4.32,3.35,4.0200000000000005
26780,21,20,1,2010,-0.3233333333333333,4.79,3.48,4.28
26781,21,21,1,2010,-0.39333333333333337,5.28,3.69,4.55
26782,21,22,1,2010,-0.7158333333333333,5.69,3.42,4.7700000000000005
26783,21,23,1,2010,-1.3733333333333333,5.98,3.47,4.91
26784,22,0,1,2010,-1.8316666666666668,6.0200000000000005,3.35,4.71
26785,22,1,1,2010,-2.1216666666666666,5.3500000000000005,2.58,4.0
26786,22,2,1,2010,-2.4883333333333337,5.0,2.56,3.77
26787,22,3,1,2010,-2.69,4.04,1.11,2.84
26788,22,4,1,2010,-2.6658333333333335,3.29,1.03,1.98
26789,22,5,1,2010,-2.7116666666666664,2.46,0.41,1.34
26790,22,6,1,2010,-2.714166666666667,2.45,0.35000000000000003,1.25
26791,22,7,1,2010,-2.686666666666666,3.0500000000000003,0.74,1.88
26792,22,8,1,2010,-2.6533333333333338,3.34,0.98,2.23
26793,22,9,1,2010,-2.7675,4.76,1.85,3.53
26794,22,10,1,2010,-2.861666666666667,5.62,2.12,4.42
26795,22,11,1,2010,-2.956666666666667,7.25,3.1,5.57
26796,22,12,1,2010,-2.7916666666666665,8.72,3.45,6.17
26797,22,13,1,2010,-2.69,9.92,4.09,6.67
26798,22,14,1,2010,-2.1741666666666664,10.1,4.99,7.22
26799,22,15,1,2010,-1.4783333333333335,9.92,5.79,7.74
26800,22,16,1,2010,-0.6083333333333335,9.66,5.73,7.65
26801,22,17,1,2010,0.08,9.34,5.99,7.38
26802,22,18,1,2010,0.6566666666666667,8.96,6.19,7.65
26803,22,19,1,2010,1.165,9.6,6.25,7.76
26804,22,20,1,2010,1.4841666666666666,11.22,7.05,9.15
26805,22,21,1,2010,1.3966666666666667,11.35,6.74,8.93
26806,22,22,1,2010,1.2983333333333336,12.02,6.71,9.15
26807,22,23,1,2010,1.3483333333333334,13.03,7.3,9.95
26808,23,0,1,2010,1.4625000000000001,13.88,7.9300000000000015,10.75
26809,23,1,1,2010,1.6141666666666667,14.09,8.18,11.01
26810,23,2,1,2010,1.8491666666666664,14.44,8.21,11.19
26811,23,3,1,2010,2.2266666666666666,14.44,8.2,11.17
26812,23,4,1,2010,2.525,12.62,6.69,9.39
26813,23,5,1,2010,2.8683333333333327,13.05,6.97,9.79
26814,23,6,1,2010,3.17,14.6,8.38,11.4
26815,23,7,1,2010,3.470833333333333,15.06,8.76,11.91
26816,23,8,1,2010,3.5,14.73,8.65,11.67
26817,23,9,1,2010,3.6008333333333336,15.0,8.73,11.84
26818,23,10,1,2010,3.778333333333333,16.67,9.95,13.32
26819,23,11,1,2010,3.9991666666666674,17.22,10.43,13.94
26820,23,12,1,2010,4.0874999999999995,16.53,9.87,13.22
26821,23,13,1,2010,4.170000000000001,16.25,9.55,12.92
26822,23,14,1,2010,4.441666666666667,15.53,8.77,12.1
26823,23,15,1,2010,5.0600000000000005,14.38,8.22,11.2
26824,23,16,1,2010,6.245,12.95,7.78,10.17
26825,23,17,1,2010,7.804999999999999,12.38,7.7,10.1
26826,23,18,1,2010,8.916666666666666,10.24,6.12,7.87
26827,23,19,1,2010,9.085833333333333,9.17,4.94,6.91
26828,23,20,1,2010,8.1625,9.51,4.25,6.61
26829,23,21,1,2010,7.366666666666667,10.7,4.54,7.55
26830,23,22,1,2010,6.0475,12.17,5.2700000000000005,8.91
26831,23,23,1,2010,4.6066666666666665,11.95,5.82,8.75
26832,24,0,1,2010,4.13,10.79,5.16,7.72
26833,24,1,1,2010,3.582500000000001,11.66,6.3100000000000005,8.75
26834,24,2,1,2010,2.3474999999999997,12.04,6.97,9.41
26835,24,3,1,2010,1.7650000000000003,11.58,6.75,9.08
26836,24,4,1,2010,1.3675,11.27,6.84,9.06
26837,24,5,1,2010,1.0258333333333332,11.95,7.35,9.73
26838,24,6,1,2010,0.33416666666666667,12.48,7.54,9.96
26839,24,7,1,2010,-0.38000000000000006,12.77,7.18,9.85
26840,24,8,1,2010,-0.9375,13.38,7.53,10.32
26841,24,9,1,2010,-1.4225,13.67,7.66,10.53
26842,24,10,1,2010,-1.620833333333333,13.22,7.3900000000000015,10.2
26843,24,11,1,2010,-1.9066666666666665,13.61,7.81,10.63
26844,24,12,1,2010,-2.395,13.49,7.6400000000000015,10.45
26845,24,13,1,2010,-2.7783333333333338,13.25,7.49,10.25
26846,24,14,1,2010,-2.5508333333333337,12.79,7.95,10.5
26847,24,15,1,2010,-1.8616666666666666,11.61,8.11,10.19
26848,24,16,1,2010,-1.1066666666666667,12.21,8.57,10.76
26849,24,17,1,2010,-0.4633333333333333,12.21,8.56,10.75
26850,24,18,1,2010,0.057499999999999996,11.95,8.4,10.53
26851,24,19,1,2010,0.5466666666666666,11.83,8.23,10.37
26852,24,20,1,2010,0.8158333333333333,13.37,9.35,11.8
26853,24,21,1,2010,0.6666666666666666,12.1,8.34,10.56
26854,24,22,1,2010,-0.08416666666666667,10.89,6.6000000000000005,8.790000000000001
26855,24,23,1,2010,-0.8358333333333333,11.97,5.37,8.32
26856,25,0,1,2010,-0.9358333333333334,15.2,9.03,12.23
26857,25,1,1,2010,-1.1333333333333333,14.83,8.82,11.89
26858,25,2,1,2010,-1.6408333333333331,13.11,7.54,10.3
26859,25,3,1,2010,-2.0466666666666664,12.39,7.23,9.79
26860,25,4,1,2010,-2.068333333333333,12.85,8.22,10.73
26861,25,5,1,2010,-2.2824999999999998,13.71,8.59,11.24
26862,25,6,1,2010,-2.7975,15.75,10.24,13.22
26863,25,7,1,2010,-3.339166666666666,15.53,9.83,12.86
26864,25,8,1,2010,-3.7125000000000004,16.45,10.62,13.82
26865,25,9,1,2010,-4.277500000000001,17.39,11.46,14.76
26866,25,10,1,2010,-4.565,15.72,9.92,13.22
26867,25,11,1,2010,-4.6641666666666675,14.83,10.03,12.81
26868,25,12,1,2010,-5.033333333333333,14.63,9.9,12.63
26869,25,13,1,2010,-5.574166666666667,16.04,10.86,13.88
26870,25,14,1,2010,-5.8825,15.79,10.77,13.73
26871,25,15,1,2010,-5.810833333333334,15.56,10.82,13.69
26872,25,16,1,2010,-5.549166666666667,15.28,10.63,13.44
26873,25,17,1,2010,-5.0825000000000005,14.79,10.27,12.98
26874,25,18,1,2010,-4.621666666666667,14.96,10.45,13.17
26875,25,19,1,2010,-4.180833333333333,14.59,10.21,12.85
26876,25,20,1,2010,-3.936666666666667,14.51,10.16,12.79
26877,25,21,1,2010,-3.8024999999999998,14.34,9.93,12.58
26878,25,22,1,2010,-3.999166666666667,14.05,9.59,12.2
26879,25,23,1,2010,-4.51,12.48,7.57,10.11
26880,26,0,1,2010,-4.859166666666668,13.59,8.0,10.82
26881,26,1,1,2010,-5.2299999999999995,11.59,7.12,9.42
26882,26,2,1,2010,-5.965,19.99,13.18,17.03
26883,26,3,1,2010,-6.715000000000001,19.69,12.8,16.62
26884,26,4,1,2010,-7.025833333333334,18.63,12.45,16.0
26885,26,5,1,2010,-7.5758333333333345,17.88,11.97,15.35
26886,26,6,1,2010,-7.954999999999999,15.56,9.92,12.93
26887,26,7,1,2010,-8.5625,14.43,9.28,12.1
26888,26,8,1,2010,-8.850833333333334,12.92,8.15,10.72
26889,26,9,1,2010,-9.145833333333334,15.63,10.0,13.05
26890,26,10,1,2010,-9.3575,12.53,7.97,10.38
26891,26,11,1,2010,-9.745833333333332,12.69,7.8,10.38
26892,26,12,1,2010,-10.225,12.58,7.49,10.05
26893,26,13,1,2010,-10.523333333333332,11.29,6.32,8.73
26894,26,14,1,2010,-10.5525,11.8,7.26,9.63
26895,26,15,1,2010,-10.150833333333333,9.02,6.5200000000000005,8.07
26896,26,16,1,2010,-9.455833333333333,8.18,6.0,7.36
26897,26,17,1,2010,-8.416666666666668,7.56,5.59,6.83
26898,26,18,1,2010,-7.431666666666666,5.62,4.21,5.09
26899,26,19,1,2010,-6.478333333333334,5.33,4.0,4.83
26900,26,20,1,2010,-5.461666666666667,4.91,3.67,4.43
26901,26,21,1,2010,-4.765000000000001,4.83,3.5500000000000003,4.33
26902,26,22,1,2010,-4.6575,4.4,3.21,3.93
26903,26,23,1,2010,-5.223333333333333,3.85,1.38,2.76
26904,27,0,1,2010,-5.505833333333334,3.0500000000000003,0.5700000000000001,2.0
26905,27,1,1,2010,-5.5874999999999995,2.43,0.52,1.32
26906,27,2,1,2010,-5.554166666666667,1.82,0.74,0.96
26907,27,3,1,2010,-5.185,1.21,0.6900000000000001,0.93
26908,27,4,1,2010,-5.113333333333334,1.0,0.34,1.03
26909,27,5,1,2010,-5.128333333333333,0.88,0.64,1.38
26910,27,6,1,2010,-5.163333333333333,1.75,1.25,2.04
26911,27,7,1,2010,-5.116666666666667,2.3000000000000003,1.42,2.12
26912,27,8,1,2010,-5.190833333333333,3.54,2.16,2.86
26913,27,9,1,2010,-5.3675,4.24,2.25,2.98
26914,27,10,1,2010,-5.446666666666665,4.78,2.47,3.27
26915,27,11,1,2010,-5.378333333333334,4.8100000000000005,2.5500000000000003,3.38
26916,27,12,1,2010,-5.556666666666666,5.42,2.35,3.5700000000000003
26917,27,13,1,2010,-6.1258333333333335,5.53,2.33,3.7
26918,27,14,1,2010,-6.113333333333333,5.08,2.84,3.68
26919,27,15,1,2010,-5.038333333333333,4.0200000000000005,2.94,3.35
26920,27,16,1,2010,-3.7274999999999996,3.69,3.14,3.6
26921,27,17,1,2010,-2.7125,4.96,4.04,4.72
26922,27,18,1,2010,-1.9791666666666667,5.8100000000000005,4.61,5.46
26923,27,19,1,2010,-1.5908333333333335,6.26,4.88,5.83
26924,27,20,1,2010,-1.5258333333333332,6.33,4.93,5.9
26925,27,21,1,2010,-1.6691666666666671,6.19,4.73,5.7
26926,27,22,1,2010,-2.0725000000000002,6.62,3.82,5.3
26927,27,23,1,2010,-3.079166666666666,7.3900000000000015,3.65,5.7700000000000005
26928,28,0,1,2010,-3.374166666666667,8.01,3.92,6.09
26929,28,1,1,2010,-3.735,7.76,3.83,5.86
26930,28,2,1,2010,-4.036666666666666,9.0,3.49,5.87
26931,28,3,1,2010,-4.7,8.66,3.59,5.91
26932,28,4,1,2010,-5.239166666666667,7.3900000000000015,2.69,4.8100000000000005
26933,28,5,1,2010,-5.737500000000001,10.05,3.12,5.96
26934,28,6,1,2010,-6.232499999999999,12.0,6.78,9.27
26935,28,7,1,2010,-7.565833333333334,11.48,6.48,8.92
26936,28,8,1,2010,-8.557500000000001,11.49,7.32,9.5
26937,28,9,1,2010,-9.514166666666668,11.12,6.3,8.45
26938,28,10,1,2010,-10.385833333333332,10.68,6.96,8.98
26939,28,11,1,2010,-11.19,10.72,6.87,8.870000000000003
26940,28,12,1,2010,-11.93,10.2,6.29,8.16
26941,28,13,1,2010,-12.276666666666669,6.82,4.44,5.67
26942,28,14,1,2010,-12.469999999999999,6.16,4.67,5.65
26943,28,15,1,2010,-12.273333333333333,6.13,4.71,5.66
26944,28,16,1,2010,-11.710833333333333,6.07,4.65,5.6000000000000005
26945,28,17,1,2010,-11.054166666666667,6.01,4.67,5.58
26946,28,18,1,2010,-10.266666666666667,6.26,4.87,5.82
26947,28,19,1,2010,-9.5275,5.79,4.51,5.38
26948,28,20,1,2010,-9.028333333333334,5.75,4.5,5.37
26949,28,21,1,2010,-8.733333333333333,5.7700000000000005,4.49,5.37
26950,28,22,1,2010,-8.774999999999999,5.16,4.01,4.8100000000000005
26951,28,23,1,2010,-8.970833333333333,5.05,3.91,4.71
26952,29,0,1,2010,-9.183333333333334,5.24,4.07,4.89
26953,29,1,1,2010,-9.296666666666665,5.24,4.0600000000000005,4.89
26954,29,2,1,2010,-9.355833333333335,5.1000000000000005,3.96,4.7700000000000005
26955,29,3,1,2010,-9.475833333333332,5.1000000000000005,3.97,4.78
26956,29,4,1,2010,-9.535,5.11,3.97,4.78
26957,29,5,1,2010,-9.625833333333333,5.3,4.11,4.95
26958,29,6,1,2010,-9.693333333333333,5.22,4.04,4.87
26959,29,7,1,2010,-9.76,5.34,4.15,5.0
26960,29,8,1,2010,-9.771666666666667,5.33,4.13,4.98
26961,29,9,1,2010,-9.8425,5.32,4.15,4.99
26962,29,10,1,2010,-9.981666666666667,5.66,4.42,5.32
26963,29,11,1,2010,-10.076666666666668,5.3,4.16,4.99
26964,29,12,1,2010,-10.221666666666666,5.42,4.24,5.09
26965,29,13,1,2010,-10.350833333333334,5.14,4.0600000000000005,4.8500000000000005
26966,29,14,1,2010,-10.383333333333333,5.51,4.36,5.21
26967,29,15,1,2010,-10.011666666666668,5.13,4.08,4.84
26968,29,16,1,2010,-9.415000000000001,4.8500000000000005,3.88,4.58
26969,29,17,1,2010,-8.726666666666665,4.8500000000000005,3.89,4.58
26970,29,18,1,2010,-7.917500000000001,4.67,3.73,4.39
26971,29,19,1,2010,-7.184166666666666,5.0,3.98,4.69
26972,29,20,1,2010,-6.789166666666666,4.72,3.75,4.44
26973,29,21,1,2010,-6.703333333333333,4.75,3.75,4.47
26974,29,22,1,2010,-6.779166666666668,4.97,3.82,4.62
26975,29,23,1,2010,-6.906666666666667,5.03,3.86,4.67
26976,30,0,1,2010,-7.075,5.04,3.86,4.67
26977,30,1,1,2010,-7.405833333333334,5.12,3.54,4.45
26978,30,2,1,2010,-7.598333333333334,5.1000000000000005,3.71,4.57
26979,30,3,1,2010,-7.815,4.75,3.56,4.3500000000000005
26980,30,4,1,2010,-8.022499999999999,4.42,3.31,4.04
26981,30,5,1,2010,-8.317499999999999,4.19,2.75,3.47
26982,30,6,1,2010,-8.808333333333332,4.65,2.17,3.52
26983,30,7,1,2010,-9.424166666666668,4.79,2.22,3.5700000000000003
26984,30,8,1,2010,-10.080833333333333,5.0200000000000005,2.19,3.63
26985,30,9,1,2010,-10.597499999999998,4.78,1.98,3.35
26986,30,10,1,2010,-11.078333333333333,4.43,2.01,3.36
26987,30,11,1,2010,-11.445,3.97,1.67,3.1
26988,30,12,1,2010,-11.675833333333332,3.54,1.21,2.66
26989,30,13,1,2010,-11.828333333333333,2.61,0.81,2.04
26990,30,14,1,2010,-11.43,2.3000000000000003,1.1,1.75
26991,30,15,1,2010,-10.069166666666666,1.55,1.07,1.15
26992,30,16,1,2010,-8.3075,0.94,0.7000000000000001,0.81
26993,30,17,1,2010,-6.713333333333334,1.18,0.91,1.08
26994,30,18,1,2010,-5.366666666666667,1.4,1.1,1.29
26995,30,19,1,2010,-4.2575,1.44,1.13,1.33
26996,30,20,1,2010,-3.450833333333333,1.39,1.08,1.27
26997,30,21,1,2010,-2.9616666666666673,1.36,1.06,1.24
26998,30,22,1,2010,-2.998333333333333,0.96,0.72,0.98
26999,30,23,1,2010,-4.194999999999999,0.89,0.95,1.61
27000,31,0,1,2010,-4.715833333333333,1.09,0.9,2.1
27001,31,1,1,2010,-4.9475,1.16,1.0,2.26
27002,31,2,1,2010,-5.064166666666667,1.38,1.05,2.08
27003,31,3,1,2010,-5.3225,1.65,1.12,2.19
27004,31,4,1,2010,-5.534166666666668,1.59,1.03,2.13
27005,31,5,1,2010,-5.6241666666666665,2.14,1.23,2.37
27006,31,6,1,2010,-5.870000000000001,1.93,0.79,1.88
27007,31,7,1,2010,-6.168333333333334,1.61,0.38,1.31
27008,31,8,1,2010,-6.613333333333334,1.81,0.31,0.99
27009,31,9,1,2010,-7.043333333333334,0.8300000000000001,0.44,1.11
27010,31,10,1,2010,-7.517499999999999,1.66,0.54,1.48
27011,31,11,1,2010,-8.0425,2.64,1.61,2.86
27012,31,12,1,2010,-8.818333333333333,3.4,2.42,4.12
27013,31,13,1,2010,-9.07,4.3100000000000005,2.72,4.63
27014,31,14,1,2010,-8.7775,4.65,2.8000000000000003,4.29
27015,31,15,1,2010,-7.6191666666666675,4.14,2.41,2.69
27016,31,16,1,2010,-6.206666666666666,3.0,2.56,2.89
27017,31,17,1,2010,-4.944166666666667,3.24,2.84,3.24
27018,31,18,1,2010,-3.8441666666666667,2.87,2.51,2.86
27019,31,19,1,2010,-2.966666666666667,2.66,2.33,2.64
27020,31,20,1,2010,-2.35,3.5,2.86,3.34
27021,31,21,1,2010,-2.0191666666666666,3.5700000000000003,2.9,3.41
27022,31,22,1,2010,-2.3633333333333333,4.01,2.9,3.51
27023,31,23,1,2010,-3.4258333333333333,5.04,2.28,4.11
27024,1,0,2,2010,-4.179166666666666,5.3100000000000005,2.32,4.3
27025,1,1,2,2010,-4.600833333333333,6.03,2.2,4.24
27026,1,2,2,2010,-4.7700000000000005,7.35,1.97,4.45
27027,1,3,2,2010,-4.820833333333334,8.51,1.8,4.71
27028,1,4,2,2010,-4.909999999999999,8.81,1.87,4.75
27029,1,5,2,2010,-5.1075,8.73,1.89,4.41
27030,1,6,2,2010,-5.121666666666667,8.0,1.81,4.42
27031,1,7,2,2010,-5.0216666666666665,6.91,2.02,4.42
27032,1,8,2,2010,-4.826666666666667,6.72,2.17,4.36
27033,1,9,2,2010,-4.7275,6.84,2.26,4.07
27034,1,10,2,2010,-4.623333333333334,6.96,2.34,4.09
27035,1,11,2,2010,-4.509166666666666,6.6400000000000015,2.39,4.17
27036,1,12,2,2010,-4.354166666666667,6.7700000000000005,2.73,4.54
27037,1,13,2,2010,-4.2058333333333335,7.65,3.49,5.3
27038,1,14,2,2010,-3.573333333333333,7.63,4.13,5.66
27039,1,15,2,2010,-3.0075000000000003,6.82,3.87,4.78
27040,1,16,2,2010,-2.1233333333333335,5.46,3.96,4.79
27041,1,17,2,2010,-1.0925,5.19,3.91,4.73
27042,1,18,2,2010,-0.09666666666666664,5.25,3.93,4.76
27043,1,19,2,2010,0.765,5.34,3.99,4.83
27044,1,20,2,2010,1.3225,4.8,3.59,4.3500000000000005
27045,1,21,2,2010,1.9000000000000001,4.72,3.4,4.25
27046,1,22,2,2010,1.6758333333333335,5.51,3.42,4.73
27047,1,23,2,2010,0.5858333333333333,5.8500000000000005,3.0,4.79
27048,2,0,2,2010,0.7491666666666666,6.37,3.0500000000000003,5.62
27049,2,1,2,2010,0.7799999999999999,7.12,3.39,6.38
27050,2,2,2,2010,-0.19583333333333333,5.26,3.33,5.37
27051,2,3,2,2010,-0.8666666666666668,4.51,1.95,3.43
27052,2,4,2,2010,-1.1166666666666667,4.12,1.82,3.16
27053,2,5,2,2010,-1.425,3.27,1.82,3.08
27054,2,6,2,2010,-1.4075,3.63,1.65,2.96
27055,2,7,2,2010,-1.4991666666666665,4.5,2.13,3.42
27056,2,8,2,2010,-1.4591666666666665,5.3500000000000005,2.84,3.93
27057,2,9,2,2010,-1.6349999999999998,5.92,3.17,4.45
27058,2,10,2,2010,-2.045,6.3,3.36,4.65
27059,2,11,2,2010,-2.565,8.38,3.71,5.9
27060,2,12,2,2010,-3.24,7.77,3.8,5.74
27061,2,13,2,2010,-3.875833333333333,7.7,3.91,5.8
27062,2,14,2,2010,-3.755833333333333,7.31,4.97,6.21
27063,2,15,2,2010,-3.4625,7.57,5.59,6.8500000000000005
27064,2,16,2,2010,-2.991666666666667,7.46,5.51,6.73
27065,2,17,2,2010,-2.2241666666666666,6.7700000000000005,5.04,6.13
27066,2,18,2,2010,-1.3091666666666664,6.46,4.79,5.83
27067,2,19,2,2010,-0.4116666666666666,6.11,4.54,5.51
27068,2,20,2,2010,0.2975,5.7700000000000005,4.28,5.19
27069,2,21,2,2010,0.7050000000000001,5.17,3.82,4.65
27070,2,22,2,2010,0.31083333333333335,4.8,3.51,4.3100000000000005
27071,2,23,2,2010,-1.1058333333333332,4.13,1.52,3.18
27072,3,0,2,2010,-1.8316666666666668,3.77,0.75,2.57
27073,3,1,2,2010,-2.361666666666667,2.2,0.54,1.34
27074,3,2,2,2010,-2.828333333333333,1.98,0.33,1.07
27075,3,3,2,2010,-3.2283333333333335,0.98,0.22,0.54
27076,3,4,2,2010,-3.635833333333333,1.57,0.7000000000000001,1.53
27077,3,5,2,2010,-4.025833333333334,2.69,0.99,2.47
27078,3,6,2,2010,-4.17,2.81,1.04,2.69
27079,3,7,2,2010,-4.4575,3.45,1.5,3.23
27080,3,8,2,2010,-4.840833333333333,4.38,2.16,3.72
27081,3,9,2,2010,-5.079166666666667,5.01,2.4,4.2
27082,3,10,2,2010,-5.1433333333333335,5.87,2.86,4.7
27083,3,11,2,2010,-5.292500000000001,6.91,3.17,5.05
27084,3,12,2,2010,-5.361666666666667,7.59,3.19,5.19
27085,3,13,2,2010,-5.345833333333334,8.34,3.87,5.6000000000000005
27086,3,14,2,2010,-4.322500000000001,8.02,4.32,5.84
27087,3,15,2,2010,-2.7383333333333333,7.11,4.61,5.49
27088,3,16,2,2010,-0.9175,6.2700000000000005,4.8,5.75
27089,3,17,2,2010,0.7075,6.72,5.08,6.12
27090,3,18,2,2010,2.276666666666667,7.21,5.39,6.5200000000000005
27091,3,19,2,2010,3.48,7.61,5.66,6.8900000000000015
27092,3,20,2,2010,4.199999999999999,8.0,5.8500000000000005,7.18
27093,3,21,2,2010,4.343333333333334,8.11,5.88,7.25
27094,3,22,2,2010,3.4725,10.07,5.04,7.09
27095,3,23,2,2010,1.8324999999999998,11.12,4.46,7.76
27096,4,0,2,2010,1.2608333333333335,11.73,5.1000000000000005,8.08
27097,4,1,2,2010,1.0641666666666667,12.03,5.23,8.120000000000001
27098,4,2,2,2010,0.875,12.26,5.8,8.59
27099,4,3,2,2010,0.7225,12.3,5.91,8.66
27100,4,4,2,2010,0.6058333333333333,12.06,5.95,8.64
27101,4,5,2,2010,0.5375000000000001,11.73,5.82,8.38
27102,4,6,2,2010,0.4383333333333334,11.48,5.68,8.2
27103,4,7,2,2010,0.43833333333333324,11.03,5.37,7.8
27104,4,8,2,2010,0.48416666666666663,10.88,5.36,7.67
27105,4,9,2,2010,0.4724999999999999,10.7,5.39,7.69
27106,4,10,2,2010,0.5658333333333334,10.05,4.93,7.15
27107,4,11,2,2010,0.6041666666666667,9.04,4.15,6.26
27108,4,12,2,2010,0.5941666666666666,8.9,4.47,6.46
27109,4,13,2,2010,0.5008333333333334,8.370000000000001,4.0,5.91
27110,4,14,2,2010,0.6941666666666668,7.75,3.6,5.0
27111,4,15,2,2010,1.0450000000000002,6.49,3.8,4.55
27112,4,16,2,2010,1.6366666666666667,5.12,4.04,4.79
27113,4,17,2,2010,2.0466666666666664,5.61,4.39,5.23
27114,4,18,2,2010,2.5749999999999997,5.95,4.55,5.48
27115,4,19,2,2010,3.4333333333333336,6.55,4.94,5.98
27116,4,20,2,2010,3.8350000000000004,7.11,5.28,6.49
27117,4,21,2,2010,3.4225000000000008,7.33,5.34,6.6000000000000005
27118,4,22,2,2010,3.035833333333334,7.96,4.46,5.84
27119,4,23,2,2010,2.0866666666666664,8.77,3.64,6.1000000000000005
27120,5,0,2,2010,1.4800000000000002,10.14,5.43,7.75
27121,5,1,2,2010,0.17333333333333337,9.98,5.66,7.7
27122,5,2,2,2010,-0.3016666666666667,8.35,5.15,6.8
27123,5,3,2,2010,-0.5825,7.88,4.88,6.5
27124,5,4,2,2010,-0.71,7.81,3.86,6.0
27125,5,5,2,2010,-0.7158333333333333,7.26,3.47,5.38
27126,5,6,2,2010,-0.61,6.99,3.54,5.22
27127,5,7,2,2010,-0.5016666666666668,6.47,3.91,5.18
27128,5,8,2,2010,-0.5091666666666667,5.66,3.4,4.5200000000000005
27129,5,9,2,2010,-0.665,4.78,2.99,3.91
27130,5,10,2,2010,-0.8133333333333331,4.54,2.48,3.49
27131,5,11,2,2010,-0.9275000000000001,4.22,2.22,3.2
27132,5,12,2,2010,-1.03,4.7,2.49,3.59
27133,5,13,2,2010,-1.145,4.62,2.43,3.5
27134,5,14,2,2010,-1.1725,4.46,2.79,3.5700000000000003
27135,5,15,2,2010,-1.0291666666666668,4.26,3.0700000000000003,3.7
27136,5,16,2,2010,-0.7216666666666667,4.72,3.6,4.37
27137,5,17,2,2010,-0.22750000000000004,5.3500000000000005,4.07,4.94
27138,5,18,2,2010,0.08333333333333333,6.17,4.68,5.71
27139,5,19,2,2010,0.1658333333333333,7.08,5.25,6.46
27140,5,20,2,2010,0.25,7.33,5.43,6.68
27141,5,21,2,2010,0.3483333333333334,7.31,5.22,6.48
27142,5,22,2,2010,0.18499999999999997,7.55,4.92,6.37
27143,5,23,2,2010,0.023333333333333334,8.59,5.29,7.03
27144,6,0,2,2010,-0.036666666666666674,9.03,5.71,7.5
27145,6,1,2,2010,-0.16083333333333336,9.22,5.65,7.51
27146,6,2,2,2010,-0.4549999999999999,8.45,5.11,6.8100000000000005
27147,6,3,2,2010,-0.46000000000000013,8.28,4.98,6.7
27148,6,4,2,2010,-0.5533333333333333,7.67,4.75,6.32
27149,6,5,2,2010,-0.7316666666666666,7.71,4.36,6.01
27150,6,6,2,2010,-1.0791666666666668,7.4,4.14,5.76
27151,6,7,2,2010,-1.4825,6.99,3.66,5.29
27152,6,8,2,2010,-1.8583333333333334,7.23,3.61,6.12
27153,6,9,2,2010,-2.3425000000000002,7.62,3.98,6.8100000000000005
27154,6,10,2,2010,-2.900833333333333,8.0,3.82,6.8100000000000005
27155,6,11,2,2010,-3.1225,6.66,3.26,5.75
27156,6,12,2,2010,-3.1024999999999996,6.8100000000000005,3.08,5.72
27157,6,13,2,2010,-3.1574999999999993,6.43,2.4,4.88
27158,6,14,2,2010,-2.5191666666666666,5.91,2.86,4.22
27159,6,15,2,2010,-1.7008333333333334,3.69,2.65,3.12
27160,6,16,2,2010,-0.9691666666666666,3.26,2.66,3.1
27161,6,17,2,2010,-0.2466666666666667,2.42,1.94,2.27
27162,6,18,2,2010,0.36916666666666664,1.66,1.36,1.57
27163,6,19,2,2010,0.8791666666666668,1.2,0.99,1.13
27164,6,20,2,2010,1.2416666666666667,1.13,0.96,1.09
27165,6,21,2,2010,1.4216666666666666,1.11,0.91,1.04
27166,6,22,2,2010,1.055,1.03,0.77,0.93
27167,6,23,2,2010,-0.14166666666666666,0.89,0.25,0.41
27168,7,0,2,2010,-0.7716666666666668,0.56,0.45,0.42
27169,7,1,2,2010,-1.2633333333333334,0.77,0.54,0.66
27170,7,2,2,2010,-1.7125000000000001,0.94,0.62,0.89
27171,7,3,2,2010,-1.7866666666666668,1.42,0.2,0.74
27172,7,4,2,2010,-1.8266666666666664,1.48,0.09,0.56
27173,7,5,2,2010,-1.905,1.85,0.25,0.95
27174,7,6,2,2010,-2.0374999999999996,2.77,0.79,1.79
27175,7,7,2,2010,-2.2899999999999996,4.3100000000000005,1.13,3.16
27176,7,8,2,2010,-2.2658333333333336,5.32,2.85,3.91
27177,7,9,2,2010,-1.9783333333333328,5.33,3.3200000000000003,4.29
27178,7,10,2,2010,-2.004166666666667,5.63,3.31,4.28
27179,7,11,2,2010,-2.0483333333333333,5.75,2.92,4.22
27180,7,12,2,2010,-1.9666666666666668,5.75,2.92,4.15
27181,7,13,2,2010,-1.7791666666666668,5.9,2.99,4.2700000000000005
27182,7,14,2,2010,-1.2716666666666667,5.92,3.38,4.44
27183,7,15,2,2010,-0.525,5.1000000000000005,3.61,4.3500000000000005
27184,7,16,2,2010,0.16749999999999998,4.96,3.71,4.49
27185,7,17,2,2010,0.77,5.19,3.95,4.76
27186,7,18,2,2010,1.19,4.95,3.78,4.54
27187,7,19,2,2010,1.3641666666666667,4.7700000000000005,3.67,4.4
27188,7,20,2,2010,1.5908333333333335,5.25,3.95,4.79
27189,7,21,2,2010,1.4725000000000001,6.29,4.5600000000000005,5.6000000000000005
27190,7,22,2,2010,1.0908333333333333,5.84,3.85,4.78
27191,7,23,2,2010,0.4966666666666666,6.1000000000000005,3.39,4.75
27192,8,0,2,2010,0.3841666666666667,6.03,3.44,4.73
27193,8,1,2,2010,0.255,5.8,3.29,4.5600000000000005
27194,8,2,2,2010,0.14750000000000005,5.43,3.1,4.3
27195,8,3,2,2010,0.16583333333333333,5.62,3.03,4.17
27196,8,4,2,2010,0.07583333333333335,6.2700000000000005,3.14,4.45
27197,8,5,2,2010,-0.05666666666666667,6.62,3.36,4.76
27198,8,6,2,2010,-0.15583333333333332,6.62,3.31,4.74
27199,8,7,2,2010,-0.18166666666666664,6.29,3.25,4.65
27200,8,8,2,2010,-0.1683333333333333,5.66,2.85,4.15
27201,8,9,2,2010,-0.15749999999999997,5.19,2.5,3.69
27202,8,10,2,2010,-0.1825,4.75,2.42,3.54
27203,8,11,2,2010,-0.1708333333333333,4.65,2.33,3.38
27204,8,12,2,2010,-0.7416666666666667,7.74,4.82,6.2
27205,8,13,2,2010,-1.5724999999999996,7.52,4.59,6.2
27206,8,14,2,2010,-1.7066666666666668,9.5,6.8,8.46
27207,8,15,2,2010,-2.6350000000000002,10.59,7.75,9.56
27208,8,16,2,2010,-3.5833333333333335,10.76,7.91,9.75
27209,8,17,2,2010,-4.114166666666667,10.84,7.95,9.79
27210,8,18,2,2010,-4.24,11.12,8.13,10.03
27211,8,19,2,2010,-4.535,11.29,8.26,10.2
27212,8,20,2,2010,-4.8075,10.49,7.58,9.4
27213,8,21,2,2010,-5.140000000000001,10.09,7.19,8.98
27214,8,22,2,2010,-6.381666666666665,10.46,7.17,8.98
27215,8,23,2,2010,-8.030833333333332,10.47,5.99,8.22
27216,9,0,2,2010,-9.136666666666667,10.78,5.11,7.51
27217,9,1,2,2010,-9.755833333333333,10.94,5.29,7.84
27218,9,2,2,2010,-10.1575,9.7,4.55,6.9
27219,9,3,2,2010,-10.420833333333333,8.65,4.1,6.26
27220,9,4,2,2010,-10.4825,8.34,3.76,5.88
27221,9,5,2,2010,-10.616666666666665,7.66,3.71,5.46
27222,9,6,2,2010,-10.831666666666665,8.05,3.75,5.64
27223,9,7,2,2010,-10.639166666666666,7.92,3.81,5.64
27224,9,8,2,2010,-10.385833333333336,10.14,6.0200000000000005,8.08
27225,9,9,2,2010,-9.94,11.3,7.46,9.58
27226,9,10,2,2010,-9.634166666666665,10.94,7.51,9.46
27227,9,11,2,2010,-9.568333333333335,11.72,8.18,10.3
27228,9,12,2,2010,-10.398333333333333,13.6,9.16,11.66
27229,9,13,2,2010,-10.379166666666665,11.62,7.83,9.96
27230,9,14,2,2010,-9.926666666666668,10.58,7.37,9.27
27231,9,15,2,2010,-8.360000000000001,11.46,8.17,10.18
27232,9,16,2,2010,-6.0633333333333335,12.81,9.12,11.37
27233,9,17,2,2010,-4.684166666666667,13.91,9.89,12.37
27234,9,18,2,2010,-4.2733333333333325,14.1,10.06,12.55
27235,9,19,2,2010,-4.1425,13.6,9.7,12.09
27236,9,20,2,2010,-4.026666666666667,12.85,9.15,11.44
27237,9,21,2,2010,-4.090833333333333,12.17,8.65,10.84
27238,9,22,2,2010,-4.447500000000001,11.81,8.24,10.38
27239,9,23,2,2010,-5.425000000000001,11.17,5.87,8.22
27240,10,0,2,2010,-6.059166666666666,11.62,5.7700000000000005,8.51
27241,10,1,2,2010,-6.655833333333334,10.74,5.09,7.66
27242,10,2,2,2010,-7.072500000000001,10.95,5.33,7.86
27243,10,3,2,2010,-7.646666666666666,10.92,5.2700000000000005,7.78
27244,10,4,2,2010,-8.270833333333334,10.44,4.88,7.34
27245,10,5,2,2010,-8.709999999999999,10.14,4.9,7.19
27246,10,6,2,2010,-9.047500000000001,9.88,4.9,7.17
27247,10,7,2,2010,-9.456666666666665,9.4,4.66,6.8500000000000005
27248,10,8,2,2010,-9.841666666666667,9.22,4.59,6.74
27249,10,9,2,2010,-10.24,8.93,4.3,6.45
27250,10,10,2,2010,-10.7125,8.48,4.1,6.16
27251,10,11,2,2010,-11.046666666666667,7.76,3.67,5.86
27252,10,12,2,2010,-11.145000000000001,7.7,3.7,5.88
27253,10,13,2,2010,-11.342500000000001,7.52,3.68,5.84
27254,10,14,2,2010,-10.781666666666666,5.83,3.0500000000000003,4.3
27255,10,15,2,2010,-9.9025,3.4,2.64,3.09
27256,10,16,2,2010,-8.809166666666668,2.6,2.15,2.49
27257,10,17,2,2010,-7.699999999999999,2.36,1.97,2.27
27258,10,18,2,2010,-6.6625000000000005,1.81,1.51,1.73
27259,10,19,2,2010,-5.8275,1.16,1.0,1.13
27260,10,20,2,2010,-5.2525,0.95,0.88,0.97
27261,10,21,2,2010,-4.9975000000000005,0.98,0.88,0.97
27262,10,22,2,2010,-5.204166666666667,1.76,1.05,1.72
27263,10,23,2,2010,-6.5325,3.12,1.32,2.51
27264,11,0,2,2010,-7.4383333333333335,3.77,2.04,3.53
27265,11,1,2,2010,-7.621666666666667,4.46,2.21,4.05
27266,11,2,2,2010,-7.884166666666666,5.3,2.7,4.78
27267,11,3,2,2010,-7.9799999999999995,6.0200000000000005,3.08,5.36
27268,11,4,2,2010,-7.719166666666665,6.43,3.15,5.46
27269,11,5,2,2010,-7.049166666666667,6.88,3.34,5.55
27270,11,6,2,2010,-6.670833333333334,7.57,3.44,5.5
27271,11,7,2,2010,-6.491666666666667,7.88,3.62,5.65
27272,11,8,2,2010,-6.261666666666668,7.96,3.75,5.73
27273,11,9,2,2010,-6.211666666666667,7.76,3.53,5.44
27274,11,10,2,2010,-6.107499999999999,7.77,3.28,5.13
27275,11,11,2,2010,-6.366666666666666,8.11,3.31,5.41
27276,11,12,2,2010,-6.44,8.82,3.85,6.04
27277,11,13,2,2010,-6.314166666666666,8.790000000000001,4.3100000000000005,6.1400000000000015
27278,11,14,2,2010,-5.583333333333333,8.53,4.67,6.2700000000000005
27279,11,15,2,2010,-4.464166666666666,7.0,4.05,4.95
27280,11,16,2,2010,-3.1924999999999994,5.22,4.08,4.8500000000000005
27281,11,17,2,2010,-2.0583333333333336,5.18,4.07,4.83
27282,11,18,2,2010,-1.1883333333333332,4.82,3.77,4.49
27283,11,19,2,2010,-0.5516666666666667,4.94,3.82,4.58
27284,11,20,2,2010,-0.07583333333333334,5.1000000000000005,3.86,4.67
27285,11,21,2,2010,0.2025,5.11,3.85,4.67
27286,11,22,2,2010,-0.34249999999999997,5.34,2.84,4.15
27287,11,23,2,2010,-1.5541666666666665,7.28,2.41,5.5600000000000005
27288,12,0,2,2010,-2.0133333333333336,7.43,2.63,5.78
27289,12,1,2,2010,-2.379166666666667,7.25,2.46,5.7
27290,12,2,2,2010,-2.2875,6.88,3.15,5.84
27291,12,3,2,2010,-2.3274999999999997,7.0600000000000005,3.39,6.29
27292,12,4,2,2010,-2.5075000000000003,5.86,3.42,6.1400000000000015
27293,12,5,2,2010,-2.7391666666666663,4.3100000000000005,3.44,4.9
27294,12,6,2,2010,-2.908333333333333,4.53,3.0500000000000003,4.64
27295,12,7,2,2010,-3.3383333333333334,4.7700000000000005,3.1,4.75
27296,12,8,2,2010,-3.936666666666666,5.65,2.87,5.54
27297,12,9,2,2010,-4.046666666666667,6.34,3.22,5.8100000000000005
27298,12,10,2,2010,-4.230833333333333,6.2,3.27,5.82
27299,12,11,2,2010,-4.604166666666667,5.82,2.97,5.5
27300,12,12,2,2010,-5.0633333333333335,6.36,3.33,5.94
27301,12,13,2,2010,-5.145,6.34,3.35,5.95
27302,12,14,2,2010,-4.633333333333334,5.46,3.27,5.5
27303,12,15,2,2010,-3.8416666666666663,5.24,2.66,3.74
27304,12,16,2,2010,-2.3749999999999996,3.29,2.32,2.69
27305,12,17,2,2010,-1.4558333333333333,2.78,2.23,2.62
27306,12,18,2,2010,-0.7625000000000001,2.71,2.15,2.54
27307,12,19,2,2010,-0.25833333333333336,2.87,2.25,2.68
27308,12,20,2,2010,0.06416666666666666,2.88,2.25,2.68
27309,12,21,2,2010,0.1725,2.9,2.23,2.67
27310,12,22,2,2010,-0.605,3.24,1.64,2.94
27311,12,23,2,2010,-1.9041666666666668,3.86,1.59,2.89
27312,13,0,2,2010,-2.7550000000000003,3.84,1.41,3.33
27313,13,1,2,2010,-3.090833333333333,3.18,1.41,3.34
27314,13,2,2,2010,-3.4450000000000003,2.8000000000000003,1.07,2.54
27315,13,3,2,2010,-3.8433333333333333,1.69,0.25,0.94
27316,13,4,2,2010,-4.109166666666667,1.34,0.34,0.62
27317,13,5,2,2010,-4.282499999999999,1.49,0.37,0.88
27318,13,6,2,2010,-4.398333333333333,2.14,0.54,1.38
27319,13,7,2,2010,-4.493333333333333,2.84,0.94,2.06
27320,13,8,2,2010,-4.6325,3.74,1.41,2.83
27321,13,9,2,2010,-4.839999999999999,4.74,1.72,3.6
27322,13,10,2,2010,-4.94,5.47,2.15,4.38
27323,13,11,2,2010,-4.741666666666667,6.46,2.83,4.98
27324,13,12,2,2010,-4.5675,7.23,2.95,5.39
27325,13,13,2,2010,-4.8566666666666665,7.48,2.86,5.62
27326,13,14,2,2010,-3.8875000000000006,7.56,3.54,5.29
27327,13,15,2,2010,-3.0775,6.7,3.51,4.68
27328,13,16,2,2010,-2.16,6.17,3.41,4.0200000000000005
27329,13,17,2,2010,-0.7591666666666667,4.17,3.1,3.72
27330,13,18,2,2010,0.3333333333333333,3.68,2.86,3.39
27331,13,19,2,2010,1.0666666666666667,3.27,2.59,3.06
27332,13,20,2,2010,1.5166666666666668,2.64,2.09,2.46
27333,13,21,2,2010,1.6891666666666667,2.04,1.56,1.86
27334,13,22,2,2010,1.57,2.06,1.55,1.86
27335,13,23,2,2010,0.46833333333333343,1.98,0.45,1.32
27336,14,0,2,2010,-0.0375,1.39,0.36,1.17
27337,14,1,2,2010,-0.2325,0.8300000000000001,0.22,0.61
27338,14,2,2,2010,-0.3925,2.65,0.74,1.68
27339,14,3,2,2010,-0.66,6.53,2.74,4.79
27340,14,4,2,2010,-0.8908333333333335,11.27,5.58,7.9300000000000015
27341,14,5,2,2010,-1.5666666666666667,13.75,7.9300000000000015,10.83
27342,14,6,2,2010,-3.115,14.02,8.46,11.28
27343,14,7,2,2010,-5.1641666666666675,12.88,7.26,9.95
27344,14,8,2,2010,-6.050833333333334,11.75,6.84,9.26
27345,14,9,2,2010,-6.640833333333333,13.11,7.74,10.39
27346,14,10,2,2010,-7.340833333333335,14.65,9.05,12.0
27347,14,11,2,2010,-7.826666666666668,12.31,7.36,9.86
27348,14,12,2,2010,-8.134166666666667,12.64,7.67,10.2
27349,14,13,2,2010,-8.261666666666668,11.15,7.18,9.17
27350,14,14,2,2010,-8.160833333333333,11.35,7.78,9.84
27351,14,15,2,2010,-7.640833333333334,10.82,7.58,9.52
27352,14,16,2,2010,-6.805,10.96,7.75,9.71
27353,14,17,2,2010,-5.914166666666667,11.58,8.21,10.28
27354,14,18,2,2010,-5.2475000000000005,12.64,8.92,11.21
27355,14,19,2,2010,-4.975833333333334,15.25,10.81,13.61
27356,14,20,2,2010,-5.749166666666667,15.35,10.95,13.74
27357,14,21,2,2010,-6.126666666666666,14.02,9.9,12.48
27358,14,22,2,2010,-6.140833333333333,13.57,9.5,12.01
27359,14,23,2,2010,-6.444166666666665,12.99,8.51,11.04
27360,15,0,2,2010,-6.922499999999999,15.36,10.07,13.01
27361,15,1,2,2010,-7.788333333333334,17.240000000000002,11.1,14.57
27362,15,2,2,2010,-8.871666666666668,15.84,10.09,13.28
27363,15,3,2,2010,-9.436666666666666,15.41,9.67,12.77
27364,15,4,2,2010,-9.641666666666667,13.32,8.55,11.14
27365,15,5,2,2010,-9.360833333333334,13.19,8.88,11.38
27366,15,6,2,2010,-9.584166666666668,12.61,8.44,10.84
27367,15,7,2,2010,-9.755833333333335,12.34,8.15,10.46
27368,15,8,2,2010,-9.843333333333335,12.84,8.51,10.91
27369,15,9,2,2010,-9.873333333333335,12.54,8.34,10.68
27370,15,10,2,2010,-9.875833333333333,12.21,8.11,10.39
27371,15,11,2,2010,-9.980833333333331,12.49,8.22,10.59
27372,15,12,2,2010,-10.172500000000001,12.56,8.23,10.59
27373,15,13,2,2010,-10.237499999999999,12.21,7.95,10.22
27374,15,14,2,2010,-9.940000000000001,11.94,8.38,10.56
27375,15,15,2,2010,-9.381666666666666,11.88,8.46,10.61
27376,15,16,2,2010,-8.63,12.0,8.56,10.71
27377,15,17,2,2010,-7.816666666666666,11.36,8.18,10.18
27378,15,18,2,2010,-7.122499999999999,10.75,7.72,9.62
27379,15,19,2,2010,-6.54,10.79,7.74,9.67
27380,15,20,2,2010,-5.980833333333333,11.36,8.08,10.14
27381,15,21,2,2010,-5.62,11.44,8.13,10.2
27382,15,22,2,2010,-5.585833333333333,10.93,7.63,9.66
27383,15,23,2,2010,-6.136666666666667,10.9,6.23,8.42
27384,16,0,2,2010,-6.728333333333334,12.51,6.16,9.01
27385,16,1,2,2010,-7.124166666666667,13.61,7.41,10.39
27386,16,2,2,2010,-7.740833333333334,13.81,7.59,10.6
27387,16,3,2,2010,-8.425,14.0,7.9300000000000015,10.93
27388,16,4,2,2010,-9.066666666666668,13.23,7.45,10.27
27389,16,5,2,2010,-9.505833333333333,12.09,6.79,9.38
27390,16,6,2,2010,-9.831666666666667,12.09,6.8100000000000005,9.38
27391,16,7,2,2010,-10.106666666666666,11.82,6.68,9.18
27392,16,8,2,2010,-10.328333333333333,11.62,6.62,9.06
27393,16,9,2,2010,-10.560833333333333,11.01,6.1000000000000005,8.44
27394,16,10,2,2010,-10.754166666666665,10.39,5.69,7.9
27395,16,11,2,2010,-10.847499999999998,10.87,6.15,8.42
27396,16,12,2,2010,-10.845833333333331,11.43,6.51,8.9
27397,16,13,2,2010,-10.548333333333334,11.78,6.98,9.28
27398,16,14,2,2010,-9.494166666666667,10.9,6.2700000000000005,8.64
27399,16,15,2,2010,-8.135000000000002,8.69,6.44,7.9
27400,16,16,2,2010,-6.672499999999999,8.4,6.28,7.69
27401,16,17,2,2010,-5.243333333333334,8.120000000000001,6.03,7.4
27402,16,18,2,2010,-4.008333333333334,8.17,6.05,7.43
27403,16,19,2,2010,-3.0274999999999994,8.19,6.01,7.41
27404,16,20,2,2010,-2.2908333333333335,8.15,5.94,7.34
27405,16,21,2,2010,-1.968333333333333,7.86,5.7,7.07
27406,16,22,2,2010,-2.1074999999999995,7.76,5.48,6.88
27407,16,23,2,2010,-3.2975000000000008,9.95,4.34,7.48
27408,17,0,2,2010,-3.9158333333333335,11.46,4.75,8.03
27409,17,1,2,2010,-4.5525,12.17,5.62,8.81
27410,17,2,2,2010,-5.11,12.31,5.72,8.92
27411,17,3,2,2010,-5.863333333333333,11.63,5.41,8.33
27412,17,4,2,2010,-6.37,11.3,5.41,8.290000000000001
27413,17,5,2,2010,-7.158333333333334,11.09,5.01,7.9
27414,17,6,2,2010,-7.871666666666666,10.56,4.21,7.29
27415,17,7,2,2010,-8.315,10.03,3.72,6.84
27416,17,8,2,2010,-8.538333333333332,9.64,3.85,6.54
27417,17,9,2,2010,-8.713333333333333,9.57,3.93,6.61
27418,17,10,2,2010,-9.15,9.24,3.85,6.63
27419,17,11,2,2010,-9.215000000000003,9.26,4.14,6.8900000000000015
27420,17,12,2,2010,-9.336666666666666,9.12,4.17,6.92
27421,17,13,2,2010,-9.394166666666665,8.94,4.53,6.79
27422,17,14,2,2010,-8.346666666666668,8.42,4.62,6.33
27423,17,15,2,2010,-7.001666666666668,7.22,4.22,5.08
27424,17,16,2,2010,-5.288333333333333,5.65,4.17,4.88
27425,17,17,2,2010,-3.546666666666667,5.08,4.09,4.79
27426,17,18,2,2010,-2.140833333333333,4.5,3.58,4.24
27427,17,19,2,2010,-1.0141666666666669,4.37,3.44,4.09
27428,17,20,2,2010,-0.2758333333333333,4.0600000000000005,3.13,3.75
27429,17,21,2,2010,0.04083333333333333,3.89,2.98,3.59
27430,17,22,2,2010,-0.4091666666666667,3.7,2.37,3.0
27431,17,23,2,2010,-2.0075,3.74,1.68,3.17
27432,18,0,2,2010,-2.778333333333333,3.71,2.02,3.36
27433,18,1,2,2010,-3.249166666666667,3.54,1.85,3.14
27434,18,2,2,2010,-3.4491666666666667,3.1,1.69,2.72
27435,18,3,2,2010,-3.8466666666666662,2.79,1.41,2.47
27436,18,4,2,2010,-4.260000000000001,2.5,1.22,2.22
27437,18,5,2,2010,-4.783333333333334,2.01,0.91,1.68
27438,18,6,2,2010,-5.131666666666667,1.66,0.84,1.4
27439,18,7,2,2010,-5.75,2.17,0.49,1.59
27440,18,8,2,2010,-6.3275,2.01,0.32,1.32
27441,18,9,2,2010,-6.674166666666667,1.48,0.45,0.99
27442,18,10,2,2010,-6.885833333333334,1.81,0.35000000000000003,1.18
27443,18,11,2,2010,-7.008333333333333,2.26,0.52,1.7
27444,18,12,2,2010,-7.334166666666667,2.84,0.91,2.21
27445,18,13,2,2010,-7.38,3.8,1.25,2.7
27446,18,14,2,2010,-6.1275,3.88,1.59,2.72
27447,18,15,2,2010,-4.343333333333333,3.83,1.68,1.84
27448,18,16,2,2010,-2.2525,3.03,2.08,2.38
27449,18,17,2,2010,-0.35000000000000003,2.68,2.26,2.58
27450,18,18,2,2010,0.9033333333333333,3.25,2.75,3.15
27451,18,19,2,2010,1.823333333333333,3.88,3.12,3.66
27452,18,20,2,2010,2.565,4.44,3.56,4.21
27453,18,21,2,2010,2.7241666666666666,5.01,3.77,4.61
27454,18,22,2,2010,2.1824999999999997,5.98,3.3000000000000003,4.7700000000000005
27455,18,23,2,2010,0.7633333333333333,6.71,2.98,5.47
27456,19,0,2,2010,-0.12416666666666666,8.51,2.92,5.78
27457,19,1,2,2010,-0.5208333333333334,8.790000000000001,2.86,5.8100000000000005
27458,19,2,2,2010,-0.8108333333333334,8.98,2.62,5.25
27459,19,3,2,2010,-0.9808333333333334,8.620000000000001,2.73,4.87
27460,19,4,2,2010,-1.0225,8.31,2.63,4.59
27461,19,5,2,2010,-1.0850000000000002,7.44,2.83,3.95
27462,19,6,2,2010,-0.8075000000000001,6.12,3.18,4.47
27463,19,7,2,2010,-0.7508333333333335,6.23,3.41,4.54
27464,19,8,2,2010,-0.7883333333333332,6.59,3.4,4.58
27465,19,9,2,2010,-0.775,6.79,3.63,4.89
27466,19,10,2,2010,-0.39499999999999996,7.4,4.0600000000000005,5.61
27467,19,11,2,2010,-0.15083333333333335,7.82,4.46,6.1400000000000015
27468,19,12,2,2010,-0.1408333333333333,8.17,4.68,6.45
27469,19,13,2,2010,-0.5425000000000001,8.16,5.15,6.66
27470,19,14,2,2010,-0.7275,8.05,5.24,6.72
27471,19,15,2,2010,-0.37000000000000005,7.17,4.18,5.23
27472,19,16,2,2010,0.35083333333333333,5.75,3.93,4.71
27473,19,17,2,2010,0.7008333333333333,4.86,3.69,4.41
27474,19,18,2,2010,0.37166666666666665,4.09,2.91,3.4
27475,19,19,2,2010,0.28500000000000003,3.49,2.4,2.74
27476,19,20,2,2010,0.5625,2.83,2.44,2.81
27477,19,21,2,2010,0.43166666666666664,2.6,2.17,2.5500000000000003
27478,19,22,2,2010,0.075,3.35,2.08,3.24
27479,19,23,2,2010,-0.4791666666666667,3.91,1.99,3.29
27480,20,0,2,2010,-0.9974999999999999,4.13,2.27,4.01
27481,20,1,2,2010,-1.5266666666666664,6.51,3.27,5.43
27482,20,2,2,2010,-1.985,7.38,3.5,5.87
27483,20,3,2,2010,-2.561666666666667,7.53,3.53,5.96
27484,20,4,2,2010,-3.095833333333333,7.95,3.78,6.08
27485,20,5,2,2010,-3.6491666666666664,7.81,3.77,5.96
27486,20,6,2,2010,-4.206666666666666,7.58,3.54,5.73
27487,20,7,2,2010,-4.6641666666666675,7.79,4.03,5.9
27488,20,8,2,2010,-5.0758333333333345,7.94,4.3500000000000005,6.1000000000000005
27489,20,9,2,2010,-5.495833333333333,7.72,4.07,5.8
27490,20,10,2,2010,-5.769166666666667,8.16,4.25,6.05
27491,20,11,2,2010,-6.067500000000002,8.03,4.2,6.04
27492,20,12,2,2010,-5.964166666666666,7.61,3.96,5.5200000000000005
27493,20,13,2,2010,-6.005833333333334,6.6000000000000005,3.21,4.7
27494,20,14,2,2010,-5.645833333333333,5.73,3.29,4.1
27495,20,15,2,2010,-4.669166666666666,4.82,3.75,4.4
27496,20,16,2,2010,-3.579166666666667,4.3100000000000005,3.43,4.04
27497,20,17,2,2010,-2.8541666666666665,4.19,3.35,3.95
27498,20,18,2,2010,-2.2308333333333334,4.05,3.23,3.81
27499,20,19,2,2010,-1.7924999999999998,4.28,3.38,4.0200000000000005
27500,20,20,2,2010,-1.5208333333333333,4.69,3.66,4.38
27501,20,21,2,2010,-1.4183333333333332,5.2,4.01,4.82
27502,20,22,2,2010,-1.6133333333333333,5.67,4.09,4.97
27503,20,23,2,2010,-1.7341666666666669,5.76,3.82,4.8500000000000005
27504,21,0,2,2010,-1.8758333333333335,5.58,3.56,4.6000000000000005
27505,21,1,2,2010,-1.9008333333333332,7.1400000000000015,4.78,6.0600000000000005
27506,21,2,2,2010,-1.9941666666666666,7.32,4.92,6.24
27507,21,3,2,2010,-2.1341666666666663,7.36,4.75,6.11
27508,21,4,2,2010,-2.3008333333333333,7.26,4.69,6.09
27509,21,5,2,2010,-2.483333333333333,7.05,4.3500000000000005,5.89
27510,21,6,2,2010,-2.73,7.21,4.53,6.09
27511,21,7,2,2010,-2.875833333333333,7.35,4.65,6.21
27512,21,8,2,2010,-2.9691666666666663,7.36,4.72,6.3
27513,21,9,2,2010,-3.0775,7.75,5.05,6.73
27514,21,10,2,2010,-3.268333333333333,8.51,5.41,7.3
27515,21,11,2,2010,-3.4533333333333336,8.75,5.49,7.38
27516,21,12,2,2010,-3.499166666666666,8.42,5.19,7.0200000000000005
27517,21,13,2,2010,-3.5058333333333334,9.14,5.7700000000000005,7.91
27518,21,14,2,2010,-3.5208333333333335,9.36,6.24,7.77
27519,21,15,2,2010,-3.4424999999999994,9.62,7.01,8.63
27520,21,16,2,2010,-3.11,9.95,7.35,9.03
27521,21,17,2,2010,-2.723333333333333,10.85,8.02,9.86
27522,21,18,2,2010,-2.4225,11.34,8.34,10.28
27523,21,19,2,2010,-2.233333333333334,11.56,8.43,10.42
27524,21,20,2,2010,-2.2391666666666667,11.58,8.44,10.44
27525,21,21,2,2010,-2.4733333333333336,11.28,8.08,10.05
27526,21,22,2,2010,-2.8708333333333336,11.98,7.5,9.79
27527,21,23,2,2010,-3.2325,11.7,7.82,9.99
27528,22,0,2,2010,-3.524999999999999,11.51,7.75,9.89
27529,22,1,2,2010,-3.730833333333333,11.11,6.79,8.97
27530,22,2,2,2010,-3.904166666666667,11.69,6.43,8.91
27531,22,3,2,2010,-4.1866666666666665,11.03,6.0600000000000005,8.4
27532,22,4,2,2010,-4.691666666666666,11.47,6.37,8.8
27533,22,5,2,2010,-5.5616666666666665,11.32,5.68,8.34
27534,22,6,2,2010,-6.536666666666666,11.64,5.98,8.67
27535,22,7,2,2010,-7.076666666666668,11.58,6.34,8.69
27536,22,8,2,2010,-7.56,11.4,6.04,8.55
27537,22,9,2,2010,-8.059166666666668,12.1,6.3100000000000005,8.99
27538,22,10,2,2010,-8.455833333333336,12.07,6.69,9.25
27539,22,11,2,2010,-8.845833333333333,11.93,6.55,9.1
27540,22,12,2,2010,-8.661666666666667,10.03,6.07,8.07
27541,22,13,2,2010,-8.8375,9.73,6.09,8.0
27542,22,14,2,2010,-8.610000000000001,8.94,6.15,7.62
27543,22,15,2,2010,-8.055000000000001,8.15,5.97,7.34
27544,22,16,2,2010,-7.4191666666666665,8.0,5.88,7.22
27545,22,17,2,2010,-6.596666666666667,7.98,5.88,7.21
27546,22,18,2,2010,-5.8825,8.45,6.2,7.62
27547,22,19,2,2010,-5.275833333333333,8.42,6.15,7.58
27548,22,20,2,2010,-4.800833333333333,8.19,5.93,7.34
27549,22,21,2,2010,-4.529166666666666,8.16,5.9,7.3
27550,22,22,2,2010,-4.611666666666667,7.92,5.62,7.03
27551,22,23,2,2010,-6.039166666666667,8.02,3.45,6.54
27552,23,0,2,2010,-6.653333333333333,8.290000000000001,4.14,7.3900000000000015
27553,23,1,2,2010,-7.410833333333334,9.13,4.05,7.22
27554,23,2,2,2010,-8.256666666666668,9.17,3.87,7.1400000000000015
27555,23,3,2,2010,-8.610833333333334,8.74,3.79,6.98
27556,23,4,2,2010,-9.243333333333334,7.44,3.64,6.74
27557,23,5,2,2010,-9.4625,6.5200000000000005,3.27,6.48
27558,23,6,2,2010,-9.820833333333333,5.44,2.96,5.51
27559,23,7,2,2010,-10.262500000000001,5.0600000000000005,3.36,5.03
27560,23,8,2,2010,-10.1225,5.91,3.85,5.61
27561,23,9,2,2010,-10.165,7.19,4.13,6.3
27562,23,10,2,2010,-9.933333333333334,8.73,4.51,6.87
27563,23,11,2,2010,-9.595,9.28,4.86,7.16
27564,23,12,2,2010,-9.5025,9.98,5.2700000000000005,7.68
27565,23,13,2,2010,-9.304166666666669,10.41,5.13,7.53
27566,23,14,2,2010,-7.939166666666665,10.41,5.5,7.58
27567,23,15,2,2010,-5.95,9.91,6.03,7.58
27568,23,16,2,2010,-4.741666666666667,9.14,6.7700000000000005,8.28
27569,23,17,2,2010,-4.243333333333334,8.65,6.3500000000000005,7.8
27570,23,18,2,2010,-4.025000000000001,9.34,6.69,8.3
27571,23,19,2,2010,-3.8424999999999994,10.65,7.55,9.42
27572,23,20,2,2010,-3.9450000000000003,10.9,7.7,9.65
27573,23,21,2,2010,-4.0441666666666665,10.49,7.47,9.31
27574,23,22,2,2010,-4.655,10.34,6.5600000000000005,8.39
27575,23,23,2,2010,-6.190833333333334,10.51,5.04,7.61
27576,24,0,2,2010,-7.748333333333332,13.24,4.98,8.56
27577,24,1,2,2010,-8.708333333333334,11.47,4.84,8.14
27578,24,2,2,2010,-10.489166666666668,11.96,3.9,7.44
27579,24,3,2,2010,-11.160833333333334,12.69,4.61,8.17
27580,24,4,2,2010,-12.1575,14.65,4.94,9.4
27581,24,5,2,2010,-12.5,14.26,5.29,9.48
27582,24,6,2,2010,-12.911666666666664,10.86,4.75,7.85
27583,24,7,2,2010,-14.146666666666667,10.26,3.96,7.2
27584,24,8,2,2010,-14.767499999999998,9.32,3.74,7.11
27585,24,9,2,2010,-15.287499999999996,9.59,3.83,6.96
27586,24,10,2,2010,-15.583333333333334,9.7,4.34,7.28
27587,24,11,2,2010,-16.3125,9.5,4.21,7.11
27588,24,12,2,2010,-17.018333333333334,8.26,3.5700000000000003,6.45
27589,24,13,2,2010,-16.595000000000002,8.24,3.96,6.42
27590,24,14,2,2010,-15.594999999999999,7.1400000000000015,3.8,5.3500000000000005
27591,24,15,2,2010,-14.475833333333334,3.97,3.0500000000000003,3.5500000000000003
27592,24,16,2,2010,-13.065833333333332,3.66,2.99,3.5
27593,24,17,2,2010,-11.691666666666665,3.59,2.93,3.43
27594,24,18,2,2010,-10.434166666666668,2.57,2.09,2.44
27595,24,19,2,2010,-9.360833333333332,2.07,1.7,1.97
27596,24,20,2,2010,-8.578333333333335,1.69,1.37,1.59
27597,24,21,2,2010,-8.176666666666666,1.19,0.95,1.1
27598,24,22,2,2010,-8.279166666666669,1.1,0.86,1.01
27599,24,23,2,2010,-9.874166666666666,0.5700000000000001,0.35000000000000003,0.24
27600,25,0,2,2010,-11.0875,1.2,0.37,0.86
27601,25,1,2,2010,-11.3575,3.11,0.67,2.04
27602,25,2,2,2010,-11.813333333333334,4.38,1.34,3.03
27603,25,3,2,2010,-12.282499999999999,4.66,1.44,3.14
27604,25,4,2,2010,-12.445,4.66,1.49,3.16
27605,25,5,2,2010,-12.842500000000001,5.53,1.83,3.85
27606,25,6,2,2010,-13.425833333333335,6.12,1.84,4.24
27607,25,7,2,2010,-13.848333333333331,6.79,2.18,4.8100000000000005
27608,25,8,2,2010,-14.296666666666669,7.21,2.23,5.09
27609,25,9,2,2010,-14.675833333333335,7.42,2.44,5.43
27610,25,10,2,2010,-15.12916666666667,8.28,2.59,6.0600000000000005
27611,25,11,2,2010,-15.175833333333335,8.55,2.87,6.47
27612,25,12,2,2010,-15.536666666666667,8.45,2.82,6.32
27613,25,13,2,2010,-15.275833333333331,8.43,3.3200000000000003,5.8100000000000005
27614,25,14,2,2010,-13.192499999999997,7.51,3.31,4.79
27615,25,15,2,2010,-11.536666666666667,6.6000000000000005,2.92,3.34
27616,25,16,2,2010,-9.645833333333334,5.0,2.99,3.46
27617,25,17,2,2010,-7.987500000000001,3.85,3.16,3.67
27618,25,18,2,2010,-6.661666666666666,4.14,3.41,3.96
27619,25,19,2,2010,-5.594166666666667,4.14,3.4,3.96
27620,25,20,2,2010,-4.961666666666667,4.21,3.44,4.03
27621,25,21,2,2010,-4.729166666666667,4.32,3.49,4.11
27622,25,22,2,2010,-4.958333333333333,4.93,3.38,4.3
27623,25,23,2,2010,-6.327500000000001,6.67,2.78,5.65
27624,26,0,2,2010,-7.425,7.36,2.63,5.99
27625,26,1,2,2010,-8.4,7.61,2.4,6.1000000000000005
27626,26,2,2,2010,-9.342500000000001,7.65,2.5500000000000003,6.3
27627,26,3,2,2010,-9.615,7.71,2.58,6.43
27628,26,4,2,2010,-9.783333333333333,7.42,2.52,6.29
27629,26,5,2,2010,-9.7775,7.03,2.28,5.5200000000000005
27630,26,6,2,2010,-9.921666666666667,6.97,2.2,5.37
27631,26,7,2,2010,-10.3775,6.25,1.67,4.4
27632,26,8,2,2010,-10.405833333333334,5.23,1.7,3.58
27633,26,9,2,2010,-10.331666666666669,4.82,1.77,3.49
27634,26,10,2,2010,-10.29,4.7,1.79,3.52
27635,26,11,2,2010,-10.354999999999999,4.68,1.86,3.63
27636,26,12,2,2010,-10.495,4.23,1.71,3.34
27637,26,13,2,2010,-10.545,3.83,1.41,2.93
27638,26,14,2,2010,-9.102500000000001,3.41,1.35,2.35
27639,26,15,2,2010,-7.072500000000001,3.06,1.27,1.41
27640,26,16,2,2010,-5.1016666666666675,2.64,1.45,1.65
27641,26,17,2,2010,-3.534166666666667,1.95,1.63,1.86
27642,26,18,2,2010,-2.3841666666666668,1.54,1.28,1.47
27643,26,19,2,2010,-1.5466666666666669,1.6,1.38,1.57
27644,26,20,2,2010,-0.9883333333333334,1.71,1.44,1.65
27645,26,21,2,2010,-0.5883333333333333,1.33,1.09,1.26
27646,26,22,2,2010,-0.8283333333333333,1.37,0.81,0.94
27647,26,23,2,2010,-2.6316666666666664,1.31,0.38,0.42
27648,27,0,2,2010,-3.9249999999999994,1.98,0.3,0.97
27649,27,1,2,2010,-4.187500000000001,2.65,0.37,1.42
27650,27,2,2,2010,-3.896666666666667,3.24,0.92,2.15
27651,27,3,2,2010,-4.120833333333334,3.95,1.53,2.9
27652,27,4,2,2010,-5.0925,5.08,2.12,4.16
27653,27,5,2,2010,-5.735833333333333,6.49,3.14,5.78
27654,27,6,2,2010,-5.740000000000001,9.15,3.99,7.21
27655,27,7,2,2010,-5.945833333333333,9.12,3.96,7.19
27656,27,8,2,2010,-6.519166666666667,9.27,3.99,6.92
27657,27,9,2,2010,-7.064999999999999,9.32,4.07,6.99
27658,27,10,2,2010,-7.4775,9.1,4.08,6.97
27659,27,11,2,2010,-7.920000000000001,8.86,3.9,6.61
27660,27,12,2,2010,-8.385000000000002,8.540000000000001,3.74,6.48
27661,27,13,2,2010,-8.594166666666666,7.86,3.78,6.25
27662,27,14,2,2010,-7.816666666666667,7.27,3.65,5.2700000000000005
27663,27,15,2,2010,-6.483333333333333,5.8100000000000005,3.09,3.69
27664,27,16,2,2010,-5.03,4.48,3.47,4.16
27665,27,17,2,2010,-3.7325,4.5,3.49,4.17
27666,27,18,2,2010,-2.7175,4.57,3.49,4.2
27667,27,19,2,2010,-2.021666666666667,4.5,3.43,4.14
27668,27,20,2,2010,-1.5491666666666666,4.32,3.28,3.96
27669,27,21,2,2010,-1.3624999999999998,4.16,3.1,3.79
27670,27,22,2,2010,-1.7883333333333333,4.4,2.37,3.63
27671,27,23,2,2010,-3.2391666666666663,5.0600000000000005,1.89,4.55
27672,28,0,2,2010,-4.2925,5.21,2.1,4.87
27673,28,1,2,2010,-4.523333333333333,5.23,2.19,4.66
27674,28,2,2,2010,-4.765833333333334,5.21,2.28,4.36
27675,28,3,2,2010,-5.179999999999999,5.0600000000000005,2.27,4.33
27676,28,4,2,2010,-5.915000000000002,4.99,2.04,3.93
27677,28,5,2,2010,-6.427499999999999,6.49,2.19,4.98
27678,28,6,2,2010,-6.636666666666668,6.63,2.41,5.49
27679,28,7,2,2010,-7.180000000000001,5.76,2.38,5.14
27680,28,8,2,2010,-7.6925,5.26,2.39,4.67
27681,28,9,2,2010,-8.155000000000001,4.8,2.04,3.87
27682,28,10,2,2010,-8.410833333333334,4.6000000000000005,2.18,3.84
27683,28,11,2,2010,-8.860000000000001,4.5,2.14,3.83
27684,28,12,2,2010,-9.081666666666667,4.0,1.92,3.36
27685,28,13,2,2010,-8.825000000000001,4.0200000000000005,2.06,3.48
27686,28,14,2,2010,-7.466666666666666,4.0,2.05,3.37
27687,28,15,2,2010,-5.920833333333333,3.47,1.82,2.03
27688,28,16,2,2010,-4.4875,2.67,2.24,2.56
27689,28,17,2,2010,-3.221666666666667,2.76,2.34,2.67
27690,28,18,2,2010,-2.2041666666666666,2.56,2.12,2.45
27691,28,19,2,2010,-1.3299999999999998,2.54,2.07,2.41
27692,28,20,2,2010,-0.6966666666666667,3.5700000000000003,2.9,3.4
27693,28,21,2,2010,-0.28916666666666674,3.61,2.84,3.4
27694,28,22,2,2010,-0.41750000000000004,3.95,2.73,3.38
27695,28,23,2,2010,-1.33,4.37,2.13,4.11
27696,1,0,3,2010,-1.7799999999999994,5.93,2.76,5.36
27697,1,1,3,2010,-1.9525000000000003,6.8,2.71,5.42
27698,1,2,3,2010,-1.8033333333333335,7.5,3.0500000000000003,5.82
27699,1,3,3,2010,-2.000833333333333,7.4,2.47,5.24
27700,1,4,3,2010,-1.9466666666666665,6.94,2.29,4.78
27701,1,5,3,2010,-1.9716666666666665,6.97,2.9,4.94
27702,1,6,3,2010,-2.0908333333333338,6.94,3.15,4.98
27703,1,7,3,2010,-2.061666666666667,7.11,3.22,5.05
27704,1,8,3,2010,-2.0991666666666666,6.38,2.8000000000000003,4.48
27705,1,9,3,2010,-2.221666666666667,6.13,2.8000000000000003,4.45
27706,1,10,3,2010,-2.3725,6.0600000000000005,2.86,4.62
27707,1,11,3,2010,-2.911666666666667,6.8900000000000015,3.34,5.58
27708,1,12,3,2010,-3.4424999999999994,7.28,3.65,6.16
27709,1,13,3,2010,-3.3225000000000002,7.66,4.14,6.36
27710,1,14,3,2010,-2.5100000000000002,6.19,4.48,5.34
27711,1,15,3,2010,-1.1408333333333334,5.75,4.45,5.3
27712,1,16,3,2010,0.32249999999999995,5.96,4.64,5.5600000000000005
27713,1,17,3,2010,1.531666666666667,5.53,4.2700000000000005,5.13
27714,1,18,3,2010,2.6475,5.59,4.3100000000000005,5.17
27715,1,19,3,2010,3.5475,6.1000000000000005,4.63,5.6000000000000005
27716,1,20,3,2010,4.238333333333334,6.34,4.75,5.78
27717,1,21,3,2010,4.6850000000000005,6.43,4.7700000000000005,5.83
27718,1,22,3,2010,4.785833333333334,6.62,4.79,5.98
27719,1,23,3,2010,3.9633333333333334,7.1400000000000015,3.96,5.58
27720,2,0,3,2010,3.160833333333333,8.540000000000001,3.65,6.78
27721,2,1,3,2010,2.6791666666666667,8.86,3.85,7.7
27722,2,2,3,2010,1.9733333333333336,9.18,4.33,7.8
27723,2,3,3,2010,0.4725,9.19,4.21,7.5
27724,2,4,3,2010,-0.49916666666666676,9.05,3.26,6.29
27725,2,5,3,2010,-1.2908333333333333,9.05,3.04,6.05
27726,2,6,3,2010,-1.6108333333333331,7.91,2.93,5.62
27727,2,7,3,2010,-1.8416666666666668,6.83,2.73,5.21
27728,2,8,3,2010,-1.9316666666666666,6.0600000000000005,2.75,5.28
27729,2,9,3,2010,-2.140833333333333,6.29,2.94,4.91
27730,2,10,3,2010,-2.2691666666666666,6.28,3.14,4.97
27731,2,11,3,2010,-2.5075,6.17,3.02,4.76
27732,2,12,3,2010,-2.7108333333333334,5.65,3.02,4.61
27733,2,13,3,2010,-2.610833333333334,5.68,3.41,4.63
27734,2,14,3,2010,-1.8416666666666666,4.8,3.63,4.36
27735,2,15,3,2010,-0.6775000000000001,4.28,3.38,4.0200000000000005
27736,2,16,3,2010,0.5575,3.99,3.13,3.72
27737,2,17,3,2010,1.7641666666666664,3.42,2.68,3.17
27738,2,18,3,2010,2.89,3.41,2.68,3.16
27739,2,19,3,2010,3.795833333333333,3.35,2.62,3.1
27740,2,20,3,2010,4.4775,3.63,2.82,3.35
27741,2,21,3,2010,4.7775,3.71,2.82,3.37
27742,2,22,3,2010,4.7775,3.76,2.79,3.38
27743,2,23,3,2010,3.5916666666666663,4.34,2.06,3.5500000000000003
27744,3,0,3,2010,2.0208333333333335,4.67,1.65,3.61
27745,3,1,3,2010,1.4391666666666667,4.91,1.54,4.28
27746,3,2,3,2010,0.875,5.6000000000000005,2.08,5.08
27747,3,3,3,2010,0.46,5.69,2.16,5.05
27748,3,4,3,2010,0.10083333333333334,5.96,2.25,5.2
27749,3,5,3,2010,-0.1275,6.36,2.62,5.26
27750,3,6,3,2010,-0.3841666666666667,7.15,2.82,5.5
27751,3,7,3,2010,-0.75,7.09,2.61,5.38
27752,3,8,3,2010,-1.3475,4.05,2.37,4.37
27753,3,9,3,2010,-1.8150000000000002,2.25,1.14,2.46
27754,3,10,3,2010,-2.41,2.36,1.13,1.93
27755,3,11,3,2010,-2.9075,2.87,1.38,2.56
27756,3,12,3,2010,-3.278333333333333,3.64,2.0,3.3000000000000003
27757,3,13,3,2010,-3.3000000000000003,3.67,2.04,3.34
27758,3,14,3,2010,-2.0225,3.17,1.81,2.08
27759,3,15,3,2010,-0.3391666666666668,1.72,1.48,1.69
27760,3,16,3,2010,1.2566666666666666,1.59,1.37,1.55
27761,3,17,3,2010,2.6325000000000003,1.93,1.64,1.86
27762,3,18,3,2010,3.7049999999999996,2.07,1.75,1.99
27763,3,19,3,2010,4.535,2.02,1.7,1.94
27764,3,20,3,2010,5.1191666666666675,1.66,1.43,1.61
27765,3,21,3,2010,5.425000000000001,1.37,1.13,1.29
27766,3,22,3,2010,5.408333333333332,1.35,1.11,1.28
27767,3,23,3,2010,4.238333333333333,1.09,0.5,0.94
27768,4,0,3,2010,2.5833333333333335,1.3,0.49,1.2
27769,4,1,3,2010,1.9625000000000001,1.77,0.84,1.74
27770,4,2,3,2010,1.72,2.5,0.99,2.03
27771,4,3,3,2010,1.3116666666666668,2.98,1.23,2.44
27772,4,4,3,2010,0.7725,3.51,1.69,2.97
27773,4,5,3,2010,0.6891666666666666,3.85,1.92,3.52
27774,4,6,3,2010,0.5408333333333334,4.3100000000000005,2.38,4.25
27775,4,7,3,2010,0.3275,4.96,2.8000000000000003,4.8
27776,4,8,3,2010,-0.029166666666666664,5.11,2.82,4.9
27777,4,9,3,2010,-0.2866666666666667,5.17,2.84,5.0
27778,4,10,3,2010,-0.5716666666666667,5.98,3.19,5.6000000000000005
27779,4,11,3,2010,-0.7425,6.26,3.29,5.8500000000000005
27780,4,12,3,2010,-0.98,7.17,3.71,6.36
27781,4,13,3,2010,-0.6033333333333334,7.49,4.12,6.4
27782,4,14,3,2010,0.89,7.41,3.94,5.15
27783,4,15,3,2010,2.9375,5.44,3.67,4.34
27784,4,16,3,2010,4.7575,4.71,3.73,4.43
27785,4,17,3,2010,6.2124999999999995,4.69,3.68,4.38
27786,4,18,3,2010,7.335833333333333,4.69,3.65,4.3500000000000005
27787,4,19,3,2010,8.179166666666665,4.79,3.71,4.44
27788,4,20,3,2010,8.685833333333333,5.28,4.04,4.87
27789,4,21,3,2010,8.88,5.6000000000000005,4.2,5.11
27790,4,22,3,2010,8.680833333333334,6.01,4.21,5.22
27791,4,23,3,2010,7.134999999999999,7.83,3.53,6.76
27792,5,0,3,2010,5.63,8.540000000000001,3.93,7.3
27793,5,1,3,2010,4.4558333333333335,9.74,4.09,7.9300000000000015
27794,5,2,3,2010,3.8175000000000003,9.88,4.24,8.18
27795,5,3,3,2010,3.03,10.48,4.23,8.27
27796,5,4,3,2010,2.4808333333333334,11.39,4.41,8.33
27797,5,5,3,2010,1.9949999999999994,11.48,4.43,8.370000000000001
27798,5,6,3,2010,1.7508333333333332,11.71,4.47,8.26
27799,5,7,3,2010,1.4508333333333336,11.85,4.43,8.06
27800,5,8,3,2010,1.3125000000000002,11.87,4.44,7.9300000000000015
27801,5,9,3,2010,1.028333333333333,11.78,4.44,7.74
27802,5,10,3,2010,0.8025000000000001,11.91,4.62,7.71
27803,5,11,3,2010,0.5775000000000001,11.88,4.64,7.68
27804,5,12,3,2010,0.30333333333333334,11.79,4.68,7.54
27805,5,13,3,2010,0.7158333333333333,11.73,6.0600000000000005,8.23
27806,5,14,3,2010,1.969166666666667,9.81,5.83,7.6
27807,5,15,3,2010,3.9708333333333328,7.97,6.13,7.38
27808,5,16,3,2010,5.871666666666666,8.73,6.63,8.03
27809,5,17,3,2010,7.661666666666666,9.51,7.15,8.700000000000001
27810,5,18,3,2010,9.082500000000001,9.98,7.43,9.09
27811,5,19,3,2010,10.198333333333332,10.5,7.75,9.52
27812,5,20,3,2010,10.923333333333334,10.83,7.95,9.8
27813,5,21,3,2010,11.1925,11.13,8.05,10.0
27814,5,22,3,2010,11.033333333333333,11.26,8.07,10.07
27815,5,23,3,2010,9.638333333333334,12.35,6.83,9.02
27816,6,0,3,2010,7.848333333333334,14.11,6.44,9.9
27817,6,1,3,2010,6.5475,14.21,6.18,9.63
27818,6,2,3,2010,5.623333333333334,14.07,5.8100000000000005,9.33
27819,6,3,3,2010,4.684166666666667,13.41,4.97,8.48
27820,6,4,3,2010,4.310833333333334,13.57,5.07,8.620000000000001
27821,6,5,3,2010,4.136666666666667,13.79,5.3100000000000005,8.82
27822,6,6,3,2010,3.7375000000000003,13.97,5.3500000000000005,8.86
27823,6,7,3,2010,3.4925,14.18,5.75,9.23
27824,6,8,3,2010,3.5175,13.79,6.19,9.46
27825,6,9,3,2010,3.7550000000000003,13.75,6.79,9.76
27826,6,10,3,2010,4.1325,13.45,7.26,10.1
27827,6,11,3,2010,4.0391666666666675,13.36,7.3,10.11
27828,6,12,3,2010,3.8333333333333326,11.58,6.28,8.6
27829,6,13,3,2010,3.7425,11.93,6.96,9.33
27830,6,14,3,2010,4.486666666666667,12.45,7.36,9.88
27831,6,15,3,2010,5.050833333333332,10.89,6.5200000000000005,8.290000000000001
27832,6,16,3,2010,6.190833333333334,10.72,6.58,8.35
27833,6,17,3,2010,7.763333333333333,8.66,5.73,7.13
27834,6,18,3,2010,8.834166666666667,6.93,4.14,5.42
27835,6,19,3,2010,10.358333333333333,7.61,5.49,6.68
27836,6,20,3,2010,10.558333333333332,9.21,5.48,7.17
27837,6,21,3,2010,10.591666666666667,8.97,5.43,7.11
27838,6,22,3,2010,10.399999999999999,8.92,4.23,6.34
27839,6,23,3,2010,10.207500000000001,8.63,3.56,6.15
27840,7,0,3,2010,9.6925,9.27,3.89,6.63
27841,7,1,3,2010,9.065000000000001,12.45,4.23,7.3
27842,7,2,3,2010,8.56,12.23,4.58,7.45
27843,7,3,3,2010,8.815833333333336,11.33,4.98,7.71
27844,7,4,3,2010,7.888333333333333,9.41,4.38,7.04
27845,7,5,3,2010,6.203333333333333,9.22,4.32,6.79
27846,7,6,3,2010,4.765833333333333,7.83,3.53,5.98
27847,7,7,3,2010,3.619166666666666,8.120000000000001,3.38,5.71
27848,7,8,3,2010,3.009166666666667,9.39,3.59,6.47
27849,7,9,3,2010,2.859166666666667,11.12,5.5,8.47
27850,7,10,3,2010,2.1941666666666664,11.25,5.61,8.56
27851,7,11,3,2010,0.9791666666666666,10.47,6.09,8.040000000000001
27852,7,12,3,2010,1.38,9.11,5.53,7.36
27853,7,13,3,2010,1.8766666666666667,7.41,4.0600000000000005,5.61
27854,7,14,3,2010,1.8291666666666666,7.08,4.33,5.55
27855,7,15,3,2010,1.6749999999999998,5.0200000000000005,3.71,4.5200000000000005
27856,7,16,3,2010,1.7941666666666667,3.95,3.02,3.62
27857,7,17,3,2010,2.545,3.56,2.69,3.23
27858,7,18,3,2010,3.6816666666666666,3.02,2.34,2.78
27859,7,19,3,2010,5.291666666666667,2.73,2.13,2.51
27860,7,20,3,2010,6.979166666666667,2.11,1.6,1.9
27861,7,21,3,2010,8.164166666666667,2.32,1.79,2.12
27862,7,22,3,2010,8.495833333333334,2.32,1.87,2.19
27863,7,23,3,2010,7.78,3.08,2.0,3.31
27864,8,0,3,2010,6.016666666666668,3.13,1.82,3.03
27865,8,1,3,2010,4.984166666666667,3.89,1.28,3.22
27866,8,2,3,2010,3.955,4.42,1.35,3.44
27867,8,3,3,2010,3.216666666666667,5.08,1.46,4.14
27868,8,4,3,2010,2.5383333333333336,4.97,1.65,3.75
27869,8,5,3,2010,1.9841666666666669,5.67,2.29,4.89
27870,8,6,3,2010,1.3958333333333333,6.73,2.91,5.24
27871,8,7,3,2010,0.9049999999999999,7.3900000000000015,3.52,5.24
27872,8,8,3,2010,0.6675,7.63,3.28,4.41
27873,8,9,3,2010,0.8141666666666666,6.67,3.28,4.46
27874,8,10,3,2010,1.3583333333333334,6.8500000000000005,3.41,4.74
27875,8,11,3,2010,1.939166666666667,7.32,3.87,5.23
27876,8,12,3,2010,1.5283333333333333,8.19,3.96,5.5
27877,8,13,3,2010,1.4800000000000002,8.21,4.73,6.34
27878,8,14,3,2010,2.0883333333333334,8.32,4.95,5.93
27879,8,15,3,2010,3.8241666666666663,7.9300000000000015,5.62,6.6400000000000015
27880,8,16,3,2010,5.732500000000001,7.05,5.55,6.57
27881,8,17,3,2010,7.3975,6.42,5.01,5.98
27882,8,18,3,2010,9.769166666666665,7.22,5.51,6.65
27883,8,19,3,2010,11.209166666666667,8.4,6.1400000000000015,7.59
27884,8,20,3,2010,12.769999999999998,8.91,6.5200000000000005,8.02
27885,8,21,3,2010,13.24,9.04,6.58,8.11
27886,8,22,3,2010,13.328333333333331,9.41,6.49,8.16
27887,8,23,3,2010,11.531666666666668,9.57,4.55,6.8500000000000005
27888,9,0,3,2010,10.370000000000001,10.83,6.18,8.49
27889,9,1,3,2010,9.491666666666665,10.56,6.11,8.35
27890,9,2,3,2010,9.270833333333334,11.39,6.59,8.96
27891,9,3,3,2010,9.419166666666667,12.18,7.45,9.95
27892,9,4,3,2010,9.515833333333331,11.51,6.49,8.97
27893,9,5,3,2010,9.353333333333333,12.31,7.35,9.94
27894,9,6,3,2010,8.821666666666667,12.69,7.79,10.39
27895,9,7,3,2010,8.325833333333334,11.34,6.78,9.14
27896,9,8,3,2010,7.774166666666669,10.38,5.65,7.84
27897,9,9,3,2010,7.601666666666667,10.39,5.49,7.76
27898,9,10,3,2010,7.584166666666667,11.24,6.68,8.92
27899,9,11,3,2010,7.599166666666666,10.17,5.5,7.71
27900,9,12,3,2010,7.510000000000001,9.25,4.65,6.74
27901,9,13,3,2010,7.4383333333333335,9.48,5.37,7.29
27902,9,14,3,2010,7.866666666666666,9.5,5.74,7.62
27903,9,15,3,2010,8.435833333333335,8.46,5.34,6.74
27904,9,16,3,2010,9.444166666666666,7.61,5.5600000000000005,6.86
27905,9,17,3,2010,10.388333333333334,7.3,5.45,6.67
27906,9,18,3,2010,11.460833333333333,6.87,5.11,6.23
27907,9,19,3,2010,12.231666666666664,7.94,5.92,7.23
27908,9,20,3,2010,12.920000000000002,7.23,5.41,6.58
27909,9,21,3,2010,13.078333333333335,6.44,4.75,5.8100000000000005
27910,9,22,3,2010,11.998333333333333,7.3,5.61,6.8500000000000005
27911,9,23,3,2010,10.838333333333333,6.72,3.87,5.17
27912,10,0,3,2010,9.915833333333332,6.7700000000000005,4.11,5.42
27913,10,1,3,2010,9.7125,6.5200000000000005,3.47,4.93
27914,10,2,3,2010,9.172500000000001,4.88,1.37,2.75
27915,10,3,3,2010,8.8025,4.69,2.03,2.67
27916,10,4,3,2010,8.536666666666667,1.9,2.03,2.73
27917,10,5,3,2010,8.2825,2.19,0.89,1.65
27918,10,6,3,2010,8.054166666666665,2.75,0.97,1.89
27919,10,7,3,2010,7.841666666666668,5.13,2.5500000000000003,3.76
27920,10,8,3,2010,7.883333333333333,4.69,2.29,3.49
27921,10,9,3,2010,7.762499999999999,5.59,2.58,3.85
27922,10,10,3,2010,7.697499999999999,4.97,2.35,3.56
27923,10,11,3,2010,7.339166666666667,5.29,2.06,3.42
27924,10,12,3,2010,7.050833333333333,4.88,2.3000000000000003,3.48
27925,10,13,3,2010,6.529166666666666,5.0200000000000005,3.06,4.18
27926,10,14,3,2010,6.441666666666667,4.43,2.76,3.45
27927,10,15,3,2010,6.7683333333333335,3.43,2.54,3.08
27928,10,16,3,2010,7.403333333333335,2.86,2.13,2.58
27929,10,17,3,2010,7.9975,2.31,1.79,2.12
27930,10,18,3,2010,8.83,2.13,1.72,1.99
27931,10,19,3,2010,8.9275,3.17,2.78,3.17
27932,10,20,3,2010,9.063333333333333,2.11,1.81,2.07
27933,10,21,3,2010,9.293333333333331,2.37,1.78,2.19
27934,10,22,3,2010,9.005833333333333,3.49,2.64,3.24
27935,10,23,3,2010,8.613333333333333,5.5,3.3200000000000003,4.82
27936,11,0,3,2010,8.445833333333335,5.44,3.63,4.97
27937,11,1,3,2010,8.020000000000001,7.11,3.76,5.55
27938,11,2,3,2010,7.305833333333333,9.0,4.5,6.96
27939,11,3,3,2010,6.894166666666666,8.950000000000003,4.51,6.57
27940,11,4,3,2010,6.480833333333333,7.79,4.71,6.34
27941,11,5,3,2010,5.890833333333333,7.74,5.0,6.51
27942,11,6,3,2010,5.528333333333333,9.35,6.17,7.97
27943,11,7,3,2010,5.315833333333334,9.12,5.93,7.72
27944,11,8,3,2010,5.1241666666666665,8.88,5.7700000000000005,7.53
27945,11,9,3,2010,4.948333333333333,9.18,5.95,7.75
27946,11,10,3,2010,4.7225,9.41,6.09,7.95
27947,11,11,3,2010,4.2683333333333335,9.71,6.3,8.21
27948,11,12,3,2010,3.4724999999999997,10.6,7.03,9.04
27949,11,13,3,2010,2.801666666666667,10.36,6.98,8.9
27950,11,14,3,2010,2.5208333333333335,9.4,6.84,8.46
27951,11,15,3,2010,2.2866666666666666,8.94,6.5,8.03
27952,11,16,3,2010,3.3674999999999997,9.28,6.78,8.35
27953,11,17,3,2010,4.385833333333333,9.67,7.03,8.68
27954,11,18,3,2010,5.242499999999999,10.13,7.31,9.05
27955,11,19,3,2010,5.785833333333334,11.22,8.040000000000001,9.99
27956,11,20,3,2010,6.264166666666667,11.4,8.19,10.18
27957,11,21,3,2010,6.316666666666667,12.78,9.06,11.39
27958,11,22,3,2010,6.005833333333334,12.8,8.98,11.32
27959,11,23,3,2010,5.502500000000001,11.18,7.71,9.76
27960,12,0,3,2010,5.031666666666665,11.36,6.94,9.28
27961,12,1,3,2010,4.7625,8.44,5.3500000000000005,6.99
27962,12,2,3,2010,4.7475000000000005,9.42,5.84,7.73
27963,12,3,3,2010,4.413333333333334,9.98,6.0600000000000005,8.03
27964,12,4,3,2010,3.9566666666666666,10.34,5.89,8.16
27965,12,5,3,2010,3.655,9.92,6.0,7.95
27966,12,6,3,2010,3.2816666666666663,9.69,5.43,7.55
27967,12,7,3,2010,3.0366666666666666,9.9,6.12,8.120000000000001
27968,12,8,3,2010,2.6766666666666663,9.6,6.16,8.040000000000001
27969,12,9,3,2010,2.2775000000000003,9.96,6.28,8.25
27970,12,10,3,2010,1.8783333333333332,10.05,6.3500000000000005,8.32
27971,12,11,3,2010,1.7058333333333333,9.56,5.99,7.92
27972,12,12,3,2010,1.4433333333333334,8.58,5.07,6.59
27973,12,13,3,2010,1.5558333333333334,8.28,5.47,6.92
27974,12,14,3,2010,2.2816666666666663,8.08,5.6000000000000005,7.04
27975,12,15,3,2010,3.048333333333334,7.47,5.45,6.74
27976,12,16,3,2010,4.258333333333333,8.05,5.7700000000000005,7.22
27977,12,17,3,2010,4.795833333333333,9.05,7.04,8.51
27978,12,18,3,2010,4.96,8.97,6.6400000000000015,8.16
27979,12,19,3,2010,5.455833333333334,8.73,6.5,7.97
27980,12,20,3,2010,5.8500000000000005,8.33,6.18,7.61
27981,12,21,3,2010,6.578333333333333,7.83,5.65,7.0
27982,12,22,3,2010,6.859166666666667,9.66,7.04,8.790000000000001
27983,12,23,3,2010,6.468333333333335,10.98,6.68,9.01
27984,13,0,3,2010,5.823333333333333,10.17,6.01,8.38
27985,13,1,3,2010,5.469166666666666,9.05,4.95,7.07
27986,13,2,3,2010,4.963333333333334,9.23,4.87,6.91
27987,13,3,3,2010,4.730833333333333,9.15,4.39,6.58
27988,13,4,3,2010,4.341666666666666,9.94,4.38,6.75
27989,13,5,3,2010,4.264166666666666,9.6,4.54,6.92
27990,13,6,3,2010,4.1775,8.66,4.5,6.5600000000000005
27991,13,7,3,2010,3.86,8.53,4.59,6.49
27992,13,8,3,2010,3.348333333333334,9.35,4.7,6.99
27993,13,9,3,2010,2.795833333333333,10.01,5.62,7.46
27994,13,10,3,2010,2.4266666666666667,9.83,5.76,7.6400000000000015
27995,13,11,3,2010,2.45,10.28,6.2,8.31
27996,13,12,3,2010,1.8599999999999997,11.68,6.72,9.07
27997,13,13,3,2010,1.5599999999999998,12.16,7.55,9.99
27998,13,14,3,2010,1.8899999999999997,11.28,7.54,9.43
27999,13,15,3,2010,2.3850000000000002,10.27,7.47,9.29
28000,13,16,3,2010,2.9433333333333334,10.17,7.44,9.24
28001,13,17,3,2010,4.2375,10.42,7.59,9.44
28002,13,18,3,2010,5.265000000000001,10.33,7.5,9.33
28003,13,19,3,2010,6.075833333333333,10.68,7.63,9.59
28004,13,20,3,2010,6.555000000000001,11.17,7.98,10.01
28005,13,21,3,2010,6.609999999999999,10.89,7.63,9.65
28006,13,22,3,2010,6.464166666666667,10.7,7.0600000000000005,9.18
28007,13,23,3,2010,6.3883333333333345,10.48,6.09,8.32
28008,14,0,3,2010,6.462500000000001,10.72,6.19,8.51
28009,14,1,3,2010,6.419999999999998,10.92,6.3,8.66
28010,14,2,3,2010,6.396666666666667,10.82,6.23,8.56
28011,14,3,3,2010,6.323333333333334,10.32,5.99,8.21
28012,14,4,3,2010,6.2558333333333325,9.96,5.66,7.82
28013,14,5,3,2010,6.218333333333334,10.22,5.86,8.040000000000001
28014,14,6,3,2010,6.093333333333334,9.65,5.51,7.59
28015,14,7,3,2010,5.961666666666666,9.07,5.12,7.07
28016,14,8,3,2010,5.871666666666666,9.16,5.2700000000000005,7.23
28017,14,9,3,2010,5.760000000000001,9.82,5.75,7.81
28018,14,10,3,2010,5.662500000000001,9.79,5.72,7.78
28019,14,11,3,2010,5.570833333333334,8.78,5.15,7.0
28020,14,12,3,2010,5.506666666666667,8.9,5.24,7.11
28021,14,13,3,2010,5.4700000000000015,9.56,6.12,8.01
28022,14,14,3,2010,5.494166666666666,8.76,5.76,7.36
28023,14,15,3,2010,5.699166666666668,7.66,5.5,6.86
28024,14,16,3,2010,6.108333333333334,7.56,5.6000000000000005,6.9
28025,14,17,3,2010,6.739166666666667,7.17,5.3100000000000005,6.53
28026,14,18,3,2010,7.374999999999999,7.7,5.76,7.05
28027,14,19,3,2010,7.888333333333333,8.01,5.9,7.29
28028,14,20,3,2010,8.387500000000001,8.48,6.18,7.68
28029,14,21,3,2010,8.925833333333333,8.4,6.1000000000000005,7.59
28030,14,22,3,2010,8.713333333333335,8.91,6.08,7.66
28031,14,23,3,2010,8.361666666666666,10.17,5.95,7.8
28032,15,0,3,2010,7.540833333333335,11.4,5.55,8.38
28033,15,1,3,2010,7.288333333333333,12.04,6.98,9.48
28034,15,2,3,2010,6.5200000000000005,12.49,6.51,9.28
28035,15,3,3,2010,6.001666666666668,12.31,6.32,9.07
28036,15,4,3,2010,5.600833333333334,12.14,6.04,8.790000000000001
28037,15,5,3,2010,5.3691666666666675,12.18,6.25,8.94
28038,15,6,3,2010,5.086666666666667,11.65,5.92,8.52
28039,15,7,3,2010,4.829999999999999,11.33,5.82,8.34
28040,15,8,3,2010,4.408333333333333,11.89,5.92,8.64
28041,15,9,3,2010,3.9274999999999998,12.02,6.34,8.97
28042,15,10,3,2010,4.116666666666666,11.95,7.2,9.5
28043,15,11,3,2010,4.411666666666666,10.69,6.76,8.86
28044,15,12,3,2010,4.546666666666667,10.06,6.3,8.3
28045,15,13,3,2010,4.790833333333333,9.81,6.23,8.15
28046,15,14,3,2010,5.079166666666667,9.79,6.24,8.16
28047,15,15,3,2010,5.495,9.17,6.19,7.71
28048,15,16,3,2010,5.874166666666667,8.55,6.16,7.6400000000000015
28049,15,17,3,2010,6.277500000000001,8.52,6.24,7.73
28050,15,18,3,2010,6.7475,8.35,6.12,7.56
28051,15,19,3,2010,7.176666666666666,8.15,6.0,7.41
28052,15,20,3,2010,7.196666666666666,8.16,5.99,7.4
28053,15,21,3,2010,7.105,8.03,5.91,7.31
28054,15,22,3,2010,6.918333333333334,7.95,5.69,7.12
28055,15,23,3,2010,6.6450000000000005,8.47,5.42,7.1000000000000005
28056,16,0,3,2010,6.44,8.72,5.4,7.17
28057,16,1,3,2010,6.3808333333333325,9.48,5.69,7.65
28058,16,2,3,2010,6.247500000000001,8.31,4.7,6.47
28059,16,3,3,2010,6.114999999999999,8.67,5.04,6.86
28060,16,4,3,2010,5.9366666666666665,8.76,5.11,6.94
28061,16,5,3,2010,5.724166666666668,8.55,5.01,6.78
28062,16,6,3,2010,5.57,8.05,4.7,6.37
28063,16,7,3,2010,5.438333333333333,7.97,4.55,6.19
28064,16,8,3,2010,5.255833333333334,7.69,4.51,6.09
28065,16,9,3,2010,5.0600000000000005,7.38,4.32,5.84
28066,16,10,3,2010,4.778333333333333,7.04,4.2700000000000005,5.66
28067,16,11,3,2010,4.12,7.08,4.45,5.78
28068,16,12,3,2010,3.8541666666666665,6.3500000000000005,4.13,5.32
28069,16,13,3,2010,3.681666666666667,7.09,4.98,6.24
28070,16,14,3,2010,2.855833333333333,7.18,5.18,6.3500000000000005
28071,16,15,3,2010,2.333333333333333,6.67,4.92,5.95
28072,16,16,3,2010,2.3058333333333336,5.93,4.39,5.37
28073,16,17,3,2010,2.546666666666667,5.7,4.3,5.23
28074,16,18,3,2010,3.169166666666667,5.84,4.43,5.38
28075,16,19,3,2010,3.7925,5.69,4.34,5.26
28076,16,20,3,2010,5.403333333333333,5.2700000000000005,3.92,4.7700000000000005
28077,16,21,3,2010,7.105833333333333,5.25,3.9,4.74
28078,16,22,3,2010,7.828333333333334,6.11,4.45,5.5
28079,16,23,3,2010,7.2941666666666665,6.74,4.3100000000000005,5.34
28080,17,0,3,2010,5.545000000000001,7.58,3.2,5.41
28081,17,1,3,2010,4.578333333333333,6.71,2.92,4.65
28082,17,2,3,2010,3.8475,6.66,2.99,5.44
28083,17,3,3,2010,3.0125000000000006,8.0,3.03,5.93
28084,17,4,3,2010,2.095833333333333,8.28,2.96,5.8
28085,17,5,3,2010,2.350833333333333,7.81,3.59,5.53
28086,17,6,3,2010,3.013333333333333,7.97,4.37,6.07
28087,17,7,3,2010,2.6116666666666664,8.74,5.71,7.43
28088,17,8,3,2010,2.1899999999999995,8.21,5.12,6.66
28089,17,9,3,2010,1.8233333333333333,8.91,5.73,7.38
28090,17,10,3,2010,1.4316666666666666,7.85,4.3100000000000005,5.96
28091,17,11,3,2010,1.6883333333333335,7.76,4.49,6.23
28092,17,12,3,2010,2.151666666666667,7.84,4.25,6.2
28093,17,13,3,2010,2.3591666666666664,7.33,4.3500000000000005,5.8500000000000005
28094,17,14,3,2010,2.6133333333333337,6.96,4.38,5.41
28095,17,15,3,2010,3.233333333333334,5.91,4.37,5.34
28096,17,16,3,2010,4.170833333333333,5.8500000000000005,4.42,5.38
28097,17,17,3,2010,5.359166666666666,5.63,4.2700000000000005,5.18
28098,17,18,3,2010,6.947500000000001,5.59,4.23,5.12
28099,17,19,3,2010,8.8675,5.0600000000000005,3.81,4.61
28100,17,20,3,2010,10.210833333333332,4.64,3.51,4.23
28101,17,21,3,2010,10.999166666666667,4.53,3.45,4.15
28102,17,22,3,2010,11.315833333333332,3.93,2.98,3.6
28103,17,23,3,2010,11.0,4.28,2.53,3.88
28104,18,0,3,2010,9.585833333333333,5.3100000000000005,2.65,5.22
28105,18,1,3,2010,8.671666666666665,4.96,2.69,5.16
28106,18,2,3,2010,7.9241666666666655,4.53,2.41,5.0
28107,18,3,3,2010,6.7316666666666665,6.08,3.34,6.5
28108,18,4,3,2010,5.589166666666667,5.49,3.42,6.28
28109,18,5,3,2010,4.855833333333333,5.39,3.69,6.22
28110,18,6,3,2010,4.257499999999999,5.37,3.64,5.86
28111,18,7,3,2010,3.648333333333334,7.15,3.96,6.1400000000000015
28112,18,8,3,2010,3.3441666666666667,8.25,4.04,6.71
28113,18,9,3,2010,2.250833333333334,8.43,4.21,6.47
28114,18,10,3,2010,1.3875,8.82,4.57,6.37
28115,18,11,3,2010,1.4308333333333332,9.7,4.82,6.76
28116,18,12,3,2010,1.3066666666666666,9.94,5.04,6.93
28117,18,13,3,2010,1.3950000000000002,10.32,5.28,7.16
28118,18,14,3,2010,1.4033333333333333,10.17,5.78,7.38
28119,18,15,3,2010,2.2541666666666664,8.75,5.48,6.67
28120,18,16,3,2010,4.205,6.16,4.79,5.6000000000000005
28121,18,17,3,2010,7.943333333333334,6.2,4.66,5.64
28122,18,18,3,2010,10.375833333333334,6.54,4.91,5.95
28123,18,19,3,2010,11.945000000000002,6.82,5.07,6.17
28124,18,20,3,2010,13.024166666666668,7.0200000000000005,5.21,6.3500000000000005
28125,18,21,3,2010,13.556666666666667,7.33,5.33,6.57
28126,18,22,3,2010,13.921666666666667,7.34,5.3,6.55
28127,18,23,3,2010,13.645000000000003,7.27,4.82,6.15
28128,19,0,3,2010,11.959166666666667,9.28,3.83,6.92
28129,19,1,3,2010,11.2425,12.41,4.94,8.46
28130,19,2,3,2010,10.640833333333335,13.08,5.49,9.22
28131,19,3,3,2010,9.836666666666668,12.62,4.91,8.4
28132,19,4,3,2010,9.409166666666668,12.2,5.0,8.44
28133,19,5,3,2010,8.786666666666667,12.4,4.7700000000000005,8.16
28134,19,6,3,2010,7.9941666666666675,11.87,4.61,8.11
28135,19,7,3,2010,7.394166666666666,11.39,4.62,8.43
28136,19,8,3,2010,7.265,10.7,4.65,8.46
28137,19,9,3,2010,6.868333333333332,9.45,4.3100000000000005,7.72
28138,19,10,3,2010,5.930833333333335,8.49,4.22,6.76
28139,19,11,3,2010,4.510833333333333,4.13,1.1,2.23
28140,19,12,3,2010,4.551666666666667,2.79,0.73,1.68
28141,19,13,3,2010,5.2250000000000005,4.44,3.13,3.67
28142,19,14,3,2010,5.153333333333333,5.0,3.73,4.48
28143,19,15,3,2010,6.433333333333334,7.17,5.3500000000000005,6.51
28144,19,16,3,2010,8.336666666666668,9.03,6.72,8.2
28145,19,17,3,2010,8.996666666666668,9.92,7.3,8.96
28146,19,18,3,2010,7.8808333333333325,13.21,9.6,11.91
28147,19,19,3,2010,6.07,13.29,9.66,11.99
28148,19,20,3,2010,5.180000000000001,13.1,9.52,11.83
28149,19,21,3,2010,3.893333333333334,13.89,9.91,12.42
28150,19,22,3,2010,2.5516666666666663,13.86,10.0,12.49
28151,19,23,3,2010,1.2808333333333335,14.66,10.07,12.71
28152,20,0,3,2010,0.27083333333333337,13.22,8.620000000000001,10.86
28153,20,1,3,2010,-0.2633333333333333,13.93,9.58,12.08
28154,20,2,3,2010,-0.6383333333333333,12.99,8.44,10.72
28155,20,3,3,2010,-1.2108333333333334,15.74,9.4,12.2
28156,20,4,3,2010,-1.2058333333333333,14.97,8.75,11.66
28157,20,5,3,2010,-1.4591666666666665,16.26,10.09,13.03
28158,20,6,3,2010,-1.8433333333333335,14.76,8.73,11.92
28159,20,7,3,2010,-1.8616666666666666,12.35,6.83,9.91
28160,20,8,3,2010,-1.9983333333333333,11.73,6.47,8.700000000000001
28161,20,9,3,2010,-2.105,11.72,7.8,10.0
28162,20,10,3,2010,-1.8241666666666667,11.88,7.65,9.93
28163,20,11,3,2010,-1.7958333333333334,12.34,7.08,9.69
28164,20,12,3,2010,-2.345,13.55,7.9,10.74
28165,20,13,3,2010,-2.6016666666666666,13.53,8.83,11.41
28166,20,14,3,2010,-2.1766666666666667,13.35,9.26,11.59
28167,20,15,3,2010,-1.615833333333333,13.34,9.54,11.92
28168,20,16,3,2010,-0.8333333333333331,12.87,9.16,11.47
28169,20,17,3,2010,0.01333333333333335,13.06,9.29,11.65
28170,20,18,3,2010,0.8166666666666668,13.08,9.28,11.65
28171,20,19,3,2010,1.5516666666666665,12.7,9.0,11.32
28172,20,20,3,2010,2.1124999999999994,12.46,8.77,11.08
28173,20,21,3,2010,2.4283333333333332,12.07,8.32,10.6
28174,20,22,3,2010,2.3966666666666665,11.58,7.28,9.68
28175,20,23,3,2010,1.97,11.47,6.22,8.97
28176,21,0,3,2010,1.3908333333333331,10.71,4.99,7.76
28177,21,1,3,2010,0.9874999999999999,11.11,5.29,8.19
28178,21,2,3,2010,0.47750000000000004,11.11,5.29,8.16
28179,21,3,3,2010,-0.4925,11.7,5.09,8.52
28180,21,4,3,2010,-1.6416666666666664,12.63,5.54,9.06
28181,21,5,3,2010,-2.2583333333333333,13.14,5.47,9.05
28182,21,6,3,2010,-3.1841666666666666,12.83,5.16,8.77
28183,21,7,3,2010,-3.1958333333333333,13.46,5.51,9.34
28184,21,8,3,2010,-3.4683333333333333,13.37,5.48,9.27
28185,21,9,3,2010,-3.6633333333333336,13.11,5.48,9.22
28186,21,10,3,2010,-3.8466666666666662,12.98,5.29,9.01
28187,21,11,3,2010,-3.975,13.01,5.38,9.06
28188,21,12,3,2010,-4.0125,12.69,5.69,9.02
28189,21,13,3,2010,-3.034166666666667,12.53,6.43,8.8
28190,21,14,3,2010,-1.5891666666666664,9.85,6.5600000000000005,8.14
28191,21,15,3,2010,-0.3316666666666666,8.76,6.54,8.02
28192,21,16,3,2010,0.9458333333333334,8.540000000000001,6.28,7.77
28193,21,17,3,2010,2.1625,8.620000000000001,6.3500000000000005,7.85
28194,21,18,3,2010,3.305,8.23,6.0200000000000005,7.46
28195,21,19,3,2010,4.326666666666667,7.95,5.82,7.21
28196,21,20,3,2010,5.1,7.77,5.61,7.0200000000000005
28197,21,21,3,2010,5.5975,7.9,5.61,7.1000000000000005
28198,21,22,3,2010,5.574166666666667,7.4,4.86,6.36
28199,21,23,3,2010,4.461666666666667,7.61,3.5,5.83
28200,22,0,3,2010,2.961666666666666,8.13,3.28,6.8500000000000005
28201,22,1,3,2010,2.0241666666666664,8.98,3.34,7.61
28202,22,2,3,2010,1.6900000000000002,8.68,3.35,7.1000000000000005
28203,22,3,3,2010,1.3291666666666664,7.71,3.49,6.9
28204,22,4,3,2010,0.44416666666666665,7.69,3.52,6.8100000000000005
28205,22,5,3,2010,-0.20916666666666664,6.99,2.96,6.41
28206,22,6,3,2010,-0.8666666666666666,5.11,2.35,4.64
28207,22,7,3,2010,-1.1449999999999998,3.74,1.48,2.69
28208,22,8,3,2010,-1.3858333333333333,2.74,0.91,1.61
28209,22,9,3,2010,-1.6766666666666665,1.94,1.37,1.47
28210,22,10,3,2010,-2.039166666666667,1.22,1.33,1.31
28211,22,11,3,2010,-2.0108333333333333,0.92,1.28,0.59
28212,22,12,3,2010,-2.244166666666667,1.3,2.26,1.85
28213,22,13,3,2010,-1.2666666666666668,2.16,2.22,2.29
28214,22,14,3,2010,0.8216666666666667,2.97,1.84,2.32
28215,22,15,3,2010,2.9433333333333334,2.77,2.12,2.43
28216,22,16,3,2010,4.720833333333334,3.73,3.08,3.59
28217,22,17,3,2010,6.05,4.76,3.78,4.48
28218,22,18,3,2010,7.281666666666665,5.39,4.18,5.01
28219,22,19,3,2010,8.389166666666666,6.0,4.62,5.5600000000000005
28220,22,20,3,2010,9.053333333333333,6.8,5.15,6.2700000000000005
28221,22,21,3,2010,9.203333333333333,7.53,5.4,6.66
28222,22,22,3,2010,8.6075,8.69,5.3100000000000005,6.67
28223,22,23,3,2010,7.1575,11.98,5.2,8.73
28224,23,0,3,2010,5.88,13.59,6.08,9.85
28225,23,1,3,2010,5.307500000000001,14.97,6.96,10.83
28226,23,2,3,2010,5.006666666666667,15.42,7.68,11.45
28227,23,3,3,2010,4.56,15.35,7.68,11.42
28228,23,4,3,2010,3.9749999999999996,15.51,7.5,10.98
28229,23,5,3,2010,4.090833333333333,16.46,8.620000000000001,12.24
28230,23,6,3,2010,4.599166666666666,16.490000000000002,8.73,12.31
28231,23,7,3,2010,4.909166666666668,15.95,8.55,11.99
28232,23,8,3,2010,4.878333333333333,15.52,8.370000000000001,11.67
28233,23,9,3,2010,4.596666666666667,14.88,7.96,11.27
28234,23,10,3,2010,4.027500000000001,13.07,6.5200000000000005,9.71
28235,23,11,3,2010,3.1266666666666665,11.51,5.87,8.8
28236,23,12,3,2010,2.685833333333333,9.31,5.19,7.9300000000000015
28237,23,13,3,2010,3.275833333333333,7.2,4.23,6.46
28238,23,14,3,2010,2.7616666666666667,5.96,3.36,4.2
28239,23,15,3,2010,6.381666666666667,5.84,2.87,3.34
28240,23,16,3,2010,8.711666666666664,4.95,3.85,4.57
28241,23,17,3,2010,10.349166666666667,5.18,4.09,4.83
28242,23,18,3,2010,12.183333333333332,5.93,4.59,5.47
28243,23,19,3,2010,13.361666666666666,6.24,4.84,5.78
28244,23,20,3,2010,13.895833333333334,6.25,4.84,5.78
28245,23,21,3,2010,14.590833333333334,6.36,4.79,5.8100000000000005
28246,23,22,3,2010,14.652499999999998,6.6000000000000005,4.8100000000000005,5.95
28247,23,23,3,2010,13.771666666666667,6.5600000000000005,3.72,5.09
28248,24,0,3,2010,12.424166666666665,6.3100000000000005,2.92,5.08
28249,24,1,3,2010,11.223333333333334,6.59,2.34,4.98
28250,24,2,3,2010,10.770000000000001,6.97,2.28,4.32
28251,24,3,3,2010,10.064166666666667,7.16,3.62,5.91
28252,24,4,3,2010,9.3775,10.6,3.7,6.49
28253,24,5,3,2010,8.9975,10.68,3.62,6.38
28254,24,6,3,2010,8.608333333333333,9.87,4.09,6.8500000000000005
28255,24,7,3,2010,8.305833333333332,9.99,4.26,7.03
28256,24,8,3,2010,7.9975,10.37,4.87,7.45
28257,24,9,3,2010,7.776666666666668,10.53,5.37,7.78
28258,24,10,3,2010,7.488333333333334,10.55,5.42,7.82
28259,24,11,3,2010,7.298333333333333,12.46,7.83,10.29
28260,24,12,3,2010,6.585833333333333,9.88,5.91,7.98
28261,24,13,3,2010,6.299166666666668,9.79,5.93,7.84
28262,24,14,3,2010,6.368333333333332,8.73,5.46,7.18
28263,24,15,3,2010,5.928333333333334,7.8900000000000015,5.19,6.8900000000000015
28264,24,16,3,2010,5.833333333333333,8.13,4.82,6.94
28265,24,17,3,2010,6.336666666666667,8.35,4.98,7.01
28266,24,18,3,2010,7.506666666666668,8.35,4.91,6.73
28267,24,19,3,2010,7.82,7.97,5.32,6.84
28268,24,20,3,2010,8.264999999999999,9.42,5.69,7.52
28269,24,21,3,2010,8.195833333333331,10.12,6.73,8.65
28270,24,22,3,2010,7.747500000000001,10.89,7.12,9.24
28271,24,23,3,2010,7.453333333333334,12.51,7.8900000000000015,10.41
28272,25,0,3,2010,7.140000000000001,12.96,8.34,10.9
28273,25,1,3,2010,7.014999999999998,10.75,6.7,8.870000000000003
28274,25,2,3,2010,6.875,12.9,8.120000000000001,10.7
28275,25,3,3,2010,6.652500000000001,11.8,6.53,9.02
28276,25,4,3,2010,6.5325,11.56,6.3,8.75
28277,25,5,3,2010,6.2275,9.39,5.12,7.19
28278,25,6,3,2010,6.150833333333335,9.46,5.0600000000000005,7.22
28279,25,7,3,2010,6.0,9.76,5.13,7.36
28280,25,8,3,2010,5.289166666666667,11.14,5.2,7.98
28281,25,9,3,2010,4.321666666666666,12.73,5.63,8.86
28282,25,10,3,2010,3.1558333333333333,13.19,5.8,9.2
28283,25,11,3,2010,2.2241666666666666,13.17,5.8100000000000005,9.2
28284,25,12,3,2010,1.4783333333333335,13.12,5.75,8.91
28285,25,13,3,2010,2.3683333333333327,12.41,6.55,8.870000000000003
28286,25,14,3,2010,3.9516666666666667,9.66,6.19,7.58
28287,25,15,3,2010,5.4775,8.8,6.5200000000000005,8.0
28288,25,16,3,2010,6.900833333333334,8.19,6.1000000000000005,7.45
28289,25,17,3,2010,8.170833333333334,8.42,6.24,7.63
28290,25,18,3,2010,9.215,8.24,6.11,7.47
28291,25,19,3,2010,10.0375,8.27,6.13,7.5
28292,25,20,3,2010,10.513333333333334,7.97,5.91,7.23
28293,25,21,3,2010,10.769166666666669,7.37,5.49,6.7
28294,25,22,3,2010,10.815,6.58,4.87,5.96
28295,25,23,3,2010,10.349166666666667,6.23,4.17,5.29
28296,26,0,3,2010,8.935833333333333,6.24,3.22,5.93
28297,26,1,3,2010,7.668333333333333,6.1400000000000015,3.1,5.79
28298,26,2,3,2010,6.5808333333333335,7.05,1.26,3.84
28299,26,3,3,2010,5.888333333333333,8.01,0.96,3.89
28300,26,4,3,2010,5.014166666666668,9.55,1.66,5.08
28301,26,5,3,2010,4.140833333333334,10.12,2.68,6.54
28302,26,6,3,2010,3.268333333333334,10.82,3.0500000000000003,7.17
28303,26,7,3,2010,2.5716666666666668,10.78,3.68,7.47
28304,26,8,3,2010,2.2133333333333334,11.2,3.74,7.7
28305,26,9,3,2010,1.8950000000000002,11.78,4.25,7.82
28306,26,10,3,2010,1.780833333333333,11.5,4.54,7.97
28307,26,11,3,2010,1.6816666666666666,12.0,5.37,8.56
28308,26,12,3,2010,1.4874999999999998,12.31,5.89,8.61
28309,26,13,3,2010,2.375833333333333,11.51,6.3100000000000005,8.5
28310,26,14,3,2010,3.8100000000000005,9.52,5.99,7.22
28311,26,15,3,2010,5.853333333333334,7.8,5.9,7.12
28312,26,16,3,2010,7.767499999999999,8.91,6.59,8.040000000000001
28313,26,17,3,2010,9.241666666666667,10.52,7.61,9.38
28314,26,18,3,2010,10.263333333333334,11.29,8.120000000000001,10.05
28315,26,19,3,2010,11.040833333333333,12.18,8.69,10.81
28316,26,20,3,2010,11.65,12.44,8.78,10.97
28317,26,21,3,2010,11.893333333333336,12.96,9.07,11.4
28318,26,22,3,2010,11.7525,13.12,9.1,11.5
28319,26,23,3,2010,11.043333333333335,12.37,8.01,10.4
28320,27,0,3,2010,9.955833333333333,12.07,5.79,8.48
28321,27,1,3,2010,9.244166666666665,11.99,5.65,8.51
28322,27,2,3,2010,8.527499999999998,11.94,5.64,8.49
28323,27,3,3,2010,7.530833333333335,11.76,5.4,8.25
28324,27,4,3,2010,6.714166666666666,11.81,5.0600000000000005,7.99
28325,27,5,3,2010,6.3808333333333325,11.68,4.72,7.66
28326,27,6,3,2010,5.680833333333332,11.72,4.19,7.13
28327,27,7,3,2010,5.164166666666667,11.7,4.88,7.6400000000000015
28328,27,8,3,2010,6.146666666666667,11.74,5.58,8.32
28329,27,9,3,2010,5.824999999999999,10.5,4.75,7.26
28330,27,10,3,2010,5.005833333333334,9.42,3.89,6.19
28331,27,11,3,2010,4.646666666666667,8.51,4.17,5.93
28332,27,12,3,2010,3.9066666666666667,8.6,5.15,6.78
28333,27,13,3,2010,3.388333333333333,7.52,4.91,6.12
28334,27,14,3,2010,2.964166666666667,6.8500000000000005,4.97,6.04
28335,27,15,3,2010,3.2466666666666666,7.41,5.61,6.82
28336,27,16,3,2010,3.6991666666666667,7.9300000000000015,6.01,7.3
28337,27,17,3,2010,4.209166666666666,7.94,5.96,7.29
28338,27,18,3,2010,4.8116666666666665,7.49,5.59,6.86
28339,27,19,3,2010,5.0125,7.37,5.45,6.71
28340,27,20,3,2010,5.368333333333333,8.11,6.08,7.48
28341,27,21,3,2010,5.495000000000001,7.1400000000000015,5.29,6.53
28342,27,22,3,2010,5.8691666666666675,6.94,5.2,6.37
28343,27,23,3,2010,5.765833333333333,6.8100000000000005,5.01,6.18
28344,28,0,3,2010,5.622499999999999,5.5,2.96,4.19
28345,28,1,3,2010,5.8133333333333335,8.57,3.59,5.62
28346,28,2,3,2010,6.421666666666667,9.71,5.47,7.68
28347,28,3,3,2010,6.155000000000001,13.38,6.19,9.38
28348,28,4,3,2010,5.083333333333333,13.79,6.5,9.81
28349,28,5,3,2010,4.535833333333334,13.92,7.08,10.29
28350,28,6,3,2010,4.133333333333333,13.92,7.11,10.32
28351,28,7,3,2010,3.7899999999999996,13.81,6.93,10.12
28352,28,8,3,2010,3.3949999999999996,13.27,6.1400000000000015,9.33
28353,28,9,3,2010,3.2624999999999997,13.15,6.22,9.33
28354,28,10,3,2010,3.3683333333333336,13.53,6.7,9.89
28355,28,11,3,2010,3.6999999999999997,13.29,7.55,10.21
28356,28,12,3,2010,3.000833333333334,13.8,7.53,10.43
28357,28,13,3,2010,3.3049999999999997,13.14,7.87,10.51
28358,28,14,3,2010,4.3475,10.56,7.55,9.4
28359,28,15,3,2010,5.460833333333333,10.18,7.44,9.21
28360,28,16,3,2010,6.634166666666665,10.01,7.35,9.06
28361,28,17,3,2010,7.868333333333332,9.53,7.03,8.620000000000001
28362,28,18,3,2010,9.020833333333332,9.25,6.78,8.34
28363,28,19,3,2010,9.9975,9.23,6.7700000000000005,8.33
28364,28,20,3,2010,10.805833333333332,8.93,6.49,8.02
28365,28,21,3,2010,11.300000000000002,8.700000000000001,6.3,7.8
28366,28,22,3,2010,11.524999999999999,8.48,6.07,7.57
28367,28,23,3,2010,11.185833333333335,7.92,5.54,7.0
28368,29,0,3,2010,9.796666666666665,7.5,3.12,6.04
28369,29,1,3,2010,8.955,8.02,2.94,6.26
28370,29,2,3,2010,8.291666666666666,7.85,2.56,6.22
28371,29,3,3,2010,7.392500000000001,4.8100000000000005,1.6,4.08
28372,29,4,3,2010,7.0566666666666675,3.1,0.67,1.78
28373,29,5,3,2010,6.449166666666667,2.62,0.32,1.21
28374,29,6,3,2010,6.102499999999999,1.75,0.36,0.8300000000000001
28375,29,7,3,2010,5.790833333333333,1.63,0.89,0.94
28376,29,8,3,2010,5.1549999999999985,1.53,2.12,2.12
28377,29,9,3,2010,4.180833333333333,3.34,3.5500000000000003,4.47
28378,29,10,3,2010,4.5425,4.3100000000000005,3.22,4.79
28379,29,11,3,2010,4.73,5.24,3.42,5.36
28380,29,12,3,2010,4.401666666666666,6.24,3.81,6.05
28381,29,13,3,2010,5.531666666666666,7.37,3.95,6.16
28382,29,14,3,2010,7.78,7.68,4.03,4.8500000000000005
28383,29,15,3,2010,10.146666666666667,6.19,4.66,5.64
28384,29,16,3,2010,12.0725,7.11,5.36,6.5
28385,29,17,3,2010,13.450000000000001,7.86,5.86,7.1400000000000015
28386,29,18,3,2010,14.705000000000004,8.78,6.42,7.88
28387,29,19,3,2010,15.65333333333333,9.7,7.09,8.74
28388,29,20,3,2010,16.669166666666666,10.28,7.34,9.15
28389,29,21,3,2010,17.525833333333335,10.6,7.5,9.42
28390,29,22,3,2010,17.655833333333337,10.84,7.63,9.6
28391,29,23,3,2010,16.936666666666667,10.57,6.24,8.17
28392,30,0,3,2010,14.65333333333333,13.17,6.03,9.57
28393,30,1,3,2010,13.504166666666668,14.63,7.13,10.68
28394,30,2,3,2010,12.704166666666666,15.85,8.26,11.9
28395,30,3,3,2010,12.319166666666666,16.01,8.35,11.98
28396,30,4,3,2010,11.698333333333332,16.53,8.56,12.24
28397,30,5,3,2010,11.1325,16.5,8.57,12.22
28398,30,6,3,2010,10.708333333333334,16.740000000000002,8.88,12.53
28399,30,7,3,2010,10.366666666666667,16.85,8.9,12.55
28400,30,8,3,2010,10.107500000000002,17.07,8.78,12.49
28401,30,9,3,2010,9.774999999999999,16.79,8.45,12.13
28402,30,10,3,2010,9.444166666666666,16.71,8.42,12.08
28403,30,11,3,2010,9.145833333333334,17.1,8.53,12.19
28404,30,12,3,2010,9.341666666666665,17.44,9.62,13.22
28405,30,13,3,2010,11.115,17.34,10.52,13.66
28406,30,14,3,2010,13.030833333333334,16.12,10.43,13.53
28407,30,15,3,2010,14.21583333333333,13.17,9.43,11.62
28408,30,16,3,2010,15.914166666666668,13.21,9.69,11.94
28409,30,17,3,2010,17.38,12.34,9.0,11.12
28410,30,18,3,2010,18.731666666666666,11.86,8.6,10.64
28411,30,19,3,2010,19.61916666666667,12.3,8.83,10.98
28412,30,20,3,2010,20.29,12.86,9.17,11.43
28413,30,21,3,2010,20.645833333333332,13.01,9.14,11.47
28414,30,22,3,2010,20.553333333333335,13.05,9.08,11.47
28415,30,23,3,2010,19.485833333333336,13.63,7.9,10.4
28416,31,0,3,2010,17.67916666666667,15.46,7.33,11.06
28417,31,1,3,2010,16.79,16.75,8.56,12.4
28418,31,2,3,2010,16.274166666666666,17.04,8.950000000000003,12.76
28419,31,3,3,2010,15.675833333333332,17.54,9.49,13.26
28420,31,4,3,2010,14.898333333333335,17.330000000000002,9.44,13.15
28421,31,5,3,2010,14.755833333333333,18.37,9.97,13.9
28422,31,6,3,2010,14.38083333333333,18.21,9.61,13.5
28423,31,7,3,2010,13.879166666666665,18.1,9.87,13.66
28424,31,8,3,2010,13.587500000000004,18.88,10.4,14.33
28425,31,9,3,2010,13.363333333333332,19.12,10.65,14.63
28426,31,10,3,2010,13.0575,19.16,10.65,14.65
28427,31,11,3,2010,12.734166666666667,18.5,10.42,14.22
28428,31,12,3,2010,12.35,15.59,8.08,11.45
28429,31,13,3,2010,13.00583333333333,12.52,7.74,10.1
28430,31,14,3,2010,14.735833333333334,11.14,6.96,9.51
28431,31,15,3,2010,16.32,5.89,4.5,5.41
28432,31,16,3,2010,18.275000000000002,3.5700000000000003,2.87,3.35
28433,31,17,3,2010,20.040833333333335,1.33,1.06,1.23
28434,31,18,3,2010,21.361666666666665,2.11,1.79,2.04
28435,31,19,3,2010,22.246666666666666,2.62,2.18,2.5
28436,31,20,3,2010,22.857499999999998,2.62,2.2,2.51
28437,31,21,3,2010,23.142500000000002,3.38,2.66,3.14
28438,31,22,3,2010,23.113333333333333,3.66,2.94,3.45
28439,31,23,3,2010,22.810833333333335,3.48,2.04,2.98
28440,1,0,4,2010,21.174166666666665,2.76,1.11,2.16
28441,1,1,4,2010,19.569166666666664,5.3100000000000005,1.37,3.34
28442,1,2,4,2010,18.2375,9.33,1.72,5.12
28443,1,3,4,2010,16.44,13.38,2.89,7.09
28444,1,4,4,2010,17.211666666666662,14.73,6.36,9.8
28445,1,5,4,2010,16.888333333333335,14.86,6.53,9.98
28446,1,6,4,2010,16.426666666666666,15.02,7.21,10.64
28447,1,7,4,2010,16.00916666666667,14.79,7.28,10.67
28448,1,8,4,2010,15.088333333333333,13.88,6.32,9.55
28449,1,9,4,2010,14.740833333333333,15.6,7.47,10.95
28450,1,10,4,2010,14.887499999999998,15.71,7.44,10.95
28451,1,11,4,2010,14.8125,16.52,8.08,11.73
28452,1,12,4,2010,14.659166666666664,16.18,8.41,11.67
28453,1,13,4,2010,16.386666666666667,15.65,9.46,12.36
28454,1,14,4,2010,19.151666666666667,14.21,8.96,11.11
28455,1,15,4,2010,20.516666666666666,12.61,8.9,11.01
28456,1,16,4,2010,22.58333333333334,12.24,8.950000000000003,11.0
28457,1,17,4,2010,24.50583333333334,12.16,8.73,10.77
28458,1,18,4,2010,25.84166666666667,13.71,9.77,12.16
28459,1,19,4,2010,26.70583333333333,14.05,9.89,12.36
28460,1,20,4,2010,27.16083333333334,14.62,10.28,12.85
28461,1,21,4,2010,26.894166666666667,15.01,10.45,13.18
28462,1,22,4,2010,25.882499999999993,16.29,11.13,14.26
28463,1,23,4,2010,24.235833333333336,17.52,11.55,14.94
28464,2,0,4,2010,22.291666666666668,17.38,10.97,14.43
28465,2,1,4,2010,20.675,15.11,8.84,11.94
28466,2,2,4,2010,19.639999999999997,16.71,10.05,13.43
28467,2,3,4,2010,18.7925,18.75,11.45,15.21
28468,2,4,4,2010,18.176666666666666,18.44,11.25,14.92
28469,2,5,4,2010,17.723333333333333,16.22,9.55,12.84
28470,2,6,4,2010,17.470833333333335,16.84,10.08,13.55
28471,2,7,4,2010,17.1825,17.18,10.49,13.97
28472,2,8,4,2010,16.872500000000002,17.1,10.47,13.91
28473,2,9,4,2010,16.519166666666667,16.0,9.8,13.06
28474,2,10,4,2010,16.198333333333334,15.08,9.04,12.21
28475,2,11,4,2010,15.839166666666669,14.56,8.5,11.6
28476,2,12,4,2010,15.625833333333333,12.94,7.6,10.32
28477,2,13,4,2010,15.994166666666667,12.86,8.16,10.66
28478,2,14,4,2010,16.635833333333334,11.06,6.88,8.96
28479,2,15,4,2010,18.352500000000003,11.15,7.9,9.91
28480,2,16,4,2010,18.12,9.42,6.95,8.59
28481,2,17,4,2010,18.830000000000002,6.3100000000000005,4.68,5.66
28482,2,18,4,2010,19.994166666666665,8.66,6.05,7.56
28483,2,19,4,2010,17.723333333333333,8.85,6.8900000000000015,8.290000000000001
28484,2,20,4,2010,19.995833333333334,8.870000000000003,6.69,8.11
28485,2,21,4,2010,20.002499999999998,10.52,7.52,9.34
28486,2,22,4,2010,19.535833333333333,11.02,7.82,9.72
28487,2,23,4,2010,18.61916666666666,10.76,7.54,9.45
28488,3,0,4,2010,16.656666666666666,12.97,5.3100000000000005,8.66
28489,3,1,4,2010,15.095833333333337,11.6,5.3500000000000005,8.65
28490,3,2,4,2010,13.971666666666666,13.75,5.89,9.53
28491,3,3,4,2010,12.360000000000001,12.99,6.15,9.25
28492,3,4,4,2010,11.141666666666667,12.98,5.28,8.8
28493,3,5,4,2010,9.993333333333334,11.33,4.34,7.68
28494,3,6,4,2010,8.542499999999999,10.79,3.49,6.94
28495,3,7,4,2010,7.509166666666666,9.75,2.96,6.3
28496,3,8,4,2010,6.918333333333334,10.36,3.51,7.0200000000000005
28497,3,9,4,2010,6.015833333333333,9.25,3.68,6.41
28498,3,10,4,2010,5.094166666666667,8.91,3.54,6.17
28499,3,11,4,2010,4.4225,7.27,3.43,5.87
28500,3,12,4,2010,4.140833333333333,3.91,3.16,3.89
28501,3,13,4,2010,5.614999999999999,3.51,2.76,3.73
28502,3,14,4,2010,8.301666666666668,3.87,2.98,3.56
28503,3,15,4,2010,10.566666666666668,5.62,4.22,5.09
28504,3,16,4,2010,12.043333333333331,6.37,4.7700000000000005,5.76
28505,3,17,4,2010,13.214166666666666,6.93,5.16,6.25
28506,3,18,4,2010,14.383333333333333,7.97,5.89,7.16
28507,3,19,4,2010,15.281666666666666,8.52,6.26,7.6400000000000015
28508,3,20,4,2010,16.0825,9.12,6.58,8.1
28509,3,21,4,2010,16.8025,10.15,7.17,8.93
28510,3,22,4,2010,17.075000000000003,10.42,7.27,9.12
28511,3,23,4,2010,16.805000000000003,10.28,7.07,8.93
28512,4,0,4,2010,14.7575,10.4,4.36,7.03
28513,4,1,4,2010,13.160000000000002,12.78,4.83,8.36
28514,4,2,4,2010,12.500000000000002,13.41,5.53,8.93
28515,4,3,4,2010,12.055833333333334,13.56,6.0200000000000005,9.52
28516,4,4,4,2010,11.45583333333333,13.97,6.23,9.72
28517,4,5,4,2010,11.457500000000001,14.45,6.48,9.98
28518,4,6,4,2010,11.35,15.65,7.4,11.04
28519,4,7,4,2010,11.269999999999998,15.33,7.19,10.77
28520,4,8,4,2010,10.655833333333334,14.49,6.8500000000000005,10.3
28521,4,9,4,2010,10.173333333333334,13.86,6.53,9.8
28522,4,10,4,2010,9.281666666666666,13.35,6.4,9.61
28523,4,11,4,2010,7.34,9.02,3.53,6.45
28524,4,12,4,2010,8.010833333333332,6.72,3.49,5.45
28525,4,13,4,2010,9.090000000000002,5.32,2.88,4.09
28526,4,14,4,2010,10.76,3.84,2.99,3.43
28527,4,15,4,2010,12.614166666666664,4.1,3.28,3.83
28528,4,16,4,2010,14.56583333333333,3.68,2.95,3.43
28529,4,17,4,2010,16.198333333333338,4.12,3.34,3.88
28530,4,18,4,2010,17.555,3.74,3.02,3.49
28531,4,19,4,2010,18.506666666666668,3.0500000000000003,2.54,2.9
28532,4,20,4,2010,19.198333333333334,2.13,1.87,2.09
28533,4,21,4,2010,19.685,1.96,1.76,1.95
28534,4,22,4,2010,19.852500000000003,2.63,2.15,2.48
28535,4,23,4,2010,19.602500000000003,3.52,2.51,3.06
28536,5,0,4,2010,17.77416666666667,4.61,2.22,4.25
28537,5,1,4,2010,16.644166666666667,4.05,2.12,3.93
28538,5,2,4,2010,15.934166666666664,3.24,1.53,2.72
28539,5,3,4,2010,14.588333333333333,3.54,1.72,3.02
28540,5,4,4,2010,13.234166666666665,3.13,1.18,2.23
28541,5,5,4,2010,12.876666666666667,3.13,1.35,2.45
28542,5,6,4,2010,12.209166666666667,3.41,1.19,2.24
28543,5,7,4,2010,11.400833333333333,4.19,1.04,2.47
28544,5,8,4,2010,10.425833333333332,5.4,2.24,4.09
28545,5,9,4,2010,9.109166666666667,6.29,2.58,4.57
28546,5,10,4,2010,8.686666666666666,7.46,3.18,6.05
28547,5,11,4,2010,7.855,7.73,3.16,6.0200000000000005
28548,5,12,4,2010,7.5183333333333335,8.64,3.64,5.93
28549,5,13,4,2010,9.155,9.28,4.17,6.3
28550,5,14,4,2010,11.646666666666668,8.620000000000001,6.07,7.28
28551,5,15,4,2010,11.849166666666667,9.47,7.11,8.540000000000001
28552,5,16,4,2010,10.080833333333333,7.94,5.68,6.87
28553,5,17,4,2010,10.994166666666667,8.14,6.2,7.3900000000000015
28554,5,18,4,2010,13.360000000000001,7.92,6.11,7.29
28555,5,19,4,2010,15.095,7.27,5.75,6.79
28556,5,20,4,2010,17.531666666666663,6.9,5.5200000000000005,6.43
28557,5,21,4,2010,21.285,7.6400000000000015,5.55,6.7700000000000005
28558,5,22,4,2010,22.602499999999996,6.7,5.01,6.0200000000000005
28559,5,23,4,2010,23.715,9.9,3.59,5.84
28560,6,0,4,2010,23.200000000000003,11.77,4.99,8.61
28561,6,1,4,2010,21.59333333333333,13.94,6.08,9.64
28562,6,2,4,2010,20.944166666666668,15.62,7.72,11.2
28563,6,3,4,2010,20.420833333333334,15.77,7.63,11.22
28564,6,4,4,2010,19.885,16.03,8.34,11.82
28565,6,5,4,2010,19.694166666666664,15.78,8.3,11.64
28566,6,6,4,2010,18.80833333333333,16.56,9.14,12.59
28567,6,7,4,2010,18.809166666666666,16.73,9.44,12.87
28568,6,8,4,2010,18.675833333333333,17.11,9.78,13.25
28569,6,9,4,2010,17.990000000000002,16.36,9.14,12.54
28570,6,10,4,2010,17.516666666666666,15.6,8.26,11.62
28571,6,11,4,2010,17.193333333333328,15.49,8.4,11.72
28572,6,12,4,2010,17.355,15.1,8.08,11.33
28573,6,13,4,2010,19.445833333333336,15.16,9.27,12.11
28574,6,14,4,2010,20.781666666666666,14.22,9.74,12.12
28575,6,15,4,2010,22.64833333333333,14.37,10.15,12.65
28576,6,16,4,2010,24.01166666666667,13.52,9.49,11.85
28577,6,17,4,2010,25.29416666666667,12.99,9.13,11.34
28578,6,18,4,2010,25.846666666666664,13.05,9.14,11.36
28579,6,19,4,2010,26.142500000000002,13.28,9.33,11.58
28580,6,20,4,2010,26.192499999999995,11.88,8.370000000000001,10.35
28581,6,21,4,2010,25.76416666666667,12.57,8.77,10.94
28582,6,22,4,2010,24.350000000000005,10.11,7.35,9.02
28583,6,23,4,2010,21.35833333333333,10.65,7.73,9.57
28584,7,0,4,2010,18.0425,11.05,6.42,8.77
28585,7,1,4,2010,15.605833333333331,11.29,6.61,8.97
28586,7,2,4,2010,13.686666666666667,10.72,6.23,8.44
28587,7,3,4,2010,11.9375,8.540000000000001,4.7,6.58
28588,7,4,4,2010,10.813333333333333,7.82,3.91,5.73
28589,7,5,4,2010,10.108333333333333,7.94,2.57,5.34
28590,7,6,4,2010,9.493333333333334,8.41,3.06,5.8100000000000005
28591,7,7,4,2010,8.840833333333334,8.08,3.22,5.28
28592,7,8,4,2010,8.514166666666666,8.28,3.13,5.5600000000000005
28593,7,9,4,2010,9.196666666666667,7.8900000000000015,3.96,5.46
28594,7,10,4,2010,9.3975,5.62,4.0200000000000005,5.0
28595,7,11,4,2010,9.166666666666668,5.99,4.47,5.5200000000000005
28596,7,12,4,2010,8.614166666666668,6.2700000000000005,4.63,5.72
28597,7,13,4,2010,8.415833333333332,6.19,4.45,5.58
28598,7,14,4,2010,8.659999999999998,7.58,5.46,6.8
28599,7,15,4,2010,8.368333333333334,7.76,5.58,6.97
28600,7,16,4,2010,8.128333333333332,9.52,6.92,8.58
28601,7,17,4,2010,7.097499999999999,12.37,8.870000000000003,11.07
28602,7,18,4,2010,6.550000000000001,13.96,9.98,12.49
28603,7,19,4,2010,6.071666666666666,13.68,9.8,12.25
28604,7,20,4,2010,7.684166666666667,13.1,9.44,11.81
28605,7,21,4,2010,8.654166666666667,13.7,9.56,12.1
28606,7,22,4,2010,10.819999999999999,15.79,10.85,13.91
28607,7,23,4,2010,10.719999999999999,15.47,10.72,13.7
28608,8,0,4,2010,9.646666666666667,15.12,7.36,10.44
28609,8,1,4,2010,7.732499999999999,15.82,6.87,10.88
28610,8,2,4,2010,6.869999999999998,14.17,6.24,10.19
28611,8,3,4,2010,6.131666666666665,13.33,5.5200000000000005,9.18
28612,8,4,4,2010,5.4125000000000005,12.49,5.5600000000000005,9.09
28613,8,5,4,2010,4.845,12.27,5.68,9.18
28614,8,6,4,2010,4.284166666666666,12.17,5.51,9.08
28615,8,7,4,2010,3.7325,11.6,5.38,8.82
28616,8,8,4,2010,3.2166666666666663,11.47,5.29,8.73
28617,8,9,4,2010,2.0033333333333334,11.02,4.49,8.18
28618,8,10,4,2010,1.6850000000000003,10.95,4.6000000000000005,8.290000000000001
28619,8,11,4,2010,1.9083333333333334,10.32,4.98,8.61
28620,8,12,4,2010,2.3925,9.67,4.91,8.07
28621,8,13,4,2010,4.470833333333334,8.91,4.68,6.69
28622,8,14,4,2010,6.920000000000001,7.65,4.8100000000000005,5.94
28623,8,15,4,2010,8.783333333333333,6.75,4.99,6.09
28624,8,16,4,2010,10.130833333333333,6.97,5.11,6.24
28625,8,17,4,2010,11.405833333333334,7.53,5.5200000000000005,6.75
28626,8,18,4,2010,12.510833333333336,7.13,5.25,6.4
28627,8,19,4,2010,13.456666666666669,7.08,5.22,6.36
28628,8,20,4,2010,14.261666666666665,6.58,4.83,5.88
28629,8,21,4,2010,14.744166666666667,6.3900000000000015,4.68,5.72
28630,8,22,4,2010,14.964166666666664,5.79,4.24,5.19
28631,8,23,4,2010,14.825000000000001,4.94,3.59,4.41
28632,9,0,4,2010,13.332499999999998,3.43,1.3,2.52
28633,9,1,4,2010,11.8825,2.5500000000000003,0.89,1.83
28634,9,2,4,2010,11.089166666666669,1.68,0.76,1.28
28635,9,3,4,2010,10.505,1.77,2.12,2.45
28636,9,4,4,2010,9.943333333333333,2.82,2.32,3.22
28637,9,5,4,2010,9.093333333333332,5.8500000000000005,4.12,5.98
28638,9,6,4,2010,8.775,6.2700000000000005,3.84,5.9
28639,9,7,4,2010,8.235000000000001,7.0600000000000005,4.21,6.3100000000000005
28640,9,8,4,2010,8.023333333333333,7.42,4.48,6.87
28641,9,9,4,2010,7.875833333333333,8.5,4.72,7.79
28642,9,10,4,2010,7.3900000000000015,9.81,4.61,8.03
28643,9,11,4,2010,6.572500000000001,11.2,5.24,9.11
28644,9,12,4,2010,6.705000000000001,12.1,5.76,9.27
28645,9,13,4,2010,8.969999999999999,11.15,6.05,8.15
28646,9,14,4,2010,11.528333333333334,8.34,5.5200000000000005,6.59
28647,9,15,4,2010,13.691666666666665,7.13,5.47,6.5600000000000005
28648,9,16,4,2010,15.851666666666668,7.6400000000000015,5.64,6.88
28649,9,17,4,2010,17.591666666666665,8.51,6.13,7.56
28650,9,18,4,2010,18.883333333333336,8.86,6.3900000000000015,7.87
28651,9,19,4,2010,20.129166666666666,9.31,6.7,8.28
28652,9,20,4,2010,20.8725,9.86,7.03,8.73
28653,9,21,4,2010,21.241666666666664,9.95,7.0600000000000005,8.8
28654,9,22,4,2010,21.495000000000005,9.55,6.69,8.39
28655,9,23,4,2010,21.050833333333333,9.07,6.17,7.8900000000000015
28656,10,0,4,2010,18.72083333333333,8.88,3.78,7.2
28657,10,1,4,2010,16.7425,11.62,4.2700000000000005,8.23
28658,10,2,4,2010,15.395000000000001,14.06,5.67,9.46
28659,10,3,4,2010,14.615833333333333,15.38,6.03,9.92
28660,10,4,4,2010,13.545833333333336,15.59,6.11,9.98
28661,10,5,4,2010,12.843333333333332,15.51,6.08,9.94
28662,10,6,4,2010,12.616666666666665,15.52,6.13,10.14
28663,10,7,4,2010,12.129166666666665,15.12,6.0600000000000005,10.04
28664,10,8,4,2010,11.665833333333333,15.22,5.88,9.95
28665,10,9,4,2010,8.3725,12.99,3.58,6.46
28666,10,10,4,2010,9.026666666666669,5.53,1.08,2.76
28667,10,11,4,2010,9.025833333333333,5.36,1.56,3.33
28668,10,12,4,2010,9.470833333333333,5.97,1.82,3.79
28669,10,13,4,2010,11.72,5.83,2.84,3.6
28670,10,14,4,2010,14.145000000000001,4.7,3.17,3.83
28671,10,15,4,2010,15.620833333333332,4.43,3.31,3.99
28672,10,16,4,2010,16.98,3.71,2.86,3.4
28673,10,17,4,2010,18.449166666666663,4.21,3.12,3.76
28674,10,18,4,2010,19.85,5.04,3.76,4.54
28675,10,19,4,2010,20.99416666666667,5.41,4.08,4.9
28676,10,20,4,2010,21.754166666666666,5.66,4.21,5.1000000000000005
28677,10,21,4,2010,22.401666666666667,5.78,4.33,5.24
28678,10,22,4,2010,22.81833333333333,5.63,4.14,5.05
28679,10,23,4,2010,22.74416666666667,6.19,4.2,5.33
28680,11,0,4,2010,20.61416666666667,9.77,3.82,6.82
28681,11,1,4,2010,18.645833333333332,12.27,4.78,8.47
28682,11,2,4,2010,17.76,13.34,5.1000000000000005,8.89
28683,11,3,4,2010,17.343333333333334,6.97,2.48,4.3
28684,11,4,4,2010,15.83,11.53,3.19,7.9300000000000015
28685,11,5,4,2010,15.78,12.71,5.15,8.44
28686,11,6,4,2010,14.82583333333333,12.52,4.8100000000000005,8.17
28687,11,7,4,2010,14.034999999999998,11.86,4.3500000000000005,7.82
28688,11,8,4,2010,12.978333333333333,9.3,4.36,6.99
28689,11,9,4,2010,11.165833333333332,8.21,3.42,5.69
28690,11,10,4,2010,10.996666666666668,6.0200000000000005,2.28,4.12
28691,11,11,4,2010,11.088333333333333,2.75,1.67,2.43
28692,11,12,4,2010,10.916666666666666,2.65,1.84,2.44
28693,11,13,4,2010,11.116666666666667,2.89,2.48,2.7
28694,11,14,4,2010,12.504166666666668,2.7,2.43,2.68
28695,11,15,4,2010,14.928333333333333,2.31,1.97,2.25
28696,11,16,4,2010,16.944166666666664,2.39,2.22,2.46
28697,11,17,4,2010,18.799166666666668,2.74,2.22,2.56
28698,11,18,4,2010,20.691666666666666,3.27,2.5500000000000003,3.0
28699,11,19,4,2010,21.67,3.77,2.89,3.38
28700,11,20,4,2010,22.62,4.87,3.85,4.54
28701,11,21,4,2010,22.685833333333335,4.82,3.85,4.51
28702,11,22,4,2010,22.308333333333334,5.64,4.22,5.1000000000000005
28703,11,23,4,2010,22.51,5.46,4.11,4.96
28704,12,0,4,2010,21.286666666666665,7.62,3.09,6.33
28705,12,1,4,2010,19.7225,8.8,3.43,6.33
28706,12,2,4,2010,19.062499999999996,10.19,3.86,7.5
28707,12,3,4,2010,18.892500000000002,10.92,4.1,7.76
28708,12,4,4,2010,18.260833333333334,11.19,4.47,7.84
28709,12,5,4,2010,18.3325,11.41,5.53,7.97
28710,12,6,4,2010,18.009999999999998,10.19,4.95,7.41
28711,12,7,4,2010,16.653333333333332,7.68,3.73,5.99
28712,12,8,4,2010,16.1375,9.9,3.87,7.22
28713,12,9,4,2010,15.886666666666665,9.41,3.17,6.71
28714,12,10,4,2010,15.843333333333334,13.06,5.04,8.52
28715,12,11,4,2010,15.200000000000001,12.41,5.22,8.52
28716,12,12,4,2010,15.544166666666664,10.95,5.76,8.36
28717,12,13,4,2010,16.624166666666667,10.12,5.73,7.8
28718,12,14,4,2010,18.5175,7.13,5.34,6.49
28719,12,15,4,2010,20.374166666666667,7.67,5.7,6.96
28720,12,16,4,2010,21.739166666666666,8.15,5.98,7.33
28721,12,17,4,2010,22.843333333333334,8.49,6.25,7.65
28722,12,18,4,2010,23.6725,8.97,6.61,8.1
28723,12,19,4,2010,24.409166666666664,8.88,6.5,7.97
28724,12,20,4,2010,25.01166666666667,8.94,6.49,7.97
28725,12,21,4,2010,25.387500000000003,9.14,6.5600000000000005,8.120000000000001
28726,12,22,4,2010,25.399166666666673,9.35,6.63,8.26
28727,12,23,4,2010,25.021666666666672,9.35,6.51,8.22
28728,13,0,4,2010,23.299166666666665,11.69,4.83,8.0
28729,13,1,4,2010,21.84583333333333,13.15,5.96,9.26
28730,13,2,4,2010,20.960833333333333,14.19,6.9,10.26
28731,13,3,4,2010,20.371666666666666,15.23,7.68,11.17
28732,13,4,4,2010,19.880833333333328,15.95,8.09,11.69
28733,13,5,4,2010,19.331666666666667,16.42,8.32,11.96
28734,13,6,4,2010,18.613333333333333,15.97,7.84,11.51
28735,13,7,4,2010,17.970833333333335,15.87,7.68,11.33
28736,13,8,4,2010,17.0575,16.0,7.61,11.33
28737,13,9,4,2010,16.371666666666666,15.87,7.6,11.23
28738,13,10,4,2010,15.85,15.67,7.7,11.29
28739,13,11,4,2010,14.945833333333333,15.05,6.78,10.39
28740,13,12,4,2010,15.145833333333334,14.68,7.84,10.79
28741,13,13,4,2010,17.11333333333333,14.04,8.68,11.51
28742,13,14,4,2010,18.544166666666666,9.7,6.68,8.22
28743,13,15,4,2010,20.112499999999997,9.61,6.88,8.53
28744,13,16,4,2010,21.7025,11.18,7.8900000000000015,9.87
28745,13,17,4,2010,22.78,11.78,8.370000000000001,10.44
28746,13,18,4,2010,23.49416666666667,12.58,8.98,11.19
28747,13,19,4,2010,24.021666666666665,12.74,9.08,11.33
28748,13,20,4,2010,24.407500000000002,13.43,9.39,11.82
28749,13,21,4,2010,24.5825,14.2,10.06,12.63
28750,13,22,4,2010,24.468333333333337,15.06,10.46,13.3
28751,13,23,4,2010,23.787500000000005,14.98,10.19,13.08
28752,14,0,4,2010,22.203333333333333,14.11,7.54,10.72
28753,14,1,4,2010,20.7475,14.51,7.28,10.77
28754,14,2,4,2010,20.059166666666663,15.67,8.01,11.6
28755,14,3,4,2010,19.13083333333333,15.15,7.59,11.09
28756,14,4,4,2010,18.721666666666668,16.02,7.73,11.41
28757,14,5,4,2010,17.840833333333332,15.29,7.32,10.84
28758,14,6,4,2010,17.007499999999997,14.69,6.82,10.21
28759,14,7,4,2010,16.53,14.86,7.13,10.53
28760,14,8,4,2010,16.052500000000002,15.12,7.7,11.05
28761,14,9,4,2010,15.792499999999999,15.92,8.28,11.76
28762,14,10,4,2010,15.35,15.81,8.22,11.71
28763,14,11,4,2010,15.164166666666668,16.02,8.51,11.99
28764,14,12,4,2010,15.242500000000005,15.36,9.28,12.33
28765,14,13,4,2010,17.275,15.12,9.31,12.36
28766,14,14,4,2010,18.736666666666668,11.87,8.45,10.51
28767,14,15,4,2010,20.385833333333334,12.33,8.700000000000001,10.88
28768,14,16,4,2010,21.7925,12.9,9.11,11.39
28769,14,17,4,2010,22.969166666666666,13.18,9.33,11.64
28770,14,18,4,2010,23.838333333333335,13.31,9.45,11.78
28771,14,19,4,2010,24.463333333333335,14.0,9.9,12.39
28772,14,20,4,2010,24.924166666666668,12.81,9.06,11.32
28773,14,21,4,2010,25.129166666666666,12.74,9.0,11.27
28774,14,22,4,2010,25.097499999999997,13.55,9.41,11.94
28775,14,23,4,2010,24.608333333333334,13.0,8.27,10.95
28776,15,0,4,2010,22.780833333333334,13.18,6.34,9.43
28777,15,1,4,2010,21.486666666666665,13.82,7.01,10.25
28778,15,2,4,2010,20.723333333333333,15.06,8.0,11.38
28779,15,3,4,2010,20.147499999999997,14.89,7.91,11.23
28780,15,4,4,2010,19.644999999999996,14.77,7.55,10.91
28781,15,5,4,2010,18.965,14.13,6.57,9.88
28782,15,6,4,2010,18.099999999999998,14.51,7.03,10.41
28783,15,7,4,2010,17.31833333333333,13.97,7.2,10.41
28784,15,8,4,2010,16.775000000000002,13.92,6.96,10.18
28785,15,9,4,2010,16.350833333333334,14.84,6.8100000000000005,10.23
28786,15,10,4,2010,16.03666666666667,14.78,6.72,10.14
28787,15,11,4,2010,15.5925,13.93,6.51,9.78
28788,15,12,4,2010,15.664166666666667,13.64,6.66,9.18
28789,15,13,4,2010,17.775833333333335,11.66,6.7,9.1
28790,15,14,4,2010,19.034166666666668,9.31,6.71,8.290000000000001
28791,15,15,4,2010,20.706666666666667,9.24,6.68,8.24
28792,15,16,4,2010,22.354166666666668,9.55,6.8100000000000005,8.43
28793,15,17,4,2010,23.6425,9.76,6.99,8.65
28794,15,18,4,2010,24.546666666666663,9.72,6.96,8.6
28795,15,19,4,2010,25.159166666666668,9.69,6.94,8.58
28796,15,20,4,2010,25.52333333333333,9.61,6.8900000000000015,8.51
28797,15,21,4,2010,25.44333333333333,9.91,6.91,8.72
28798,15,22,4,2010,23.684166666666666,14.92,9.84,12.79
28799,15,23,4,2010,18.752499999999998,10.17,6.34,8.47
28800,16,0,4,2010,17.684166666666666,8.540000000000001,5.11,6.99
28801,16,1,4,2010,18.332500000000003,4.59,3.3200000000000003,4.4
28802,16,2,4,2010,18.089166666666667,10.85,7.09,9.1
28803,16,3,4,2010,16.835833333333333,11.87,7.72,9.81
28804,16,4,4,2010,16.217499999999998,6.9,4.57,5.8500000000000005
28805,16,5,4,2010,16.181666666666665,6.75,4.14,5.48
28806,16,6,4,2010,16.27916666666667,7.13,4.39,5.84
28807,16,7,4,2010,16.298333333333336,10.42,5.65,7.9
28808,16,8,4,2010,15.210833333333332,12.84,6.58,9.52
28809,16,9,4,2010,14.578333333333333,10.4,4.79,7.3
28810,16,10,4,2010,13.810833333333333,11.72,5.38,8.15
28811,16,11,4,2010,12.839999999999998,11.44,5.74,8.3
28812,16,12,4,2010,12.135833333333332,11.13,5.98,8.07
28813,16,13,4,2010,12.315,10.16,7.21,9.01
28814,16,14,4,2010,12.681666666666665,10.54,7.62,9.44
28815,16,15,4,2010,12.984166666666665,10.43,7.57,9.35
28816,16,16,4,2010,13.510833333333336,9.41,6.8500000000000005,8.44
28817,16,17,4,2010,14.337499999999999,8.71,6.41,7.82
28818,16,18,4,2010,14.969166666666665,9.28,6.84,8.33
28819,16,19,4,2010,15.410000000000002,9.56,7.12,8.68
28820,16,20,4,2010,15.693333333333333,9.56,7.07,8.65
28821,16,21,4,2010,15.72916666666667,10.05,7.46,9.17
28822,16,22,4,2010,15.715833333333334,9.39,6.8,8.44
28823,16,23,4,2010,15.305000000000001,9.41,6.8,8.47
28824,17,0,4,2010,14.0225,9.07,5.83,7.67
28825,17,1,4,2010,12.331666666666669,10.53,3.53,6.75
28826,17,2,4,2010,11.233333333333334,11.55,3.95,7.69
28827,17,3,4,2010,10.096666666666668,11.26,3.69,7.44
28828,17,4,4,2010,9.419166666666667,11.27,3.92,7.66
28829,17,5,4,2010,8.169166666666667,10.88,3.54,7.23
28830,17,6,4,2010,7.034166666666667,11.43,3.12,6.8500000000000005
28831,17,7,4,2010,6.210833333333333,11.59,3.0,6.96
28832,17,8,4,2010,5.558333333333334,11.51,2.95,6.8500000000000005
28833,17,9,4,2010,4.858333333333333,10.83,2.87,6.62
28834,17,10,4,2010,4.114166666666667,10.35,2.69,6.1400000000000015
28835,17,11,4,2010,3.5125000000000006,9.66,2.26,5.45
28836,17,12,4,2010,3.590833333333333,8.91,2.87,5.2
28837,17,13,4,2010,5.360833333333335,6.74,2.77,4.44
28838,17,14,4,2010,7.471666666666667,3.96,3.13,3.68
28839,17,15,4,2010,9.528333333333334,4.32,3.34,3.97
28840,17,16,4,2010,11.313333333333334,4.9,3.81,4.5200000000000005
28841,17,17,4,2010,12.495,4.79,3.74,4.43
28842,17,18,4,2010,13.506666666666666,4.66,3.67,4.33
28843,17,19,4,2010,14.405833333333334,4.5600000000000005,3.58,4.22
28844,17,20,4,2010,15.103333333333333,4.62,3.62,4.28
28845,17,21,4,2010,15.502500000000003,4.94,3.83,4.57
28846,17,22,4,2010,15.640833333333331,5.0200000000000005,3.87,4.63
28847,17,23,4,2010,15.446666666666664,5.22,3.84,4.72
28848,18,0,4,2010,14.0625,6.33,3.37,6.13
28849,18,1,4,2010,12.115833333333333,7.09,3.08,5.9
28850,18,2,4,2010,10.678333333333335,7.7,2.21,5.53
28851,18,3,4,2010,10.223333333333334,8.2,2.16,5.8100000000000005
28852,18,4,4,2010,9.554166666666665,7.63,1.83,5.41
28853,18,5,4,2010,8.8425,7.03,1.86,4.86
28854,18,6,4,2010,7.999166666666668,7.17,1.79,4.61
28855,18,7,4,2010,7.347499999999999,7.13,1.37,4.14
28856,18,8,4,2010,7.066666666666666,6.62,1.4,3.97
28857,18,9,4,2010,6.901666666666667,5.66,1.43,3.46
28858,18,10,4,2010,6.468333333333335,4.95,1.21,2.91
28859,18,11,4,2010,6.194166666666668,4.91,1.21,2.91
28860,18,12,4,2010,6.155833333333334,4.69,1.26,2.7
28861,18,13,4,2010,7.7299999999999995,3.91,1.26,2.17
28862,18,14,4,2010,10.209166666666667,2.9,1.63,1.83
28863,18,15,4,2010,12.822499999999998,3.31,2.44,2.94
28864,18,16,4,2010,14.63,4.12,3.2,3.79
28865,18,17,4,2010,15.360000000000001,4.17,3.28,3.87
28866,18,18,4,2010,16.14083333333333,3.8,3.02,3.54
28867,18,19,4,2010,16.789166666666663,3.85,3.08,3.6
28868,18,20,4,2010,17.2325,3.63,2.92,3.42
28869,18,21,4,2010,17.470833333333335,4.0,3.22,3.78
28870,18,22,4,2010,17.5125,3.7,2.92,3.46
28871,18,23,4,2010,17.265,3.85,2.96,3.59
28872,19,0,4,2010,16.36416666666667,3.51,1.95,2.8000000000000003
28873,19,1,4,2010,15.460833333333332,4.08,1.34,3.52
28874,19,2,4,2010,14.790833333333332,4.28,1.5,3.65
28875,19,3,4,2010,13.764166666666668,3.65,1.39,2.71
28876,19,4,4,2010,13.350833333333334,3.2,1.36,2.62
28877,19,5,4,2010,12.681666666666665,3.17,1.36,2.58
28878,19,6,4,2010,12.023333333333333,3.0700000000000003,1.41,2.61
28879,19,7,4,2010,11.803333333333333,2.77,1.49,2.56
28880,19,8,4,2010,11.743333333333332,2.66,1.49,2.46
28881,19,9,4,2010,10.602500000000001,1.64,0.98,1.52
28882,19,10,4,2010,10.061666666666666,0.74,0.79,1.1
28883,19,11,4,2010,9.476666666666667,0.66,0.81,0.8200000000000001
28884,19,12,4,2010,9.211666666666668,0.85,0.67,0.95
28885,19,13,4,2010,10.737499999999999,1.04,1.57,1.83
28886,19,14,4,2010,12.79,1.07,1.12,1.19
28887,19,15,4,2010,14.769999999999998,1.68,1.46,1.62
28888,19,16,4,2010,16.397499999999997,2.66,2.05,2.43
28889,19,17,4,2010,17.166666666666668,2.97,2.41,2.79
28890,19,18,4,2010,17.71,3.3000000000000003,2.62,3.0700000000000003
28891,19,19,4,2010,18.211666666666662,3.49,2.84,3.3000000000000003
28892,19,20,4,2010,18.570833333333333,2.99,2.5,2.87
28893,19,21,4,2010,18.781666666666663,2.61,2.15,2.48
28894,19,22,4,2010,18.87166666666667,2.36,1.9,2.21
28895,19,23,4,2010,18.715,2.49,2.09,2.42
28896,20,0,4,2010,17.587500000000002,3.38,1.45,2.5
28897,20,1,4,2010,15.878333333333332,4.22,2.34,4.12
28898,20,2,4,2010,14.978333333333332,4.11,2.21,3.92
28899,20,3,4,2010,14.215833333333334,5.13,2.74,4.74
28900,20,4,4,2010,13.811666666666667,5.63,2.98,5.19
28901,20,5,4,2010,13.434166666666664,5.83,3.2,5.43
28902,20,6,4,2010,13.167499999999999,5.87,3.31,5.49
28903,20,7,4,2010,12.857500000000002,6.11,3.82,6.16
28904,20,8,4,2010,11.92666666666667,6.46,3.82,6.18
28905,20,9,4,2010,10.652500000000002,6.91,3.71,6.24
28906,20,10,4,2010,10.645833333333334,6.4,3.6,5.79
28907,20,11,4,2010,10.4225,6.1400000000000015,3.47,5.73
28908,20,12,4,2010,11.166666666666666,5.51,3.64,5.24
28909,20,13,4,2010,13.474166666666669,5.29,3.13,4.68
28910,20,14,4,2010,15.96,4.1,2.51,2.95
28911,20,15,4,2010,17.64333333333333,2.91,2.24,2.67
28912,20,16,4,2010,18.287499999999998,2.91,2.38,2.76
28913,20,17,4,2010,18.759166666666665,3.01,2.46,2.84
28914,20,18,4,2010,19.254166666666666,3.15,2.68,3.04
28915,20,19,4,2010,19.613333333333337,3.44,2.87,3.29
28916,20,20,4,2010,19.95583333333333,3.47,2.84,3.27
28917,20,21,4,2010,20.214166666666664,3.74,3.0700000000000003,3.56
28918,20,22,4,2010,20.166666666666668,3.77,3.0700000000000003,3.56
28919,20,23,4,2010,19.9725,4.07,2.69,3.53
28920,21,0,4,2010,18.674999999999997,5.65,2.78,4.75
28921,21,1,4,2010,17.433333333333334,5.5200000000000005,2.88,5.15
28922,21,2,4,2010,16.925,4.8,2.91,5.03
28923,21,3,4,2010,16.240000000000002,4.43,2.65,4.57
28924,21,4,4,2010,15.795833333333333,3.97,2.33,3.99
28925,21,5,4,2010,15.065,4.44,2.79,4.55
28926,21,6,4,2010,14.926666666666668,5.08,3.16,5.15
28927,21,7,4,2010,15.0075,6.0,3.22,5.22
28928,21,8,4,2010,14.0575,6.07,3.17,5.22
28929,21,9,4,2010,12.74,5.4,1.72,3.28
28930,21,10,4,2010,12.51833333333333,4.95,1.62,3.25
28931,21,11,4,2010,12.370833333333332,3.0500000000000003,0.99,1.85
28932,21,12,4,2010,12.206666666666665,2.9,1.28,1.92
28933,21,13,4,2010,13.531666666666668,3.15,1.47,2.01
28934,21,14,4,2010,15.255833333333333,1.37,1.44,1.53
28935,21,15,4,2010,16.9025,2.16,1.9,2.14
28936,21,16,4,2010,17.910833333333333,2.08,1.95,2.12
28937,21,17,4,2010,18.526666666666667,2.15,1.78,2.04
28938,21,18,4,2010,18.92833333333333,2.89,2.4,2.77
28939,21,19,4,2010,19.360000000000003,3.21,2.83,3.2
28940,21,20,4,2010,20.00916666666667,2.28,1.9,2.06
28941,21,21,4,2010,19.56,3.0500000000000003,2.86,3.13
28942,21,22,4,2010,17.808333333333334,3.85,2.98,3.61
28943,21,23,4,2010,17.864166666666666,2.62,2.08,2.43
28944,22,0,4,2010,17.598333333333336,2.02,1.25,1.57
28945,22,1,4,2010,15.804999999999998,3.51,1.57,3.22
28946,22,2,4,2010,14.911666666666667,2.8000000000000003,2.02,3.0
28947,22,3,4,2010,14.545000000000002,2.73,1.94,2.73
28948,22,4,4,2010,14.031666666666666,2.5,1.74,2.5500000000000003
28949,22,5,4,2010,13.144166666666669,2.92,1.97,3.24
28950,22,6,4,2010,12.519166666666665,5.33,3.42,5.5600000000000005
28951,22,7,4,2010,12.191666666666668,5.53,3.29,5.67
28952,22,8,4,2010,12.239166666666664,5.63,3.34,5.69
28953,22,9,4,2010,11.159166666666666,4.86,1.97,3.77
28954,22,10,4,2010,10.155833333333332,4.53,1.75,3.38
28955,22,11,4,2010,9.295833333333333,5.08,1.89,3.66
28956,22,12,4,2010,10.465833333333332,5.65,2.57,4.32
28957,22,13,4,2010,12.496666666666668,5.2,3.12,3.61
28958,22,14,4,2010,14.779166666666667,4.38,3.49,4.1
28959,22,15,4,2010,16.78083333333333,5.0600000000000005,3.76,4.5600000000000005
28960,22,16,4,2010,17.53916666666667,6.58,5.07,6.1000000000000005
28961,22,17,4,2010,17.04,6.33,4.82,5.8
28962,22,18,4,2010,18.2975,7.04,5.28,6.3900000000000015
28963,22,19,4,2010,18.401666666666667,8.76,6.5200000000000005,7.94
28964,22,20,4,2010,17.659166666666668,8.25,6.2,7.5
28965,22,21,4,2010,16.296666666666667,7.9300000000000015,5.79,7.07
28966,22,22,4,2010,16.0025,8.51,6.16,7.63
28967,22,23,4,2010,15.270000000000001,7.52,5.43,6.74
28968,23,0,4,2010,14.795833333333333,7.42,4.95,6.21
28969,23,1,4,2010,14.433333333333332,7.31,4.83,6.15
28970,23,2,4,2010,14.336666666666666,7.22,4.66,6.05
28971,23,3,4,2010,14.26833333333333,7.58,4.63,6.22
28972,23,4,4,2010,14.14,8.2,5.41,6.95
28973,23,5,4,2010,14.144166666666669,7.5,4.84,6.3
28974,23,6,4,2010,14.151666666666664,7.96,5.1000000000000005,6.6400000000000015
28975,23,7,4,2010,14.318333333333333,10.45,6.1400000000000015,8.290000000000001
28976,23,8,4,2010,14.829166666666667,12.58,7.81,10.33
28977,23,9,4,2010,14.87083333333333,11.86,7.41,9.75
28978,23,10,4,2010,14.835833333333328,10.13,6.08,8.1
28979,23,11,4,2010,14.257500000000002,9.97,5.88,7.91
28980,23,12,4,2010,14.070833333333335,10.08,6.53,8.47
28981,23,13,4,2010,14.792500000000002,10.64,6.72,8.73
28982,23,14,4,2010,15.148333333333332,10.26,6.6000000000000005,8.52
28983,23,15,4,2010,16.12666666666667,11.71,7.5,9.45
28984,23,16,4,2010,17.933333333333334,11.77,8.45,10.53
28985,23,17,4,2010,19.071666666666662,11.19,8.19,10.14
28986,23,18,4,2010,19.9375,11.32,7.87,9.94
28987,23,19,4,2010,21.266666666666666,11.72,8.120000000000001,10.31
28988,23,20,4,2010,22.425,11.52,8.34,10.32
28989,23,21,4,2010,23.382500000000004,12.84,9.06,11.31
28990,23,22,4,2010,23.4875,13.64,9.18,11.62
28991,23,23,4,2010,23.335000000000004,11.86,8.07,10.31
28992,24,0,4,2010,22.135833333333334,9.69,5.18,7.61
28993,24,1,4,2010,20.153333333333332,11.34,4.23,7.67
28994,24,2,4,2010,18.701666666666668,12.46,4.63,8.43
28995,24,3,4,2010,17.65416666666667,13.19,5.61,9.07
28996,24,4,4,2010,16.308333333333334,13.47,5.76,9.09
28997,24,5,4,2010,15.539166666666668,12.21,5.38,8.36
28998,24,6,4,2010,15.29916666666667,12.4,5.72,8.790000000000001
28999,24,7,4,2010,14.700000000000003,11.83,4.98,8.0
29000,24,8,4,2010,14.045833333333334,12.37,4.89,8.290000000000001
29001,24,9,4,2010,13.368333333333332,12.48,5.28,8.38
29002,24,10,4,2010,12.849166666666664,12.32,5.28,8.45
29003,24,11,4,2010,11.999999999999998,12.13,4.34,7.58
29004,24,12,4,2010,12.650833333333333,11.73,5.5600000000000005,7.57
29005,24,13,4,2010,14.264999999999999,9.07,5.44,7.42
29006,24,14,4,2010,16.187500000000004,6.67,4.93,5.99
29007,24,15,4,2010,18.074166666666667,6.28,4.72,5.72
29008,24,16,4,2010,19.5125,6.79,5.08,6.17
29009,24,17,4,2010,20.534999999999997,5.57,4.13,5.01
29010,24,18,4,2010,21.135833333333334,4.28,3.25,3.9
29011,24,19,4,2010,21.55,2.17,1.77,2.05
29012,24,20,4,2010,21.895833333333332,1.43,1.31,1.43
29013,24,21,4,2010,22.116666666666664,6.0,5.32,6.07
29014,24,22,4,2010,22.165000000000003,5.79,4.43,5.32
29015,24,23,4,2010,20.959999999999997,13.39,9.56,12.32
29016,25,0,4,2010,18.768333333333334,8.24,5.4,7.19
29017,25,1,4,2010,17.604166666666668,6.8900000000000015,3.13,5.0600000000000005
29018,25,2,4,2010,16.91,4.23,1.18,3.48
29019,25,3,4,2010,16.518333333333334,3.91,2.3000000000000003,3.2
29020,25,4,4,2010,16.3625,8.71,4.89,7.0200000000000005
29021,25,5,4,2010,16.305833333333336,10.79,5.76,8.38
29022,25,6,4,2010,15.191666666666668,11.96,7.46,9.8
29023,25,7,4,2010,14.476666666666667,10.82,6.43,8.66
29024,25,8,4,2010,13.36166666666667,10.23,6.68,8.69
29025,25,9,4,2010,13.233333333333333,11.81,7.03,9.52
29026,25,10,4,2010,13.259166666666665,13.03,8.18,10.83
29027,25,11,4,2010,12.69333333333333,13.5,8.16,10.8
29028,25,12,4,2010,11.976666666666667,13.92,8.76,11.48
29029,25,13,4,2010,12.177500000000002,13.83,8.91,11.66
29030,25,14,4,2010,12.770000000000001,14.6,10.18,12.87
29031,25,15,4,2010,13.384999999999998,14.42,9.93,12.64
29032,25,16,4,2010,13.480000000000002,13.92,9.46,12.09
29033,25,17,4,2010,13.998333333333335,12.83,8.98,11.32
29034,25,18,4,2010,13.347500000000002,12.69,8.78,11.16
29035,25,19,4,2010,13.969166666666668,13.66,9.56,12.03
29036,25,20,4,2010,13.869166666666667,13.77,9.7,12.17
29037,25,21,4,2010,13.754166666666668,13.78,9.55,12.06
29038,25,22,4,2010,13.510000000000003,14.5,10.07,12.76
29039,25,23,4,2010,13.192500000000003,14.62,10.04,12.79
29040,26,0,4,2010,12.629999999999997,12.59,8.11,10.66
29041,26,1,4,2010,11.450833333333335,13.26,8.33,11.03
29042,26,2,4,2010,10.953333333333333,12.55,7.95,10.51
29043,26,3,4,2010,10.779166666666667,10.28,6.32,8.46
29044,26,4,4,2010,10.576666666666666,10.38,6.28,8.44
29045,26,5,4,2010,9.669166666666667,12.41,7.5,9.85
29046,26,6,4,2010,10.080833333333333,11.6,7.36,9.71
29047,26,7,4,2010,10.284166666666666,10.79,6.69,8.91
29048,26,8,4,2010,10.115,10.94,6.8100000000000005,9.05
29049,26,9,4,2010,9.79,10.53,6.48,8.620000000000001
29050,26,10,4,2010,9.986666666666666,10.85,6.63,8.85
29051,26,11,4,2010,9.52,12.51,7.98,10.46
29052,26,12,4,2010,8.948333333333334,12.23,7.85,10.23
29053,26,13,4,2010,8.990833333333333,11.55,8.370000000000001,10.38
29054,26,14,4,2010,9.544166666666667,12.28,8.72,10.84
29055,26,15,4,2010,10.6625,12.6,8.870000000000003,11.09
29056,26,16,4,2010,11.230833333333335,12.11,8.6,10.7
29057,26,17,4,2010,11.9325,11.8,8.41,10.45
29058,26,18,4,2010,12.736666666666666,11.27,8.08,10.0
29059,26,19,4,2010,12.96,14.63,10.59,13.05
29060,26,20,4,2010,13.105833333333337,16.63,11.84,14.84
29061,26,21,4,2010,12.202499999999999,15.96,11.76,14.59
29062,26,22,4,2010,11.6625,15.6,11.26,14.03
29063,26,23,4,2010,10.3825,11.12,8.15,10.07
29064,27,0,4,2010,9.700833333333332,14.16,9.16,11.99
29065,27,1,4,2010,8.628333333333334,11.76,7.46,9.83
29066,27,2,4,2010,8.093333333333334,10.2,6.6000000000000005,8.59
29067,27,3,4,2010,7.963333333333332,10.34,6.42,8.42
29068,27,4,4,2010,7.473333333333334,10.4,6.2700000000000005,8.31
29069,27,5,4,2010,7.447499999999999,10.83,6.07,8.52
29070,27,6,4,2010,7.5,11.44,7.29,9.58
29071,27,7,4,2010,6.825,10.47,5.89,8.21
29072,27,8,4,2010,6.420833333333334,11.56,6.38,8.66
29073,27,9,4,2010,7.411666666666668,10.81,6.41,8.74
29074,27,10,4,2010,6.050833333333333,11.89,5.87,8.68
29075,27,11,4,2010,5.314166666666667,11.53,5.68,8.4
29076,27,12,4,2010,5.660833333333334,11.54,6.38,8.65
29077,27,13,4,2010,7.135833333333334,8.6,5.33,6.72
29078,27,14,4,2010,9.092500000000001,6.8500000000000005,5.19,6.3
29079,27,15,4,2010,11.069166666666668,6.6000000000000005,4.91,5.99
29080,27,16,4,2010,12.766666666666666,6.79,5.11,6.19
29081,27,17,4,2010,14.115833333333333,6.78,5.1000000000000005,6.18
29082,27,18,4,2010,15.198333333333336,5.8500000000000005,4.43,5.33
29083,27,19,4,2010,15.9625,5.23,3.99,4.79
29084,27,20,4,2010,16.446666666666665,5.0,3.86,4.6000000000000005
29085,27,21,4,2010,16.775000000000002,4.24,3.26,3.89
29086,27,22,4,2010,16.93583333333333,3.68,2.83,3.37
29087,27,23,4,2010,16.821666666666665,3.75,2.91,3.47
29088,28,0,4,2010,15.915833333333332,2.54,1.67,2.08
29089,28,1,4,2010,13.889999999999999,2.33,0.56,1.18
29090,28,2,4,2010,12.8025,0.72,0.5700000000000001,0.65
29091,28,3,4,2010,12.152500000000002,3.09,1.83,3.0700000000000003
29092,28,4,4,2010,11.821666666666667,4.08,2.72,4.28
29093,28,5,4,2010,11.015,4.16,2.94,4.42
29094,28,6,4,2010,10.315,4.92,3.19,4.94
29095,28,7,4,2010,9.416666666666666,6.09,3.77,5.58
29096,28,8,4,2010,9.179166666666665,7.74,4.13,6.87
29097,28,9,4,2010,8.463333333333333,8.620000000000001,4.3,7.42
29098,28,10,4,2010,8.4325,9.94,4.92,8.08
29099,28,11,4,2010,7.9533333333333305,11.49,5.62,8.69
29100,28,12,4,2010,8.862499999999999,11.69,6.3900000000000015,8.700000000000001
29101,28,13,4,2010,10.281666666666668,11.0,5.93,8.16
29102,28,14,4,2010,12.755,8.48,6.3,7.68
29103,28,15,4,2010,14.991666666666669,10.14,7.37,9.08
29104,28,16,4,2010,16.755833333333335,12.12,8.700000000000001,10.8
29105,28,17,4,2010,17.92916666666667,13.64,9.72,12.09
29106,28,18,4,2010,18.8025,14.62,10.32,12.91
29107,28,19,4,2010,19.585833333333337,15.02,10.55,13.22
29108,28,20,4,2010,20.158333333333335,15.37,10.73,13.5
29109,28,21,4,2010,20.504166666666666,16.17,11.21,14.17
29110,28,22,4,2010,20.543333333333333,16.17,11.22,14.19
29111,28,23,4,2010,20.23,16.16,11.08,14.11
29112,29,0,4,2010,19.090833333333332,14.51,8.55,11.3
29113,29,1,4,2010,17.740000000000002,15.96,8.59,12.11
29114,29,2,4,2010,17.089166666666667,16.66,9.26,12.84
29115,29,3,4,2010,16.608333333333334,17.73,10.23,13.97
29116,29,4,4,2010,16.108333333333334,18.0,10.4,14.18
29117,29,5,4,2010,15.8025,19.87,12.05,16.13
29118,29,6,4,2010,15.265,19.0,11.47,15.31
29119,29,7,4,2010,15.3525,19.67,11.74,15.74
29120,29,8,4,2010,15.312499999999998,19.87,11.93,15.97
29121,29,9,4,2010,15.244166666666667,18.03,10.6,14.23
29122,29,10,4,2010,15.57166666666667,18.29,10.63,14.35
29123,29,11,4,2010,15.697499999999998,18.43,10.72,14.51
29124,29,12,4,2010,16.299999999999997,18.34,11.65,15.16
29125,29,13,4,2010,18.108333333333334,18.27,11.62,15.13
29126,29,14,4,2010,20.111666666666668,16.93,11.89,14.89
29127,29,15,4,2010,21.831666666666667,16.55,11.6,14.49
29128,29,16,4,2010,23.230833333333333,16.44,11.59,14.47
29129,29,17,4,2010,24.525000000000002,15.26,10.78,13.41
29130,29,18,4,2010,25.7525,14.8,10.44,12.99
29131,29,19,4,2010,26.915833333333328,14.44,9.99,12.56
29132,29,20,4,2010,27.702500000000004,14.8,10.26,12.92
29133,29,21,4,2010,28.198333333333334,14.75,10.19,12.83
29134,29,22,4,2010,27.985,14.67,10.08,12.8
29135,29,23,4,2010,27.44916666666666,13.92,9.37,11.94
29136,30,0,4,2010,25.58,13.48,6.86,9.77
29137,30,1,4,2010,23.623333333333335,14.67,7.42,10.71
29138,30,2,4,2010,22.925833333333333,17.57,10.31,13.94
29139,30,3,4,2010,22.224999999999998,17.85,10.63,14.23
29140,30,4,4,2010,21.403333333333336,17.81,10.27,13.96
29141,30,5,4,2010,20.7725,18.36,10.79,14.51
29142,30,6,4,2010,17.709166666666665,5.93,4.17,5.79
29143,30,7,4,2010,17.769166666666667,6.95,2.85,4.2
29144,30,8,4,2010,17.335833333333333,6.0,1.26,3.24
29145,30,9,4,2010,17.453333333333337,7.34,4.01,5.1000000000000005
29146,30,10,4,2010,15.578333333333333,7.5,4.98,6.28
29147,30,11,4,2010,14.595833333333331,6.82,3.91,5.13
29148,30,12,4,2010,14.792499999999999,6.83,4.43,5.57
29149,30,13,4,2010,15.04916666666667,5.95,4.59,5.5
29150,30,14,4,2010,16.094166666666666,4.47,3.54,4.18
29151,30,15,4,2010,17.911666666666665,3.56,2.63,3.17
29152,30,16,4,2010,19.908333333333335,6.74,4.91,5.97
29153,30,17,4,2010,21.665000000000003,9.27,6.67,8.2
29154,30,18,4,2010,22.365,10.01,7.2,8.790000000000001
29155,30,19,4,2010,22.751666666666665,11.29,8.01,10.07
29156,30,20,4,2010,22.835000000000004,10.86,7.79,9.46
29157,30,21,4,2010,22.314999999999998,10.46,7.76,9.44
29158,30,22,4,2010,22.520833333333332,12.23,8.3,10.32
29159,30,23,4,2010,18.683333333333334,14.53,10.66,13.02
29160,1,0,5,2010,17.639166666666668,9.6,6.8100000000000005,8.55
29161,1,1,5,2010,16.341666666666665,7.5,2.92,5.51
29162,1,2,5,2010,15.487500000000002,9.08,3.86,6.65
29163,1,3,5,2010,14.905833333333332,11.48,4.74,7.94
29164,1,4,5,2010,14.200833333333335,12.02,4.83,8.120000000000001
29165,1,5,5,2010,12.8125,10.51,4.37,7.32
29166,1,6,5,2010,12.094166666666668,6.99,3.96,5.94
29167,1,7,5,2010,11.348333333333334,7.34,4.26,6.3500000000000005
29168,1,8,5,2010,11.042499999999997,7.51,4.39,6.61
29169,1,9,5,2010,10.349166666666665,8.51,4.6000000000000005,7.17
29170,1,10,5,2010,9.854166666666666,9.83,5.04,7.48
29171,1,11,5,2010,9.888333333333334,10.21,5.05,7.59
29172,1,12,5,2010,10.530833333333334,9.5,4.93,7.11
29173,1,13,5,2010,11.642499999999998,6.87,4.97,5.89
29174,1,14,5,2010,13.360833333333334,6.41,4.98,5.92
29175,1,15,5,2010,14.975833333333334,5.3,4.03,4.83
29176,1,16,5,2010,16.454166666666666,5.2,3.91,4.68
29177,1,17,5,2010,17.715833333333332,5.2700000000000005,3.96,4.75
29178,1,18,5,2010,18.66416666666667,5.48,4.15,4.96
29179,1,19,5,2010,19.39916666666667,5.6000000000000005,4.22,5.0600000000000005
29180,1,20,5,2010,19.988333333333333,6.01,4.47,5.4
29181,1,21,5,2010,20.32166666666667,6.22,4.59,5.5600000000000005
29182,1,22,5,2010,20.405,5.95,4.26,5.24
29183,1,23,5,2010,20.16666666666666,6.1400000000000015,4.33,5.42
29184,2,0,5,2010,19.010833333333334,7.17,3.67,5.7
29185,2,1,5,2010,17.27916666666667,5.59,2.64,4.87
29186,2,2,5,2010,15.816666666666665,5.44,1.97,4.53
29187,2,3,5,2010,15.1575,4.14,1.94,3.64
29188,2,4,5,2010,14.219166666666666,6.19,4.75,8.43
29189,2,5,5,2010,12.896666666666668,10.98,5.38,9.33
29190,2,6,5,2010,12.696666666666665,10.46,5.68,9.6
29191,2,7,5,2010,11.529166666666667,10.25,5.03,8.38
29192,2,8,5,2010,10.979166666666664,9.79,5.38,8.08
29193,2,9,5,2010,10.828333333333333,10.49,5.7,8.56
29194,2,10,5,2010,10.642500000000002,10.39,5.61,8.5
29195,2,11,5,2010,10.095833333333333,9.22,5.2700000000000005,8.18
29196,2,12,5,2010,10.962499999999999,8.43,5.38,7.84
29197,2,13,5,2010,12.908333333333333,7.85,4.74,6.09
29198,2,14,5,2010,15.628333333333332,5.59,4.43,5.16
29199,2,15,5,2010,18.10333333333333,5.07,4.07,4.79
29200,2,16,5,2010,19.96166666666667,4.43,3.43,4.08
29201,2,17,5,2010,20.70916666666667,4.25,3.28,3.9
29202,2,18,5,2010,21.185,4.1,3.2,3.77
29203,2,19,5,2010,21.62,6.18,5.14,5.97
29204,2,20,5,2010,21.33,8.25,6.2700000000000005,7.63
29205,2,21,5,2010,21.8425,4.32,3.42,4.0200000000000005
29206,2,22,5,2010,21.28083333333333,8.55,6.19,7.72
29207,2,23,5,2010,21.10083333333333,9.51,6.8900000000000015,8.620000000000001
29208,3,0,5,2010,20.161666666666665,7.79,3.81,5.84
29209,3,1,5,2010,17.590833333333336,9.19,4.37,6.11
29210,3,2,5,2010,16.264999999999997,2.03,3.68,2.93
29211,3,3,5,2010,15.316666666666668,2.18,2.21,2.48
29212,3,4,5,2010,14.645833333333334,3.75,2.1,3.4
29213,3,5,5,2010,13.7175,3.93,2.92,4.0600000000000005
29214,3,6,5,2010,12.577499999999999,4.32,3.79,4.67
29215,3,7,5,2010,11.880833333333333,4.37,3.88,4.9
29216,3,8,5,2010,11.292499999999999,7.21,4.0200000000000005,6.13
29217,3,9,5,2010,9.9425,9.39,3.56,7.05
29218,3,10,5,2010,9.369166666666667,9.64,3.23,7.19
29219,3,11,5,2010,9.505833333333333,8.620000000000001,4.04,7.16
29220,3,12,5,2010,10.6875,7.95,4.29,6.99
29221,3,13,5,2010,12.394166666666669,6.61,4.08,5.01
29222,3,14,5,2010,14.24,6.24,4.63,5.63
29223,3,15,5,2010,15.516666666666667,5.8100000000000005,4.25,5.19
29224,3,16,5,2010,16.543333333333337,5.43,4.07,4.9
29225,3,17,5,2010,17.639166666666668,4.92,3.69,4.43
29226,3,18,5,2010,18.7,6.33,4.68,5.68
29227,3,19,5,2010,19.466666666666665,6.53,4.89,5.89
29228,3,20,5,2010,20.14333333333333,8.16,6.03,7.37
29229,3,21,5,2010,20.509999999999998,8.82,6.54,8.02
29230,3,22,5,2010,20.726666666666663,8.68,6.48,7.91
29231,3,23,5,2010,20.756666666666664,9.08,6.1400000000000015,7.8900000000000015
29232,4,0,5,2010,17.259999999999998,13.59,9.03,11.59
29233,4,1,5,2010,15.38,5.68,2.5500000000000003,4.29
29234,4,2,5,2010,15.075833333333334,7.77,4.14,6.22
29235,4,3,5,2010,14.584166666666668,11.36,4.86,7.8
29236,4,4,5,2010,14.756666666666668,13.9,5.57,9.37
29237,4,5,5,2010,15.4775,14.4,5.95,9.74
29238,4,6,5,2010,15.2125,14.97,6.46,10.18
29239,4,7,5,2010,15.365000000000002,15.96,7.33,11.09
29240,4,8,5,2010,15.462499999999999,16.27,7.55,11.32
29241,4,9,5,2010,15.058333333333335,16.75,8.1,11.87
29242,4,10,5,2010,14.583333333333334,16.68,8.01,11.79
29243,4,11,5,2010,14.516666666666666,16.97,8.39,12.12
29244,4,12,5,2010,15.610833333333334,16.71,9.59,12.56
29245,4,13,5,2010,17.48166666666667,14.98,9.45,12.31
29246,4,14,5,2010,18.962500000000002,12.24,8.85,10.9
29247,4,15,5,2010,20.659999999999997,11.89,8.66,10.6
29248,4,16,5,2010,22.295,11.67,8.45,10.4
29249,4,17,5,2010,23.61666666666667,11.64,8.41,10.35
29250,4,18,5,2010,24.793333333333333,12.55,8.89,11.0
29251,4,19,5,2010,25.650833333333328,13.03,9.23,11.45
29252,4,20,5,2010,26.390000000000004,13.09,9.16,11.43
29253,4,21,5,2010,26.88583333333334,13.47,9.3,11.71
29254,4,22,5,2010,26.91,13.5,9.33,11.73
29255,4,23,5,2010,26.517500000000002,12.59,8.53,10.88
29256,5,0,5,2010,24.645833333333332,13.24,6.0200000000000005,9.41
29257,5,1,5,2010,21.609166666666667,13.09,4.42,8.23
29258,5,2,5,2010,20.541666666666668,12.73,4.61,8.68
29259,5,3,5,2010,19.12083333333333,14.21,5.23,8.36
29260,5,4,5,2010,18.875833333333336,15.74,5.93,10.14
29261,5,5,5,2010,17.018333333333338,14.76,5.19,9.03
29262,5,6,5,2010,16.159166666666668,15.02,6.84,10.5
29263,5,7,5,2010,14.703333333333333,13.86,6.04,9.79
29264,5,8,5,2010,13.645000000000001,14.19,5.04,8.64
29265,5,9,5,2010,13.019166666666665,10.1,3.9,7.5
29266,5,10,5,2010,12.488333333333335,12.31,4.39,8.8
29267,5,11,5,2010,11.245,11.9,4.51,8.66
29268,5,12,5,2010,12.193333333333333,10.33,5.5600000000000005,7.9300000000000015
29269,5,13,5,2010,13.374166666666667,9.85,6.1400000000000015,7.49
29270,5,14,5,2010,14.468333333333334,8.27,6.13,7.48
29271,5,15,5,2010,15.449999999999998,7.52,5.61,6.79
29272,5,16,5,2010,16.629166666666666,6.8500000000000005,5.12,6.17
29273,5,17,5,2010,17.575,6.97,5.25,6.29
29274,5,18,5,2010,18.229999999999997,6.8,5.09,6.11
29275,5,19,5,2010,18.8475,7.1400000000000015,5.28,6.3500000000000005
29276,5,20,5,2010,19.324166666666667,7.8,5.7700000000000005,6.99
29277,5,21,5,2010,19.5025,7.8900000000000015,5.76,7.0200000000000005
29278,5,22,5,2010,19.4875,7.84,5.67,6.95
29279,5,23,5,2010,19.264166666666664,7.74,5.48,6.8
29280,6,0,5,2010,17.801666666666666,8.96,4.36,7.08
29281,6,1,5,2010,15.678333333333333,8.81,3.52,7.63
29282,6,2,5,2010,14.71,7.97,2.9,5.41
29283,6,3,5,2010,13.607500000000002,7.97,2.47,5.59
29284,6,4,5,2010,12.702499999999999,7.96,2.37,5.25
29285,6,5,5,2010,11.788333333333336,8.47,2.27,5.37
29286,6,6,5,2010,10.791666666666666,8.58,2.26,5.47
29287,6,7,5,2010,9.6125,8.6,1.78,5.0
29288,6,8,5,2010,8.865,8.57,1.7,4.66
29289,6,9,5,2010,8.623333333333333,10.55,2.14,6.13
29290,6,10,5,2010,8.005,11.66,2.4,6.5
29291,6,11,5,2010,7.129166666666666,11.87,2.53,6.74
29292,6,12,5,2010,8.1775,11.97,4.72,6.94
29293,6,13,5,2010,10.061666666666667,8.69,6.0,7.24
29294,6,14,5,2010,12.038333333333332,8.53,6.45,7.79
29295,6,15,5,2010,13.908333333333331,8.89,6.69,8.09
29296,6,16,5,2010,15.562500000000002,9.37,7.03,8.5
29297,6,17,5,2010,16.790833333333335,9.39,7.05,8.53
29298,6,18,5,2010,18.04,9.32,6.97,8.43
29299,6,19,5,2010,19.09333333333333,9.63,7.1400000000000015,8.67
29300,6,20,5,2010,19.904166666666665,9.69,7.18,8.72
29301,6,21,5,2010,20.6575,9.58,6.99,8.53
29302,6,22,5,2010,20.866666666666667,9.67,6.99,8.620000000000001
29303,6,23,5,2010,20.78,9.6,6.87,8.53
29304,7,0,5,2010,19.799166666666668,9.17,5.89,7.49
29305,7,1,5,2010,17.900833333333335,11.29,5.2,7.87
29306,7,2,5,2010,17.979166666666668,11.33,6.8,9.07
29307,7,3,5,2010,17.013333333333335,11.73,6.47,8.99
29308,7,4,5,2010,16.569166666666668,11.38,6.5200000000000005,8.77
29309,7,5,5,2010,15.975833333333334,10.56,5.6000000000000005,7.79
29310,7,6,5,2010,15.599166666666667,10.76,5.68,7.58
29311,7,7,5,2010,15.565833333333332,9.12,5.3,7.05
29312,7,8,5,2010,12.924166666666665,14.99,9.47,12.51
29313,7,9,5,2010,12.445,14.48,8.82,11.62
29314,7,10,5,2010,11.6475,12.79,7.76,10.08
29315,7,11,5,2010,11.280833333333334,11.47,6.94,9.23
29316,7,12,5,2010,11.136666666666668,10.92,7.09,9.21
29317,7,13,5,2010,11.20583333333333,11.07,7.87,9.78
29318,7,14,5,2010,11.480833333333335,10.82,7.61,9.47
29319,7,15,5,2010,12.614166666666668,11.8,8.33,10.38
29320,7,16,5,2010,12.9775,12.54,8.86,11.05
29321,7,17,5,2010,12.5375,15.9,11.21,14.06
29322,7,18,5,2010,14.524166666666668,13.3,9.49,11.71
29323,7,19,5,2010,15.280833333333334,14.16,9.96,12.35
29324,7,20,5,2010,15.349166666666667,14.97,10.57,13.12
29325,7,21,5,2010,15.343333333333335,15.21,10.68,13.29
29326,7,22,5,2010,15.063333333333333,15.04,10.47,13.04
29327,7,23,5,2010,14.671666666666669,15.57,10.66,13.43
29328,8,0,5,2010,13.573333333333332,16.03,10.11,13.25
29329,8,1,5,2010,12.035833333333334,14.44,7.49,10.43
29330,8,2,5,2010,11.01,13.78,7.0200000000000005,10.12
29331,8,3,5,2010,9.656666666666666,12.98,5.57,8.73
29332,8,4,5,2010,8.561666666666666,12.81,5.61,8.71
29333,8,5,5,2010,7.18,11.89,5.05,8.05
29334,8,6,5,2010,6.735833333333333,12.02,5.21,8.18
29335,8,7,5,2010,6.336666666666666,13.47,6.22,9.36
29336,8,8,5,2010,5.655833333333334,13.32,6.12,9.23
29337,8,9,5,2010,4.9875,13.14,6.13,9.22
29338,8,10,5,2010,4.344166666666667,12.1,5.66,8.55
29339,8,11,5,2010,4.008333333333333,11.67,5.69,8.620000000000001
29340,8,12,5,2010,5.008333333333334,11.84,7.22,9.37
29341,8,13,5,2010,6.253333333333334,10.52,7.33,9.15
29342,8,14,5,2010,7.1450000000000005,9.42,6.72,8.290000000000001
29343,8,15,5,2010,8.126666666666667,8.82,6.44,7.88
29344,8,16,5,2010,9.183333333333334,8.73,6.42,7.82
29345,8,17,5,2010,10.268333333333333,8.620000000000001,6.34,7.71
29346,8,18,5,2010,11.233333333333334,7.86,5.8100000000000005,7.03
29347,8,19,5,2010,12.1025,7.4,5.51,6.6400000000000015
29348,8,20,5,2010,12.846666666666666,6.79,5.0600000000000005,6.1000000000000005
29349,8,21,5,2010,13.388333333333335,5.69,4.28,5.13
29350,8,22,5,2010,13.705833333333333,4.94,3.72,4.46
29351,8,23,5,2010,13.750833333333333,4.6000000000000005,3.4,4.11
29352,9,0,5,2010,13.216666666666669,4.19,3.06,3.74
29353,9,1,5,2010,11.200833333333335,3.93,1.06,2.6
29354,9,2,5,2010,10.176666666666668,3.22,0.76,1.94
29355,9,3,5,2010,9.710833333333333,3.18,0.74,1.93
29356,9,4,5,2010,9.955833333333333,3.3000000000000003,1.14,2.43
29357,9,5,5,2010,9.827499999999999,4.28,1.41,3.1
29358,9,6,5,2010,9.685833333333333,5.18,2.18,3.91
29359,9,7,5,2010,9.575,6.1400000000000015,2.27,4.19
29360,9,8,5,2010,9.388333333333334,7.1400000000000015,2.8000000000000003,4.7700000000000005
29361,9,9,5,2010,9.233333333333334,8.05,3.52,5.55
29362,9,10,5,2010,9.110833333333334,8.2,3.82,5.79
29363,9,11,5,2010,8.791666666666666,7.76,3.52,5.37
29364,9,12,5,2010,8.974166666666667,8.03,4.89,6.17
29365,9,13,5,2010,9.724166666666667,8.11,5.94,7.28
29366,9,14,5,2010,11.013333333333334,7.98,5.95,7.19
29367,9,15,5,2010,10.904166666666667,7.44,5.76,6.9
29368,9,16,5,2010,12.135833333333332,7.96,5.92,7.18
29369,9,17,5,2010,13.192500000000003,9.07,6.76,8.19
29370,9,18,5,2010,14.0875,9.19,6.87,8.32
29371,9,19,5,2010,14.092500000000001,9.3,6.95,8.42
29372,9,20,5,2010,14.024166666666668,9.04,6.72,8.16
29373,9,21,5,2010,14.162500000000001,9.18,6.8100000000000005,8.3
29374,9,22,5,2010,14.208333333333334,10.48,7.47,9.31
29375,9,23,5,2010,13.97,10.27,7.32,9.11
29376,10,0,5,2010,13.205,9.88,7.11,8.83
29377,10,1,5,2010,11.38,10.36,4.79,7.15
29378,10,2,5,2010,10.845833333333333,11.55,6.1000000000000005,8.76
29379,10,3,5,2010,11.793333333333331,11.52,6.92,9.06
29380,10,4,5,2010,12.460833333333333,11.51,7.24,9.49
29381,10,5,5,2010,12.474166666666667,11.22,7.05,9.25
29382,10,6,5,2010,12.100833333333334,9.77,5.89,7.85
29383,10,7,5,2010,12.348333333333334,10.78,6.72,8.84
29384,10,8,5,2010,12.101666666666667,11.2,7.03,9.25
29385,10,9,5,2010,12.209999999999999,10.72,6.67,8.8
29386,10,10,5,2010,11.689166666666667,11.37,7.22,9.46
29387,10,11,5,2010,11.061666666666666,12.84,7.98,10.53
29388,10,12,5,2010,10.099166666666667,13.58,8.46,11.15
29389,10,13,5,2010,9.099166666666667,14.77,9.69,12.45
29390,10,14,5,2010,8.65,14.08,9.18,11.66
29391,10,15,5,2010,8.3775,15.5,11.11,13.75
29392,10,16,5,2010,8.425833333333333,15.17,10.57,13.21
29393,10,17,5,2010,8.669166666666666,14.54,10.18,12.69
29394,10,18,5,2010,9.18,14.9,10.75,13.33
29395,10,19,5,2010,9.2225,14.05,9.91,12.31
29396,10,20,5,2010,9.373333333333333,12.34,7.78,9.93
29397,10,21,5,2010,9.989166666666668,14.89,9.48,12.08
29398,10,22,5,2010,9.995833333333334,14.8,8.97,11.65
29399,10,23,5,2010,10.650833333333333,14.99,9.63,12.43
29400,11,0,5,2010,10.5825,17.2,11.54,14.75
29401,11,1,5,2010,10.984166666666667,14.43,8.96,11.85
29402,11,2,5,2010,10.731666666666667,13.82,9.42,11.93
29403,11,3,5,2010,9.9975,6.62,3.02,4.55
29404,11,4,5,2010,9.014166666666666,8.53,2.02,5.21
29405,11,5,5,2010,9.373333333333333,8.44,4.0600000000000005,6.32
29406,11,6,5,2010,9.464166666666666,9.21,4.09,6.94
29407,11,7,5,2010,9.300833333333335,9.51,4.16,7.16
29408,11,8,5,2010,8.505833333333333,7.51,4.42,5.76
29409,11,9,5,2010,9.516666666666667,7.81,5.17,6.63
29410,11,10,5,2010,9.349166666666665,7.86,4.5,6.0600000000000005
29411,11,11,5,2010,10.079166666666666,7.69,4.3,5.88
29412,11,12,5,2010,10.441666666666668,7.42,4.42,5.88
29413,11,13,5,2010,10.732500000000002,7.23,4.8,5.88
29414,11,14,5,2010,11.435,6.88,5.12,6.22
29415,11,15,5,2010,12.938333333333334,6.75,4.89,5.98
29416,11,16,5,2010,13.909166666666664,7.42,5.58,6.72
29417,11,17,5,2010,14.536666666666667,7.32,5.49,6.62
29418,11,18,5,2010,15.254166666666665,5.82,4.69,5.51
29419,11,19,5,2010,14.9525,6.21,5.19,6.1000000000000005
29420,11,20,5,2010,14.949166666666668,6.63,5.09,6.11
29421,11,21,5,2010,14.57333333333333,7.25,5.76,6.8500000000000005
29422,11,22,5,2010,14.563333333333334,5.4,4.19,4.99
29423,11,23,5,2010,13.772499999999999,8.05,5.93,7.35
29424,12,0,5,2010,12.755,7.8,5.57,6.99
29425,12,1,5,2010,11.056666666666665,9.52,4.01,7.0200000000000005
29426,12,2,5,2010,9.746666666666666,9.87,4.29,7.13
29427,12,3,5,2010,9.003333333333334,10.49,4.73,7.32
29428,12,4,5,2010,8.525,10.88,5.2700000000000005,7.66
29429,12,5,5,2010,8.273333333333333,10.38,5.09,7.3900000000000015
29430,12,6,5,2010,8.843333333333332,9.82,5.8500000000000005,7.51
29431,12,7,5,2010,8.895000000000001,9.54,5.89,7.53
29432,12,8,5,2010,8.771666666666668,11.62,7.38,10.12
29433,12,9,5,2010,8.6175,11.74,7.63,10.13
29434,12,10,5,2010,8.330833333333334,15.44,10.55,13.34
29435,12,11,5,2010,8.256666666666668,12.1,8.15,10.39
29436,12,12,5,2010,8.229166666666666,9.09,5.8100000000000005,7.58
29437,12,13,5,2010,8.350000000000001,8.4,6.21,7.59
29438,12,14,5,2010,8.7175,8.91,6.55,8.0
29439,12,15,5,2010,9.2875,9.76,7.37,8.94
29440,12,16,5,2010,9.930833333333332,8.66,6.49,7.9
29441,12,17,5,2010,11.157499999999999,7.67,5.91,7.1000000000000005
29442,12,18,5,2010,13.380833333333333,7.05,5.64,6.65
29443,12,19,5,2010,14.810000000000002,6.38,4.97,5.95
29444,12,20,5,2010,15.993333333333332,6.6000000000000005,5.11,6.09
29445,12,21,5,2010,17.174166666666665,7.35,5.67,6.71
29446,12,22,5,2010,16.977500000000003,6.97,4.98,6.1000000000000005
29447,12,23,5,2010,15.516666666666666,6.34,5.05,5.91
29448,13,0,5,2010,14.340833333333334,9.35,6.03,7.69
29449,13,1,5,2010,12.165833333333333,7.61,5.0600000000000005,6.49
29450,13,2,5,2010,11.226666666666667,7.32,5.01,6.34
29451,13,3,5,2010,10.218333333333334,11.77,7.68,9.83
29452,13,4,5,2010,9.425,11.38,7.12,9.22
29453,13,5,5,2010,9.3225,8.040000000000001,5.34,6.68
29454,13,6,5,2010,8.965833333333332,8.67,5.8100000000000005,7.34
29455,13,7,5,2010,8.930000000000001,6.2,4.2700000000000005,5.29
29456,13,8,5,2010,8.618333333333334,8.57,5.87,7.36
29457,13,9,5,2010,8.516666666666664,8.07,5.34,6.68
29458,13,10,5,2010,8.395833333333334,9.24,5.8500000000000005,7.58
29459,13,11,5,2010,8.228333333333333,8.18,4.86,6.5200000000000005
29460,13,12,5,2010,8.106666666666667,9.12,5.64,7.43
29461,13,13,5,2010,8.183333333333334,8.66,5.98,7.49
29462,13,14,5,2010,8.493333333333334,8.92,6.44,7.98
29463,13,15,5,2010,9.505,7.77,5.74,7.03
29464,13,16,5,2010,10.96,6.83,5.13,6.2
29465,13,17,5,2010,12.221666666666666,6.4,4.75,5.7700000000000005
29466,13,18,5,2010,13.48916666666667,7.17,5.58,6.62
29467,13,19,5,2010,14.780833333333334,5.99,4.54,5.41
29468,13,20,5,2010,16.2675,6.13,4.62,5.5600000000000005
29469,13,21,5,2010,16.999166666666667,6.55,4.9,5.91
29470,13,22,5,2010,17.258333333333336,6.8500000000000005,5.0200000000000005,6.15
29471,13,23,5,2010,17.13083333333333,7.11,5.12,6.37
29472,14,0,5,2010,16.2225,7.19,5.12,6.44
29473,14,1,5,2010,14.021666666666667,8.11,3.2,6.34
29474,14,2,5,2010,12.948333333333332,7.82,2.95,6.03
29475,14,3,5,2010,12.611666666666666,5.5,2.53,4.92
29476,14,4,5,2010,11.396666666666667,5.6000000000000005,2.5500000000000003,4.58
29477,14,5,5,2010,10.763333333333334,4.9,3.01,4.59
29478,14,6,5,2010,9.994166666666667,5.69,3.25,5.13
29479,14,7,5,2010,9.361666666666666,5.15,3.11,4.74
29480,14,8,5,2010,9.046666666666667,5.13,2.86,4.47
29481,14,9,5,2010,8.844166666666668,4.71,2.81,4.3500000000000005
29482,14,10,5,2010,8.6375,3.61,2.18,3.28
29483,14,11,5,2010,8.475833333333332,4.03,2.34,3.63
29484,14,12,5,2010,9.440000000000001,3.37,2.27,3.18
29485,14,13,5,2010,12.204166666666666,2.59,1.7,1.9
29486,14,14,5,2010,14.485833333333334,1.88,1.51,1.75
29487,14,15,5,2010,15.714166666666666,2.15,1.72,1.99
29488,14,16,5,2010,16.514166666666668,2.19,1.81,2.08
29489,14,17,5,2010,17.308333333333334,1.89,1.61,1.83
29490,14,18,5,2010,18.157500000000002,2.0,1.68,1.9
29491,14,19,5,2010,18.917499999999997,1.93,1.63,1.85
29492,14,20,5,2010,19.569166666666668,2.01,1.75,1.97
29493,14,21,5,2010,19.96333333333333,2.38,2.08,2.34
29494,14,22,5,2010,20.155833333333334,2.51,2.03,2.36
29495,14,23,5,2010,20.049999999999997,3.44,2.73,3.23
29496,15,0,5,2010,19.348333333333336,3.13,2.3000000000000003,2.8000000000000003
29497,15,1,5,2010,17.09,4.17,1.23,2.41
29498,15,2,5,2010,15.506666666666668,3.93,1.09,2.53
29499,15,3,5,2010,14.684166666666668,4.32,1.0,2.42
29500,15,4,5,2010,13.744166666666667,4.47,1.03,2.56
29501,15,5,5,2010,12.8775,4.97,1.26,2.93
29502,15,6,5,2010,11.970833333333331,6.0600000000000005,1.63,3.92
29503,15,7,5,2010,11.435,6.1000000000000005,1.68,4.03
29504,15,8,5,2010,10.665000000000001,6.44,1.62,4.16
29505,15,9,5,2010,9.785833333333334,6.9,1.46,4.0
29506,15,10,5,2010,9.3075,7.27,1.83,4.89
29507,15,11,5,2010,8.818333333333333,7.78,1.91,4.99
29508,15,12,5,2010,9.95,7.74,2.78,4.5600000000000005
29509,15,13,5,2010,12.297500000000001,6.87,3.61,4.3500000000000005
29510,15,14,5,2010,14.78333333333333,5.8500000000000005,4.34,5.2700000000000005
29511,15,15,5,2010,16.465,7.48,5.61,6.8
29512,15,16,5,2010,17.495,7.72,5.83,7.05
29513,15,17,5,2010,18.413333333333334,7.22,5.51,6.63
29514,15,18,5,2010,19.015,6.86,5.23,6.2700000000000005
29515,15,19,5,2010,19.5225,7.05,5.37,6.47
29516,15,20,5,2010,19.724166666666665,7.3900000000000015,5.67,6.8100000000000005
29517,15,21,5,2010,18.718333333333334,7.37,5.66,6.79
29518,15,22,5,2010,17.305833333333336,6.53,4.98,6.0200000000000005
29519,15,23,5,2010,17.630000000000003,4.97,3.7,4.49
29520,16,0,5,2010,16.93916666666667,4.29,2.7,3.45
29521,16,1,5,2010,15.065,8.58,3.0500000000000003,5.83
29522,16,2,5,2010,13.443333333333333,9.59,3.67,6.61
29523,16,3,5,2010,12.578333333333335,11.76,4.33,7.69
29524,16,4,5,2010,12.129166666666668,11.48,4.9,7.96
29525,16,5,5,2010,11.23166666666667,10.75,3.86,6.97
29526,16,6,5,2010,10.373333333333333,8.47,2.21,5.5200000000000005
29527,16,7,5,2010,10.035,7.01,1.47,3.78
29528,16,8,5,2010,11.146666666666668,5.42,2.81,3.96
29529,16,9,5,2010,11.620833333333335,5.29,3.2,4.14
29530,16,10,5,2010,11.505,4.94,3.1,4.0
29531,16,11,5,2010,11.680833333333334,4.94,2.95,3.97
29532,16,12,5,2010,11.766666666666667,4.88,3.16,4.11
29533,16,13,5,2010,11.820833333333335,4.86,3.12,4.05
29534,16,14,5,2010,11.87,4.05,3.06,3.7
29535,16,15,5,2010,12.021666666666667,4.03,3.17,3.8
29536,16,16,5,2010,12.336666666666666,3.97,3.19,3.78
29537,16,17,5,2010,12.465000000000002,4.44,3.48,4.18
29538,16,18,5,2010,12.6875,4.59,3.62,4.34
29539,16,19,5,2010,12.70833333333333,5.2,4.0200000000000005,4.8500000000000005
29540,16,20,5,2010,12.754166666666665,5.3100000000000005,4.07,4.94
29541,16,21,5,2010,12.694999999999999,4.7700000000000005,3.63,4.41
29542,16,22,5,2010,12.67416666666667,3.15,2.24,2.77
29543,16,23,5,2010,12.529166666666667,4.7,2.38,3.42
29544,17,0,5,2010,12.255833333333333,4.76,2.37,3.44
29545,17,1,5,2010,11.919166666666667,4.89,2.75,3.77
29546,17,2,5,2010,11.705833333333333,4.9,2.96,3.93
29547,17,3,5,2010,11.3925,4.39,2.47,3.33
29548,17,4,5,2010,11.272499999999999,3.68,2.1,2.87
29549,17,5,5,2010,11.319166666666666,4.15,2.4,3.28
29550,17,6,5,2010,11.387500000000001,4.18,2.01,2.92
29551,17,7,5,2010,11.433333333333335,4.62,2.44,3.52
29552,17,8,5,2010,11.3425,4.12,2.76,3.7
29553,17,9,5,2010,11.261666666666665,4.8500000000000005,2.86,3.94
29554,17,10,5,2010,11.061666666666667,5.88,3.3200000000000003,4.6000000000000005
29555,17,11,5,2010,10.919166666666664,6.26,3.52,4.84
29556,17,12,5,2010,10.899166666666668,6.19,3.75,4.88
29557,17,13,5,2010,11.010833333333332,6.0200000000000005,4.28,5.3100000000000005
29558,17,14,5,2010,11.413333333333334,6.1000000000000005,4.58,5.6000000000000005
29559,17,15,5,2010,11.748333333333333,5.7,4.32,5.25
29560,17,16,5,2010,11.980833333333335,5.37,4.05,4.94
29561,17,17,5,2010,12.568333333333333,4.83,3.6,4.39
29562,17,18,5,2010,13.304166666666669,4.37,3.2,3.88
29563,17,19,5,2010,15.539166666666668,4.8500000000000005,3.68,4.4
29564,17,20,5,2010,17.003333333333334,3.85,3.0500000000000003,3.58
29565,17,21,5,2010,17.467499999999998,3.8,3.17,3.66
29566,17,22,5,2010,17.84166666666667,3.43,2.81,3.26
29567,17,23,5,2010,18.160833333333333,3.6,2.69,3.26
29568,18,0,5,2010,17.843333333333337,3.45,2.57,3.15
29569,18,1,5,2010,16.106666666666666,2.62,1.02,2.19
29570,18,2,5,2010,14.561666666666667,2.07,0.84,1.47
29571,18,3,5,2010,13.957499999999998,1.77,1.22,1.8
29572,18,4,5,2010,13.380833333333333,1.65,1.72,1.99
29573,18,5,5,2010,13.089166666666664,2.01,2.07,2.39
29574,18,6,5,2010,12.615833333333335,2.82,2.74,3.77
29575,18,7,5,2010,11.974166666666667,4.8,3.69,5.44
29576,18,8,5,2010,11.0575,5.4,3.72,5.62
29577,18,9,5,2010,10.817499999999997,5.63,3.7,5.69
29578,18,10,5,2010,10.343333333333335,5.32,3.69,5.59
29579,18,11,5,2010,10.477500000000001,4.88,3.34,5.17
29580,18,12,5,2010,11.769166666666665,4.76,3.46,4.97
29581,18,13,5,2010,14.03,3.78,2.21,2.42
29582,18,14,5,2010,15.872500000000002,2.2,1.81,2.1
29583,18,15,5,2010,17.230833333333333,1.38,1.19,1.34
29584,18,16,5,2010,18.343333333333334,1.14,1.05,1.14
29585,18,17,5,2010,19.1975,1.69,1.59,1.72
29586,18,18,5,2010,19.85166666666667,1.68,1.59,1.72
29587,18,19,5,2010,20.579166666666666,2.82,2.32,2.68
29588,18,20,5,2010,20.85,4.05,3.56,4.03
29589,18,21,5,2010,21.224999999999998,3.09,2.61,2.99
29590,18,22,5,2010,21.299166666666668,5.41,4.43,5.21
29591,18,23,5,2010,21.111666666666665,4.19,3.2,3.86
29592,19,0,5,2010,20.488333333333333,5.15,2.99,4.2700000000000005
29593,19,1,5,2010,18.600833333333334,6.33,3.14,5.63
29594,19,2,5,2010,17.284166666666668,6.8900000000000015,3.48,5.99
29595,19,3,5,2010,16.267500000000002,8.0,3.88,6.95
29596,19,4,5,2010,15.854166666666664,8.19,4.09,6.96
29597,19,5,5,2010,15.46583333333333,7.6400000000000015,4.09,6.87
29598,19,6,5,2010,14.101666666666667,7.66,3.17,6.2700000000000005
29599,19,7,5,2010,13.816666666666665,8.86,3.86,7.1000000000000005
29600,19,8,5,2010,13.035000000000004,9.59,3.76,7.11
29601,19,9,5,2010,12.029166666666667,9.66,3.09,6.8
29602,19,10,5,2010,11.751666666666667,9.66,2.95,6.69
29603,19,11,5,2010,11.45583333333333,9.94,3.17,6.18
29604,19,12,5,2010,13.353333333333332,9.98,4.67,6.47
29605,19,13,5,2010,14.934166666666668,8.6,5.36,6.5600000000000005
29606,19,14,5,2010,17.085833333333333,8.84,6.43,7.92
29607,19,15,5,2010,18.55666666666667,10.09,7.35,9.07
29608,19,16,5,2010,19.386666666666667,10.03,7.34,9.04
29609,19,17,5,2010,20.19,10.68,7.76,9.59
29610,19,18,5,2010,20.79583333333333,11.36,8.22,10.2
29611,19,19,5,2010,21.205,11.78,8.540000000000001,10.59
29612,19,20,5,2010,21.397499999999997,11.54,8.3,10.33
29613,19,21,5,2010,21.20916666666667,11.2,7.96,9.92
29614,19,22,5,2010,20.071666666666665,11.52,7.87,10.1
29615,19,23,5,2010,16.9375,11.28,7.15,9.23
29616,20,0,5,2010,16.282500000000002,10.34,4.8500000000000005,7.32
29617,20,1,5,2010,16.388333333333332,8.93,4.21,6.3500000000000005
29618,20,2,5,2010,16.340833333333336,9.89,5.28,7.67
29619,20,3,5,2010,16.04,9.21,4.94,7.22
29620,20,4,5,2010,15.129999999999997,8.94,5.14,6.92
29621,20,5,5,2010,14.701666666666666,11.02,6.7700000000000005,9.02
29622,20,6,5,2010,14.472499999999998,11.23,6.96,9.24
29623,20,7,5,2010,14.152499999999998,12.58,8.040000000000001,10.56
29624,20,8,5,2010,14.151666666666666,12.0,7.65,10.05
29625,20,9,5,2010,13.984166666666665,10.85,6.95,9.12
29626,20,10,5,2010,14.115,10.24,6.5200000000000005,8.59
29627,20,11,5,2010,14.210833333333333,11.09,7.1400000000000015,9.33
29628,20,12,5,2010,14.138333333333335,9.87,6.24,8.21
29629,20,13,5,2010,14.03416666666667,9.28,5.86,7.74
29630,20,14,5,2010,14.256666666666666,9.34,5.97,7.82
29631,20,15,5,2010,14.4375,8.01,5.26,6.63
29632,20,16,5,2010,14.835,7.6400000000000015,5.53,6.86
29633,20,17,5,2010,15.3425,7.23,5.39,6.63
29634,20,18,5,2010,15.475,5.14,3.72,4.53
29635,20,19,5,2010,16.074166666666667,6.8100000000000005,4.84,6.09
29636,20,20,5,2010,15.976666666666665,7.61,4.82,6.37
29637,20,21,5,2010,15.339166666666669,7.31,5.1000000000000005,6.3900000000000015
29638,20,22,5,2010,14.85666666666667,7.2,5.07,6.34
29639,20,23,5,2010,14.699166666666665,6.41,4.16,5.41
29640,21,0,5,2010,14.375833333333333,6.5600000000000005,4.24,5.53
29641,21,1,5,2010,13.848333333333334,6.28,3.83,5.12
29642,21,2,5,2010,13.684166666666664,5.78,3.4,4.57
29643,21,3,5,2010,13.726666666666667,5.12,3.06,4.11
29644,21,4,5,2010,13.584999999999999,5.23,3.16,4.23
29645,21,5,5,2010,13.36166666666667,4.72,2.85,3.74
29646,21,6,5,2010,13.2425,4.3100000000000005,2.49,3.47
29647,21,7,5,2010,12.959166666666667,5.14,3.16,4.2
29648,21,8,5,2010,13.01,5.11,3.21,4.19
29649,21,9,5,2010,13.018333333333336,4.64,2.76,3.71
29650,21,10,5,2010,12.881666666666668,5.41,3.4,4.46
29651,21,11,5,2010,12.771666666666667,5.87,3.46,4.66
29652,21,12,5,2010,13.141666666666666,5.9,3.87,4.8100000000000005
29653,21,13,5,2010,13.870833333333335,5.83,4.34,5.29
29654,21,14,5,2010,15.097499999999998,6.1000000000000005,4.66,5.63
29655,21,15,5,2010,15.799166666666666,4.76,3.49,4.28
29656,21,16,5,2010,17.0425,3.88,2.95,3.52
29657,21,17,5,2010,17.555,4.21,3.28,3.93
29658,21,18,5,2010,18.424999999999997,4.3,3.43,4.07
29659,21,19,5,2010,19.689166666666665,2.71,2.2,2.5500000000000003
29660,21,20,5,2010,20.611666666666668,2.96,2.47,2.84
29661,21,21,5,2010,21.308333333333337,2.72,2.15,2.51
29662,21,22,5,2010,21.6725,3.2,2.63,3.06
29663,21,23,5,2010,21.75916666666667,3.17,2.62,3.03
29664,22,0,5,2010,21.394166666666663,3.95,2.73,3.44
29665,22,1,5,2010,19.616666666666667,4.87,2.37,4.3100000000000005
29666,22,2,5,2010,18.5575,6.45,3.23,5.74
29667,22,3,5,2010,17.299166666666668,8.68,3.87,6.95
29668,22,4,5,2010,16.532500000000002,9.64,4.3500000000000005,7.6400000000000015
29669,22,5,5,2010,16.304166666666667,10.94,4.8100000000000005,7.94
29670,22,6,5,2010,16.0625,11.9,4.93,8.06
29671,22,7,5,2010,15.663333333333332,12.39,4.99,8.06
29672,22,8,5,2010,15.741666666666667,13.31,6.92,9.86
29673,22,9,5,2010,15.9225,13.36,7.01,9.95
29674,22,10,5,2010,15.986666666666666,13.88,7.61,10.53
29675,22,11,5,2010,17.355,13.66,8.21,10.95
29676,22,12,5,2010,18.919999999999998,14.47,9.2,12.02
29677,22,13,5,2010,19.992500000000003,13.12,9.17,11.38
29678,22,14,5,2010,20.86416666666667,12.77,8.73,11.01
29679,22,15,5,2010,22.18083333333333,13.34,9.63,11.94
29680,22,16,5,2010,24.7075,14.35,10.21,12.71
29681,22,17,5,2010,26.4075,14.31,10.14,12.66
29682,22,18,5,2010,27.665000000000003,15.27,10.75,13.46
29683,22,19,5,2010,28.580000000000002,15.79,11.09,13.93
29684,22,20,5,2010,29.11,15.94,11.19,14.07
29685,22,21,5,2010,29.272499999999997,16.56,11.51,14.54
29686,22,22,5,2010,29.153333333333336,17.39,12.04,15.26
29687,22,23,5,2010,28.597499999999997,16.09,11.08,14.07
29688,23,0,5,2010,27.290833333333335,17.740000000000006,10.77,14.45
29689,23,1,5,2010,25.805000000000003,17.77,10.04,13.89
29690,23,2,5,2010,24.776666666666667,18.4,10.58,14.45
29691,23,3,5,2010,24.206666666666667,18.93,11.24,15.16
29692,23,4,5,2010,23.655833333333334,18.78,11.19,15.07
29693,23,5,5,2010,23.253333333333334,18.01,10.77,14.49
29694,23,6,5,2010,22.98166666666667,17.75,10.58,14.25
29695,23,7,5,2010,22.59,17.5,10.38,14.0
29696,23,8,5,2010,22.58666666666667,17.86,10.59,14.29
29697,23,9,5,2010,22.4025,16.87,9.8,13.35
29698,23,10,5,2010,22.22,17.6,10.41,14.11
29699,23,11,5,2010,22.25916666666667,17.400000000000002,10.59,14.09
29700,23,12,5,2010,23.031666666666666,16.92,10.46,13.91
29701,23,13,5,2010,24.041666666666668,14.0,9.75,12.24
29702,23,14,5,2010,25.340000000000003,12.77,9.23,11.49
29703,23,15,5,2010,26.924166666666668,12.12,8.61,10.77
29704,23,16,5,2010,28.145,11.18,7.88,9.87
29705,23,17,5,2010,29.180833333333336,10.01,7.16,8.88
29706,23,18,5,2010,30.073333333333334,10.89,7.81,9.7
29707,23,19,5,2010,30.83916666666667,10.61,7.57,9.42
29708,23,20,5,2010,31.18166666666667,12.15,8.78,10.94
29709,23,21,5,2010,30.760833333333338,12.76,9.07,11.39
29710,23,22,5,2010,30.608333333333334,13.09,9.14,11.6
29711,23,23,5,2010,30.206666666666667,13.32,9.27,11.82
29712,24,0,5,2010,28.970833333333335,12.22,7.71,10.21
29713,24,1,5,2010,27.573333333333334,15.47,8.56,12.0
29714,24,2,5,2010,26.34,14.37,7.73,10.94
29715,24,3,5,2010,25.30416666666667,16.41,9.36,12.91
29716,24,4,5,2010,24.406666666666666,16.15,9.06,12.57
29717,24,5,5,2010,23.63416666666667,15.23,8.2,11.55
29718,24,6,5,2010,23.018333333333334,15.01,7.88,11.25
29719,24,7,5,2010,22.371666666666666,14.35,7.21,10.51
29720,24,8,5,2010,22.221666666666668,14.49,7.37,10.66
29721,24,9,5,2010,21.575833333333332,13.75,6.96,10.13
29722,24,10,5,2010,21.318333333333328,14.23,7.57,10.72
29723,24,11,5,2010,21.105833333333333,13.17,7.45,10.19
29724,24,12,5,2010,22.340833333333336,13.73,8.53,11.32
29725,24,13,5,2010,23.575000000000003,11.45,7.05,8.92
29726,24,14,5,2010,24.784166666666664,10.12,7.5,9.22
29727,24,15,5,2010,26.071666666666662,10.93,7.96,9.85
29728,24,16,5,2010,27.294999999999998,11.35,8.09,10.1
29729,24,17,5,2010,28.200000000000003,12.43,8.84,11.05
29730,24,18,5,2010,28.87083333333334,12.59,8.92,11.2
29731,24,19,5,2010,29.53166666666667,12.66,8.94,11.19
29732,24,20,5,2010,30.034166666666668,12.9,9.0,11.35
29733,24,21,5,2010,30.201666666666664,14.38,10.03,12.78
29734,24,22,5,2010,30.070000000000004,14.86,10.36,13.17
29735,24,23,5,2010,29.55,12.87,8.8,11.26
29736,25,0,5,2010,28.23833333333333,13.82,7.9300000000000015,10.93
29737,25,1,5,2010,26.595000000000002,15.09,7.34,11.06
29738,25,2,5,2010,25.37,14.82,6.98,10.52
29739,25,3,5,2010,24.78833333333333,13.45,6.57,9.74
29740,25,4,5,2010,24.096666666666668,11.77,5.21,8.08
29741,25,5,5,2010,23.504166666666666,12.31,5.33,8.24
29742,25,6,5,2010,22.81833333333333,13.13,7.87,10.75
29743,25,7,5,2010,19.78,10.72,5.8500000000000005,8.15
29744,25,8,5,2010,18.515833333333333,7.72,2.73,5.43
29745,25,9,5,2010,18.246666666666666,4.51,2.72,5.61
29746,25,10,5,2010,17.985833333333336,5.54,2.24,5.69
29747,25,11,5,2010,18.04666666666667,4.88,2.69,3.82
29748,25,12,5,2010,19.385833333333334,2.6,1.86,2.31
29749,25,13,5,2010,21.47083333333333,2.27,1.7,2.04
29750,25,14,5,2010,22.711666666666662,2.76,2.37,2.7
29751,25,15,5,2010,23.950833333333332,2.61,2.19,2.51
29752,25,16,5,2010,25.234999999999996,2.48,2.06,2.36
29753,25,17,5,2010,26.215833333333332,1.35,1.17,1.31
29754,25,18,5,2010,27.132499999999993,0.7000000000000001,0.67,0.72
29755,25,19,5,2010,27.96916666666667,1.24,1.01,1.16
29756,25,20,5,2010,28.409999999999997,3.21,2.94,3.27
29757,25,21,5,2010,28.5175,6.0,4.48,5.5
29758,25,22,5,2010,27.0575,6.3,4.61,5.66
29759,25,23,5,2010,25.4375,6.16,4.37,5.28
29760,26,0,5,2010,24.501666666666665,4.12,3.27,3.84
29761,26,1,5,2010,23.352499999999996,5.32,3.53,5.0200000000000005
29762,26,2,5,2010,21.361666666666665,6.67,2.96,5.58
29763,26,3,5,2010,20.90416666666667,8.24,3.62,5.83
29764,26,4,5,2010,20.674166666666665,7.2,2.74,4.82
29765,26,5,5,2010,20.0825,5.19,2.52,4.29
29766,26,6,5,2010,19.786666666666665,4.2700000000000005,2.99,4.61
29767,26,7,5,2010,19.57666666666667,2.29,2.43,3.83
29768,26,8,5,2010,19.350000000000005,3.2,2.29,3.74
29769,26,9,5,2010,18.622500000000002,2.72,1.76,2.5500000000000003
29770,26,10,5,2010,18.111666666666668,8.75,5.36,6.97
29771,26,11,5,2010,18.467499999999998,8.870000000000003,4.41,6.46
29772,26,12,5,2010,19.180833333333332,8.02,4.5200000000000005,6.3500000000000005
29773,26,13,5,2010,20.595833333333335,3.21,2.81,3.2
29774,26,14,5,2010,22.111666666666668,3.27,2.67,3.1
29775,26,15,5,2010,23.51833333333333,3.39,2.77,3.22
29776,26,16,5,2010,24.82166666666667,3.94,3.13,3.67
29777,26,17,5,2010,25.881666666666664,4.04,3.21,3.77
29778,26,18,5,2010,26.144166666666667,5.46,4.08,5.01
29779,26,19,5,2010,27.015,5.29,4.25,5.01
29780,26,20,5,2010,27.702499999999997,5.55,4.46,5.22
29781,26,21,5,2010,26.689166666666665,12.18,8.73,10.91
29782,26,22,5,2010,21.840000000000003,12.58,9.07,11.23
29783,26,23,5,2010,21.282500000000002,7.28,4.42,5.78
29784,27,0,5,2010,21.97583333333333,9.09,6.25,7.86
29785,27,1,5,2010,19.400000000000002,5.73,3.48,4.23
29786,27,2,5,2010,19.610000000000003,5.29,1.89,3.85
29787,27,3,5,2010,19.27166666666667,5.28,2.17,4.07
29788,27,4,5,2010,19.5825,5.16,1.72,3.6
29789,27,5,5,2010,19.033333333333335,5.65,2.07,4.16
29790,27,6,5,2010,18.776666666666667,4.48,1.76,3.51
29791,27,7,5,2010,18.170833333333338,4.05,1.62,3.24
29792,27,8,5,2010,17.74,5.34,2.2,4.08
29793,27,9,5,2010,17.59416666666667,4.82,1.75,3.45
29794,27,10,5,2010,17.045,4.74,1.77,3.44
29795,27,11,5,2010,16.639166666666668,5.03,2.23,3.75
29796,27,12,5,2010,17.560000000000002,4.89,2.76,3.28
29797,27,13,5,2010,19.341666666666665,4.33,2.71,3.12
29798,27,14,5,2010,21.489166666666666,2.98,2.31,2.72
29799,27,15,5,2010,23.349999999999998,3.48,2.69,3.19
29800,27,16,5,2010,24.790000000000003,3.66,2.88,3.39
29801,27,17,5,2010,25.809166666666666,3.96,3.13,3.67
29802,27,18,5,2010,26.61083333333333,4.03,3.2,3.76
29803,27,19,5,2010,27.347500000000007,4.0,3.18,3.73
29804,27,20,5,2010,27.9375,4.01,3.28,3.8
29805,27,21,5,2010,28.325833333333332,4.39,3.39,4.03
29806,27,22,5,2010,28.457499999999996,4.47,3.47,4.13
29807,27,23,5,2010,28.275833333333335,4.57,3.3000000000000003,4.12
29808,28,0,5,2010,27.30333333333333,4.78,3.19,4.17
29809,28,1,5,2010,24.8925,7.01,2.74,5.92
29810,28,2,5,2010,22.769166666666667,6.54,2.07,4.96
29811,28,3,5,2010,21.820833333333336,10.08,2.36,5.91
29812,28,4,5,2010,20.57333333333333,10.73,2.29,6.26
29813,28,5,5,2010,20.071666666666665,9.25,2.4,6.3500000000000005
29814,28,6,5,2010,19.39916666666667,8.73,2.2,5.84
29815,28,7,5,2010,18.60833333333333,6.88,2.33,5.11
29816,28,8,5,2010,17.825000000000003,6.51,2.07,5.12
29817,28,9,5,2010,17.058333333333334,5.76,2.08,4.14
29818,28,10,5,2010,16.91,5.6000000000000005,2.44,4.49
29819,28,11,5,2010,16.461666666666666,5.88,2.63,4.82
29820,28,12,5,2010,17.3725,6.11,2.79,4.58
29821,28,13,5,2010,19.564999999999998,5.09,2.48,2.84
29822,28,14,5,2010,21.757500000000004,3.64,2.99,3.46
29823,28,15,5,2010,23.772499999999997,3.7,3.0,3.51
29824,28,16,5,2010,25.24416666666667,4.04,3.17,3.75
29825,28,17,5,2010,26.19416666666667,3.38,2.7,3.16
29826,28,18,5,2010,27.075000000000003,3.64,2.95,3.44
29827,28,19,5,2010,27.731666666666666,3.78,3.09,3.59
29828,28,20,5,2010,28.215,3.84,3.12,3.64
29829,28,21,5,2010,28.441666666666666,3.89,3.15,3.68
29830,28,22,5,2010,28.508333333333336,3.71,3.01,3.52
29831,28,23,5,2010,28.324166666666667,4.16,3.19,3.91
29832,29,0,5,2010,27.391666666666666,5.16,2.76,4.43
29833,29,1,5,2010,24.895833333333332,6.44,2.92,5.64
29834,29,2,5,2010,23.253333333333334,7.03,3.54,6.79
29835,29,3,5,2010,22.265,9.15,3.78,7.56
29836,29,4,5,2010,21.16833333333333,10.46,3.92,7.98
29837,29,5,5,2010,20.724166666666665,10.98,4.21,8.18
29838,29,6,5,2010,20.0525,12.55,4.33,8.36
29839,29,7,5,2010,19.3225,12.89,4.75,8.5
29840,29,8,5,2010,18.980833333333333,12.21,4.99,8.49
29841,29,9,5,2010,18.786666666666665,12.64,5.36,8.84
29842,29,10,5,2010,18.4975,12.33,5.5200000000000005,8.94
29843,29,11,5,2010,18.475,11.66,5.73,8.81
29844,29,12,5,2010,19.335,10.77,5.7,8.08
29845,29,13,5,2010,20.724166666666665,8.8,5.41,6.5600000000000005
29846,29,14,5,2010,22.59583333333333,7.58,5.68,6.92
29847,29,15,5,2010,24.338333333333335,7.82,5.83,7.13
29848,29,16,5,2010,25.658333333333335,7.43,5.49,6.74
29849,29,17,5,2010,26.470833333333335,7.1400000000000015,5.32,6.49
29850,29,18,5,2010,27.155833333333334,6.92,5.19,6.3
29851,29,19,5,2010,27.745000000000005,6.58,4.95,6.0
29852,29,20,5,2010,28.12166666666667,7.15,5.3500000000000005,6.5200000000000005
29853,29,21,5,2010,28.349999999999998,7.57,5.55,6.83
29854,29,22,5,2010,28.205833333333334,8.42,6.19,7.6400000000000015
29855,29,23,5,2010,27.80333333333333,8.56,6.01,7.65
29856,30,0,5,2010,26.471666666666664,10.35,5.73,7.46
29857,30,1,5,2010,23.9575,11.53,4.6000000000000005,8.290000000000001
29858,30,2,5,2010,22.469166666666666,12.85,5.38,9.23
29859,30,3,5,2010,21.793333333333337,13.56,5.65,9.64
29860,30,4,5,2010,21.14916666666667,13.04,5.82,9.8
29861,30,5,5,2010,20.809166666666666,13.11,5.87,9.84
29862,30,6,5,2010,20.60666666666667,12.93,5.8100000000000005,9.84
29863,30,7,5,2010,19.995833333333334,12.52,5.76,9.65
29864,30,8,5,2010,19.425833333333333,12.52,5.73,9.53
29865,30,9,5,2010,18.84416666666667,12.16,5.43,9.25
29866,30,10,5,2010,18.31083333333333,11.6,5.54,9.11
29867,30,11,5,2010,17.543333333333333,10.24,4.84,8.45
29868,30,12,5,2010,19.683333333333334,9.7,4.98,7.91
29869,30,13,5,2010,21.5425,8.15,4.04,5.76
29870,30,14,5,2010,23.959166666666665,5.26,3.72,4.3500000000000005
29871,30,15,5,2010,26.14083333333333,4.07,3.0500000000000003,3.68
29872,30,16,5,2010,27.398333333333337,4.3,3.27,3.92
29873,30,17,5,2010,28.201666666666664,4.33,3.28,3.94
29874,30,18,5,2010,28.888333333333332,4.36,3.34,3.99
29875,30,19,5,2010,29.38333333333333,4.45,3.4,4.07
29876,30,20,5,2010,29.702499999999997,5.0,3.97,4.67
29877,30,21,5,2010,23.3625,17.79,11.85,15.3
29878,30,22,5,2010,19.395,15.76,8.84,12.69
29879,30,23,5,2010,18.816666666666666,8.44,6.19,7.37
29880,31,0,5,2010,18.69666666666667,9.84,6.5200000000000005,8.51
29881,31,1,5,2010,19.660833333333333,11.1,7.3,9.6
29882,31,2,5,2010,19.072499999999998,6.8500000000000005,2.95,4.57
29883,31,3,5,2010,18.588333333333335,7.5,1.37,3.84
29884,31,4,5,2010,18.42166666666667,8.97,3.97,6.12
29885,31,5,5,2010,17.720000000000002,8.34,3.72,5.83
29886,31,6,5,2010,17.272499999999997,8.78,3.08,5.74
29887,31,7,5,2010,17.07,7.92,3.24,5.84
29888,31,8,5,2010,16.72666666666667,8.22,3.49,6.11
29889,31,9,5,2010,16.0425,7.97,2.92,5.79
29890,31,10,5,2010,15.605000000000002,8.36,3.41,6.32
29891,31,11,5,2010,15.132500000000002,8.040000000000001,3.6,6.24
29892,31,12,5,2010,15.74,6.63,3.73,5.11
29893,31,13,5,2010,17.050833333333333,4.64,3.58,4.26
29894,31,14,5,2010,18.592499999999998,4.49,3.49,4.16
29895,31,15,5,2010,20.03333333333333,3.74,2.93,3.46
29896,31,16,5,2010,21.4225,2.68,2.15,2.5
29897,31,17,5,2010,22.715833333333336,1.78,1.49,1.69
29898,31,18,5,2010,23.918333333333333,1.7,1.47,1.65
29899,31,19,5,2010,24.863333333333333,1.34,1.18,1.31
29900,31,20,5,2010,25.72083333333333,1.51,1.31,1.47
29901,31,21,5,2010,26.3775,1.91,1.69,1.88
29902,31,22,5,2010,26.689999999999998,1.17,1.05,1.15
29903,31,23,5,2010,26.700833333333335,2.58,2.04,2.42
29904,1,0,6,2010,26.254166666666663,2.89,2.31,2.77
29905,1,1,6,2010,24.395,2.39,1.01,1.99
29906,1,2,6,2010,23.184166666666666,1.89,1.02,1.7
29907,1,3,6,2010,22.77,2.04,1.14,1.9
29908,1,4,6,2010,22.543333333333333,2.93,1.54,2.65
29909,1,5,6,2010,22.497500000000002,3.37,1.68,2.95
29910,1,6,6,2010,22.06833333333333,4.38,2.18,3.63
29911,1,7,6,2010,21.689166666666665,5.76,2.99,4.84
29912,1,8,6,2010,20.849166666666665,7.29,3.42,5.91
29913,1,9,6,2010,20.47083333333333,8.68,3.8,6.67
29914,1,10,6,2010,19.780833333333334,8.74,3.86,6.66
29915,1,11,6,2010,19.51,8.34,4.1,6.45
29916,1,12,6,2010,21.014166666666664,7.8,3.89,5.55
29917,1,13,6,2010,22.897500000000004,6.0200000000000005,4.44,5.34
29918,1,14,6,2010,24.721666666666664,6.41,4.83,5.83
29919,1,15,6,2010,26.551666666666673,7.47,5.48,6.71
29920,1,16,6,2010,27.170833333333334,8.41,6.16,7.66
29921,1,17,6,2010,27.087499999999995,8.26,6.07,7.46
29922,1,18,6,2010,26.620833333333334,11.65,8.66,10.61
29923,1,19,6,2010,28.44083333333333,8.03,6.07,7.34
29924,1,20,6,2010,30.285,8.57,6.2700000000000005,7.7
29925,1,21,6,2010,30.511666666666667,9.19,6.72,8.27
29926,1,22,6,2010,30.8475,10.24,7.3,9.11
29927,1,23,6,2010,30.695833333333336,9.82,6.5200000000000005,8.35
29928,2,0,6,2010,29.584166666666672,9.74,6.23,8.2
29929,2,1,6,2010,27.431666666666672,10.53,4.2,7.7
29930,2,2,6,2010,26.02,11.48,5.39,8.34
29931,2,3,6,2010,25.711666666666662,14.07,7.16,10.35
29932,2,4,6,2010,25.426666666666666,13.32,6.86,9.96
29933,2,5,6,2010,24.550833333333333,13.02,6.74,9.81
29934,2,6,6,2010,22.36916666666667,18.94,13.39,16.41
29935,2,7,6,2010,18.261666666666667,13.66,7.32,10.38
29936,2,8,6,2010,18.023333333333333,9.61,5.8500000000000005,7.87
29937,2,9,6,2010,17.526666666666667,8.41,3.78,5.68
29938,2,10,6,2010,17.1475,7.1400000000000015,1.74,3.81
29939,2,11,6,2010,17.17583333333333,7.29,2.0,3.93
29940,2,12,6,2010,18.105833333333333,3.74,2.09,2.59
29941,2,13,6,2010,19.655,2.07,1.74,1.99
29942,2,14,6,2010,21.024166666666666,3.99,3.41,3.92
29943,2,15,6,2010,21.253333333333334,6.58,5.22,6.19
29944,2,16,6,2010,20.836666666666666,6.55,5.13,6.11
29945,2,17,6,2010,21.35833333333333,6.93,5.37,6.44
29946,2,18,6,2010,22.74166666666667,6.3100000000000005,4.8500000000000005,5.8
29947,2,19,6,2010,24.364166666666666,5.57,4.23,5.0600000000000005
29948,2,20,6,2010,25.714166666666667,5.98,4.61,5.5
29949,2,21,6,2010,25.951666666666664,6.05,4.72,5.61
29950,2,22,6,2010,26.163333333333338,6.88,5.18,6.26
29951,2,23,6,2010,26.080833333333334,6.91,5.0600000000000005,6.2
29952,3,0,6,2010,25.485000000000003,7.07,4.76,5.91
29953,3,1,6,2010,23.754999999999995,7.5,3.68,5.8500000000000005
29954,3,2,6,2010,22.165000000000003,7.33,2.8000000000000003,5.3
29955,3,3,6,2010,21.27916666666667,7.11,2.44,5.75
29956,3,4,6,2010,20.425833333333337,8.82,2.66,6.08
29957,3,5,6,2010,19.4075,9.59,2.81,6.41
29958,3,6,6,2010,18.7925,8.41,2.43,5.73
29959,3,7,6,2010,18.2475,7.5,2.3000000000000003,5.19
29960,3,8,6,2010,17.620833333333334,6.18,2.24,4.75
29961,3,9,6,2010,16.9725,4.7700000000000005,1.93,4.01
29962,3,10,6,2010,16.34416666666667,3.84,1.68,3.02
29963,3,11,6,2010,15.883333333333335,3.74,1.59,3.03
29964,3,12,6,2010,16.696666666666662,2.81,1.39,1.97
29965,3,13,6,2010,18.749166666666667,0.74,0.81,0.8300000000000001
29966,3,14,6,2010,20.900833333333335,0.72,0.73,0.74
29967,3,15,6,2010,22.549166666666668,1.26,1.01,1.16
29968,3,16,6,2010,23.8475,2.19,1.79,2.06
29969,3,17,6,2010,24.956666666666667,1.97,1.55,1.81
29970,3,18,6,2010,26.129166666666663,2.44,1.99,2.29
29971,3,19,6,2010,27.125000000000004,3.08,2.51,2.91
29972,3,20,6,2010,28.0125,3.63,2.81,3.34
29973,3,21,6,2010,28.600000000000005,4.69,3.59,4.3100000000000005
29974,3,22,6,2010,28.8575,5.65,4.25,5.15
29975,3,23,6,2010,28.76666666666667,7.37,5.33,6.66
29976,4,0,6,2010,27.985833333333336,8.790000000000001,5.3100000000000005,6.75
29977,4,1,6,2010,26.135833333333334,10.93,4.68,7.85
29978,4,2,6,2010,25.11916666666667,12.46,5.4,8.68
29979,4,3,6,2010,24.552500000000006,12.89,5.78,9.08
29980,4,4,6,2010,23.771666666666665,13.68,7.0200000000000005,10.15
29981,4,5,6,2010,23.65333333333334,14.13,7.26,10.47
29982,4,6,6,2010,23.206666666666667,13.91,7.15,10.25
29983,4,7,6,2010,23.576666666666664,15.14,8.74,11.94
29984,4,8,6,2010,23.600833333333338,13.29,7.55,10.36
29985,4,9,6,2010,23.12,14.81,7.58,10.87
29986,4,10,6,2010,23.13,14.98,7.99,11.26
29987,4,11,6,2010,22.861666666666665,14.5,7.83,10.73
29988,4,12,6,2010,24.028333333333332,13.93,8.4,11.17
29989,4,13,6,2010,25.504166666666666,11.58,7.95,9.96
29990,4,14,6,2010,26.753333333333334,10.97,7.94,9.84
29991,4,15,6,2010,28.308333333333334,10.85,7.87,9.73
29992,4,16,6,2010,29.820833333333336,10.34,7.49,9.27
29993,4,17,6,2010,31.018333333333334,9.03,6.5600000000000005,8.05
29994,4,18,6,2010,32.160000000000004,7.43,5.42,6.61
29995,4,19,6,2010,33.05583333333334,6.7,4.9,5.98
29996,4,20,6,2010,33.69416666666667,6.68,4.9,5.98
29997,4,21,6,2010,34.0875,7.1000000000000005,5.14,6.33
29998,4,22,6,2010,34.31666666666667,7.24,5.2,6.42
29999,4,23,6,2010,34.21,8.370000000000001,5.68,7.28
30000,5,0,6,2010,33.295,7.85,4.98,6.61
30001,5,1,6,2010,31.015833333333333,12.76,4.99,8.620000000000001
30002,5,2,6,2010,29.40166666666667,13.62,5.47,8.97
30003,5,3,6,2010,28.660833333333333,13.58,5.47,8.84
30004,5,4,6,2010,27.73333333333333,13.57,5.54,8.9
30005,5,5,6,2010,26.51166666666667,13.39,5.63,8.790000000000001
30006,5,6,6,2010,25.538333333333338,13.56,5.76,8.92
30007,5,7,6,2010,25.615,13.95,6.8,9.46
30008,5,8,6,2010,25.360833333333332,12.16,6.4,9.0
30009,5,9,6,2010,24.36833333333333,12.32,5.0200000000000005,8.07
30010,5,10,6,2010,23.31833333333333,11.49,4.5,7.63
30011,5,11,6,2010,22.9725,10.29,4.73,6.83
30012,5,12,6,2010,24.515833333333333,10.55,5.8,7.95
30013,5,13,6,2010,25.900000000000002,9.06,6.03,7.42
30014,5,14,6,2010,27.417500000000004,8.9,6.45,7.96
30015,5,15,6,2010,28.889166666666664,8.870000000000003,6.5,7.9300000000000015
30016,5,16,6,2010,30.1925,9.05,6.61,8.08
30017,5,17,6,2010,31.215833333333332,9.12,6.63,8.13
30018,5,18,6,2010,32.70249999999999,9.74,6.98,8.57
30019,5,19,6,2010,33.82083333333333,10.52,7.56,9.34
30020,5,20,6,2010,34.39833333333333,9.88,7.11,8.74
30021,5,21,6,2010,34.961666666666666,8.75,6.3,7.75
30022,5,22,6,2010,35.39083333333333,10.57,7.03,9.05
30023,5,23,6,2010,33.71166666666666,13.1,9.09,11.51
30024,6,0,6,2010,31.033333333333328,12.76,8.11,10.65
30025,6,1,6,2010,27.558333333333337,12.46,7.1000000000000005,9.87
30026,6,2,6,2010,25.540833333333335,12.66,7.03,9.76
30027,6,3,6,2010,23.830833333333334,11.74,5.79,8.540000000000001
30028,6,4,6,2010,21.995,9.23,3.06,6.13
30029,6,5,6,2010,21.24,8.77,2.47,5.58
30030,6,6,6,2010,20.548333333333332,8.74,2.57,5.71
30031,6,7,6,2010,19.515833333333333,7.86,2.22,5.3
30032,6,8,6,2010,18.769166666666663,7.0600000000000005,2.57,5.15
30033,6,9,6,2010,18.124166666666667,7.28,2.68,5.38
30034,6,10,6,2010,17.56833333333333,6.67,1.86,4.58
30035,6,11,6,2010,17.239166666666666,5.2700000000000005,1.97,4.15
30036,6,12,6,2010,18.378333333333334,3.83,2.04,2.73
30037,6,13,6,2010,20.131666666666664,2.89,2.26,2.66
30038,6,14,6,2010,21.64833333333333,4.36,3.27,3.93
30039,6,15,6,2010,23.239166666666662,5.42,4.01,4.82
30040,6,16,6,2010,25.065833333333334,6.0,4.42,5.3500000000000005
30041,6,17,6,2010,26.333333333333332,5.98,4.44,5.36
30042,6,18,6,2010,27.300833333333333,6.68,5.04,6.05
30043,6,19,6,2010,27.58083333333333,6.83,5.1000000000000005,6.16
30044,6,20,6,2010,27.803333333333338,6.59,4.93,5.95
30045,6,21,6,2010,28.120833333333337,7.03,5.25,6.33
30046,6,22,6,2010,28.319999999999997,6.65,4.95,6.01
30047,6,23,6,2010,28.252499999999998,5.18,3.82,4.68
30048,7,0,6,2010,27.57166666666667,4.1,2.85,3.56
30049,7,1,6,2010,25.27,4.5,1.57,3.7
30050,7,2,6,2010,23.951666666666668,4.34,1.33,3.59
30051,7,3,6,2010,23.07166666666667,3.37,1.07,2.3000000000000003
30052,7,4,6,2010,22.14166666666667,2.64,0.67,1.71
30053,7,5,6,2010,21.770833333333332,3.58,1.36,2.48
30054,7,6,6,2010,21.44083333333333,4.17,1.59,3.11
30055,7,7,6,2010,20.718333333333334,4.55,2.15,3.74
30056,7,8,6,2010,19.733333333333334,4.63,2.09,3.59
30057,7,9,6,2010,19.215833333333332,4.95,1.79,3.48
30058,7,10,6,2010,17.8625,5.89,2.29,4.71
30059,7,11,6,2010,17.904166666666665,6.3100000000000005,2.98,5.36
30060,7,12,6,2010,19.4325,5.4,1.81,3.59
30061,7,13,6,2010,21.015833333333333,2.5500000000000003,2.14,2.32
30062,7,14,6,2010,22.066666666666666,2.73,2.5,2.77
30063,7,15,6,2010,24.094999999999995,3.41,2.78,3.19
30064,7,16,6,2010,26.641666666666666,5.69,4.32,5.19
30065,7,17,6,2010,27.550833333333333,5.9,4.44,5.32
30066,7,18,6,2010,28.308333333333334,6.13,4.7,5.63
30067,7,19,6,2010,28.962500000000006,6.68,5.04,6.1000000000000005
30068,7,20,6,2010,29.709166666666672,7.22,5.29,6.47
30069,7,21,6,2010,30.059166666666666,7.79,5.76,7.07
30070,7,22,6,2010,30.057499999999994,7.94,5.88,7.22
30071,7,23,6,2010,29.98166666666667,7.91,5.69,7.09
30072,8,0,6,2010,29.516666666666662,8.34,5.6000000000000005,7.05
30073,8,1,6,2010,27.790000000000006,10.26,4.54,7.48
30074,8,2,6,2010,26.762500000000003,11.72,5.75,8.65
30075,8,3,6,2010,26.644166666666663,11.36,6.5,8.81
30076,8,4,6,2010,26.40833333333333,12.2,6.93,9.48
30077,8,5,6,2010,25.798333333333336,11.59,6.0,8.620000000000001
30078,8,6,6,2010,25.41166666666666,11.74,6.33,9.0
30079,8,7,6,2010,25.173333333333332,14.25,7.96,11.02
30080,8,8,6,2010,25.290833333333335,14.79,8.57,11.76
30081,8,9,6,2010,24.930000000000003,13.74,7.54,10.52
30082,8,10,6,2010,24.628333333333334,13.36,8.03,10.74
30083,8,11,6,2010,24.13166666666667,13.37,7.98,10.68
30084,8,12,6,2010,25.504999999999995,13.07,7.88,10.54
30085,8,13,6,2010,27.38333333333333,11.55,8.120000000000001,10.16
30086,8,14,6,2010,28.558333333333337,11.17,7.59,9.63
30087,8,15,6,2010,28.901666666666667,12.57,8.74,11.01
30088,8,16,6,2010,29.497500000000002,9.49,6.8500000000000005,8.42
30089,8,17,6,2010,31.365,10.44,7.51,9.26
30090,8,18,6,2010,32.0275,11.56,8.27,10.23
30091,8,19,6,2010,32.59333333333334,11.66,8.33,10.33
30092,8,20,6,2010,33.985,11.53,8.290000000000001,10.25
30093,8,21,6,2010,33.712500000000006,12.73,8.870000000000003,11.26
30094,8,22,6,2010,29.935833333333324,13.89,9.85,12.32
30095,8,23,6,2010,24.062499999999996,13.94,8.8,11.61
30096,9,0,6,2010,24.212500000000002,11.48,7.94,10.08
30097,9,1,6,2010,23.860833333333336,9.56,5.39,7.48
30098,9,2,6,2010,23.49833333333333,5.61,2.39,3.84
30099,9,3,6,2010,22.90666666666667,3.8,0.92,2.34
30100,9,4,6,2010,22.360000000000003,3.0700000000000003,1.39,1.65
30101,9,5,6,2010,22.12,4.0,1.75,3.35
30102,9,6,6,2010,21.026666666666667,5.8500000000000005,1.87,4.0
30103,9,7,6,2010,20.3775,6.36,2.48,5.23
30104,9,8,6,2010,19.84333333333333,6.18,2.91,5.44
30105,9,9,6,2010,19.297500000000003,5.4,3.03,5.14
30106,9,10,6,2010,18.702499999999997,5.87,3.24,5.38
30107,9,11,6,2010,18.298333333333336,5.54,2.77,5.0
30108,9,12,6,2010,19.739166666666666,4.54,2.33,3.53
30109,9,13,6,2010,21.489166666666666,1.23,0.98,1.13
30110,9,14,6,2010,23.44666666666667,1.71,1.42,1.62
30111,9,15,6,2010,24.980000000000004,1.64,1.44,1.61
30112,9,16,6,2010,26.157500000000002,1.55,1.38,1.53
30113,9,17,6,2010,27.064166666666665,1.9,1.69,1.88
30114,9,18,6,2010,27.92916666666667,1.86,1.66,1.83
30115,9,19,6,2010,28.709166666666665,2.3000000000000003,1.97,2.23
30116,9,20,6,2010,29.19583333333333,3.38,2.87,3.27
30117,9,21,6,2010,29.479166666666668,3.21,2.74,3.12
30118,9,22,6,2010,29.706666666666667,3.04,2.47,2.87
30119,9,23,6,2010,29.60916666666667,3.4,2.74,3.21
30120,10,0,6,2010,28.953333333333337,4.16,2.53,3.69
30121,10,1,6,2010,26.93166666666667,5.87,2.57,5.08
30122,10,2,6,2010,25.548333333333336,9.25,3.72,7.26
30123,10,3,6,2010,25.058333333333337,10.66,4.65,7.94
30124,10,4,6,2010,24.179166666666664,11.95,4.61,8.05
30125,10,5,6,2010,23.560000000000002,11.47,4.5200000000000005,7.7
30126,10,6,6,2010,23.45416666666667,12.26,6.08,8.89
30127,10,7,6,2010,23.078333333333333,11.42,5.54,8.31
30128,10,8,6,2010,22.644166666666667,12.2,6.04,8.85
30129,10,9,6,2010,22.170833333333334,12.22,6.01,8.82
30130,10,10,6,2010,22.613333333333333,13.01,8.08,10.7
30131,10,11,6,2010,22.730833333333333,13.6,8.64,11.44
30132,10,12,6,2010,22.208333333333332,12.81,8.03,10.6
30133,10,13,6,2010,22.173333333333332,11.03,7.04,9.23
30134,10,14,6,2010,22.59166666666667,11.22,8.02,9.95
30135,10,15,6,2010,24.043333333333333,11.0,7.48,9.45
30136,10,16,6,2010,25.5825,7.17,5.13,6.36
30137,10,17,6,2010,27.07666666666667,8.19,5.86,7.24
30138,10,18,6,2010,28.807500000000005,9.98,7.29,8.950000000000003
30139,10,19,6,2010,30.001666666666665,11.86,8.53,10.57
30140,10,20,6,2010,30.66,12.01,8.73,10.82
30141,10,21,6,2010,31.215,11.51,8.18,10.23
30142,10,22,6,2010,31.136666666666667,12.7,8.98,11.32
30143,10,23,6,2010,30.671666666666663,12.61,8.94,11.27
30144,11,0,6,2010,29.57083333333333,12.05,7.84,10.18
30145,11,1,6,2010,28.049999999999997,13.25,6.3500000000000005,9.57
30146,11,2,6,2010,26.799166666666665,12.74,6.37,9.44
30147,11,3,6,2010,25.850833333333338,12.61,6.01,9.05
30148,11,4,6,2010,25.221666666666664,13.53,6.76,9.86
30149,11,5,6,2010,24.745833333333334,13.71,7.3900000000000015,10.48
30150,11,6,6,2010,24.152500000000003,13.75,7.88,10.83
30151,11,7,6,2010,23.922499999999996,14.46,8.44,11.5
30152,11,8,6,2010,23.554166666666664,14.34,8.33,11.3
30153,11,9,6,2010,23.2175,14.29,8.15,11.21
30154,11,10,6,2010,22.6875,13.68,7.75,10.69
30155,11,11,6,2010,22.319166666666675,14.07,8.78,11.6
30156,11,12,6,2010,23.23,13.41,7.36,10.45
30157,11,13,6,2010,24.525000000000002,8.57,6.3500000000000005,7.79
30158,11,14,6,2010,25.959166666666665,9.39,6.98,8.540000000000001
30159,11,15,6,2010,27.274166666666662,10.64,7.85,9.63
30160,11,16,6,2010,28.904166666666665,10.17,7.44,9.16
30161,11,17,6,2010,30.502499999999994,10.29,7.48,9.23
30162,11,18,6,2010,31.810000000000006,10.64,7.67,9.52
30163,11,19,6,2010,32.635,10.89,7.8900000000000015,9.78
30164,11,20,6,2010,33.248333333333335,11.22,8.11,10.09
30165,11,21,6,2010,33.50333333333334,11.66,8.36,10.43
30166,11,22,6,2010,33.60750000000001,11.51,8.19,10.35
30167,11,23,6,2010,33.303333333333335,11.49,8.13,10.27
30168,12,0,6,2010,32.403333333333336,10.7,6.57,8.63
30169,12,1,6,2010,30.808333333333334,11.96,5.61,8.66
30170,12,2,6,2010,29.584166666666672,13.76,6.83,10.09
30171,12,3,6,2010,28.786666666666665,13.99,7.12,10.39
30172,12,4,6,2010,27.78833333333333,14.22,6.92,10.21
30173,12,5,6,2010,26.751666666666665,14.26,6.8500000000000005,10.18
30174,12,6,6,2010,24.698333333333334,11.54,6.03,8.290000000000001
30175,12,7,6,2010,22.349166666666665,6.5600000000000005,3.52,5.7
30176,12,8,6,2010,21.49166666666667,5.83,1.99,4.8
30177,12,9,6,2010,21.53833333333333,3.13,2.37,4.67
30178,12,10,6,2010,21.137500000000003,4.94,2.46,4.79
30179,12,11,6,2010,21.708333333333332,7.42,2.56,4.33
30180,12,12,6,2010,24.388333333333332,5.95,4.23,5.15
30181,12,13,6,2010,26.175833333333333,8.040000000000001,5.92,7.27
30182,12,14,6,2010,28.016666666666666,8.49,6.24,7.68
30183,12,15,6,2010,29.467499999999998,8.42,6.13,7.55
30184,12,16,6,2010,30.6825,8.4,6.11,7.5
30185,12,17,6,2010,31.63333333333333,7.9,5.75,7.05
30186,12,18,6,2010,32.47833333333333,7.97,5.84,7.13
30187,12,19,6,2010,33.108333333333334,8.39,6.12,7.5
30188,12,20,6,2010,33.619166666666665,8.32,6.0600000000000005,7.43
30189,12,21,6,2010,33.796666666666674,8.34,6.09,7.49
30190,12,22,6,2010,33.79666666666667,8.22,5.91,7.34
30191,12,23,6,2010,33.455,9.58,6.7,8.53
30192,13,0,6,2010,32.52916666666667,9.85,6.6000000000000005,8.39
30193,13,1,6,2010,31.005,11.78,5.8500000000000005,8.82
30194,13,2,6,2010,29.58,13.97,8.870000000000003,11.68
30195,13,3,6,2010,25.064166666666665,16.41,10.12,13.47
30196,13,4,6,2010,22.581666666666667,14.92,9.85,12.53
30197,13,5,6,2010,22.406666666666666,10.24,6.41,8.44
30198,13,6,6,2010,21.99,6.72,2.61,4.34
30199,13,7,6,2010,24.049999999999997,6.2,3.37,4.82
30200,13,8,6,2010,21.81833333333333,7.0200000000000005,4.53,5.99
30201,13,9,6,2010,20.839166666666667,5.5,2.14,4.11
30202,13,10,6,2010,21.46083333333333,3.75,1.52,3.03
30203,13,11,6,2010,21.456666666666667,2.52,1.43,2.05
30204,13,12,6,2010,21.72,2.54,2.09,2.35
30205,13,13,6,2010,23.136666666666667,2.82,2.46,2.8000000000000003
30206,13,14,6,2010,24.445833333333336,2.48,2.04,2.36
30207,13,15,6,2010,25.7525,1.98,1.48,1.77
30208,13,16,6,2010,25.86916666666667,3.73,3.46,3.89
30209,13,17,6,2010,27.055000000000003,2.34,2.17,2.4
30210,13,18,6,2010,28.161666666666672,3.66,2.76,3.3000000000000003
30211,13,19,6,2010,28.943333333333328,12.73,9.92,12.04
30212,13,20,6,2010,26.7925,8.16,6.45,7.37
30213,13,21,6,2010,27.789166666666663,6.18,4.41,5.4
30214,13,22,6,2010,26.76166666666667,9.01,6.82,8.370000000000001
30215,13,23,6,2010,27.03,5.03,3.96,4.71
30216,14,0,6,2010,27.13083333333333,4.46,3.46,4.14
30217,14,1,6,2010,25.706666666666663,4.03,2.42,3.82
30218,14,2,6,2010,24.44333333333333,2.78,2.51,3.96
30219,14,3,6,2010,23.697499999999994,3.75,2.76,4.44
30220,14,4,6,2010,23.395833333333332,7.35,4.28,5.87
30221,14,5,6,2010,20.630000000000003,15.24,10.92,13.32
30222,14,6,6,2010,19.496666666666666,6.63,4.68,5.76
30223,14,7,6,2010,19.679166666666667,5.3500000000000005,3.69,4.7
30224,14,8,6,2010,19.335833333333333,4.32,3.29,3.92
30225,14,9,6,2010,19.058333333333334,4.8500000000000005,3.13,3.89
30226,14,10,6,2010,19.048333333333332,5.39,3.18,4.26
30227,14,11,6,2010,19.164999999999996,7.15,4.46,5.92
30228,14,12,6,2010,19.36,6.72,4.12,5.34
30229,14,13,6,2010,20.6725,5.84,4.4,5.32
30230,14,14,6,2010,22.037499999999998,5.82,4.37,5.29
30231,14,15,6,2010,23.323333333333334,4.99,3.77,4.53
30232,14,16,6,2010,24.43166666666667,5.49,4.13,4.99
30233,14,17,6,2010,24.808333333333337,6.3100000000000005,4.8,5.79
30234,14,18,6,2010,25.409166666666668,5.58,4.0600000000000005,4.97
30235,14,19,6,2010,26.535833333333333,6.0600000000000005,4.62,5.5200000000000005
30236,14,20,6,2010,27.478333333333328,4.68,3.58,4.25
30237,14,21,6,2010,28.18083333333333,4.65,3.5500000000000003,4.21
30238,14,22,6,2010,28.269166666666674,4.96,3.61,4.2700000000000005
30239,14,23,6,2010,27.642500000000002,6.23,4.34,5.95
30240,15,0,6,2010,27.41333333333333,5.36,3.06,4.3
30241,15,1,6,2010,25.859166666666667,7.44,3.59,5.82
30242,15,2,6,2010,24.375833333333333,8.19,3.74,5.84
30243,15,3,6,2010,22.35833333333333,8.77,3.14,5.8
30244,15,4,6,2010,21.426666666666666,8.72,2.78,5.49
30245,15,5,6,2010,20.88333333333333,9.12,3.69,6.0600000000000005
30246,15,6,6,2010,20.44833333333333,7.76,3.19,5.22
30247,15,7,6,2010,20.293333333333333,5.93,2.37,3.75
30248,15,8,6,2010,20.814999999999998,6.01,4.33,5.48
30249,15,9,6,2010,19.760833333333334,2.32,1.79,2.68
30250,15,10,6,2010,19.4675,2.88,1.58,2.88
30251,15,11,6,2010,19.1525,3.17,1.6,2.92
30252,15,12,6,2010,20.076666666666668,3.18,2.2,2.52
30253,15,13,6,2010,20.959999999999997,1.78,1.58,1.78
30254,15,14,6,2010,22.3725,2.09,1.77,2.01
30255,15,15,6,2010,23.61916666666667,2.66,2.11,2.48
30256,15,16,6,2010,24.540000000000003,2.05,1.65,1.92
30257,15,17,6,2010,25.315,2.85,2.37,2.74
30258,15,18,6,2010,26.46166666666667,3.46,2.72,3.2
30259,15,19,6,2010,27.206666666666663,3.64,2.91,3.42
30260,15,20,6,2010,27.203333333333333,6.07,4.74,5.69
30261,15,21,6,2010,27.470000000000002,6.2700000000000005,4.99,5.9
30262,15,22,6,2010,28.124166666666667,3.87,2.83,3.44
30263,15,23,6,2010,28.269166666666667,5.1000000000000005,3.69,4.54
30264,16,0,6,2010,27.761666666666667,4.95,3.25,4.11
30265,16,1,6,2010,25.801666666666666,5.3100000000000005,2.45,4.26
30266,16,2,6,2010,24.678333333333327,4.04,2.09,4.09
30267,16,3,6,2010,23.545,3.0500000000000003,1.68,3.06
30268,16,4,6,2010,22.712500000000002,4.8500000000000005,2.5,4.61
30269,16,5,6,2010,22.2225,6.21,3.13,5.71
30270,16,6,6,2010,21.77916666666667,7.46,3.9,6.55
30271,16,7,6,2010,21.0125,8.33,4.33,7.08
30272,16,8,6,2010,20.587500000000002,8.870000000000003,4.61,7.53
30273,16,9,6,2010,20.063333333333336,9.44,4.86,7.87
30274,16,10,6,2010,19.839166666666667,9.82,5.03,8.01
30275,16,11,6,2010,20.18,9.84,5.21,8.01
30276,16,12,6,2010,21.743333333333336,9.08,5.0200000000000005,6.93
30277,16,13,6,2010,23.70583333333333,7.38,4.89,5.94
30278,16,14,6,2010,25.645833333333332,6.88,5.09,6.21
30279,16,15,6,2010,27.246666666666666,6.8900000000000015,5.1000000000000005,6.23
30280,16,16,6,2010,28.435,6.63,4.97,6.03
30281,16,17,6,2010,29.326666666666664,6.38,4.8500000000000005,5.84
30282,16,18,6,2010,30.13416666666667,6.51,4.97,5.98
30283,16,19,6,2010,30.761666666666667,7.75,5.82,7.05
30284,16,20,6,2010,31.18166666666666,7.94,5.97,7.24
30285,16,21,6,2010,30.989166666666666,8.85,6.33,7.9300000000000015
30286,16,22,6,2010,31.18916666666667,8.44,6.09,7.54
30287,16,23,6,2010,30.545833333333338,11.14,7.84,9.88
30288,17,0,6,2010,29.69416666666666,9.58,6.65,8.48
30289,17,1,6,2010,27.935833333333335,11.19,5.07,7.66
30290,17,2,6,2010,26.350000000000005,12.0,6.19,8.99
30291,17,3,6,2010,25.456666666666667,11.35,5.47,8.14
30292,17,4,6,2010,25.2325,12.86,6.16,9.16
30293,17,5,6,2010,25.361666666666665,13.1,6.82,9.78
30294,17,6,6,2010,24.974999999999994,12.74,6.62,9.52
30295,17,7,6,2010,24.42833333333333,12.94,6.51,9.4
30296,17,8,6,2010,24.418333333333333,13.57,6.68,9.82
30297,17,9,6,2010,23.872500000000002,13.82,7.01,10.16
30298,17,10,6,2010,23.2375,13.8,7.17,10.28
30299,17,11,6,2010,23.135000000000005,14.42,8.290000000000001,11.26
30300,17,12,6,2010,25.669166666666666,14.37,9.3,12.11
30301,17,13,6,2010,26.180833333333336,12.78,8.45,10.49
30302,17,14,6,2010,27.409166666666668,11.98,8.69,10.72
30303,17,15,6,2010,28.596666666666664,12.49,9.0,11.15
30304,17,16,6,2010,30.33333333333334,14.16,9.98,12.49
30305,17,17,6,2010,31.5275,15.78,11.08,13.91
30306,17,18,6,2010,32.670833333333334,15.53,10.89,13.68
30307,17,19,6,2010,33.3325,15.67,10.99,13.8
30308,17,20,6,2010,33.62,14.94,10.43,13.14
30309,17,21,6,2010,33.6325,15.2,10.61,13.41
30310,17,22,6,2010,33.57416666666668,15.08,10.52,13.29
30311,17,23,6,2010,33.16833333333334,14.75,10.14,12.95
30312,18,0,6,2010,32.311666666666675,13.64,9.18,11.78
30313,18,1,6,2010,31.040833333333328,14.78,7.96,11.29
30314,18,2,6,2010,30.02416666666667,14.22,7.52,10.61
30315,18,3,6,2010,29.295,14.61,7.81,11.14
30316,18,4,6,2010,28.308333333333326,12.96,6.68,9.57
30317,18,5,6,2010,21.562499999999996,17.400000000000002,12.4,15.67
30318,18,6,6,2010,20.049166666666668,8.950000000000003,4.8500000000000005,6.74
30319,18,7,6,2010,19.969166666666666,8.68,4.93,7.0200000000000005
30320,18,8,6,2010,19.5825,8.290000000000001,5.12,7.27
30321,18,9,6,2010,19.390833333333337,9.0,4.78,7.15
30322,18,10,6,2010,19.879166666666666,11.31,7.16,9.19
30323,18,11,6,2010,19.764166666666668,9.73,5.73,7.61
30324,18,12,6,2010,20.274166666666666,8.73,5.34,7.16
30325,18,13,6,2010,21.403333333333332,7.42,5.8,6.93
30326,18,14,6,2010,23.694166666666664,7.43,5.76,6.91
30327,18,15,6,2010,26.56083333333333,7.43,5.5,6.69
30328,18,16,6,2010,29.611666666666668,8.790000000000001,6.32,7.8
30329,18,17,6,2010,32.14666666666667,10.51,7.51,9.3
30330,18,18,6,2010,33.3975,10.93,7.79,9.67
30331,18,19,6,2010,34.06083333333333,11.27,8.06,10.0
30332,18,20,6,2010,34.439166666666665,11.06,7.83,9.76
30333,18,21,6,2010,34.33166666666667,11.39,8.120000000000001,10.11
30334,18,22,6,2010,34.61666666666667,10.02,7.0200000000000005,8.77
30335,18,23,6,2010,34.870000000000005,10.35,7.07,9.04
30336,19,0,6,2010,33.660000000000004,9.86,5.08,7.6
30337,19,1,6,2010,32.025,10.29,4.41,7.19
30338,19,2,6,2010,30.022499999999997,12.96,4.55,8.52
30339,19,3,6,2010,28.519166666666667,11.25,4.43,7.79
30340,19,4,6,2010,27.52083333333333,6.05,2.5500000000000003,5.38
30341,19,5,6,2010,26.465,6.5600000000000005,2.02,4.65
30342,19,6,6,2010,25.240833333333327,6.82,2.0,4.58
30343,19,7,6,2010,23.848333333333333,6.96,2.16,4.54
30344,19,8,6,2010,23.210833333333337,6.98,1.77,4.42
30345,19,9,6,2010,22.36833333333333,5.91,1.58,3.72
30346,19,10,6,2010,21.7975,6.0,1.73,4.05
30347,19,11,6,2010,21.52666666666667,6.01,1.85,3.77
30348,19,12,6,2010,23.094166666666666,4.84,1.66,2.82
30349,19,13,6,2010,25.329166666666666,3.37,2.75,3.17
30350,19,14,6,2010,27.515000000000004,4.03,3.17,3.73
30351,19,15,6,2010,29.67083333333333,4.41,3.42,4.05
30352,19,16,6,2010,31.158333333333342,4.34,3.3200000000000003,3.95
30353,19,17,6,2010,32.350833333333334,5.69,4.2700000000000005,5.13
30354,19,18,6,2010,33.36416666666667,7.1400000000000015,5.36,6.49
30355,19,19,6,2010,34.44083333333334,8.36,6.17,7.55
30356,19,20,6,2010,35.2975,9.05,6.61,8.13
30357,19,21,6,2010,35.84583333333334,9.4,6.78,8.4
30358,19,22,6,2010,36.12083333333334,9.86,6.73,8.47
30359,19,23,6,2010,29.041666666666668,25.0,15.67,20.37
30360,20,0,6,2010,29.35666666666667,18.59,12.18,15.72
30361,20,1,6,2010,31.374166666666667,15.63,9.88,13.1
30362,20,2,6,2010,28.591666666666665,15.74,9.88,12.99
30363,20,3,6,2010,26.255833333333328,10.97,7.24,9.35
30364,20,4,6,2010,22.69416666666667,14.17,9.37,11.97
30365,20,5,6,2010,21.6825,23.76,15.42,20.4
30366,20,6,6,2010,21.5275,12.55,7.69,10.09
30367,20,7,6,2010,22.50583333333333,5.24,4.13,5.53
30368,20,8,6,2010,23.837500000000002,5.58,4.08,5.68
30369,20,9,6,2010,24.795,5.08,4.41,6.47
30370,20,10,6,2010,24.6525,7.16,4.75,7.37
30371,20,11,6,2010,24.210000000000004,11.84,6.05,8.94
30372,20,12,6,2010,25.281666666666666,11.88,6.94,9.28
30373,20,13,6,2010,25.84,9.67,6.01,7.43
30374,20,14,6,2010,27.2675,7.45,5.49,6.71
30375,20,15,6,2010,28.76166666666667,6.67,4.92,5.99
30376,20,16,6,2010,30.004166666666663,7.13,5.33,6.47
30377,20,17,6,2010,30.842499999999998,7.17,5.37,6.51
30378,20,18,6,2010,31.805833333333336,7.19,5.4,6.54
30379,20,19,6,2010,32.719166666666666,7.1400000000000015,5.37,6.51
30380,20,20,6,2010,33.440000000000005,7.74,5.68,6.95
30381,20,21,6,2010,33.8175,8.08,5.95,7.31
30382,20,22,6,2010,33.95666666666667,8.370000000000001,6.13,7.58
30383,20,23,6,2010,33.67416666666667,8.75,6.15,7.78
30384,21,0,6,2010,32.5625,10.65,5.39,8.19
30385,21,1,6,2010,30.546666666666663,11.56,4.74,8.21
30386,21,2,6,2010,29.086666666666662,13.33,5.0,9.43
30387,21,3,6,2010,28.0825,13.04,5.23,9.37
30388,21,4,6,2010,27.49,11.94,5.2,8.57
30389,21,5,6,2010,27.196666666666662,12.36,5.25,8.69
30390,21,6,6,2010,26.89,12.4,5.91,9.25
30391,21,7,6,2010,25.312499999999996,11.87,5.0200000000000005,8.45
30392,21,8,6,2010,24.91333333333333,10.78,5.09,8.35
30393,21,9,6,2010,24.488333333333333,11.41,6.2700000000000005,9.27
30394,21,10,6,2010,23.486666666666665,11.28,5.8,8.71
30395,21,11,6,2010,22.8175,9.7,5.22,7.8900000000000015
30396,21,12,6,2010,24.072499999999994,9.29,5.16,7.11
30397,21,13,6,2010,26.010833333333334,6.49,4.19,5.01
30398,21,14,6,2010,28.10666666666667,6.71,5.08,6.1400000000000015
30399,21,15,6,2010,29.75083333333333,7.52,5.47,6.7
30400,21,16,6,2010,30.9875,8.13,5.9,7.24
30401,21,17,6,2010,31.741666666666664,8.0,5.8100000000000005,7.11
30402,21,18,6,2010,32.78166666666667,8.51,6.1400000000000015,7.55
30403,21,19,6,2010,33.57333333333333,9.36,6.72,8.28
30404,21,20,6,2010,34.16416666666667,8.49,6.12,7.51
30405,21,21,6,2010,34.37833333333334,9.27,6.72,8.24
30406,21,22,6,2010,34.55083333333334,9.26,6.46,8.09
30407,21,23,6,2010,34.47083333333333,9.45,6.5,8.24
30408,22,0,6,2010,33.85,9.43,6.04,7.79
30409,22,1,6,2010,32.0275,12.12,4.72,8.040000000000001
30410,22,2,6,2010,30.660833333333333,12.89,5.38,8.6
30411,22,3,6,2010,30.063333333333333,13.1,5.99,9.02
30412,22,4,6,2010,29.456666666666663,12.88,5.98,9.05
30413,22,5,6,2010,28.650833333333328,12.66,5.55,8.58
30414,22,6,6,2010,28.065,12.65,5.8500000000000005,8.73
30415,22,7,6,2010,27.481666666666673,12.41,5.33,8.34
30416,22,8,6,2010,26.88666666666667,12.49,5.57,8.51
30417,22,9,6,2010,26.36916666666667,11.49,5.83,8.36
30418,22,10,6,2010,26.545,11.64,6.22,8.86
30419,22,11,6,2010,26.173333333333336,12.38,6.57,9.35
30420,22,12,6,2010,27.48333333333333,11.35,6.74,9.02
30421,22,13,6,2010,28.78833333333333,8.41,6.11,7.48
30422,22,14,6,2010,30.30666666666667,9.53,6.96,8.57
30423,22,15,6,2010,31.543333333333333,8.66,6.3100000000000005,7.75
30424,22,16,6,2010,32.903333333333336,8.81,6.41,7.86
30425,22,17,6,2010,34.112500000000004,8.51,6.2,7.58
30426,22,18,6,2010,35.2175,10.17,7.42,9.11
30427,22,19,6,2010,35.861666666666665,10.81,7.84,9.67
30428,22,20,6,2010,36.46,10.99,7.79,9.71
30429,22,21,6,2010,36.66416666666667,10.96,7.77,9.69
30430,22,22,6,2010,36.69916666666666,12.6,8.69,11.0
30431,22,23,6,2010,36.29916666666667,12.37,8.53,10.82
30432,23,0,6,2010,35.37083333333334,9.66,6.0200000000000005,7.92
30433,23,1,6,2010,33.69583333333333,13.15,6.68,9.85
30434,23,2,6,2010,32.255,13.18,6.74,9.69
30435,23,3,6,2010,31.785833333333333,15.74,9.45,12.7
30436,23,4,6,2010,31.06583333333333,15.52,8.88,12.18
30437,23,5,6,2010,28.32166666666667,14.25,7.99,11.03
30438,23,6,6,2010,21.81,9.98,6.87,8.700000000000001
30439,23,7,6,2010,21.720833333333335,8.83,5.48,7.08
30440,23,8,6,2010,21.19,9.41,5.71,7.48
30441,23,9,6,2010,21.32166666666667,7.73,4.8,6.3
30442,23,10,6,2010,22.945833333333336,9.12,5.34,7.35
30443,23,11,6,2010,23.700833333333332,8.870000000000003,5.37,7.19
30444,23,12,6,2010,24.974999999999998,6.88,3.84,4.66
30445,23,13,6,2010,27.211666666666673,4.45,3.02,3.64
30446,23,14,6,2010,28.369999999999994,7.6400000000000015,5.24,6.61
30447,23,15,6,2010,30.26333333333334,4.83,3.47,4.22
30448,23,16,6,2010,32.29333333333333,5.76,4.34,5.22
30449,23,17,6,2010,32.270833333333336,6.44,5.15,6.09
30450,23,18,6,2010,32.038333333333334,6.7700000000000005,5.38,6.37
30451,23,19,6,2010,32.05916666666666,7.65,5.8,6.97
30452,23,20,6,2010,31.903333333333336,8.73,6.5,7.91
30453,23,21,6,2010,31.58916666666667,9.43,6.96,8.51
30454,23,22,6,2010,30.981666666666666,10.25,7.46,9.21
30455,23,23,6,2010,30.20166666666667,9.74,6.99,8.68
30456,24,0,6,2010,29.08333333333333,10.39,7.32,9.26
30457,24,1,6,2010,27.149166666666662,12.91,5.36,8.36
30458,24,2,6,2010,25.474999999999998,12.99,5.22,8.81
30459,24,3,6,2010,23.855833333333337,12.27,5.03,8.4
30460,24,4,6,2010,22.330000000000002,12.26,4.28,7.83
30461,24,5,6,2010,21.07416666666667,10.97,3.26,6.99
30462,24,6,6,2010,20.45916666666667,9.43,2.76,6.53
30463,24,7,6,2010,19.913333333333334,7.3900000000000015,2.77,5.71
30464,24,8,6,2010,19.1575,6.24,2.65,5.16
30465,24,9,6,2010,18.720833333333335,4.69,1.71,3.43
30466,24,10,6,2010,18.253333333333334,4.26,2.04,3.69
30467,24,11,6,2010,17.995833333333334,4.38,2.37,3.78
30468,24,12,6,2010,19.425833333333333,3.82,1.94,2.85
30469,24,13,6,2010,20.687499999999996,2.28,1.95,2.22
30470,24,14,6,2010,22.354166666666668,2.59,2.11,2.44
30471,24,15,6,2010,23.623333333333335,2.48,2.11,2.4
30472,24,16,6,2010,24.650833333333335,1.75,1.54,1.71
30473,24,17,6,2010,25.714166666666667,1.89,1.62,1.83
30474,24,18,6,2010,26.6925,2.05,1.82,2.03
30475,24,19,6,2010,27.399166666666662,2.22,2.02,2.23
30476,24,20,6,2010,28.12333333333333,1.67,1.57,1.7
30477,24,21,6,2010,28.778333333333332,2.08,1.81,2.03
30478,24,22,6,2010,29.0725,3.59,2.84,3.34
30479,24,23,6,2010,29.013333333333335,3.67,2.91,3.42
30480,25,0,6,2010,28.59,3.88,2.6,3.52
30481,25,1,6,2010,26.64166666666667,4.44,2.24,4.19
30482,25,2,6,2010,24.74416666666666,5.05,2.62,4.69
30483,25,3,6,2010,23.810000000000002,5.7700000000000005,3.03,5.48
30484,25,4,6,2010,22.609166666666667,6.8900000000000015,3.53,5.95
30485,25,5,6,2010,22.195000000000004,7.16,3.79,6.41
30486,25,6,6,2010,21.789999999999996,7.52,3.89,6.47
30487,25,7,6,2010,21.02416666666667,8.44,4.0600000000000005,6.9
30488,25,8,6,2010,20.4525,9.66,4.5200000000000005,7.57
30489,25,9,6,2010,19.997499999999995,9.74,4.65,7.6400000000000015
30490,25,10,6,2010,19.644166666666667,10.54,5.21,8.13
30491,25,11,6,2010,20.3025,11.06,5.93,8.46
30492,25,12,6,2010,21.24083333333333,10.99,5.99,8.02
30493,25,13,6,2010,23.39916666666667,9.49,5.8,7.03
30494,25,14,6,2010,25.65833333333333,7.8,5.86,7.11
30495,25,15,6,2010,27.513333333333325,8.870000000000003,6.5600000000000005,8.02
30496,25,16,6,2010,29.455,8.16,6.0,7.33
30497,25,17,6,2010,30.802500000000006,8.57,6.33,7.73
30498,25,18,6,2010,31.78833333333333,8.45,6.29,7.66
30499,25,19,6,2010,33.17750000000001,8.89,6.44,7.9
30500,25,20,6,2010,34.2425,9.1,6.55,8.08
30501,25,21,6,2010,34.767500000000005,9.13,6.54,8.1
30502,25,22,6,2010,34.94833333333333,9.9,7.01,8.76
30503,25,23,6,2010,34.918333333333344,9.45,6.5200000000000005,8.28
30504,26,0,6,2010,34.26083333333334,10.01,6.25,8.07
30505,26,1,6,2010,32.51500000000001,12.27,5.11,8.65
30506,26,2,6,2010,31.47666666666667,13.44,6.3,9.83
30507,26,3,6,2010,30.629166666666663,13.85,6.5200000000000005,9.95
30508,26,4,6,2010,29.499166666666667,13.45,6.07,9.32
30509,26,5,6,2010,28.98416666666667,14.3,7.1400000000000015,10.45
30510,26,6,6,2010,28.578333333333333,14.1,6.96,10.21
30511,26,7,6,2010,27.78833333333333,13.81,6.75,9.95
30512,26,8,6,2010,26.953333333333337,14.33,7.2,10.43
30513,26,9,6,2010,26.254166666666663,14.47,7.43,10.66
30514,26,10,6,2010,25.48166666666667,13.93,7.0600000000000005,10.2
30515,26,11,6,2010,24.906666666666666,13.94,8.15,10.87
30516,26,12,6,2010,26.2325,13.21,8.08,10.78
30517,26,13,6,2010,27.957499999999996,9.92,7.15,8.84
30518,26,14,6,2010,29.137500000000003,9.87,7.2,8.9
30519,26,15,6,2010,30.834999999999997,9.3,6.7700000000000005,8.36
30520,26,16,6,2010,32.145833333333336,8.63,6.2700000000000005,7.73
30521,26,17,6,2010,33.1425,8.16,6.0200000000000005,7.35
30522,26,18,6,2010,34.14833333333333,9.34,6.8500000000000005,8.41
30523,26,19,6,2010,34.95166666666667,9.53,6.99,8.59
30524,26,20,6,2010,35.5825,9.93,7.27,8.97
30525,26,21,6,2010,36.01166666666668,10.59,7.65,9.51
30526,26,22,6,2010,36.02916666666667,10.57,7.59,9.45
30527,26,23,6,2010,35.73833333333334,10.32,7.17,9.09
30528,27,0,6,2010,34.835,10.93,7.26,9.45
30529,27,1,6,2010,32.80416666666667,12.49,4.65,8.35
30530,27,2,6,2010,31.558333333333334,13.59,6.03,9.42
30531,27,3,6,2010,30.772500000000004,13.98,7.04,10.2
30532,27,4,6,2010,30.394166666666663,14.87,8.620000000000001,11.93
30533,27,5,6,2010,29.340833333333332,16.240000000000002,10.38,13.75
30534,27,6,6,2010,25.029999999999998,9.42,4.84,6.87
30535,27,7,6,2010,24.209166666666672,7.04,3.67,5.18
30536,27,8,6,2010,23.401666666666667,6.6000000000000005,2.33,4.47
30537,27,9,6,2010,23.296666666666667,3.76,2.46,4.4
30538,27,10,6,2010,23.856666666666666,6.98,3.12,5.11
30539,27,11,6,2010,24.353333333333335,7.82,4.19,6.05
30540,27,12,6,2010,24.299999999999997,8.78,5.5600000000000005,7.08
30541,27,13,6,2010,24.892500000000002,7.13,5.46,6.58
30542,27,14,6,2010,26.712500000000002,5.84,4.4,5.3100000000000005
30543,27,15,6,2010,27.84916666666666,6.7,5.05,6.09
30544,27,16,6,2010,28.685000000000002,6.3500000000000005,4.82,5.78
30545,27,17,6,2010,29.339166666666667,7.2,5.38,6.5200000000000005
30546,27,18,6,2010,29.639999999999997,9.17,6.92,8.38
30547,27,19,6,2010,29.9875,9.0,6.69,8.14
30548,27,20,6,2010,30.41999999999999,9.55,6.97,8.56
30549,27,21,6,2010,30.474166666666665,10.02,7.17,8.89
30550,27,22,6,2010,30.394166666666667,10.5,7.57,9.4
30551,27,23,6,2010,29.82416666666667,10.97,7.75,9.74
30552,28,0,6,2010,29.03833333333333,10.36,7.0600000000000005,9.06
30553,28,1,6,2010,27.014166666666668,10.86,3.76,7.37
30554,28,2,6,2010,25.761666666666667,11.63,4.21,7.86
30555,28,3,6,2010,24.039166666666663,11.91,4.23,8.65
30556,28,4,6,2010,22.8175,9.38,3.29,7.0
30557,28,5,6,2010,22.12833333333333,7.6400000000000015,3.06,6.65
30558,28,6,6,2010,21.1075,5.91,2.92,5.37
30559,28,7,6,2010,20.909166666666668,4.34,2.68,4.25
30560,28,8,6,2010,20.305833333333336,3.99,3.09,4.57
30561,28,9,6,2010,20.00583333333333,4.61,3.79,5.23
30562,28,10,6,2010,19.333333333333332,5.57,4.16,6.08
30563,28,11,6,2010,18.750833333333333,6.1000000000000005,4.1,6.1400000000000015
30564,28,12,6,2010,20.479166666666668,6.09,3.73,5.55
30565,28,13,6,2010,23.424166666666675,5.7700000000000005,3.56,4.07
30566,28,14,6,2010,25.515833333333333,4.67,3.49,4.2
30567,28,15,6,2010,27.486666666666665,5.38,3.97,4.8100000000000005
30568,28,16,6,2010,28.7525,6.04,4.57,5.49
30569,28,17,6,2010,29.538333333333338,6.22,4.67,5.62
30570,28,18,6,2010,30.3175,6.44,4.8,5.8
30571,28,19,6,2010,30.955,7.0200000000000005,5.22,6.34
30572,28,20,6,2010,31.3775,7.1000000000000005,5.2700000000000005,6.4
30573,28,21,6,2010,31.5,6.5600000000000005,4.97,5.99
30574,28,22,6,2010,31.314999999999998,6.92,5.23,6.33
30575,28,23,6,2010,31.037499999999998,6.6400000000000015,4.83,6.0
30576,29,0,6,2010,30.066666666666666,6.8500000000000005,4.04,5.5200000000000005
30577,29,1,6,2010,27.360833333333332,10.23,2.89,6.67
30578,29,2,6,2010,24.25,11.54,2.96,7.11
30579,29,3,6,2010,22.916666666666668,11.18,2.16,6.3500000000000005
30580,29,4,6,2010,22.0725,10.2,2.19,6.13
30581,29,5,6,2010,21.197500000000005,9.59,2.17,5.82
30582,29,6,6,2010,20.320833333333336,9.19,1.71,4.95
30583,29,7,6,2010,19.245833333333334,9.37,1.9,5.3500000000000005
30584,29,8,6,2010,18.111666666666668,8.16,1.6,4.7
30585,29,9,6,2010,17.224999999999998,6.88,1.5,4.05
30586,29,10,6,2010,16.354166666666664,6.05,1.51,3.5700000000000003
30587,29,11,6,2010,16.1175,5.44,2.14,3.6
30588,29,12,6,2010,17.581666666666667,5.24,2.17,3.34
30589,29,13,6,2010,19.611666666666665,4.15,3.25,3.84
30590,29,14,6,2010,21.49083333333333,4.88,3.84,4.54
30591,29,15,6,2010,22.9225,4.82,3.81,4.5
30592,29,16,6,2010,24.116666666666664,4.2700000000000005,3.42,4.0
30593,29,17,6,2010,25.245,3.81,3.04,3.5500000000000003
30594,29,18,6,2010,26.296666666666667,4.03,3.24,3.78
30595,29,19,6,2010,27.090833333333332,4.09,3.33,3.87
30596,29,20,6,2010,27.676666666666666,4.2700000000000005,3.4,3.99
30597,29,21,6,2010,28.02,4.92,3.85,4.5600000000000005
30598,29,22,6,2010,27.894166666666667,5.39,4.25,5.04
30599,29,23,6,2010,27.654166666666665,5.43,4.05,4.96
30600,30,0,6,2010,26.878333333333334,5.97,3.98,5.13
30601,30,1,6,2010,24.2925,8.13,2.98,6.41
30602,30,2,6,2010,21.694166666666664,9.63,3.17,6.75
30603,30,3,6,2010,19.74083333333333,11.14,2.48,6.88
30604,30,4,6,2010,18.79583333333333,11.28,2.76,7.35
30605,30,5,6,2010,17.928333333333338,10.55,2.64,7.16
30606,30,6,6,2010,17.37166666666667,9.82,2.87,7.11
30607,30,7,6,2010,16.844166666666666,9.5,3.0500000000000003,7.13
30608,30,8,6,2010,16.314166666666665,9.16,2.89,6.69
30609,30,9,6,2010,15.676666666666668,8.59,2.73,6.23
30610,30,10,6,2010,15.078333333333333,7.97,2.54,5.68
30611,30,11,6,2010,14.976666666666665,7.99,2.89,5.62
30612,30,12,6,2010,17.205833333333334,7.54,2.82,4.72
30613,30,13,6,2010,19.769166666666667,4.66,3.19,3.78
30614,30,14,6,2010,22.10666666666667,4.9,3.75,4.5
30615,30,15,6,2010,23.71666666666667,4.82,3.7,4.43
30616,30,16,6,2010,24.972499999999997,4.9,3.82,4.54
30617,30,17,6,2010,26.01,4.87,3.85,4.55
30618,30,18,6,2010,26.995,4.57,3.65,4.28
30619,30,19,6,2010,27.845,4.84,3.81,4.5
30620,30,20,6,2010,28.499166666666667,5.24,4.0600000000000005,4.83
30621,30,21,6,2010,28.897499999999997,5.26,4.13,4.89
30622,30,22,6,2010,29.00916666666667,5.92,4.51,5.46
30623,30,23,6,2010,28.806666666666672,6.4,4.67,5.8100000000000005
30624,1,0,7,2010,28.0525,6.49,4.73,5.88
30625,1,1,7,2010,25.438333333333333,8.53,3.12,6.76
30626,1,2,7,2010,23.726666666666663,9.21,4.13,8.03
30627,1,3,7,2010,22.736666666666665,10.73,4.19,8.290000000000001
30628,1,4,7,2010,21.474166666666665,11.32,4.23,8.51
30629,1,5,7,2010,20.665833333333335,11.73,4.32,8.53
30630,1,6,7,2010,20.103333333333335,11.83,4.44,8.61
30631,1,7,7,2010,19.219166666666663,12.16,4.3100000000000005,8.43
30632,1,8,7,2010,18.7525,12.3,4.59,8.55
30633,1,9,7,2010,18.501666666666665,12.9,5.33,9.05
30634,1,10,7,2010,18.084999999999997,12.9,5.41,9.04
30635,1,11,7,2010,18.080833333333334,12.5,5.99,8.67
30636,1,12,7,2010,19.205,10.84,5.92,8.28
30637,1,13,7,2010,20.850833333333334,8.23,5.51,6.71
30638,1,14,7,2010,22.811666666666664,7.56,5.63,6.87
30639,1,15,7,2010,24.532500000000002,7.81,5.8,7.09
30640,1,16,7,2010,25.838333333333328,7.53,5.6000000000000005,6.83
30641,1,17,7,2010,26.805000000000003,7.28,5.46,6.6400000000000015
30642,1,18,7,2010,27.5975,7.12,5.3100000000000005,6.46
30643,1,19,7,2010,28.2,7.52,5.61,6.84
30644,1,20,7,2010,28.65833333333333,7.79,5.78,7.07
30645,1,21,7,2010,28.861666666666665,8.2,5.97,7.36
30646,1,22,7,2010,28.661666666666665,8.69,6.2,7.74
30647,1,23,7,2010,28.044166666666673,9.0,6.25,7.9300000000000015
30648,2,0,7,2010,26.8575,9.08,6.2700000000000005,8.01
30649,2,1,7,2010,24.361666666666665,10.75,4.2700000000000005,7.98
30650,2,2,7,2010,22.909166666666664,11.71,4.74,8.44
30651,2,3,7,2010,21.253333333333334,12.6,4.7700000000000005,8.38
30652,2,4,7,2010,20.756666666666664,13.16,5.01,8.67
30653,2,5,7,2010,20.038333333333334,13.3,5.23,9.01
30654,2,6,7,2010,19.650833333333335,14.36,6.03,9.74
30655,2,7,7,2010,19.381666666666664,14.38,6.11,9.72
30656,2,8,7,2010,18.829166666666666,13.93,6.21,9.74
30657,2,9,7,2010,18.309166666666666,13.59,6.58,9.8
30658,2,10,7,2010,17.74916666666667,12.63,6.12,9.26
30659,2,11,7,2010,17.76,12.03,6.71,9.17
30660,2,12,7,2010,18.929166666666664,11.63,6.65,9.05
30661,2,13,7,2010,20.696666666666665,9.64,6.66,8.11
30662,2,14,7,2010,22.863333333333333,9.02,6.72,8.22
30663,2,15,7,2010,24.8125,9.03,6.7,8.2
30664,2,16,7,2010,26.38833333333334,9.4,6.88,8.46
30665,2,17,7,2010,27.53833333333333,10.08,7.31,9.04
30666,2,18,7,2010,28.465833333333332,10.07,7.31,9.03
30667,2,19,7,2010,29.1975,10.32,7.51,9.27
30668,2,20,7,2010,29.76416666666667,10.7,7.65,9.52
30669,2,21,7,2010,30.115833333333327,10.69,7.6,9.48
30670,2,22,7,2010,30.14666666666666,11.27,7.92,9.97
30671,2,23,7,2010,29.777500000000003,11.8,8.21,10.43
30672,3,0,7,2010,28.923333333333336,11.42,7.81,10.0
30673,3,1,7,2010,27.301666666666666,12.15,5.86,8.67
30674,3,2,7,2010,26.185833333333335,12.82,6.5600000000000005,9.52
30675,3,3,7,2010,25.399999999999995,13.15,6.94,9.91
30676,3,4,7,2010,24.8475,13.11,6.8100000000000005,9.79
30677,3,5,7,2010,24.495,13.24,6.76,9.78
30678,3,6,7,2010,24.125,13.32,6.96,9.96
30679,3,7,7,2010,23.738333333333333,13.82,7.3900000000000015,10.43
30680,3,8,7,2010,23.2825,12.68,6.62,9.46
30681,3,9,7,2010,22.793333333333337,12.38,6.74,9.48
30682,3,10,7,2010,22.595,11.25,6.03,8.55
30683,3,11,7,2010,22.563333333333333,11.43,6.88,9.21
30684,3,12,7,2010,23.128333333333334,10.66,6.38,8.42
30685,3,13,7,2010,24.366666666666664,9.5,6.9,8.55
30686,3,14,7,2010,25.674166666666668,10.63,7.67,9.53
30687,3,15,7,2010,26.61,11.01,7.9300000000000015,9.85
30688,3,16,7,2010,27.68916666666667,10.93,7.83,9.74
30689,3,17,7,2010,28.588333333333335,10.93,7.71,9.72
30690,3,18,7,2010,28.823333333333338,12.3,9.18,11.35
30691,3,19,7,2010,28.537500000000005,10.86,7.79,9.66
30692,3,20,7,2010,25.5,17.11,11.71,14.97
30693,3,21,7,2010,26.430833333333336,11.81,8.27,10.41
30694,3,22,7,2010,24.695833333333336,16.59,10.3,13.67
30695,3,23,7,2010,25.098333333333333,13.73,9.52,12.01
30696,4,0,7,2010,23.599999999999994,14.45,9.1,11.92
30697,4,1,7,2010,23.175,13.6,8.02,10.92
30698,4,2,7,2010,23.153333333333336,13.92,8.49,11.4
30699,4,3,7,2010,22.403333333333332,14.2,8.92,11.83
30700,4,4,7,2010,21.63,13.96,8.61,11.47
30701,4,5,7,2010,21.379166666666666,13.76,8.290000000000001,11.14
30702,4,6,7,2010,21.389166666666668,13.92,8.33,11.21
30703,4,7,7,2010,21.5725,13.37,7.91,10.69
30704,4,8,7,2010,22.0475,13.81,8.47,11.32
30705,4,9,7,2010,22.1275,13.46,8.19,10.95
30706,4,10,7,2010,21.87666666666667,12.85,7.76,10.44
30707,4,11,7,2010,21.64833333333333,11.8,7.0600000000000005,9.52
30708,4,12,7,2010,21.950833333333332,13.21,8.370000000000001,11.01
30709,4,13,7,2010,22.5725,12.91,8.01,10.64
30710,4,14,7,2010,23.415000000000003,11.19,7.32,9.3
30711,4,15,7,2010,23.695000000000004,10.46,7.25,9.2
30712,4,16,7,2010,25.331666666666667,12.53,8.78,11.03
30713,4,17,7,2010,25.814166666666665,12.73,8.94,11.21
30714,4,18,7,2010,25.242499999999996,10.86,7.41,9.51
30715,4,19,7,2010,24.322499999999994,10.16,6.98,8.89
30716,4,20,7,2010,23.201666666666668,8.48,6.03,7.4
30717,4,21,7,2010,21.522499999999997,9.38,5.34,7.42
30718,4,22,7,2010,22.025833333333335,11.85,7.42,9.8
30719,4,23,7,2010,22.01,11.15,6.8100000000000005,9.1
30720,5,0,7,2010,22.104166666666668,9.03,4.96,6.93
30721,5,1,7,2010,21.863333333333333,5.16,1.93,3.24
30722,5,2,7,2010,21.576666666666668,5.11,1.73,2.73
30723,5,3,7,2010,21.755,5.15,1.66,2.67
30724,5,4,7,2010,21.34166666666667,5.83,2.24,3.5
30725,5,5,7,2010,21.56,7.63,3.48,5.3100000000000005
30726,5,6,7,2010,22.009166666666662,8.78,4.63,6.62
30727,5,7,7,2010,22.108333333333334,9.52,5.0600000000000005,7.1400000000000015
30728,5,8,7,2010,21.986666666666665,9.43,4.91,7.07
30729,5,9,7,2010,21.898333333333337,8.67,4.57,6.57
30730,5,10,7,2010,22.146666666666665,8.09,4.61,6.3500000000000005
30731,5,11,7,2010,22.125833333333333,8.35,4.82,6.6000000000000005
30732,5,12,7,2010,22.25583333333333,8.49,5.55,7.12
30733,5,13,7,2010,22.655,8.35,6.12,7.55
30734,5,14,7,2010,22.870833333333334,7.59,5.76,6.99
30735,5,15,7,2010,23.996666666666666,5.98,4.6000000000000005,5.53
30736,5,16,7,2010,25.180000000000003,4.67,3.45,4.2
30737,5,17,7,2010,26.229166666666668,5.55,4.17,5.04
30738,5,18,7,2010,26.887500000000003,6.16,4.6000000000000005,5.58
30739,5,19,7,2010,27.253333333333334,7.5,5.54,6.76
30740,5,20,7,2010,27.330000000000002,8.0,5.91,7.24
30741,5,21,7,2010,27.120833333333334,7.65,5.66,6.93
30742,5,22,7,2010,27.385833333333338,8.33,5.98,7.42
30743,5,23,7,2010,27.28333333333333,8.35,5.93,7.42
30744,6,0,7,2010,26.859166666666667,7.04,4.94,6.2
30745,6,1,7,2010,25.795000000000005,6.88,3.8,5.4
30746,6,2,7,2010,24.785833333333333,7.1000000000000005,3.26,5.43
30747,6,3,7,2010,24.106666666666666,8.68,3.99,6.26
30748,6,4,7,2010,23.39916666666667,9.91,4.32,7.09
30749,6,5,7,2010,23.351666666666663,9.24,4.57,7.19
30750,6,6,7,2010,22.271666666666665,9.36,4.66,7.07
30751,6,7,7,2010,21.753333333333334,9.19,4.59,6.93
30752,6,8,7,2010,21.900833333333335,8.59,4.26,6.66
30753,6,9,7,2010,22.012500000000003,6.92,3.82,6.09
30754,6,10,7,2010,21.104166666666668,4.22,2.9,4.48
30755,6,11,7,2010,20.990833333333338,3.59,2.56,3.97
30756,6,12,7,2010,22.44,2.96,2.18,3.14
30757,6,13,7,2010,24.381666666666664,1.56,1.34,1.53
30758,6,14,7,2010,25.317500000000006,2.02,1.84,2.05
30759,6,15,7,2010,26.328333333333333,1.74,1.54,1.72
30760,6,16,7,2010,27.3175,1.88,1.59,1.8
30761,6,17,7,2010,28.258333333333336,2.34,2.08,2.31
30762,6,18,7,2010,29.05666666666666,2.23,1.94,2.16
30763,6,19,7,2010,29.896666666666665,2.47,2.2,2.44
30764,6,20,7,2010,30.465,2.16,2.02,2.21
30765,6,21,7,2010,30.918333333333333,3.33,2.79,3.2
30766,6,22,7,2010,31.0475,4.14,3.34,3.92
30767,6,23,7,2010,30.608333333333334,8.06,5.94,7.43
30768,7,0,7,2010,26.813333333333336,12.29,8.46,10.9
30769,7,1,7,2010,24.651666666666667,8.93,6.5600000000000005,8.36
30770,7,2,7,2010,23.861666666666668,6.8500000000000005,3.85,5.26
30771,7,3,7,2010,23.61916666666667,8.1,4.29,6.0200000000000005
30772,7,4,7,2010,23.048333333333336,6.8100000000000005,3.08,4.65
30773,7,5,7,2010,22.96666666666667,8.1,3.95,5.82
30774,7,6,7,2010,22.850000000000005,8.120000000000001,3.95,5.8500000000000005
30775,7,7,7,2010,22.53,6.98,2.98,5.0
30776,7,8,7,2010,21.838333333333335,4.9,1.36,3.12
30777,7,9,7,2010,21.814166666666665,4.86,2.14,3.9
30778,7,10,7,2010,21.299166666666668,2.87,1.94,2.67
30779,7,11,7,2010,21.312500000000004,3.51,1.97,2.86
30780,7,12,7,2010,22.035833333333333,3.51,2.48,2.82
30781,7,13,7,2010,23.475000000000005,2.4,2.01,2.31
30782,7,14,7,2010,24.824166666666667,2.66,2.23,2.56
30783,7,15,7,2010,25.865833333333338,2.61,2.19,2.51
30784,7,16,7,2010,27.11333333333333,3.22,2.59,3.03
30785,7,17,7,2010,27.000833333333333,10.03,7.22,9.14
30786,7,18,7,2010,22.548333333333336,14.47,10.6,13.01
30787,7,19,7,2010,23.578333333333333,9.06,6.92,8.370000000000001
30788,7,20,7,2010,23.918333333333333,6.11,4.61,5.6000000000000005
30789,7,21,7,2010,23.89833333333333,6.38,4.95,5.94
30790,7,22,7,2010,24.959999999999997,5.68,4.38,5.23
30791,7,23,7,2010,24.769166666666663,5.39,4.18,5.01
30792,8,0,7,2010,24.598333333333333,3.3000000000000003,2.36,2.92
30793,8,1,7,2010,24.02,4.97,2.59,4.17
30794,8,2,7,2010,23.53833333333333,6.05,2.25,4.93
30795,8,3,7,2010,22.737499999999997,6.61,2.94,5.26
30796,8,4,7,2010,21.919999999999998,5.95,2.08,4.74
30797,8,5,7,2010,21.424166666666668,5.7700000000000005,2.01,4.5200000000000005
30798,8,6,7,2010,20.955833333333334,6.23,3.31,5.22
30799,8,7,7,2010,20.279166666666665,6.45,3.34,5.2700000000000005
30800,8,8,7,2010,19.922500000000003,7.42,3.19,5.42
30801,8,9,7,2010,19.330833333333334,8.58,3.64,6.0
30802,8,10,7,2010,18.918333333333333,8.540000000000001,3.87,6.12
30803,8,11,7,2010,18.64583333333333,8.41,4.45,6.1000000000000005
30804,8,12,7,2010,19.2425,7.24,4.59,5.63
30805,8,13,7,2010,20.719166666666666,6.7700000000000005,5.09,6.18
30806,8,14,7,2010,22.201666666666664,7.04,5.2700000000000005,6.41
30807,8,15,7,2010,23.69333333333333,6.8,5.1000000000000005,6.18
30808,8,16,7,2010,24.918333333333337,6.68,5.04,6.08
30809,8,17,7,2010,25.96666666666667,6.08,4.62,5.54
30810,8,18,7,2010,26.831666666666663,5.75,4.41,5.2700000000000005
30811,8,19,7,2010,27.319999999999997,5.53,4.28,5.11
30812,8,20,7,2010,27.825,5.42,3.98,4.89
30813,8,21,7,2010,28.003333333333334,6.38,4.63,5.68
30814,8,22,7,2010,28.152500000000003,5.69,4.22,5.11
30815,8,23,7,2010,27.8475,6.47,4.47,5.64
30816,9,0,7,2010,27.21083333333333,6.5,4.3100000000000005,5.37
30817,9,1,7,2010,25.422500000000003,8.0,3.21,5.48
30818,9,2,7,2010,24.09583333333333,8.540000000000001,3.43,6.73
30819,9,3,7,2010,22.810833333333335,8.0,2.98,5.93
30820,9,4,7,2010,22.08083333333333,6.38,1.98,5.14
30821,9,5,7,2010,21.537499999999998,6.03,2.24,4.93
30822,9,6,7,2010,20.916666666666668,5.67,2.11,4.75
30823,9,7,7,2010,20.200000000000003,4.5,1.91,3.81
30824,9,8,7,2010,19.608333333333334,3.64,1.37,2.62
30825,9,9,7,2010,19.075833333333335,4.4,2.57,4.34
30826,9,10,7,2010,18.22916666666667,4.54,2.62,4.38
30827,9,11,7,2010,17.9525,4.54,2.45,4.15
30828,9,12,7,2010,18.985,4.3500000000000005,2.13,3.29
30829,9,13,7,2010,20.851666666666667,3.08,2.51,2.92
30830,9,14,7,2010,22.680000000000003,3.47,2.81,3.29
30831,9,15,7,2010,24.3,3.97,3.1,3.67
30832,9,16,7,2010,25.348333333333333,3.98,3.12,3.68
30833,9,17,7,2010,26.1575,3.78,2.98,3.5
30834,9,18,7,2010,26.852500000000006,3.5500000000000003,2.84,3.31
30835,9,19,7,2010,27.473333333333333,3.22,2.59,3.01
30836,9,20,7,2010,27.9825,2.76,2.31,2.65
30837,9,21,7,2010,28.237499999999997,2.56,2.2,2.49
30838,9,22,7,2010,28.320000000000004,2.12,1.87,2.09
30839,9,23,7,2010,28.174166666666668,2.57,2.06,2.43
30840,10,0,7,2010,27.535000000000007,3.2,1.93,3.02
30841,10,1,7,2010,25.885833333333334,3.19,2.27,3.41
30842,10,2,7,2010,24.185833333333335,2.08,1.05,1.93
30843,10,3,7,2010,22.96083333333333,1.64,0.24,1.09
30844,10,4,7,2010,22.375833333333336,1.39,0.33,0.84
30845,10,5,7,2010,21.359166666666667,2.54,1.43,2.59
30846,10,6,7,2010,21.45,3.34,1.47,2.81
30847,10,7,7,2010,20.999166666666667,3.79,1.98,3.52
30848,10,8,7,2010,20.498333333333335,5.37,3.0500000000000003,5.0200000000000005
30849,10,9,7,2010,20.200833333333335,5.8,3.13,5.13
30850,10,10,7,2010,19.925,5.94,3.21,5.2700000000000005
30851,10,11,7,2010,19.71916666666667,6.38,3.67,5.61
30852,10,12,7,2010,20.968333333333337,6.55,3.5700000000000003,5.37
30853,10,13,7,2010,23.3475,5.88,3.22,3.9
30854,10,14,7,2010,25.273333333333337,4.74,3.64,4.36
30855,10,15,7,2010,26.145,4.7,3.62,4.33
30856,10,16,7,2010,26.92333333333333,4.29,3.37,3.98
30857,10,17,7,2010,27.691666666666663,4.36,3.43,4.04
30858,10,18,7,2010,28.495,4.2,3.26,3.85
30859,10,19,7,2010,29.101666666666663,4.28,3.34,3.95
30860,10,20,7,2010,29.528333333333336,4.66,3.67,4.33
30861,10,21,7,2010,29.887500000000006,4.92,3.75,4.49
30862,10,22,7,2010,29.833333333333332,6.55,4.95,6.01
30863,10,23,7,2010,29.385833333333334,7.19,5.26,6.5200000000000005
30864,11,0,7,2010,28.418333333333333,7.5,4.87,6.18
30865,11,1,7,2010,26.60333333333334,10.32,4.38,7.48
30866,11,2,7,2010,25.888333333333332,10.61,5.18,7.8900000000000015
30867,11,3,7,2010,25.767500000000002,11.0,5.92,8.41
30868,11,4,7,2010,25.254166666666663,11.77,6.2,8.790000000000001
30869,11,5,7,2010,24.108333333333334,12.01,5.63,8.52
30870,11,6,7,2010,23.67916666666667,12.62,6.54,9.42
30871,11,7,7,2010,23.399999999999995,12.98,6.8500000000000005,9.77
30872,11,8,7,2010,22.13416666666667,11.42,4.88,7.68
30873,11,9,7,2010,21.143333333333334,9.88,2.82,5.8100000000000005
30874,11,10,7,2010,21.70833333333334,10.26,4.61,6.59
30875,11,11,7,2010,22.18166666666667,10.03,5.38,7.38
30876,11,12,7,2010,23.493333333333336,9.4,5.66,7.94
30877,11,13,7,2010,23.115833333333338,13.54,8.53,11.51
30878,11,14,7,2010,23.994166666666672,8.2,5.6000000000000005,7.08
30879,11,15,7,2010,25.870833333333337,6.88,5.18,6.2700000000000005
30880,11,16,7,2010,27.63083333333333,3.99,3.12,3.68
30881,11,17,7,2010,28.65166666666667,4.05,3.28,3.96
30882,11,18,7,2010,28.850833333333338,4.1,3.47,4.0200000000000005
30883,11,19,7,2010,28.027500000000003,7.07,5.37,6.22
30884,11,20,7,2010,25.63333333333333,7.6,6.41,7.41
30885,11,21,7,2010,27.4325,4.61,3.69,4.41
30886,11,22,7,2010,21.07166666666667,21.18,15.23,18.62
30887,11,23,7,2010,19.699166666666667,11.2,7.54,9.37
30888,12,0,7,2010,20.146666666666665,5.64,3.88,4.75
30889,12,1,7,2010,19.888333333333332,6.24,3.79,4.97
30890,12,2,7,2010,19.24083333333333,4.62,3.29,4.1
30891,12,3,7,2010,19.044999999999998,5.87,2.39,4.44
30892,12,4,7,2010,18.872500000000002,3.42,1.63,3.56
30893,12,5,7,2010,18.158333333333335,4.7700000000000005,3.3200000000000003,4.59
30894,12,6,7,2010,17.72666666666667,4.7,2.27,3.58
30895,12,7,7,2010,17.794166666666666,3.0,1.96,2.73
30896,12,8,7,2010,17.658333333333335,2.35,1.96,2.19
30897,12,9,7,2010,17.6725,2.73,0.51,1.46
30898,12,10,7,2010,17.47833333333333,3.18,1.22,1.91
30899,12,11,7,2010,17.297500000000003,3.0,1.77,2.76
30900,12,12,7,2010,16.793333333333337,3.36,2.22,2.68
30901,12,13,7,2010,17.87666666666667,2.65,1.05,1.32
30902,12,14,7,2010,20.121666666666666,1.65,1.56,1.71
30903,12,15,7,2010,22.136666666666667,1.44,1.44,1.56
30904,12,16,7,2010,23.488333333333333,5.7,4.4,5.24
30905,12,17,7,2010,24.4575,5.5600000000000005,4.28,5.12
30906,12,18,7,2010,25.170833333333338,3.74,3.0500000000000003,3.54
30907,12,19,7,2010,26.08333333333333,4.82,3.95,4.59
30908,12,20,7,2010,27.064166666666665,4.86,3.85,4.49
30909,12,21,7,2010,27.948333333333334,5.18,4.01,4.76
30910,12,22,7,2010,28.43166666666667,5.2700000000000005,3.91,4.73
30911,12,23,7,2010,27.214166666666667,17.53,11.18,13.95
30912,13,0,7,2010,19.399999999999995,16.86,11.24,14.01
30913,13,1,7,2010,18.4875,8.56,5.57,7.16
30914,13,2,7,2010,18.093333333333334,5.19,1.82,3.4
30915,13,3,7,2010,18.386666666666667,2.76,2.78,3.66
30916,13,4,7,2010,18.361666666666665,4.98,2.43,4.24
30917,13,5,7,2010,18.613333333333333,4.99,2.15,3.94
30918,13,6,7,2010,19.06083333333333,4.79,1.69,3.42
30919,13,7,7,2010,18.787499999999998,4.0600000000000005,1.34,2.73
30920,13,8,7,2010,18.436666666666664,4.39,1.55,3.0
30921,13,9,7,2010,18.790833333333328,4.78,2.22,3.82
30922,13,10,7,2010,18.793333333333333,5.5200000000000005,2.46,4.43
30923,13,11,7,2010,18.950000000000003,6.15,2.84,4.74
30924,13,12,7,2010,20.622500000000002,6.11,2.84,4.32
30925,13,13,7,2010,22.512500000000003,4.79,3.3200000000000003,3.95
30926,13,14,7,2010,24.5175,6.1400000000000015,4.62,5.59
30927,13,15,7,2010,26.385833333333338,6.45,4.83,5.8500000000000005
30928,13,16,7,2010,27.97583333333333,6.95,5.19,6.29
30929,13,17,7,2010,29.284166666666668,7.43,5.51,6.71
30930,13,18,7,2010,30.362499999999997,7.84,5.79,7.0600000000000005
30931,13,19,7,2010,31.2,8.32,6.1400000000000015,7.51
30932,13,20,7,2010,31.757500000000004,9.19,6.69,8.26
30933,13,21,7,2010,32.07750000000001,9.82,7.07,8.78
30934,13,22,7,2010,32.27083333333333,10.27,7.28,9.13
30935,13,23,7,2010,32.026666666666664,10.49,7.27,9.25
30936,14,0,7,2010,31.110000000000003,10.83,6.49,8.52
30937,14,1,7,2010,29.183333333333334,11.54,4.9,7.83
30938,14,2,7,2010,27.98666666666666,12.42,5.37,8.55
30939,14,3,7,2010,27.477500000000003,13.42,6.61,9.76
30940,14,4,7,2010,27.257499999999997,14.06,7.19,10.38
30941,14,5,7,2010,26.92083333333333,14.33,7.41,10.61
30942,14,6,7,2010,26.41083333333333,14.5,7.44,10.67
30943,14,7,7,2010,26.066666666666666,14.67,7.71,10.93
30944,14,8,7,2010,26.080000000000002,15.02,8.06,11.34
30945,14,9,7,2010,26.036666666666672,14.71,7.74,11.0
30946,14,10,7,2010,25.291666666666668,13.42,6.51,9.59
30947,14,11,7,2010,25.090833333333332,13.24,6.83,9.67
30948,14,12,7,2010,26.784166666666668,13.1,7.99,10.61
30949,14,13,7,2010,28.542500000000004,12.1,7.03,9.62
30950,14,14,7,2010,29.588333333333335,8.91,6.41,7.97
30951,14,15,7,2010,31.081666666666674,9.34,6.74,8.36
30952,14,16,7,2010,32.410833333333336,9.42,6.78,8.42
30953,14,17,7,2010,33.375833333333325,9.22,6.67,8.24
30954,14,18,7,2010,34.10000000000001,9.86,7.1000000000000005,8.82
30955,14,19,7,2010,34.71583333333333,10.15,7.3,9.06
30956,14,20,7,2010,35.08833333333334,11.06,7.95,9.9
30957,14,21,7,2010,35.126666666666665,10.87,7.74,9.69
30958,14,22,7,2010,34.895,10.65,7.3900000000000015,9.38
30959,14,23,7,2010,34.25416666666666,11.6,8.0,10.23
30960,15,0,7,2010,32.65916666666667,11.27,6.26,8.46
30961,15,1,7,2010,30.21166666666667,11.17,4.86,7.97
30962,15,2,7,2010,29.258333333333326,13.13,5.98,9.31
30963,15,3,7,2010,29.2525,13.93,6.82,10.1
30964,15,4,7,2010,28.749166666666664,13.63,6.34,9.61
30965,15,5,7,2010,28.5775,12.56,5.83,8.81
30966,15,6,7,2010,28.255,12.27,5.66,8.5
30967,15,7,7,2010,27.210833333333337,11.08,5.8100000000000005,8.09
30968,15,8,7,2010,25.477499999999996,9.88,5.41,7.73
30969,15,9,7,2010,24.034999999999997,9.0,4.57,6.74
30970,15,10,7,2010,24.0325,7.1000000000000005,3.15,5.04
30971,15,11,7,2010,23.647499999999997,7.99,3.97,5.98
30972,15,12,7,2010,23.959999999999997,7.61,5.48,6.79
30973,15,13,7,2010,24.695833333333336,7.54,5.49,6.7700000000000005
30974,15,14,7,2010,25.84583333333333,7.18,5.34,6.51
30975,15,15,7,2010,27.029166666666665,6.65,4.96,6.03
30976,15,16,7,2010,28.08083333333333,5.92,4.5,5.4
30977,15,17,7,2010,28.935000000000002,5.66,4.32,5.18
30978,15,18,7,2010,29.557500000000005,5.0600000000000005,3.93,4.66
30979,15,19,7,2010,30.12833333333333,4.96,3.86,4.57
30980,15,20,7,2010,30.554999999999996,4.82,3.74,4.43
30981,15,21,7,2010,30.698333333333334,3.93,3.12,3.67
30982,15,22,7,2010,30.69333333333333,3.58,2.87,3.36
30983,15,23,7,2010,30.525000000000002,3.2,2.63,3.0500000000000003
30984,16,0,7,2010,29.59083333333334,3.29,2.23,3.04
30985,16,1,7,2010,27.3625,2.9,1.39,2.71
30986,16,2,7,2010,25.569166666666664,2.77,0.65,1.69
30987,16,3,7,2010,24.853333333333335,2.67,0.49,1.53
30988,16,4,7,2010,23.965833333333336,3.22,0.98,2.31
30989,16,5,7,2010,23.081666666666663,3.41,1.12,2.53
30990,16,6,7,2010,22.576666666666664,2.81,0.76,1.92
30991,16,7,7,2010,21.92,3.3200000000000003,1.06,2.38
30992,16,8,7,2010,21.735833333333332,3.6,1.15,2.52
30993,16,9,7,2010,21.534999999999997,3.6,1.13,2.48
30994,16,10,7,2010,21.985000000000003,4.5,1.64,3.3200000000000003
30995,16,11,7,2010,20.321666666666665,11.52,7.6,9.82
30996,16,12,7,2010,19.13083333333333,10.97,6.91,9.08
30997,16,13,7,2010,19.871666666666666,6.87,4.12,5.2
30998,16,14,7,2010,22.75,5.43,4.22,5.03
30999,16,15,7,2010,26.13083333333334,7.01,5.3500000000000005,6.46
31000,16,16,7,2010,27.649166666666662,7.17,5.48,6.59
31001,16,17,7,2010,29.00583333333333,5.92,4.51,5.41
31002,16,18,7,2010,30.0625,4.74,3.63,4.33
31003,16,19,7,2010,30.879166666666666,3.37,2.69,3.15
31004,16,20,7,2010,31.60083333333333,2.81,2.25,2.61
31005,16,21,7,2010,32.2025,2.53,1.99,2.34
31006,16,22,7,2010,32.509166666666665,2.24,1.76,2.06
31007,16,23,7,2010,32.57333333333333,2.61,1.94,2.35
31008,17,0,7,2010,32.240833333333335,2.5500000000000003,1.86,2.32
31009,17,1,7,2010,30.185,2.82,0.98,2.1
31010,17,2,7,2010,28.31916666666667,2.94,1.32,2.5500000000000003
31011,17,3,7,2010,27.436666666666667,5.49,2.5500000000000003,5.21
31012,17,4,7,2010,26.6225,5.71,3.4,5.75
31013,17,5,7,2010,25.8475,7.81,4.3,6.73
31014,17,6,7,2010,25.400833333333335,11.44,4.24,7.54
31015,17,7,7,2010,25.099166666666672,11.13,4.3500000000000005,7.59
31016,17,8,7,2010,24.271666666666665,9.56,4.86,7.62
31017,17,9,7,2010,24.16083333333333,7.95,4.54,7.13
31018,17,10,7,2010,23.861666666666665,6.84,4.0,6.45
31019,17,11,7,2010,23.744999999999994,5.58,3.62,5.76
31020,17,12,7,2010,25.35833333333333,6.09,3.5,5.1000000000000005
31021,17,13,7,2010,27.446666666666673,5.28,3.31,3.94
31022,17,14,7,2010,29.24083333333333,4.68,3.61,4.33
31023,17,15,7,2010,30.45,4.65,3.5700000000000003,4.28
31024,17,16,7,2010,31.816666666666663,4.48,3.39,4.07
31025,17,17,7,2010,33.04083333333333,5.71,4.46,5.29
31026,17,18,7,2010,33.71416666666667,6.08,4.7700000000000005,5.67
31027,17,19,7,2010,34.400000000000006,5.96,4.44,5.36
31028,17,20,7,2010,35.07916666666667,6.3,4.78,5.76
31029,17,21,7,2010,35.55583333333334,5.92,4.39,5.34
31030,17,22,7,2010,36.07,6.63,4.89,6.04
31031,17,23,7,2010,36.105,6.98,4.64,5.99
31032,18,0,7,2010,34.720000000000006,8.02,3.91,5.86
31033,18,1,7,2010,32.169999999999995,11.62,4.82,8.24
31034,18,2,7,2010,30.996666666666666,12.11,5.44,8.700000000000001
31035,18,3,7,2010,30.372500000000002,13.49,5.8,9.23
31036,18,4,7,2010,29.767500000000002,14.0,6.23,9.62
31037,18,5,7,2010,29.531666666666666,14.54,6.5200000000000005,9.85
31038,18,6,7,2010,28.673333333333332,12.96,5.55,9.06
31039,18,7,7,2010,28.786666666666665,12.43,5.98,8.83
31040,18,8,7,2010,28.875833333333333,10.22,4.5600000000000005,7.1400000000000015
31041,18,9,7,2010,27.89166666666667,10.19,4.87,7.44
31042,18,10,7,2010,27.629166666666674,10.18,3.74,6.19
31043,18,11,7,2010,28.0625,7.66,3.43,5.96
31044,18,12,7,2010,27.800833333333333,6.2,3.74,5.48
31045,18,13,7,2010,28.331666666666667,4.71,3.56,4.22
31046,18,14,7,2010,30.649999999999995,5.49,4.39,5.22
31047,18,15,7,2010,32.16416666666667,4.15,3.23,3.85
31048,18,16,7,2010,32.968333333333334,4.36,3.84,4.36
31049,18,17,7,2010,31.82083333333333,6.83,5.4,6.43
31050,18,18,7,2010,32.30083333333333,5.72,4.43,5.2700000000000005
31051,18,19,7,2010,32.93333333333334,5.5,4.3500000000000005,5.15
31052,18,20,7,2010,33.41166666666667,4.94,4.1,4.76
31053,18,21,7,2010,33.48916666666667,7.95,6.17,7.44
31054,18,22,7,2010,31.939999999999998,8.82,6.7,8.13
31055,18,23,7,2010,31.563333333333333,7.74,5.75,7.05
31056,19,0,7,2010,30.14333333333333,8.01,5.5,6.92
31057,19,1,7,2010,27.9575,9.19,4.4,6.57
31058,19,2,7,2010,26.514166666666664,9.48,3.67,6.3100000000000005
31059,19,3,7,2010,25.82416666666667,10.13,3.67,6.38
31060,19,4,7,2010,25.098333333333333,10.89,3.41,6.76
31061,19,5,7,2010,24.97333333333333,10.91,3.75,7.01
31062,19,6,7,2010,23.8425,10.84,3.31,6.33
31063,19,7,7,2010,23.515833333333337,11.42,3.78,6.53
31064,19,8,7,2010,22.676666666666666,10.89,3.5700000000000003,6.79
31065,19,9,7,2010,21.874166666666667,10.3,3.65,6.38
31066,19,10,7,2010,21.5825,10.22,5.48,7.7
31067,19,11,7,2010,21.145833333333332,8.69,3.86,5.8100000000000005
31068,19,12,7,2010,22.378333333333334,5.2,3.63,4.84
31069,19,13,7,2010,24.02416666666667,4.47,2.69,3.69
31070,19,14,7,2010,26.72583333333333,4.3500000000000005,2.98,3.79
31071,19,15,7,2010,27.9975,6.03,4.97,5.78
31072,19,16,7,2010,27.87166666666667,6.68,5.2700000000000005,6.25
31073,19,17,7,2010,30.16666666666667,7.27,5.26,6.36
31074,19,18,7,2010,32.027499999999996,7.12,5.12,6.26
31075,19,19,7,2010,31.849999999999998,8.52,6.76,8.01
31076,19,20,7,2010,29.385,14.51,10.72,13.17
31077,19,21,7,2010,26.455,15.6,11.56,14.29
31078,19,22,7,2010,26.755,11.71,8.76,10.71
31079,19,23,7,2010,27.041666666666668,10.58,7.85,9.63
31080,20,0,7,2010,26.411666666666665,9.33,6.84,8.42
31081,20,1,7,2010,24.72583333333333,9.62,4.98,6.88
31082,20,2,7,2010,23.742499999999996,10.82,5.74,7.98
31083,20,3,7,2010,23.690833333333334,12.1,6.8100000000000005,9.38
31084,20,4,7,2010,25.271666666666665,11.93,6.5200000000000005,9.16
31085,20,5,7,2010,25.713333333333328,18.05,11.15,15.06
31086,20,6,7,2010,25.767500000000002,7.81,5.65,7.46
31087,20,7,7,2010,24.800833333333333,6.48,2.15,3.3200000000000003
31088,20,8,7,2010,24.47916666666666,2.33,1.95,2.76
31089,20,9,7,2010,24.1675,2.94,2.19,2.77
31090,20,10,7,2010,23.28,6.8500000000000005,3.61,5.47
31091,20,11,7,2010,23.3925,6.0600000000000005,3.85,4.96
31092,20,12,7,2010,23.810833333333335,5.1000000000000005,3.16,4.4
31093,20,13,7,2010,25.090833333333336,4.8100000000000005,2.97,3.54
31094,20,14,7,2010,26.80333333333333,4.47,3.47,4.14
31095,20,15,7,2010,28.400000000000002,5.73,4.24,5.13
31096,20,16,7,2010,25.735,15.99,11.02,13.76
31097,20,17,7,2010,25.113333333333333,8.11,6.2700000000000005,7.5
31098,20,18,7,2010,26.999166666666664,6.57,5.18,6.1000000000000005
31099,20,19,7,2010,28.59833333333333,5.94,4.73,5.58
31100,20,20,7,2010,29.5,6.07,4.8500000000000005,5.69
31101,20,21,7,2010,26.575833333333332,11.97,9.39,11.26
31102,20,22,7,2010,25.703333333333333,9.29,7.1000000000000005,8.56
31103,20,23,7,2010,25.248333333333335,8.13,6.32,7.58
31104,21,0,7,2010,25.555000000000003,6.42,4.64,5.68
31105,21,1,7,2010,24.519166666666667,8.83,4.9,6.8900000000000015
31106,21,2,7,2010,23.241666666666664,8.8,5.16,7.07
31107,21,3,7,2010,22.28,6.5200000000000005,4.2,5.53
31108,21,4,7,2010,21.83083333333333,6.74,4.08,5.5200000000000005
31109,21,5,7,2010,22.293333333333333,7.21,4.34,5.7700000000000005
31110,21,6,7,2010,21.87,8.4,4.21,6.26
31111,21,7,7,2010,21.565,8.58,3.85,6.01
31112,21,8,7,2010,20.690833333333334,6.74,3.15,4.53
31113,21,9,7,2010,20.180833333333336,7.67,4.04,5.54
31114,21,10,7,2010,20.741666666666664,7.88,3.98,5.47
31115,21,11,7,2010,21.009166666666665,8.17,4.3100000000000005,5.99
31116,21,12,7,2010,21.598333333333333,7.22,5.05,6.1000000000000005
31117,21,13,7,2010,22.990833333333338,7.55,5.79,6.98
31118,21,14,7,2010,24.998333333333335,7.08,5.45,6.5600000000000005
31119,21,15,7,2010,27.1225,6.88,5.29,6.3500000000000005
31120,21,16,7,2010,29.109166666666663,6.88,5.2,6.28
31121,21,17,7,2010,30.651666666666667,7.09,5.23,6.38
31122,21,18,7,2010,32.01666666666666,7.94,5.83,7.13
31123,21,19,7,2010,33.3625,8.32,6.05,7.41
31124,21,20,7,2010,34.858333333333334,9.03,6.46,8.0
31125,21,21,7,2010,35.1325,10.13,7.21,9.0
31126,21,22,7,2010,35.03083333333334,10.14,7.11,8.93
31127,21,23,7,2010,34.5625,10.2,7.09,9.0
31128,22,0,7,2010,33.21416666666667,10.61,6.13,8.26
31129,22,1,7,2010,30.5525,12.02,4.4,7.78
31130,22,2,7,2010,29.790833333333335,13.0,5.37,8.78
31131,22,3,7,2010,29.21416666666666,13.91,6.5,9.91
31132,22,4,7,2010,28.695833333333336,14.8,7.49,10.78
31133,22,5,7,2010,27.91333333333333,13.74,6.95,10.1
31134,22,6,7,2010,27.477500000000003,14.51,7.72,10.92
31135,22,7,7,2010,27.2675,14.65,8.01,11.19
31136,22,8,7,2010,26.65833333333333,13.27,6.74,9.74
31137,22,9,7,2010,26.188333333333336,13.58,6.96,10.04
31138,22,10,7,2010,26.081666666666663,13.6,6.97,10.06
31139,22,11,7,2010,25.474166666666665,13.1,6.41,9.44
31140,22,12,7,2010,26.983333333333338,15.09,9.37,12.38
31141,22,13,7,2010,28.31833333333333,13.74,8.69,11.13
31142,22,14,7,2010,29.745000000000005,13.99,9.76,12.33
31143,22,15,7,2010,31.058333333333334,14.54,10.16,12.81
31144,22,16,7,2010,32.2425,14.58,10.24,12.87
31145,22,17,7,2010,33.29,14.62,10.27,12.9
31146,22,18,7,2010,34.104166666666664,14.67,10.27,12.91
31147,22,19,7,2010,34.711666666666666,14.48,10.1,12.74
31148,22,20,7,2010,35.2325,14.08,9.83,12.37
31149,22,21,7,2010,35.50000000000001,14.01,9.65,12.25
31150,22,22,7,2010,35.534166666666664,14.35,9.77,12.52
31151,22,23,7,2010,35.05916666666666,14.57,9.92,12.72
31152,23,0,7,2010,33.625,13.37,7.61,10.07
31153,23,1,7,2010,31.874166666666664,15.18,7.53,11.01
31154,23,2,7,2010,31.026666666666667,15.78,8.67,12.16
31155,23,3,7,2010,30.176666666666662,14.51,7.75,10.96
31156,23,4,7,2010,29.929999999999996,14.63,7.9300000000000015,11.19
31157,23,5,7,2010,28.955833333333327,9.64,5.69,7.78
31158,23,6,7,2010,27.131666666666664,7.91,3.53,5.72
31159,23,7,7,2010,27.78833333333333,10.41,5.41,8.02
31160,23,8,7,2010,26.925833333333333,12.44,6.41,9.22
31161,23,9,7,2010,27.25583333333333,14.51,7.9,11.04
31162,23,10,7,2010,27.616666666666674,14.95,8.290000000000001,11.46
31163,23,11,7,2010,27.109166666666667,14.34,7.71,10.86
31164,23,12,7,2010,27.599166666666665,13.81,8.620000000000001,11.4
31165,23,13,7,2010,28.45583333333333,13.35,8.09,10.81
31166,23,14,7,2010,29.669999999999998,10.4,7.47,9.28
31167,23,15,7,2010,31.12666666666667,10.64,7.6400000000000015,9.49
31168,23,16,7,2010,32.46916666666667,10.28,7.33,9.12
31169,23,17,7,2010,33.84333333333334,11.21,7.96,9.92
31170,23,18,7,2010,34.818333333333335,11.83,8.38,10.46
31171,23,19,7,2010,35.60333333333333,11.98,8.45,10.58
31172,23,20,7,2010,36.07999999999999,12.24,8.61,10.79
31173,23,21,7,2010,36.29833333333333,12.45,8.620000000000001,10.9
31174,23,22,7,2010,36.268333333333324,12.88,8.870000000000003,11.27
31175,23,23,7,2010,35.98833333333333,12.53,8.48,10.89
31176,24,0,7,2010,24.034166666666668,15.4,10.1,13.01
31177,24,1,7,2010,22.56416666666667,12.28,7.28,9.77
31178,24,2,7,2010,22.06916666666667,6.34,3.27,4.6000000000000005
31179,24,3,7,2010,22.499166666666667,9.86,5.22,7.34
31180,24,4,7,2010,22.97,9.77,4.95,7.04
31181,24,5,7,2010,23.175833333333333,8.53,4.47,6.41
31182,24,6,7,2010,23.560000000000002,11.37,6.95,9.7
31183,24,7,7,2010,23.84583333333333,14.0,8.19,11.16
31184,24,8,7,2010,24.4025,19.71,12.71,16.93
31185,24,9,7,2010,26.715833333333332,18.34,11.16,14.94
31186,24,10,7,2010,25.74,13.76,7.95,11.11
31187,24,11,7,2010,24.96166666666667,7.66,5.5600000000000005,7.29
31188,24,12,7,2010,24.61,5.11,2.27,3.45
31189,24,13,7,2010,26.256666666666664,4.55,2.68,3.28
31190,24,14,7,2010,27.655,2.66,2.04,2.42
31191,24,15,7,2010,28.690833333333334,3.2,2.73,3.13
31192,24,16,7,2010,29.575,2.98,2.45,2.83
31193,24,17,7,2010,30.748333333333335,3.31,2.67,3.12
31194,24,18,7,2010,31.684166666666666,3.76,3.04,3.5500000000000003
31195,24,19,7,2010,32.13583333333333,5.3500000000000005,4.32,5.08
31196,24,20,7,2010,31.700833333333332,8.13,6.19,7.51
31197,24,21,7,2010,30.523333333333337,9.0,6.75,8.24
31198,24,22,7,2010,30.031666666666666,8.73,6.49,7.9300000000000015
31199,24,23,7,2010,29.42583333333333,8.72,6.28,7.85
31200,25,0,7,2010,28.35416666666667,9.21,6.25,7.88
31201,25,1,7,2010,26.659999999999997,8.67,4.78,6.93
31202,25,2,7,2010,25.45416666666667,6.6000000000000005,3.58,4.07
31203,25,3,7,2010,25.676666666666666,2.93,3.67,4.5200000000000005
31204,25,4,7,2010,24.399999999999995,6.05,1.9,4.32
31205,25,5,7,2010,23.56916666666667,6.74,2.95,5.1000000000000005
31206,25,6,7,2010,22.421666666666667,8.11,3.7,6.11
31207,25,7,7,2010,21.36333333333333,9.02,4.15,6.74
31208,25,8,7,2010,20.35083333333333,8.68,3.5700000000000003,6.2
31209,25,9,7,2010,19.496666666666666,8.290000000000001,3.02,5.84
31210,25,10,7,2010,18.574166666666667,8.14,2.81,5.66
31211,25,11,7,2010,18.44166666666667,6.5,2.78,5.18
31212,25,12,7,2010,19.199166666666667,4.95,2.6,3.72
31213,25,13,7,2010,20.941666666666666,3.14,2.42,2.84
31214,25,14,7,2010,22.713333333333335,3.11,2.48,2.91
31215,25,15,7,2010,24.00666666666667,3.03,2.44,2.84
31216,25,16,7,2010,25.070000000000004,2.91,2.42,2.78
31217,25,17,7,2010,26.057499999999994,2.96,2.47,2.83
31218,25,18,7,2010,27.00666666666667,2.37,2.1,2.35
31219,25,19,7,2010,27.811666666666667,2.0,1.83,2.02
31220,25,20,7,2010,28.361666666666665,2.62,2.26,2.5500000000000003
31221,25,21,7,2010,28.665833333333328,3.12,2.61,3.0
31222,25,22,7,2010,28.8,3.97,3.29,3.81
31223,25,23,7,2010,28.662500000000005,4.5600000000000005,3.49,4.24
31224,26,0,7,2010,28.102500000000003,5.09,3.45,4.4
31225,26,1,7,2010,26.145833333333332,6.32,2.68,4.91
31226,26,2,7,2010,24.534166666666668,8.75,2.52,5.42
31227,26,3,7,2010,23.9175,8.97,2.96,6.36
31228,26,4,7,2010,23.087499999999995,7.8,2.01,5.0200000000000005
31229,26,5,7,2010,22.17833333333333,7.3,1.84,4.7700000000000005
31230,26,6,7,2010,22.075833333333332,8.08,1.79,4.72
31231,26,7,7,2010,22.200833333333335,7.25,1.87,4.67
31232,26,8,7,2010,22.015,7.59,2.77,4.71
31233,26,9,7,2010,22.735833333333336,6.59,3.14,4.54
31234,26,10,7,2010,23.290000000000003,6.76,3.41,4.94
31235,26,11,7,2010,23.284166666666664,7.21,3.52,5.19
31236,26,12,7,2010,23.74166666666667,7.76,3.96,5.54
31237,26,13,7,2010,25.040000000000003,6.09,4.57,5.55
31238,26,14,7,2010,26.36916666666667,5.84,4.4,5.33
31239,26,15,7,2010,27.73583333333333,5.58,4.23,5.1000000000000005
31240,26,16,7,2010,28.825833333333335,5.54,4.2,5.0600000000000005
31241,26,17,7,2010,29.699166666666667,5.09,3.82,4.61
31242,26,18,7,2010,31.02666666666667,4.7700000000000005,3.64,4.36
31243,26,19,7,2010,31.583333333333332,4.92,3.85,4.5600000000000005
31244,26,20,7,2010,32.800000000000004,3.94,3.13,3.69
31245,26,21,7,2010,33.325833333333335,4.17,3.43,3.99
31246,26,22,7,2010,33.38333333333333,8.22,6.41,7.72
31247,26,23,7,2010,30.38166666666667,11.11,8.15,10.12
31248,27,0,7,2010,27.174166666666665,10.67,7.9300000000000015,9.81
31249,27,1,7,2010,26.396666666666665,10.93,5.91,8.290000000000001
31250,27,2,7,2010,26.0475,11.54,6.12,8.72
31251,27,3,7,2010,25.279166666666665,12.25,6.74,9.43
31252,27,4,7,2010,24.703333333333333,13.15,7.25,10.1
31253,27,5,7,2010,24.357499999999998,12.81,6.99,9.78
31254,27,6,7,2010,23.756666666666664,12.65,6.92,9.66
31255,27,7,7,2010,23.710833333333337,12.36,6.59,9.33
31256,27,8,7,2010,23.436666666666667,11.88,6.23,8.83
31257,27,9,7,2010,23.145833333333332,11.59,6.12,8.64
31258,27,10,7,2010,23.14333333333333,11.55,5.73,8.34
31259,27,11,7,2010,23.131666666666664,11.74,6.0,8.52
31260,27,12,7,2010,24.078333333333333,10.07,5.87,7.96
31261,27,13,7,2010,25.790833333333335,7.79,5.7,6.97
31262,27,14,7,2010,27.900000000000006,7.33,5.44,6.66
31263,27,15,7,2010,29.595,7.35,5.42,6.65
31264,27,16,7,2010,31.173333333333336,7.24,5.3100000000000005,6.51
31265,27,17,7,2010,32.2975,7.08,5.24,6.4
31266,27,18,7,2010,33.21583333333333,6.5,4.8100000000000005,5.86
31267,27,19,7,2010,33.88,6.62,4.9,5.97
31268,27,20,7,2010,34.17333333333334,7.9300000000000015,5.94,7.26
31269,27,21,7,2010,34.392500000000005,7.88,5.88,7.19
31270,27,22,7,2010,34.26583333333334,8.290000000000001,5.8,7.29
31271,27,23,7,2010,33.925,7.9,5.5600000000000005,7.05
31272,28,0,7,2010,32.720833333333324,8.67,5.33,6.82
31273,28,1,7,2010,30.7525,12.2,5.37,8.700000000000001
31274,28,2,7,2010,29.284999999999997,12.51,5.4,8.67
31275,28,3,7,2010,28.625833333333333,13.19,6.0600000000000005,9.27
31276,28,4,7,2010,28.249166666666667,13.05,5.96,9.17
31277,28,5,7,2010,27.778333333333332,12.96,6.0600000000000005,9.24
31278,28,6,7,2010,27.111666666666665,13.17,6.15,9.23
31279,28,7,7,2010,26.720833333333335,13.14,6.66,9.64
31280,28,8,7,2010,26.449166666666667,13.23,6.5,9.49
31281,28,9,7,2010,26.061666666666667,13.19,6.41,9.48
31282,28,10,7,2010,25.394166666666663,13.32,5.86,8.91
31283,28,11,7,2010,25.08333333333334,13.2,5.94,8.88
31284,28,12,7,2010,25.6875,11.53,6.28,8.51
31285,28,13,7,2010,27.195000000000004,7.6,5.42,6.6400000000000015
31286,28,14,7,2010,29.013333333333332,6.72,4.91,6.0200000000000005
31287,28,15,7,2010,30.374999999999996,5.87,4.3,5.26
31288,28,16,7,2010,31.49666666666667,5.0600000000000005,3.78,4.57
31289,28,17,7,2010,32.47833333333333,3.7,2.86,3.4
31290,28,18,7,2010,33.305,2.87,2.29,2.68
31291,28,19,7,2010,34.029999999999994,2.61,2.09,2.44
31292,28,20,7,2010,34.58166666666667,2.37,1.88,2.19
31293,28,21,7,2010,34.84583333333333,2.24,1.99,2.19
31294,28,22,7,2010,34.85333333333333,2.25,1.79,1.99
31295,28,23,7,2010,34.15833333333334,5.29,3.89,5.01
31296,29,0,7,2010,30.215000000000003,8.19,6.3100000000000005,8.06
31297,29,1,7,2010,28.911666666666665,5.16,3.84,5.3
31298,29,2,7,2010,29.05083333333333,8.73,4.5600000000000005,7.01
31299,29,3,7,2010,27.830833333333327,10.33,4.11,6.67
31300,29,4,7,2010,26.4175,9.91,3.01,5.96
31301,29,5,7,2010,25.485833333333332,10.03,3.0,6.09
31302,29,6,7,2010,24.680833333333336,10.64,3.1,5.98
31303,29,7,7,2010,24.331666666666667,9.61,3.74,6.48
31304,29,8,7,2010,23.80333333333333,9.63,3.99,6.67
31305,29,9,7,2010,22.756666666666664,9.17,3.29,5.96
31306,29,10,7,2010,21.929166666666664,8.3,2.36,5.15
31307,29,11,7,2010,21.436666666666664,8.88,3.06,5.63
31308,29,12,7,2010,22.009166666666662,7.54,3.77,4.93
31309,29,13,7,2010,23.314999999999998,5.51,4.11,4.87
31310,29,14,7,2010,25.280833333333334,4.74,3.73,4.41
31311,29,15,7,2010,26.99416666666666,4.41,3.5500000000000003,4.16
31312,29,16,7,2010,28.58916666666667,4.73,3.81,4.46
31313,29,17,7,2010,30.13166666666667,4.3100000000000005,3.43,4.03
31314,29,18,7,2010,31.36916666666666,3.29,2.68,3.11
31315,29,19,7,2010,32.13166666666667,4.21,3.25,3.85
31316,29,20,7,2010,32.66916666666667,4.97,3.88,4.64
31317,29,21,7,2010,30.7925,5.51,4.21,5.05
31318,29,22,7,2010,28.097500000000007,7.92,6.21,7.45
31319,29,23,7,2010,26.379166666666666,9.67,6.91,8.5
31320,30,0,7,2010,26.373333333333335,10.84,6.3900000000000015,8.63
31321,30,1,7,2010,25.43416666666667,10.79,6.01,8.34
31322,30,2,7,2010,23.90416666666667,9.61,4.7,6.92
31323,30,3,7,2010,23.558333333333337,10.24,5.1000000000000005,7.08
31324,30,4,7,2010,23.479166666666668,9.76,3.76,6.0200000000000005
31325,30,5,7,2010,23.603333333333335,9.65,3.96,6.45
31326,30,6,7,2010,23.8175,10.37,4.71,7.27
31327,30,7,7,2010,23.912499999999998,10.68,5.21,7.79
31328,30,8,7,2010,23.594166666666666,11.14,5.64,8.25
31329,30,9,7,2010,23.377499999999998,10.95,5.53,8.11
31330,30,10,7,2010,23.32166666666667,10.94,5.45,8.01
31331,30,11,7,2010,23.289166666666663,10.83,5.44,7.85
31332,30,12,7,2010,24.53333333333333,10.14,5.54,7.68
31333,30,13,7,2010,26.61,6.71,4.68,5.66
31334,30,14,7,2010,29.08583333333333,6.8900000000000015,5.13,6.26
31335,30,15,7,2010,31.1875,6.42,4.75,5.79
31336,30,16,7,2010,32.72166666666667,5.74,4.22,5.14
31337,30,17,7,2010,34.002500000000005,5.58,4.13,5.01
31338,30,18,7,2010,35.030833333333334,5.66,4.21,5.1000000000000005
31339,30,19,7,2010,35.9175,5.78,4.29,5.19
31340,30,20,7,2010,36.5925,5.94,4.39,5.33
31341,30,21,7,2010,37.05166666666666,6.0,4.41,5.38
31342,30,22,7,2010,37.269999999999996,6.05,4.4,5.42
31343,30,23,7,2010,36.6375,5.8100000000000005,4.12,5.16
31344,31,0,7,2010,35.38166666666667,5.95,3.45,5.29
31345,31,1,7,2010,31.926666666666662,11.77,6.86,9.45
31346,31,2,7,2010,28.75333333333333,10.91,6.99,9.28
31347,31,3,7,2010,27.864166666666666,9.42,5.04,7.12
31348,31,4,7,2010,27.145,9.26,5.15,7.23
31349,31,5,7,2010,25.838333333333328,3.9,1.64,2.6
31350,31,6,7,2010,25.280833333333337,4.8100000000000005,2.97,4.09
31351,31,7,7,2010,24.099166666666665,5.24,2.25,3.45
31352,31,8,7,2010,24.131666666666664,5.34,2.33,3.53
31353,31,9,7,2010,23.32416666666667,4.61,0.78,2.2
31354,31,10,7,2010,22.8,4.33,0.24,1.21
31355,31,11,7,2010,22.284166666666664,4.39,1.6,2.89
31356,31,12,7,2010,23.005,4.4,2.37,2.92
31357,31,13,7,2010,24.49083333333333,4.32,3.29,3.95
31358,31,14,7,2010,25.906666666666666,5.63,4.36,5.22
31359,31,15,7,2010,26.705,5.49,4.28,5.09
31360,31,16,7,2010,27.59333333333333,5.64,4.41,5.24
31361,31,17,7,2010,28.31583333333334,5.88,4.62,5.47
31362,31,18,7,2010,29.006666666666664,4.9,3.91,4.59
31363,31,19,7,2010,29.836666666666662,4.46,3.56,4.18
31364,31,20,7,2010,30.461666666666662,3.85,3.13,3.63
31365,31,21,7,2010,30.963333333333335,4.1,3.29,3.85
31366,31,22,7,2010,31.03083333333333,3.68,2.98,3.49
31367,31,23,7,2010,30.823333333333334,3.49,2.84,3.33
31368,1,0,8,2010,29.922500000000003,4.62,2.66,4.3100000000000005
31369,1,1,8,2010,27.905833333333334,4.39,2.4,4.4
31370,1,2,8,2010,26.575833333333332,3.31,1.1,2.27
31371,1,3,8,2010,25.481666666666666,4.11,1.12,2.61
31372,1,4,8,2010,24.36916666666667,3.87,1.0,2.32
31373,1,5,8,2010,23.524999999999995,3.95,1.26,2.78
31374,1,6,8,2010,22.8075,4.54,1.28,2.87
31375,1,7,8,2010,22.343333333333334,5.3,1.65,3.62
31376,1,8,8,2010,22.054999999999996,6.58,2.26,4.89
31377,1,9,8,2010,21.663333333333338,6.42,2.2,4.75
31378,1,10,8,2010,21.1675,6.5,2.32,4.83
31379,1,11,8,2010,21.021666666666665,6.8100000000000005,2.71,5.29
31380,1,12,8,2010,22.253333333333334,6.36,3.18,4.7
31381,1,13,8,2010,24.159166666666664,5.57,3.68,4.45
31382,1,14,8,2010,25.85833333333333,5.93,4.39,5.36
31383,1,15,8,2010,27.017500000000002,5.94,4.45,5.39
31384,1,16,8,2010,27.903333333333325,5.8,4.38,5.29
31385,1,17,8,2010,28.68249999999999,5.5,4.17,5.0200000000000005
31386,1,18,8,2010,29.36,5.94,4.49,5.41
31387,1,19,8,2010,29.91333333333333,5.91,4.44,5.38
31388,1,20,8,2010,30.338333333333328,6.05,4.53,5.5
31389,1,21,8,2010,30.58583333333333,6.4,4.72,5.78
31390,1,22,8,2010,30.45583333333333,6.92,4.96,6.17
31391,1,23,8,2010,29.885,7.83,5.29,6.74
31392,2,0,8,2010,28.2975,9.9,4.75,7.42
31393,2,1,8,2010,26.268333333333334,10.49,4.12,7.53
31394,2,2,8,2010,25.36833333333333,11.58,4.43,7.86
31395,2,3,8,2010,25.133333333333336,11.83,5.42,8.39
31396,2,4,8,2010,25.276666666666667,12.48,6.37,9.31
31397,2,5,8,2010,24.900833333333335,11.43,5.41,8.05
31398,2,6,8,2010,24.29833333333333,12.84,8.01,10.53
31399,2,7,8,2010,22.49,9.51,6.41,8.14
31400,2,8,8,2010,22.2775,13.92,9.7,11.54
31401,2,9,8,2010,21.895833333333332,10.77,6.93,9.2
31402,2,10,8,2010,22.503333333333334,9.43,5.74,7.6400000000000015
31403,2,11,8,2010,22.22083333333333,8.59,4.3,6.2
31404,2,12,8,2010,22.566666666666663,8.97,4.8500000000000005,6.38
31405,2,13,8,2010,24.1975,9.16,5.72,6.95
31406,2,14,8,2010,25.338333333333328,8.55,6.3500000000000005,7.76
31407,2,15,8,2010,27.543333333333333,9.78,7.18,8.85
31408,2,16,8,2010,29.266666666666666,9.98,7.32,9.02
31409,2,17,8,2010,30.775833333333335,9.71,7.08,8.73
31410,2,18,8,2010,32.335,8.290000000000001,6.01,7.43
31411,2,19,8,2010,33.66333333333333,9.16,6.6400000000000015,8.22
31412,2,20,8,2010,35.75416666666667,8.55,6.01,7.5
31413,2,21,8,2010,37.6625,8.28,5.76,7.27
31414,2,22,8,2010,38.027499999999996,9.92,5.86,7.97
31415,2,23,8,2010,37.1025,10.67,5.51,7.84
31416,3,0,8,2010,34.73666666666667,11.78,4.32,8.13
31417,3,1,8,2010,32.7,14.69,5.68,9.81
31418,3,2,8,2010,31.83,15.22,6.57,10.45
31419,3,3,8,2010,30.96083333333334,16.330000000000002,7.37,11.25
31420,3,4,8,2010,30.08916666666667,16.32,7.76,11.51
31421,3,5,8,2010,29.531666666666666,16.15,7.62,11.37
31422,3,6,8,2010,29.455000000000002,14.86,7.52,10.75
31423,3,7,8,2010,29.456666666666667,14.77,7.61,10.85
31424,3,8,8,2010,28.036666666666665,13.66,6.2700000000000005,9.86
31425,3,9,8,2010,25.281666666666666,13.31,4.29,6.92
31426,3,10,8,2010,22.59583333333333,11.8,3.28,6.49
31427,3,11,8,2010,21.8575,12.1,3.75,7.31
31428,3,12,8,2010,22.344166666666666,9.4,4.55,6.3100000000000005
31429,3,13,8,2010,24.039999999999996,3.84,2.33,2.69
31430,3,14,8,2010,26.938333333333333,1.41,1.48,1.58
31431,3,15,8,2010,28.730833333333337,1.49,1.66,1.72
31432,3,16,8,2010,30.149166666666662,1.32,1.53,1.57
31433,3,17,8,2010,31.47,1.4,1.47,1.55
31434,3,18,8,2010,32.42833333333334,1.96,1.92,2.07
31435,3,19,8,2010,33.14083333333334,1.84,1.88,2.0
31436,3,20,8,2010,34.19833333333333,1.74,1.61,1.76
31437,3,21,8,2010,34.93083333333333,3.24,2.9,3.28
31438,3,22,8,2010,34.48833333333334,3.78,3.1,3.63
31439,3,23,8,2010,33.80083333333334,5.46,3.78,4.78
31440,4,0,8,2010,32.28333333333333,6.15,3.37,4.79
31441,4,1,8,2010,30.268333333333334,6.53,2.92,6.3
31442,4,2,8,2010,28.540833333333335,8.3,2.64,5.87
31443,4,3,8,2010,27.3325,8.18,1.97,5.0600000000000005
31444,4,4,8,2010,26.82833333333333,6.75,1.76,5.03
31445,4,5,8,2010,26.817499999999995,5.53,1.91,4.0200000000000005
31446,4,6,8,2010,24.646666666666672,13.77,8.47,11.3
31447,4,7,8,2010,22.1725,10.17,5.74,7.91
31448,4,8,8,2010,21.44666666666667,8.61,4.18,6.03
31449,4,9,8,2010,21.18166666666667,6.95,2.84,4.74
31450,4,10,8,2010,21.070833333333333,6.23,1.99,4.07
31451,4,11,8,2010,21.12333333333333,5.63,2.84,4.33
31452,4,12,8,2010,21.94666666666667,4.8100000000000005,2.08,3.12
31453,4,13,8,2010,23.615,2.77,2.18,2.52
31454,4,14,8,2010,25.340000000000003,3.4,2.71,3.2
31455,4,15,8,2010,26.536666666666665,3.33,2.74,3.18
31456,4,16,8,2010,27.239166666666666,3.34,2.71,3.16
31457,4,17,8,2010,28.11333333333333,3.7,2.93,3.45
31458,4,18,8,2010,28.885833333333334,4.72,3.7,4.38
31459,4,19,8,2010,29.3775,5.47,4.21,5.05
31460,4,20,8,2010,29.219166666666666,7.27,5.45,6.7
31461,4,21,8,2010,29.98083333333334,6.51,4.08,5.82
31462,4,22,8,2010,29.798333333333336,6.36,4.64,5.72
31463,4,23,8,2010,29.45583333333333,5.93,4.3100000000000005,5.38
31464,5,0,8,2010,28.20583333333333,7.98,4.38,6.37
31465,5,1,8,2010,25.60666666666667,9.57,4.54,6.84
31466,5,2,8,2010,23.379166666666663,8.47,2.98,5.75
31467,5,3,8,2010,22.950833333333332,8.97,3.27,6.0600000000000005
31468,5,4,8,2010,22.624166666666667,6.51,2.41,5.05
31469,5,5,8,2010,22.155833333333334,5.32,1.94,4.07
31470,5,6,8,2010,21.594166666666666,5.13,2.11,4.0
31471,5,7,8,2010,21.098333333333333,4.57,1.71,3.37
31472,5,8,8,2010,20.8025,4.28,1.58,3.12
31473,5,9,8,2010,20.53,4.82,2.0,3.8
31474,5,10,8,2010,19.932499999999997,4.91,2.07,3.98
31475,5,11,8,2010,19.8475,4.82,2.69,4.2700000000000005
31476,5,12,8,2010,20.769166666666667,4.8500000000000005,2.65,4.12
31477,5,13,8,2010,22.495,3.94,2.4,2.78
31478,5,14,8,2010,24.124166666666664,2.32,1.89,2.19
31479,5,15,8,2010,25.671666666666667,2.18,1.73,2.02
31480,5,16,8,2010,26.83000000000001,2.59,2.11,2.44
31481,5,17,8,2010,27.671666666666663,2.97,2.49,2.85
31482,5,18,8,2010,28.0475,3.08,2.45,2.89
31483,5,19,8,2010,28.715833333333332,3.53,2.9,3.36
31484,5,20,8,2010,29.18166666666667,3.63,3.02,3.47
31485,5,21,8,2010,29.359166666666667,3.61,2.84,3.37
31486,5,22,8,2010,29.360000000000003,3.18,2.66,3.06
31487,5,23,8,2010,29.225833333333338,3.0,2.49,2.92
31488,6,0,8,2010,28.45916666666666,2.74,2.08,2.51
31489,6,1,8,2010,26.5325,3.91,1.48,3.16
31490,6,2,8,2010,25.325833333333335,3.43,1.11,2.69
31491,6,3,8,2010,24.565833333333334,3.98,1.15,2.58
31492,6,4,8,2010,23.70583333333333,5.26,1.18,3.02
31493,6,5,8,2010,23.036666666666665,7.46,1.32,4.04
31494,6,6,8,2010,22.353333333333335,8.66,2.21,5.71
31495,6,7,8,2010,21.92833333333333,9.73,3.47,6.88
31496,6,8,8,2010,21.324166666666667,9.22,2.12,5.58
31497,6,9,8,2010,21.385833333333334,7.36,2.17,4.28
31498,6,10,8,2010,20.75583333333333,6.3900000000000015,1.93,4.03
31499,6,11,8,2010,20.763333333333335,6.23,2.73,4.0200000000000005
31500,6,12,8,2010,20.799999999999997,5.93,3.17,4.36
31501,6,13,8,2010,21.7825,5.53,4.24,5.08
31502,6,14,8,2010,23.36666666666667,5.49,4.25,5.08
31503,6,15,8,2010,25.040833333333335,5.64,4.29,5.16
31504,6,16,8,2010,26.324166666666667,5.83,4.44,5.34
31505,6,17,8,2010,27.35166666666667,5.04,3.89,4.63
31506,6,18,8,2010,28.255,4.87,3.76,4.48
31507,6,19,8,2010,28.96083333333333,4.25,3.29,3.9
31508,6,20,8,2010,29.473333333333333,4.3,3.3000000000000003,3.95
31509,6,21,8,2010,29.863333333333333,5.2700000000000005,3.94,4.79
31510,6,22,8,2010,29.882500000000004,6.28,4.68,5.74
31511,6,23,8,2010,29.329999999999995,6.0200000000000005,4.47,5.49
31512,7,0,8,2010,25.64833333333333,11.64,7.62,9.83
31513,7,1,8,2010,22.668333333333333,8.11,5.13,6.78
31514,7,2,8,2010,22.355833333333337,4.17,2.97,3.35
31515,7,3,8,2010,22.06916666666667,4.83,2.97,4.93
31516,7,4,8,2010,21.47,4.71,2.57,4.73
31517,7,5,8,2010,21.71083333333333,5.83,2.99,5.19
31518,7,6,8,2010,22.310833333333335,8.22,3.52,6.32
31519,7,7,8,2010,22.626666666666665,9.32,4.33,6.99
31520,7,8,8,2010,22.714166666666667,10.37,4.69,7.55
31521,7,9,8,2010,22.712500000000002,11.63,5.41,8.4
31522,7,10,8,2010,22.337500000000002,12.1,5.75,8.75
31523,7,11,8,2010,21.936666666666664,12.29,6.01,8.96
31524,7,12,8,2010,22.66416666666667,11.95,6.37,8.73
31525,7,13,8,2010,23.693333333333328,9.59,5.5,7.55
31526,7,14,8,2010,25.46916666666667,6.63,4.97,6.03
31527,7,15,8,2010,27.241666666666664,7.42,5.44,6.67
31528,7,16,8,2010,28.772499999999994,7.73,5.63,6.93
31529,7,17,8,2010,29.8475,7.4,5.53,6.75
31530,7,18,8,2010,30.62750000000001,7.35,5.5,6.7
31531,7,19,8,2010,31.298333333333336,7.0,5.15,6.3100000000000005
31532,7,20,8,2010,31.848333333333333,7.0,5.21,6.3500000000000005
31533,7,21,8,2010,32.16666666666666,6.7,4.86,5.98
31534,7,22,8,2010,32.18500000000001,6.43,4.61,5.71
31535,7,23,8,2010,31.721666666666664,6.87,4.74,6.01
31536,8,0,8,2010,30.38083333333334,9.82,4.0200000000000005,6.99
31537,8,1,8,2010,27.64333333333333,11.25,5.0,7.84
31538,8,2,8,2010,26.323333333333334,11.52,5.17,8.05
31539,8,3,8,2010,26.209166666666665,10.82,4.8,7.51
31540,8,4,8,2010,26.194166666666664,11.17,5.17,7.92
31541,8,5,8,2010,25.859999999999996,11.55,5.39,8.2
31542,8,6,8,2010,25.831666666666667,11.58,5.24,8.08
31543,8,7,8,2010,25.255833333333328,11.78,5.8,8.57
31544,8,8,8,2010,25.046666666666667,12.42,6.4,9.23
31545,8,9,8,2010,24.569166666666664,11.97,6.05,8.78
31546,8,10,8,2010,24.099166666666665,11.85,5.9,8.64
31547,8,11,8,2010,23.936666666666667,12.05,6.25,8.93
31548,8,12,8,2010,25.246666666666666,11.8,6.6400000000000015,9.02
31549,8,13,8,2010,26.72333333333334,9.54,5.6000000000000005,6.8100000000000005
31550,8,14,8,2010,28.44,7.58,5.66,6.91
31551,8,15,8,2010,29.94333333333333,7.05,5.24,6.41
31552,8,16,8,2010,31.45416666666667,6.88,5.05,6.19
31553,8,17,8,2010,32.72833333333333,6.88,5.0600000000000005,6.19
31554,8,18,8,2010,34.056666666666665,7.41,5.41,6.65
31555,8,19,8,2010,35.1475,7.78,5.65,6.98
31556,8,20,8,2010,35.86000000000001,8.58,6.28,7.79
31557,8,21,8,2010,36.31916666666667,9.13,6.48,8.14
31558,8,22,8,2010,36.50916666666666,9.16,6.47,8.17
31559,8,23,8,2010,35.8325,9.75,5.63,7.32
31560,9,0,8,2010,33.8375,11.69,4.76,8.08
31561,9,1,8,2010,32.28416666666667,12.96,5.48,8.88
31562,9,2,8,2010,31.461666666666662,13.59,6.15,9.47
31563,9,3,8,2010,30.827499999999997,14.59,7.08,10.52
31564,9,4,8,2010,30.341666666666665,14.78,7.4,10.8
31565,9,5,8,2010,29.595,14.63,7.28,10.61
31566,9,6,8,2010,29.001666666666665,14.44,7.01,10.35
31567,9,7,8,2010,28.569999999999997,14.18,6.92,10.2
31568,9,8,8,2010,28.051666666666666,13.84,6.63,9.78
31569,9,9,8,2010,27.710000000000004,13.83,6.49,9.72
31570,9,10,8,2010,27.553333333333327,14.12,6.9,10.14
31571,9,11,8,2010,27.26666666666667,13.88,6.75,9.99
31572,9,12,8,2010,27.42583333333333,14.05,7.05,10.28
31573,9,13,8,2010,28.946666666666662,12.09,7.05,9.48
31574,9,14,8,2010,30.40416666666667,9.44,6.47,8.14
31575,9,15,8,2010,32.05833333333334,7.52,5.54,6.83
31576,9,16,8,2010,33.60666666666667,6.88,5.14,6.28
31577,9,17,8,2010,34.87916666666667,5.92,4.36,5.33
31578,9,18,8,2010,35.80583333333334,4.93,3.67,4.45
31579,9,19,8,2010,36.4925,5.12,3.81,4.64
31580,9,20,8,2010,37.05166666666667,5.66,4.09,5.04
31581,9,21,8,2010,37.37166666666666,6.8100000000000005,4.84,6.1000000000000005
31582,9,22,8,2010,37.50749999999999,6.83,4.83,6.09
31583,9,23,8,2010,36.58166666666667,7.21,4.26,5.65
31584,10,0,8,2010,34.15583333333333,10.74,3.96,7.81
31585,10,1,8,2010,32.05,12.88,5.41,9.21
31586,10,2,8,2010,30.89583333333333,13.9,5.98,9.85
31587,10,3,8,2010,30.304999999999993,14.26,6.41,10.15
31588,10,4,8,2010,29.346666666666668,14.06,6.33,10.05
31589,10,5,8,2010,28.245,13.65,6.08,9.75
31590,10,6,8,2010,27.313333333333333,13.29,5.8100000000000005,9.43
31591,10,7,8,2010,26.87166666666667,12.88,5.94,9.56
31592,10,8,8,2010,26.310833333333335,12.07,5.51,8.88
31593,10,9,8,2010,25.996666666666666,11.5,5.49,8.71
31594,10,10,8,2010,26.153333333333332,11.24,5.93,9.06
31595,10,11,8,2010,25.61833333333333,11.34,5.98,9.11
31596,10,12,8,2010,25.94333333333333,11.18,5.86,8.85
31597,10,13,8,2010,27.325000000000003,9.21,5.26,7.18
31598,10,14,8,2010,29.0,6.54,4.41,5.3500000000000005
31599,10,15,8,2010,30.639999999999997,5.59,4.12,5.04
31600,10,16,8,2010,31.802500000000006,5.62,4.19,5.1000000000000005
31601,10,17,8,2010,32.95416666666667,5.59,4.21,5.1000000000000005
31602,10,18,8,2010,33.830000000000005,6.17,4.59,5.61
31603,10,19,8,2010,34.69833333333332,6.42,4.74,5.8100000000000005
31604,10,20,8,2010,35.296666666666674,6.8,5.03,6.17
31605,10,21,8,2010,35.74416666666668,7.62,5.53,6.91
31606,10,22,8,2010,35.91666666666667,7.46,5.21,6.6400000000000015
31607,10,23,8,2010,35.19916666666668,7.75,4.68,6.12
31608,11,0,8,2010,32.969166666666666,10.88,3.61,7.57
31609,11,1,8,2010,30.584999999999997,12.55,4.5,8.57
31610,11,2,8,2010,29.737499999999997,13.99,6.2700000000000005,9.61
31611,11,3,8,2010,26.554166666666664,15.26,7.54,10.8
31612,11,4,8,2010,25.05333333333333,13.52,6.65,9.57
31613,11,5,8,2010,24.7175,13.38,6.7700000000000005,9.75
31614,11,6,8,2010,24.94583333333333,12.72,5.98,8.96
31615,11,7,8,2010,24.833333333333332,12.52,5.51,8.56
31616,11,8,8,2010,25.11583333333333,12.2,5.44,8.24
31617,11,9,8,2010,24.9175,10.74,5.3500000000000005,8.1
31618,11,10,8,2010,24.9825,8.85,4.76,6.73
31619,11,11,8,2010,25.004166666666663,8.74,4.2700000000000005,6.78
31620,11,12,8,2010,25.15833333333333,7.75,4.5,6.55
31621,11,13,8,2010,26.7825,6.18,3.74,4.67
31622,11,14,8,2010,29.095833333333342,3.5500000000000003,2.46,2.82
31623,11,15,8,2010,30.897500000000004,2.4,1.9,2.24
31624,11,16,8,2010,32.129999999999995,3.01,2.32,2.76
31625,11,17,8,2010,33.09083333333334,2.77,2.15,2.54
31626,11,18,8,2010,33.88833333333333,2.33,1.81,2.14
31627,11,19,8,2010,34.54666666666667,2.28,1.72,2.05
31628,11,20,8,2010,35.1525,2.8000000000000003,2.13,2.54
31629,11,21,8,2010,35.52250000000001,2.65,2.04,2.42
31630,11,22,8,2010,35.645833333333336,1.62,1.27,1.49
31631,11,23,8,2010,35.475833333333334,1.08,0.94,1.09
31632,12,0,8,2010,33.61666666666667,1.42,0.81,1.32
31633,12,1,8,2010,30.546666666666667,3.21,0.98,2.26
31634,12,2,8,2010,28.50916666666667,4.75,1.74,4.0
31635,12,3,8,2010,27.370833333333337,5.42,2.41,4.9
31636,12,4,8,2010,26.696666666666662,5.9,2.56,5.25
31637,12,5,8,2010,26.05583333333333,6.96,2.89,5.94
31638,12,6,8,2010,25.855833333333333,6.2700000000000005,2.87,5.5
31639,12,7,8,2010,25.948333333333334,5.07,2.67,4.75
31640,12,8,8,2010,25.476666666666663,5.43,2.98,5.3500000000000005
31641,12,9,8,2010,25.122500000000002,4.37,2.67,4.66
31642,12,10,8,2010,24.21083333333333,4.22,2.83,4.86
31643,12,11,8,2010,23.675833333333333,4.14,2.8000000000000003,4.59
31644,12,12,8,2010,24.735000000000003,4.36,3.13,4.78
31645,12,13,8,2010,27.391666666666666,4.42,2.27,3.61
31646,12,14,8,2010,29.355833333333337,3.38,2.71,3.17
31647,12,15,8,2010,30.995833333333337,3.26,2.58,3.06
31648,12,16,8,2010,32.51333333333333,3.82,3.01,3.56
31649,12,17,8,2010,33.9125,5.19,3.89,4.71
31650,12,18,8,2010,35.375,5.63,4.19,5.1000000000000005
31651,12,19,8,2010,36.295,6.16,4.6000000000000005,5.6000000000000005
31652,12,20,8,2010,36.913333333333334,6.51,4.78,5.87
31653,12,21,8,2010,37.65583333333334,6.88,4.83,6.09
31654,12,22,8,2010,37.8075,6.97,4.84,6.11
31655,12,23,8,2010,36.945,8.71,4.74,6.25
31656,13,0,8,2010,34.575,10.62,4.21,7.9
31657,13,1,8,2010,32.2,12.41,4.58,8.93
31658,13,2,8,2010,32.19416666666667,13.56,6.18,10.1
31659,13,3,8,2010,30.65416666666667,14.11,5.98,9.67
31660,13,4,8,2010,29.905833333333334,15.26,7.37,11.1
31661,13,5,8,2010,28.69333333333333,15.49,7.46,11.06
31662,13,6,8,2010,28.151666666666667,15.19,7.44,10.97
31663,13,7,8,2010,27.676666666666666,14.85,7.3900000000000015,10.73
31664,13,8,8,2010,27.05,15.43,7.73,11.18
31665,13,9,8,2010,26.554999999999996,15.08,7.51,10.89
31666,13,10,8,2010,25.68499999999999,13.68,6.45,9.59
31667,13,11,8,2010,26.019999999999992,14.46,7.74,10.91
31668,13,12,8,2010,26.569999999999997,14.5,8.28,11.2
31669,13,13,8,2010,28.543333333333333,12.92,7.92,10.55
31670,13,14,8,2010,29.83916666666666,9.05,6.68,8.2
31671,13,15,8,2010,31.40833333333333,10.27,7.46,9.23
31672,13,16,8,2010,32.93083333333333,12.57,8.91,11.16
31673,13,17,8,2010,33.27333333333333,11.33,7.99,9.98
31674,13,18,8,2010,30.77916666666667,12.9,9.68,11.87
31675,13,19,8,2010,28.90833333333333,8.72,6.05,7.98
31676,13,20,8,2010,30.679166666666664,9.17,4.5600000000000005,6.5200000000000005
31677,13,21,8,2010,30.65416666666667,13.93,9.55,11.91
31678,13,22,8,2010,28.0775,17.14,10.96,14.44
31679,13,23,8,2010,28.119999999999994,13.29,8.56,11.41
31680,14,0,8,2010,26.39583333333334,9.81,2.93,5.92
31681,14,1,8,2010,24.33,5.39,2.27,4.57
31682,14,2,8,2010,23.733333333333334,3.9,1.87,3.5
31683,14,3,8,2010,23.889166666666668,3.48,2.21,3.24
31684,14,4,8,2010,23.62,2.81,3.16,3.56
31685,14,5,8,2010,23.807500000000005,9.52,4.75,7.58
31686,14,6,8,2010,23.475000000000005,9.24,4.46,7.42
31687,14,7,8,2010,23.53333333333333,7.17,3.95,6.41
31688,14,8,8,2010,23.221666666666664,7.01,4.24,6.61
31689,14,9,8,2010,22.444166666666664,6.57,3.46,5.61
31690,14,10,8,2010,22.040833333333335,5.0600000000000005,3.0700000000000003,4.91
31691,14,11,8,2010,21.06,4.05,3.02,4.28
31692,14,12,8,2010,21.405,4.41,2.86,4.12
31693,14,13,8,2010,23.078333333333333,4.43,2.71,3.14
31694,14,14,8,2010,24.705,3.11,2.42,2.87
31695,14,15,8,2010,26.58916666666667,3.5500000000000003,2.75,3.27
31696,14,16,8,2010,27.973333333333333,3.52,2.73,3.24
31697,14,17,8,2010,29.27,3.33,2.59,3.06
31698,14,18,8,2010,30.272499999999994,3.67,2.83,3.35
31699,14,19,8,2010,30.906666666666666,3.08,2.56,2.94
31700,14,20,8,2010,31.604166666666668,3.13,2.53,2.95
31701,14,21,8,2010,31.739166666666666,3.61,2.95,3.43
31702,14,22,8,2010,31.706666666666667,3.5700000000000003,2.83,3.34
31703,14,23,8,2010,31.379999999999995,4.09,2.76,3.5700000000000003
31704,15,0,8,2010,29.928333333333338,6.07,2.74,5.04
31705,15,1,8,2010,27.84583333333333,7.87,3.26,6.97
31706,15,2,8,2010,25.992499999999996,8.94,3.12,6.5200000000000005
31707,15,3,8,2010,25.55666666666667,10.1,3.79,6.61
31708,15,4,8,2010,24.566666666666666,10.13,3.7,6.42
31709,15,5,8,2010,23.38416666666667,9.65,3.63,6.5200000000000005
31710,15,6,8,2010,22.98,9.17,3.49,6.1400000000000015
31711,15,7,8,2010,22.323333333333334,8.56,2.61,5.91
31712,15,8,8,2010,21.6825,9.54,3.87,6.9
31713,15,9,8,2010,20.349166666666665,10.06,4.05,6.99
31714,15,10,8,2010,19.874999999999996,9.3,4.15,6.71
31715,15,11,8,2010,19.245833333333337,8.370000000000001,3.85,6.55
31716,15,12,8,2010,19.726666666666667,8.93,4.16,6.0200000000000005
31717,15,13,8,2010,20.701666666666664,5.98,3.62,4.43
31718,15,14,8,2010,22.584999999999997,6.32,4.67,5.69
31719,15,15,8,2010,24.063333333333333,6.26,4.64,5.64
31720,15,16,8,2010,24.866666666666664,5.98,4.5200000000000005,5.44
31721,15,17,8,2010,25.583333333333332,6.1000000000000005,4.62,5.5600000000000005
31722,15,18,8,2010,26.197499999999994,5.72,4.3100000000000005,5.19
31723,15,19,8,2010,26.834166666666665,5.62,4.28,5.13
31724,15,20,8,2010,27.338333333333335,5.05,3.81,4.57
31725,15,21,8,2010,27.718333333333334,4.41,3.34,4.0
31726,15,22,8,2010,27.8925,4.39,3.3200000000000003,4.0
31727,15,23,8,2010,27.5725,4.69,3.15,4.03
31728,16,0,8,2010,25.83666666666667,6.08,2.51,4.62
31729,16,1,8,2010,23.457500000000007,6.5600000000000005,2.15,4.83
31730,16,2,8,2010,22.52333333333333,6.05,1.23,4.28
31731,16,3,8,2010,21.965,4.34,1.11,2.58
31732,16,4,8,2010,21.360833333333332,3.69,0.78,2.06
31733,16,5,8,2010,20.709166666666665,3.23,0.75,1.92
31734,16,6,8,2010,19.965,3.19,0.87,2.08
31735,16,7,8,2010,19.641666666666666,2.89,1.05,2.14
31736,16,8,8,2010,19.293333333333333,2.39,0.81,1.12
31737,16,9,8,2010,18.770833333333332,2.29,0.76,1.24
31738,16,10,8,2010,18.805833333333336,2.44,0.85,1.65
31739,16,11,8,2010,18.409999999999997,2.66,1.14,1.93
31740,16,12,8,2010,19.2575,3.45,1.86,2.71
31741,16,13,8,2010,21.949166666666667,3.6,1.94,2.8000000000000003
31742,16,14,8,2010,24.22,2.25,1.73,2.03
31743,16,15,8,2010,25.39833333333333,2.8000000000000003,2.27,2.63
31744,16,16,8,2010,26.20916666666666,3.2,2.56,2.98
31745,16,17,8,2010,26.93166666666667,2.79,2.28,2.64
31746,16,18,8,2010,27.670000000000005,3.4,2.73,3.18
31747,16,19,8,2010,28.311666666666667,3.74,2.9,3.44
31748,16,20,8,2010,28.859166666666667,4.11,3.2,3.79
31749,16,21,8,2010,29.19666666666667,4.88,3.61,4.39
31750,16,22,8,2010,29.280833333333334,5.5600000000000005,4.12,5.0
31751,16,23,8,2010,28.84,6.0,4.11,5.17
31752,17,0,8,2010,27.359166666666667,6.1000000000000005,3.16,5.09
31753,17,1,8,2010,25.027499999999993,8.67,3.48,6.47
31754,17,2,8,2010,23.545,9.06,3.4,6.79
31755,17,3,8,2010,23.525833333333335,9.88,3.81,7.34
31756,17,4,8,2010,23.7825,10.15,4.07,7.13
31757,17,5,8,2010,21.51,9.6,1.34,4.41
31758,17,6,8,2010,22.838333333333335,9.81,3.9,6.26
31759,17,7,8,2010,22.625,9.11,3.58,6.22
31760,17,8,8,2010,21.317500000000003,4.62,2.65,3.82
31761,17,9,8,2010,20.323333333333334,2.67,1.64,3.12
31762,17,10,8,2010,19.675833333333333,4.16,3.64,4.59
31763,17,11,8,2010,18.99833333333333,5.9,4.07,5.36
31764,17,12,8,2010,18.650000000000002,7.5,4.47,5.9
31765,17,13,8,2010,18.79333333333333,7.33,4.14,5.57
31766,17,14,8,2010,18.933333333333334,8.26,5.34,6.67
31767,17,15,8,2010,18.859999999999996,7.4,5.65,6.8
31768,17,16,8,2010,19.320833333333333,7.76,5.73,6.99
31769,17,17,8,2010,19.232499999999998,8.23,6.21,7.55
31770,17,18,8,2010,18.66333333333333,7.8,5.8100000000000005,7.15
31771,17,19,8,2010,18.820833333333333,6.95,5.05,6.18
31772,17,20,8,2010,18.848333333333333,6.99,4.88,6.09
31773,17,21,8,2010,18.993333333333336,6.41,4.64,5.72
31774,17,22,8,2010,19.309166666666666,5.91,4.25,5.28
31775,17,23,8,2010,18.678333333333335,5.89,3.78,4.92
31776,18,0,8,2010,17.952499999999997,6.48,4.26,5.54
31777,18,1,8,2010,17.779166666666665,7.22,4.03,5.51
31778,18,2,8,2010,17.937500000000004,7.87,4.39,5.99
31779,18,3,8,2010,17.905,5.93,2.74,3.92
31780,18,4,8,2010,17.8875,5.95,2.56,3.78
31781,18,5,8,2010,17.903333333333332,5.38,2.2,3.33
31782,18,6,8,2010,17.883333333333333,4.62,1.47,2.4
31783,18,7,8,2010,17.374999999999996,4.74,1.69,3.49
31784,18,8,8,2010,17.302500000000002,4.9,1.85,3.62
31785,18,9,8,2010,17.448333333333334,4.07,1.3,2.56
31786,18,10,8,2010,17.741666666666667,2.62,1.13,1.68
31787,18,11,8,2010,17.549166666666668,1.74,0.97,1.64
31788,18,12,8,2010,17.84416666666667,1.29,0.88,0.87
31789,18,13,8,2010,18.458333333333332,1.33,0.94,1.02
31790,18,14,8,2010,19.195000000000004,0.76,0.38,0.51
31791,18,15,8,2010,19.58666666666667,0.55,0.58,0.6
31792,18,16,8,2010,20.298333333333336,0.5700000000000001,0.59,0.62
31793,18,17,8,2010,22.285,0.47,0.42,0.42
31794,18,18,8,2010,24.029166666666665,0.85,0.71,0.8
31795,18,19,8,2010,25.389999999999997,1.49,1.31,1.46
31796,18,20,8,2010,26.47666666666667,1.9,1.57,1.8
31797,18,21,8,2010,27.28583333333333,2.77,2.22,2.59
31798,18,22,8,2010,27.640833333333333,3.42,2.64,3.15
31799,18,23,8,2010,27.569166666666664,4.8,3.11,4.11
31800,19,0,8,2010,26.104166666666668,6.0200000000000005,3.06,5.44
31801,19,1,8,2010,23.989999999999995,7.1400000000000015,3.26,6.32
31802,19,2,8,2010,22.977500000000003,8.4,4.11,7.24
31803,19,3,8,2010,21.911666666666672,9.72,4.44,7.67
31804,19,4,8,2010,21.451666666666664,9.82,4.83,7.9300000000000015
31805,19,5,8,2010,21.478333333333335,10.93,5.23,8.33
31806,19,6,8,2010,21.34,11.68,5.36,8.6
31807,19,7,8,2010,21.200000000000003,11.87,5.62,8.83
31808,19,8,8,2010,20.90833333333333,11.74,5.49,8.59
31809,19,9,8,2010,19.908333333333335,10.75,4.3,7.26
31810,19,10,8,2010,19.43,11.35,5.01,7.9
31811,19,11,8,2010,19.28833333333333,11.38,5.0600000000000005,7.92
31812,19,12,8,2010,20.207500000000003,11.01,5.41,8.05
31813,19,13,8,2010,21.382499999999997,8.56,5.4,6.49
31814,19,14,8,2010,23.568333333333328,7.83,5.37,6.48
31815,19,15,8,2010,25.906666666666666,7.97,5.92,7.24
31816,19,16,8,2010,27.865,8.36,6.17,7.57
31817,19,17,8,2010,29.587500000000002,8.64,6.34,7.8
31818,19,18,8,2010,30.907500000000002,9.2,6.75,8.33
31819,19,19,8,2010,32.1,9.89,7.24,8.96
31820,19,20,8,2010,32.910833333333336,9.43,6.71,8.35
31821,19,21,8,2010,33.199999999999996,9.56,6.79,8.46
31822,19,22,8,2010,32.88333333333333,10.53,7.23,9.25
31823,19,23,8,2010,31.735,10.63,6.44,8.73
31824,20,0,8,2010,29.836666666666662,12.31,5.53,8.82
31825,20,1,8,2010,29.021666666666672,13.89,6.49,9.89
31826,20,2,8,2010,27.914166666666663,14.23,6.84,10.17
31827,20,3,8,2010,26.390000000000004,15.19,7.15,10.8
31828,20,4,8,2010,25.958333333333332,15.39,7.28,10.95
31829,20,5,8,2010,25.11833333333333,15.37,7.33,10.93
31830,20,6,8,2010,24.674166666666668,15.11,6.82,10.42
31831,20,7,8,2010,24.121666666666666,15.18,6.79,10.39
31832,20,8,8,2010,23.09333333333333,14.88,5.86,9.57
31833,20,9,8,2010,22.520833333333332,14.33,5.33,9.07
31834,20,10,8,2010,23.04583333333333,13.57,6.51,9.42
31835,20,11,8,2010,22.909166666666664,13.92,7.05,10.04
31836,20,12,8,2010,23.493333333333336,13.5,7.54,10.19
31837,20,13,8,2010,25.034166666666668,11.06,6.46,8.75
31838,20,14,8,2010,26.393333333333334,7.97,5.76,7.05
31839,20,15,8,2010,26.9875,7.41,5.23,6.5600000000000005
31840,20,16,8,2010,27.755,5.19,4.08,4.8500000000000005
31841,20,17,8,2010,29.533333333333328,5.8100000000000005,4.37,5.28
31842,20,18,8,2010,29.721666666666664,6.45,4.91,5.94
31843,20,19,8,2010,30.354166666666668,6.41,4.86,5.86
31844,20,20,8,2010,31.316666666666663,4.66,3.44,4.16
31845,20,21,8,2010,32.205000000000005,3.56,2.63,3.17
31846,20,22,8,2010,31.38666666666667,7.63,5.91,7.2
31847,20,23,8,2010,27.6425,2.91,3.48,3.26
31848,21,0,8,2010,26.701666666666668,9.2,5.09,7.33
31849,21,1,8,2010,23.281666666666666,9.22,5.0200000000000005,7.22
31850,21,2,8,2010,22.830833333333334,5.86,2.94,5.13
31851,21,3,8,2010,21.900833333333335,7.74,3.9,5.92
31852,21,4,8,2010,22.541666666666668,5.62,2.96,5.45
31853,21,5,8,2010,22.039999999999996,3.62,3.27,5.09
31854,21,6,8,2010,22.3025,3.95,3.53,5.21
31855,21,7,8,2010,22.01666666666667,3.87,3.64,5.18
31856,21,8,8,2010,21.868333333333336,5.01,3.42,5.49
31857,21,9,8,2010,21.53833333333333,5.1000000000000005,3.54,5.57
31858,21,10,8,2010,21.118333333333336,6.0,3.77,5.84
31859,21,11,8,2010,20.735833333333336,7.34,3.99,6.75
31860,21,12,8,2010,21.076666666666668,7.97,4.39,6.54
31861,21,13,8,2010,22.14916666666667,7.1400000000000015,3.78,5.08
31862,21,14,8,2010,23.6975,4.97,3.89,4.62
31863,21,15,8,2010,26.163333333333338,5.07,3.79,4.6000000000000005
31864,21,16,8,2010,28.203333333333333,5.5200000000000005,4.15,5.03
31865,21,17,8,2010,29.418333333333337,5.69,4.28,5.18
31866,21,18,8,2010,30.469166666666663,5.91,4.42,5.36
31867,21,19,8,2010,31.298333333333332,5.76,4.32,5.22
31868,21,20,8,2010,31.94666666666667,5.28,3.98,4.79
31869,21,21,8,2010,32.38999999999999,5.08,3.84,4.64
31870,21,22,8,2010,32.35166666666667,4.83,3.64,4.41
31871,21,23,8,2010,31.780833333333334,4.72,3.42,4.26
31872,22,0,8,2010,29.8475,4.72,2.0,3.79
31873,22,1,8,2010,27.444166666666664,4.01,1.35,3.42
31874,22,2,8,2010,26.46083333333333,3.5700000000000003,1.14,2.5500000000000003
31875,22,3,8,2010,25.608333333333338,3.03,0.78,1.98
31876,22,4,8,2010,25.0475,1.8,0.37,1.18
31877,22,5,8,2010,24.360833333333336,1.99,0.22,1.08
31878,22,6,8,2010,23.44333333333334,2.15,0.24,1.14
31879,22,7,8,2010,22.576666666666668,2.54,0.33,1.38
31880,22,8,8,2010,21.78,3.53,0.87,2.13
31881,22,9,8,2010,21.324166666666667,3.99,1.28,2.75
31882,22,10,8,2010,20.69,4.58,1.51,3.19
31883,22,11,8,2010,20.2775,4.69,1.94,3.69
31884,22,12,8,2010,21.014166666666668,4.68,2.31,3.93
31885,22,13,8,2010,23.574166666666667,4.2700000000000005,2.11,2.92
31886,22,14,8,2010,25.755,3.53,2.71,3.25
31887,22,15,8,2010,27.04666666666667,3.83,2.98,3.54
31888,22,16,8,2010,28.254166666666663,3.78,2.94,3.49
31889,22,17,8,2010,29.321666666666662,3.52,2.75,3.25
31890,22,18,8,2010,30.329166666666666,3.53,2.83,3.31
31891,22,19,8,2010,30.986666666666665,3.46,2.87,3.3200000000000003
31892,22,20,8,2010,31.67833333333333,3.88,3.0700000000000003,3.63
31893,22,21,8,2010,31.873333333333335,4.45,3.49,4.15
31894,22,22,8,2010,31.763333333333332,4.69,3.5700000000000003,4.36
31895,22,23,8,2010,30.911666666666672,5.71,3.41,4.76
31896,23,0,8,2010,28.8425,6.29,3.0,5.55
31897,23,1,8,2010,26.786666666666665,8.93,3.89,7.6400000000000015
31898,23,2,8,2010,25.464166666666667,9.87,4.21,8.11
31899,23,3,8,2010,24.50666666666667,9.81,4.26,8.19
31900,23,4,8,2010,23.695000000000004,9.08,3.76,7.75
31901,23,5,8,2010,22.935000000000002,8.870000000000003,3.67,7.36
31902,23,6,8,2010,22.534166666666664,8.77,3.6,7.05
31903,23,7,8,2010,21.98,9.2,3.52,7.12
31904,23,8,8,2010,21.525833333333335,9.31,3.63,7.12
31905,23,9,8,2010,21.280833333333337,8.98,3.67,7.0
31906,23,10,8,2010,21.035,9.97,3.61,7.0
31907,23,11,8,2010,20.166666666666668,10.03,3.26,6.72
31908,23,12,8,2010,21.020833333333332,10.45,4.45,6.9
31909,23,13,8,2010,22.611666666666668,8.22,4.63,5.79
31910,23,14,8,2010,24.802500000000006,6.58,4.94,6.0
31911,23,15,8,2010,26.698333333333334,7.24,5.36,6.5600000000000005
31912,23,16,8,2010,28.125,7.48,5.53,6.7700000000000005
31913,23,17,8,2010,29.198333333333327,7.07,5.23,6.3900000000000015
31914,23,18,8,2010,30.046666666666667,7.2,5.41,6.5600000000000005
31915,23,19,8,2010,30.622500000000002,7.33,5.55,6.73
31916,23,20,8,2010,31.095,7.52,5.5600000000000005,6.82
31917,23,21,8,2010,31.317499999999995,7.59,5.58,6.88
31918,23,22,8,2010,31.389999999999997,6.21,4.57,5.6000000000000005
31919,23,23,8,2010,30.840000000000003,7.03,5.08,6.3900000000000015
31920,24,0,8,2010,28.825833333333332,10.11,4.7,7.31
31921,24,1,8,2010,26.777500000000003,11.39,4.45,7.96
31922,24,2,8,2010,25.853333333333335,12.18,5.2,8.48
31923,24,3,8,2010,24.557499999999994,12.06,3.92,7.58
31924,24,4,8,2010,24.0275,11.88,4.3100000000000005,7.74
31925,24,5,8,2010,23.361666666666665,11.47,3.81,7.32
31926,24,6,8,2010,24.00583333333333,10.98,7.16,9.52
31927,24,7,8,2010,22.47583333333333,9.14,4.47,6.78
31928,24,8,8,2010,22.2075,9.25,5.63,7.51
31929,24,9,8,2010,21.71916666666667,9.94,6.32,8.3
31930,24,10,8,2010,21.546666666666667,9.89,6.33,8.32
31931,24,11,8,2010,20.87,10.76,6.8100000000000005,8.98
31932,24,12,8,2010,20.03333333333333,11.07,7.2,9.4
31933,24,13,8,2010,20.04083333333333,10.38,6.41,8.49
31934,24,14,8,2010,20.5975,8.51,5.86,7.37
31935,24,15,8,2010,21.650833333333335,9.67,6.88,8.6
31936,24,16,8,2010,22.885,10.83,7.71,9.62
31937,24,17,8,2010,24.39,11.11,7.9300000000000015,9.89
31938,24,18,8,2010,25.325,11.04,7.9300000000000015,9.83
31939,24,19,8,2010,25.63,11.31,8.18,10.14
31940,24,20,8,2010,25.797499999999996,10.71,7.68,9.52
31941,24,21,8,2010,25.71083333333334,9.67,6.94,8.58
31942,24,22,8,2010,25.450000000000003,10.13,7.12,8.99
31943,24,23,8,2010,24.704166666666666,9.87,6.43,8.21
31944,25,0,8,2010,22.110833333333332,8.76,4.32,6.68
31945,25,1,8,2010,19.403333333333332,8.38,2.94,6.67
31946,25,2,8,2010,18.6575,8.11,2.94,6.93
31947,25,3,8,2010,17.624166666666667,6.44,1.93,4.69
31948,25,4,8,2010,16.785,4.2,1.9,3.12
31949,25,5,8,2010,15.8375,3.8,2.19,3.35
31950,25,6,8,2010,15.891666666666667,3.14,1.99,3.03
31951,25,7,8,2010,15.599166666666669,3.24,2.26,3.39
31952,25,8,8,2010,14.893333333333333,3.14,2.46,3.4
31953,25,9,8,2010,14.0875,3.2,2.54,3.53
31954,25,10,8,2010,13.339166666666666,3.34,2.79,3.95
31955,25,11,8,2010,12.785000000000002,3.75,2.98,4.38
31956,25,12,8,2010,12.729999999999999,4.76,3.1,4.45
31957,25,13,8,2010,14.73916666666667,4.92,2.5500000000000003,4.01
31958,25,14,8,2010,17.848333333333333,3.34,2.2,2.57
31959,25,15,8,2010,20.680833333333332,3.34,2.62,3.11
31960,25,16,8,2010,22.578333333333337,3.28,2.61,3.08
31961,25,17,8,2010,23.819166666666664,3.24,2.5,2.97
31962,25,18,8,2010,24.78583333333333,3.63,2.86,3.37
31963,25,19,8,2010,25.504166666666663,3.96,3.0500000000000003,3.63
31964,25,20,8,2010,26.11,4.11,3.17,3.78
31965,25,21,8,2010,26.445000000000004,4.17,3.21,3.85
31966,25,22,8,2010,26.53666666666666,3.86,2.98,3.5700000000000003
31967,25,23,8,2010,26.174999999999997,2.7,2.02,2.43
31968,26,0,8,2010,23.742500000000003,3.08,0.77,1.79
31969,26,1,8,2010,21.31,2.5500000000000003,0.23,1.1
31970,26,2,8,2010,20.443333333333335,3.42,1.02,2.41
31971,26,3,8,2010,20.074166666666667,3.58,1.54,2.84
31972,26,4,8,2010,19.871666666666666,3.4,1.6,2.9
31973,26,5,8,2010,19.543333333333333,3.31,1.72,2.91
31974,26,6,8,2010,18.69333333333333,3.22,2.1,3.16
31975,26,7,8,2010,17.780833333333334,3.52,2.4,3.54
31976,26,8,8,2010,17.425,3.74,2.05,3.51
31977,26,9,8,2010,17.800833333333333,3.81,2.24,3.73
31978,26,10,8,2010,17.180833333333332,3.86,2.25,3.74
31979,26,11,8,2010,15.965833333333334,4.73,2.84,4.69
31980,26,12,8,2010,16.413333333333334,4.78,2.87,4.72
31981,26,13,8,2010,18.958333333333332,5.24,2.71,4.33
31982,26,14,8,2010,21.660833333333333,4.19,3.0700000000000003,3.68
31983,26,15,8,2010,23.699166666666667,4.45,3.27,3.98
31984,26,16,8,2010,25.1825,4.96,3.7,4.49
31985,26,17,8,2010,26.08583333333333,5.3100000000000005,3.96,4.8
31986,26,18,8,2010,26.8175,5.24,3.94,4.76
31987,26,19,8,2010,27.486666666666668,5.5600000000000005,4.17,5.05
31988,26,20,8,2010,28.02,5.7,4.24,5.15
31989,26,21,8,2010,28.29916666666666,5.7700000000000005,4.24,5.21
31990,26,22,8,2010,28.345,6.3,4.5,5.66
31991,26,23,8,2010,27.686666666666667,7.63,4.32,6.3900000000000015
31992,27,0,8,2010,25.1875,9.04,4.0200000000000005,7.44
31993,27,1,8,2010,23.2025,10.63,4.65,8.42
31994,27,2,8,2010,21.813333333333333,11.71,5.04,8.96
31995,27,3,8,2010,21.1875,12.57,5.74,9.44
31996,27,4,8,2010,20.886666666666667,12.41,5.53,9.25
31997,27,5,8,2010,20.330000000000002,12.29,5.38,9.24
31998,27,6,8,2010,19.6325,12.08,5.39,9.09
31999,27,7,8,2010,19.22833333333333,12.1,5.33,9.13
32000,27,8,8,2010,18.985,11.98,5.48,9.18
32001,27,9,8,2010,17.75916666666667,11.25,5.34,8.86
32002,27,10,8,2010,17.6375,11.43,5.66,9.05
32003,27,11,8,2010,16.749166666666664,10.77,5.33,8.77
32004,27,12,8,2010,17.286666666666665,10.92,5.8100000000000005,8.64
32005,27,13,8,2010,18.978333333333328,10.13,5.51,7.6400000000000015
32006,27,14,8,2010,21.070833333333333,9.28,5.15,6.3
32007,27,15,8,2010,23.6275,7.48,5.5600000000000005,6.8
32008,27,16,8,2010,25.462499999999995,7.67,5.59,6.8900000000000015
32009,27,17,8,2010,26.824166666666667,7.82,5.73,7.05
32010,27,18,8,2010,27.805000000000003,8.42,6.16,7.59
32011,27,19,8,2010,28.438333333333336,9.03,6.55,8.1
32012,27,20,8,2010,28.885,9.25,6.66,8.290000000000001
32013,27,21,8,2010,29.07833333333333,9.79,6.98,8.76
32014,27,22,8,2010,28.836666666666662,9.73,6.87,8.66
32015,27,23,8,2010,27.840833333333332,9.63,6.5600000000000005,8.43
32016,28,0,8,2010,25.178333333333338,11.73,4.49,8.4
32017,28,1,8,2010,23.30083333333333,13.76,5.76,9.67
32018,28,2,8,2010,22.12666666666667,13.84,5.47,9.46
32019,28,3,8,2010,21.198333333333334,14.14,5.93,9.81
32020,28,4,8,2010,20.236666666666665,14.55,6.22,10.06
32021,28,5,8,2010,19.827500000000004,14.76,6.28,10.16
32022,28,6,8,2010,19.904166666666665,15.32,7.0,10.81
32023,28,7,8,2010,19.66333333333333,15.69,7.11,10.92
32024,28,8,8,2010,19.392500000000002,15.79,7.49,11.17
32025,28,9,8,2010,18.953333333333333,15.8,7.47,11.15
32026,28,10,8,2010,18.68166666666667,15.49,7.76,11.23
32027,28,11,8,2010,17.819166666666668,15.03,7.76,11.21
32028,28,12,8,2010,17.721666666666668,14.02,8.02,10.68
32029,28,13,8,2010,19.01083333333333,13.11,7.86,10.49
32030,28,14,8,2010,21.403333333333332,11.56,6.94,8.47
32031,28,15,8,2010,24.18916666666667,9.49,7.0600000000000005,8.620000000000001
32032,28,16,8,2010,26.673333333333336,9.76,7.13,8.8
32033,28,17,8,2010,28.5525,10.87,7.81,9.71
32034,28,18,8,2010,29.782500000000002,10.7,7.67,9.55
32035,28,19,8,2010,30.529166666666665,10.19,7.28,9.06
32036,28,20,8,2010,30.89833333333333,10.68,7.57,9.46
32037,28,21,8,2010,30.935833333333335,10.97,7.69,9.68
32038,28,22,8,2010,30.642499999999995,11.01,7.51,9.63
32039,28,23,8,2010,29.61666666666667,12.07,7.6,9.79
32040,29,0,8,2010,27.041666666666668,12.44,5.59,8.73
32041,29,1,8,2010,24.776666666666667,14.53,6.1400000000000015,10.0
32042,29,2,8,2010,23.826666666666668,15.33,6.18,10.07
32043,29,3,8,2010,22.671666666666667,15.47,6.1400000000000015,10.02
32044,29,4,8,2010,21.905833333333334,15.32,6.5600000000000005,10.44
32045,29,5,8,2010,20.793333333333333,15.02,6.5,10.36
32046,29,6,8,2010,20.385833333333334,14.89,6.65,10.39
32047,29,7,8,2010,20.28583333333333,14.89,6.8900000000000015,10.66
32048,29,8,8,2010,20.631666666666664,15.26,7.3900000000000015,10.96
32049,29,9,8,2010,20.410833333333333,15.56,7.67,11.23
32050,29,10,8,2010,20.22,14.63,7.27,10.57
32051,29,11,8,2010,20.1125,14.77,7.07,10.44
32052,29,12,8,2010,20.523333333333333,14.56,8.290000000000001,11.23
32053,29,13,8,2010,22.456666666666667,13.33,7.62,10.39
32054,29,14,8,2010,24.648333333333337,11.08,7.87,9.84
32055,29,15,8,2010,26.734166666666667,10.25,7.3900000000000015,9.17
32056,29,16,8,2010,28.6225,11.91,8.4,10.5
32057,29,17,8,2010,30.076666666666664,12.29,8.64,10.85
32058,29,18,8,2010,31.129166666666663,12.26,8.58,10.78
32059,29,19,8,2010,31.810833333333335,12.81,9.05,11.34
32060,29,20,8,2010,32.142500000000005,12.6,8.81,11.09
32061,29,21,8,2010,32.14083333333333,12.92,8.9,11.32
32062,29,22,8,2010,31.710833333333337,13.96,9.56,12.26
32063,29,23,8,2010,30.9425,13.91,9.27,12.06
32064,30,0,8,2010,28.989999999999995,12.32,6.74,9.65
32065,30,1,8,2010,27.211666666666662,12.73,5.22,8.66
32066,30,2,8,2010,26.38416666666667,13.44,6.36,9.62
32067,30,3,8,2010,25.76166666666666,13.88,6.51,9.85
32068,30,4,8,2010,25.153333333333336,13.42,6.32,9.52
32069,30,5,8,2010,24.72583333333333,13.47,6.88,9.97
32070,30,6,8,2010,24.183333333333337,13.66,7.1000000000000005,10.2
32071,30,7,8,2010,23.57666666666667,14.01,7.42,10.51
32072,30,8,8,2010,23.010833333333334,14.07,7.62,10.69
32073,30,9,8,2010,22.68166666666667,14.2,8.040000000000001,11.08
32074,30,10,8,2010,22.146666666666672,14.1,7.94,10.96
32075,30,11,8,2010,21.621666666666666,14.03,7.9300000000000015,10.92
32076,30,12,8,2010,21.463333333333335,13.95,8.120000000000001,10.98
32077,30,13,8,2010,22.47583333333333,12.52,7.53,9.49
32078,30,14,8,2010,23.95,10.39,7.68,9.45
32079,30,15,8,2010,25.17833333333333,10.41,7.71,9.49
32080,30,16,8,2010,26.710000000000004,10.68,7.74,9.58
32081,30,17,8,2010,28.461666666666662,10.87,7.83,9.71
32082,30,18,8,2010,28.278333333333332,11.5,8.23,10.29
32083,30,19,8,2010,24.269166666666667,13.82,9.01,12.0
32084,30,20,8,2010,25.734166666666667,13.45,7.9,10.73
32085,30,21,8,2010,26.191666666666666,13.05,8.55,11.1
32086,30,22,8,2010,26.15166666666666,12.0,8.59,10.69
32087,30,23,8,2010,25.979166666666668,11.83,7.05,9.52
32088,31,0,8,2010,24.53,13.28,6.4,9.57
32089,31,1,8,2010,23.99,14.23,7.65,10.82
32090,31,2,8,2010,23.639166666666668,14.16,8.1,11.11
32091,31,3,8,2010,23.755,14.81,8.24,11.49
32092,31,4,8,2010,23.92833333333333,15.17,8.48,11.78
32093,31,5,8,2010,24.097499999999997,15.62,8.82,12.16
32094,31,6,8,2010,24.034166666666668,15.61,8.86,12.19
32095,31,7,8,2010,23.7675,15.1,8.64,11.85
32096,31,8,8,2010,23.616666666666664,14.83,8.47,11.64
32097,31,9,8,2010,23.425,14.29,8.03,11.11
32098,31,10,8,2010,23.313333333333333,14.46,8.67,11.61
32099,31,11,8,2010,23.548333333333332,16.12,9.73,13.03
32100,31,12,8,2010,23.706666666666667,16.15,9.68,12.97
32101,31,13,8,2010,24.5625,15.45,9.86,12.88
32102,31,14,8,2010,25.859166666666667,13.21,9.52,11.84
32103,31,15,8,2010,27.70583333333333,13.06,9.44,11.71
32104,31,16,8,2010,29.584166666666672,11.77,8.44,10.48
32105,31,17,8,2010,31.2975,11.78,8.36,10.47
32106,31,18,8,2010,32.61333333333333,10.97,7.77,9.7
32107,31,19,8,2010,33.855,10.76,7.78,9.61
32108,31,20,8,2010,34.79,10.39,7.45,9.21
32109,31,21,8,2010,35.25249999999999,10.92,7.62,9.62
32110,31,22,8,2010,27.473333333333333,12.44,7.67,10.53
32111,31,23,8,2010,24.077500000000004,10.75,6.82,9.17
32112,1,0,9,2010,23.265833333333333,11.43,7.48,9.97
32113,1,1,9,2010,23.105833333333333,12.23,8.01,10.43
32114,1,2,9,2010,22.413333333333327,8.790000000000001,4.98,6.91
32115,1,3,9,2010,22.0575,7.83,5.09,6.73
32116,1,4,9,2010,22.124166666666667,7.0600000000000005,3.23,4.59
32117,1,5,9,2010,22.410833333333333,7.76,4.0200000000000005,5.89
32118,1,6,9,2010,22.213333333333335,8.5,3.16,5.49
32119,1,7,9,2010,21.865,8.43,3.24,5.8100000000000005
32120,1,8,9,2010,21.36666666666667,6.84,2.84,5.19
32121,1,9,9,2010,21.44333333333333,7.33,3.18,5.43
32122,1,10,9,2010,21.155833333333337,5.13,1.79,3.51
32123,1,11,9,2010,20.704166666666666,3.48,1.2,2.78
32124,1,12,9,2010,20.477500000000003,2.62,1.07,1.85
32125,1,13,9,2010,21.65416666666667,2.22,1.43,1.7
32126,1,14,9,2010,23.228333333333335,2.36,1.96,2.26
32127,1,15,9,2010,24.709166666666665,3.91,2.99,3.58
32128,1,16,9,2010,25.727500000000003,4.69,3.6,4.3
32129,1,17,9,2010,26.73416666666667,5.08,3.94,4.7
32130,1,18,9,2010,27.595,5.9,4.33,5.34
32131,1,19,9,2010,28.433333333333334,6.55,4.8500000000000005,5.9
32132,1,20,9,2010,28.676666666666673,8.45,6.15,7.65
32133,1,21,9,2010,24.666666666666668,14.59,9.85,12.41
32134,1,22,9,2010,18.785833333333333,13.65,8.24,11.09
32135,1,23,9,2010,19.75,9.62,6.61,8.28
32136,2,0,9,2010,20.1825,7.62,4.93,6.51
32137,2,1,9,2010,20.00583333333333,6.0600000000000005,2.54,5.0600000000000005
32138,2,2,9,2010,20.364166666666666,4.13,2.99,4.21
32139,2,3,9,2010,20.0175,8.67,6.3500000000000005,7.95
32140,2,4,9,2010,19.626666666666665,7.19,4.13,5.89
32141,2,5,9,2010,20.177500000000002,7.69,4.8100000000000005,6.69
32142,2,6,9,2010,20.065,10.6,2.9,6.15
32143,2,7,9,2010,19.3725,9.49,3.93,6.41
32144,2,8,9,2010,19.500833333333333,11.2,4.82,7.6
32145,2,9,9,2010,19.66916666666667,10.93,5.32,8.16
32146,2,10,9,2010,19.89833333333333,11.36,5.74,8.33
32147,2,11,9,2010,19.1675,10.45,4.92,7.48
32148,2,12,9,2010,19.0825,8.98,5.04,6.74
32149,2,13,9,2010,20.015833333333337,9.07,5.36,7.17
32150,2,14,9,2010,21.56916666666667,7.66,4.8100000000000005,5.8500000000000005
32151,2,15,9,2010,22.613333333333333,6.47,4.54,5.36
32152,2,16,9,2010,23.17916666666667,6.65,4.96,5.99
32153,2,17,9,2010,23.24416666666667,7.8,5.78,7.03
32154,2,18,9,2010,23.91416666666667,8.01,5.79,7.12
32155,2,19,9,2010,24.613333333333333,10.93,7.86,9.73
32156,2,20,9,2010,25.0825,12.86,9.01,11.35
32157,2,21,9,2010,23.41333333333333,13.15,9.31,11.65
32158,2,22,9,2010,22.135833333333338,8.49,6.0600000000000005,7.52
32159,2,23,9,2010,21.752499999999998,6.8,3.74,5.42
32160,3,0,9,2010,20.604166666666668,12.29,5.19,8.58
32161,3,1,9,2010,19.608333333333334,12.12,5.68,8.99
32162,3,2,9,2010,18.599999999999998,12.7,5.91,9.26
32163,3,3,9,2010,17.822500000000005,12.98,5.22,8.81
32164,3,4,9,2010,17.0725,12.78,4.8500000000000005,8.46
32165,3,5,9,2010,16.0875,12.26,4.01,8.0
32166,3,6,9,2010,15.234999999999998,9.22,3.81,7.09
32167,3,7,9,2010,14.705,8.96,4.3500000000000005,7.15
32168,3,8,9,2010,14.063333333333333,9.19,4.54,7.3900000000000015
32169,3,9,9,2010,13.529166666666667,10.16,4.93,8.1
32170,3,10,9,2010,13.072499999999998,11.8,5.29,8.52
32171,3,11,9,2010,11.823333333333332,12.42,5.41,8.6
32172,3,12,9,2010,11.652500000000002,12.94,5.95,8.4
32173,3,13,9,2010,14.624166666666667,10.94,5.75,8.01
32174,3,14,9,2010,16.71666666666667,9.19,6.5,8.08
32175,3,15,9,2010,18.05416666666667,11.14,7.8,9.78
32176,3,16,9,2010,18.885,11.77,8.370000000000001,10.43
32177,3,17,9,2010,19.56083333333333,11.93,8.47,10.57
32178,3,18,9,2010,20.200833333333332,11.73,8.290000000000001,10.36
32179,3,19,9,2010,20.68583333333333,11.26,7.99,9.95
32180,3,20,9,2010,21.10583333333333,10.86,7.7,9.58
32181,3,21,9,2010,21.338333333333335,10.77,7.54,9.51
32182,3,22,9,2010,21.181666666666665,11.12,7.71,9.85
32183,3,23,9,2010,20.434166666666666,10.85,7.4,9.49
32184,4,0,9,2010,18.034166666666664,8.24,3.2,6.2700000000000005
32185,4,1,9,2010,16.47416666666667,8.35,3.5,7.07
32186,4,2,9,2010,15.835000000000003,9.53,3.91,7.71
32187,4,3,9,2010,14.779166666666669,9.43,3.7,7.47
32188,4,4,9,2010,14.755833333333333,9.61,4.07,7.75
32189,4,5,9,2010,13.0225,8.040000000000001,3.09,6.4
32190,4,6,9,2010,12.808333333333335,4.82,1.98,3.39
32191,4,7,9,2010,12.430000000000001,3.04,1.14,2.02
32192,4,8,9,2010,12.072500000000003,2.22,1.26,1.76
32193,4,9,9,2010,11.7575,1.93,1.69,1.52
32194,4,10,9,2010,11.088333333333333,1.07,1.62,1.21
32195,4,11,9,2010,11.031666666666666,1.08,0.66,0.94
32196,4,12,9,2010,10.925833333333332,0.76,0.85,0.71
32197,4,13,9,2010,13.339166666666666,2.08,1.21,1.33
32198,4,14,9,2010,16.24833333333333,2.29,1.82,2.14
32199,4,15,9,2010,18.11416666666667,2.85,2.25,2.66
32200,4,16,9,2010,19.603333333333335,3.76,2.88,3.44
32201,4,17,9,2010,20.935833333333335,4.14,3.18,3.8
32202,4,18,9,2010,22.165000000000003,5.08,3.83,4.62
32203,4,19,9,2010,23.168333333333333,6.01,4.53,5.48
32204,4,20,9,2010,23.704166666666666,6.62,4.94,6.0200000000000005
32205,4,21,9,2010,24.113333333333333,7.52,5.5,6.79
32206,4,22,9,2010,24.486666666666665,7.57,5.46,6.75
32207,4,23,9,2010,23.86,8.540000000000001,4.95,6.34
32208,5,0,9,2010,21.2925,11.82,4.26,8.08
32209,5,1,9,2010,19.77,13.38,5.47,9.01
32210,5,2,9,2010,18.924166666666665,14.02,6.3,9.69
32211,5,3,9,2010,18.351666666666663,14.52,6.63,10.01
32212,5,4,9,2010,17.88,15.27,7.42,10.82
32213,5,5,9,2010,17.4925,15.3,7.4,10.8
32214,5,6,9,2010,17.127499999999998,15.72,7.91,11.36
32215,5,7,9,2010,17.125000000000004,15.89,8.15,11.64
32216,5,8,9,2010,17.014166666666664,16.740000000000002,9.09,12.64
32217,5,9,9,2010,17.054166666666664,16.76,9.16,12.71
32218,5,10,9,2010,16.7925,16.740000000000002,9.35,12.88
32219,5,11,9,2010,16.517500000000002,16.75,9.58,13.06
32220,5,12,9,2010,16.65166666666667,16.95,10.13,13.55
32221,5,13,9,2010,18.579166666666666,16.52,10.07,13.38
32222,5,14,9,2010,19.92583333333333,15.01,8.73,12.07
32223,5,15,9,2010,21.585833333333337,12.28,8.92,11.05
32224,5,16,9,2010,23.420833333333334,14.54,10.48,13.04
32225,5,17,9,2010,24.969166666666666,14.5,10.4,12.98
32226,5,18,9,2010,26.29583333333333,11.9,8.46,10.55
32227,5,19,9,2010,27.197499999999994,14.1,10.04,12.54
32228,5,20,9,2010,27.852499999999992,13.95,9.75,12.26
32229,5,21,9,2010,28.09583333333333,14.58,10.09,12.74
32230,5,22,9,2010,28.02916666666667,12.08,8.01,10.28
32231,5,23,9,2010,26.97333333333333,12.14,6.67,9.5
32232,6,0,9,2010,25.132499999999997,14.04,7.3900000000000015,10.65
32233,6,1,9,2010,24.07416666666667,14.47,7.57,10.85
32234,6,2,9,2010,23.034166666666664,14.23,7.4,10.63
32235,6,3,9,2010,22.463333333333335,17.39,10.02,13.64
32236,6,4,9,2010,22.4425,17.77,10.51,14.15
32237,6,5,9,2010,22.110833333333332,17.82,10.59,14.25
32238,6,6,9,2010,21.650833333333335,16.86,9.88,13.38
32239,6,7,9,2010,21.622500000000002,17.27,10.07,13.66
32240,6,8,9,2010,21.5625,17.240000000000002,10.09,13.63
32241,6,9,9,2010,21.45,16.97,9.85,13.3
32242,6,10,9,2010,21.4525,17.32,9.92,13.54
32243,6,11,9,2010,21.575000000000006,17.72,10.55,14.15
32244,6,12,9,2010,21.265000000000004,18.94,11.42,15.21
32245,6,13,9,2010,22.236666666666665,19.03,11.94,15.62
32246,6,14,9,2010,23.983333333333334,17.82,11.33,14.73
32247,6,15,9,2010,25.934166666666666,16.71,11.28,14.17
32248,6,16,9,2010,27.878333333333327,17.490000000000002,12.12,15.2
32249,6,17,9,2010,27.75583333333333,18.47,12.71,16.06
32250,6,18,9,2010,29.487499999999997,14.86,10.12,12.92
32251,6,19,9,2010,30.345000000000002,14.65,9.93,12.69
32252,6,20,9,2010,29.924999999999997,18.14,11.81,15.45
32253,6,21,9,2010,28.43416666666667,16.34,11.34,14.38
32254,6,22,9,2010,29.305000000000003,12.58,8.8,11.12
32255,6,23,9,2010,27.03333333333333,11.89,8.22,10.39
32256,7,0,9,2010,25.565833333333334,11.44,6.22,8.74
32257,7,1,9,2010,23.851666666666663,11.66,6.97,9.34
32258,7,2,9,2010,21.215833333333332,10.32,5.4,7.8900000000000015
32259,7,3,9,2010,19.374166666666664,9.01,3.3200000000000003,5.98
32260,7,4,9,2010,18.2925,8.14,2.83,5.47
32261,7,5,9,2010,17.995833333333334,6.76,2.91,4.72
32262,7,6,9,2010,17.762500000000003,7.36,2.78,4.62
32263,7,7,9,2010,17.574166666666663,6.41,2.83,4.72
32264,7,8,9,2010,15.560833333333333,6.17,2.95,5.0200000000000005
32265,7,9,9,2010,14.915000000000004,6.25,3.38,5.51
32266,7,10,9,2010,14.053333333333333,6.6400000000000015,4.05,6.0
32267,7,11,9,2010,14.222500000000002,8.03,4.29,6.8500000000000005
32268,7,12,9,2010,13.99,9.41,4.67,7.51
32269,7,13,9,2010,14.941666666666668,9.69,5.3500000000000005,7.15
32270,7,14,9,2010,17.011666666666667,6.47,4.2700000000000005,4.99
32271,7,15,9,2010,19.442499999999995,6.95,5.05,6.17
32272,7,16,9,2010,20.769166666666667,7.34,5.39,6.57
32273,7,17,9,2010,21.69583333333333,6.22,4.61,5.57
32274,7,18,9,2010,22.57916666666667,5.9,4.43,5.33
32275,7,19,9,2010,23.2925,5.6000000000000005,4.21,5.07
32276,7,20,9,2010,23.887500000000003,5.03,3.77,4.54
32277,7,21,9,2010,24.1675,4.37,3.27,3.93
32278,7,22,9,2010,24.1575,3.89,2.94,3.54
32279,7,23,9,2010,23.499166666666667,3.62,2.6,3.2
32280,8,0,9,2010,21.090000000000003,3.51,1.59,3.04
32281,8,1,9,2010,19.574999999999996,2.84,1.1,2.27
32282,8,2,9,2010,18.694166666666668,2.93,1.06,2.19
32283,8,3,9,2010,17.958333333333336,2.52,0.43,1.43
32284,8,4,9,2010,17.333333333333332,3.01,0.56,1.73
32285,8,5,9,2010,17.040833333333335,3.29,0.8200000000000001,2.1
32286,8,6,9,2010,16.5075,3.86,1.18,2.62
32287,8,7,9,2010,15.622500000000002,4.5,1.2,2.83
32288,8,8,9,2010,15.130833333333335,5.14,1.66,3.25
32289,8,9,9,2010,14.828333333333333,5.51,2.12,3.48
32290,8,10,9,2010,13.860000000000001,6.18,2.11,3.9
32291,8,11,9,2010,13.217500000000001,6.98,2.68,4.8500000000000005
32292,8,12,9,2010,13.736666666666666,7.69,3.4,5.22
32293,8,13,9,2010,15.652500000000002,7.49,3.75,5.25
32294,8,14,9,2010,17.357500000000005,5.95,4.1,5.04
32295,8,15,9,2010,19.047500000000003,6.24,4.01,4.99
32296,8,16,9,2010,19.82916666666667,5.26,3.95,4.68
32297,8,17,9,2010,19.812499999999996,5.62,3.91,4.93
32298,8,18,9,2010,21.738333333333333,7.58,5.76,6.95
32299,8,19,9,2010,23.566666666666666,7.97,5.92,7.22
32300,8,20,9,2010,24.33083333333333,7.9300000000000015,5.91,7.19
32301,8,21,9,2010,25.063333333333336,7.81,5.72,7.01
32302,8,22,9,2010,24.957499999999996,7.3900000000000015,5.39,6.6400000000000015
32303,8,23,9,2010,24.370833333333337,8.44,5.15,6.53
32304,9,0,9,2010,22.43166666666667,10.95,4.24,7.5
32305,9,1,9,2010,20.739166666666666,11.26,4.25,7.5
32306,9,2,9,2010,19.72,11.14,3.84,6.8500000000000005
32307,9,3,9,2010,19.789166666666667,10.38,4.18,6.83
32308,9,4,9,2010,19.74416666666667,10.35,4.0600000000000005,6.83
32309,9,5,9,2010,19.072499999999998,10.34,3.79,6.8500000000000005
32310,9,6,9,2010,18.795,10.58,4.18,7.18
32311,9,7,9,2010,18.361666666666668,9.52,3.79,6.55
32312,9,8,9,2010,17.87,9.8,3.59,6.17
32313,9,9,9,2010,17.466666666666665,10.11,3.69,6.2700000000000005
32314,9,10,9,2010,17.6525,9.83,3.71,5.71
32315,9,11,9,2010,17.901666666666667,7.75,3.67,5.32
32316,9,12,9,2010,16.7925,7.03,3.37,4.84
32317,9,13,9,2010,18.15166666666667,7.0600000000000005,4.28,5.13
32318,9,14,9,2010,18.885,7.3,5.29,6.4
32319,9,15,9,2010,20.267500000000002,6.87,5.25,6.32
32320,9,16,9,2010,21.21166666666667,8.96,6.44,8.040000000000001
32321,9,17,9,2010,21.524999999999995,9.22,6.65,8.290000000000001
32322,9,18,9,2010,22.086666666666662,9.29,6.88,8.43
32323,9,19,9,2010,23.0475,9.19,6.8500000000000005,8.370000000000001
32324,9,20,9,2010,24.296666666666667,10.54,7.3900000000000015,9.37
32325,9,21,9,2010,23.175,10.17,7.22,9.11
32326,9,22,9,2010,22.216666666666665,10.9,7.69,9.73
32327,9,23,9,2010,21.565833333333334,9.94,6.86,8.73
32328,10,0,9,2010,20.830833333333334,10.2,6.63,8.65
32329,10,1,9,2010,19.886666666666667,10.2,6.49,8.49
32330,10,2,9,2010,19.276666666666664,9.04,5.46,7.24
32331,10,3,9,2010,19.048333333333336,8.46,4.94,6.54
32332,10,4,9,2010,18.999166666666667,7.57,4.51,5.96
32333,10,5,9,2010,18.864166666666666,7.05,4.42,5.73
32334,10,6,9,2010,18.722499999999997,7.45,4.88,6.22
32335,10,7,9,2010,18.534166666666668,7.62,5.0200000000000005,6.3900000000000015
32336,10,8,9,2010,18.350833333333334,7.8,5.04,6.44
32337,10,9,9,2010,18.22583333333333,7.62,4.75,6.1000000000000005
32338,10,10,9,2010,18.180000000000007,8.370000000000001,5.22,6.72
32339,10,11,9,2010,18.18,8.58,5.14,6.67
32340,10,12,9,2010,18.198333333333334,9.13,5.55,7.11
32341,10,13,9,2010,18.395,9.2,6.03,7.6
32342,10,14,9,2010,19.1625,8.68,6.5,7.9300000000000015
32343,10,15,9,2010,20.209999999999997,9.41,6.95,8.52
32344,10,16,9,2010,21.66916666666667,8.73,6.5200000000000005,7.97
32345,10,17,9,2010,22.934166666666666,7.1400000000000015,5.24,6.44
32346,10,18,9,2010,25.429999999999996,8.06,5.98,7.27
32347,10,19,9,2010,26.83,7.86,5.8,7.07
32348,10,20,9,2010,27.605833333333333,7.05,5.09,6.26
32349,10,21,9,2010,27.94333333333333,5.96,4.11,5.21
32350,10,22,9,2010,28.559166666666666,5.83,4.37,5.3500000000000005
32351,10,23,9,2010,28.458333333333332,6.55,4.41,5.57
32352,11,0,9,2010,26.159166666666668,8.45,3.73,6.17
32353,11,1,9,2010,23.11916666666667,10.84,7.0200000000000005,9.2
32354,11,2,9,2010,21.010833333333334,8.75,5.28,6.97
32355,11,3,9,2010,20.054166666666667,6.8100000000000005,3.42,4.72
32356,11,4,9,2010,19.494166666666665,7.92,3.14,5.66
32357,11,5,9,2010,19.7425,9.49,5.22,7.56
32358,11,6,9,2010,18.9025,8.65,4.43,6.63
32359,11,7,9,2010,19.176666666666666,8.1,4.71,6.54
32360,11,8,9,2010,18.74,6.57,3.87,5.03
32361,11,9,9,2010,17.865,7.97,5.04,6.42
32362,11,10,9,2010,16.255833333333335,7.49,4.82,6.12
32363,11,11,9,2010,14.967500000000001,9.72,4.1,6.12
32364,11,12,9,2010,14.430833333333334,10.53,4.4,6.8500000000000005
32365,11,13,9,2010,15.383333333333333,10.36,4.8100000000000005,6.96
32366,11,14,9,2010,16.775000000000002,6.58,4.14,5.0200000000000005
32367,11,15,9,2010,18.594166666666666,6.7,4.96,6.0200000000000005
32368,11,16,9,2010,20.246666666666666,6.61,4.97,6.01
32369,11,17,9,2010,21.688333333333333,6.11,4.62,5.55
32370,11,18,9,2010,22.868333333333336,5.53,4.18,5.0200000000000005
32371,11,19,9,2010,23.9475,5.1000000000000005,3.84,4.61
32372,11,20,9,2010,24.666666666666668,4.71,3.56,4.26
32373,11,21,9,2010,25.135,3.85,2.89,3.46
32374,11,22,9,2010,25.230833333333337,3.65,2.73,3.29
32375,11,23,9,2010,24.639166666666668,2.86,2.1,2.5500000000000003
32376,12,0,9,2010,22.04166666666667,1.96,0.56,1.27
32377,12,1,9,2010,20.680833333333336,2.57,1.43,2.37
32378,12,2,9,2010,20.610833333333332,2.48,1.67,2.33
32379,12,3,9,2010,20.253333333333334,3.53,2.29,3.49
32380,12,4,9,2010,19.408333333333335,5.7,3.4,5.49
32381,12,5,9,2010,18.583333333333332,7.03,4.09,6.65
32382,12,6,9,2010,18.230833333333333,9.5,4.79,8.08
32383,12,7,9,2010,18.16416666666667,11.98,5.44,9.03
32384,12,8,9,2010,18.371666666666666,12.65,6.0200000000000005,9.64
32385,12,9,9,2010,18.20333333333333,12.84,6.15,9.72
32386,12,10,9,2010,17.2025,12.86,6.0,9.5
32387,12,11,9,2010,16.655,13.57,6.6000000000000005,10.17
32388,12,12,9,2010,16.795833333333334,14.09,7.23,10.47
32389,12,13,9,2010,18.789166666666667,13.71,7.28,10.08
32390,12,14,9,2010,20.761666666666667,11.17,6.87,9.2
32391,12,15,9,2010,22.92833333333333,9.34,6.92,8.4
32392,12,16,9,2010,25.22083333333333,10.6,7.71,9.5
32393,12,17,9,2010,26.90166666666667,10.69,7.76,9.56
32394,12,18,9,2010,28.227499999999996,10.7,7.65,9.48
32395,12,19,9,2010,29.022499999999997,10.88,7.76,9.65
32396,12,20,9,2010,29.56083333333334,10.44,7.3900000000000015,9.2
32397,12,21,9,2010,29.712499999999995,10.38,7.27,9.13
32398,12,22,9,2010,29.498333333333335,10.08,6.94,8.82
32399,12,23,9,2010,27.68083333333333,10.13,4.37,7.26
32400,13,0,9,2010,25.040833333333335,13.34,5.42,9.24
32401,13,1,9,2010,23.411666666666665,14.25,5.76,9.67
32402,13,2,9,2010,22.3775,14.56,5.98,9.82
32403,13,3,9,2010,22.043333333333333,14.48,6.3,10.05
32404,13,4,9,2010,21.672500000000003,14.43,6.1400000000000015,9.79
32405,13,5,9,2010,21.087500000000002,14.45,5.99,9.56
32406,13,6,9,2010,20.670000000000005,14.26,5.67,9.31
32407,13,7,9,2010,20.300833333333333,13.85,5.61,9.16
32408,13,8,9,2010,20.245,13.75,5.9,9.5
32409,13,9,9,2010,20.061666666666667,12.87,5.67,9.14
32410,13,10,9,2010,20.070833333333336,12.5,5.69,8.94
32411,13,11,9,2010,20.096666666666668,11.91,6.0,9.03
32412,13,12,9,2010,20.000833333333336,11.91,6.03,8.93
32413,13,13,9,2010,21.025833333333335,11.58,6.45,8.69
32414,13,14,9,2010,22.875833333333333,9.17,5.33,6.5200000000000005
32415,13,15,9,2010,25.0675,5.58,4.26,5.09
32416,13,16,9,2010,26.586666666666662,2.35,1.78,2.12
32417,13,17,9,2010,27.8125,2.26,1.75,2.06
32418,13,18,9,2010,28.9375,3.76,2.95,3.47
32419,13,19,9,2010,29.71333333333334,4.2,3.31,3.9
32420,13,20,9,2010,30.23,4.73,3.65,4.34
32421,13,21,9,2010,30.244999999999994,5.42,3.99,4.88
32422,13,22,9,2010,28.155,17.37,11.71,15.45
32423,13,23,9,2010,19.06416666666667,19.18,13.7,17.34
32424,14,0,9,2010,20.393333333333334,10.38,6.0600000000000005,8.3
32425,14,1,9,2010,20.051666666666666,7.05,5.41,6.65
32426,14,2,9,2010,20.26083333333333,7.29,4.69,6.3100000000000005
32427,14,3,9,2010,19.976666666666663,9.62,5.8100000000000005,7.69
32428,14,4,9,2010,19.34,10.13,6.83,8.83
32429,14,5,9,2010,19.522499999999997,12.42,7.58,10.11
32430,14,6,9,2010,19.5475,12.3,6.48,9.02
32431,14,7,9,2010,19.81583333333333,12.43,6.91,9.67
32432,14,8,9,2010,18.609166666666663,10.93,2.76,6.49
32433,14,9,9,2010,18.128333333333334,9.71,0.94,3.78
32434,14,10,9,2010,18.353333333333335,10.25,2.77,5.99
32435,14,11,9,2010,17.88083333333333,9.82,2.91,5.99
32436,14,12,9,2010,17.131666666666664,3.98,3.02,3.74
32437,14,13,9,2010,18.361666666666668,6.3100000000000005,3.66,4.8500000000000005
32438,14,14,9,2010,20.329166666666666,4.84,3.69,4.38
32439,14,15,9,2010,22.151666666666667,4.16,3.35,3.93
32440,14,16,9,2010,23.805000000000003,4.19,3.28,3.88
32441,14,17,9,2010,25.403333333333336,4.55,3.49,4.16
32442,14,18,9,2010,26.73583333333333,4.57,3.5,4.17
32443,14,19,9,2010,27.704166666666655,3.69,2.88,3.4
32444,14,20,9,2010,28.353333333333335,4.8100000000000005,3.63,4.3500000000000005
32445,14,21,9,2010,28.580000000000002,5.71,4.19,5.12
32446,14,22,9,2010,28.220000000000002,7.42,5.44,6.7700000000000005
32447,14,23,9,2010,27.286666666666665,7.08,5.13,6.34
32448,15,0,9,2010,25.42833333333333,8.83,3.74,6.91
32449,15,1,9,2010,23.819166666666664,9.47,3.7,7.22
32450,15,2,9,2010,22.732499999999998,9.71,3.73,7.3
32451,15,3,9,2010,21.96166666666667,10.79,4.21,7.69
32452,15,4,9,2010,21.3125,11.41,4.2,7.73
32453,15,5,9,2010,20.88666666666667,12.17,4.75,8.11
32454,15,6,9,2010,21.026666666666667,12.04,5.29,8.290000000000001
32455,15,7,9,2010,21.10083333333333,11.03,5.0600000000000005,7.62
32456,15,8,9,2010,20.583333333333332,11.65,5.78,8.5
32457,15,9,9,2010,20.119999999999997,11.04,5.48,7.85
32458,15,10,9,2010,20.081666666666667,9.57,4.94,6.93
32459,15,11,9,2010,20.256666666666664,8.9,4.6000000000000005,6.42
32460,15,12,9,2010,19.991666666666664,9.74,6.0200000000000005,7.8900000000000015
32461,15,13,9,2010,19.935,10.39,6.36,8.51
32462,15,14,9,2010,20.198333333333334,3.98,3.11,3.73
32463,15,15,9,2010,20.639999999999997,11.1,7.81,9.71
32464,15,16,9,2010,21.199166666666667,13.19,9.45,11.84
32465,15,17,9,2010,20.742500000000003,13.8,9.78,12.21
32466,15,18,9,2010,18.889166666666668,13.4,9.26,11.53
32467,15,19,9,2010,19.63083333333334,14.17,9.84,12.23
32468,15,20,9,2010,20.219166666666663,12.3,8.07,10.28
32469,15,21,9,2010,21.584999999999997,9.4,7.0600000000000005,8.63
32470,15,22,9,2010,21.904999999999998,7.22,5.19,6.48
32471,15,23,9,2010,21.7075,5.22,3.15,4.25
32472,16,0,9,2010,20.974999999999998,3.1,1.57,2.58
32473,16,1,9,2010,20.269166666666667,5.08,2.98,4.5600000000000005
32474,16,2,9,2010,19.324166666666667,6.03,3.18,4.93
32475,16,3,9,2010,18.49,6.68,2.84,5.11
32476,16,4,9,2010,19.219166666666666,8.65,4.94,7.04
32477,16,5,9,2010,19.614166666666673,11.41,5.8500000000000005,8.24
32478,16,6,9,2010,18.09166666666667,14.3,8.15,11.22
32479,16,7,9,2010,16.166666666666668,13.82,7.35,10.45
32480,16,8,9,2010,15.07,14.91,8.21,11.44
32481,16,9,9,2010,13.915000000000001,12.96,7.21,10.0
32482,16,10,9,2010,13.183333333333332,11.61,5.95,8.540000000000001
32483,16,11,9,2010,13.622499999999997,9.43,5.24,7.3
32484,16,12,9,2010,14.259166666666665,8.63,5.5,7.1400000000000015
32485,16,13,9,2010,14.196666666666667,9.58,6.34,8.120000000000001
32486,16,14,9,2010,14.068333333333335,8.69,6.33,7.85
32487,16,15,9,2010,14.492499999999998,8.63,6.3900000000000015,7.81
32488,16,16,9,2010,15.224166666666664,8.55,6.48,7.82
32489,16,17,9,2010,16.006666666666664,6.8900000000000015,5.16,6.23
32490,16,18,9,2010,17.2375,5.95,4.54,5.44
32491,16,19,9,2010,18.32083333333333,5.84,4.48,5.36
32492,16,20,9,2010,19.38416666666667,4.67,3.62,4.3100000000000005
32493,16,21,9,2010,20.02166666666667,3.51,2.78,3.27
32494,16,22,9,2010,20.235,2.29,2.02,2.27
32495,16,23,9,2010,19.870833333333334,2.62,1.69,2.39
32496,17,0,9,2010,18.00583333333333,4.09,1.84,3.38
32497,17,1,9,2010,16.645833333333336,4.39,2.17,4.21
32498,17,2,9,2010,16.260833333333334,4.97,2.45,4.63
32499,17,3,9,2010,15.619166666666665,6.24,3.35,5.55
32500,17,4,9,2010,15.255,7.15,3.77,6.23
32501,17,5,9,2010,14.887500000000001,7.29,3.74,6.28
32502,17,6,9,2010,14.6775,8.59,4.18,6.78
32503,17,7,9,2010,14.570000000000002,9.83,4.92,7.6
32504,17,8,9,2010,13.9475,10.19,4.83,7.48
32505,17,9,9,2010,13.818333333333333,10.72,5.03,7.71
32506,17,10,9,2010,13.9625,10.86,5.19,7.85
32507,17,11,9,2010,13.950833333333334,11.33,5.54,8.25
32508,17,12,9,2010,13.843333333333334,11.33,5.18,7.76
32509,17,13,9,2010,15.49416666666667,10.1,5.3,7.27
32510,17,14,9,2010,17.304166666666664,8.51,5.42,6.5600000000000005
32511,17,15,9,2010,19.892500000000002,6.74,5.13,6.17
32512,17,16,9,2010,22.46083333333333,6.7700000000000005,5.0600000000000005,6.1400000000000015
32513,17,17,9,2010,24.132499999999997,6.87,5.12,6.23
32514,17,18,9,2010,25.58666666666667,6.41,4.72,5.76
32515,17,19,9,2010,26.69083333333333,6.15,4.55,5.53
32516,17,20,9,2010,27.405833333333337,6.6000000000000005,4.86,5.94
32517,17,21,9,2010,27.891666666666666,7.27,5.28,6.51
32518,17,22,9,2010,28.102500000000003,7.24,5.04,6.38
32519,17,23,9,2010,26.966666666666672,8.08,5.0200000000000005,6.37
32520,18,0,9,2010,24.900000000000002,11.03,4.38,7.71
32521,18,1,9,2010,23.999166666666667,11.55,4.8500000000000005,8.0
32522,18,2,9,2010,23.066666666666666,11.66,4.78,7.82
32523,18,3,9,2010,22.37666666666667,12.14,5.21,8.15
32524,18,4,9,2010,22.13416666666667,12.66,5.63,8.700000000000001
32525,18,5,9,2010,22.26,13.28,6.19,9.28
32526,18,6,9,2010,22.0425,12.59,5.97,8.91
32527,18,7,9,2010,21.99,12.59,6.0600000000000005,9.05
32528,18,8,9,2010,21.815,12.61,6.11,9.07
32529,18,9,9,2010,21.750833333333333,13.24,6.0,9.09
32530,18,10,9,2010,22.365833333333338,13.73,6.7,9.89
32531,18,11,9,2010,20.728333333333335,12.01,7.3900000000000015,9.41
32532,18,12,9,2010,17.519166666666663,13.12,8.97,11.31
32533,18,13,9,2010,16.43,11.81,7.73,9.88
32534,18,14,9,2010,18.358333333333334,8.06,6.0200000000000005,7.28
32535,18,15,9,2010,20.669999999999998,8.91,6.6000000000000005,8.03
32536,18,16,9,2010,22.26833333333333,8.73,6.58,7.96
32537,18,17,9,2010,23.262499999999992,7.76,5.88,7.09
32538,18,18,9,2010,23.5975,8.18,6.05,7.42
32539,18,19,9,2010,23.06833333333334,9.13,6.78,8.33
32540,18,20,9,2010,22.05,9.6,7.16,8.76
32541,18,21,9,2010,22.365,9.2,6.87,8.38
32542,18,22,9,2010,22.019166666666667,8.84,6.7,8.19
32543,18,23,9,2010,20.760833333333334,8.92,6.71,8.18
32544,19,0,9,2010,19.459999999999997,9.61,6.17,8.15
32545,19,1,9,2010,18.765833333333333,9.23,5.51,7.3900000000000015
32546,19,2,9,2010,18.709166666666665,8.05,5.33,6.9
32547,19,3,9,2010,18.226666666666663,6.51,4.8,5.84
32548,19,4,9,2010,17.15,6.18,4.58,5.53
32549,19,5,9,2010,16.540833333333335,6.25,4.72,5.73
32550,19,6,9,2010,15.4775,6.21,4.84,5.8100000000000005
32551,19,7,9,2010,14.679166666666667,6.04,4.76,5.72
32552,19,8,9,2010,14.246666666666668,6.45,4.99,6.0200000000000005
32553,19,9,9,2010,14.027500000000002,6.0200000000000005,4.71,5.66
32554,19,10,9,2010,14.044166666666667,5.3500000000000005,4.23,5.0600000000000005
32555,19,11,9,2010,14.185,5.07,3.92,4.72
32556,19,12,9,2010,14.245,5.04,3.95,4.74
32557,19,13,9,2010,14.294166666666667,4.18,3.38,4.0
32558,19,14,9,2010,14.7025,2.84,2.35,2.72
32559,19,15,9,2010,15.448333333333336,2.33,1.99,2.25
32560,19,16,9,2010,16.251666666666665,2.69,2.43,2.74
32561,19,17,9,2010,17.038333333333334,2.44,2.14,2.43
32562,19,18,9,2010,17.961666666666666,2.75,2.42,2.75
32563,19,19,9,2010,19.3075,2.97,2.6,2.95
32564,19,20,9,2010,20.523333333333333,2.94,2.58,2.92
32565,19,21,9,2010,21.480833333333337,3.23,2.79,3.16
32566,19,22,9,2010,21.71166666666667,4.46,3.68,4.32
32567,19,23,9,2010,20.840000000000003,5.79,4.08,5.0600000000000005
32568,20,0,9,2010,18.824166666666667,7.6400000000000015,3.94,5.92
32569,20,1,9,2010,17.462500000000002,7.96,3.97,5.94
32570,20,2,9,2010,16.803333333333335,8.35,3.74,5.62
32571,20,3,9,2010,16.485,8.19,3.66,5.5
32572,20,4,9,2010,16.198333333333334,8.32,3.7,5.55
32573,20,5,9,2010,16.018333333333334,8.77,3.62,5.62
32574,20,6,9,2010,16.245833333333334,8.53,3.58,5.55
32575,20,7,9,2010,16.512500000000003,10.79,3.26,5.65
32576,20,8,9,2010,17.388333333333335,11.03,3.2,6.71
32577,20,9,9,2010,19.256666666666664,13.12,5.47,8.78
32578,20,10,9,2010,19.914166666666667,13.87,6.3500000000000005,9.7
32579,20,11,9,2010,19.681666666666665,14.34,6.5600000000000005,9.96
32580,20,12,9,2010,19.569999999999997,15.02,6.92,10.41
32581,20,13,9,2010,20.976666666666667,14.19,7.66,10.29
32582,20,14,9,2010,23.882500000000004,12.27,7.17,9.71
32583,20,15,9,2010,25.334999999999997,10.36,7.53,9.31
32584,20,16,9,2010,26.93916666666667,11.06,7.9,9.82
32585,20,17,9,2010,28.47583333333333,12.34,8.73,10.9
32586,20,18,9,2010,29.400833333333335,13.51,9.49,11.91
32587,20,19,9,2010,30.13416666666667,14.19,9.83,12.41
32588,20,20,9,2010,30.474166666666672,14.59,10.03,12.73
32589,20,21,9,2010,30.438333333333333,14.81,10.14,12.9
32590,20,22,9,2010,30.147499999999997,16.04,10.73,13.83
32591,20,23,9,2010,29.096666666666664,13.58,8.370000000000001,11.04
32592,21,0,9,2010,27.272500000000004,15.79,8.48,11.96
32593,21,1,9,2010,26.577500000000004,15.92,8.68,12.17
32594,21,2,9,2010,25.8325,15.78,8.67,12.1
32595,21,3,9,2010,25.49083333333333,16.580000000000002,9.12,12.72
32596,21,4,9,2010,25.439999999999998,16.05,8.700000000000001,12.23
32597,21,5,9,2010,25.355,16.39,9.04,12.63
32598,21,6,9,2010,24.632499999999997,15.22,8.42,11.73
32599,21,7,9,2010,23.92,15.1,7.94,11.24
32600,21,8,9,2010,23.188333333333333,14.8,7.72,10.97
32601,21,9,9,2010,22.524166666666662,15.1,7.72,11.09
32602,21,10,9,2010,22.331666666666667,14.9,7.33,10.68
32603,21,11,9,2010,22.323333333333334,14.75,7.71,10.92
32604,21,12,9,2010,21.593333333333337,12.83,6.66,9.43
32605,21,13,9,2010,21.4275,5.14,2.56,3.85
32606,21,14,9,2010,19.728333333333328,6.91,5.12,6.34
32607,21,15,9,2010,19.305833333333336,10.03,5.7,7.71
32608,21,16,9,2010,21.25916666666667,10.98,8.1,9.81
32609,21,17,9,2010,22.28333333333333,9.56,7.04,8.620000000000001
32610,21,18,9,2010,24.053333333333338,9.3,6.82,8.35
32611,21,19,9,2010,25.717499999999998,8.83,6.33,7.82
32612,21,20,9,2010,26.48,8.45,6.17,7.62
32613,21,21,9,2010,26.886666666666667,8.61,6.18,7.66
32614,21,22,9,2010,26.904999999999998,9.34,6.5600000000000005,8.28
32615,21,23,9,2010,26.419166666666666,9.7,5.8,7.78
32616,22,0,9,2010,25.09,10.16,5.95,8.06
32617,22,1,9,2010,23.62833333333333,9.71,5.69,7.73
32618,22,2,9,2010,21.96416666666667,9.49,6.47,8.08
32619,22,3,9,2010,20.183333333333334,11.22,6.8500000000000005,9.01
32620,22,4,9,2010,20.0575,11.41,6.79,9.14
32621,22,5,9,2010,19.48,12.8,7.46,10.14
32622,22,6,9,2010,19.405833333333334,13.12,7.86,10.6
32623,22,7,9,2010,19.148333333333333,13.1,7.99,10.68
32624,22,8,9,2010,19.10166666666667,13.54,8.08,10.85
32625,22,9,9,2010,19.019166666666667,13.37,8.38,11.11
32626,22,10,9,2010,19.22083333333333,13.48,8.45,11.21
32627,22,11,9,2010,19.600833333333334,12.59,8.040000000000001,10.5
32628,22,12,9,2010,19.68916666666667,12.46,8.01,10.42
32629,22,13,9,2010,19.882499999999997,11.87,7.21,9.64
32630,22,14,9,2010,20.588333333333335,11.75,7.72,9.55
32631,22,15,9,2010,21.484166666666667,10.85,7.9300000000000015,9.78
32632,22,16,9,2010,22.640833333333337,11.04,8.03,9.91
32633,22,17,9,2010,25.096666666666668,10.91,7.86,9.72
32634,22,18,9,2010,26.599166666666665,12.4,8.870000000000003,11.02
32635,22,19,9,2010,27.695000000000004,12.74,9.03,11.28
32636,22,20,9,2010,28.247500000000002,14.01,9.93,12.46
32637,22,21,9,2010,27.99416666666666,14.25,10.1,12.66
32638,22,22,9,2010,27.935833333333335,13.1,9.12,11.5
32639,22,23,9,2010,27.533333333333342,13.55,7.88,10.77
32640,23,0,9,2010,26.1975,13.23,7.7,10.57
32641,23,1,9,2010,25.653333333333336,14.24,8.09,11.18
32642,23,2,9,2010,25.317499999999995,15.07,8.84,12.02
32643,23,3,9,2010,24.83666666666667,14.74,8.56,11.68
32644,23,4,9,2010,24.779166666666665,14.77,8.370000000000001,11.51
32645,23,5,9,2010,24.72,14.98,8.56,11.78
32646,23,6,9,2010,24.409166666666668,16.52,9.98,13.39
32647,23,7,9,2010,24.014166666666668,16.43,9.92,13.31
32648,23,8,9,2010,23.814999999999998,15.79,9.45,12.7
32649,23,9,9,2010,23.502499999999998,15.71,9.42,12.64
32650,23,10,9,2010,23.346666666666664,15.04,9.05,12.12
32651,23,11,9,2010,23.24416666666667,16.07,9.74,12.96
32652,23,12,9,2010,23.20583333333333,15.82,9.62,12.78
32653,23,13,9,2010,23.40166666666667,16.13,10.43,13.62
32654,23,14,9,2010,24.080000000000002,14.53,9.93,12.57
32655,23,15,9,2010,24.5775,14.84,10.25,12.97
32656,23,16,9,2010,25.027500000000003,16.490000000000002,11.35,14.37
32657,23,17,9,2010,25.901666666666667,16.25,11.14,14.1
32658,23,18,9,2010,26.327499999999997,16.15,11.09,14.04
32659,23,19,9,2010,26.581666666666667,18.27,12.36,15.79
32660,23,20,9,2010,25.100833333333338,16.57,10.9,14.22
32661,23,21,9,2010,22.46416666666666,15.29,9.75,12.85
32662,23,22,9,2010,22.703333333333333,16.86,10.48,13.79
32663,23,23,9,2010,22.745000000000005,17.14,10.75,14.11
32664,24,0,9,2010,21.798333333333336,17.21,10.56,14.08
32665,24,1,9,2010,20.677500000000002,13.43,8.33,11.04
32666,24,2,9,2010,20.93916666666667,11.08,5.61,8.08
32667,24,3,9,2010,21.338333333333328,12.62,7.03,9.62
32668,24,4,9,2010,21.166666666666668,12.43,7.0600000000000005,9.63
32669,24,5,9,2010,19.3775,11.26,6.12,8.69
32670,24,6,9,2010,17.220000000000002,11.66,5.82,8.69
32671,24,7,9,2010,15.826666666666668,12.57,5.96,9.01
32672,24,8,9,2010,14.342500000000001,11.72,4.7,7.7
32673,24,9,9,2010,13.6075,11.18,4.49,7.19
32674,24,10,9,2010,12.957499999999998,13.46,7.21,10.2
32675,24,11,9,2010,12.362499999999999,13.87,7.3900000000000015,10.5
32676,24,12,9,2010,11.619166666666667,12.65,5.78,8.77
32677,24,13,9,2010,12.126666666666665,9.53,5.43,7.28
32678,24,14,9,2010,12.926666666666668,7.09,4.75,5.96
32679,24,15,9,2010,14.405000000000001,6.7,4.98,6.05
32680,24,16,9,2010,15.784999999999998,5.97,4.45,5.39
32681,24,17,9,2010,17.29083333333333,5.53,4.14,4.99
32682,24,18,9,2010,18.656666666666666,5.42,4.05,4.88
32683,24,19,9,2010,19.7775,4.97,3.72,4.46
32684,24,20,9,2010,20.685,4.49,3.4,4.07
32685,24,21,9,2010,21.1825,4.32,3.27,3.92
32686,24,22,9,2010,21.305000000000003,4.22,3.17,3.82
32687,24,23,9,2010,20.62916666666667,3.6,2.61,3.24
32688,25,0,9,2010,18.816666666666666,3.26,1.32,2.73
32689,25,1,9,2010,18.203333333333333,3.41,1.69,3.0700000000000003
32690,25,2,9,2010,17.936666666666667,3.2,1.6,2.89
32691,25,3,9,2010,17.311666666666667,2.6,1.27,2.35
32692,25,4,9,2010,16.604166666666668,1.86,0.63,1.53
32693,25,5,9,2010,16.08833333333333,1.5,0.3,1.15
32694,25,6,9,2010,15.771666666666667,2.18,0.61,1.63
32695,25,7,9,2010,15.753333333333336,3.63,1.59,3.0700000000000003
32696,25,8,9,2010,15.210833333333333,4.2700000000000005,2.0,3.54
32697,25,9,9,2010,15.436666666666667,5.6000000000000005,3.25,5.1000000000000005
32698,25,10,9,2010,14.31083333333333,10.96,8.66,10.7
32699,25,11,9,2010,13.459999999999999,8.5,5.8,7.67
32700,25,12,9,2010,15.430833333333332,16.78,11.77,15.11
32701,25,13,9,2010,16.559166666666666,14.76,8.93,12.13
32702,25,14,9,2010,15.326666666666668,8.03,3.89,5.15
32703,25,15,9,2010,15.100000000000001,6.63,5.63,6.53
32704,25,16,9,2010,16.205833333333334,5.91,4.3500000000000005,5.26
32705,25,17,9,2010,16.935833333333335,3.92,3.22,3.82
32706,25,18,9,2010,14.645000000000003,7.16,5.04,6.01
32707,25,19,9,2010,13.579166666666667,7.03,4.97,6.15
32708,25,20,9,2010,13.224166666666669,6.96,5.19,6.2700000000000005
32709,25,21,9,2010,13.156666666666666,7.49,5.67,6.9
32710,25,22,9,2010,12.899166666666666,6.78,4.98,6.11
32711,25,23,9,2010,13.074166666666668,4.71,3.71,4.44
32712,26,0,9,2010,12.2475,3.89,2.54,3.27
32713,26,1,9,2010,11.676666666666668,5.46,2.28,3.72
32714,26,2,9,2010,12.400833333333333,4.86,2.36,3.51
32715,26,3,9,2010,11.507499999999999,6.48,1.9,4.7
32716,26,4,9,2010,10.895833333333336,6.13,2.08,4.8500000000000005
32717,26,5,9,2010,10.842500000000001,5.64,2.37,4.42
32718,26,6,9,2010,10.7725,5.24,2.92,4.23
32719,26,7,9,2010,9.745833333333334,5.45,3.0,3.6
32720,26,8,9,2010,9.524166666666666,5.22,2.33,2.99
32721,26,9,9,2010,9.663333333333332,4.99,3.33,4.13
32722,26,10,9,2010,9.788333333333332,4.54,2.32,2.83
32723,26,11,9,2010,9.960833333333333,5.95,3.64,5.5
32724,26,12,9,2010,10.086666666666666,5.5600000000000005,3.22,4.6000000000000005
32725,26,13,9,2010,9.704166666666667,5.73,3.46,4.92
32726,26,14,9,2010,9.782499999999999,4.17,3.13,3.81
32727,26,15,9,2010,9.6575,3.56,3.0,3.5
32728,26,16,9,2010,11.083333333333334,3.04,2.49,2.91
32729,26,17,9,2010,12.893333333333336,3.15,2.53,2.96
32730,26,18,9,2010,14.108333333333334,3.23,2.58,3.03
32731,26,19,9,2010,15.131666666666666,3.1,2.51,2.92
32732,26,20,9,2010,15.840000000000002,3.21,2.6,3.04
32733,26,21,9,2010,16.175,3.02,2.44,2.85
32734,26,22,9,2010,16.19333333333333,2.34,1.96,2.26
32735,26,23,9,2010,15.480833333333331,2.53,1.7,2.48
32736,27,0,9,2010,13.653333333333334,2.91,1.04,2.22
32737,27,1,9,2010,12.634166666666667,2.91,0.71,1.9
32738,27,2,9,2010,12.050833333333332,2.61,0.28,1.32
32739,27,3,9,2010,11.470833333333331,3.19,0.96,2.2
32740,27,4,9,2010,11.014166666666666,3.49,1.57,2.96
32741,27,5,9,2010,10.578333333333333,4.98,2.77,4.68
32742,27,6,9,2010,10.264166666666666,5.43,3.31,5.39
32743,27,7,9,2010,9.950833333333334,5.68,3.56,5.68
32744,27,8,9,2010,8.8775,5.57,3.4,5.3
32745,27,9,9,2010,8.62,5.8500000000000005,3.43,5.4
32746,27,10,9,2010,8.385,6.71,3.81,5.99
32747,27,11,9,2010,8.058333333333334,6.7,3.72,6.01
32748,27,12,9,2010,8.021666666666667,7.25,3.89,6.5200000000000005
32749,27,13,9,2010,8.968333333333334,7.69,4.14,6.58
32750,27,14,9,2010,11.22916666666667,7.61,3.87,5.08
32751,27,15,9,2010,13.782499999999999,5.78,4.3100000000000005,5.26
32752,27,16,9,2010,15.588333333333331,5.76,4.3100000000000005,5.25
32753,27,17,9,2010,16.879166666666666,5.86,4.4,5.33
32754,27,18,9,2010,17.87,5.94,4.44,5.4
32755,27,19,9,2010,18.87333333333333,5.92,4.43,5.37
32756,27,20,9,2010,19.65583333333333,5.89,4.3500000000000005,5.32
32757,27,21,9,2010,20.194166666666664,6.05,4.42,5.45
32758,27,22,9,2010,20.359166666666663,6.26,4.38,5.57
32759,27,23,9,2010,19.367499999999996,6.5600000000000005,3.82,5.21
32760,28,0,9,2010,17.596666666666668,8.41,3.44,6.45
32761,28,1,9,2010,17.075000000000003,9.8,4.58,7.77
32762,28,2,9,2010,16.845833333333335,10.57,5.2,8.41
32763,28,3,9,2010,16.673333333333332,11.81,5.6000000000000005,8.76
32764,28,4,9,2010,16.555,12.85,5.88,9.35
32765,28,5,9,2010,16.3225,12.8,5.12,8.63
32766,28,6,9,2010,15.857499999999996,12.89,5.58,9.05
32767,28,7,9,2010,15.130833333333333,13.17,5.62,9.08
32768,28,8,9,2010,15.114166666666668,13.23,6.0200000000000005,9.35
32769,28,9,9,2010,14.673333333333334,12.37,5.37,8.56
32770,28,10,9,2010,14.3175,12.2,5.25,8.48
32771,28,11,9,2010,13.776666666666666,11.59,5.38,8.33
32772,28,12,9,2010,13.123333333333333,10.9,5.3,7.91
32773,28,13,9,2010,13.427500000000004,10.67,5.67,7.86
32774,28,14,9,2010,14.923333333333337,8.23,5.0200000000000005,6.23
32775,28,15,9,2010,16.555833333333336,6.84,5.08,6.22
32776,28,16,9,2010,18.065,7.94,5.8,7.1400000000000015
32777,28,17,9,2010,19.268333333333334,8.3,6.09,7.48
32778,28,18,9,2010,20.149999999999995,7.84,5.76,7.07
32779,28,19,9,2010,20.83583333333333,7.43,5.47,6.71
32780,28,20,9,2010,21.325833333333332,6.5600000000000005,4.86,5.95
32781,28,21,9,2010,21.5525,6.5600000000000005,4.86,5.96
32782,28,22,9,2010,21.47583333333333,5.97,4.37,5.38
32783,28,23,9,2010,20.491666666666667,4.86,3.36,4.29
32784,29,0,9,2010,18.54583333333333,5.61,1.89,4.97
32785,29,1,9,2010,17.326666666666668,4.3500000000000005,1.15,3.27
32786,29,2,9,2010,17.044999999999998,2.5,0.6900000000000001,1.65
32787,29,3,9,2010,16.798333333333332,1.55,0.52,1.24
32788,29,4,9,2010,16.441666666666666,2.02,0.95,1.84
32789,29,5,9,2010,15.6625,2.96,1.98,2.98
32790,29,6,9,2010,15.370833333333332,4.21,2.51,4.15
32791,29,7,9,2010,14.926666666666668,5.36,3.44,5.32
32792,29,8,9,2010,14.115833333333335,6.34,3.8,5.73
32793,29,9,9,2010,13.625833333333334,6.8100000000000005,3.75,6.22
32794,29,10,9,2010,13.230833333333337,8.42,4.43,7.43
32795,29,11,9,2010,13.084166666666667,9.04,4.68,7.9
32796,29,12,9,2010,13.063333333333334,9.51,4.69,7.92
32797,29,13,9,2010,14.224166666666669,9.8,5.1000000000000005,7.79
32798,29,14,9,2010,16.669999999999998,8.870000000000003,4.44,6.15
32799,29,15,9,2010,19.202499999999997,6.41,4.74,5.68
32800,29,16,9,2010,21.317499999999995,6.0600000000000005,4.58,5.53
32801,29,17,9,2010,23.077500000000004,6.2700000000000005,4.69,5.69
32802,29,18,9,2010,24.185833333333335,6.09,4.58,5.54
32803,29,19,9,2010,25.054999999999996,5.61,4.23,5.11
32804,29,20,9,2010,25.905833333333334,4.84,3.63,4.39
32805,29,21,9,2010,26.39,4.9,3.63,4.4
32806,29,22,9,2010,26.525833333333328,4.9,3.49,4.32
32807,29,23,9,2010,25.49083333333333,5.51,2.73,4.0
32808,30,0,9,2010,23.706666666666667,7.25,2.74,5.8500000000000005
32809,30,1,9,2010,22.969166666666666,14.73,6.4,10.02
32810,30,2,9,2010,21.530833333333334,14.21,6.09,9.59
32811,30,3,9,2010,20.315833333333334,14.09,6.1000000000000005,9.52
32812,30,4,9,2010,18.8525,12.66,5.67,8.73
32813,30,5,9,2010,17.734166666666667,12.31,4.7,8.01
32814,30,6,9,2010,16.670833333333334,12.23,5.41,8.69
32815,30,7,9,2010,15.440833333333336,12.17,5.4,8.67
32816,30,8,9,2010,14.222499999999998,11.86,4.82,8.11
32817,30,9,9,2010,13.456666666666665,11.6,4.48,7.69
32818,30,10,9,2010,12.804999999999998,11.43,4.33,7.52
32819,30,11,9,2010,12.041666666666664,11.21,4.25,7.4
32820,30,12,9,2010,11.61,11.44,4.93,7.99
32821,30,13,9,2010,12.129166666666668,11.26,5.05,7.82
32822,30,14,9,2010,13.960833333333333,7.59,3.97,5.07
32823,30,15,9,2010,16.1925,5.95,4.5,5.44
32824,30,16,9,2010,18.1825,6.84,5.04,6.16
32825,30,17,9,2010,19.64333333333333,7.13,5.28,6.43
32826,30,18,9,2010,20.425,7.0200000000000005,5.21,6.34
32827,30,19,9,2010,21.110833333333332,6.63,4.94,6.0
32828,30,20,9,2010,21.47583333333333,6.3100000000000005,4.7,5.71
32829,30,21,9,2010,21.57916666666667,5.92,4.43,5.37
32830,30,22,9,2010,21.414999999999996,5.37,3.94,4.83
32831,30,23,9,2010,20.225833333333334,5.89,3.29,5.44
32832,1,0,10,2010,18.180833333333332,5.57,2.81,4.98
32833,1,1,10,2010,17.028333333333336,5.5200000000000005,1.73,4.26
32834,1,2,10,2010,16.481666666666666,4.16,1.39,2.8000000000000003
32835,1,3,10,2010,16.079166666666666,4.12,1.5,2.97
32836,1,4,10,2010,15.749166666666667,3.62,1.31,2.67
32837,1,5,10,2010,15.2975,3.17,1.25,2.41
32838,1,6,10,2010,14.130833333333333,2.48,0.72,1.74
32839,1,7,10,2010,13.569999999999999,1.92,0.76,1.31
32840,1,8,10,2010,13.205833333333333,1.43,1.07,1.23
32841,1,9,10,2010,13.265833333333331,0.71,1.09,1.08
32842,1,10,10,2010,12.860000000000001,0.58,1.44,1.1
32843,1,11,10,2010,12.195833333333333,0.88,1.91,1.83
32844,1,12,10,2010,11.985,1.22,2.04,2.29
32845,1,13,10,2010,12.74,2.37,2.69,3.27
32846,1,14,10,2010,14.849166666666667,3.41,2.33,3.34
32847,1,15,10,2010,17.698333333333334,3.26,2.23,2.66
32848,1,16,10,2010,19.989166666666666,3.67,2.85,3.39
32849,1,17,10,2010,21.05,3.39,2.67,3.15
32850,1,18,10,2010,21.752499999999998,2.71,2.12,2.5
32851,1,19,10,2010,22.291666666666668,2.84,2.21,2.61
32852,1,20,10,2010,22.786666666666672,2.96,2.33,2.74
32853,1,21,10,2010,23.015833333333333,3.4,2.63,3.12
32854,1,22,10,2010,22.983333333333334,3.25,2.46,2.93
32855,1,23,10,2010,21.86666666666667,3.61,2.04,3.08
32856,2,0,10,2010,20.0575,4.32,2.34,4.05
32857,2,1,10,2010,18.98,5.0,2.71,4.44
32858,2,2,10,2010,18.129166666666666,5.08,2.92,4.7
32859,2,3,10,2010,17.375,5.91,3.39,5.53
32860,2,4,10,2010,17.034166666666668,6.43,3.83,5.83
32861,2,5,10,2010,16.750000000000004,8.15,4.04,6.9
32862,2,6,10,2010,15.905833333333334,10.5,4.79,7.85
32863,2,7,10,2010,14.0475,13.77,6.67,9.94
32864,2,8,10,2010,13.225833333333332,13.19,6.53,9.66
32865,2,9,10,2010,12.080833333333333,12.13,5.78,8.76
32866,2,10,10,2010,10.875833333333333,12.89,6.5,9.56
32867,2,11,10,2010,9.5925,11.26,4.97,7.96
32868,2,12,10,2010,8.8,12.24,5.45,8.51
32869,2,13,10,2010,8.681666666666667,11.85,6.32,8.5
32870,2,14,10,2010,9.701666666666666,9.17,6.8,8.34
32871,2,15,10,2010,10.661666666666667,8.620000000000001,6.3900000000000015,7.83
32872,2,16,10,2010,11.765,8.57,6.3100000000000005,7.73
32873,2,17,10,2010,12.889166666666668,8.76,6.45,7.9
32874,2,18,10,2010,13.709999999999999,8.96,6.62,8.1
32875,2,19,10,2010,14.097499999999998,8.91,6.59,8.06
32876,2,20,10,2010,14.264166666666668,8.72,6.45,7.9
32877,2,21,10,2010,14.244166666666667,8.4,6.1400000000000015,7.57
32878,2,22,10,2010,13.931666666666667,8.36,6.07,7.51
32879,2,23,10,2010,12.967500000000001,8.96,5.95,7.5
32880,3,0,10,2010,11.190833333333332,8.97,4.19,7.46
32881,3,1,10,2010,9.760833333333332,9.42,2.72,5.73
32882,3,2,10,2010,8.669166666666666,10.27,2.58,6.24
32883,3,3,10,2010,7.799166666666667,10.59,1.86,5.91
32884,3,4,10,2010,7.115000000000001,10.62,1.9,6.0
32885,3,5,10,2010,6.335833333333333,9.53,1.38,5.07
32886,3,6,10,2010,5.795833333333333,7.7,0.98,4.15
32887,3,7,10,2010,5.131666666666667,6.54,0.73,3.38
32888,3,8,10,2010,4.581666666666666,5.76,0.95,3.06
32889,3,9,10,2010,4.236666666666667,4.91,1.11,2.85
32890,3,10,10,2010,3.7450000000000006,4.92,1.1,2.85
32891,3,11,10,2010,3.5950000000000006,4.25,1.24,2.77
32892,3,12,10,2010,3.249166666666667,4.17,1.15,2.65
32893,3,13,10,2010,3.660833333333333,4.05,1.52,2.47
32894,3,14,10,2010,5.815833333333334,3.95,1.83,2.16
32895,3,15,10,2010,8.076666666666668,2.45,1.93,2.26
32896,3,16,10,2010,9.8625,2.54,2.1,2.42
32897,3,17,10,2010,10.99,2.82,2.29,2.66
32898,3,18,10,2010,11.910000000000002,2.64,2.16,2.5
32899,3,19,10,2010,12.7525,2.94,2.4,2.79
32900,3,20,10,2010,13.329166666666664,2.96,2.42,2.8000000000000003
32901,3,21,10,2010,13.663333333333332,3.53,2.79,3.3000000000000003
32902,3,22,10,2010,13.615833333333333,4.1,3.09,3.78
32903,3,23,10,2010,12.695,5.62,3.12,4.8100000000000005
32904,4,0,10,2010,10.842500000000001,5.84,2.88,5.36
32905,4,1,10,2010,9.809166666666666,7.29,3.3200000000000003,6.67
32906,4,2,10,2010,9.215833333333332,8.14,3.72,7.28
32907,4,3,10,2010,8.683333333333335,8.64,3.9,7.43
32908,4,4,10,2010,8.034166666666668,8.43,3.88,7.22
32909,4,5,10,2010,7.719166666666666,9.45,4.34,7.74
32910,4,6,10,2010,7.579999999999999,10.06,4.59,8.17
32911,4,7,10,2010,7.2525,9.84,4.5600000000000005,8.08
32912,4,8,10,2010,6.711666666666666,9.8,4.53,7.9300000000000015
32913,4,9,10,2010,6.2025,9.67,4.5,7.82
32914,4,10,10,2010,5.808333333333334,9.3,4.28,7.55
32915,4,11,10,2010,5.235833333333333,9.54,4.3500000000000005,7.67
32916,4,12,10,2010,5.0008333333333335,9.77,4.72,7.96
32917,4,13,10,2010,5.608333333333333,9.74,5.1000000000000005,7.9
32918,4,14,10,2010,7.476666666666667,9.13,4.45,6.21
32919,4,15,10,2010,10.041666666666668,7.12,4.71,5.7700000000000005
32920,4,16,10,2010,12.250000000000002,7.32,5.41,6.6400000000000015
32921,4,17,10,2010,13.638333333333334,7.0600000000000005,5.23,6.41
32922,4,18,10,2010,14.776666666666666,6.95,5.18,6.32
32923,4,19,10,2010,15.68416666666667,7.0600000000000005,5.2700000000000005,6.43
32924,4,20,10,2010,16.338333333333335,6.94,5.11,6.28
32925,4,21,10,2010,16.66,7.31,5.33,6.62
32926,4,22,10,2010,16.532500000000002,7.3900000000000015,5.34,6.66
32927,4,23,10,2010,15.001666666666665,9.71,4.32,7.25
32928,5,0,10,2010,13.158333333333331,11.22,4.45,8.17
32929,5,1,10,2010,12.295833333333333,11.78,4.68,8.33
32930,5,2,10,2010,11.4225,12.4,5.01,8.47
32931,5,3,10,2010,10.701666666666666,12.94,5.12,8.66
32932,5,4,10,2010,10.070833333333335,13.15,5.4,8.76
32933,5,5,10,2010,9.64,12.77,5.44,8.76
32934,5,6,10,2010,9.379166666666668,12.51,5.55,8.89
32935,5,7,10,2010,9.172500000000001,12.64,5.7,9.03
32936,5,8,10,2010,8.890833333333335,12.25,5.16,8.48
32937,5,9,10,2010,8.761666666666668,12.45,5.3,8.620000000000001
32938,5,10,10,2010,8.553333333333335,12.36,5.29,8.59
32939,5,11,10,2010,7.910833333333333,12.13,5.16,8.44
32940,5,12,10,2010,7.595833333333334,12.24,5.62,8.65
32941,5,13,10,2010,8.155,12.19,6.01,8.63
32942,5,14,10,2010,9.9475,9.26,4.55,6.24
32943,5,15,10,2010,12.675000000000002,7.1000000000000005,4.69,5.66
32944,5,16,10,2010,15.324166666666665,6.7700000000000005,5.05,6.15
32945,5,17,10,2010,17.45416666666667,6.7700000000000005,5.07,6.17
32946,5,18,10,2010,19.110833333333336,7.4,5.48,6.7
32947,5,19,10,2010,20.081666666666667,7.62,5.62,6.88
32948,5,20,10,2010,20.7525,7.58,5.5600000000000005,6.82
32949,5,21,10,2010,21.238333333333337,7.72,5.5200000000000005,6.88
32950,5,22,10,2010,21.07166666666667,7.71,5.47,6.83
32951,5,23,10,2010,19.436666666666667,10.47,4.22,7.68
32952,6,0,10,2010,17.9175,11.72,5.0600000000000005,8.55
32953,6,1,10,2010,16.989166666666666,12.32,5.37,8.73
32954,6,2,10,2010,16.09583333333333,13.38,6.1000000000000005,9.4
32955,6,3,10,2010,15.809166666666664,13.86,6.3,9.62
32956,6,4,10,2010,15.444166666666668,13.91,6.55,9.85
32957,6,5,10,2010,15.174999999999997,13.63,6.07,9.36
32958,6,6,10,2010,14.8575,13.57,5.58,8.96
32959,6,7,10,2010,14.57416666666667,13.52,5.79,9.15
32960,6,8,10,2010,14.555833333333334,13.87,6.12,9.52
32961,6,9,10,2010,14.339166666666666,14.0,6.43,9.79
32962,6,10,10,2010,14.012500000000001,14.01,6.7700000000000005,9.99
32963,6,11,10,2010,14.035000000000002,14.17,7.04,10.22
32964,6,12,10,2010,13.784999999999997,14.11,7.01,10.18
32965,6,13,10,2010,14.240833333333333,13.87,7.48,10.1
32966,6,14,10,2010,15.860833333333332,12.33,6.95,9.4
32967,6,15,10,2010,17.952500000000004,9.05,6.25,7.57
32968,6,16,10,2010,19.91583333333333,6.0600000000000005,4.61,5.55
32969,6,17,10,2010,21.805000000000003,5.15,3.96,4.74
32970,6,18,10,2010,23.42166666666667,4.82,3.73,4.46
32971,6,19,10,2010,24.555000000000003,4.41,3.36,4.0200000000000005
32972,6,20,10,2010,25.23,4.5200000000000005,3.48,4.16
32973,6,21,10,2010,25.545,4.12,3.11,3.74
32974,6,22,10,2010,25.59333333333333,4.17,2.98,3.71
32975,6,23,10,2010,23.92916666666667,7.9300000000000015,3.49,6.62
32976,7,0,10,2010,21.651666666666667,9.36,3.7,7.1000000000000005
32977,7,1,10,2010,20.0575,9.65,3.78,7.13
32978,7,2,10,2010,19.286666666666665,9.53,3.5700000000000003,7.31
32979,7,3,10,2010,18.732499999999998,9.01,3.75,6.8900000000000015
32980,7,4,10,2010,17.79416666666667,10.05,4.0200000000000005,7.11
32981,7,5,10,2010,16.80666666666667,9.79,4.01,7.09
32982,7,6,10,2010,15.765833333333333,8.66,3.59,6.59
32983,7,7,10,2010,14.994166666666667,8.14,2.99,6.07
32984,7,8,10,2010,14.3925,8.19,3.08,5.9
32985,7,9,10,2010,13.4425,8.02,3.02,5.78
32986,7,10,10,2010,12.625000000000002,7.22,3.19,5.8
32987,7,11,10,2010,11.642499999999998,6.8,3.11,5.73
32988,7,12,10,2010,10.676666666666668,5.82,2.24,4.9
32989,7,13,10,2010,10.487499999999999,4.98,2.54,4.44
32990,7,14,10,2010,11.936666666666666,4.16,2.08,2.47
32991,7,15,10,2010,14.225833333333334,2.65,2.2,2.51
32992,7,16,10,2010,16.4775,2.2,1.85,2.11
32993,7,17,10,2010,18.480833333333333,2.45,2.08,2.37
32994,7,18,10,2010,20.037499999999998,2.05,1.81,2.03
32995,7,19,10,2010,21.354166666666668,2.04,1.78,2.01
32996,7,20,10,2010,22.2975,1.97,1.6,1.85
32997,7,21,10,2010,23.011666666666667,2.38,1.91,2.22
32998,7,22,10,2010,23.00333333333333,2.73,1.83,2.53
32999,7,23,10,2010,21.387500000000003,3.88,1.83,3.5
33000,8,0,10,2010,19.260833333333334,4.8,2.59,5.0600000000000005
33001,8,1,10,2010,18.43166666666667,5.78,2.65,5.01
33002,8,2,10,2010,17.720000000000002,7.81,3.78,6.8500000000000005
33003,8,3,10,2010,17.359166666666667,8.45,4.21,7.51
33004,8,4,10,2010,17.176666666666666,9.36,4.59,7.87
33005,8,5,10,2010,17.007500000000004,9.56,4.55,7.88
33006,8,6,10,2010,16.904166666666665,10.36,5.08,8.34
33007,8,7,10,2010,16.99083333333333,10.92,5.43,8.67
33008,8,8,10,2010,16.81833333333333,11.47,5.7,8.92
33009,8,9,10,2010,16.425,11.64,5.6000000000000005,8.870000000000003
33010,8,10,10,2010,16.06416666666666,11.56,5.83,9.04
33011,8,11,10,2010,16.038333333333334,11.46,6.01,9.23
33012,8,12,10,2010,16.075833333333332,10.67,5.74,8.92
33013,8,13,10,2010,16.813333333333333,10.74,6.2,8.84
33014,8,14,10,2010,18.62666666666667,10.42,5.88,8.07
33015,8,15,10,2010,21.685,9.09,5.17,6.34
33016,8,16,10,2010,24.3775,6.37,4.95,5.8500000000000005
33017,8,17,10,2010,26.553333333333338,6.3500000000000005,4.7700000000000005,5.79
33018,8,18,10,2010,28.097499999999997,6.8900000000000015,5.0600000000000005,6.2
33019,8,19,10,2010,29.077500000000004,7.69,5.58,6.8900000000000015
33020,8,20,10,2010,29.501666666666665,8.08,5.8,7.21
33021,8,21,10,2010,29.770000000000007,7.46,5.32,6.62
33022,8,22,10,2010,29.404166666666665,8.45,5.13,6.5600000000000005
33023,8,23,10,2010,26.980833333333337,9.05,3.51,6.83
33024,9,0,10,2010,24.816666666666666,11.84,4.75,8.55
33025,9,1,10,2010,23.52,11.92,4.91,8.55
33026,9,2,10,2010,22.298333333333332,13.44,5.41,9.68
33027,9,3,10,2010,21.460833333333337,15.25,6.8500000000000005,10.86
33028,9,4,10,2010,21.105,15.61,6.9,10.93
33029,9,5,10,2010,20.71,15.63,6.84,10.79
33030,9,6,10,2010,19.8075,15.26,6.2700000000000005,10.31
33031,9,7,10,2010,19.1525,15.02,6.32,10.21
33032,9,8,10,2010,18.815833333333334,14.97,6.23,10.19
33033,9,9,10,2010,18.615,14.59,6.33,10.15
33034,9,10,10,2010,18.446666666666665,14.03,6.36,10.1
33035,9,11,10,2010,17.90083333333333,13.78,6.17,9.89
33036,9,12,10,2010,17.38,13.33,6.3,9.78
33037,9,13,10,2010,17.386666666666667,12.63,6.3900000000000015,9.57
33038,9,14,10,2010,18.963333333333335,10.86,6.1000000000000005,8.28
33039,9,15,10,2010,20.978333333333335,7.34,4.84,5.76
33040,9,16,10,2010,22.735,5.43,4.29,5.07
33041,9,17,10,2010,24.434166666666666,5.29,4.04,4.84
33042,9,18,10,2010,25.709166666666665,5.94,4.38,5.33
33043,9,19,10,2010,26.374166666666664,6.13,4.53,5.5200000000000005
33044,9,20,10,2010,26.745,6.96,5.0600000000000005,6.23
33045,9,21,10,2010,27.007500000000004,7.09,5.11,6.3100000000000005
33046,9,22,10,2010,26.837500000000006,7.21,4.9,6.26
33047,9,23,10,2010,24.71833333333333,7.75,3.3000000000000003,5.44
33048,10,0,10,2010,23.078333333333333,7.8900000000000015,3.45,6.19
33049,10,1,10,2010,22.48416666666667,3.61,3.61,6.28
33050,10,2,10,2010,21.2375,3.28,3.48,4.75
33051,10,3,10,2010,20.28,4.87,3.26,4.43
33052,10,4,10,2010,20.175833333333333,8.040000000000001,3.89,6.09
33053,10,5,10,2010,19.37666666666667,8.36,3.52,6.2
33054,10,6,10,2010,19.03083333333333,8.3,2.71,6.16
33055,10,7,10,2010,18.8425,6.49,2.5,5.43
33056,10,8,10,2010,18.36666666666667,5.3,2.83,4.8
33057,10,9,10,2010,17.53166666666667,5.45,2.9,4.91
33058,10,10,10,2010,16.280833333333334,5.32,2.02,4.1
33059,10,11,10,2010,15.985,3.72,2.04,3.31
33060,10,12,10,2010,15.510000000000003,4.38,2.89,4.46
33061,10,13,10,2010,15.420833333333333,3.97,2.78,4.03
33062,10,14,10,2010,17.099166666666665,3.43,2.2,3.38
33063,10,15,10,2010,19.97583333333333,1.4,1.2,1.25
33064,10,16,10,2010,22.35833333333333,0.79,0.8200000000000001,0.85
33065,10,17,10,2010,23.8075,1.96,1.57,1.83
33066,10,18,10,2010,24.650000000000002,2.52,2.01,2.34
33067,10,19,10,2010,25.259166666666673,3.58,2.81,3.3200000000000003
33068,10,20,10,2010,25.685833333333335,4.14,3.16,3.79
33069,10,21,10,2010,25.741666666666664,4.14,3.14,3.77
33070,10,22,10,2010,25.45416666666667,4.5200000000000005,3.0700000000000003,3.84
33071,10,23,10,2010,23.989166666666666,4.59,2.38,3.78
33072,11,0,10,2010,23.17,5.64,1.93,3.74
33073,11,1,10,2010,22.099166666666665,7.46,2.02,4.91
33074,11,2,10,2010,21.304166666666664,9.4,4.3,6.76
33075,11,3,10,2010,20.56833333333333,9.7,3.78,6.22
33076,11,4,10,2010,20.15416666666667,9.22,3.5700000000000003,6.16
33077,11,5,10,2010,19.144166666666667,9.18,3.75,6.16
33078,11,6,10,2010,18.285833333333333,7.2,3.51,5.72
33079,11,7,10,2010,17.971666666666668,3.99,1.55,3.08
33080,11,8,10,2010,16.63416666666667,7.6400000000000015,4.1,6.2
33081,11,9,10,2010,14.884999999999998,6.78,3.49,5.67
33082,11,10,10,2010,14.49,7.22,3.95,7.15
33083,11,11,10,2010,12.968333333333334,7.58,2.65,5.3
33084,11,12,10,2010,12.475833333333334,7.98,2.66,5.48
33085,11,13,10,2010,12.3975,7.11,3.3000000000000003,4.38
33086,11,14,10,2010,14.525833333333333,6.09,3.41,4.08
33087,11,15,10,2010,16.395,4.23,3.23,3.87
33088,11,16,10,2010,17.580000000000002,4.3500000000000005,3.33,4.0200000000000005
33089,11,17,10,2010,17.317500000000003,4.98,4.24,4.9
33090,11,18,10,2010,16.336666666666666,5.49,3.49,4.41
33091,11,19,10,2010,17.82333333333333,3.43,2.86,3.31
33092,11,20,10,2010,16.205000000000002,5.6000000000000005,4.63,5.46
33093,11,21,10,2010,17.328333333333333,2.52,1.89,2.31
33094,11,22,10,2010,17.6825,3.85,3.27,3.81
33095,11,23,10,2010,16.274166666666662,3.66,2.7,3.69
33096,12,0,10,2010,15.987499999999999,4.23,2.35,3.71
33097,12,1,10,2010,15.172499999999998,5.76,3.12,5.49
33098,12,2,10,2010,15.024166666666668,5.03,2.85,5.11
33099,12,3,10,2010,14.796666666666667,4.61,2.11,3.95
33100,12,4,10,2010,14.308333333333335,4.0600000000000005,1.61,3.26
33101,12,5,10,2010,13.758333333333333,3.82,1.23,2.67
33102,12,6,10,2010,13.585833333333333,4.09,1.93,3.62
33103,12,7,10,2010,13.645000000000001,3.98,1.89,3.44
33104,12,8,10,2010,12.7825,4.43,2.27,3.96
33105,12,9,10,2010,12.59083333333333,4.97,2.33,4.15
33106,12,10,10,2010,12.154166666666667,5.22,2.26,4.08
33107,12,11,10,2010,11.930000000000001,5.2,3.12,4.8100000000000005
33108,12,12,10,2010,11.575000000000001,5.44,3.3200000000000003,5.46
33109,12,13,10,2010,12.101666666666667,5.88,3.43,5.4
33110,12,14,10,2010,14.079166666666666,5.74,3.1,4.45
33111,12,15,10,2010,16.406666666666666,4.7,3.78,4.43
33112,12,16,10,2010,18.177500000000002,4.65,3.62,4.33
33113,12,17,10,2010,20.165,5.9,4.4,5.36
33114,12,18,10,2010,21.785833333333333,6.63,4.9,5.99
33115,12,19,10,2010,22.603333333333335,6.8,4.94,6.09
33116,12,20,10,2010,23.113333333333333,7.9300000000000015,5.72,7.09
33117,12,21,10,2010,22.94083333333333,10.43,6.84,9.08
33118,12,22,10,2010,22.55916666666667,10.64,7.01,9.2
33119,12,23,10,2010,21.238333333333333,12.45,6.12,9.21
33120,13,0,10,2010,19.2025,12.93,6.16,9.31
33121,13,1,10,2010,18.037499999999998,13.03,6.57,9.65
33122,13,2,10,2010,17.429999999999996,13.45,8.17,10.9
33123,13,3,10,2010,16.505,12.83,8.0,10.59
33124,13,4,10,2010,15.6725,12.8,7.97,10.52
33125,13,5,10,2010,15.030000000000001,12.07,7.66,10.04
33126,13,6,10,2010,13.8725,12.1,6.12,8.89
33127,13,7,10,2010,13.418333333333331,11.44,5.41,8.11
33128,13,8,10,2010,12.900833333333333,11.21,4.99,7.86
33129,13,9,10,2010,12.5725,11.38,5.17,8.06
33130,13,10,10,2010,11.716666666666667,11.57,5.32,8.27
33131,13,11,10,2010,10.338333333333333,11.55,5.33,8.41
33132,13,12,10,2010,9.162500000000001,11.56,5.0200000000000005,8.21
33133,13,13,10,2010,8.8025,11.17,5.54,8.07
33134,13,14,10,2010,9.941666666666668,9.38,4.95,6.92
33135,13,15,10,2010,12.0325,6.96,5.01,6.01
33136,13,16,10,2010,14.049166666666665,6.8,4.95,6.08
33137,13,17,10,2010,15.915000000000001,8.1,5.9,7.25
33138,13,18,10,2010,16.845,8.02,5.8500000000000005,7.19
33139,13,19,10,2010,17.489166666666666,7.53,5.51,6.76
33140,13,20,10,2010,17.963333333333335,7.07,5.16,6.33
33141,13,21,10,2010,18.257500000000004,7.07,5.09,6.32
33142,13,22,10,2010,18.058333333333334,6.8,4.7700000000000005,6.0
33143,13,23,10,2010,16.334166666666665,7.55,2.74,4.8500000000000005
33144,14,0,10,2010,14.89666666666667,7.81,2.76,5.42
33145,14,1,10,2010,13.803333333333335,7.73,2.77,5.95
33146,14,2,10,2010,12.839166666666669,7.71,2.82,5.83
33147,14,3,10,2010,12.308333333333332,6.96,2.82,5.78
33148,14,4,10,2010,12.039166666666668,6.88,2.95,6.01
33149,14,5,10,2010,11.35,6.78,2.86,5.79
33150,14,6,10,2010,10.826666666666666,4.87,2.4,4.36
33151,14,7,10,2010,10.139166666666666,2.94,2.57,3.16
33152,14,8,10,2010,9.040833333333332,2.33,3.03,3.34
33153,14,9,10,2010,9.045,3.5500000000000003,3.98,4.92
33154,14,10,10,2010,9.0675,4.7700000000000005,4.21,5.71
33155,14,11,10,2010,8.8325,7.13,4.86,7.18
33156,14,12,10,2010,8.073333333333332,8.56,5.2700000000000005,8.02
33157,14,13,10,2010,8.375,10.66,6.21,8.48
33158,14,14,10,2010,10.033333333333331,10.75,5.97,8.05
33159,14,15,10,2010,13.2725,10.3,5.95,7.4
33160,14,16,10,2010,15.923333333333332,9.27,6.99,8.45
33161,14,17,10,2010,18.17916666666667,9.52,7.15,8.68
33162,14,18,10,2010,20.030833333333334,9.5,7.0200000000000005,8.6
33163,14,19,10,2010,21.476666666666663,9.49,6.93,8.53
33164,14,20,10,2010,22.492500000000003,9.36,6.7,8.31
33165,14,21,10,2010,22.85833333333333,8.120000000000001,5.8100000000000005,7.22
33166,14,22,10,2010,22.472499999999997,7.9300000000000015,5.03,6.4
33167,14,23,10,2010,20.26083333333333,8.4,3.4,6.74
33168,15,0,10,2010,18.526666666666667,10.48,3.71,8.18
33169,15,1,10,2010,17.365,11.33,4.24,8.620000000000001
33170,15,2,10,2010,16.45416666666667,12.01,4.28,8.040000000000001
33171,15,3,10,2010,15.189166666666667,13.18,4.32,8.91
33172,15,4,10,2010,14.62333333333333,12.38,4.28,8.36
33173,15,5,10,2010,13.739166666666664,12.4,3.79,7.73
33174,15,6,10,2010,12.780000000000003,12.38,3.33,7.72
33175,15,7,10,2010,12.255,10.57,3.16,6.9
33176,15,8,10,2010,11.661666666666667,8.93,3.11,6.51
33177,15,9,10,2010,10.386666666666665,7.31,3.14,6.0
33178,15,10,10,2010,9.314166666666667,6.0,1.76,4.04
33179,15,11,10,2010,8.930833333333334,4.89,1.76,3.5500000000000003
33180,15,12,10,2010,8.425,4.36,1.39,2.95
33181,15,13,10,2010,8.402499999999998,3.54,1.18,2.57
33182,15,14,10,2010,10.209166666666667,2.7,1.01,1.68
33183,15,15,10,2010,12.423333333333332,1.98,1.77,1.97
33184,15,16,10,2010,14.549166666666666,2.1,1.75,1.98
33185,15,17,10,2010,16.673333333333336,2.31,1.9,2.19
33186,15,18,10,2010,18.18583333333333,2.86,2.32,2.69
33187,15,19,10,2010,19.24,3.38,2.62,3.1
33188,15,20,10,2010,20.062499999999996,3.99,3.09,3.69
33189,15,21,10,2010,20.475833333333334,4.64,3.5,4.24
33190,15,22,10,2010,20.268333333333334,5.96,3.67,4.88
33191,15,23,10,2010,18.495833333333334,7.9300000000000015,3.5700000000000003,6.49
33192,16,0,10,2010,16.66,9.82,4.03,7.49
33193,16,1,10,2010,15.8425,11.56,4.83,8.370000000000001
33194,16,2,10,2010,15.426666666666664,13.14,6.05,9.46
33195,16,3,10,2010,15.079166666666666,13.97,6.95,10.3
33196,16,4,10,2010,14.930000000000001,14.82,7.57,10.96
33197,16,5,10,2010,14.6,15.17,7.6,10.98
33198,16,6,10,2010,14.787500000000001,15.94,8.31,11.84
33199,16,7,10,2010,14.903333333333334,16.03,8.44,11.94
33200,16,8,10,2010,14.570833333333335,16.1,8.42,11.91
33201,16,9,10,2010,14.134166666666665,16.17,8.370000000000001,11.81
33202,16,10,10,2010,14.21,16.39,8.5,12.0
33203,16,11,10,2010,14.475000000000001,16.47,8.6,12.1
33204,16,12,10,2010,14.142500000000004,15.79,8.19,11.58
33205,16,13,10,2010,14.541666666666666,15.45,8.25,11.36
33206,16,14,10,2010,16.25,13.76,8.21,10.88
33207,16,15,10,2010,17.878333333333334,8.39,5.33,6.68
33208,16,16,10,2010,19.638333333333335,6.65,4.9,5.96
33209,16,17,10,2010,21.337500000000002,5.48,4.13,4.97
33210,16,18,10,2010,22.43083333333333,4.94,3.77,4.5
33211,16,19,10,2010,22.8775,5.29,4.1,4.89
33212,16,20,10,2010,23.093333333333334,6.32,4.75,5.76
33213,16,21,10,2010,22.706666666666667,6.7700000000000005,5.07,6.16
33214,16,22,10,2010,21.94583333333333,7.8,5.23,6.54
33215,16,23,10,2010,20.235000000000003,8.86,4.6000000000000005,7.42
33216,17,0,10,2010,18.5525,11.06,4.91,8.2
33217,17,1,10,2010,17.212500000000002,12.25,4.94,8.33
33218,17,2,10,2010,16.123333333333335,12.38,4.99,8.5
33219,17,3,10,2010,14.957500000000001,11.69,4.84,8.16
33220,17,4,10,2010,13.8925,10.47,4.39,7.54
33221,17,5,10,2010,12.890833333333335,10.83,4.1,7.31
33222,17,6,10,2010,11.975833333333334,10.67,3.89,6.98
33223,17,7,10,2010,11.120833333333332,10.98,3.98,6.84
33224,17,8,10,2010,10.26,10.76,3.76,6.65
33225,17,9,10,2010,9.498333333333333,10.34,3.45,6.16
33226,17,10,10,2010,8.766666666666667,9.97,3.4,6.0200000000000005
33227,17,11,10,2010,8.008333333333333,9.96,3.47,5.99
33228,17,12,10,2010,7.368333333333333,9.49,3.0500000000000003,5.58
33229,17,13,10,2010,7.2875000000000005,9.38,4.0200000000000005,5.7
33230,17,14,10,2010,8.649166666666668,7.55,3.89,5.18
33231,17,15,10,2010,10.485,5.09,4.05,4.76
33232,17,16,10,2010,12.375,4.76,3.83,4.49
33233,17,17,10,2010,14.187499999999998,4.59,3.68,4.32
33234,17,18,10,2010,15.817500000000003,4.32,3.48,4.0600000000000005
33235,17,19,10,2010,17.213333333333335,4.1,3.28,3.84
33236,17,20,10,2010,18.234166666666667,4.13,3.28,3.85
33237,17,21,10,2010,18.821666666666665,4.17,3.27,3.86
33238,17,22,10,2010,18.870833333333337,4.3100000000000005,3.21,3.82
33239,17,23,10,2010,17.464166666666667,5.24,2.56,4.34
33240,18,0,10,2010,15.653333333333334,6.73,2.18,4.98
33241,18,1,10,2010,14.750833333333333,7.21,1.97,5.3100000000000005
33242,18,2,10,2010,13.670833333333334,7.6,1.76,4.7700000000000005
33243,18,3,10,2010,12.884166666666665,7.68,1.84,5.08
33244,18,4,10,2010,12.178333333333333,7.63,1.79,4.78
33245,18,5,10,2010,11.626666666666665,7.32,2.04,5.47
33246,18,6,10,2010,10.984166666666667,7.53,2.0,5.5200000000000005
33247,18,7,10,2010,10.431666666666665,7.22,1.96,5.3500000000000005
33248,18,8,10,2010,9.868333333333334,7.19,2.69,5.42
33249,18,9,10,2010,9.065833333333332,6.91,3.5,5.55
33250,18,10,10,2010,8.6875,7.55,3.65,5.9
33251,18,11,10,2010,8.205833333333334,8.26,3.74,6.19
33252,18,12,10,2010,7.786666666666666,8.6,3.78,6.13
33253,18,13,10,2010,7.636666666666668,8.22,4.28,6.3100000000000005
33254,18,14,10,2010,8.829999999999998,7.74,4.41,5.73
33255,18,15,10,2010,10.738333333333335,5.32,4.33,5.07
33256,18,16,10,2010,12.910833333333334,5.29,4.24,5.0
33257,18,17,10,2010,15.080833333333333,6.1000000000000005,4.73,5.64
33258,18,18,10,2010,15.976666666666668,6.99,5.39,6.45
33259,18,19,10,2010,16.50583333333333,6.98,5.33,6.41
33260,18,20,10,2010,16.799166666666668,7.03,5.3100000000000005,6.41
33261,18,21,10,2010,17.013333333333332,6.5600000000000005,4.91,5.95
33262,18,22,10,2010,16.875833333333333,6.61,4.74,5.91
33263,18,23,10,2010,15.654166666666663,7.54,3.87,6.09
33264,19,0,10,2010,14.710833333333332,8.34,3.92,6.07
33265,19,1,10,2010,13.098333333333334,8.43,3.34,5.99
33266,19,2,10,2010,11.921666666666667,7.67,2.43,5.26
33267,19,3,10,2010,11.125833333333333,6.88,1.95,4.71
33268,19,4,10,2010,10.193333333333332,6.51,2.04,4.45
33269,19,5,10,2010,9.3775,5.01,1.32,3.18
33270,19,6,10,2010,8.766666666666667,4.0,1.27,2.73
33271,19,7,10,2010,8.388333333333334,3.35,0.76,1.9
33272,19,8,10,2010,7.680833333333333,2.57,0.41,1.18
33273,19,9,10,2010,7.100833333333334,1.28,1.44,1.3
33274,19,10,10,2010,7.286666666666668,1.44,1.49,1.58
33275,19,11,10,2010,6.685833333333334,1.59,1.54,1.89
33276,19,12,10,2010,6.3725,2.6,2.57,3.58
33277,19,13,10,2010,6.194166666666668,3.02,2.63,3.8
33278,19,14,10,2010,8.289166666666665,3.29,2.33,3.38
33279,19,15,10,2010,11.012499999999998,2.59,1.3,1.52
33280,19,16,10,2010,13.7825,2.77,2.14,2.54
33281,19,17,10,2010,15.219999999999999,3.28,2.5500000000000003,3.02
33282,19,18,10,2010,16.03166666666667,3.27,2.54,3.0
33283,19,19,10,2010,16.922500000000003,3.76,2.78,3.35
33284,19,20,10,2010,17.789166666666667,4.19,3.18,3.8
33285,19,21,10,2010,18.158333333333335,4.53,3.31,4.0600000000000005
33286,19,22,10,2010,18.025,4.96,3.3200000000000003,4.07
33287,19,23,10,2010,16.405833333333337,6.55,3.02,5.51
33288,20,0,10,2010,15.094999999999999,8.52,3.98,7.07
33289,20,1,10,2010,14.544166666666667,10.5,4.7700000000000005,8.1
33290,20,2,10,2010,14.230833333333335,11.19,5.47,8.78
33291,20,3,10,2010,14.292500000000004,11.62,5.8100000000000005,9.14
33292,20,4,10,2010,13.795833333333333,11.92,5.8500000000000005,9.05
33293,20,5,10,2010,13.298333333333334,11.89,5.68,8.93
33294,20,6,10,2010,12.582499999999998,12.53,5.37,8.71
33295,20,7,10,2010,11.938333333333334,11.19,5.2700000000000005,8.34
33296,20,8,10,2010,11.296666666666667,8.870000000000003,4.5600000000000005,7.87
33297,20,9,10,2010,11.128333333333332,7.22,4.26,7.26
33298,20,10,10,2010,10.233333333333333,6.61,3.84,6.7700000000000005
33299,20,11,10,2010,9.415,7.35,3.99,6.41
33300,20,12,10,2010,9.746666666666668,8.05,4.55,7.67
33301,20,13,10,2010,10.080833333333333,8.2,4.66,7.68
33302,20,14,10,2010,11.009166666666665,7.94,4.53,6.54
33303,20,15,10,2010,12.661666666666669,6.15,3.63,4.13
33304,20,16,10,2010,14.996666666666668,4.5600000000000005,3.81,4.42
33305,20,17,10,2010,17.633333333333336,5.3100000000000005,4.04,4.82
33306,20,18,10,2010,19.164166666666667,5.82,4.36,5.26
33307,20,19,10,2010,20.131666666666664,6.29,4.65,5.66
33308,20,20,10,2010,20.8325,6.8100000000000005,4.98,6.11
33309,20,21,10,2010,21.24833333333333,6.8,4.98,6.1000000000000005
33310,20,22,10,2010,21.166666666666668,6.99,4.54,5.82
33311,20,23,10,2010,19.085833333333337,7.71,2.79,5.8500000000000005
33312,21,0,10,2010,17.813333333333336,7.69,3.38,6.3500000000000005
33313,21,1,10,2010,16.842499999999998,6.76,3.39,6.28
33314,21,2,10,2010,15.988333333333335,7.03,3.48,6.6000000000000005
33315,21,3,10,2010,15.289166666666667,8.59,3.41,6.5200000000000005
33316,21,4,10,2010,14.338333333333333,9.19,3.4,7.56
33317,21,5,10,2010,14.033333333333333,9.52,3.97,8.1
33318,21,6,10,2010,13.20833333333333,10.59,3.8,7.79
33319,21,7,10,2010,12.701666666666666,10.72,3.9,7.65
33320,21,8,10,2010,12.060833333333335,10.78,3.78,7.58
33321,21,9,10,2010,11.01,9.99,3.41,7.35
33322,21,10,10,2010,9.902500000000002,8.55,3.02,6.49
33323,21,11,10,2010,8.8725,6.15,2.0,4.57
33324,21,12,10,2010,7.760000000000001,5.82,2.28,4.5
33325,21,13,10,2010,7.146666666666666,7.0200000000000005,3.0500000000000003,5.5200000000000005
33326,21,14,10,2010,8.675833333333333,3.67,1.37,1.94
33327,21,15,10,2010,11.203333333333333,3.23,2.54,2.91
33328,21,16,10,2010,13.344166666666666,3.68,2.97,3.46
33329,21,17,10,2010,14.870833333333332,3.21,2.65,3.06
33330,21,18,10,2010,16.138333333333332,3.77,3.1,3.59
33331,21,19,10,2010,17.155,3.39,2.81,3.24
33332,21,20,10,2010,17.895833333333336,4.21,3.41,3.98
33333,21,21,10,2010,18.268333333333334,4.2,3.36,3.93
33334,21,22,10,2010,18.105833333333337,5.01,3.41,4.22
33335,21,23,10,2010,16.310833333333335,6.65,2.87,5.7700000000000005
33336,22,0,10,2010,14.724166666666667,8.07,3.22,6.55
33337,22,1,10,2010,13.813333333333334,8.93,3.88,7.41
33338,22,2,10,2010,13.3275,10.02,3.8,7.46
33339,22,3,10,2010,12.795,10.59,3.87,7.46
33340,22,4,10,2010,13.87,10.5,4.48,6.8
33341,22,5,10,2010,12.793333333333335,11.55,4.14,7.48
33342,22,6,10,2010,12.366666666666667,11.62,4.08,7.41
33343,22,7,10,2010,12.333333333333334,12.06,4.32,7.5
33344,22,8,10,2010,12.623333333333333,12.53,5.25,8.38
33345,22,9,10,2010,12.465833333333334,12.55,5.38,8.51
33346,22,10,10,2010,11.993333333333332,12.17,5.3,8.370000000000001
33347,22,11,10,2010,11.629166666666668,12.45,5.8100000000000005,8.8
33348,22,12,10,2010,11.319999999999999,11.74,5.48,8.28
33349,22,13,10,2010,11.2575,10.68,5.29,7.82
33350,22,14,10,2010,12.8075,9.5,4.67,6.5200000000000005
33351,22,15,10,2010,15.776666666666666,7.88,3.95,4.78
33352,22,16,10,2010,18.213333333333335,6.93,5.2,6.32
33353,22,17,10,2010,20.01,8.32,5.99,7.42
33354,22,18,10,2010,20.217499999999998,8.69,6.3500000000000005,7.81
33355,22,19,10,2010,20.618333333333332,10.53,7.44,9.27
33356,22,20,10,2010,21.34583333333333,10.37,7.3900000000000015,9.22
33357,22,21,10,2010,21.5125,10.45,7.22,9.14
33358,22,22,10,2010,20.816666666666666,11.99,7.9,10.07
33359,22,23,10,2010,19.6825,12.19,6.91,9.65
33360,23,0,10,2010,18.545,11.55,6.32,8.88
33361,23,1,10,2010,17.841666666666665,11.81,6.1400000000000015,8.790000000000001
33362,23,2,10,2010,17.910833333333333,13.64,7.8,10.7
33363,23,3,10,2010,17.5275,13.59,7.88,10.76
33364,23,4,10,2010,17.083333333333332,12.85,7.36,10.12
33365,23,5,10,2010,16.609166666666667,12.61,7.43,10.1
33366,23,6,10,2010,16.40916666666667,12.27,7.12,9.72
33367,23,7,10,2010,16.726666666666667,10.93,7.08,9.16
33368,23,8,10,2010,16.874166666666664,11.71,7.49,9.81
33369,23,9,10,2010,16.718333333333337,12.01,7.72,10.05
33370,23,10,10,2010,16.821666666666665,12.0,7.75,10.09
33371,23,11,10,2010,16.536666666666665,11.62,7.29,9.62
33372,23,12,10,2010,16.185,11.16,6.9,9.17
33373,23,13,10,2010,16.388333333333335,11.41,7.01,9.28
33374,23,14,10,2010,17.178333333333335,11.66,7.19,9.52
33375,23,15,10,2010,18.078333333333337,9.96,7.1400000000000015,8.84
33376,23,16,10,2010,20.18,11.93,8.51,10.59
33377,23,17,10,2010,21.633333333333336,12.24,8.66,10.75
33378,23,18,10,2010,22.820000000000004,12.31,8.76,10.88
33379,23,19,10,2010,23.55333333333333,12.42,8.76,10.94
33380,23,20,10,2010,24.52083333333334,12.4,8.620000000000001,10.83
33381,23,21,10,2010,25.00583333333333,12.91,8.8,11.2
33382,23,22,10,2010,24.48,12.64,8.51,10.88
33383,23,23,10,2010,22.723333333333333,11.28,5.25,7.97
33384,24,0,10,2010,21.124166666666664,11.54,4.64,7.86
33385,24,1,10,2010,20.2175,13.5,7.46,10.44
33386,24,2,10,2010,19.923333333333332,13.8,7.66,10.66
33387,24,3,10,2010,19.095833333333335,14.28,7.88,10.99
33388,24,4,10,2010,18.051666666666666,13.86,7.46,10.51
33389,24,5,10,2010,16.784166666666668,13.98,7.79,10.82
33390,24,6,10,2010,15.894166666666669,13.85,7.92,10.83
33391,24,7,10,2010,15.870833333333335,13.93,7.82,11.34
33392,24,8,10,2010,16.422500000000003,13.5,8.77,11.33
33393,24,9,10,2010,16.794166666666666,12.53,8.27,10.66
33394,24,10,10,2010,16.84,12.5,8.1,10.54
33395,24,11,10,2010,16.61916666666667,10.65,6.5600000000000005,8.69
33396,24,12,10,2010,15.3575,11.18,6.75,8.91
33397,24,13,10,2010,14.266666666666666,9.66,5.54,7.41
33398,24,14,10,2010,14.134166666666667,9.09,5.92,7.48
33399,24,15,10,2010,14.000833333333334,7.11,5.39,6.51
33400,24,16,10,2010,15.118333333333332,7.09,5.37,6.48
33401,24,17,10,2010,16.853333333333335,7.27,5.32,6.5
33402,24,18,10,2010,17.875833333333336,7.18,5.28,6.43
33403,24,19,10,2010,18.929166666666664,6.95,5.08,6.21
33404,24,20,10,2010,19.6175,7.52,5.5200000000000005,6.75
33405,24,21,10,2010,19.953333333333333,7.44,5.46,6.7
33406,24,22,10,2010,19.90833333333333,6.97,4.94,6.16
33407,24,23,10,2010,18.509999999999998,7.41,3.27,5.5200000000000005
33408,25,0,10,2010,16.8975,7.67,2.87,5.57
33409,25,1,10,2010,16.04083333333333,6.4,3.31,5.3500000000000005
33410,25,2,10,2010,15.185833333333335,7.07,3.28,5.74
33411,25,3,10,2010,14.509166666666667,6.76,3.81,6.1400000000000015
33412,25,4,10,2010,14.454166666666667,7.0600000000000005,3.68,6.28
33413,25,5,10,2010,14.457500000000001,6.55,3.42,5.5200000000000005
33414,25,6,10,2010,14.885833333333332,9.72,4.61,7.8
33415,25,7,10,2010,14.744999999999997,12.33,6.11,9.34
33416,25,8,10,2010,14.295000000000002,12.43,6.28,9.44
33417,25,9,10,2010,13.97,13.85,6.38,9.66
33418,25,10,10,2010,13.465000000000003,13.89,6.46,9.69
33419,25,11,10,2010,13.528333333333334,14.14,6.8500000000000005,9.82
33420,25,12,10,2010,13.751666666666667,13.91,7.33,10.23
33421,25,13,10,2010,13.736666666666665,14.22,8.120000000000001,10.95
33422,25,14,10,2010,15.207499999999998,14.11,8.34,11.07
33423,25,15,10,2010,16.470833333333335,13.12,8.34,10.37
33424,25,16,10,2010,17.871666666666666,11.81,8.370000000000001,10.29
33425,25,17,10,2010,19.53833333333333,11.66,8.44,10.43
33426,25,18,10,2010,21.50333333333333,12.21,8.73,10.85
33427,25,19,10,2010,22.534166666666664,13.34,9.32,11.73
33428,25,20,10,2010,22.76666666666667,13.78,9.62,12.09
33429,25,21,10,2010,22.768333333333334,13.56,9.39,11.88
33430,25,22,10,2010,21.933333333333334,12.05,8.1,10.36
33431,25,23,10,2010,20.78916666666667,10.87,5.01,7.51
33432,26,0,10,2010,19.96166666666667,10.94,4.62,7.42
33433,26,1,10,2010,19.557500000000005,11.69,5.71,8.25
33434,26,2,10,2010,18.581666666666667,13.34,7.83,10.34
33435,26,3,10,2010,15.343333333333334,13.21,8.64,11.12
33436,26,4,10,2010,13.258333333333333,15.11,10.22,13.07
33437,26,5,10,2010,11.47,11.89,7.85,10.01
33438,26,6,10,2010,11.61,10.61,6.3,8.47
33439,26,7,10,2010,11.134166666666667,10.87,5.12,7.72
33440,26,8,10,2010,10.662500000000001,13.91,6.99,10.18
33441,26,9,10,2010,10.242500000000001,14.76,7.73,10.99
33442,26,10,10,2010,9.5875,14.54,7.35,10.6
33443,26,11,10,2010,9.054166666666667,14.38,7.29,10.55
33444,26,12,10,2010,8.559166666666668,14.47,7.4,10.62
33445,26,13,10,2010,8.216666666666667,14.32,8.14,11.05
33446,26,14,10,2010,9.525,14.59,9.41,11.93
33447,26,15,10,2010,10.8175,15.81,10.9,13.72
33448,26,16,10,2010,11.944166666666668,16.330000000000002,11.33,14.2
33449,26,17,10,2010,13.074999999999998,15.64,10.89,13.6
33450,26,18,10,2010,14.223333333333334,15.45,10.66,13.41
33451,26,19,10,2010,15.395833333333334,15.53,10.76,13.52
33452,26,20,10,2010,15.911666666666667,15.22,10.41,13.15
33453,26,21,10,2010,16.1225,16.04,10.89,13.84
33454,26,22,10,2010,15.909166666666664,15.99,10.84,13.78
33455,26,23,10,2010,14.285833333333336,12.65,6.83,9.6
33456,27,0,10,2010,12.873333333333333,13.14,5.38,8.73
33457,27,1,10,2010,12.430833333333334,13.98,5.65,9.04
33458,27,2,10,2010,11.740833333333335,13.78,5.5,9.0
33459,27,3,10,2010,10.799166666666666,13.41,6.03,9.37
33460,27,4,10,2010,10.306666666666667,13.26,5.75,9.03
33461,27,5,10,2010,9.511666666666668,13.16,5.78,9.02
33462,27,6,10,2010,9.165,12.89,5.91,8.870000000000003
33463,27,7,10,2010,8.675833333333332,13.05,5.76,8.85
33464,27,8,10,2010,8.096666666666666,12.92,5.7,8.75
33465,27,9,10,2010,7.539166666666667,13.1,6.18,9.13
33466,27,10,10,2010,7.219999999999999,12.88,6.22,9.09
33467,27,11,10,2010,6.8308333333333335,13.13,6.47,9.42
33468,27,12,10,2010,5.944166666666667,13.13,6.57,9.49
33469,27,13,10,2010,5.785833333333334,13.12,6.8,9.47
33470,27,14,10,2010,8.370000000000001,13.4,7.6,10.13
33471,27,15,10,2010,11.190833333333332,14.63,10.2,12.66
33472,27,16,10,2010,12.103333333333332,15.28,10.62,13.28
33473,27,17,10,2010,12.919166666666667,15.41,10.72,13.43
33474,27,18,10,2010,13.402499999999998,15.79,10.98,13.77
33475,27,19,10,2010,13.684166666666664,15.85,11.0,13.8
33476,27,20,10,2010,13.73666666666667,15.81,10.91,13.71
33477,27,21,10,2010,13.384166666666665,17.04,11.54,14.59
33478,27,22,10,2010,12.555833333333332,17.43,11.85,14.94
33479,27,23,10,2010,10.740833333333335,15.16,9.18,12.28
33480,28,0,10,2010,8.390833333333335,13.69,7.66,10.58
33481,28,1,10,2010,6.86,13.83,8.07,10.92
33482,28,2,10,2010,6.373333333333332,16.28,9.74,13.06
33483,28,3,10,2010,5.689166666666666,14.71,8.73,11.74
33484,28,4,10,2010,5.054166666666666,13.3,6.65,9.54
33485,28,5,10,2010,4.444999999999999,13.64,7.72,10.64
33486,28,6,10,2010,4.140000000000001,18.05,9.72,13.49
33487,28,7,10,2010,3.0625,14.65,7.88,10.88
33488,28,8,10,2010,3.018333333333334,17.64,11.01,14.51
33489,28,9,10,2010,2.56,16.7,9.51,12.97
33490,28,10,10,2010,1.6450000000000002,14.68,8.49,11.59
33491,28,11,10,2010,1.0441666666666667,16.31,9.23,12.58
33492,28,12,10,2010,0.11833333333333333,14.84,8.61,11.66
33493,28,13,10,2010,-0.5141666666666667,13.48,6.78,9.74
33494,28,14,10,2010,0.5075000000000001,12.24,7.82,9.89
33495,28,15,10,2010,1.863333333333333,10.92,7.78,9.69
33496,28,16,10,2010,3.3575,8.43,6.13,7.51
33497,28,17,10,2010,5.055,7.56,5.5200000000000005,6.76
33498,28,18,10,2010,6.777500000000001,7.4,5.43,6.6000000000000005
33499,28,19,10,2010,8.130833333333333,7.13,5.2,6.3500000000000005
33500,28,20,10,2010,9.225833333333334,6.79,4.93,6.04
33501,28,21,10,2010,9.879166666666666,6.59,4.7700000000000005,5.86
33502,28,22,10,2010,9.823333333333334,5.96,4.2700000000000005,5.29
33503,28,23,10,2010,8.248333333333333,4.83,2.05,3.88
33504,29,0,10,2010,7.405,3.49,1.22,2.59
33505,29,1,10,2010,7.259999999999999,3.46,1.32,2.58
33506,29,2,10,2010,7.099166666666666,3.0500000000000003,1.14,2.21
33507,29,3,10,2010,6.758333333333334,2.19,0.89,1.64
33508,29,4,10,2010,6.451666666666668,0.91,0.94,0.65
33509,29,5,10,2010,6.221666666666667,1.8,1.3,2.36
33510,29,6,10,2010,5.251666666666668,3.01,2.5500000000000003,3.74
33511,29,7,10,2010,5.2749999999999995,4.39,3.7,5.53
33512,29,8,10,2010,4.781666666666666,6.65,4.33,7.0
33513,29,9,10,2010,4.7441666666666675,9.54,5.3100000000000005,8.47
33514,29,10,10,2010,4.5375000000000005,10.76,5.74,8.99
33515,29,11,10,2010,4.576666666666667,12.6,6.41,9.59
33516,29,12,10,2010,4.1866666666666665,13.42,6.8100000000000005,10.03
33517,29,13,10,2010,4.2975,13.33,6.94,9.91
33518,29,14,10,2010,6.253333333333333,12.94,7.16,9.61
33519,29,15,10,2010,8.5075,11.21,6.63,8.93
33520,29,16,10,2010,11.1975,9.05,6.73,8.16
33521,29,17,10,2010,13.684166666666668,10.36,7.56,9.28
33522,29,18,10,2010,15.380833333333333,11.0,7.99,9.83
33523,29,19,10,2010,16.313333333333336,11.57,8.26,10.22
33524,29,20,10,2010,17.437500000000004,12.02,8.46,10.58
33525,29,21,10,2010,17.3775,12.25,8.55,10.75
33526,29,22,10,2010,16.546666666666663,12.69,7.62,9.69
33527,29,23,10,2010,14.394166666666669,14.62,7.04,10.49
33528,30,0,10,2010,13.129166666666668,15.37,7.91,11.35
33529,30,1,10,2010,12.435833333333333,15.61,8.36,11.77
33530,30,2,10,2010,11.920833333333333,15.87,8.620000000000001,12.02
33531,30,3,10,2010,11.4125,16.72,9.22,12.68
33532,30,4,10,2010,10.907499999999999,17.12,9.54,13.07
33533,30,5,10,2010,10.562500000000002,17.11,9.52,13.05
33534,30,6,10,2010,10.055833333333334,16.67,8.94,12.39
33535,30,7,10,2010,9.805833333333332,16.81,9.08,12.5
33536,30,8,10,2010,9.5725,16.79,9.03,12.46
33537,30,9,10,2010,9.791666666666666,15.68,8.51,11.68
33538,30,10,10,2010,9.925833333333333,15.16,8.2,11.29
33539,30,11,10,2010,9.656666666666666,15.11,8.4,11.43
33540,30,12,10,2010,9.075833333333334,15.02,8.4,11.4
33541,30,13,10,2010,8.707500000000001,14.53,8.25,11.21
33542,30,14,10,2010,9.152499999999998,12.82,7.54,10.01
33543,30,15,10,2010,10.763333333333334,8.81,5.51,6.6400000000000015
33544,30,16,10,2010,12.949166666666668,4.23,3.38,3.94
33545,30,17,10,2010,14.944166666666668,2.88,2.33,2.71
33546,30,18,10,2010,16.289999999999996,3.22,2.64,3.06
33547,30,19,10,2010,17.413333333333338,3.83,2.92,3.48
33548,30,20,10,2010,18.325833333333332,5.22,4.0600000000000005,4.83
33549,30,21,10,2010,18.42833333333333,6.28,4.73,5.75
33550,30,22,10,2010,17.505833333333335,6.34,4.57,5.61
33551,30,23,10,2010,15.368333333333332,8.540000000000001,3.51,5.88
33552,31,0,10,2010,14.098333333333334,9.92,3.85,7.4
33553,31,1,10,2010,13.402500000000002,10.61,4.0200000000000005,7.3900000000000015
33554,31,2,10,2010,12.588333333333333,11.38,4.34,7.57
33555,31,3,10,2010,11.575833333333334,11.31,4.32,7.48
33556,31,4,10,2010,10.845833333333333,10.63,4.1,6.69
33557,31,5,10,2010,10.240833333333335,10.5,3.74,6.21
33558,31,6,10,2010,9.139999999999999,10.26,3.81,6.73
33559,31,7,10,2010,7.75,10.84,4.21,7.08
33560,31,8,10,2010,6.738333333333333,10.69,4.18,6.74
33561,31,9,10,2010,5.9624999999999995,9.75,3.76,6.01
33562,31,10,10,2010,5.2275,9.96,3.44,6.53
33563,31,11,10,2010,4.560833333333333,10.11,3.67,6.69
33564,31,12,10,2010,4.048333333333333,10.35,3.77,6.86
33565,31,13,10,2010,3.6274999999999995,10.53,4.47,7.1400000000000015
33566,31,14,10,2010,4.486666666666667,9.75,5.68,6.86
33567,31,15,10,2010,6.005833333333334,7.95,6.05,7.26
33568,31,16,10,2010,7.614166666666666,7.23,5.58,6.67
33569,31,17,10,2010,8.99,8.73,6.7,8.07
33570,31,18,10,2010,10.239166666666668,9.12,6.99,8.42
33571,31,19,10,2010,11.428333333333333,9.3,7.1000000000000005,8.57
33572,31,20,10,2010,12.173333333333332,9.13,6.86,8.34
33573,31,21,10,2010,12.441666666666668,8.83,6.5600000000000005,8.040000000000001
33574,31,22,10,2010,12.011666666666668,8.94,6.5200000000000005,7.98
33575,31,23,10,2010,10.4175,10.15,5.03,7.35
33576,1,0,11,2010,9.085,11.34,4.65,7.87
33577,1,1,11,2010,8.13,11.84,4.32,7.62
33578,1,2,11,2010,7.345833333333332,11.92,4.2,7.54
33579,1,3,11,2010,6.575,11.53,4.0600000000000005,7.34
33580,1,4,11,2010,5.900833333333332,10.79,3.7,6.8100000000000005
33581,1,5,11,2010,4.821666666666666,10.13,2.92,5.91
33582,1,6,11,2010,4.465000000000001,10.29,3.03,6.3100000000000005
33583,1,7,11,2010,4.062500000000001,10.33,2.64,6.28
33584,1,8,11,2010,3.6558333333333337,10.5,2.43,6.3100000000000005
33585,1,9,11,2010,3.2475,10.72,2.21,6.5
33586,1,10,11,2010,2.8983333333333334,10.65,2.17,6.4
33587,1,11,11,2010,2.3891666666666667,10.48,2.17,6.18
33588,1,12,11,2010,2.0008333333333335,10.09,2.81,6.8900000000000015
33589,1,13,11,2010,2.0666666666666664,10.21,3.29,6.94
33590,1,14,11,2010,3.5708333333333333,9.69,4.23,6.0600000000000005
33591,1,15,11,2010,5.366666666666667,5.8,4.19,4.98
33592,1,16,11,2010,7.295833333333334,4.84,3.84,4.5200000000000005
33593,1,17,11,2010,9.097499999999998,5.03,3.98,4.71
33594,1,18,11,2010,10.603333333333335,5.57,4.3500000000000005,5.17
33595,1,19,11,2010,11.884166666666667,5.9,4.58,5.46
33596,1,20,11,2010,12.781666666666665,6.2,4.74,5.71
33597,1,21,11,2010,13.199999999999998,6.38,4.78,5.83
33598,1,22,11,2010,12.913333333333332,7.0,4.76,5.87
33599,1,23,11,2010,11.240833333333335,7.98,3.49,6.4
33600,2,0,11,2010,9.724166666666667,8.98,3.35,6.94
33601,2,1,11,2010,8.5375,10.3,3.77,8.15
33602,2,2,11,2010,7.309166666666666,10.67,3.38,7.73
33603,2,3,11,2010,6.224166666666666,10.55,2.86,7.35
33604,2,4,11,2010,5.43,9.73,2.5,6.49
33605,2,5,11,2010,4.6825,9.37,2.0,5.41
33606,2,6,11,2010,4.14,8.68,1.94,5.58
33607,2,7,11,2010,3.5691666666666664,8.38,1.79,5.5200000000000005
33608,2,8,11,2010,2.8874999999999993,7.86,1.6,5.22
33609,2,9,11,2010,2.3274999999999997,6.54,1.79,4.39
33610,2,10,11,2010,1.9675,5.58,1.77,3.84
33611,2,11,11,2010,1.4983333333333337,4.97,1.63,3.48
33612,2,12,11,2010,1.0891666666666668,4.41,1.44,2.98
33613,2,13,11,2010,0.7858333333333335,4.0600000000000005,1.69,3.13
33614,2,14,11,2010,2.0541666666666667,3.95,1.91,3.2
33615,2,15,11,2010,4.403333333333334,3.42,1.99,2.24
33616,2,16,11,2010,6.693333333333332,2.31,2.01,2.27
33617,2,17,11,2010,8.591666666666667,2.47,2.01,2.34
33618,2,18,11,2010,10.250833333333334,2.8000000000000003,2.34,2.69
33619,2,19,11,2010,11.409166666666666,2.8000000000000003,2.33,2.69
33620,2,20,11,2010,12.1825,2.46,2.05,2.36
33621,2,21,11,2010,12.580833333333336,2.12,1.75,2.02
33622,2,22,11,2010,12.314166666666665,2.03,1.57,1.82
33623,2,23,11,2010,10.5425,2.22,0.91,1.81
33624,3,0,11,2010,9.421666666666667,2.0,0.51,1.28
33625,3,1,11,2010,9.081666666666665,2.08,0.74,1.59
33626,3,2,11,2010,8.954166666666666,1.8,0.95,1.63
33627,3,3,11,2010,8.793333333333335,2.48,1.44,2.31
33628,3,4,11,2010,8.499166666666667,2.69,1.83,2.68
33629,3,5,11,2010,7.926666666666667,3.28,2.38,3.4
33630,3,6,11,2010,7.316666666666666,3.93,2.96,4.41
33631,3,7,11,2010,6.948333333333333,4.5600000000000005,3.62,5.2
33632,3,8,11,2010,6.610833333333332,5.7,3.91,5.88
33633,3,9,11,2010,5.913333333333334,7.75,4.69,7.19
33634,3,10,11,2010,5.8066666666666675,9.53,5.01,8.0
33635,3,11,11,2010,5.801666666666667,11.6,5.7,8.85
33636,3,12,11,2010,6.511666666666667,11.96,6.12,9.17
33637,3,13,11,2010,6.303333333333334,12.1,5.7700000000000005,8.61
33638,3,14,11,2010,7.825,11.82,6.1000000000000005,8.63
33639,3,15,11,2010,9.612499999999999,9.77,6.11,7.45
33640,3,16,11,2010,11.954166666666666,9.31,6.93,8.48
33641,3,17,11,2010,13.883333333333333,10.09,7.34,9.05
33642,3,18,11,2010,14.861666666666665,10.99,7.87,9.77
33643,3,19,11,2010,15.466666666666669,12.17,8.66,10.85
33644,3,20,11,2010,15.825833333333328,12.21,8.57,10.73
33645,3,21,11,2010,15.998333333333335,13.39,9.13,11.6
33646,3,22,11,2010,15.138333333333334,13.53,9.21,11.72
33647,3,23,11,2010,13.021666666666668,14.44,6.76,10.33
33648,4,0,11,2010,11.643333333333333,13.44,5.57,9.11
33649,4,1,11,2010,11.208333333333336,16.96,8.31,12.08
33650,4,2,11,2010,10.449999999999998,18.09,9.38,13.46
33651,4,3,11,2010,9.834166666666663,17.75,9.97,13.82
33652,4,4,11,2010,8.464166666666667,16.75,9.13,12.7
33653,4,5,11,2010,7.990833333333334,16.330000000000002,8.98,12.48
33654,4,6,11,2010,7.1000000000000005,15.02,7.49,10.9
33655,4,7,11,2010,6.493333333333333,14.82,7.25,10.58
33656,4,8,11,2010,6.174166666666667,14.95,7.5,10.73
33657,4,9,11,2010,5.702500000000001,14.38,7.46,10.67
33658,4,10,11,2010,5.0425,13.81,6.97,10.23
33659,4,11,11,2010,4.536666666666666,13.94,7.34,10.51
33660,4,12,11,2010,3.8358333333333334,14.19,7.25,10.44
33661,4,13,11,2010,3.5574999999999997,14.1,7.5,10.46
33662,4,14,11,2010,4.06,13.32,8.15,10.7
33663,4,15,11,2010,5.483333333333333,10.7,7.74,9.56
33664,4,16,11,2010,6.721666666666667,11.65,8.370000000000001,10.35
33665,4,17,11,2010,7.836666666666667,12.59,9.01,11.26
33666,4,18,11,2010,8.813333333333334,12.6,9.0,11.25
33667,4,19,11,2010,9.529166666666667,13.47,9.44,11.89
33668,4,20,11,2010,9.703333333333333,13.75,9.67,12.16
33669,4,21,11,2010,9.619166666666667,13.59,9.5,11.94
33670,4,22,11,2010,9.144166666666667,13.07,9.0,11.4
33671,4,23,11,2010,7.468333333333334,11.12,5.78,8.26
33672,5,0,11,2010,6.068333333333334,11.28,4.17,7.37
33673,5,1,11,2010,5.108333333333333,11.51,4.13,7.47
33674,5,2,11,2010,4.89,13.06,5.96,9.32
33675,5,3,11,2010,4.359166666666668,14.06,6.63,10.13
33676,5,4,11,2010,3.872500000000001,13.88,7.05,10.4
33677,5,5,11,2010,2.9549999999999996,13.78,6.96,10.3
33678,5,6,11,2010,1.8966666666666667,12.53,5.78,9.14
33679,5,7,11,2010,1.2333333333333332,12.28,5.62,8.94
33680,5,8,11,2010,0.5025000000000001,11.72,5.16,8.38
33681,5,9,11,2010,-0.4058333333333333,11.18,4.7700000000000005,8.0
33682,5,10,11,2010,-1.9025,10.57,3.87,7.21
33683,5,11,11,2010,-2.3158333333333334,10.01,3.87,7.22
33684,5,12,11,2010,-2.7833333333333337,9.31,3.97,6.92
33685,5,13,11,2010,-3.099166666666667,8.08,3.88,6.58
33686,5,14,11,2010,-1.5733333333333333,7.5,3.96,5.83
33687,5,15,11,2010,0.7891666666666667,5.53,3.38,4.0
33688,5,16,11,2010,2.8991666666666664,4.39,3.38,4.04
33689,5,17,11,2010,4.246666666666667,4.13,3.24,3.85
33690,5,18,11,2010,5.555833333333335,3.65,2.86,3.4
33691,5,19,11,2010,6.822500000000001,3.38,2.64,3.13
33692,5,20,11,2010,7.775000000000001,3.21,2.47,2.95
33693,5,21,11,2010,8.296666666666667,2.88,2.19,2.62
33694,5,22,11,2010,8.153333333333332,3.0700000000000003,2.13,2.59
33695,5,23,11,2010,6.676666666666667,2.92,1.28,2.51
33696,6,0,11,2010,5.5200000000000005,2.87,1.33,2.27
33697,6,1,11,2010,5.114166666666666,2.95,2.1,3.09
33698,6,2,11,2010,4.482500000000001,3.31,2.32,3.5500000000000003
33699,6,3,11,2010,4.644166666666667,3.21,2.44,3.56
33700,6,4,11,2010,4.079166666666667,4.36,3.11,4.72
33701,6,5,11,2010,3.8041666666666667,4.5600000000000005,3.14,4.78
33702,6,6,11,2010,3.0625,5.76,4.11,6.01
33703,6,7,11,2010,2.7283333333333335,6.96,3.96,6.41
33704,6,8,11,2010,2.398333333333333,7.81,4.23,7.38
33705,6,9,11,2010,2.3408333333333338,9.23,4.79,8.21
33706,6,10,11,2010,2.4408333333333334,10.16,5.28,8.76
33707,6,11,11,2010,2.4099999999999997,11.89,5.96,9.32
33708,6,12,11,2010,2.130833333333333,12.57,6.0200000000000005,9.39
33709,6,13,11,2010,1.8958333333333333,12.9,6.2700000000000005,9.49
33710,6,14,11,2010,3.8966666666666665,12.84,7.07,9.43
33711,6,15,11,2010,6.421666666666667,10.44,6.18,8.65
33712,6,16,11,2010,8.7875,8.38,6.3100000000000005,7.68
33713,6,17,11,2010,10.632499999999999,8.47,6.34,7.73
33714,6,18,11,2010,12.347499999999998,9.2,6.76,8.32
33715,6,19,11,2010,13.786666666666667,9.64,7.04,8.69
33716,6,20,11,2010,14.764166666666666,10.25,7.35,9.17
33717,6,21,11,2010,15.284166666666666,10.34,7.38,9.22
33718,6,22,11,2010,14.400833333333333,11.73,6.84,8.700000000000001
33719,6,23,11,2010,12.466666666666667,14.12,6.96,10.35
33720,7,0,11,2010,11.612500000000002,16.03,8.74,12.27
33721,7,1,11,2010,11.104166666666666,17.12,10.07,13.68
33722,7,2,11,2010,10.72166666666667,17.09,10.07,13.64
33723,7,3,11,2010,10.432500000000001,17.650000000000006,10.38,13.98
33724,7,4,11,2010,10.096666666666666,18.05,10.47,14.13
33725,7,5,11,2010,9.911666666666667,18.33,10.61,14.34
33726,7,6,11,2010,9.900833333333335,18.44,10.88,14.6
33727,7,7,11,2010,9.733333333333334,18.57,10.98,14.72
33728,7,8,11,2010,9.477500000000001,18.59,10.83,14.62
33729,7,9,11,2010,9.385833333333332,18.53,10.77,14.53
33730,7,10,11,2010,9.226666666666668,18.45,10.64,14.39
33731,7,11,11,2010,9.145833333333334,18.48,10.59,14.36
33732,7,12,11,2010,9.014999999999999,18.24,10.45,14.19
33733,7,13,11,2010,8.935833333333333,18.21,10.47,14.12
33734,7,14,11,2010,10.275833333333333,17.84,10.78,14.12
33735,7,15,11,2010,11.964999999999998,15.45,9.52,13.12
33736,7,16,11,2010,13.8175,13.39,9.56,11.69
33737,7,17,11,2010,16.18583333333333,12.66,9.37,11.44
33738,7,18,11,2010,18.184166666666666,12.31,9.09,11.16
33739,7,19,11,2010,19.58,11.96,8.64,10.7
33740,7,20,11,2010,20.4175,12.62,8.98,11.22
33741,7,21,11,2010,20.580833333333334,12.57,8.96,11.2
33742,7,22,11,2010,19.340000000000003,12.72,7.65,10.07
33743,7,23,11,2010,16.915833333333335,15.6,8.44,12.05
33744,8,0,11,2010,15.104166666666666,16.44,8.88,12.49
33745,8,1,11,2010,13.963333333333333,16.86,8.950000000000003,12.56
33746,8,2,11,2010,13.223333333333334,17.25,9.49,13.21
33747,8,3,11,2010,12.709166666666667,17.18,9.51,13.21
33748,8,4,11,2010,12.315,16.830000000000002,9.36,12.93
33749,8,5,11,2010,12.1025,16.71,9.4,12.89
33750,8,6,11,2010,11.493333333333332,17.11,9.64,13.17
33751,8,7,11,2010,11.351666666666667,17.48,9.95,13.52
33752,8,8,11,2010,11.254166666666668,17.32,9.81,13.37
33753,8,9,11,2010,10.847499999999998,17.59,9.99,13.52
33754,8,10,11,2010,10.737499999999999,18.41,10.74,14.46
33755,8,11,11,2010,10.475833333333332,18.34,10.61,14.31
33756,8,12,11,2010,10.024166666666666,17.95,10.23,13.85
33757,8,13,11,2010,9.883333333333333,18.1,10.55,14.08
33758,8,14,11,2010,10.655,17.82,10.97,14.22
33759,8,15,11,2010,12.07583333333333,15.4,9.43,11.91
33760,8,16,11,2010,13.873333333333333,10.92,7.96,9.73
33761,8,17,11,2010,15.915,9.98,7.55,9.15
33762,8,18,11,2010,17.604166666666668,8.63,6.45,7.86
33763,8,19,11,2010,18.852500000000003,7.78,5.8,7.0600000000000005
33764,8,20,11,2010,19.7725,7.58,5.5600000000000005,6.82
33765,8,21,11,2010,20.114166666666666,7.46,5.24,6.59
33766,8,22,11,2010,19.08666666666667,9.25,5.12,6.7700000000000005
33767,8,23,11,2010,17.081666666666667,11.4,4.48,8.120000000000001
33768,9,0,11,2010,15.611666666666665,11.16,5.22,8.41
33769,9,1,11,2010,15.17,13.71,6.74,10.05
33770,9,2,11,2010,14.882500000000002,15.22,8.27,11.67
33771,9,3,11,2010,14.619166666666667,15.81,8.71,12.17
33772,9,4,11,2010,14.265,16.3,9.2,12.66
33773,9,5,11,2010,13.685,16.32,9.21,12.67
33774,9,6,11,2010,12.854999999999999,15.83,8.64,12.03
33775,9,7,11,2010,11.936666666666666,14.73,7.31,10.59
33776,9,8,11,2010,11.580833333333333,14.08,6.5200000000000005,9.8
33777,9,9,11,2010,11.707500000000001,14.51,7.52,10.69
33778,9,10,11,2010,10.968333333333334,14.38,7.49,10.63
33779,9,11,11,2010,10.821666666666665,14.81,7.6400000000000015,10.85
33780,9,12,11,2010,10.436666666666667,14.32,7.45,10.59
33781,9,13,11,2010,10.345833333333333,14.74,7.82,11.04
33782,9,14,11,2010,11.636666666666665,14.59,8.91,11.8
33783,9,15,11,2010,13.480833333333335,14.28,8.15,10.52
33784,9,16,11,2010,15.554166666666667,11.58,8.32,10.35
33785,9,17,11,2010,17.4325,12.82,9.31,11.54
33786,9,18,11,2010,18.687499999999996,13.01,9.48,11.73
33787,9,19,11,2010,19.64,13.13,9.33,11.68
33788,9,20,11,2010,20.0675,13.39,9.54,11.91
33789,9,21,11,2010,20.032500000000002,13.29,9.37,11.78
33790,9,22,11,2010,19.27333333333333,12.73,8.4,10.81
33791,9,23,11,2010,17.923333333333332,14.33,7.61,10.88
33792,10,0,11,2010,16.88166666666667,14.73,8.35,11.49
33793,10,1,11,2010,16.054999999999996,15.48,9.01,12.27
33794,10,2,11,2010,15.475,15.52,9.04,12.3
33795,10,3,11,2010,15.035833333333334,15.16,8.81,12.0
33796,10,4,11,2010,14.722499999999998,14.72,8.66,11.75
33797,10,5,11,2010,14.529166666666667,14.94,8.67,11.77
33798,10,6,11,2010,14.135,14.9,8.65,11.75
33799,10,7,11,2010,13.531666666666668,14.81,8.44,11.61
33800,10,8,11,2010,13.09083333333333,13.1,6.8100000000000005,9.74
33801,10,9,11,2010,12.889166666666668,14.01,8.040000000000001,11.13
33802,10,10,11,2010,13.11,13.98,8.03,11.11
33803,10,11,11,2010,13.552499999999997,11.91,7.43,9.85
33804,10,12,11,2010,13.704166666666667,10.82,6.6000000000000005,8.870000000000003
33805,10,13,11,2010,13.834999999999999,9.38,5.67,7.56
33806,10,14,11,2010,14.046666666666667,11.6,7.19,9.54
33807,10,15,11,2010,14.384166666666665,12.78,8.83,11.23
33808,10,16,11,2010,14.438333333333333,11.72,8.52,10.58
33809,10,17,11,2010,14.808333333333332,9.34,6.79,8.370000000000001
33810,10,18,11,2010,15.7125,9.11,6.63,8.16
33811,10,19,11,2010,16.131666666666668,8.47,6.09,7.57
33812,10,20,11,2010,14.502500000000003,8.63,6.5600000000000005,7.96
33813,10,21,11,2010,13.112499999999999,8.11,6.15,7.44
33814,10,22,11,2010,12.325833333333335,6.73,5.0,6.11
33815,10,23,11,2010,10.838333333333333,6.92,3.22,5.5600000000000005
33816,11,0,11,2010,9.902500000000002,8.06,3.63,6.2
33817,11,1,11,2010,8.664166666666665,8.88,3.38,6.3
33818,11,2,11,2010,7.484166666666667,8.120000000000001,3.0700000000000003,5.78
33819,11,3,11,2010,6.600833333333333,7.76,2.34,5.5
33820,11,4,11,2010,6.2558333333333325,6.7700000000000005,2.64,5.5600000000000005
33821,11,5,11,2010,5.932500000000001,5.82,2.43,4.97
33822,11,6,11,2010,5.516666666666667,5.7,2.71,4.86
33823,11,7,11,2010,4.746666666666666,5.66,2.58,4.78
33824,11,8,11,2010,3.6799999999999997,4.95,1.82,3.72
33825,11,9,11,2010,3.2308333333333334,5.15,1.85,3.7
33826,11,10,11,2010,2.6649999999999996,5.54,2.03,4.03
33827,11,11,11,2010,2.0283333333333338,6.1400000000000015,2.25,4.49
33828,11,12,11,2010,1.2966666666666666,6.17,2.15,4.39
33829,11,13,11,2010,1.0708333333333335,6.24,1.95,4.14
33830,11,14,11,2010,2.2241666666666666,6.3,2.68,4.19
33831,11,15,11,2010,4.629166666666667,5.97,2.93,3.43
33832,11,16,11,2010,7.180833333333335,4.92,3.8,4.5
33833,11,17,11,2010,9.239166666666668,5.41,4.23,5.0
33834,11,18,11,2010,10.968333333333334,5.63,4.4,5.21
33835,11,19,11,2010,12.24,6.18,4.78,5.7
33836,11,20,11,2010,13.086666666666664,6.71,5.08,6.12
33837,11,21,11,2010,13.553333333333333,7.22,5.28,6.5200000000000005
33838,11,22,11,2010,13.027499999999998,9.23,5.3500000000000005,7.1400000000000015
33839,11,23,11,2010,11.375833333333333,10.64,4.62,8.11
33840,12,0,11,2010,10.302499999999998,11.18,4.46,7.72
33841,12,1,11,2010,10.321666666666667,11.03,5.76,7.9300000000000015
33842,12,2,11,2010,9.704166666666667,10.97,7.01,8.98
33843,12,3,11,2010,9.635,10.11,6.54,8.45
33844,12,4,11,2010,8.623333333333335,8.790000000000001,5.5,7.32
33845,12,5,11,2010,8.748333333333333,9.28,6.04,7.79
33846,12,6,11,2010,8.5525,9.39,6.47,8.18
33847,12,7,11,2010,7.921666666666667,8.41,5.72,7.26
33848,12,8,11,2010,6.9849999999999985,9.53,6.43,8.28
33849,12,9,11,2010,5.985833333333333,11.28,7.76,9.8
33850,12,10,11,2010,4.800833333333333,12.26,8.25,10.47
33851,12,11,11,2010,4.043333333333333,14.02,8.9,11.37
33852,12,12,11,2010,3.6275,15.16,9.05,11.74
33853,12,13,11,2010,3.6008333333333327,13.89,8.57,10.99
33854,12,14,11,2010,3.6399999999999992,13.7,8.22,10.61
33855,12,15,11,2010,3.815,11.66,6.97,8.88
33856,12,16,11,2010,4.0183333333333335,9.66,6.41,7.97
33857,12,17,11,2010,4.150833333333333,8.53,6.32,7.75
33858,12,18,11,2010,4.275,7.58,5.5600000000000005,6.84
33859,12,19,11,2010,4.293333333333334,8.69,6.1400000000000015,7.6400000000000015
33860,12,20,11,2010,4.0408333333333335,10.69,7.35,9.23
33861,12,21,11,2010,3.775,11.27,6.98,8.98
33862,12,22,11,2010,3.6758333333333337,12.94,8.02,10.27
33863,12,23,11,2010,3.4225,12.96,7.99,10.31
33864,13,0,11,2010,2.7566666666666664,12.78,8.01,10.33
33865,13,1,11,2010,2.205,12.67,8.13,10.43
33866,13,2,11,2010,1.175,12.4,7.44,9.65
33867,13,3,11,2010,0.38416666666666677,12.88,7.21,10.43
33868,13,4,11,2010,0.36833333333333335,12.78,6.86,10.32
33869,13,5,11,2010,0.6158333333333333,13.12,7.92,10.48
33870,13,6,11,2010,1.1175,13.25,8.64,11.15
33871,13,7,11,2010,1.2308333333333334,13.22,8.540000000000001,11.09
33872,13,8,11,2010,1.1791666666666665,13.09,8.1,10.71
33873,13,9,11,2010,1.2275,13.06,8.040000000000001,10.65
33874,13,10,11,2010,1.2049999999999998,13.49,7.68,10.48
33875,13,11,11,2010,1.1408333333333334,13.77,7.62,10.57
33876,13,12,11,2010,1.2591666666666668,12.74,6.5200000000000005,9.38
33877,13,13,11,2010,1.1458333333333333,13.8,6.99,10.02
33878,13,14,11,2010,1.595,13.41,6.87,9.84
33879,13,15,11,2010,2.8000000000000003,11.34,6.9,9.2
33880,13,16,11,2010,3.6958333333333333,10.63,7.35,9.2
33881,13,17,11,2010,4.478333333333333,10.45,7.35,9.21
33882,13,18,11,2010,5.2625,10.44,7.34,9.2
33883,13,19,11,2010,5.961666666666666,9.49,6.62,8.32
33884,13,20,11,2010,6.474166666666666,9.2,6.34,8.02
33885,13,21,11,2010,6.5325000000000015,8.31,5.07,6.71
33886,13,22,11,2010,5.658333333333334,8.47,3.68,6.24
33887,13,23,11,2010,4.602500000000001,9.03,3.8,7.1400000000000015
33888,14,0,11,2010,3.8791666666666664,10.73,4.03,7.58
33889,14,1,11,2010,3.4958333333333336,10.12,4.09,7.54
33890,14,2,11,2010,2.875833333333333,8.06,3.7,6.93
33891,14,3,11,2010,2.2766666666666664,7.16,3.82,6.45
33892,14,4,11,2010,1.9074999999999998,7.22,3.96,6.84
33893,14,5,11,2010,1.9841666666666666,6.2700000000000005,4.07,5.78
33894,14,6,11,2010,1.1500000000000001,7.68,4.63,6.74
33895,14,7,11,2010,1.1275000000000002,9.62,4.67,7.32
33896,14,8,11,2010,1.0333333333333334,9.35,4.7700000000000005,7.44
33897,14,9,11,2010,0.6508333333333333,9.41,4.46,7.13
33898,14,10,11,2010,0.36749999999999994,9.27,4.36,6.91
33899,14,11,11,2010,0.28750000000000003,8.88,4.34,6.96
33900,14,12,11,2010,0.28916666666666674,10.44,5.3,8.03
33901,14,13,11,2010,0.035833333333333335,10.02,5.09,7.6400000000000015
33902,14,14,11,2010,0.7599999999999999,9.14,5.21,7.48
33903,14,15,11,2010,2.0283333333333338,7.79,4.3,5.8100000000000005
33904,14,16,11,2010,3.6633333333333336,6.61,4.18,4.93
33905,14,17,11,2010,5.230833333333334,5.08,3.86,4.65
33906,14,18,11,2010,6.400833333333335,6.15,4.44,5.48
33907,14,19,11,2010,6.986666666666667,6.8900000000000015,4.92,6.11
33908,14,20,11,2010,7.539999999999999,7.55,5.14,6.53
33909,14,21,11,2010,7.743333333333332,7.82,5.28,6.72
33910,14,22,11,2010,6.7625,8.63,3.59,6.63
33911,14,23,11,2010,5.429166666666667,8.99,3.8,6.98
33912,15,0,11,2010,4.5675,10.49,3.89,7.52
33913,15,1,11,2010,4.12,10.21,3.96,7.4
33914,15,2,11,2010,4.488333333333333,9.43,4.14,7.65
33915,15,3,11,2010,4.263333333333334,10.07,4.38,7.95
33916,15,4,11,2010,4.425833333333334,10.05,4.67,8.02
33917,15,5,11,2010,3.9225,10.52,4.6000000000000005,8.07
33918,15,6,11,2010,3.721666666666667,11.1,4.8100000000000005,8.45
33919,15,7,11,2010,3.4291666666666667,11.84,5.1000000000000005,8.72
33920,15,8,11,2010,3.018333333333333,12.92,5.21,8.73
33921,15,9,11,2010,2.794166666666667,13.0,5.25,8.78
33922,15,10,11,2010,2.858333333333334,13.5,5.89,9.57
33923,15,11,11,2010,2.611666666666667,13.33,5.98,9.58
33924,15,12,11,2010,1.8666666666666665,12.25,5.87,9.05
33925,15,13,11,2010,1.4483333333333335,11.29,5.7700000000000005,8.82
33926,15,14,11,2010,1.883333333333333,8.69,5.1000000000000005,7.73
33927,15,15,11,2010,3.018333333333333,8.15,5.03,6.61
33928,15,16,11,2010,5.088333333333334,6.8500000000000005,4.2700000000000005,4.94
33929,15,17,11,2010,7.012499999999999,5.03,3.85,4.44
33930,15,18,11,2010,8.604166666666666,3.08,2.5500000000000003,2.93
33931,15,19,11,2010,9.510833333333332,3.23,2.4,2.91
33932,15,20,11,2010,10.385,3.56,2.62,3.2
33933,15,21,11,2010,10.725833333333334,3.63,2.64,3.25
33934,15,22,11,2010,9.920833333333333,4.2700000000000005,1.62,3.34
33935,15,23,11,2010,8.6275,5.54,2.3000000000000003,4.94
33936,16,0,11,2010,7.779166666666666,6.03,3.04,5.7700000000000005
33937,16,1,11,2010,6.879166666666666,5.62,3.16,5.45
33938,16,2,11,2010,6.621666666666667,5.39,3.18,5.04
33939,16,3,11,2010,6.436666666666667,5.21,3.09,4.88
33940,16,4,11,2010,5.949166666666667,5.63,3.77,5.44
33941,16,5,11,2010,5.3325000000000005,6.96,4.23,6.32
33942,16,6,11,2010,4.498333333333333,7.37,4.3,6.59
33943,16,7,11,2010,4.064166666666667,8.370000000000001,4.45,6.98
33944,16,8,11,2010,3.6249999999999996,6.7,3.76,6.05
33945,16,9,11,2010,2.6941666666666664,6.24,3.65,6.0200000000000005
33946,16,10,11,2010,2.1908333333333334,6.07,3.81,5.91
33947,16,11,11,2010,1.5883333333333336,7.1400000000000015,3.33,6.13
33948,16,12,11,2010,1.3916666666666666,8.120000000000001,3.46,6.2700000000000005
33949,16,13,11,2010,1.0975,8.99,3.52,6.73
33950,16,14,11,2010,2.3941666666666666,8.790000000000001,3.95,6.72
33951,16,15,11,2010,3.5025,6.36,2.9,3.87
33952,16,16,11,2010,4.9525,4.05,3.09,3.7
33953,16,17,11,2010,5.898333333333333,3.75,2.91,3.47
33954,16,18,11,2010,6.885000000000001,3.38,2.54,3.0500000000000003
33955,16,19,11,2010,7.4174999999999995,3.12,2.39,2.85
33956,16,20,11,2010,7.942499999999999,2.98,2.21,2.66
33957,16,21,11,2010,8.330833333333334,3.47,2.51,3.09
33958,16,22,11,2010,7.831666666666667,3.68,2.0,3.02
33959,16,23,11,2010,6.5516666666666685,3.52,1.56,3.0
33960,17,0,11,2010,5.964166666666667,3.33,1.67,2.79
33961,17,1,11,2010,6.090000000000001,2.28,1.32,2.12
33962,17,2,11,2010,6.083333333333333,2.97,1.74,2.88
33963,17,3,11,2010,5.075,2.39,0.93,1.87
33964,17,4,11,2010,4.8549999999999995,2.62,1.15,2.49
33965,17,5,11,2010,4.395,4.33,1.96,3.0700000000000003
33966,17,6,11,2010,4.09,4.83,2.7,3.58
33967,17,7,11,2010,3.7441666666666666,5.84,3.61,4.74
33968,17,8,11,2010,3.161666666666667,6.33,3.99,5.25
33969,17,9,11,2010,2.7325000000000004,5.97,3.63,4.71
33970,17,10,11,2010,2.689166666666667,5.9,3.4,4.49
33971,17,11,11,2010,2.504166666666667,5.68,3.42,4.24
33972,17,12,11,2010,2.3649999999999998,5.82,3.62,4.51
33973,17,13,11,2010,2.2550000000000003,6.24,3.81,4.86
33974,17,14,11,2010,2.015,6.3900000000000015,4.7700000000000005,5.7700000000000005
33975,17,15,11,2010,1.8866666666666667,6.58,5.0200000000000005,6.0600000000000005
33976,17,16,11,2010,2.388333333333333,7.65,5.75,7.01
33977,17,17,11,2010,3.16,8.0,5.92,7.25
33978,17,18,11,2010,4.073333333333333,9.07,6.7,8.23
33979,17,19,11,2010,4.484166666666666,9.23,6.8,8.35
33980,17,20,11,2010,4.516666666666667,8.97,6.59,8.11
33981,17,21,11,2010,4.375,8.75,6.3900000000000015,7.9
33982,17,22,11,2010,3.8350000000000004,8.02,5.62,7.0200000000000005
33983,17,23,11,2010,2.595,8.8,3.68,6.49
33984,18,0,11,2010,1.9408333333333332,9.74,3.96,7.19
33985,18,1,11,2010,1.2241666666666668,9.28,3.95,7.1400000000000015
33986,18,2,11,2010,0.8016666666666667,8.36,3.23,6.34
33987,18,3,11,2010,0.4266666666666666,8.31,2.86,5.8500000000000005
33988,18,4,11,2010,0.10583333333333333,6.1000000000000005,2.47,5.08
33989,18,5,11,2010,-0.085,6.07,2.98,5.17
33990,18,6,11,2010,-0.24583333333333332,6.2700000000000005,2.91,5.51
33991,18,7,11,2010,-0.5975,6.18,2.73,5.15
33992,18,8,11,2010,-0.9225000000000002,5.63,2.4,4.57
33993,18,9,11,2010,-1.305,5.17,2.25,4.25
33994,18,10,11,2010,-1.5966666666666667,4.53,1.9,3.52
33995,18,11,11,2010,-1.7225,3.59,0.76,2.3000000000000003
33996,18,12,11,2010,-1.7533333333333332,2.73,0.74,1.71
33997,18,13,11,2010,-1.7866666666666668,2.35,0.53,1.42
33998,18,14,11,2010,-1.1216666666666668,2.09,1.05,1.17
33999,18,15,11,2010,0.5308333333333334,2.09,1.6,1.86
34000,18,16,11,2010,2.1833333333333336,3.23,2.59,3.04
34001,18,17,11,2010,3.185,4.2,3.21,3.84
34002,18,18,11,2010,4.110833333333333,5.07,3.78,4.58
34003,18,19,11,2010,4.905,5.88,4.36,5.3100000000000005
34004,18,20,11,2010,5.3999999999999995,6.97,5.05,6.23
34005,18,21,11,2010,5.38,7.57,5.28,6.65
34006,18,22,11,2010,4.345833333333333,9.97,4.79,7.33
34007,18,23,11,2010,2.783333333333333,11.89,5.2,8.33
34008,19,0,11,2010,2.1583333333333337,13.17,6.1400000000000015,9.28
34009,19,1,11,2010,1.9816666666666665,13.52,6.62,9.75
34010,19,2,11,2010,1.7699999999999998,14.68,7.58,10.82
34011,19,3,11,2010,1.6900000000000002,15.43,8.06,11.4
34012,19,4,11,2010,1.6108333333333331,15.85,8.68,12.09
34013,19,5,11,2010,1.594166666666667,16.580000000000002,9.25,12.72
34014,19,6,11,2010,1.5175,16.13,9.02,12.42
34015,19,7,11,2010,1.6683333333333332,15.94,8.870000000000003,12.26
34016,19,8,11,2010,1.6916666666666667,16.6,9.49,12.95
34017,19,9,11,2010,1.4649999999999996,15.56,8.72,11.92
34018,19,10,11,2010,1.2550000000000001,15.76,8.91,12.15
34019,19,11,11,2010,1.3775000000000002,15.35,8.370000000000001,11.58
34020,19,12,11,2010,1.6108333333333336,16.05,8.88,12.2
34021,19,13,11,2010,1.7325,16.28,9.26,12.61
34022,19,14,11,2010,2.1675,14.53,7.63,10.75
34023,19,15,11,2010,3.8275,9.3,5.46,6.91
34024,19,16,11,2010,5.4941666666666675,7.35,5.3100000000000005,6.45
34025,19,17,11,2010,6.632500000000001,5.51,4.18,5.04
34026,19,18,11,2010,7.636666666666667,3.86,2.98,3.56
34027,19,19,11,2010,8.435833333333333,2.01,1.6,1.87
34028,19,20,11,2010,8.963333333333333,0.8,0.66,0.75
34029,19,21,11,2010,9.164166666666667,2.05,1.75,2.04
34030,19,22,11,2010,8.255,4.1,2.45,4.12
34031,19,23,11,2010,6.5225,7.55,3.36,6.3
34032,20,0,11,2010,4.685833333333334,8.47,3.47,6.6400000000000015
34033,20,1,11,2010,3.6908333333333334,9.93,3.68,6.87
34034,20,2,11,2010,2.9850000000000008,10.26,3.72,6.8500000000000005
34035,20,3,11,2010,2.2575000000000003,10.28,3.84,6.74
34036,20,4,11,2010,1.4866666666666666,10.28,4.17,6.72
34037,20,5,11,2010,0.7108333333333334,9.75,5.08,6.8500000000000005
34038,20,6,11,2010,0.038333333333333316,9.88,4.42,6.41
34039,20,7,11,2010,-0.5391666666666667,9.86,4.48,6.46
34040,20,8,11,2010,-0.835,9.29,4.84,6.63
34041,20,9,11,2010,-1.11,9.17,5.07,6.8500000000000005
34042,20,10,11,2010,-1.3525,9.31,5.32,7.11
34043,20,11,11,2010,-1.5666666666666664,9.4,5.51,7.26
34044,20,12,11,2010,-1.8133333333333332,9.24,5.51,7.24
34045,20,13,11,2010,-1.9941666666666666,9.25,5.6000000000000005,7.28
34046,20,14,11,2010,-1.7683333333333333,9.29,5.83,7.05
34047,20,15,11,2010,-0.6791666666666667,7.57,5.66,6.8
34048,20,16,11,2010,0.9100000000000001,6.86,5.44,6.44
34049,20,17,11,2010,1.9241666666666664,6.2700000000000005,4.95,5.88
34050,20,18,11,2010,2.7325,6.1000000000000005,4.74,5.67
34051,20,19,11,2010,3.4999999999999996,5.98,4.67,5.57
34052,20,20,11,2010,4.711666666666667,5.16,3.97,4.75
34053,20,21,11,2010,6.232500000000001,4.51,3.43,4.11
34054,20,22,11,2010,5.862500000000001,5.96,3.3200000000000003,5.0200000000000005
34055,20,23,11,2010,4.6866666666666665,7.24,3.67,5.33
34056,21,0,11,2010,5.0841666666666665,7.57,3.81,5.51
34057,21,1,11,2010,5.503333333333333,7.87,3.51,5.29
34058,21,2,11,2010,5.724166666666666,7.87,3.38,5.23
34059,21,3,11,2010,5.474166666666666,7.68,2.68,5.18
34060,21,4,11,2010,6.316666666666666,7.76,2.22,4.24
34061,21,5,11,2010,7.7633333333333345,9.74,4.91,7.08
34062,21,6,11,2010,8.848333333333334,8.91,4.55,6.58
34063,21,7,11,2010,9.274166666666666,11.19,6.5,8.790000000000001
34064,21,8,11,2010,8.990833333333331,11.47,6.13,8.94
34065,21,9,11,2010,8.975833333333332,6.32,2.51,4.29
34066,21,10,11,2010,8.598333333333334,6.23,1.09,2.71
34067,21,11,11,2010,8.318333333333335,3.81,0.47,1.26
34068,21,12,11,2010,8.383333333333333,4.29,0.26,1.32
34069,21,13,11,2010,9.007500000000002,6.87,0.75,2.23
34070,21,14,11,2010,9.134166666666667,7.73,2.35,3.83
34071,21,15,11,2010,9.620833333333335,7.71,2.45,3.88
34072,21,16,11,2010,9.626666666666669,5.76,2.64,3.7
34073,21,17,11,2010,9.705833333333333,6.48,2.78,3.75
34074,21,18,11,2010,10.647500000000003,6.2,4.68,5.6000000000000005
34075,21,19,11,2010,11.221666666666666,6.28,4.63,5.61
34076,21,20,11,2010,10.787500000000001,5.48,4.33,5.12
34077,21,21,11,2010,8.217500000000001,6.13,5.0200000000000005,5.93
34078,21,22,11,2010,5.880833333333334,7.58,5.04,6.03
34079,21,23,11,2010,4.300833333333334,8.26,4.64,6.34
34080,22,0,11,2010,3.3533333333333335,8.33,4.64,6.41
34081,22,1,11,2010,2.9158333333333335,8.59,3.83,5.78
34082,22,2,11,2010,3.18,8.65,4.79,6.07
34083,22,3,11,2010,2.915833333333333,7.11,5.19,6.33
34084,22,4,11,2010,1.755,7.05,5.55,6.58
34085,22,5,11,2010,0.8516666666666665,6.75,4.28,5.62
34086,22,6,11,2010,1.2025,4.93,3.9,4.54
34087,22,7,11,2010,1.4525,5.07,4.01,4.63
34088,22,8,11,2010,1.6124999999999998,4.67,3.6,4.19
34089,22,9,11,2010,1.9041666666666666,3.82,3.23,3.63
34090,22,10,11,2010,2.0533333333333332,3.31,2.85,3.18
34091,22,11,11,2010,2.209166666666667,2.71,2.83,3.14
34092,22,12,11,2010,2.1508333333333334,3.36,3.11,3.52
34093,22,13,11,2010,2.0749999999999997,4.47,3.49,4.05
34094,22,14,11,2010,1.8541666666666667,5.82,4.32,5.1000000000000005
34095,22,15,11,2010,1.68,6.67,5.12,6.19
34096,22,16,11,2010,1.2166666666666666,7.43,5.64,6.82
34097,22,17,11,2010,0.8941666666666667,7.49,5.65,6.87
34098,22,18,11,2010,1.5708333333333335,5.8,4.38,5.24
34099,22,19,11,2010,3.3249999999999997,6.03,4.42,5.32
34100,22,20,11,2010,5.088333333333334,5.88,4.32,5.24
34101,22,21,11,2010,5.482500000000001,5.59,4.13,5.04
34102,22,22,11,2010,4.751666666666666,6.3900000000000015,3.73,4.75
34103,22,23,11,2010,3.265,6.84,3.12,5.75
34104,23,0,11,2010,2.400833333333333,7.11,3.24,5.97
34105,23,1,11,2010,1.4833333333333332,6.62,2.91,5.67
34106,23,2,11,2010,0.6983333333333334,6.5600000000000005,2.78,5.53
34107,23,3,11,2010,0.009166666666666656,6.0,2.47,4.7
34108,23,4,11,2010,-0.7483333333333332,6.3900000000000015,2.43,4.41
34109,23,5,11,2010,-1.2225,7.97,2.58,5.25
34110,23,6,11,2010,-1.6816666666666669,8.83,3.15,5.46
34111,23,7,11,2010,-2.4091666666666667,9.53,4.61,6.49
34112,23,8,11,2010,-3.1775,8.89,4.83,6.59
34113,23,9,11,2010,-3.7975,7.82,4.26,5.8
34114,23,10,11,2010,-4.2975,6.6000000000000005,3.92,5.18
34115,23,11,11,2010,-4.788333333333333,6.37,3.97,5.12
34116,23,12,11,2010,-5.155,5.41,3.48,4.44
34117,23,13,11,2010,-5.4925,5.13,3.29,4.25
34118,23,14,11,2010,-5.5275,3.99,2.98,3.53
34119,23,15,11,2010,-4.977500000000001,4.12,3.31,3.88
34120,23,16,11,2010,-3.9175,4.04,3.31,3.85
34121,23,17,11,2010,-2.5191666666666666,3.6,2.96,3.43
34122,23,18,11,2010,-1.2116666666666667,3.87,3.15,3.65
34123,23,19,11,2010,-0.15749999999999995,4.0,3.23,3.76
34124,23,20,11,2010,0.5833333333333334,4.72,3.75,4.43
34125,23,21,11,2010,1.0333333333333334,5.5600000000000005,4.19,5.09
34126,23,22,11,2010,0.4216666666666667,7.57,4.32,6.44
34127,23,23,11,2010,-1.0883333333333332,10.66,3.93,7.1000000000000005
34128,24,0,11,2010,-1.274166666666667,11.84,5.01,8.06
34129,24,1,11,2010,-1.586666666666667,12.17,5.8100000000000005,8.38
34130,24,2,11,2010,-1.8683333333333334,12.84,6.41,9.12
34131,24,3,11,2010,-1.9233333333333336,13.05,6.34,9.14
34132,24,4,11,2010,-1.7733333333333334,13.1,6.51,9.23
34133,24,5,11,2010,-1.6483333333333334,13.32,7.35,10.07
34134,24,6,11,2010,-1.2158333333333333,13.47,7.83,10.39
34135,24,7,11,2010,-0.8991666666666666,13.38,7.91,10.57
34136,24,8,11,2010,-0.021666666666666667,13.45,8.59,11.01
34137,24,9,11,2010,1.2516666666666667,13.4,8.8,11.21
34138,24,10,11,2010,1.5566666666666666,12.91,8.21,10.68
34139,24,11,11,2010,2.0166666666666666,13.03,8.08,10.54
34140,24,12,11,2010,2.2283333333333335,12.81,7.97,10.27
34141,24,13,11,2010,2.424166666666667,12.87,7.77,10.28
34142,24,14,11,2010,2.839166666666666,13.81,8.43,11.07
34143,24,15,11,2010,3.809999999999999,13.72,8.41,10.99
34144,24,16,11,2010,4.995,12.74,7.92,10.17
34145,24,17,11,2010,5.8125,10.53,6.43,8.64
34146,24,18,11,2010,6.850833333333334,10.59,6.57,8.700000000000001
34147,24,19,11,2010,8.01,9.41,5.97,7.87
34148,24,20,11,2010,8.847499999999998,8.620000000000001,5.43,6.62
34149,24,21,11,2010,8.022500000000003,5.89,3.51,4.5
34150,24,22,11,2010,7.203333333333333,5.18,2.4,3.42
34151,24,23,11,2010,5.995833333333333,15.48,10.11,13.06
34152,25,0,11,2010,1.7833333333333332,15.33,10.46,13.21
34153,25,1,11,2010,-1.1208333333333333,14.97,9.3,12.08
34154,25,2,11,2010,-2.5766666666666667,15.55,9.78,12.72
34155,25,3,11,2010,-4.045,14.69,9.6,12.21
34156,25,4,11,2010,-4.848333333333334,14.37,9.41,11.94
34157,25,5,11,2010,-5.448333333333334,13.11,8.58,10.83
34158,25,6,11,2010,-5.9316666666666675,12.54,8.44,10.6
34159,25,7,11,2010,-6.199166666666666,11.98,8.120000000000001,10.29
34160,25,8,11,2010,-6.469166666666667,10.22,6.98,8.73
34161,25,9,11,2010,-6.626666666666668,9.2,6.4,7.98
34162,25,10,11,2010,-6.7558333333333325,8.28,5.8,7.17
34163,25,11,11,2010,-6.9025,7.72,5.22,6.51
34164,25,12,11,2010,-6.946666666666666,7.19,4.7700000000000005,5.97
34165,25,13,11,2010,-6.820833333333333,6.09,3.71,4.78
34166,25,14,11,2010,-6.367500000000001,5.66,3.79,4.75
34167,25,15,11,2010,-5.458333333333333,5.11,3.84,4.61
34168,25,16,11,2010,-4.1016666666666675,6.34,4.71,5.67
34169,25,17,11,2010,-2.6691666666666674,7.36,5.38,6.5200000000000005
34170,25,18,11,2010,-1.4183333333333337,9.09,6.5,7.98
34171,25,19,11,2010,-0.9925,9.1,6.44,7.95
34172,25,20,11,2010,-0.745,9.77,6.86,8.52
34173,25,21,11,2010,-0.9858333333333332,9.67,6.75,8.42
34174,25,22,11,2010,-1.9675000000000002,7.88,5.29,6.73
34175,25,23,11,2010,-3.140833333333333,10.03,3.92,6.75
34176,26,0,11,2010,-3.456666666666667,9.27,3.97,6.71
34177,26,1,11,2010,-3.660833333333333,9.73,4.36,7.16
34178,26,2,11,2010,-3.986666666666667,9.38,4.07,6.67
34179,26,3,11,2010,-3.8183333333333334,9.84,4.18,6.8500000000000005
34180,26,4,11,2010,-4.104166666666665,9.25,4.0200000000000005,6.43
34181,26,5,11,2010,-4.1775,9.94,4.95,7.33
34182,26,6,11,2010,-4.0525,10.87,5.22,7.78
34183,26,7,11,2010,-4.0525,10.87,5.18,7.76
34184,26,8,11,2010,-4.489999999999999,11.21,5.29,7.86
34185,26,9,11,2010,-4.365,11.93,5.75,8.47
34186,26,10,11,2010,-4.294166666666667,11.96,6.2,8.78
34187,26,11,11,2010,-4.22,11.8,6.2,8.78
34188,26,12,11,2010,-4.245,12.65,5.95,8.66
34189,26,13,11,2010,-3.994999999999999,13.3,6.38,9.17
34190,26,14,11,2010,-2.8575000000000004,13.46,7.32,9.71
34191,26,15,11,2010,-0.5716666666666667,11.56,7.24,9.51
34192,26,16,11,2010,0.7999999999999999,8.540000000000001,6.15,7.43
34193,26,17,11,2010,2.714166666666667,8.19,6.03,7.38
34194,26,18,11,2010,4.110833333333334,9.3,6.72,8.25
34195,26,19,11,2010,5.362500000000001,9.41,6.78,8.34
34196,26,20,11,2010,6.053333333333334,9.18,6.46,8.040000000000001
34197,26,21,11,2010,5.895,9.97,6.28,7.9
34198,26,22,11,2010,4.335,11.79,4.87,8.64
34199,26,23,11,2010,2.876666666666667,12.95,5.2700000000000005,9.72
34200,27,0,11,2010,1.8383333333333332,14.04,5.6000000000000005,9.88
34201,27,1,11,2010,1.1775,14.63,5.55,9.87
34202,27,2,11,2010,0.6383333333333335,13.26,5.16,9.01
34203,27,3,11,2010,-0.29083333333333333,12.82,4.43,8.28
34204,27,4,11,2010,-0.15666666666666665,11.41,4.09,7.95
34205,27,5,11,2010,-0.5283333333333333,9.37,3.92,7.3900000000000015
34206,27,6,11,2010,-0.665,7.9,3.86,6.63
34207,27,7,11,2010,-0.08333333333333333,6.49,3.89,5.94
34208,27,8,11,2010,-0.805,6.2700000000000005,3.83,5.74
34209,27,9,11,2010,-0.85,5.78,3.66,5.74
34210,27,10,11,2010,-0.7925,4.8,3.51,5.33
34211,27,11,11,2010,-1.5199999999999998,4.01,3.35,4.92
34212,27,12,11,2010,-1.9566666666666663,3.2,2.97,4.11
34213,27,13,11,2010,-2.0658333333333334,3.3000000000000003,2.98,4.2
34214,27,14,11,2010,-1.711666666666667,3.0500000000000003,3.04,3.99
34215,27,15,11,2010,0.8183333333333334,3.18,2.36,3.59
34216,27,16,11,2010,3.189166666666667,3.06,1.88,2.16
34217,27,17,11,2010,5.136666666666667,3.13,2.44,2.89
34218,27,18,11,2010,6.880833333333334,3.75,2.96,3.5
34219,27,19,11,2010,8.055000000000001,4.41,3.39,4.07
34220,27,20,11,2010,8.81,5.18,3.74,4.57
34221,27,21,11,2010,8.051666666666668,7.2,3.26,5.59
34222,27,22,11,2010,5.909166666666667,10.37,4.49,8.19
34223,27,23,11,2010,4.4991666666666665,12.31,5.62,9.31
34224,28,0,11,2010,4.235,14.0,6.65,10.45
34225,28,1,11,2010,4.0058333333333325,14.82,7.13,11.0
34226,28,2,11,2010,3.91,15.28,7.26,11.08
34227,28,3,11,2010,3.3458333333333337,16.29,7.32,11.22
34228,28,4,11,2010,3.443333333333334,16.7,7.44,11.45
34229,28,5,11,2010,2.931666666666667,16.91,7.82,11.6
34230,28,6,11,2010,3.1149999999999998,16.93,8.51,12.25
34231,28,7,11,2010,2.4775,16.75,8.27,11.93
34232,28,8,11,2010,2.3649999999999998,16.65,8.38,11.99
34233,28,9,11,2010,1.9708333333333332,16.71,8.46,12.1
34234,28,10,11,2010,1.7358333333333331,16.490000000000002,8.36,12.01
34235,28,11,11,2010,1.5808333333333333,16.86,8.64,12.36
34236,28,12,11,2010,1.2291666666666665,16.7,8.85,12.46
34237,28,13,11,2010,0.7183333333333334,17.18,9.19,12.85
34238,28,14,11,2010,1.6524999999999999,17.240000000000002,10.43,13.76
34239,28,15,11,2010,4.5575,17.580000000000002,11.35,14.79
34240,28,16,11,2010,5.548333333333333,15.25,9.85,12.35
34241,28,17,11,2010,6.830000000000001,14.82,10.5,13.07
34242,28,18,11,2010,8.1,16.03,11.19,14.04
34243,28,19,11,2010,8.890833333333335,17.06,11.81,14.98
34244,28,20,11,2010,9.513333333333332,17.54,12.14,15.47
34245,28,21,11,2010,9.4475,17.43,11.52,14.84
34246,28,22,11,2010,8.516666666666667,18.37,10.9,14.54
34247,28,23,11,2010,7.56,19.55,11.34,15.42
34248,29,0,11,2010,7.140833333333334,20.54,12.17,16.43
34249,29,1,11,2010,6.715833333333332,20.35,11.94,16.240000000000002
34250,29,2,11,2010,6.170000000000002,19.31,11.34,15.42
34251,29,3,11,2010,5.9174999999999995,18.7,10.79,14.76
34252,29,4,11,2010,5.757500000000001,18.76,10.86,14.88
34253,29,5,11,2010,5.809166666666667,18.29,10.59,14.51
34254,29,6,11,2010,6.541666666666667,17.66,11.05,14.6
34255,29,7,11,2010,7.289166666666666,17.43,10.98,14.45
34256,29,8,11,2010,7.660833333333333,15.71,9.69,12.83
34257,29,9,11,2010,8.140833333333333,15.73,9.46,12.74
34258,29,10,11,2010,8.455833333333333,17.02,10.74,14.11
34259,29,11,11,2010,8.570833333333335,16.23,10.18,13.36
34260,29,12,11,2010,8.465833333333332,14.95,9.37,12.27
34261,29,13,11,2010,8.587500000000002,12.87,7.56,10.11
34262,29,14,11,2010,8.786666666666667,13.66,8.21,10.98
34263,29,15,11,2010,8.9625,11.74,7.35,9.63
34264,29,16,11,2010,10.22,11.91,8.05,10.13
34265,29,17,11,2010,10.932499999999997,10.77,7.63,9.51
34266,29,18,11,2010,11.295833333333334,10.73,7.61,9.48
34267,29,19,11,2010,10.179999999999998,10.79,8.01,9.85
34268,29,20,11,2010,4.6275,11.69,8.65,10.64
34269,29,21,11,2010,0.7458333333333335,11.8,8.59,10.62
34270,29,22,11,2010,-0.7374999999999999,11.78,8.32,10.4
34271,29,23,11,2010,-1.47,11.93,8.33,10.46
34272,30,0,11,2010,-1.3616666666666666,11.99,7.88,9.92
34273,30,1,11,2010,-1.6675000000000002,15.0,9.7,12.61
34274,30,2,11,2010,-2.663333333333333,14.85,9.55,12.43
34275,30,3,11,2010,-3.335833333333334,14.9,9.73,12.61
34276,30,4,11,2010,-3.848333333333334,14.36,9.44,12.18
34277,30,5,11,2010,-4.202500000000001,13.84,9.39,11.98
34278,30,6,11,2010,-4.4975,14.02,9.51,12.13
34279,30,7,11,2010,-4.7525,14.15,9.66,12.29
34280,30,8,11,2010,-4.949166666666667,13.97,9.55,12.14
34281,30,9,11,2010,-5.020833333333334,13.79,9.4,11.95
34282,30,10,11,2010,-5.1675,13.7,9.32,11.86
34283,30,11,11,2010,-5.470833333333334,13.64,9.13,11.69
34284,30,12,11,2010,-5.758333333333334,13.27,8.78,11.27
34285,30,13,11,2010,-5.985833333333333,14.1,8.870000000000003,11.55
34286,30,14,11,2010,-6.033333333333332,14.19,9.78,12.4
34287,30,15,11,2010,-5.746666666666666,14.07,9.72,12.31
34288,30,16,11,2010,-5.1450000000000005,13.64,9.6,12.07
34289,30,17,11,2010,-4.329999999999999,13.11,9.27,11.62
34290,30,18,11,2010,-3.3783333333333325,12.53,8.84,11.09
34291,30,19,11,2010,-2.584166666666667,12.44,8.8,11.02
34292,30,20,11,2010,-1.9816666666666667,12.04,8.55,10.68
34293,30,21,11,2010,-1.7916666666666663,11.9,8.17,10.39
34294,30,22,11,2010,-2.228333333333333,11.71,7.98,10.19
34295,30,23,11,2010,-3.296666666666667,11.26,5.0,7.82
34296,1,0,12,2010,-3.346666666666667,12.27,6.09,8.99
34297,1,1,12,2010,-3.4899999999999998,12.34,6.15,9.03
34298,1,2,12,2010,-3.888333333333333,12.02,5.86,8.68
34299,1,3,12,2010,-4.365833333333334,11.48,5.23,7.98
34300,1,4,12,2010,-4.533333333333334,15.37,8.77,11.92
34301,1,5,12,2010,-5.064166666666666,13.13,7.19,9.91
34302,1,6,12,2010,-5.4675,12.69,7.44,10.13
34303,1,7,12,2010,-5.87,11.56,6.41,8.92
34304,1,8,12,2010,-6.178333333333335,11.32,5.74,8.2
34305,1,9,12,2010,-6.487500000000001,11.46,6.23,8.78
34306,1,10,12,2010,-6.833333333333333,11.45,6.3900000000000015,8.9
34307,1,11,12,2010,-7.176666666666667,11.03,5.36,7.82
34308,1,12,12,2010,-7.425000000000001,9.83,4.58,6.8
34309,1,13,12,2010,-7.713333333333334,9.67,4.3,6.6000000000000005
34310,1,14,12,2010,-7.338333333333334,9.43,4.69,6.44
34311,1,15,12,2010,-6.424166666666667,6.58,4.7,5.75
34312,1,16,12,2010,-5.256666666666667,6.18,4.58,5.58
34313,1,17,12,2010,-3.9450000000000003,5.44,4.14,4.97
34314,1,18,12,2010,-2.6258333333333335,5.5,4.18,5.0200000000000005
34315,1,19,12,2010,-1.4266666666666665,5.12,3.87,4.65
34316,1,20,12,2010,-0.5508333333333333,5.16,3.88,4.69
34317,1,21,12,2010,-0.09750000000000002,4.7,3.49,4.23
34318,1,22,12,2010,-0.8200000000000002,4.5,2.88,3.77
34319,1,23,12,2010,-1.8358333333333334,4.75,1.96,3.9
34320,2,0,12,2010,-1.8808333333333334,5.78,3.13,5.1000000000000005
34321,2,1,12,2010,-1.9441666666666666,6.0600000000000005,3.16,5.29
34322,2,2,12,2010,-1.9341666666666668,6.91,3.66,5.96
34323,2,3,12,2010,-1.7291666666666667,6.8900000000000015,3.6,5.89
34324,2,4,12,2010,-0.8708333333333332,6.95,3.3200000000000003,5.19
34325,2,5,12,2010,-0.44416666666666677,7.2,3.16,4.91
34326,2,6,12,2010,-0.2166666666666667,7.1400000000000015,3.3200000000000003,5.01
34327,2,7,12,2010,-0.18249999999999997,7.22,3.31,5.0
34328,2,8,12,2010,0.023333333333333334,8.1,3.52,5.48
34329,2,9,12,2010,0.44416666666666665,10.36,5.8,7.96
34330,2,10,12,2010,0.01583333333333333,12.89,7.05,9.92
34331,2,11,12,2010,-1.3483333333333334,12.8,6.96,9.81
34332,2,12,12,2010,-2.0974999999999997,10.15,4.3100000000000005,7.21
34333,2,13,12,2010,-1.64,10.42,5.68,8.21
34334,2,14,12,2010,-0.8316666666666667,10.44,5.84,8.15
34335,2,15,12,2010,0.8716666666666667,9.27,5.14,7.04
34336,2,16,12,2010,2.9533333333333336,7.03,4.18,4.87
34337,2,17,12,2010,4.926666666666667,4.46,3.41,4.04
34338,2,18,12,2010,6.140833333333334,5.12,3.76,4.5600000000000005
34339,2,19,12,2010,6.932500000000001,5.67,4.15,5.08
34340,2,20,12,2010,7.194166666666668,6.16,4.46,5.51
34341,2,21,12,2010,6.838333333333334,6.29,4.54,5.62
34342,2,22,12,2010,5.229166666666667,6.87,3.0500000000000003,5.38
34343,2,23,12,2010,3.67,7.19,2.92,6.07
34344,3,0,12,2010,2.3441666666666667,7.29,2.66,5.33
34345,3,1,12,2010,0.9850000000000002,7.38,2.69,5.42
34346,3,2,12,2010,-0.39250000000000007,7.62,2.51,5.18
34347,3,3,12,2010,-1.125,7.88,1.95,5.1000000000000005
34348,3,4,12,2010,-1.5616666666666665,7.6,2.09,5.13
34349,3,5,12,2010,-1.9341666666666668,6.33,2.34,4.79
34350,3,6,12,2010,-2.3625000000000003,6.41,2.44,4.98
34351,3,7,12,2010,-2.6925000000000003,4.86,1.25,3.41
34352,3,8,12,2010,-2.9199999999999995,5.2700000000000005,1.27,3.56
34353,3,9,12,2010,-3.174166666666667,7.05,2.77,4.95
34354,3,10,12,2010,-3.2774999999999994,8.01,3.53,5.53
34355,3,11,12,2010,-3.19,8.83,3.99,6.1000000000000005
34356,3,12,12,2010,-3.0675000000000003,9.49,4.23,6.46
34357,3,13,12,2010,-3.1291666666666664,10.17,4.59,6.86
34358,3,14,12,2010,-2.5308333333333333,10.19,5.39,7.19
34359,3,15,12,2010,-1.1616666666666664,9.01,5.14,6.29
34360,3,16,12,2010,1.024166666666667,7.24,5.53,6.62
34361,3,17,12,2010,2.9425000000000003,7.85,5.95,7.16
34362,3,18,12,2010,4.580000000000001,7.88,5.97,7.19
34363,3,19,12,2010,5.813333333333333,7.79,5.83,7.03
34364,3,20,12,2010,6.464166666666666,8.32,6.13,7.49
34365,3,21,12,2010,6.354166666666668,8.23,5.44,6.72
34366,3,22,12,2010,4.756666666666667,10.44,4.59,7.47
34367,3,23,12,2010,2.664166666666667,10.29,3.3200000000000003,6.99
34368,4,0,12,2010,1.3933333333333333,10.7,3.13,6.67
34369,4,1,12,2010,1.8008333333333333,11.08,4.01,7.4
34370,4,2,12,2010,1.8308333333333335,10.39,3.81,7.25
34371,4,3,12,2010,1.1408333333333334,7.26,3.27,6.5200000000000005
34372,4,4,12,2010,0.7316666666666668,6.3100000000000005,2.52,4.46
34373,4,5,12,2010,1.449166666666667,15.8,7.15,10.62
34374,4,6,12,2010,1.1333333333333335,16.98,9.76,13.22
34375,4,7,12,2010,-0.1725,14.14,6.83,9.92
34376,4,8,12,2010,-0.8683333333333333,15.45,8.5,11.82
34377,4,9,12,2010,-1.7283333333333328,15.8,9.13,12.4
34378,4,10,12,2010,-2.5416666666666665,15.61,9.05,12.25
34379,4,11,12,2010,-3.305,14.52,8.36,11.31
34380,4,12,12,2010,-4.0391666666666675,13.56,7.72,10.47
34381,4,13,12,2010,-4.750000000000001,12.57,7.2,9.7
34382,4,14,12,2010,-4.995833333333333,12.52,8.6,10.78
34383,4,15,12,2010,-4.644166666666667,12.63,9.01,11.21
34384,4,16,12,2010,-3.9666666666666672,12.06,8.57,10.67
34385,4,17,12,2010,-3.185833333333333,11.69,8.45,10.42
34386,4,18,12,2010,-2.3783333333333334,11.6,8.36,10.34
34387,4,19,12,2010,-1.755,11.0,7.91,9.77
34388,4,20,12,2010,-1.4158333333333333,10.73,7.71,9.53
34389,4,21,12,2010,-1.4349999999999998,10.64,7.63,9.45
34390,4,22,12,2010,-2.1125000000000003,10.61,7.16,8.99
34391,4,23,12,2010,-2.9633333333333334,12.23,6.65,9.36
34392,5,0,12,2010,-3.6166666666666667,12.08,6.61,9.26
34393,5,1,12,2010,-4.225,12.62,6.19,8.85
34394,5,2,12,2010,-4.755,12.31,6.15,8.75
34395,5,3,12,2010,-5.2250000000000005,11.09,5.23,7.48
34396,5,4,12,2010,-5.590000000000001,10.5,5.46,7.6400000000000015
34397,5,5,12,2010,-5.917500000000001,10.32,5.46,7.56
34398,5,6,12,2010,-6.301666666666667,9.74,5.25,7.28
34399,5,7,12,2010,-6.702500000000001,9.88,5.41,7.48
34400,5,8,12,2010,-7.140833333333333,9.38,5.05,7.05
34401,5,9,12,2010,-7.5775,8.35,4.19,6.08
34402,5,10,12,2010,-7.9725,8.11,4.3500000000000005,6.13
34403,5,11,12,2010,-8.3375,8.68,4.99,6.8100000000000005
34404,5,12,12,2010,-8.730833333333335,8.870000000000003,5.05,6.9
34405,5,13,12,2010,-9.127500000000001,8.66,4.76,6.61
34406,5,14,12,2010,-9.060833333333335,8.4,4.8500000000000005,6.32
34407,5,15,12,2010,-8.2975,6.83,4.8500000000000005,5.95
34408,5,16,12,2010,-7.215833333333335,6.0,4.53,5.47
34409,5,17,12,2010,-6.061666666666667,6.05,4.55,5.5
34410,5,18,12,2010,-4.964166666666666,6.0200000000000005,4.55,5.49
34411,5,19,12,2010,-4.059166666666666,6.0,4.53,5.47
34412,5,20,12,2010,-3.4258333333333333,6.0,4.46,5.43
34413,5,21,12,2010,-3.206666666666667,6.46,4.74,5.8100000000000005
34414,5,22,12,2010,-3.8241666666666667,6.8100000000000005,4.61,5.73
34415,5,23,12,2010,-4.774166666666667,7.04,3.17,5.84
34416,6,0,12,2010,-4.985833333333334,6.99,3.17,5.73
34417,6,1,12,2010,-5.215833333333333,7.51,3.13,5.69
34418,6,2,12,2010,-5.335000000000001,8.040000000000001,3.78,6.38
34419,6,3,12,2010,-5.329166666666667,7.96,3.85,6.41
34420,6,4,12,2010,-5.6925,7.54,3.49,6.16
34421,6,5,12,2010,-6.065,7.19,3.18,6.01
34422,6,6,12,2010,-6.503333333333334,6.55,2.76,5.68
34423,6,7,12,2010,-6.862500000000001,5.72,2.69,5.3
34424,6,8,12,2010,-7.205000000000002,4.88,3.1,4.74
34425,6,9,12,2010,-7.566666666666666,4.72,3.43,4.83
34426,6,10,12,2010,-7.620833333333334,5.72,3.89,5.74
34427,6,11,12,2010,-7.630833333333334,6.2700000000000005,3.99,6.01
34428,6,12,12,2010,-7.708333333333333,7.17,4.28,6.5
34429,6,13,12,2010,-7.743333333333333,7.76,4.3500000000000005,6.7
34430,6,14,12,2010,-7.315833333333334,7.83,4.55,6.74
34431,6,15,12,2010,-5.7475,7.25,4.04,5.41
34432,6,16,12,2010,-3.6658333333333335,5.24,3.14,3.56
34433,6,17,12,2010,-1.8241666666666667,3.39,2.72,3.18
34434,6,18,12,2010,-0.5991666666666666,3.56,2.74,3.27
34435,6,19,12,2010,0.18916666666666668,4.0,3.08,3.68
34436,6,20,12,2010,0.6616666666666666,4.03,3.09,3.7
34437,6,21,12,2010,0.6808333333333333,3.79,2.91,3.49
34438,6,22,12,2010,-0.5791666666666667,3.72,1.95,3.31
34439,6,23,12,2010,-1.9708333333333334,3.72,1.41,3.31
34440,7,0,12,2010,-2.495,3.59,1.33,2.63
34441,7,1,12,2010,-2.875,3.14,0.94,2.08
34442,7,2,12,2010,-3.0925,2.93,0.71,1.79
34443,7,3,12,2010,-3.2991666666666664,2.87,0.7000000000000001,1.82
34444,7,4,12,2010,-3.6424999999999996,2.77,0.63,1.62
34445,7,5,12,2010,-4.216666666666666,3.14,0.74,1.91
34446,7,6,12,2010,-4.891666666666667,3.42,0.85,2.07
34447,7,7,12,2010,-5.715833333333333,4.03,1.31,2.72
34448,7,8,12,2010,-6.430833333333333,5.11,1.72,3.59
34449,7,9,12,2010,-6.912500000000001,4.98,1.45,3.31
34450,7,10,12,2010,-7.266666666666667,4.24,1.42,2.93
34451,7,11,12,2010,-7.826666666666667,4.5600000000000005,1.61,3.35
34452,7,12,12,2010,-8.315,4.5200000000000005,1.72,3.44
34453,7,13,12,2010,-8.749999999999998,4.5600000000000005,1.72,3.45
34454,7,14,12,2010,-8.495,4.28,1.75,2.88
34455,7,15,12,2010,-7.010833333333333,3.97,1.84,2.25
34456,7,16,12,2010,-5.2941666666666665,2.41,1.88,2.17
34457,7,17,12,2010,-3.888333333333333,2.37,1.99,2.29
34458,7,18,12,2010,-2.8433333333333333,2.54,2.22,2.51
34459,7,19,12,2010,-2.1141666666666667,2.92,2.48,2.86
34460,7,20,12,2010,-1.61,2.97,2.48,2.87
34461,7,21,12,2010,-1.4891666666666665,3.12,2.51,2.97
34462,7,22,12,2010,-2.2925,3.5700000000000003,2.42,3.16
34463,7,23,12,2010,-3.5216666666666665,3.75,1.36,3.21
34464,8,0,12,2010,-3.739166666666667,3.45,0.84,3.01
34465,8,1,12,2010,-3.4825,3.15,0.81,2.01
34466,8,2,12,2010,-3.9500000000000006,2.87,0.43,1.71
34467,8,3,12,2010,-4.471666666666667,2.48,0.56,1.48
34468,8,4,12,2010,-4.8275,2.43,0.54,1.46
34469,8,5,12,2010,-5.086666666666667,2.06,0.39,1.14
34470,8,6,12,2010,-5.3308333333333335,1.45,0.25,0.78
34471,8,7,12,2010,-5.629166666666666,1.06,0.44,0.62
34472,8,8,12,2010,-5.906666666666667,0.56,0.64,0.37
34473,8,9,12,2010,-6.024166666666667,0.8200000000000001,1.11,1.31
34474,8,10,12,2010,-6.136666666666667,1.55,1.64,2.5
34475,8,11,12,2010,-6.135833333333333,2.94,1.86,3.06
34476,8,12,12,2010,-6.314999999999999,3.96,2.57,4.15
34477,8,13,12,2010,-6.149166666666666,4.47,3.02,4.62
34478,8,14,12,2010,-5.680000000000001,4.7,3.0500000000000003,4.62
34479,8,15,12,2010,-3.870833333333333,4.7,2.36,3.76
34480,8,16,12,2010,-1.6749999999999998,3.02,1.56,1.8
34481,8,17,12,2010,-0.07583333333333332,2.2,1.82,2.11
34482,8,18,12,2010,1.149166666666667,2.72,2.21,2.58
34483,8,19,12,2010,2.0374999999999996,3.41,2.7,3.19
34484,8,20,12,2010,2.5250000000000004,3.78,2.88,3.47
34485,8,21,12,2010,2.5449999999999995,4.26,2.95,3.62
34486,8,22,12,2010,0.8925,5.51,3.17,5.25
34487,8,23,12,2010,-0.5858333333333333,7.33,3.74,6.72
34488,9,0,12,2010,-1.1558333333333335,8.28,4.11,7.08
34489,9,1,12,2010,-1.4349999999999998,9.35,4.57,7.73
34490,9,2,12,2010,-1.4291666666666665,11.03,5.16,7.82
34491,9,3,12,2010,-1.0824999999999998,10.97,5.4,7.81
34492,9,4,12,2010,-0.9441666666666665,10.93,5.32,7.61
34493,9,5,12,2010,-0.7725,10.61,5.51,7.7
34494,9,6,12,2010,-0.6475,10.78,5.74,7.94
34495,9,7,12,2010,-0.5833333333333333,10.75,5.83,8.02
34496,9,8,12,2010,-0.6825,11.28,5.93,8.26
34497,9,9,12,2010,-0.43833333333333346,11.84,6.65,9.04
34498,9,10,12,2010,0.13749999999999998,12.59,7.16,9.71
34499,9,11,12,2010,0.4691666666666667,13.5,7.73,10.43
34500,9,12,12,2010,0.8999999999999999,13.53,8.01,10.68
34501,9,13,12,2010,1.37,13.46,8.03,10.68
34502,9,14,12,2010,1.8583333333333334,13.74,8.35,11.01
34503,9,15,12,2010,2.6041666666666665,13.26,8.620000000000001,11.14
34504,9,16,12,2010,3.2833333333333328,12.24,7.57,9.63
34505,9,17,12,2010,4.150833333333334,9.93,7.21,8.84
34506,9,18,12,2010,5.435833333333334,8.49,6.3100000000000005,7.66
34507,9,19,12,2010,6.474999999999999,7.43,5.58,6.7700000000000005
34508,9,20,12,2010,7.629166666666666,6.79,5.14,6.2
34509,9,21,12,2010,8.098333333333334,7.0200000000000005,4.84,5.9
34510,9,22,12,2010,7.141666666666667,8.09,3.86,6.8100000000000005
34511,9,23,12,2010,6.071666666666668,8.96,4.33,7.1400000000000015
34512,10,0,12,2010,5.148333333333333,9.0,4.45,7.32
34513,10,1,12,2010,5.200833333333333,9.73,5.0200000000000005,8.55
34514,10,2,12,2010,5.421666666666667,9.63,5.03,8.58
34515,10,3,12,2010,5.249999999999999,11.03,5.16,8.94
34516,10,4,12,2010,4.775833333333334,11.16,5.15,9.0
34517,10,5,12,2010,4.5616666666666665,9.27,5.17,9.0
34518,10,6,12,2010,3.751666666666667,8.32,4.43,8.0
34519,10,7,12,2010,3.1508333333333334,6.78,4.23,6.94
34520,10,8,12,2010,2.4899999999999998,5.94,4.07,6.74
34521,10,9,12,2010,1.5483333333333336,4.94,2.97,5.37
34522,10,10,12,2010,1.9083333333333332,4.09,3.03,4.46
34523,10,11,12,2010,0.9791666666666666,3.92,3.11,4.47
34524,10,12,12,2010,0.9866666666666667,2.21,2.4,2.73
34525,10,13,12,2010,1.8958333333333333,1.85,2.76,3.08
34526,10,14,12,2010,1.8358333333333334,3.27,3.0,3.83
34527,10,15,12,2010,2.984166666666667,5.36,2.66,4.01
34528,10,16,12,2010,6.2575,5.54,3.06,3.51
34529,10,17,12,2010,8.610833333333334,5.25,4.0200000000000005,4.73
34530,10,18,12,2010,10.310833333333331,7.29,5.5600000000000005,6.7
34531,10,19,12,2010,11.078333333333333,7.27,5.55,6.68
34532,10,20,12,2010,11.540000000000001,7.66,5.64,6.88
34533,10,21,12,2010,11.3375,9.73,5.48,7.2
34534,10,22,12,2010,10.203333333333331,12.25,6.09,9.02
34535,10,23,12,2010,9.891666666666666,13.14,6.91,9.81
34536,11,0,12,2010,10.106666666666666,14.24,7.71,10.79
34537,11,1,12,2010,9.615,14.39,7.96,11.07
34538,11,2,12,2010,8.7475,13.94,7.91,10.77
34539,11,3,12,2010,8.408333333333333,13.3,7.24,10.04
34540,11,4,12,2010,7.916666666666667,12.64,7.1400000000000015,9.76
34541,11,5,12,2010,7.5633333333333335,12.07,6.73,9.2
34542,11,6,12,2010,7.510833333333334,12.3,6.83,9.36
34543,11,7,12,2010,7.579166666666666,12.31,6.93,9.47
34544,11,8,12,2010,7.2700000000000005,12.13,6.87,9.37
34545,11,9,12,2010,6.6049999999999995,12.96,7.43,10.13
34546,11,10,12,2010,6.263333333333333,13.01,7.74,10.42
34547,11,11,12,2010,3.5849999999999995,19.04,12.38,16.13
34548,11,12,12,2010,0.7341666666666665,17.28,10.73,14.05
34549,11,13,12,2010,-1.469166666666667,16.330000000000002,10.34,13.39
34550,11,14,12,2010,-4.554166666666667,17.44,12.01,15.22
34551,11,15,12,2010,-5.691666666666666,18.87,13.24,16.68
34552,11,16,12,2010,-6.29,18.13,12.82,16.1
34553,11,17,12,2010,-7.381666666666667,19.43,13.58,17.14
34554,11,18,12,2010,-8.540833333333333,19.5,13.83,17.36
34555,11,19,12,2010,-9.3975,20.28,14.08,17.82
34556,11,20,12,2010,-9.343333333333335,18.89,13.07,16.54
34557,11,21,12,2010,-9.735833333333334,19.75,13.68,17.26
34558,11,22,12,2010,-10.415833333333333,21.53,14.73,18.88
34559,11,23,12,2010,-10.906666666666666,20.97,14.33,18.32
34560,12,0,12,2010,-11.165833333333333,20.86,14.23,18.18
34561,12,1,12,2010,-11.5075,20.94,14.29,18.25
34562,12,2,12,2010,-11.6325,19.74,13.35,17.09
34563,12,3,12,2010,-11.796666666666669,20.42,13.86,17.76
34564,12,4,12,2010,-11.928333333333333,20.15,13.58,17.45
34565,12,5,12,2010,-11.859166666666667,20.3,13.77,17.68
34566,12,6,12,2010,-12.335,20.23,13.96,17.8
34567,12,7,12,2010,-13.034166666666664,20.13,13.4,17.28
34568,12,8,12,2010,-13.600833333333332,19.94,13.2,17.01
34569,12,9,12,2010,-14.1325,19.02,12.52,16.19
34570,12,10,12,2010,-14.582500000000001,18.61,12.38,16.01
34571,12,11,12,2010,-15.027500000000002,18.63,12.5,16.09
34572,12,12,12,2010,-15.460833333333333,18.61,12.51,16.09
34573,12,13,12,2010,-15.878333333333332,17.35,11.41,14.81
34574,12,14,12,2010,-16.1,16.330000000000002,10.58,13.75
34575,12,15,12,2010,-15.770833333333334,13.82,9.79,12.27
34576,12,16,12,2010,-14.902499999999998,13.43,9.68,12.09
34577,12,17,12,2010,-13.746666666666668,12.91,9.32,11.56
34578,12,18,12,2010,-12.695833333333333,12.59,9.17,11.3
34579,12,19,12,2010,-11.794166666666667,11.87,8.68,10.69
34580,12,20,12,2010,-11.2675,11.44,8.28,10.27
34581,12,21,12,2010,-11.264166666666666,11.13,8.05,9.99
34582,12,22,12,2010,-11.808333333333332,10.29,7.33,9.16
34583,12,23,12,2010,-12.560833333333333,10.59,5.72,8.06
34584,13,0,12,2010,-13.120000000000003,11.92,6.57,9.11
34585,13,1,12,2010,-13.757499999999999,12.11,6.7700000000000005,9.32
34586,13,2,12,2010,-14.491666666666665,11.47,6.2,8.63
34587,13,3,12,2010,-15.184166666666668,9.63,4.69,6.8
34588,13,4,12,2010,-15.624166666666666,8.35,4.34,6.09
34589,13,5,12,2010,-15.910833333333334,8.370000000000001,4.5,6.24
34590,13,6,12,2010,-16.169166666666666,8.67,4.7700000000000005,6.5
34591,13,7,12,2010,-16.465833333333336,8.55,4.71,6.42
34592,13,8,12,2010,-16.764999999999997,7.5,3.75,5.32
34593,13,9,12,2010,-17.096666666666664,7.55,3.79,5.36
34594,13,10,12,2010,-17.165833333333328,6.6000000000000005,3.67,5.22
34595,13,11,12,2010,-17.095000000000002,4.07,2.51,2.97
34596,13,12,12,2010,-16.9475,3.78,2.31,2.68
34597,13,13,12,2010,-16.610000000000003,3.08,1.78,2.01
34598,13,14,12,2010,-16.144166666666667,2.52,1.89,2.11
34599,13,15,12,2010,-15.085,1.77,1.49,1.69
34600,13,16,12,2010,-13.639166666666668,1.59,1.5,1.65
34601,13,17,12,2010,-12.066666666666668,1.8,1.66,1.84
34602,13,18,12,2010,-10.480833333333335,1.75,1.6,1.77
34603,13,19,12,2010,-9.034166666666666,1.8,1.57,1.76
34604,13,20,12,2010,-7.990833333333332,2.26,1.86,2.14
34605,13,21,12,2010,-7.400833333333334,3.01,2.44,2.86
34606,13,22,12,2010,-7.785000000000001,3.53,2.5500000000000003,3.34
34607,13,23,12,2010,-8.626666666666667,4.62,1.96,3.69
34608,14,0,12,2010,-9.1925,5.17,1.96,3.77
34609,14,1,12,2010,-9.584166666666667,6.0200000000000005,1.87,3.99
34610,14,2,12,2010,-9.5425,6.03,2.2,4.0
34611,14,3,12,2010,-9.415833333333333,6.0600000000000005,2.94,4.13
34612,14,4,12,2010,-9.243333333333332,6.2700000000000005,3.03,4.3
34613,14,5,12,2010,-9.436666666666667,6.45,2.67,4.3500000000000005
34614,14,6,12,2010,-9.535833333333334,6.8100000000000005,2.69,4.47
34615,14,7,12,2010,-9.168333333333331,6.8100000000000005,3.11,4.5
34616,14,8,12,2010,-8.982500000000002,6.5200000000000005,3.36,4.5600000000000005
34617,14,9,12,2010,-8.840000000000002,6.13,3.58,4.7
34618,14,10,12,2010,-9.023333333333332,6.33,3.51,4.71
34619,14,11,12,2010,-8.964166666666666,6.3,3.5700000000000003,4.83
34620,14,12,12,2010,-9.105833333333335,6.72,3.61,4.99
34621,14,13,12,2010,-9.144166666666665,6.74,4.07,5.28
34622,14,14,12,2010,-8.943333333333333,6.74,4.19,5.37
34623,14,15,12,2010,-8.037500000000001,5.55,4.19,4.99
34624,14,16,12,2010,-6.351666666666667,5.33,4.15,4.94
34625,14,17,12,2010,-4.74,5.43,4.2,5.01
34626,14,18,12,2010,-3.440833333333334,5.3500000000000005,4.13,4.93
34627,14,19,12,2010,-2.4266666666666667,5.6000000000000005,4.25,5.12
34628,14,20,12,2010,-1.814166666666667,5.97,4.49,5.44
34629,14,21,12,2010,-1.7850000000000001,6.5600000000000005,4.83,5.94
34630,14,22,12,2010,-3.0225000000000004,8.44,4.34,6.13
34631,14,23,12,2010,-4.630833333333334,10.13,4.16,6.92
34632,15,0,12,2010,-4.940833333333334,10.64,4.5200000000000005,7.18
34633,15,1,12,2010,-5.489999999999999,10.61,4.69,7.1400000000000015
34634,15,2,12,2010,-5.902500000000001,10.55,4.7,7.13
34635,15,3,12,2010,-6.238333333333333,10.49,4.57,6.96
34636,15,4,12,2010,-6.539999999999999,9.96,4.5200000000000005,6.58
34637,15,5,12,2010,-6.351666666666666,9.51,4.54,6.49
34638,15,6,12,2010,-6.160833333333334,8.81,4.29,6.07
34639,15,7,12,2010,-6.435833333333334,8.39,3.87,5.64
34640,15,8,12,2010,-6.701666666666667,7.71,3.39,5.0
34641,15,9,12,2010,-6.6816666666666675,7.86,4.1,5.65
34642,15,10,12,2010,-7.146666666666668,8.66,4.03,5.8
34643,15,11,12,2010,-7.364166666666667,8.69,4.09,5.6000000000000005
34644,15,12,12,2010,-7.219166666666665,7.91,4.23,5.64
34645,15,13,12,2010,-6.97,7.54,4.0,5.5
34646,15,14,12,2010,-6.669999999999999,6.7700000000000005,3.91,4.97
34647,15,15,12,2010,-5.982500000000001,6.03,4.2700000000000005,5.04
34648,15,16,12,2010,-5.0675,5.33,4.18,4.92
34649,15,17,12,2010,-4.0725,5.3,4.22,4.97
34650,15,18,12,2010,-3.2133333333333334,5.55,4.36,5.18
34651,15,19,12,2010,-3.2358333333333333,5.28,4.11,4.92
34652,15,20,12,2010,-3.4041666666666663,5.2,3.99,4.8100000000000005
34653,15,21,12,2010,-3.560833333333333,6.12,4.33,5.38
34654,15,22,12,2010,-3.5774999999999992,6.16,4.37,5.42
34655,15,23,12,2010,-3.5558333333333336,5.79,4.14,5.11
34656,16,0,12,2010,-3.6133333333333333,5.5,3.99,4.92
34657,16,1,12,2010,-3.8083333333333336,4.76,3.48,4.26
34658,16,2,12,2010,-3.898333333333333,4.46,2.77,3.63
34659,16,3,12,2010,-4.003333333333333,3.53,2.57,3.08
34660,16,4,12,2010,-4.858333333333333,5.2700000000000005,3.19,4.8500000000000005
34661,16,5,12,2010,-4.913333333333333,4.83,2.62,3.84
34662,16,6,12,2010,-4.7225,4.9,3.0500000000000003,3.9
34663,16,7,12,2010,-4.3966666666666665,5.74,3.18,4.54
34664,16,8,12,2010,-5.133333333333334,7.69,3.71,5.91
34665,16,9,12,2010,-5.469999999999999,8.91,4.22,6.49
34666,16,10,12,2010,-5.706666666666668,10.57,4.11,6.4
34667,16,11,12,2010,-5.555000000000001,11.16,4.65,7.26
34668,16,12,12,2010,-5.5625,11.44,5.5200000000000005,8.13
34669,16,13,12,2010,-6.066666666666667,11.8,6.08,8.700000000000001
34670,16,14,12,2010,-6.168333333333334,11.98,7.15,9.4
34671,16,15,12,2010,-5.571666666666666,10.33,6.1000000000000005,7.97
34672,16,16,12,2010,-4.4875,8.06,5.79,7.1400000000000015
34673,16,17,12,2010,-3.299166666666667,7.11,5.2,6.3500000000000005
34674,16,18,12,2010,-2.0708333333333333,7.23,5.3,6.46
34675,16,19,12,2010,-1.0741666666666667,7.21,5.26,6.43
34676,16,20,12,2010,-0.3316666666666666,7.1000000000000005,5.17,6.33
34677,16,21,12,2010,-0.004999999999999995,7.0200000000000005,5.01,6.23
34678,16,22,12,2010,-1.2541666666666667,7.03,3.4,5.78
34679,16,23,12,2010,-2.2500000000000004,7.2,3.15,5.92
34680,17,0,12,2010,-2.6750000000000003,7.0,2.73,5.55
34681,17,1,12,2010,-3.2099999999999995,6.82,2.56,5.28
34682,17,2,12,2010,-3.7216666666666662,5.8,2.0,4.19
34683,17,3,12,2010,-4.183333333333334,6.69,2.16,4.74
34684,17,4,12,2010,-4.572500000000001,8.98,3.47,6.6000000000000005
34685,17,5,12,2010,-5.036666666666666,8.93,3.49,6.58
34686,17,6,12,2010,-6.02,7.28,3.09,5.66
34687,17,7,12,2010,-6.646666666666668,6.1400000000000015,2.74,4.8500000000000005
34688,17,8,12,2010,-7.137499999999999,5.67,2.43,4.97
34689,17,9,12,2010,-7.468333333333334,6.72,3.3000000000000003,5.73
34690,17,10,12,2010,-7.670833333333334,7.47,3.53,6.05
34691,17,11,12,2010,-8.001666666666667,7.8900000000000015,3.72,6.21
34692,17,12,12,2010,-8.415833333333333,8.13,3.67,6.24
34693,17,13,12,2010,-8.686666666666667,8.120000000000001,3.67,6.25
34694,17,14,12,2010,-8.375833333333334,7.44,3.42,5.8100000000000005
34695,17,15,12,2010,-6.929166666666667,5.76,2.87,3.85
34696,17,16,12,2010,-5.243333333333335,3.52,2.65,3.18
34697,17,17,12,2010,-3.9500000000000006,4.29,3.27,3.92
34698,17,18,12,2010,-3.145,4.57,3.49,4.18
34699,17,19,12,2010,-2.5983333333333336,4.96,3.73,4.5
34700,17,20,12,2010,-2.2125,5.18,3.85,4.68
34701,17,21,12,2010,-2.2224999999999997,5.14,3.81,4.64
34702,17,22,12,2010,-3.2875,4.53,2.6,3.65
34703,17,23,12,2010,-4.394166666666667,4.54,1.42,3.56
34704,18,0,12,2010,-4.706666666666667,4.3100000000000005,1.72,3.46
34705,18,1,12,2010,-4.895833333333333,4.05,1.94,3.26
34706,18,2,12,2010,-5.228333333333333,4.04,2.28,3.49
34707,18,3,12,2010,-5.656666666666666,4.79,2.78,4.3
34708,18,4,12,2010,-5.829166666666668,5.25,3.27,4.82
34709,18,5,12,2010,-6.085833333333333,5.7,3.31,5.07
34710,18,6,12,2010,-6.504166666666667,5.79,3.35,5.11
34711,18,7,12,2010,-6.7633333333333345,5.71,3.0700000000000003,5.08
34712,18,8,12,2010,-6.875,5.44,2.71,4.97
34713,18,9,12,2010,-7.0425,5.07,2.7,4.59
34714,18,10,12,2010,-7.2941666666666665,4.33,3.1,4.19
34715,18,11,12,2010,-7.391666666666667,4.11,3.25,4.34
34716,18,12,12,2010,-7.501666666666668,4.1,3.04,4.28
34717,18,13,12,2010,-7.589166666666667,3.56,2.39,3.54
34718,18,14,12,2010,-7.2725,3.11,2.14,3.2
34719,18,15,12,2010,-5.581666666666667,2.73,1.76,2.67
34720,18,16,12,2010,-3.8891666666666667,1.76,1.24,1.39
34721,18,17,12,2010,-2.436666666666667,1.07,0.92,1.04
34722,18,18,12,2010,-1.3641666666666667,1.5,1.13,1.34
34723,18,19,12,2010,-0.44500000000000006,1.87,1.41,1.68
34724,18,20,12,2010,-0.10166666666666667,1.98,1.56,1.83
34725,18,21,12,2010,-0.755,1.23,1.24,1.34
34726,18,22,12,2010,-1.4141666666666666,2.3000000000000003,1.43,2.39
34727,18,23,12,2010,-2.448333333333333,3.01,1.64,2.67
34728,19,0,12,2010,-2.895,3.06,1.47,2.53
34729,19,1,12,2010,-3.434166666666666,1.96,1.42,1.59
34730,19,2,12,2010,-3.409166666666666,2.0,1.13,1.19
34731,19,3,12,2010,-3.348333333333333,2.48,1.1,1.41
34732,19,4,12,2010,-3.0,2.74,0.94,1.43
34733,19,5,12,2010,-2.8699999999999997,2.13,0.54,1.01
34734,19,6,12,2010,-3.485833333333334,2.16,0.96,1.88
34735,19,7,12,2010,-3.8041666666666667,3.5500000000000003,1.05,2.37
34736,19,8,12,2010,-3.815000000000001,4.84,1.27,3.26
34737,19,9,12,2010,-4.055000000000001,5.38,1.56,3.69
34738,19,10,12,2010,-4.269166666666667,5.72,2.56,3.89
34739,19,11,12,2010,-4.049166666666667,5.54,2.68,3.78
34740,19,12,12,2010,-4.160833333333334,4.7700000000000005,2.19,3.72
34741,19,13,12,2010,-4.5175,5.42,2.27,3.91
34742,19,14,12,2010,-4.1575,5.48,2.4,3.75
34743,19,15,12,2010,-2.3783333333333334,4.98,2.63,3.08
34744,19,16,12,2010,-0.34333333333333343,3.76,2.97,3.48
34745,19,17,12,2010,1.4758333333333333,4.03,3.2,3.76
34746,19,18,12,2010,2.84,4.66,3.6,4.28
34747,19,19,12,2010,3.8333333333333326,5.2,3.89,4.7
34748,19,20,12,2010,4.45,5.8,4.24,5.2
34749,19,21,12,2010,4.1691666666666665,6.88,4.24,5.21
34750,19,22,12,2010,2.3249999999999993,8.11,3.51,6.67
34751,19,23,12,2010,1.0416666666666667,10.16,3.82,7.56
34752,20,0,12,2010,0.29166666666666663,11.31,3.78,7.7
34753,20,1,12,2010,-0.022499999999999996,11.88,4.17,7.72
34754,20,2,12,2010,0.255,11.85,4.59,7.8
34755,20,3,12,2010,0.7483333333333334,11.74,5.41,8.16
34756,20,4,12,2010,0.4216666666666668,11.73,5.19,8.03
34757,20,5,12,2010,-0.065,11.62,4.89,7.76
34758,20,6,12,2010,-0.9149999999999999,11.36,4.69,7.78
34759,20,7,12,2010,-1.468333333333333,11.98,4.45,7.52
34760,20,8,12,2010,-1.3191666666666666,12.36,4.8500000000000005,7.85
34761,20,9,12,2010,-1.2833333333333334,12.53,5.47,8.45
34762,20,10,12,2010,-1.3825,12.5,5.67,8.55
34763,20,11,12,2010,-1.5216666666666665,12.46,5.62,8.5
34764,20,12,12,2010,-1.8658333333333335,11.77,4.76,7.63
34765,20,13,12,2010,-2.2058333333333335,11.36,4.38,7.19
34766,20,14,12,2010,-1.7833333333333332,10.97,5.62,7.65
34767,20,15,12,2010,0.13999999999999993,10.29,5.89,7.78
34768,20,16,12,2010,1.8658333333333337,8.45,6.2,7.56
34769,20,17,12,2010,3.3525000000000005,9.17,6.63,8.14
34770,20,18,12,2010,4.375000000000001,9.15,6.67,8.19
34771,20,19,12,2010,5.104166666666667,8.84,6.4,7.88
34772,20,20,12,2010,5.255833333333334,8.48,6.12,7.57
34773,20,21,12,2010,4.094166666666666,7.82,5.62,6.95
34774,20,22,12,2010,2.6891666666666665,7.0200000000000005,2.08,4.51
34775,20,23,12,2010,2.231666666666667,5.2700000000000005,1.56,3.44
34776,21,0,12,2010,2.0899999999999994,5.25,1.64,3.35
34777,21,1,12,2010,1.2691666666666666,3.47,2.08,3.68
34778,21,2,12,2010,1.1199999999999999,1.94,1.35,2.48
34779,21,3,12,2010,1.3925,2.15,1.01,2.04
34780,21,4,12,2010,0.5358333333333333,2.73,1.8,3.03
34781,21,5,12,2010,-0.15583333333333335,4.14,3.22,4.78
34782,21,6,12,2010,-0.8891666666666667,4.73,3.17,4.83
34783,21,7,12,2010,-1.4675,7.01,3.46,5.74
34784,21,8,12,2010,-1.7108333333333334,9.28,3.5500000000000003,6.05
34785,21,9,12,2010,-1.9124999999999996,10.08,4.18,6.71
34786,21,10,12,2010,-2.2274999999999996,10.8,3.96,6.66
34787,21,11,12,2010,-2.0983333333333336,11.53,5.15,7.72
34788,21,12,12,2010,-2.2791666666666663,11.46,5.19,7.74
34789,21,13,12,2010,-2.6525000000000003,11.1,4.68,7.18
34790,21,14,12,2010,-2.8333333333333326,10.71,5.0600000000000005,7.18
34791,21,15,12,2010,-2.558333333333333,10.53,6.04,7.6400000000000015
34792,21,16,12,2010,-1.3908333333333334,8.25,6.28,7.56
34793,21,17,12,2010,-0.7891666666666667,7.87,6.05,7.27
34794,21,18,12,2010,-0.2866666666666667,7.47,5.72,6.87
34795,21,19,12,2010,0.055,7.46,5.67,6.84
34796,21,20,12,2010,-0.055,7.23,5.45,6.61
34797,21,21,12,2010,-0.5691666666666666,7.23,5.38,6.58
34798,21,22,12,2010,-1.7441666666666666,8.59,4.39,6.71
34799,21,23,12,2010,-2.9625,10.63,5.61,8.24
34800,22,0,12,2010,-3.6775,10.41,5.49,8.05
34801,22,1,12,2010,-4.101666666666667,12.41,6.53,9.19
34802,22,2,12,2010,-4.630000000000001,12.43,6.69,9.3
34803,22,3,12,2010,-5.404166666666666,10.63,5.74,7.92
34804,22,4,12,2010,-6.190833333333333,10.61,5.91,7.97
34805,22,5,12,2010,-7.052499999999998,10.25,6.03,7.9300000000000015
34806,22,6,12,2010,-7.804166666666667,9.78,5.97,7.79
34807,22,7,12,2010,-8.380833333333333,10.08,5.99,7.79
34808,22,8,12,2010,-8.850000000000001,9.82,5.9,7.71
34809,22,9,12,2010,-9.2675,9.46,5.5,7.63
34810,22,10,12,2010,-9.653333333333332,9.56,5.53,7.57
34811,22,11,12,2010,-9.96,9.41,5.82,7.57
34812,22,12,12,2010,-10.270833333333334,8.68,5.19,6.84
34813,22,13,12,2010,-10.57,8.61,5.0600000000000005,6.67
34814,22,14,12,2010,-10.598333333333334,8.69,5.04,6.65
34815,22,15,12,2010,-9.870833333333332,6.8900000000000015,5.1000000000000005,6.08
34816,22,16,12,2010,-8.586666666666666,6.2,4.87,5.78
34817,22,17,12,2010,-7.0575,6.3100000000000005,4.94,5.88
34818,22,18,12,2010,-5.648333333333333,6.3100000000000005,4.94,5.88
34819,22,19,12,2010,-4.6075,5.72,4.41,5.28
34820,22,20,12,2010,-4.059166666666667,5.66,4.34,5.21
34821,22,21,12,2010,-3.9925,5.29,4.03,4.86
34822,22,22,12,2010,-4.7475,5.7700000000000005,3.66,5.04
34823,22,23,12,2010,-5.677499999999999,6.36,3.06,5.14
34824,23,0,12,2010,-6.289999999999999,7.55,3.25,6.33
34825,23,1,12,2010,-6.914166666666667,7.49,3.38,6.38
34826,23,2,12,2010,-7.510000000000002,7.09,2.95,5.51
34827,23,3,12,2010,-8.011666666666667,6.23,2.0,4.64
34828,23,4,12,2010,-8.3025,5.67,1.4,3.83
34829,23,5,12,2010,-8.544166666666666,5.65,1.47,3.72
34830,23,6,12,2010,-8.466666666666667,5.4,1.11,3.28
34831,23,7,12,2010,-7.761666666666667,4.65,1.5,2.87
34832,23,8,12,2010,-7.199999999999998,4.69,1.54,2.75
34833,23,9,12,2010,-6.605,4.46,1.67,2.6
34834,23,10,12,2010,-6.260833333333334,4.82,1.93,3.01
34835,23,11,12,2010,-5.984999999999999,5.07,2.15,3.14
34836,23,12,12,2010,-6.053333333333332,6.0,2.02,3.42
34837,23,13,12,2010,-6.228333333333334,6.44,2.25,3.74
34838,23,14,12,2010,-5.525833333333334,6.38,3.24,4.28
34839,23,15,12,2010,-4.6825,6.1400000000000015,3.46,4.15
34840,23,16,12,2010,-3.5316666666666663,5.2700000000000005,3.96,4.7700000000000005
34841,23,17,12,2010,-1.9916666666666665,6.12,4.58,5.54
34842,23,18,12,2010,-0.7800000000000001,6.32,4.73,5.72
34843,23,19,12,2010,-0.06,6.49,4.83,5.87
34844,23,20,12,2010,0.4458333333333333,7.11,5.19,6.38
34845,23,21,12,2010,0.5091666666666667,7.1400000000000015,5.22,6.41
34846,23,22,12,2010,-0.81,8.58,3.73,6.21
34847,23,23,12,2010,-2.3125,9.89,3.74,6.87
34848,24,0,12,2010,-2.6449999999999996,10.07,3.89,6.92
34849,24,1,12,2010,-2.768333333333333,11.04,4.34,7.19
34850,24,2,12,2010,-3.283333333333333,10.73,4.2700000000000005,7.0
34851,24,3,12,2010,-4.359166666666667,9.36,2.43,4.98
34852,24,4,12,2010,-4.223333333333334,8.22,3.2,4.65
34853,24,5,12,2010,-2.7116666666666664,6.88,3.34,4.73
34854,24,6,12,2010,-2.2533333333333334,5.99,3.27,4.5200000000000005
34855,24,7,12,2010,-2.209166666666667,5.96,3.3000000000000003,4.53
34856,24,8,12,2010,-2.3575,4.43,2.38,3.31
34857,24,9,12,2010,-2.4308333333333336,3.46,1.59,2.36
34858,24,10,12,2010,-2.545,2.81,1.46,1.96
34859,24,11,12,2010,-2.725,1.77,0.41,0.96
34860,24,12,12,2010,-2.6925000000000003,0.92,0.47,0.97
34861,24,13,12,2010,-2.7300000000000004,1.86,0.81,1.55
34862,24,14,12,2010,-2.748333333333333,2.95,1.68,2.01
34863,24,15,12,2010,-2.200833333333333,3.04,2.34,2.78
34864,24,16,12,2010,-1.2641666666666664,4.66,3.6,4.3
34865,24,17,12,2010,-0.5541666666666666,5.63,4.24,5.13
34866,24,18,12,2010,-0.09000000000000001,6.58,4.89,5.96
34867,24,19,12,2010,0.02,7.73,5.67,6.97
34868,24,20,12,2010,-0.019166666666666665,8.25,5.89,7.33
34869,24,21,12,2010,-0.2658333333333333,8.700000000000001,5.97,7.52
34870,24,22,12,2010,-1.0466666666666666,9.5,6.1000000000000005,7.98
34871,24,23,12,2010,-1.9349999999999998,10.36,5.82,7.86
34872,25,0,12,2010,-2.5466666666666664,11.59,6.4,8.78
34873,25,1,12,2010,-3.1999999999999997,11.07,6.4,8.6
34874,25,2,12,2010,-4.091666666666666,11.26,6.59,8.84
34875,25,3,12,2010,-4.716666666666668,11.04,6.17,8.44
34876,25,4,12,2010,-4.6925,11.08,6.61,8.81
34877,25,5,12,2010,-4.736666666666666,10.61,6.48,8.540000000000001
34878,25,6,12,2010,-5.265833333333333,11.04,6.92,9.08
34879,25,7,12,2010,-5.675000000000001,11.0,6.9,9.03
34880,25,8,12,2010,-6.021666666666668,10.12,6.38,8.41
34881,25,9,12,2010,-6.7316666666666665,10.25,6.38,8.290000000000001
34882,25,10,12,2010,-7.3566666666666665,10.57,6.32,8.4
34883,25,11,12,2010,-7.746666666666669,10.33,6.03,8.1
34884,25,12,12,2010,-8.0675,9.92,6.29,8.22
34885,25,13,12,2010,-8.403333333333334,10.32,6.58,8.57
34886,25,14,12,2010,-8.703333333333333,10.07,6.32,8.27
34887,25,15,12,2010,-8.235833333333334,8.53,6.16,7.55
34888,25,16,12,2010,-7.444166666666668,8.09,6.07,7.42
34889,25,17,12,2010,-6.410833333333333,8.16,6.11,7.46
34890,25,18,12,2010,-5.665833333333333,8.05,6.01,7.34
34891,25,19,12,2010,-5.340833333333335,8.01,5.89,7.25
34892,25,20,12,2010,-5.28,8.07,5.89,7.29
34893,25,21,12,2010,-5.469166666666666,8.03,5.83,7.25
34894,25,22,12,2010,-6.359166666666667,7.96,5.37,6.76
34895,25,23,12,2010,-7.585,9.02,3.56,6.22
34896,26,0,12,2010,-8.184166666666666,9.34,4.14,6.71
34897,26,1,12,2010,-9.168333333333335,8.83,3.78,6.16
34898,26,2,12,2010,-10.060833333333333,9.01,3.67,5.96
34899,26,3,12,2010,-10.763333333333334,9.87,3.64,6.23
34900,26,4,12,2010,-11.33,9.72,4.17,6.47
34901,26,5,12,2010,-11.88,8.63,4.05,6.2
34902,26,6,12,2010,-12.368333333333334,7.63,3.4,5.47
34903,26,7,12,2010,-12.885833333333332,7.16,3.35,5.2
34904,26,8,12,2010,-13.354166666666666,7.0600000000000005,3.34,5.19
34905,26,9,12,2010,-13.762500000000001,7.1400000000000015,3.45,5.44
34906,26,10,12,2010,-14.165000000000001,6.99,3.31,5.36
34907,26,11,12,2010,-14.610833333333334,6.0,2.51,4.78
34908,26,12,12,2010,-14.8925,5.61,2.62,4.69
34909,26,13,12,2010,-15.165833333333337,5.45,2.56,4.62
34910,26,14,12,2010,-14.915833333333332,4.6000000000000005,2.08,4.17
34911,26,15,12,2010,-13.365833333333335,3.64,1.65,1.86
34912,26,16,12,2010,-11.763333333333335,2.01,1.76,1.99
34913,26,17,12,2010,-10.475833333333336,1.83,1.63,1.83
34914,26,18,12,2010,-9.07,1.39,1.26,1.39
34915,26,19,12,2010,-7.9225,1.84,1.48,1.72
34916,26,20,12,2010,-7.000833333333333,2.42,1.95,2.29
34917,26,21,12,2010,-6.699166666666667,3.16,2.47,2.98
34918,26,22,12,2010,-7.536666666666666,4.33,2.5,3.62
34919,26,23,12,2010,-8.6725,5.23,2.19,4.6000000000000005
34920,27,0,12,2010,-9.303333333333333,5.5600000000000005,2.59,5.24
34921,27,1,12,2010,-9.590833333333334,7.16,3.16,6.33
34922,27,2,12,2010,-9.83,7.3,3.19,6.33
34923,27,3,12,2010,-9.791666666666664,8.01,3.41,6.43
34924,27,4,12,2010,-9.9525,8.36,3.54,6.5600000000000005
34925,27,5,12,2010,-10.003333333333332,8.85,3.74,6.73
34926,27,6,12,2010,-10.031666666666666,9.09,3.99,6.88
34927,27,7,12,2010,-10.150833333333333,9.33,4.12,6.92
34928,27,8,12,2010,-10.237499999999999,10.21,4.59,7.25
34929,27,9,12,2010,-10.445000000000002,10.24,4.66,7.26
34930,27,10,12,2010,-10.475833333333334,10.71,5.1000000000000005,7.67
34931,27,11,12,2010,-10.537499999999998,10.84,5.15,7.71
34932,27,12,12,2010,-10.665000000000001,10.79,5.25,7.73
34933,27,13,12,2010,-10.485833333333334,10.85,5.51,7.9
34934,27,14,12,2010,-9.960833333333332,10.87,5.65,7.91
34935,27,15,12,2010,-8.605,9.77,5.0,6.97
34936,27,16,12,2010,-6.802499999999999,7.71,4.94,5.98
34937,27,17,12,2010,-4.750000000000001,6.87,5.18,6.29
34938,27,18,12,2010,-3.1525000000000003,7.12,5.37,6.5200000000000005
34939,27,19,12,2010,-1.9591666666666665,6.53,4.88,5.95
34940,27,20,12,2010,-1.0108333333333335,6.2700000000000005,4.62,5.66
34941,27,21,12,2010,-0.9333333333333335,6.78,4.71,5.83
34942,27,22,12,2010,-2.318333333333333,7.96,3.48,6.4
34943,27,23,12,2010,-3.5508333333333333,9.82,3.97,7.27
34944,28,0,12,2010,-3.6374999999999997,11.36,4.9,8.15
34945,28,1,12,2010,-3.8116666666666674,12.15,4.93,8.19
34946,28,2,12,2010,-3.8850000000000002,12.48,4.84,8.2
34947,28,3,12,2010,-4.1866666666666665,12.32,4.8,8.21
34948,28,4,12,2010,-4.265,10.1,4.72,8.1
34949,28,5,12,2010,-4.4191666666666665,8.42,4.7,7.62
34950,28,6,12,2010,-4.758333333333334,8.040000000000001,4.43,7.11
34951,28,7,12,2010,-4.733333333333333,7.68,4.34,6.94
34952,28,8,12,2010,-4.800833333333334,7.83,4.34,6.7
34953,28,9,12,2010,-4.691666666666667,8.03,4.41,6.9
34954,28,10,12,2010,-4.994999999999999,7.35,4.0600000000000005,6.55
34955,28,11,12,2010,-5.490000000000001,6.29,3.97,6.0200000000000005
34956,28,12,12,2010,-5.2633333333333345,5.07,3.72,5.28
34957,28,13,12,2010,-5.2475,4.95,3.7,5.17
34958,28,14,12,2010,-5.1775,4.76,3.17,4.94
34959,28,15,12,2010,-3.33,3.49,2.79,4.12
34960,28,16,12,2010,-0.5441666666666666,2.89,2.02,2.22
34961,28,17,12,2010,1.2575,0.7000000000000001,0.64,0.65
34962,28,18,12,2010,2.591666666666667,1.77,1.47,1.69
34963,28,19,12,2010,3.986666666666667,2.87,2.47,2.84
34964,28,20,12,2010,4.329999999999999,3.11,2.54,2.98
34965,28,21,12,2010,3.877499999999999,5.29,2.67,4.67
34966,28,22,12,2010,2.181666666666666,8.43,4.12,7.25
34967,28,23,12,2010,1.4591666666666667,10.0,5.03,7.95
34968,29,0,12,2010,1.0775000000000001,11.62,6.08,9.12
34969,29,1,12,2010,1.0425000000000002,12.6,6.25,9.34
34970,29,2,12,2010,0.9116666666666666,12.9,6.54,9.72
34971,29,3,12,2010,0.9150000000000001,13.58,6.95,10.26
34972,29,4,12,2010,0.9283333333333332,13.75,7.26,10.52
34973,29,5,12,2010,1.0466666666666669,14.25,7.68,10.92
34974,29,6,12,2010,0.8225000000000001,14.01,7.19,10.45
34975,29,7,12,2010,0.5066666666666667,14.12,6.69,10.07
34976,29,8,12,2010,0.2866666666666667,14.11,6.8,10.14
34977,29,9,12,2010,-0.05583333333333334,13.58,6.88,9.99
34978,29,10,12,2010,-0.2541666666666667,13.67,7.08,10.12
34979,29,11,12,2010,-0.7275,13.2,7.0200000000000005,9.76
34980,29,12,12,2010,-1.0025,13.39,7.54,10.33
34981,29,13,12,2010,-0.9733333333333333,13.23,7.43,9.96
34982,29,14,12,2010,-0.23749999999999996,12.13,7.52,9.86
34983,29,15,12,2010,0.7591666666666667,11.77,7.53,9.8
34984,29,16,12,2010,1.7383333333333333,11.91,7.53,9.85
34985,29,17,12,2010,1.8716666666666668,10.93,7.05,9.17
34986,29,18,12,2010,2.0566666666666666,10.77,6.23,8.42
34987,29,19,12,2010,2.416666666666667,10.95,6.99,9.09
34988,29,20,12,2010,2.5208333333333335,11.6,7.17,9.44
34989,29,21,12,2010,2.813333333333333,12.01,7.1000000000000005,9.5
34990,29,22,12,2010,3.074166666666667,12.26,6.9,9.48
34991,29,23,12,2010,3.5108333333333337,12.59,7.11,9.73
34992,30,0,12,2010,4.0616666666666665,12.53,6.97,9.62
34993,30,1,12,2010,4.809166666666666,13.64,7.38,10.28
34994,30,2,12,2010,5.599166666666666,14.6,7.96,11.05
34995,30,3,12,2010,6.236666666666668,15.93,9.04,12.37
34996,30,4,12,2010,6.409166666666667,15.91,8.35,11.74
34997,30,5,12,2010,7.283333333333334,18.09,10.86,14.4
34998,30,6,12,2010,7.497499999999999,16.09,9.2,12.56
34999,30,7,12,2010,8.057500000000001,15.7,9.11,12.42
35000,30,8,12,2010,8.938333333333334,15.9,9.35,12.66
35001,30,9,12,2010,9.479166666666666,15.77,9.22,12.43
35002,30,10,12,2010,9.93,17.650000000000006,10.55,14.23
35003,30,11,12,2010,10.144166666666669,16.04,9.38,12.72
35004,30,12,12,2010,10.226666666666667,17.78,10.56,14.31
35005,30,13,12,2010,10.138333333333334,16.53,9.63,12.94
35006,30,14,12,2010,9.618333333333336,16.330000000000002,9.43,12.74
35007,30,15,12,2010,10.160833333333334,16.73,10.58,13.81
35008,30,16,12,2010,11.403333333333334,16.240000000000002,10.47,13.63
35009,30,17,12,2010,12.4625,13.45,8.88,11.19
35010,30,18,12,2010,13.320833333333335,13.92,9.48,11.93
35011,30,19,12,2010,14.060833333333333,13.98,9.54,12.02
35012,30,20,12,2010,14.304166666666667,13.08,8.75,11.14
35013,30,21,12,2010,13.663333333333334,12.71,7.72,10.3
35014,30,22,12,2010,8.228333333333333,11.53,6.4,8.99
35015,30,23,12,2010,6.055,11.5,7.55,9.78
35016,31,0,12,2010,4.036666666666667,10.57,7.15,9.15
35017,31,1,12,2010,-0.03166666666666664,10.6,7.12,9.09
35018,31,2,12,2010,-2.335833333333333,10.46,6.83,8.8
35019,31,3,12,2010,-4.003333333333333,9.72,6.51,8.23
35020,31,4,12,2010,-4.435,8.17,5.8500000000000005,7.22
35021,31,5,12,2010,-5.171666666666668,8.11,6.0200000000000005,7.36
35022,31,6,12,2010,-5.835,8.5,6.33,7.75
35023,31,7,12,2010,-6.546666666666667,8.99,6.73,8.24
35024,31,8,12,2010,-7.3525,9.42,7.08,8.66
35025,31,9,12,2010,-8.205833333333333,9.33,6.99,8.540000000000001
35026,31,10,12,2010,-8.999166666666666,8.67,6.63,8.040000000000001
35027,31,11,12,2010,-9.364166666666666,9.18,7.09,8.57
35028,31,12,12,2010,-9.609166666666667,8.56,6.6400000000000015,8.01
35029,31,13,12,2010,-9.740833333333333,7.25,5.74,6.86
35030,31,14,12,2010,-10.020833333333334,7.35,5.84,6.97
35031,31,15,12,2010,-9.831666666666665,6.91,5.61,6.63
35032,31,16,12,2010,-9.268333333333333,5.82,4.76,5.57
35033,31,17,12,2010,-9.219166666666666,6.21,4.88,5.84
35034,31,18,12,2010,-8.851666666666668,6.37,5.0,5.94
35035,31,19,12,2010,-8.385,7.73,5.8,7.0200000000000005
35036,31,20,12,2010,-8.286666666666667,7.86,5.91,7.15
35037,31,21,12,2010,-8.422500000000001,9.91,7.0,8.73
35038,31,22,12,2010,-9.394166666666667,11.1,7.38,9.29
35039,31,23,12,2010,-10.631666666666666,11.41,7.51,9.65
35040,1,0,1,2011,-8.043333333333333,13.5,9.11,11.61
35041,1,1,1,2011,-8.64,13.26,8.91,11.35
35042,1,2,1,2011,-9.026666666666666,13.79,9.19,11.68
35043,1,3,1,2011,-9.567500000000003,14.6,9.7,12.35
35044,1,4,1,2011,-10.097500000000002,14.44,9.57,12.22
35045,1,5,1,2011,-10.594999999999999,15.18,9.98,12.87
35046,1,6,1,2011,-11.249166666666667,15.84,10.1,13.19
35047,1,7,1,2011,-11.325833333333334,13.48,8.56,11.16
35048,1,8,1,2011,-11.432500000000003,13.84,8.83,11.5
35049,1,9,1,2011,-11.342500000000001,12.85,7.8,10.28
35050,1,10,1,2011,-11.196666666666667,12.27,7.3,9.74
35051,1,11,1,2011,-11.115000000000002,12.52,7.41,9.9
35052,1,12,1,2011,-10.832499999999998,12.76,7.57,10.17
35053,1,13,1,2011,-10.87,12.52,7.35,9.92
35054,1,14,1,2011,-10.465833333333334,12.6,7.68,10.1
35055,1,15,1,2011,-9.344166666666666,12.32,8.53,10.74
35056,1,16,1,2011,-8.7,12.34,8.6,10.82
35057,1,17,1,2011,-8.137500000000001,11.29,7.96,9.95
35058,1,18,1,2011,-7.563333333333335,10.22,7.27,9.05
35059,1,19,1,2011,-7.069999999999999,9.7,6.93,8.6
35060,1,20,1,2011,-6.605833333333334,9.35,6.66,8.290000000000001
35061,1,21,1,2011,-6.466666666666666,9.4,6.6400000000000015,8.3
35062,1,22,1,2011,-6.881666666666668,8.9,6.15,7.77
35063,1,23,1,2011,-7.651666666666666,8.88,3.69,6.17
35064,2,0,1,2011,-7.86,9.87,4.43,6.94
35065,2,1,1,2011,-8.048333333333334,9.77,4.3500000000000005,6.84
35066,2,2,1,2011,-8.296666666666669,9.78,4.34,6.82
35067,2,3,1,2011,-8.630833333333333,9.2,4.18,6.5
35068,2,4,1,2011,-9.0875,8.46,4.07,6.2700000000000005
35069,2,5,1,2011,-9.429999999999998,7.86,4.01,6.07
35070,2,6,1,2011,-9.793333333333335,7.66,4.0200000000000005,6.07
35071,2,7,1,2011,-10.036666666666667,6.92,3.9,5.7
35072,2,8,1,2011,-10.064166666666667,6.5200000000000005,4.0200000000000005,5.97
35073,2,9,1,2011,-10.026666666666666,8.64,4.5,6.97
35074,2,10,1,2011,-9.600833333333332,11.73,6.29,8.870000000000003
35075,2,11,1,2011,-9.429166666666667,13.7,7.3900000000000015,10.22
35076,2,12,1,2011,-9.5825,13.81,7.45,10.29
35077,2,13,1,2011,-9.495,13.29,7.22,9.99
35078,2,14,1,2011,-8.994166666666667,13.1,7.66,10.03
35079,2,15,1,2011,-7.4775,12.27,7.1000000000000005,9.77
35080,2,16,1,2011,-5.561666666666667,11.35,7.48,9.1
35081,2,17,1,2011,-3.524999999999999,10.17,7.5,9.12
35082,2,18,1,2011,-1.8925,10.4,7.55,9.32
35083,2,19,1,2011,-0.8116666666666669,10.74,7.8,9.64
35084,2,20,1,2011,0.02916666666666666,9.79,7.13,8.790000000000001
35085,2,21,1,2011,0.4408333333333334,9.1,6.5600000000000005,8.13
35086,2,22,1,2011,-0.5175,11.65,5.51,8.68
35087,2,23,1,2011,-1.4533333333333331,13.65,6.04,9.51
35088,3,0,1,2011,-1.705,14.07,6.49,9.95
35089,3,1,1,2011,-1.9241666666666666,14.09,6.61,9.92
35090,3,2,1,2011,-2.3425000000000002,14.02,6.61,9.91
35091,3,3,1,2011,-2.671666666666667,14.01,6.79,9.92
35092,3,4,1,2011,-2.8833333333333333,13.83,6.9,10.03
35093,3,5,1,2011,-2.999166666666667,13.61,6.86,9.94
35094,3,6,1,2011,-3.2558333333333334,13.21,6.8500000000000005,9.86
35095,3,7,1,2011,-3.5483333333333333,12.82,6.76,9.68
35096,3,8,1,2011,-3.954166666666667,11.91,6.5200000000000005,9.25
35097,3,9,1,2011,-4.464166666666666,11.0,6.11,8.74
35098,3,10,1,2011,-4.899166666666667,10.0,5.86,8.39
35099,3,11,1,2011,-5.260000000000001,9.39,5.65,7.97
35100,3,12,1,2011,-5.572499999999999,9.23,6.17,8.44
35101,3,13,1,2011,-5.795833333333333,9.42,6.17,8.44
35102,3,14,1,2011,-5.710000000000001,9.03,5.58,7.79
35103,3,15,1,2011,-4.553333333333334,7.52,3.99,5.34
35104,3,16,1,2011,-2.715833333333333,5.38,3.0,3.41
35105,3,17,1,2011,-1.025,2.71,2.11,2.41
35106,3,18,1,2011,0.3458333333333334,2.18,1.83,2.09
35107,3,19,1,2011,1.41,2.81,2.31,2.68
35108,3,20,1,2011,1.9666666666666668,2.9,2.32,2.7
35109,3,21,1,2011,2.1008333333333336,3.21,2.29,2.7
35110,3,22,1,2011,0.8358333333333331,5.07,1.75,3.5700000000000003
35111,3,23,1,2011,-0.6816666666666666,6.29,2.99,5.3500000000000005
35112,4,0,1,2011,-1.1033333333333333,7.75,4.16,6.6400000000000015
35113,4,1,1,2011,-1.5708333333333335,10.46,4.32,7.62
35114,4,2,1,2011,-1.7925000000000002,13.76,5.76,9.26
35115,4,3,1,2011,-2.3858333333333337,13.31,6.24,9.34
35116,4,4,1,2011,-3.2516666666666665,13.12,5.62,8.83
35117,4,5,1,2011,-4.073333333333333,10.72,3.81,6.99
35118,4,6,1,2011,-4.925833333333334,9.68,3.48,6.65
35119,4,7,1,2011,-5.807500000000001,7.82,2.17,5.11
35120,4,8,1,2011,-6.2583333333333355,6.23,2.26,4.55
35121,4,9,1,2011,-6.6625000000000005,5.95,2.47,4.39
35122,4,10,1,2011,-7.065,5.97,2.76,4.1
35123,4,11,1,2011,-7.386666666666667,7.1400000000000015,3.2,4.92
35124,4,12,1,2011,-7.663333333333334,7.17,3.39,5.03
35125,4,13,1,2011,-7.9725,6.57,3.13,4.76
35126,4,14,1,2011,-7.540833333333334,5.62,3.18,4.79
35127,4,15,1,2011,-6.033333333333335,4.34,2.79,3.5700000000000003
35128,4,16,1,2011,-4.1775,4.73,3.69,4.37
35129,4,17,1,2011,-2.7358333333333333,5.08,4.0600000000000005,4.78
35130,4,18,1,2011,-1.4299999999999997,5.3,4.09,4.9
35131,4,19,1,2011,-0.16083333333333333,5.72,4.29,5.2
35132,4,20,1,2011,0.8766666666666668,6.71,4.98,6.09
35133,4,21,1,2011,0.9275000000000001,7.34,5.19,6.37
35134,4,22,1,2011,-0.18333333333333335,9.32,4.58,7.52
35135,4,23,1,2011,-1.1241666666666668,10.77,5.84,8.64
35136,5,0,1,2011,-1.691666666666667,11.35,6.2,9.06
35137,5,1,1,2011,-1.8983333333333332,11.74,6.16,9.1
35138,5,2,1,2011,-2.0425,11.87,5.87,8.88
35139,5,3,1,2011,-1.9750000000000003,11.59,5.59,8.6
35140,5,4,1,2011,-2.0316666666666667,11.55,5.68,8.620000000000001
35141,5,5,1,2011,-2.3175,11.69,5.79,8.700000000000001
35142,5,6,1,2011,-2.424166666666667,12.25,6.44,9.3
35143,5,7,1,2011,-2.9475,12.39,6.54,9.35
35144,5,8,1,2011,-3.3033333333333332,12.52,6.33,9.19
35145,5,9,1,2011,-3.4600000000000004,12.68,6.69,9.49
35146,5,10,1,2011,-3.7133333333333343,12.78,6.75,9.55
35147,5,11,1,2011,-4.1433333333333335,12.48,6.3500000000000005,9.04
35148,5,12,1,2011,-4.6866666666666665,11.7,6.28,8.790000000000001
35149,5,13,1,2011,-5.318333333333334,10.63,5.88,8.18
35150,5,14,1,2011,-5.166666666666667,10.03,5.3100000000000005,7.31
35151,5,15,1,2011,-3.466666666666667,9.23,4.96,6.83
35152,5,16,1,2011,-1.4749999999999999,6.6400000000000015,3.89,4.46
35153,5,17,1,2011,0.1558333333333333,5.2,4.11,4.87
35154,5,18,1,2011,1.3125,5.23,4.14,4.9
35155,5,19,1,2011,2.3066666666666666,4.86,3.88,4.58
35156,5,20,1,2011,2.9625,5.08,3.99,4.7700000000000005
35157,5,21,1,2011,2.9525,6.55,3.97,5.33
35158,5,22,1,2011,1.8158333333333339,8.09,4.03,6.71
35159,5,23,1,2011,0.6041666666666666,11.69,4.72,8.13
35160,6,0,1,2011,-0.0775,12.76,5.2,8.69
35161,6,1,1,2011,-0.2358333333333333,13.52,5.62,9.1
35162,6,2,1,2011,-0.5233333333333333,12.8,5.37,8.83
35163,6,3,1,2011,-0.7358333333333333,12.78,5.51,8.77
35164,6,4,1,2011,-0.8433333333333333,11.81,5.18,8.31
35165,6,5,1,2011,-1.0108333333333335,11.29,5.0200000000000005,7.9300000000000015
35166,6,6,1,2011,-1.1991666666666667,10.86,4.7700000000000005,7.56
35167,6,7,1,2011,-1.3508333333333333,10.09,4.67,7.34
35168,6,8,1,2011,-1.7,9.18,4.32,6.88
35169,6,9,1,2011,-1.946666666666667,9.59,4.3100000000000005,6.87
35170,6,10,1,2011,-1.8716666666666664,10.25,4.72,7.27
35171,6,11,1,2011,-1.8941666666666663,11.5,5.14,7.72
35172,6,12,1,2011,-1.8333333333333333,13.01,5.96,8.89
35173,6,13,1,2011,-1.615,13.58,6.38,9.45
35174,6,14,1,2011,-1.0483333333333333,13.61,6.78,9.51
35175,6,15,1,2011,0.9508333333333333,11.1,6.47,8.66
35176,6,16,1,2011,2.6125000000000003,10.5,6.3100000000000005,8.01
35177,6,17,1,2011,3.769166666666667,8.38,5.92,7.35
35178,6,18,1,2011,4.588333333333334,7.35,5.3,6.5200000000000005
35179,6,19,1,2011,5.1025,7.16,5.25,6.44
35180,6,20,1,2011,5.538333333333334,7.25,5.22,6.45
35181,6,21,1,2011,5.3999999999999995,7.34,4.95,6.17
35182,6,22,1,2011,3.5374999999999996,8.63,3.44,6.72
35183,6,23,1,2011,2.431666666666667,8.870000000000003,3.82,7.01
35184,7,0,1,2011,1.8291666666666666,10.87,4.42,8.01
35185,7,1,1,2011,1.7200000000000004,13.43,5.04,9.02
35186,7,2,1,2011,1.465,13.74,5.19,9.02
35187,7,3,1,2011,1.7916666666666667,13.78,5.5,9.04
35188,7,4,1,2011,1.415,13.98,5.65,9.21
35189,7,5,1,2011,1.4975000000000003,13.17,6.13,9.31
35190,7,6,1,2011,1.6425,14.26,6.88,10.05
35191,7,7,1,2011,1.3991666666666667,14.35,6.9,10.08
35192,7,8,1,2011,1.5016666666666667,15.35,7.65,11.02
35193,7,9,1,2011,1.55,15.48,7.77,11.15
35194,7,10,1,2011,1.4175000000000002,15.25,7.69,11.04
35195,7,11,1,2011,1.3891666666666669,16.96,9.43,13.02
35196,7,12,1,2011,0.7791666666666665,16.92,9.42,13.01
35197,7,13,1,2011,-0.09166666666666667,15.73,8.38,11.79
35198,7,14,1,2011,-0.10083333333333333,18.0,11.46,14.91
35199,7,15,1,2011,0.3925,17.3,11.12,14.42
35200,7,16,1,2011,0.7808333333333333,16.44,11.39,14.36
35201,7,17,1,2011,0.9566666666666667,15.63,10.9,13.61
35202,7,18,1,2011,1.06,15.54,10.9,13.52
35203,7,19,1,2011,1.0525000000000004,15.0,10.56,13.19
35204,7,20,1,2011,0.9166666666666666,15.36,10.78,13.55
35205,7,21,1,2011,0.33499999999999996,14.96,10.33,13.09
35206,7,22,1,2011,-0.7466666666666667,14.16,9.57,12.2
35207,7,23,1,2011,-1.9600000000000006,13.12,7.22,10.07
35208,8,0,1,2011,-2.4983333333333335,15.87,9.29,12.56
35209,8,1,1,2011,-2.923333333333334,17.740000000000006,11.12,14.68
35210,8,2,1,2011,-3.7750000000000004,15.79,9.72,12.89
35211,8,3,1,2011,-4.3808333333333325,11.6,7.72,9.76
35212,8,4,1,2011,-5.043333333333334,10.48,6.6400000000000015,8.43
35213,8,5,1,2011,-5.725833333333334,9.28,6.59,8.22
35214,8,6,1,2011,-6.433333333333334,10.78,7.66,9.54
35215,8,7,1,2011,-7.583333333333335,11.03,7.8,9.74
35216,8,8,1,2011,-8.215,9.94,6.6400000000000015,8.42
35217,8,9,1,2011,-8.791666666666668,8.36,5.8100000000000005,7.28
35218,8,10,1,2011,-9.066666666666666,7.13,5.01,6.22
35219,8,11,1,2011,-9.5925,8.08,5.8100000000000005,7.18
35220,8,12,1,2011,-10.264999999999999,8.35,5.97,7.4
35221,8,13,1,2011,-10.823333333333332,7.82,5.55,6.8900000000000015
35222,8,14,1,2011,-10.901666666666666,7.16,4.93,6.11
35223,8,15,1,2011,-10.816666666666665,5.5600000000000005,4.34,5.17
35224,8,16,1,2011,-10.514999999999999,5.58,4.36,5.18
35225,8,17,1,2011,-9.800833333333333,4.28,3.33,3.96
35226,8,18,1,2011,-9.111666666666666,3.87,3.16,3.68
35227,8,19,1,2011,-8.565833333333334,3.94,3.21,3.74
35228,8,20,1,2011,-8.090000000000002,3.91,3.13,3.67
35229,8,21,1,2011,-7.874166666666665,3.61,2.91,3.41
35230,8,22,1,2011,-7.951666666666667,3.7,2.91,3.46
35231,8,23,1,2011,-8.085833333333333,3.81,3.04,3.6
35232,9,0,1,2011,-8.134166666666667,4.32,3.38,4.03
35233,9,1,1,2011,-8.103333333333333,4.44,3.43,4.12
35234,9,2,1,2011,-7.970833333333335,4.33,3.3200000000000003,3.99
35235,9,3,1,2011,-7.853333333333334,4.94,3.73,4.53
35236,9,4,1,2011,-7.738333333333332,5.17,3.9,4.74
35237,9,5,1,2011,-7.690833333333333,5.54,4.15,5.07
35238,9,6,1,2011,-7.771666666666666,5.66,4.2,5.15
35239,9,7,1,2011,-7.929166666666667,5.93,4.41,5.4
35240,9,8,1,2011,-8.039166666666667,6.3,4.65,5.71
35241,9,9,1,2011,-8.6175,6.79,5.0,6.1400000000000015
35242,9,10,1,2011,-9.219166666666668,7.03,5.18,6.36
35243,9,11,1,2011,-9.390833333333333,7.15,5.22,6.42
35244,9,12,1,2011,-9.408333333333335,7.36,5.36,6.6000000000000005
35245,9,13,1,2011,-9.3775,6.99,5.11,6.2700000000000005
35246,9,14,1,2011,-9.219166666666668,7.5,5.57,6.8100000000000005
35247,9,15,1,2011,-8.609999999999998,7.44,5.57,6.78
35248,9,16,1,2011,-7.590833333333333,7.12,5.36,6.51
35249,9,17,1,2011,-6.680833333333332,6.74,5.08,6.16
35250,9,18,1,2011,-6.016666666666667,6.66,5.0600000000000005,6.12
35251,9,19,1,2011,-5.420833333333333,7.03,5.3,6.44
35252,9,20,1,2011,-4.855833333333333,6.87,5.17,6.28
35253,9,21,1,2011,-4.564166666666667,7.13,5.21,6.44
35254,9,22,1,2011,-4.6375,7.35,5.23,6.47
35255,9,23,1,2011,-4.9575000000000005,8.58,5.48,7.15
35256,10,0,1,2011,-5.1325,9.17,6.07,7.78
35257,10,1,1,2011,-5.050833333333334,8.700000000000001,5.17,7.22
35258,10,2,1,2011,-4.8933333333333335,7.81,4.8,6.3
35259,10,3,1,2011,-4.764166666666667,7.18,4.5200000000000005,5.91
35260,10,4,1,2011,-4.741666666666667,5.73,3.41,4.5600000000000005
35261,10,5,1,2011,-4.793333333333333,5.79,3.5700000000000003,4.72
35262,10,6,1,2011,-4.8175,6.55,4.0600000000000005,5.3500000000000005
35263,10,7,1,2011,-4.802499999999999,6.69,4.12,5.44
35264,10,8,1,2011,-4.803333333333334,6.46,3.86,5.16
35265,10,9,1,2011,-4.858333333333333,6.09,3.54,4.78
35266,10,10,1,2011,-4.953333333333334,5.78,3.45,4.61
35267,10,11,1,2011,-5.158333333333333,5.65,3.68,4.74
35268,10,12,1,2011,-6.233333333333333,5.9,4.21,5.21
35269,10,13,1,2011,-6.354166666666665,4.87,3.34,4.09
35270,10,14,1,2011,-6.273333333333333,4.19,2.98,3.6
35271,10,15,1,2011,-6.04,3.47,2.63,3.15
35272,10,16,1,2011,-5.627499999999999,3.3000000000000003,2.56,3.06
35273,10,17,1,2011,-5.1383333333333345,2.72,2.16,2.5500000000000003
35274,10,18,1,2011,-4.5975,2.31,1.92,2.22
35275,10,19,1,2011,-4.234166666666666,1.81,1.55,1.77
35276,10,20,1,2011,-4.155,4.09,3.24,3.86
35277,10,21,1,2011,-4.45,4.18,3.28,3.91
35278,10,22,1,2011,-4.588333333333334,3.92,2.78,3.41
35279,10,23,1,2011,-5.468333333333334,7.78,5.18,6.5200000000000005
35280,11,0,1,2011,-5.983333333333333,8.51,5.22,6.7700000000000005
35281,11,1,1,2011,-6.2175,8.63,5.34,6.8900000000000015
35282,11,2,1,2011,-7.834166666666668,10.97,7.71,9.63
35283,11,3,1,2011,-9.060833333333333,10.28,7.1400000000000015,8.98
35284,11,4,1,2011,-9.8125,10.41,7.23,9.09
35285,11,5,1,2011,-10.395000000000001,10.71,7.42,9.34
35286,11,6,1,2011,-10.958333333333336,10.82,7.4,9.34
35287,11,7,1,2011,-11.987499999999999,12.13,7.41,9.61
35288,11,8,1,2011,-12.939166666666665,13.12,7.62,10.31
35289,11,9,1,2011,-13.189166666666665,14.31,8.56,11.39
35290,11,10,1,2011,-13.54,13.09,7.45,10.11
35291,11,11,1,2011,-13.875000000000002,13.86,8.14,10.96
35292,11,12,1,2011,-14.320833333333335,13.87,8.18,10.98
35293,11,13,1,2011,-14.939999999999998,15.62,9.73,12.77
35294,11,14,1,2011,-15.119166666666667,15.28,9.48,12.43
35295,11,15,1,2011,-14.647499999999999,13.9,9.93,12.32
35296,11,16,1,2011,-14.0,14.34,10.47,12.89
35297,11,17,1,2011,-13.272499999999999,13.53,9.92,12.21
35298,11,18,1,2011,-12.536666666666667,12.49,9.05,11.2
35299,11,19,1,2011,-12.173333333333334,12.12,8.63,10.76
35300,11,20,1,2011,-12.061666666666666,12.13,8.6,10.75
35301,11,21,1,2011,-12.158333333333333,11.82,8.22,10.34
35302,11,22,1,2011,-12.777499999999998,11.44,7.62,9.7
35303,11,23,1,2011,-13.774166666666666,12.0,5.5200000000000005,8.38
35304,12,0,1,2011,-14.217499999999996,13.28,6.7,9.64
35305,12,1,1,2011,-14.819166666666668,14.04,7.25,10.28
35306,12,2,1,2011,-15.144166666666665,14.28,7.83,10.84
35307,12,3,1,2011,-15.694999999999999,13.64,7.41,10.26
35308,12,4,1,2011,-16.31083333333333,12.99,7.11,9.79
35309,12,5,1,2011,-16.826666666666664,12.07,6.57,9.09
35310,12,6,1,2011,-17.044999999999998,11.94,6.5600000000000005,9.01
35311,12,7,1,2011,-17.048333333333336,11.78,6.4,8.84
35312,12,8,1,2011,-17.013333333333335,11.34,5.84,8.290000000000001
35313,12,9,1,2011,-16.81916666666667,11.58,5.99,8.45
35314,12,10,1,2011,-16.602500000000003,11.67,6.07,8.55
35315,12,11,1,2011,-16.673333333333332,11.4,5.7,8.15
35316,12,12,1,2011,-16.670833333333334,11.04,5.17,7.62
35317,12,13,1,2011,-16.672500000000003,11.04,5.13,7.57
35318,12,14,1,2011,-16.209166666666665,10.82,5.71,7.75
35319,12,15,1,2011,-15.230833333333331,9.45,5.62,6.95
35320,12,16,1,2011,-14.080833333333333,7.54,5.5600000000000005,6.78
35321,12,17,1,2011,-13.027499999999998,6.69,5.1000000000000005,6.16
35322,12,18,1,2011,-11.985000000000001,6.42,4.9,5.92
35323,12,19,1,2011,-11.284999999999998,6.61,5.1000000000000005,6.1400000000000015
35324,12,20,1,2011,-10.940833333333336,6.69,5.16,6.21
35325,12,21,1,2011,-10.979999999999999,6.13,4.69,5.67
35326,12,22,1,2011,-11.974166666666669,6.1000000000000005,3.91,5.19
35327,12,23,1,2011,-13.53,6.48,3.12,5.76
35328,13,0,1,2011,-14.405833333333335,6.41,2.89,5.74
35329,13,1,1,2011,-15.13916666666667,5.66,2.53,5.0200000000000005
35330,13,2,1,2011,-15.260833333333332,4.7,3.34,5.26
35331,13,3,1,2011,-15.554166666666667,4.79,3.35,5.22
35332,13,4,1,2011,-15.958333333333334,4.16,2.2,3.95
35333,13,5,1,2011,-15.926666666666662,4.07,2.52,3.89
35334,13,6,1,2011,-15.679166666666665,4.7,3.0500000000000003,4.47
35335,13,7,1,2011,-15.645000000000001,6.44,3.31,5.37
35336,13,8,1,2011,-15.287500000000001,8.35,4.19,6.44
35337,13,9,1,2011,-15.420000000000002,9.6,4.29,6.57
35338,13,10,1,2011,-14.55083333333333,11.01,5.54,7.87
35339,13,11,1,2011,-14.275,11.31,5.95,8.28
35340,13,12,1,2011,-14.239166666666668,11.9,6.34,8.74
35341,13,13,1,2011,-14.173333333333332,12.02,6.42,8.82
35342,13,14,1,2011,-13.358333333333333,11.78,6.95,9.13
35343,13,15,1,2011,-11.505833333333333,10.91,6.32,8.67
35344,13,16,1,2011,-9.543333333333331,8.89,6.44,7.84
35345,13,17,1,2011,-7.598333333333333,8.47,6.26,7.6400000000000015
35346,13,18,1,2011,-5.435,9.63,6.9,8.55
35347,13,19,1,2011,-4.09,9.81,7.09,8.76
35348,13,20,1,2011,-3.2325,9.35,6.7700000000000005,8.370000000000001
35349,13,21,1,2011,-2.4941666666666666,8.64,6.01,7.55
35350,13,22,1,2011,-3.786666666666667,9.07,3.88,6.68
35351,13,23,1,2011,-4.7008333333333345,11.11,4.83,8.21
35352,14,0,1,2011,-4.516666666666667,11.87,5.25,8.63
35353,14,1,1,2011,-4.756666666666667,11.96,5.36,8.71
35354,14,2,1,2011,-4.814166666666667,11.86,5.48,8.75
35355,14,3,1,2011,-4.985833333333334,11.07,5.47,8.65
35356,14,4,1,2011,-5.269166666666667,10.23,5.32,8.28
35357,14,5,1,2011,-5.7175,8.88,5.09,7.82
35358,14,6,1,2011,-6.163333333333333,7.55,4.73,7.2
35359,14,7,1,2011,-6.958333333333332,6.09,4.07,6.17
35360,14,8,1,2011,-7.6375,4.28,2.87,4.22
35361,14,9,1,2011,-7.673333333333332,4.37,2.77,4.36
35362,14,10,1,2011,-8.1375,3.45,2.9,4.3500000000000005
35363,14,11,1,2011,-8.786666666666667,2.84,2.46,3.89
35364,14,12,1,2011,-8.7875,3.71,2.4,3.51
35365,14,13,1,2011,-8.778333333333334,3.74,2.15,2.69
35366,14,14,1,2011,-8.318333333333333,2.94,1.09,1.4
35367,14,15,1,2011,-7.190833333333333,1.8,0.91,0.9
35368,14,16,1,2011,-5.903333333333332,1.13,0.96,0.99
35369,14,17,1,2011,-4.461666666666667,1.19,1.17,1.24
35370,14,18,1,2011,-2.9975,3.28,2.73,3.14
35371,14,19,1,2011,-1.4658333333333333,5.0,4.18,4.83
35372,14,20,1,2011,-0.5858333333333333,2.75,2.14,2.53
35373,14,21,1,2011,-0.1691666666666667,3.89,2.71,3.21
35374,14,22,1,2011,-1.3541666666666663,5.37,2.04,3.86
35375,14,23,1,2011,-2.3225,8.700000000000001,4.21,6.9
35376,15,0,1,2011,-2.4533333333333336,10.07,4.61,7.67
35377,15,1,1,2011,-2.6,11.27,5.03,8.03
35378,15,2,1,2011,-2.7116666666666664,12.39,6.2,9.15
35379,15,3,1,2011,-2.4550000000000005,12.53,6.37,9.27
35380,15,4,1,2011,-2.455833333333333,12.63,6.3,9.16
35381,15,5,1,2011,-2.555833333333333,12.89,6.21,8.91
35382,15,6,1,2011,-1.881666666666667,13.09,6.21,9.09
35383,15,7,1,2011,-2.1,12.78,6.29,9.18
35384,15,8,1,2011,-2.7900000000000005,13.08,6.67,9.54
35385,15,9,1,2011,-3.9050000000000007,12.79,7.1000000000000005,9.83
35386,15,10,1,2011,-5.535,14.01,8.33,11.2
35387,15,11,1,2011,-7.395833333333333,13.48,7.91,10.68
35388,15,12,1,2011,-8.304166666666667,12.74,7.3900000000000015,10.01
35389,15,13,1,2011,-9.275,12.42,7.25,9.77
35390,15,14,1,2011,-9.629166666666668,10.98,6.53,8.39
35391,15,15,1,2011,-9.487499999999999,8.61,6.32,7.73
35392,15,16,1,2011,-8.954166666666666,7.51,5.76,6.94
35393,15,17,1,2011,-8.305833333333334,6.96,5.34,6.43
35394,15,18,1,2011,-7.712500000000001,6.57,5.01,6.03
35395,15,19,1,2011,-7.210833333333334,6.69,5.1000000000000005,6.1400000000000015
35396,15,20,1,2011,-6.983333333333333,5.98,4.5200000000000005,5.47
35397,15,21,1,2011,-7.2175,6.15,4.64,5.62
35398,15,22,1,2011,-7.8975,6.29,4.5600000000000005,5.58
35399,15,23,1,2011,-8.904166666666667,7.17,4.2700000000000005,5.79
35400,16,0,1,2011,-9.500833333333333,7.74,4.55,6.13
35401,16,1,1,2011,-10.078333333333335,7.79,4.74,6.2700000000000005
35402,16,2,1,2011,-10.663333333333332,7.86,4.71,6.24
35403,16,3,1,2011,-11.325000000000001,8.33,4.79,6.41
35404,16,4,1,2011,-11.874166666666667,7.5,3.98,5.46
35405,16,5,1,2011,-12.360833333333337,7.29,3.08,4.9
35406,16,6,1,2011,-12.848333333333334,7.1000000000000005,3.06,4.88
35407,16,7,1,2011,-13.243333333333334,6.41,2.96,4.71
35408,16,8,1,2011,-13.60416666666667,5.99,2.84,4.53
35409,16,9,1,2011,-13.986666666666666,4.95,2.5500000000000003,4.19
35410,16,10,1,2011,-14.351666666666667,4.11,1.98,3.58
35411,16,11,1,2011,-14.638333333333334,3.5,1.35,2.9
35412,16,12,1,2011,-14.744166666666667,3.14,1.02,2.48
35413,16,13,1,2011,-14.561666666666667,3.27,1.18,2.35
35414,16,14,1,2011,-13.985833333333332,2.72,0.99,1.75
35415,16,15,1,2011,-12.775833333333333,1.89,1.57,1.79
35416,16,16,1,2011,-11.195,2.13,1.71,1.99
35417,16,17,1,2011,-9.580833333333333,2.37,1.93,2.24
35418,16,18,1,2011,-8.294166666666667,3.12,2.51,2.94
35419,16,19,1,2011,-7.272500000000001,3.58,2.8000000000000003,3.3200000000000003
35420,16,20,1,2011,-6.486666666666667,4.33,3.34,4.01
35421,16,21,1,2011,-6.170833333333333,4.87,3.64,4.46
35422,16,22,1,2011,-6.5633333333333335,6.86,3.7,5.44
35423,16,23,1,2011,-7.239999999999998,8.17,3.66,5.98
35424,17,0,1,2011,-7.104166666666665,9.16,4.41,6.5600000000000005
35425,17,1,1,2011,-6.934166666666666,9.37,4.8100000000000005,6.84
35426,17,2,1,2011,-6.808333333333334,9.73,5.49,7.46
35427,17,3,1,2011,-6.2575,9.86,5.72,7.7
35428,17,4,1,2011,-5.493333333333333,9.51,5.7,7.57
35429,17,5,1,2011,-4.9375,9.65,5.8500000000000005,7.74
35430,17,6,1,2011,-4.344166666666666,11.87,7.44,9.75
35431,17,7,1,2011,-3.353333333333333,14.31,9.44,12.1
35432,17,8,1,2011,-2.4841666666666664,13.47,8.3,10.91
35433,17,9,1,2011,-1.6341666666666665,15.12,9.53,12.38
35434,17,10,1,2011,-1.0383333333333333,15.32,9.6,12.49
35435,17,11,1,2011,-0.5433333333333333,16.4,10.24,13.4
35436,17,12,1,2011,0.0625,16.59,10.41,13.59
35437,17,13,1,2011,0.5850000000000001,16.28,10.05,13.19
35438,17,14,1,2011,0.985,15.71,9.7,12.67
35439,17,15,1,2011,1.8116666666666672,15.19,10.0,12.77
35440,17,16,1,2011,2.6474999999999995,13.78,8.68,10.96
35441,17,17,1,2011,3.3241666666666667,11.15,8.18,10.0
35442,17,18,1,2011,4.187499999999999,8.77,6.42,7.9
35443,17,19,1,2011,5.086666666666667,8.1,6.04,7.37
35444,17,20,1,2011,5.085833333333333,7.19,5.34,6.5200000000000005
35445,17,21,1,2011,4.750000000000001,6.49,4.42,5.4
35446,17,22,1,2011,3.685,7.73,3.62,5.91
35447,17,23,1,2011,3.4041666666666663,9.72,4.46,6.96
35448,18,0,1,2011,2.8366666666666673,9.57,4.92,7.1000000000000005
35449,18,1,1,2011,2.2658333333333336,11.12,6.42,8.700000000000001
35450,18,2,1,2011,1.4391666666666667,12.88,8.08,10.64
35451,18,3,1,2011,-0.49500000000000005,15.85,9.64,12.95
35452,18,4,1,2011,-2.669166666666667,13.46,8.3,11.03
35453,18,5,1,2011,-4.401666666666666,13.21,8.36,10.94
35454,18,6,1,2011,-5.835,12.66,7.82,10.33
35455,18,7,1,2011,-7.509166666666668,11.85,7.47,9.78
35456,18,8,1,2011,-9.179166666666667,12.8,8.3,10.68
35457,18,9,1,2011,-10.479166666666666,11.35,7.88,9.92
35458,18,10,1,2011,-11.4475,9.91,6.99,8.78
35459,18,11,1,2011,-12.7525,8.65,6.09,7.65
35460,18,12,1,2011,-13.558333333333332,8.11,5.82,7.24
35461,18,13,1,2011,-14.174999999999999,8.35,6.0600000000000005,7.52
35462,18,14,1,2011,-14.546666666666669,8.15,5.98,7.37
35463,18,15,1,2011,-14.229166666666666,7.58,5.74,6.99
35464,18,16,1,2011,-13.473333333333334,7.16,5.49,6.65
35465,18,17,1,2011,-12.601666666666667,6.33,4.9,5.89
35466,18,18,1,2011,-11.66916666666667,5.95,4.58,5.51
35467,18,19,1,2011,-10.839999999999998,5.55,4.29,5.15
35468,18,20,1,2011,-10.292499999999999,5.75,4.45,5.3500000000000005
35469,18,21,1,2011,-10.1825,5.84,4.49,5.42
35470,18,22,1,2011,-10.460833333333333,5.78,4.34,5.3
35471,18,23,1,2011,-10.970833333333333,5.8500000000000005,4.3,5.3
35472,19,0,1,2011,-11.513333333333334,5.72,4.19,5.16
35473,19,1,1,2011,-11.875,6.0,4.03,5.04
35474,19,2,1,2011,-12.281666666666668,6.01,3.79,4.91
35475,19,3,1,2011,-12.705833333333333,6.44,3.9,5.15
35476,19,4,1,2011,-13.175833333333332,6.3900000000000015,3.91,5.16
35477,19,5,1,2011,-13.68,6.11,3.56,4.83
35478,19,6,1,2011,-14.175833333333335,6.63,3.7,5.01
35479,19,7,1,2011,-14.616666666666662,6.79,3.74,5.05
35480,19,8,1,2011,-14.9925,6.8500000000000005,3.78,5.13
35481,19,9,1,2011,-15.330833333333333,6.59,3.64,4.93
35482,19,10,1,2011,-15.674999999999997,6.22,3.4,4.62
35483,19,11,1,2011,-16.032500000000002,5.96,3.3000000000000003,4.43
35484,19,12,1,2011,-16.2525,5.66,3.21,4.26
35485,19,13,1,2011,-16.201666666666668,4.5200000000000005,3.38,3.97
35486,19,14,1,2011,-15.9975,4.5600000000000005,3.67,4.3
35487,19,15,1,2011,-15.521666666666667,4.3100000000000005,3.48,4.07
35488,19,16,1,2011,-14.705833333333333,3.45,2.87,3.33
35489,19,17,1,2011,-13.806666666666667,3.29,2.71,3.15
35490,19,18,1,2011,-13.0875,2.72,2.24,2.6
35491,19,19,1,2011,-12.81,3.61,2.84,3.38
35492,19,20,1,2011,-12.455,4.57,3.5700000000000003,4.28
35493,19,21,1,2011,-12.370833333333335,5.18,3.92,4.75
35494,19,22,1,2011,-12.439166666666667,5.5600000000000005,3.96,4.86
35495,19,23,1,2011,-12.543333333333331,5.58,3.86,4.76
35496,20,0,1,2011,-12.784999999999998,6.13,4.16,5.19
35497,20,1,1,2011,-13.170833333333336,6.7700000000000005,4.47,5.6000000000000005
35498,20,2,1,2011,-13.449166666666668,6.87,4.63,5.8
35499,20,3,1,2011,-13.668333333333331,6.8500000000000005,4.62,5.78
35500,20,4,1,2011,-13.790833333333333,6.47,4.32,5.4
35501,20,5,1,2011,-13.834166666666667,6.24,4.1,5.14
35502,20,6,1,2011,-13.821666666666667,6.42,4.3,5.38
35503,20,7,1,2011,-13.788333333333332,6.8100000000000005,4.2,5.2700000000000005
35504,20,8,1,2011,-13.62,6.74,4.08,5.25
35505,20,9,1,2011,-13.385833333333332,6.67,4.15,5.3500000000000005
35506,20,10,1,2011,-13.411666666666667,7.54,3.91,5.47
35507,20,11,1,2011,-13.821666666666665,8.65,3.92,6.3100000000000005
35508,20,12,1,2011,-14.62833333333333,9.28,4.22,7.25
35509,20,13,1,2011,-14.619999999999997,9.38,4.33,7.5
35510,20,14,1,2011,-13.502500000000003,9.64,4.97,7.29
35511,20,15,1,2011,-11.906666666666666,8.82,4.84,6.6000000000000005
35512,20,16,1,2011,-9.674166666666666,7.98,4.58,5.49
35513,20,17,1,2011,-8.120833333333332,7.3900000000000015,5.6000000000000005,6.74
35514,20,18,1,2011,-7.279166666666666,7.35,5.6000000000000005,6.72
35515,20,19,1,2011,-6.851666666666667,7.29,5.51,6.67
35516,20,20,1,2011,-6.724999999999999,6.63,4.98,6.0600000000000005
35517,20,21,1,2011,-6.954999999999999,6.6400000000000015,4.95,6.03
35518,20,22,1,2011,-8.548333333333334,7.86,3.58,6.57
35519,20,23,1,2011,-10.650833333333333,9.31,3.78,7.5
35520,21,0,1,2011,-11.538333333333334,9.26,4.28,7.75
35521,21,1,1,2011,-12.533333333333333,8.540000000000001,3.86,7.42
35522,21,2,1,2011,-13.064166666666665,8.49,3.56,7.33
35523,21,3,1,2011,-13.809166666666664,6.41,3.0700000000000003,6.3
35524,21,4,1,2011,-14.934166666666664,5.82,2.32,5.26
35525,21,5,1,2011,-15.980833333333335,3.85,1.3,2.79
35526,21,6,1,2011,-16.825000000000003,5.3500000000000005,2.12,4.25
35527,21,7,1,2011,-17.280833333333334,6.13,2.98,4.8500000000000005
35528,21,8,1,2011,-15.548333333333334,6.58,3.31,4.6000000000000005
35529,21,9,1,2011,-15.0675,7.09,3.41,4.8500000000000005
35530,21,10,1,2011,-14.486666666666666,7.63,4.01,5.5600000000000005
35531,21,11,1,2011,-13.625833333333338,8.370000000000001,4.71,6.25
35532,21,12,1,2011,-12.912500000000001,8.59,4.64,5.98
35533,21,13,1,2011,-12.4525,8.78,4.97,6.8500000000000005
35534,21,14,1,2011,-11.795,8.64,5.01,6.75
35535,21,15,1,2011,-10.978333333333333,8.22,5.58,6.74
35536,21,16,1,2011,-9.831666666666667,7.81,5.61,6.74
35537,21,17,1,2011,-8.528333333333334,6.6400000000000015,5.1000000000000005,6.07
35538,21,18,1,2011,-7.285833333333334,5.4,4.2700000000000005,5.05
35539,21,19,1,2011,-6.32,4.51,3.62,4.26
35540,21,20,1,2011,-5.445,3.62,2.9,3.41
35541,21,21,1,2011,-4.841666666666667,2.84,2.25,2.65
35542,21,22,1,2011,-5.840833333333332,1.91,0.88,1.58
35543,21,23,1,2011,-7.6549999999999985,1.06,0.16,0.62
35544,22,0,1,2011,-8.579166666666667,2.04,0.47,0.99
35545,22,1,1,2011,-8.904166666666667,3.62,1.36,2.5
35546,22,2,1,2011,-8.887500000000001,4.72,2.3000000000000003,3.74
35547,22,3,1,2011,-8.978333333333333,5.72,3.0700000000000003,5.04
35548,22,4,1,2011,-9.243333333333334,5.92,3.4,5.63
35549,22,5,1,2011,-9.443333333333333,6.01,3.85,5.9
35550,22,6,1,2011,-9.68,5.98,4.1,6.2
35551,22,7,1,2011,-9.855833333333335,6.62,4.23,6.19
35552,22,8,1,2011,-9.360833333333334,6.63,4.18,5.95
35553,22,9,1,2011,-9.341666666666669,6.63,4.3500000000000005,5.89
35554,22,10,1,2011,-8.841666666666667,6.45,4.2700000000000005,5.74
35555,22,11,1,2011,-10.174166666666666,5.3500000000000005,4.22,5.16
35556,22,12,1,2011,-9.883333333333333,4.13,4.42,6.19
35557,22,13,1,2011,-9.029166666666667,3.39,4.18,5.55
35558,22,14,1,2011,-8.1775,2.91,4.09,5.5
35559,22,15,1,2011,-6.605833333333334,3.29,3.44,4.88
35560,22,16,1,2011,-2.9675000000000007,2.76,2.19,3.38
35561,22,17,1,2011,-1.3424999999999996,3.63,3.09,3.54
35562,22,18,1,2011,-0.9133333333333332,4.32,3.61,4.17
35563,22,19,1,2011,-0.48999999999999994,3.64,3.0700000000000003,3.52
35564,22,20,1,2011,-0.29333333333333333,4.75,3.84,4.5
35565,22,21,1,2011,-0.6216666666666666,6.43,3.92,5.16
35566,22,22,1,2011,-1.0533333333333332,7.87,5.24,6.69
35567,22,23,1,2011,-2.0733333333333337,9.31,5.62,7.35
35568,23,0,1,2011,-2.4475,8.98,5.24,7.0
35569,23,1,1,2011,-2.6066666666666665,9.8,6.29,8.09
35570,23,2,1,2011,-2.6283333333333334,10.03,6.49,8.34
35571,23,3,1,2011,-2.8816666666666664,10.14,6.65,8.51
35572,23,4,1,2011,-3.47,10.16,6.84,8.68
35573,23,5,1,2011,-4.3725,10.6,7.42,9.28
35574,23,6,1,2011,-6.5825,11.24,7.81,9.77
35575,23,7,1,2011,-7.858333333333333,11.21,7.35,9.57
35576,23,8,1,2011,-8.819166666666668,10.83,7.18,9.63
35577,23,9,1,2011,-9.878333333333334,10.91,7.21,9.78
35578,23,10,1,2011,-10.630833333333335,10.78,7.05,9.2
35579,23,11,1,2011,-11.564166666666665,10.28,6.7,8.5
35580,23,12,1,2011,-12.654166666666667,10.14,6.72,8.45
35581,23,13,1,2011,-13.599166666666669,10.26,6.7,8.44
35582,23,14,1,2011,-14.415000000000001,9.94,6.21,7.86
35583,23,15,1,2011,-14.8375,8.16,5.96,7.27
35584,23,16,1,2011,-15.18416666666667,7.25,5.74,6.8500000000000005
35585,23,17,1,2011,-15.07583333333333,6.19,5.0,5.91
35586,23,18,1,2011,-14.626666666666667,5.47,4.48,5.26
35587,23,19,1,2011,-14.23666666666667,4.75,3.94,4.6000000000000005
35588,23,20,1,2011,-14.009166666666667,4.5600000000000005,3.79,4.43
35589,23,21,1,2011,-14.056666666666667,3.98,3.3200000000000003,3.86
35590,23,22,1,2011,-15.213333333333333,3.7,2.4,3.6
35591,23,23,1,2011,-16.718333333333334,3.13,2.08,3.66
35592,24,0,1,2011,-17.203333333333337,2.02,1.51,2.39
35593,24,1,1,2011,-17.1475,3.02,1.85,2.89
35594,24,2,1,2011,-16.917500000000004,4.44,2.56,3.97
35595,24,3,1,2011,-16.33833333333333,6.69,3.68,5.76
35596,24,4,1,2011,-15.140833333333333,8.63,4.51,6.95
35597,24,5,1,2011,-14.228333333333333,9.34,4.99,7.42
35598,24,6,1,2011,-13.818333333333333,10.51,5.54,8.06
35599,24,7,1,2011,-12.585,10.89,5.84,8.34
35600,24,8,1,2011,-12.183333333333332,11.75,6.3900000000000015,8.88
35601,24,9,1,2011,-12.055,12.13,7.01,9.42
35602,24,10,1,2011,-11.2175,12.61,7.37,9.85
35603,24,11,1,2011,-10.180833333333334,12.9,7.61,9.99
35604,24,12,1,2011,-9.292499999999999,12.84,7.59,9.92
35605,24,13,1,2011,-8.304166666666669,12.23,6.87,9.25
35606,24,14,1,2011,-7.228333333333333,11.09,6.24,8.55
35607,24,15,1,2011,-5.705000000000001,8.86,5.37,6.9
35608,24,16,1,2011,-3.8375000000000004,8.22,4.74,6.01
35609,24,17,1,2011,-1.8791666666666667,7.54,4.43,5.3500000000000005
35610,24,18,1,2011,-0.32999999999999996,7.77,5.48,6.78
35611,24,19,1,2011,0.26166666666666666,7.97,5.5,6.8900000000000015
35612,24,20,1,2011,0.26666666666666666,8.51,5.49,7.05
35613,24,21,1,2011,-0.1225,9.16,5.42,7.0
35614,24,22,1,2011,-1.3891666666666664,11.66,4.54,8.16
35615,24,23,1,2011,-2.250833333333334,12.09,5.64,8.86
35616,25,0,1,2011,-2.525,12.51,5.8100000000000005,8.98
35617,25,1,1,2011,-3.010833333333333,12.71,5.82,8.97
35618,25,2,1,2011,-3.5649999999999995,12.65,5.62,8.74
35619,25,3,1,2011,-4.435833333333333,12.85,5.38,8.74
35620,25,4,1,2011,-5.44,12.93,5.46,9.15
35621,25,5,1,2011,-5.9191666666666665,12.75,5.78,9.2
35622,25,6,1,2011,-7.581666666666667,10.58,4.17,7.81
35623,25,7,1,2011,-9.034166666666666,9.25,3.26,7.23
35624,25,8,1,2011,-9.288333333333334,8.040000000000001,3.36,6.9
35625,25,9,1,2011,-9.611666666666666,6.5200000000000005,3.3000000000000003,5.9
35626,25,10,1,2011,-9.6575,5.45,2.95,5.13
35627,25,11,1,2011,-10.18,3.98,2.29,3.6
35628,25,12,1,2011,-10.150833333333333,2.51,1.94,2.4
35629,25,13,1,2011,-9.750833333333333,1.77,2.1,2.09
35630,25,14,1,2011,-8.535,1.45,2.1,1.95
35631,25,15,1,2011,-7.494166666666668,1.71,2.28,2.59
35632,25,16,1,2011,-6.161666666666666,3.19,1.59,2.52
35633,25,17,1,2011,-3.534166666666667,3.33,1.89,2.11
35634,25,18,1,2011,-2.5216666666666665,2.84,2.21,2.54
35635,25,19,1,2011,-1.713333333333333,2.97,2.4,2.79
35636,25,20,1,2011,-1.1075000000000002,3.25,2.41,2.86
35637,25,21,1,2011,-1.2658333333333334,4.41,2.36,3.61
35638,25,22,1,2011,-2.874166666666667,5.7700000000000005,3.22,5.44
35639,25,23,1,2011,-4.113333333333334,6.58,4.41,6.92
35640,26,0,1,2011,-4.1033333333333335,6.8500000000000005,4.32,6.96
35641,26,1,1,2011,-4.384166666666666,7.01,4.47,6.84
35642,26,2,1,2011,-4.755833333333334,7.33,4.36,6.28
35643,26,3,1,2011,-4.529166666666668,7.17,4.25,6.26
35644,26,4,1,2011,-4.38,6.9,4.19,6.28
35645,26,5,1,2011,-4.08,6.5,3.61,5.59
35646,26,6,1,2011,-4.999999999999999,6.37,3.62,5.57
35647,26,7,1,2011,-5.830000000000001,6.87,3.72,5.65
35648,26,8,1,2011,-6.892500000000001,7.75,4.07,5.73
35649,26,9,1,2011,-7.265833333333333,7.67,4.2,5.62
35650,26,10,1,2011,-6.939166666666668,8.0,5.09,6.5600000000000005
35651,26,11,1,2011,-6.746666666666667,8.47,5.19,6.69
35652,26,12,1,2011,-6.593333333333334,8.96,5.3,7.05
35653,26,13,1,2011,-7.03,9.2,5.71,7.44
35654,26,14,1,2011,-7.691666666666667,9.07,5.55,7.25
35655,26,15,1,2011,-7.929166666666666,8.540000000000001,5.2700000000000005,6.69
35656,26,16,1,2011,-7.504166666666666,6.87,5.17,6.23
35657,26,17,1,2011,-6.841666666666668,6.45,4.99,5.98
35658,26,18,1,2011,-6.104166666666667,6.2,4.83,5.78
35659,26,19,1,2011,-5.446666666666666,5.96,4.63,5.55
35660,26,20,1,2011,-5.136666666666667,5.54,4.32,5.16
35661,26,21,1,2011,-5.379166666666666,5.94,3.9,4.69
35662,26,22,1,2011,-6.740833333333334,6.71,3.04,5.75
35663,26,23,1,2011,-8.001666666666667,7.03,3.58,6.3900000000000015
35664,27,0,1,2011,-8.378333333333332,6.99,3.66,6.38
35665,27,1,1,2011,-9.025,6.2,3.74,6.45
35666,27,2,1,2011,-8.3125,6.5600000000000005,4.45,6.5200000000000005
35667,27,3,1,2011,-8.071666666666667,7.35,4.5200000000000005,6.91
35668,27,4,1,2011,-7.411666666666666,8.98,5.67,8.31
35669,27,5,1,2011,-6.234166666666668,10.67,6.62,9.2
35670,27,6,1,2011,-5.015833333333333,12.73,7.54,10.21
35671,27,7,1,2011,-4.401666666666666,13.97,7.9,10.73
35672,27,8,1,2011,-3.1925000000000003,14.02,8.05,10.75
35673,27,9,1,2011,-1.8549999999999998,14.24,8.15,10.94
35674,27,10,1,2011,-1.21,14.23,8.16,10.96
35675,27,11,1,2011,-0.8225000000000001,13.95,8.21,10.89
35676,27,12,1,2011,-0.8799999999999999,13.88,8.18,10.85
35677,27,13,1,2011,-1.1624999999999999,13.52,7.6,10.48
35678,27,14,1,2011,-0.5116666666666666,12.72,6.94,9.61
35679,27,15,1,2011,0.93,11.1,5.91,8.15
35680,27,16,1,2011,1.6291666666666667,10.35,5.37,7.55
35681,27,17,1,2011,2.2224999999999997,9.79,4.96,7.11
35682,27,18,1,2011,2.54,9.5,5.05,7.13
35683,27,19,1,2011,2.5500000000000003,9.9,5.36,7.52
35684,27,20,1,2011,2.3475,9.8,5.04,7.13
35685,27,21,1,2011,1.6550000000000002,11.05,5.9,8.31
35686,27,22,1,2011,0.32333333333333325,9.99,5.64,7.76
35687,27,23,1,2011,-1.0891666666666668,9.67,4.0200000000000005,6.95
35688,28,0,1,2011,-1.3858333333333333,10.08,4.0200000000000005,7.04
35689,28,1,1,2011,-1.2891666666666668,10.26,4.09,7.22
35690,28,2,1,2011,-1.8824999999999996,9.86,3.44,6.88
35691,28,3,1,2011,-1.9783333333333328,9.87,3.46,6.96
35692,28,4,1,2011,-1.7400000000000002,9.28,3.94,6.84
35693,28,5,1,2011,-1.5725,9.71,3.96,6.8
35694,28,6,1,2011,-0.4483333333333334,8.6,4.4,6.68
35695,28,7,1,2011,0.7091666666666666,9.47,4.38,6.55
35696,28,8,1,2011,0.6825,7.65,3.28,4.95
35697,28,9,1,2011,0.8016666666666667,6.96,3.19,4.82
35698,28,10,1,2011,0.7033333333333333,6.3500000000000005,3.53,5.19
35699,28,11,1,2011,0.5333333333333334,7.21,3.76,5.34
35700,28,12,1,2011,0.37749999999999995,7.21,3.77,5.29
35701,28,13,1,2011,0.22083333333333333,7.1400000000000015,3.99,5.46
35702,28,14,1,2011,0.015833333333333345,7.79,4.6000000000000005,6.12
35703,28,15,1,2011,0.11416666666666668,9.15,5.45,7.13
35704,28,16,1,2011,0.27166666666666667,8.94,5.15,6.92
35705,28,17,1,2011,0.5008333333333334,9.23,5.46,7.22
35706,28,18,1,2011,0.9733333333333333,9.47,5.64,7.32
35707,28,19,1,2011,1.9183333333333332,10.74,6.42,8.46
35708,28,20,1,2011,2.7308333333333334,10.69,6.38,8.45
35709,28,21,1,2011,3.845,12.16,5.9,8.72
35710,28,22,1,2011,4.100833333333333,13.6,5.94,9.73
35711,28,23,1,2011,3.4574999999999996,14.02,6.88,10.14
35712,29,0,1,2011,2.64,13.73,7.0600000000000005,10.1
35713,29,1,1,2011,2.09,13.11,7.0600000000000005,9.81
35714,29,2,1,2011,1.7333333333333334,11.79,6.23,8.63
35715,29,3,1,2011,1.3083333333333333,11.1,5.6000000000000005,7.8900000000000015
35716,29,4,1,2011,1.0316666666666667,10.35,4.99,7.2
35717,29,5,1,2011,0.645,9.5,3.99,5.92
35718,29,6,1,2011,-0.2725,9.06,5.0200000000000005,6.74
35719,29,7,1,2011,-0.6833333333333332,9.75,4.72,7.3
35720,29,8,1,2011,-1.0241666666666667,9.48,4.33,6.72
35721,29,9,1,2011,-1.2141666666666666,9.43,3.91,6.79
35722,29,10,1,2011,-0.8241666666666667,9.85,4.38,7.21
35723,29,11,1,2011,-0.9691666666666666,9.51,4.05,7.03
35724,29,12,1,2011,-1.3891666666666669,9.55,4.14,7.07
35725,29,13,1,2011,-1.4858333333333331,8.34,4.3,6.23
35726,29,14,1,2011,-1.653333333333333,7.0,3.68,5.07
35727,29,15,1,2011,-1.5491666666666666,5.29,2.83,3.42
35728,29,16,1,2011,-1.1583333333333334,4.23,2.66,3.1
35729,29,17,1,2011,-0.7141666666666668,3.06,2.5,2.91
35730,29,18,1,2011,-0.25,3.79,3.14,3.65
35731,29,19,1,2011,0.09583333333333334,4.63,3.7,4.38
35732,29,20,1,2011,0.4583333333333333,5.38,4.18,5.0200000000000005
35733,29,21,1,2011,0.3624999999999999,6.61,4.58,5.61
35734,29,22,1,2011,0.027499999999999993,8.0,4.64,6.32
35735,29,23,1,2011,-0.42333333333333334,8.58,4.82,6.65
35736,30,0,1,2011,-1.2858333333333334,10.69,5.8,8.11
35737,30,1,1,2011,-2.504166666666667,11.35,6.03,8.45
35738,30,2,1,2011,-4.010000000000001,11.44,6.42,8.76
35739,30,3,1,2011,-5.1525,10.9,6.6000000000000005,8.72
35740,30,4,1,2011,-6.22,10.96,6.49,8.66
35741,30,5,1,2011,-7.0975,10.79,6.97,9.0
35742,30,6,1,2011,-7.983333333333333,11.1,7.12,9.16
35743,30,7,1,2011,-8.920833333333334,10.4,7.03,8.9
35744,30,8,1,2011,-9.8975,9.97,6.8900000000000015,8.66
35745,30,9,1,2011,-10.933333333333332,9.53,6.82,8.46
35746,30,10,1,2011,-11.749166666666667,9.58,6.84,8.48
35747,30,11,1,2011,-12.4475,9.13,6.5600000000000005,8.11
35748,30,12,1,2011,-13.005833333333333,8.82,6.32,7.82
35749,30,13,1,2011,-13.491666666666667,8.18,5.98,7.33
35750,30,14,1,2011,-13.715000000000002,7.86,5.8,7.08
35751,30,15,1,2011,-13.436666666666666,6.8900000000000015,5.3500000000000005,6.42
35752,30,16,1,2011,-12.723333333333334,6.4,5.0200000000000005,6.0
35753,30,17,1,2011,-11.875,5.7700000000000005,4.61,5.46
35754,30,18,1,2011,-11.0075,5.71,4.55,5.4
35755,30,19,1,2011,-10.265,5.59,4.46,5.3
35756,30,20,1,2011,-9.709999999999999,5.64,4.51,5.3500000000000005
35757,30,21,1,2011,-9.455000000000002,5.43,4.3100000000000005,5.13
35758,30,22,1,2011,-9.3975,5.64,4.16,5.01
35759,30,23,1,2011,-9.897499999999999,6.82,4.01,5.57
35760,31,0,1,2011,-10.380833333333333,7.77,4.65,6.2700000000000005
35761,31,1,1,2011,-10.935833333333335,7.75,4.57,6.01
35762,31,2,1,2011,-11.325833333333334,7.34,4.38,5.7700000000000005
35763,31,3,1,2011,-11.398333333333333,6.74,3.89,5.14
35764,31,4,1,2011,-11.5525,5.93,3.68,4.75
35765,31,5,1,2011,-11.6725,5.57,3.08,4.22
35766,31,6,1,2011,-11.433333333333332,4.93,2.95,3.89
35767,31,7,1,2011,-10.95083333333333,4.79,2.7,3.78
35768,31,8,1,2011,-10.350833333333332,4.95,2.68,3.9
35769,31,9,1,2011,-9.959166666666668,5.07,2.71,3.92
35770,31,10,1,2011,-9.570833333333335,5.5,3.03,4.22
35771,31,11,1,2011,-8.8275,5.74,3.15,4.4
35772,31,12,1,2011,-8.007499999999999,6.1400000000000015,3.44,4.74
35773,31,13,1,2011,-7.358333333333334,6.51,4.13,5.33
35774,31,14,1,2011,-7.007500000000001,6.49,4.11,5.33
35775,31,15,1,2011,-6.743333333333332,6.32,3.88,5.15
35776,31,16,1,2011,-6.513333333333333,5.92,4.04,4.91
35777,31,17,1,2011,-6.475000000000001,5.73,4.3500000000000005,5.26
35778,31,18,1,2011,-6.278333333333333,6.12,4.5600000000000005,5.58
35779,31,19,1,2011,-6.066666666666667,6.84,4.94,6.1000000000000005
35780,31,20,1,2011,-5.926666666666666,7.74,5.37,6.69
35781,31,21,1,2011,-5.804166666666666,8.48,5.2700000000000005,6.97
35782,31,22,1,2011,-5.908333333333332,9.49,6.28,8.07
35783,31,23,1,2011,-5.945,9.73,6.28,8.14
35784,1,0,2,2011,-6.822499999999999,12.89,7.85,10.16
35785,1,1,2,2011,-8.979166666666666,12.67,8.07,10.34
35786,1,2,2,2011,-9.860833333333334,12.33,8.09,10.3
35787,1,3,2,2011,-10.469166666666665,11.9,7.86,9.97
35788,1,4,2,2011,-11.094166666666666,11.76,7.99,10.06
35789,1,5,2,2011,-11.913333333333332,12.19,8.24,10.41
35790,1,6,2,2011,-12.3025,12.24,8.35,10.52
35791,1,7,2,2011,-12.524166666666666,12.35,8.42,10.61
35792,1,8,2,2011,-12.648333333333333,12.26,8.16,10.34
35793,1,9,2,2011,-12.728333333333337,12.23,7.84,10.01
35794,1,10,2,2011,-12.696666666666667,12.74,8.36,10.59
35795,1,11,2,2011,-12.513333333333334,12.97,8.32,10.6
35796,1,12,2,2011,-12.227500000000001,12.94,7.96,10.17
35797,1,13,2,2011,-11.901666666666666,13.2,8.05,10.29
35798,1,14,2,2011,-11.207500000000001,13.2,8.15,10.37
35799,1,15,2,2011,-10.074999999999998,14.59,9.79,12.4
35800,1,16,2,2011,-9.068333333333333,14.57,9.88,12.39
35801,1,17,2,2011,-8.278333333333332,15.35,10.9,13.67
35802,1,18,2,2011,-8.206666666666665,15.53,11.0,13.81
35803,1,19,2,2011,-8.240833333333335,16.29,11.34,14.31
35804,1,20,2,2011,-8.597500000000002,15.98,11.09,13.97
35805,1,21,2,2011,-8.996666666666668,15.6,10.56,13.45
35806,1,22,2,2011,-9.379166666666666,17.62,10.66,13.77
35807,1,23,2,2011,-9.620000000000003,16.64,9.34,12.59
35808,2,0,2,2011,-9.818333333333333,16.490000000000002,9.13,12.29
35809,2,1,2,2011,-10.152499999999998,16.82,10.19,13.3
35810,2,2,2,2011,-10.670833333333333,15.23,9.73,12.56
35811,2,3,2,2011,-11.761666666666665,16.16,10.34,13.35
35812,2,4,2,2011,-12.545,15.66,9.92,12.81
35813,2,5,2,2011,-13.024166666666666,15.52,9.86,12.76
35814,2,6,2,2011,-13.458333333333334,14.41,9.11,11.8
35815,2,7,2,2011,-13.829999999999998,14.72,8.86,12.29
35816,2,8,2,2011,-13.634166666666665,15.19,9.96,12.8
35817,2,9,2,2011,-14.127499999999998,13.45,8.47,11.11
35818,2,10,2,2011,-14.889166666666668,14.39,7.79,11.01
35819,2,11,2,2011,-15.263333333333334,14.48,7.86,11.08
35820,2,12,2,2011,-15.511666666666665,14.21,7.49,10.67
35821,2,13,2,2011,-15.835833333333335,14.03,7.31,10.36
35822,2,14,2,2011,-15.294166666666664,13.7,8.26,10.79
35823,2,15,2,2011,-14.212500000000004,12.52,8.36,10.39
35824,2,16,2,2011,-13.3925,11.35,8.19,10.16
35825,2,17,2,2011,-12.825833333333335,10.78,7.9300000000000015,9.77
35826,2,18,2,2011,-12.230833333333335,10.13,7.46,9.18
35827,2,19,2,2011,-11.584999999999999,9.47,6.98,8.58
35828,2,20,2,2011,-11.086666666666666,8.93,6.5600000000000005,8.08
35829,2,21,2,2011,-10.799166666666666,8.68,6.3100000000000005,7.82
35830,2,22,2,2011,-11.5775,8.43,4.97,6.87
35831,2,23,2,2011,-13.238333333333335,9.49,4.08,7.97
35832,3,0,2,2011,-14.098333333333331,9.49,4.0200000000000005,7.9300000000000015
35833,3,1,2,2011,-14.957500000000001,8.96,3.96,8.06
35834,3,2,2,2011,-15.652500000000002,8.42,3.94,7.8
35835,3,3,2,2011,-15.919166666666667,8.22,3.87,7.6400000000000015
35836,3,4,2,2011,-16.350833333333334,6.97,3.67,6.78
35837,3,5,2,2011,-16.64166666666667,5.71,3.41,5.2
35838,3,6,2,2011,-17.134166666666665,5.45,3.53,5.03
35839,3,7,2,2011,-17.135,5.8,4.26,5.67
35840,3,8,2,2011,-17.256666666666668,6.46,4.74,6.45
35841,3,9,2,2011,-17.745833333333334,7.0600000000000005,4.84,6.96
35842,3,10,2,2011,-17.7225,8.290000000000001,4.98,7.7
35843,3,11,2,2011,-17.38416666666667,9.5,5.5200000000000005,8.39
35844,3,12,2,2011,-17.267500000000002,10.96,6.13,9.11
35845,3,13,2,2011,-17.105,11.65,6.41,9.28
35846,3,14,2,2011,-15.985,11.67,6.53,9.06
35847,3,15,2,2011,-14.171666666666669,10.92,5.93,7.82
35848,3,16,2,2011,-11.861666666666666,10.31,5.7700000000000005,7.17
35849,3,17,2,2011,-9.619166666666667,8.21,6.13,7.45
35850,3,18,2,2011,-7.913333333333333,8.83,6.5600000000000005,8.03
35851,3,19,2,2011,-6.875000000000001,9.31,6.8500000000000005,8.43
35852,3,20,2,2011,-6.361666666666667,9.35,6.87,8.46
35853,3,21,2,2011,-6.199166666666667,9.58,6.51,8.15
35854,3,22,2,2011,-6.935000000000001,11.84,5.45,8.85
35855,3,23,2,2011,-8.009166666666667,13.79,6.74,10.33
35856,4,0,2,2011,-8.451666666666666,14.88,7.5,11.14
35857,4,1,2,2011,-8.713333333333333,15.34,7.91,11.53
35858,4,2,2,2011,-8.844166666666666,15.33,7.88,11.5
35859,4,3,2,2011,-9.371666666666668,15.28,7.57,11.19
35860,4,4,2,2011,-9.746666666666664,15.6,7.6400000000000015,11.4
35861,4,5,2,2011,-9.775,15.59,7.6400000000000015,11.39
35862,4,6,2,2011,-10.041666666666666,15.47,7.56,11.27
35863,4,7,2,2011,-10.586666666666668,14.94,7.28,10.79
35864,4,8,2,2011,-10.896666666666667,14.52,7.32,10.76
35865,4,9,2,2011,-11.114166666666664,14.44,7.43,10.88
35866,4,10,2,2011,-11.289166666666667,14.46,7.58,11.0
35867,4,11,2,2011,-11.390833333333333,14.42,7.61,11.03
35868,4,12,2,2011,-11.444166666666668,14.44,7.66,11.04
35869,4,13,2,2011,-11.49,14.44,7.75,11.04
35870,4,14,2,2011,-10.395833333333334,14.3,7.88,10.89
35871,4,15,2,2011,-8.514999999999999,12.73,7.55,9.78
35872,4,16,2,2011,-6.177499999999999,11.6,6.46,9.0
35873,4,17,2,2011,-3.9749999999999996,9.98,5.8100000000000005,7.12
35874,4,18,2,2011,-2.4008333333333334,7.69,5.84,7.03
35875,4,19,2,2011,-1.4649999999999999,8.13,6.01,7.32
35876,4,20,2,2011,-1.01,9.04,6.0,7.41
35877,4,21,2,2011,-1.0658333333333332,10.14,5.84,7.81
35878,4,22,2,2011,-1.9216666666666666,12.05,5.66,9.12
35879,4,23,2,2011,-3.0175,13.27,6.72,10.17
35880,5,0,2,2011,-3.7108333333333334,14.08,7.07,10.51
35881,5,1,2,2011,-4.261666666666668,14.49,7.34,10.8
35882,5,2,2,2011,-4.565,14.5,7.42,10.92
35883,5,3,2,2011,-4.924166666666667,14.53,7.56,11.1
35884,5,4,2,2011,-5.1691666666666665,14.42,7.46,10.98
35885,5,5,2,2011,-5.0616666666666665,13.77,7.48,10.72
35886,5,6,2,2011,-4.668333333333333,13.52,7.55,10.61
35887,5,7,2,2011,-4.461666666666667,12.69,7.1400000000000015,9.72
35888,5,8,2,2011,-4.504166666666667,12.3,7.0200000000000005,9.54
35889,5,9,2,2011,-4.385833333333333,11.83,6.92,9.23
35890,5,10,2,2011,-4.21,10.85,6.45,8.620000000000001
35891,5,11,2,2011,-4.384166666666667,9.07,5.76,7.78
35892,5,12,2,2011,-4.3775,7.72,5.3500000000000005,7.44
35893,5,13,2,2011,-4.595833333333333,6.9,5.2700000000000005,7.52
35894,5,14,2,2011,-3.9850000000000008,7.0600000000000005,5.5,7.5
35895,5,15,2,2011,-2.4675,6.57,4.67,6.04
35896,5,16,2,2011,-0.9666666666666667,6.2,4.01,4.5600000000000005
35897,5,17,2,2011,0.10666666666666667,5.83,3.67,4.25
35898,5,18,2,2011,1.8808333333333334,4.66,3.45,4.0200000000000005
35899,5,19,2,2011,3.2641666666666667,4.13,3.25,3.84
35900,5,20,2,2011,4.205,4.15,2.93,3.5500000000000003
35901,5,21,2,2011,4.574166666666666,4.2700000000000005,2.62,3.38
35902,5,22,2,2011,4.0183333333333335,5.0200000000000005,2.24,4.13
35903,5,23,2,2011,3.68,6.76,2.69,5.2700000000000005
35904,6,0,2,2011,3.2750000000000004,7.32,3.48,5.79
35905,6,1,2,2011,3.0,8.93,4.12,6.59
35906,6,2,2,2011,2.1441666666666666,9.65,4.18,6.6400000000000015
35907,6,3,2,2011,1.524166666666667,9.94,4.07,6.69
35908,6,4,2,2011,0.7875000000000001,9.53,4.33,6.3500000000000005
35909,6,5,2,2011,0.8058333333333333,9.61,5.07,7.11
35910,6,6,2,2011,0.5658333333333333,9.82,5.29,7.28
35911,6,7,2,2011,-0.09750000000000002,10.78,5.8,8.03
35912,6,8,2,2011,-0.7991666666666667,11.78,5.34,7.79
35913,6,9,2,2011,-1.3975,11.51,4.75,7.6400000000000015
35914,6,10,2,2011,-1.918333333333333,11.62,4.23,7.19
35915,6,11,2,2011,-2.1383333333333336,11.82,4.95,7.99
35916,6,12,2,2011,-2.504166666666667,11.86,5.14,8.14
35917,6,13,2,2011,-2.845833333333333,11.41,5.78,8.32
35918,6,14,2,2011,-2.609166666666667,11.02,6.5600000000000005,8.65
35919,6,15,2,2011,-1.8316666666666668,9.95,6.1000000000000005,7.86
35920,6,16,2,2011,-1.305,8.15,5.92,7.3
35921,6,17,2,2011,-0.9708333333333332,7.21,5.29,6.5200000000000005
35922,6,18,2,2011,-0.7358333333333333,7.21,5.37,6.58
35923,6,19,2,2011,-0.3583333333333334,7.6,5.58,6.86
35924,6,20,2,2011,0.028333333333333335,7.54,5.49,6.79
35925,6,21,2,2011,-0.049166666666666664,7.86,5.55,6.95
35926,6,22,2,2011,-0.28750000000000003,8.700000000000001,5.51,7.19
35927,6,23,2,2011,-0.77,8.83,5.01,6.97
35928,7,0,2,2011,-1.0516666666666665,10.5,5.91,8.13
35929,7,1,2,2011,-1.5116666666666665,11.52,6.54,8.8
35930,7,2,2,2011,-2.3383333333333334,12.2,6.48,9.1
35931,7,3,2,2011,-3.5466666666666664,12.25,6.09,8.84
35932,7,4,2,2011,-4.336666666666667,12.22,5.9,8.68
35933,7,5,2,2011,-4.729166666666667,11.52,5.65,8.19
35934,7,6,2,2011,-5.094166666666666,11.37,5.67,8.2
35935,7,7,2,2011,-5.553333333333335,11.06,5.54,8.06
35936,7,8,2,2011,-6.035,11.96,5.98,8.66
35937,7,9,2,2011,-6.331666666666668,12.02,6.54,9.13
35938,7,10,2,2011,-6.834166666666667,11.53,6.07,8.59
35939,7,11,2,2011,-7.310000000000001,10.71,5.41,7.8900000000000015
35940,7,12,2,2011,-7.425833333333333,11.06,5.11,7.82
35941,7,13,2,2011,-7.581666666666666,10.11,5.14,7.5
35942,7,14,2,2011,-7.772500000000001,10.16,6.32,8.290000000000001
35943,7,15,2,2011,-7.579166666666666,8.67,6.16,7.65
35944,7,16,2,2011,-7.300000000000001,7.13,5.24,6.44
35945,7,17,2,2011,-6.860833333333335,6.43,4.7700000000000005,5.82
35946,7,18,2,2011,-6.524166666666666,5.89,4.44,5.37
35947,7,19,2,2011,-6.093333333333334,6.32,4.68,5.71
35948,7,20,2,2011,-5.934166666666666,6.17,4.61,5.61
35949,7,21,2,2011,-5.905,5.17,3.82,4.65
35950,7,22,2,2011,-6.286666666666668,5.0600000000000005,3.63,4.45
35951,7,23,2,2011,-7.634166666666665,5.79,3.03,5.65
35952,8,0,2,2011,-8.293333333333335,6.45,3.16,5.72
35953,8,1,2,2011,-8.715000000000002,8.6,4.1,6.8100000000000005
35954,8,2,2,2011,-9.065833333333336,8.51,4.47,6.51
35955,8,3,2,2011,-9.643333333333334,7.92,5.55,6.95
35956,8,4,2,2011,-10.633333333333333,8.540000000000001,6.12,7.6
35957,8,5,2,2011,-11.722500000000002,9.28,6.5200000000000005,8.15
35958,8,6,2,2011,-12.655,9.65,6.98,8.65
35959,8,7,2,2011,-13.278333333333334,9.69,7.03,8.71
35960,8,8,2,2011,-14.101666666666667,10.36,7.62,9.39
35961,8,9,2,2011,-14.844166666666666,10.34,7.7,9.45
35962,8,10,2,2011,-15.410000000000002,10.73,7.9300000000000015,9.73
35963,8,11,2,2011,-15.745833333333332,9.31,6.87,8.45
35964,8,12,2,2011,-16.060000000000002,8.94,6.63,8.13
35965,8,13,2,2011,-16.1825,8.09,6.0,7.34
35966,8,14,2,2011,-16.3025,8.41,6.34,7.72
35967,8,15,2,2011,-16.147499999999997,8.25,6.23,7.57
35968,8,16,2,2011,-15.664166666666667,7.07,5.4,6.51
35969,8,17,2,2011,-15.034166666666664,7.15,5.47,6.59
35970,8,18,2,2011,-14.289166666666667,7.09,5.41,6.5200000000000005
35971,8,19,2,2011,-13.67,6.84,5.2,6.28
35972,8,20,2,2011,-13.282499999999999,6.8,5.16,6.24
35973,8,21,2,2011,-13.084166666666667,6.72,5.0600000000000005,6.15
35974,8,22,2,2011,-12.979999999999999,6.38,4.7700000000000005,5.82
35975,8,23,2,2011,-12.968333333333334,5.95,4.38,5.38
35976,9,0,2,2011,-12.998333333333335,5.91,4.42,5.41
35977,9,1,2,2011,-13.095833333333333,5.73,4.25,5.21
35978,9,2,2,2011,-13.25416666666667,5.62,4.22,5.16
35979,9,3,2,2011,-13.440833333333332,5.45,4.04,4.95
35980,9,4,2,2011,-13.206666666666669,5.0,3.7,4.53
35981,9,5,2,2011,-12.992500000000001,4.94,3.68,4.5
35982,9,6,2,2011,-12.812499999999998,4.72,3.53,4.3
35983,9,7,2,2011,-12.554166666666669,4.54,3.44,4.17
35984,9,8,2,2011,-12.200833333333335,4.64,3.38,4.15
35985,9,9,2,2011,-11.969999999999999,4.67,3.31,4.1
35986,9,10,2,2011,-11.80083333333333,4.79,3.3000000000000003,4.14
35987,9,11,2,2011,-11.668333333333331,5.01,3.04,3.97
35988,9,12,2,2011,-11.549999999999997,5.58,3.09,4.2
35989,9,13,2,2011,-11.308333333333332,6.2,3.47,4.69
35990,9,14,2,2011,-10.790833333333332,6.33,4.16,5.16
35991,9,15,2,2011,-9.985000000000001,5.94,4.34,5.3100000000000005
35992,9,16,2,2011,-9.090833333333332,5.71,4.3,5.22
35993,9,17,2,2011,-8.185833333333333,6.08,4.5600000000000005,5.55
35994,9,18,2,2011,-7.389166666666665,6.2,4.64,5.65
35995,9,19,2,2011,-6.84,6.26,4.7,5.72
35996,9,20,2,2011,-6.511666666666666,6.16,4.57,5.59
35997,9,21,2,2011,-6.305,5.9,4.33,5.32
35998,9,22,2,2011,-6.783333333333334,5.79,3.61,4.6000000000000005
35999,9,23,2,2011,-8.289166666666667,5.88,2.38,4.79
36000,10,0,2,2011,-8.9775,6.25,2.87,5.62
36001,10,1,2,2011,-9.444999999999999,6.12,2.9,5.5600000000000005
36002,10,2,2,2011,-10.238333333333333,6.08,3.24,5.34
36003,10,3,2,2011,-10.844166666666666,6.92,3.9,5.97
36004,10,4,2,2011,-11.350833333333334,7.77,4.61,7.31
36005,10,5,2,2011,-11.805,10.26,5.19,8.26
36006,10,6,2,2011,-11.515833333333335,12.16,6.09,9.05
36007,10,7,2,2011,-11.370833333333332,12.99,6.54,9.46
36008,10,8,2,2011,-11.469166666666666,13.74,7.43,10.34
36009,10,9,2,2011,-12.093333333333334,14.09,7.33,10.22
36010,10,10,2,2011,-12.51,15.09,8.35,11.44
36011,10,11,2,2011,-12.663333333333332,15.75,9.03,12.09
36012,10,12,2,2011,-13.075000000000001,15.8,9.05,12.12
36013,10,13,2,2011,-13.415833333333333,15.06,9.11,11.83
36014,10,14,2,2011,-11.910000000000002,14.82,9.2,11.85
36015,10,15,2,2011,-10.305833333333334,13.26,8.13,11.06
36016,10,16,2,2011,-8.889166666666666,11.01,7.25,8.8
36017,10,17,2,2011,-7.030833333333331,9.2,6.7,7.9
36018,10,18,2,2011,-5.415833333333333,8.370000000000001,6.66,7.82
36019,10,19,2,2011,-3.7725000000000004,8.0,6.2700000000000005,7.42
36020,10,20,2,2011,-2.6316666666666664,7.74,5.98,7.15
36021,10,21,2,2011,-2.0758333333333336,8.53,5.75,7.0600000000000005
36022,10,22,2,2011,-2.660833333333333,10.77,5.59,8.370000000000001
36023,10,23,2,2011,-3.835833333333333,11.99,6.15,9.28
36024,11,0,2,2011,-5.014166666666667,13.55,6.88,10.14
36025,11,1,2,2011,-5.420000000000001,13.95,7.21,10.46
36026,11,2,2,2011,-5.815833333333333,13.76,7.12,10.16
36027,11,3,2,2011,-5.785,13.67,7.12,10.15
36028,11,4,2,2011,-5.7975,13.46,7.09,10.05
36029,11,5,2,2011,-5.795833333333333,13.36,7.17,10.03
36030,11,6,2,2011,-5.9383333333333335,13.11,7.04,9.84
36031,11,7,2,2011,-6.155833333333334,12.79,6.96,9.68
36032,11,8,2,2011,-6.1875,12.76,6.94,9.61
36033,11,9,2,2011,-5.947500000000001,12.69,6.75,9.51
36034,11,10,2,2011,-6.015833333333333,12.59,6.74,9.45
36035,11,11,2,2011,-6.088333333333334,12.3,6.72,9.39
36036,11,12,2,2011,-6.108333333333334,12.47,6.63,9.33
36037,11,13,2,2011,-5.998333333333334,13.05,6.55,9.25
36038,11,14,2,2011,-4.450833333333333,12.0,6.83,8.78
36039,11,15,2,2011,-2.5658333333333334,10.78,5.76,8.16
36040,11,16,2,2011,-0.3575,8.91,5.28,6.37
36041,11,17,2,2011,1.3741666666666668,7.8900000000000015,5.51,6.79
36042,11,18,2,2011,2.9033333333333338,7.88,5.62,6.96
36043,11,19,2,2011,3.595,7.86,5.59,6.93
36044,11,20,2,2011,4.38,8.4,5.17,6.69
36045,11,21,2,2011,4.578333333333333,9.64,4.8,6.5600000000000005
36046,11,22,2,2011,3.7083333333333335,10.47,4.0200000000000005,6.83
36047,11,23,2,2011,1.8608333333333331,12.16,4.26,7.53
36048,12,0,2,2011,1.005,13.61,5.15,8.96
36049,12,1,2,2011,0.6958333333333334,14.22,5.26,9.2
36050,12,2,2,2011,0.10666666666666669,14.23,4.62,8.38
36051,12,3,2,2011,0.4683333333333333,12.91,5.36,8.81
36052,12,4,2,2011,0.4533333333333333,12.88,5.24,8.8
36053,12,5,2,2011,0.056666666666666664,12.1,4.88,8.43
36054,12,6,2,2011,-0.5924999999999999,10.76,4.57,8.16
36055,12,7,2,2011,-0.4133333333333334,10.52,5.0600000000000005,7.82
36056,12,8,2,2011,-0.6783333333333333,10.8,5.36,8.07
36057,12,9,2,2011,-1.0150000000000001,11.44,5.86,8.55
36058,12,10,2,2011,-1.0383333333333333,11.76,6.24,9.06
36059,12,11,2,2011,-0.7616666666666666,13.1,6.65,9.63
36060,12,12,2,2011,-0.9391666666666666,13.68,7.49,10.41
36061,12,13,2,2011,-1.2700000000000002,14.51,8.38,11.26
36062,12,14,2,2011,-0.46416666666666667,13.99,8.76,11.24
36063,12,15,2,2011,0.8683333333333333,14.11,8.49,11.19
36064,12,16,2,2011,2.685,14.16,8.790000000000001,11.81
36065,12,17,2,2011,3.595833333333333,14.17,8.89,11.57
36066,12,18,2,2011,5.0375000000000005,12.82,8.1,10.69
36067,12,19,2,2011,6.071666666666666,12.49,8.19,10.79
36068,12,20,2,2011,6.528333333333333,12.16,8.07,10.32
36069,12,21,2,2011,6.56,12.54,7.63,10.06
36070,12,22,2,2011,6.1499999999999995,13.85,7.18,10.54
36071,12,23,2,2011,5.175833333333333,14.97,7.13,10.99
36072,13,0,2,2011,4.366666666666667,15.41,7.42,11.22
36073,13,1,2,2011,3.711666666666666,15.28,7.37,11.11
36074,13,2,2,2011,3.2783333333333338,14.79,7.3,10.8
36075,13,3,2,2011,3.3308333333333326,14.81,6.83,10.32
36076,13,4,2,2011,3.490833333333334,14.64,6.86,10.33
36077,13,5,2,2011,3.188333333333333,14.32,6.86,10.33
36078,13,6,2,2011,2.22,13.3,6.83,9.74
36079,13,7,2,2011,2.0041666666666664,13.69,6.8100000000000005,9.67
36080,13,8,2,2011,1.8049999999999997,13.98,7.55,10.32
36081,13,9,2,2011,1.3808333333333334,14.29,7.92,10.69
36082,13,10,2,2011,1.4358333333333337,14.87,8.46,11.34
36083,13,11,2,2011,1.385,15.26,8.620000000000001,11.6
36084,13,12,2,2011,1.3616666666666666,15.27,8.42,11.4
36085,13,13,2,2011,1.9933333333333334,16.45,8.950000000000003,12.36
36086,13,14,2,2011,3.3441666666666667,16.5,9.5,12.68
36087,13,15,2,2011,5.37,15.19,9.04,11.92
36088,13,16,2,2011,6.149166666666667,14.04,9.26,11.78
36089,13,17,2,2011,7.7575,13.02,7.35,10.28
36090,13,18,2,2011,9.023333333333333,12.94,8.16,10.57
36091,13,19,2,2011,10.155000000000001,13.67,8.6,11.17
36092,13,20,2,2011,11.214999999999998,14.56,7.86,11.1
36093,13,21,2,2011,11.253333333333332,14.91,8.08,11.41
36094,13,22,2,2011,9.943333333333333,15.7,7.25,11.19
36095,13,23,2,2011,8.620833333333334,16.55,7.55,11.99
36096,14,0,2,2011,7.629166666666667,16.86,7.59,11.78
36097,14,1,2,2011,6.8999999999999995,21.54,5.6000000000000005,12.92
36098,14,2,2,2011,6.4075000000000015,15.29,5.2,10.04
36099,14,3,2,2011,6.4375,19.03,7.95,12.72
36100,14,4,2,2011,6.704166666666668,19.85,7.19,12.17
36101,14,5,2,2011,5.671666666666667,18.06,6.54,11.4
36102,14,6,2,2011,4.826666666666668,17.5,6.51,11.15
36103,14,7,2,2011,3.6225,18.12,7.69,12.14
36104,14,8,2,2011,3.7791666666666663,18.13,8.13,12.52
36105,14,9,2,2011,3.295,17.740000000000006,8.51,12.62
36106,14,10,2,2011,2.7225,17.62,8.61,12.7
36107,14,11,2,2011,1.1591666666666665,14.89,5.98,9.7
36108,14,12,2,2011,0.5516666666666666,14.22,4.93,8.790000000000001
36109,14,13,2,2011,-0.6049999999999999,13.59,3.42,7.3900000000000015
36110,14,14,2,2011,1.3841666666666665,10.95,4.54,6.34
36111,14,15,2,2011,3.040833333333333,8.15,4.55,5.91
36112,14,16,2,2011,4.246666666666667,4.97,3.59,4.39
36113,14,17,2,2011,5.066666666666667,3.5500000000000003,2.78,3.29
36114,14,18,2,2011,5.776666666666667,2.86,2.3000000000000003,2.69
36115,14,19,2,2011,6.463333333333334,2.95,2.34,2.75
36116,14,20,2,2011,6.91,1.79,1.44,1.67
36117,14,21,2,2011,6.935833333333334,1.83,1.55,1.83
36118,14,22,2,2011,6.191666666666666,2.45,1.6,2.21
36119,14,23,2,2011,4.654166666666668,3.69,1.85,3.6
36120,15,0,2,2011,3.8208333333333333,5.12,2.63,4.9
36121,15,1,2,2011,3.061666666666666,7.13,3.31,6.24
36122,15,2,2,2011,2.4625,8.49,3.63,6.63
36123,15,3,2,2011,2.1474999999999995,9.41,4.13,7.1000000000000005
36124,15,4,2,2011,1.92,10.09,4.24,7.2
36125,15,5,2,2011,1.4333333333333333,10.61,5.04,7.51
36126,15,6,2,2011,1.4749999999999999,11.09,5.5200000000000005,8.0
36127,15,7,2,2011,1.1849999999999998,10.86,5.64,7.85
36128,15,8,2,2011,1.0075,10.28,5.75,7.84
36129,15,9,2,2011,0.7233333333333333,9.86,5.44,7.47
36130,15,10,2,2011,0.4666666666666666,10.12,5.72,7.79
36131,15,11,2,2011,0.26083333333333336,9.75,5.83,7.69
36132,15,12,2,2011,0.07416666666666667,10.72,6.54,8.59
36133,15,13,2,2011,-0.1841666666666667,10.52,6.13,8.16
36134,15,14,2,2011,0.10999999999999999,10.48,6.16,8.13
36135,15,15,2,2011,1.05,11.34,5.92,8.76
36136,15,16,2,2011,2.195,10.63,6.0600000000000005,8.53
36137,15,17,2,2011,3.4,9.32,5.44,7.0
36138,15,18,2,2011,4.867500000000001,7.1000000000000005,4.59,5.5200000000000005
36139,15,19,2,2011,6.32,7.28,5.4,6.5200000000000005
36140,15,20,2,2011,7.680000000000001,7.45,5.54,6.72
36141,15,21,2,2011,8.2225,7.56,5.43,6.61
36142,15,22,2,2011,7.976666666666667,7.85,4.23,6.16
36143,15,23,2,2011,6.874166666666667,9.79,5.18,8.01
36144,16,0,2,2011,5.714166666666667,9.9,5.2,8.06
36145,16,1,2,2011,4.8125,9.27,5.2700000000000005,7.2
36146,16,2,2,2011,3.8291666666666675,8.67,5.15,6.8
36147,16,3,2,2011,3.19,7.78,5.42,6.95
36148,16,4,2,2011,3.08,7.17,5.55,7.11
36149,16,5,2,2011,2.3316666666666666,7.15,5.41,7.0
36150,16,6,2,2011,1.9299999999999997,6.57,5.17,6.8100000000000005
36151,16,7,2,2011,1.5825000000000002,6.2,4.7700000000000005,6.38
36152,16,8,2,2011,1.3233333333333333,5.24,4.36,6.11
36153,16,9,2,2011,0.6375000000000002,5.25,3.6,5.0600000000000005
36154,16,10,2,2011,-0.08416666666666668,4.8,3.46,4.96
36155,16,11,2,2011,0.2958333333333334,5.46,3.38,4.93
36156,16,12,2,2011,0.8325,5.29,3.33,4.78
36157,16,13,2,2011,-0.09000000000000001,5.78,2.6,3.56
36158,16,14,2,2011,-0.053333333333333344,7.53,3.79,5.17
36159,16,15,2,2011,0.6725,7.84,4.22,5.62
36160,16,16,2,2011,1.7158333333333333,6.92,3.92,4.72
36161,16,17,2,2011,2.31,7.98,5.22,6.47
36162,16,18,2,2011,3.5525,11.28,5.41,7.9
36163,16,19,2,2011,6.009166666666668,11.84,5.7,8.81
36164,16,20,2,2011,7.754166666666667,12.58,6.9,9.84
36165,16,21,2,2011,8.523333333333333,12.55,7.92,10.17
36166,16,22,2,2011,8.525833333333333,11.77,6.5,8.8
36167,16,23,2,2011,8.5925,13.94,7.55,10.35
36168,17,0,2,2011,8.9375,15.93,9.29,12.36
36169,17,1,2,2011,9.003333333333332,15.38,9.25,12.22
36170,17,2,2,2011,9.034999999999998,16.71,10.57,13.69
36171,17,3,2,2011,9.539166666666668,15.27,8.98,11.99
36172,17,4,2,2011,10.508333333333331,15.67,9.41,12.47
36173,17,5,2,2011,11.3025,16.28,9.71,12.88
36174,17,6,2,2011,11.849166666666667,15.84,9.46,12.58
36175,17,7,2,2011,12.295833333333336,15.42,9.2,12.27
36176,17,8,2,2011,12.540833333333332,15.51,9.37,12.45
36177,17,9,2,2011,12.5,15.27,9.31,12.32
36178,17,10,2,2011,12.538333333333332,15.35,9.44,12.43
36179,17,11,2,2011,12.467500000000001,15.43,9.53,12.56
36180,17,12,2,2011,12.253333333333336,15.51,9.53,12.52
36181,17,13,2,2011,11.961666666666668,15.51,9.56,12.55
36182,17,14,2,2011,11.505833333333333,15.19,9.76,12.5
36183,17,15,2,2011,11.590833333333334,14.88,9.74,12.46
36184,17,16,2,2011,13.219166666666666,12.31,8.99,10.98
36185,17,17,2,2011,14.384166666666667,11.65,8.77,10.63
36186,17,18,2,2011,15.832500000000003,10.44,7.9,9.53
36187,17,19,2,2011,17.30666666666667,11.49,8.23,10.24
36188,17,20,2,2011,18.10666666666667,11.4,8.16,10.17
36189,17,21,2,2011,17.955833333333334,9.03,6.32,7.92
36190,17,22,2,2011,16.988333333333333,9.85,5.19,7.22
36191,17,23,2,2011,15.354166666666664,13.35,5.15,9.22
36192,18,0,2,2011,13.62166666666667,16.63,6.2,10.63
36193,18,1,2,2011,12.17416666666667,17.76,7.66,12.19
36194,18,2,2,2011,10.9325,17.0,6.38,10.83
36195,18,3,2,2011,10.193333333333333,16.97,6.73,11.18
36196,18,4,2,2011,8.636666666666668,16.21,6.65,10.86
36197,18,5,2,2011,7.081666666666666,15.35,5.45,9.83
36198,18,6,2,2011,6.517500000000001,14.63,5.49,9.61
36199,18,7,2,2011,5.8708333333333345,13.38,5.26,9.14
36200,18,8,2,2011,4.586666666666667,13.33,5.24,9.1
36201,18,9,2,2011,3.4925,9.74,3.9,7.41
36202,18,10,2,2011,2.891666666666666,7.83,3.54,7.1000000000000005
36203,18,11,2,2011,2.440833333333333,7.18,3.0,6.2700000000000005
36204,18,12,2,2011,1.8875,5.5,2.08,4.7700000000000005
36205,18,13,2,2011,2.1366666666666667,3.85,2.69,4.01
36206,18,14,2,2011,3.33,3.96,2.69,3.97
36207,18,15,2,2011,5.305,3.5,2.13,2.35
36208,18,16,2,2011,7.096666666666668,2.02,1.67,1.87
36209,18,17,2,2011,8.285,1.43,1.26,1.41
36210,18,18,2,2011,9.214166666666666,0.79,0.8,0.85
36211,18,19,2,2011,9.930833333333334,0.7000000000000001,0.75,0.77
36212,18,20,2,2011,10.609166666666665,1.6,1.17,1.39
36213,18,21,2,2011,10.964166666666666,2.1,1.61,1.9
36214,18,22,2,2011,10.765,3.16,1.88,2.69
36215,18,23,2,2011,9.387500000000001,4.45,2.32,4.1
36216,19,0,2,2011,8.1075,5.37,2.32,4.76
36217,19,1,2,2011,6.874166666666667,7.15,2.05,5.05
36218,19,2,2,2011,6.886666666666666,7.9300000000000015,3.09,6.0200000000000005
36219,19,3,2,2011,6.435833333333334,8.19,2.96,5.97
36220,19,4,2,2011,5.665000000000002,9.31,2.62,5.8100000000000005
36221,19,5,2,2011,5.059166666666667,9.64,2.74,5.78
36222,19,6,2,2011,4.454166666666667,9.8,2.81,5.8
36223,19,7,2,2011,3.9683333333333333,10.13,3.22,5.97
36224,19,8,2,2011,3.3924999999999996,10.76,3.52,6.43
36225,19,9,2,2011,2.8024999999999998,11.31,3.64,6.7
36226,19,10,2,2011,1.9725000000000001,11.14,3.66,6.67
36227,19,11,2,2011,1.3183333333333334,11.33,4.0600000000000005,6.86
36228,19,12,2,2011,0.8574999999999999,11.4,4.48,7.21
36229,19,13,2,2011,1.0958333333333334,10.57,6.08,8.06
36230,19,14,2,2011,2.9783333333333335,11.08,6.61,8.290000000000001
36231,19,15,2,2011,4.666666666666667,10.49,7.68,9.38
36232,19,16,2,2011,5.263333333333334,9.71,7.21,8.76
36233,19,17,2,2011,5.264166666666667,9.64,7.08,8.61
36234,19,18,2,2011,5.535833333333334,9.71,7.16,8.73
36235,19,19,2,2011,5.695833333333333,8.86,6.45,7.94
36236,19,20,2,2011,5.406666666666666,8.21,6.08,7.41
36237,19,21,2,2011,5.180000000000001,8.73,5.83,7.32
36238,19,22,2,2011,4.899166666666667,8.870000000000003,5.62,7.36
36239,19,23,2,2011,4.525,9.48,6.04,7.81
36240,20,0,2,2011,4.151666666666667,9.58,6.17,7.9300000000000015
36241,20,1,2,2011,3.9258333333333333,9.16,5.97,7.6400000000000015
36242,20,2,2,2011,3.8925,9.27,6.11,7.79
36243,20,3,2,2011,4.011666666666667,10.03,6.65,8.44
36244,20,4,2,2011,4.140833333333333,10.16,6.74,8.55
36245,20,5,2,2011,4.233333333333333,10.0,6.47,8.31
36246,20,6,2,2011,4.4191666666666665,10.14,6.4,8.28
36247,20,7,2,2011,4.6191666666666675,9.93,6.21,8.09
36248,20,8,2,2011,4.835833333333333,10.79,6.24,8.36
36249,20,9,2,2011,5.192500000000001,11.1,6.5,8.69
36250,20,10,2,2011,5.955000000000001,13.74,8.16,10.84
36251,20,11,2,2011,7.295833333333332,14.87,8.61,11.65
36252,20,12,2,2011,8.429999999999998,15.24,8.93,12.02
36253,20,13,2,2011,10.199166666666668,15.51,9.11,12.27
36254,20,14,2,2011,11.859166666666667,14.77,8.81,11.78
36255,20,15,2,2011,12.861666666666666,14.51,9.16,11.9
36256,20,16,2,2011,14.015,13.49,9.05,11.3
36257,20,17,2,2011,15.467500000000001,12.89,9.0,11.19
36258,20,18,2,2011,16.35,12.91,9.13,11.36
36259,20,19,2,2011,17.898333333333333,13.34,9.41,11.73
36260,20,20,2,2011,18.962500000000002,13.12,9.07,11.35
36261,20,21,2,2011,19.405,13.06,8.96,11.29
36262,20,22,2,2011,18.70583333333333,10.58,6.5200000000000005,8.58
36263,20,23,2,2011,10.140833333333333,14.41,10.19,12.7
36264,21,0,2,2011,6.049166666666667,14.07,9.76,12.25
36265,21,1,2,2011,4.657500000000001,11.69,8.27,10.3
36266,21,2,2,2011,2.943333333333334,13.27,9.53,11.82
36267,21,3,2,2011,0.44,12.33,8.69,10.86
36268,21,4,2,2011,-1.3591666666666662,10.77,7.5,9.38
36269,21,5,2,2011,-2.3183333333333334,10.62,7.38,9.23
36270,21,6,2,2011,-2.9166666666666665,10.8,7.55,9.41
36271,21,7,2,2011,-3.420833333333334,10.82,7.6,9.44
36272,21,8,2,2011,-3.9866666666666664,10.63,7.56,9.38
36273,21,9,2,2011,-4.233333333333333,10.44,7.61,9.34
36274,21,10,2,2011,-4.4991666666666665,10.84,7.88,9.69
36275,21,11,2,2011,-4.890833333333333,11.08,8.0,9.86
36276,21,12,2,2011,-5.406666666666667,11.62,8.290000000000001,10.26
36277,21,13,2,2011,-5.891666666666667,11.33,8.01,9.96
36278,21,14,2,2011,-6.055833333333332,10.97,7.94,9.77
36279,21,15,2,2011,-5.7058333333333335,10.49,7.63,9.34
36280,21,16,2,2011,-4.988333333333334,10.51,7.71,9.39
36281,21,17,2,2011,-4.066666666666666,10.54,7.72,9.41
36282,21,18,2,2011,-3.419166666666667,10.45,7.65,9.34
36283,21,19,2,2011,-2.8925,10.08,7.31,8.96
36284,21,20,2,2011,-2.5541666666666667,10.21,7.4,9.09
36285,21,21,2,2011,-2.4433333333333334,10.51,7.48,9.26
36286,21,22,2,2011,-2.7983333333333333,10.52,7.48,9.26
36287,21,23,2,2011,-3.47,10.06,6.99,8.76
36288,22,0,2,2011,-4.111666666666667,9.57,5.62,7.49
36289,22,1,2,2011,-4.600833333333333,10.79,6.78,8.8
36290,22,2,2,2011,-4.97,10.7,6.57,8.68
36291,22,3,2,2011,-5.3775,9.49,6.12,7.84
36292,22,4,2,2011,-5.935,9.29,6.08,7.78
36293,22,5,2,2011,-6.302499999999999,7.79,5.23,6.62
36294,22,6,2,2011,-6.605,6.16,4.23,5.3
36295,22,7,2,2011,-7.006666666666667,6.01,4.09,5.15
36296,22,8,2,2011,-7.412500000000001,6.24,4.26,5.3500000000000005
36297,22,9,2,2011,-7.8741666666666665,6.17,4.25,5.32
36298,22,10,2,2011,-8.130833333333333,5.23,3.68,4.57
36299,22,11,2,2011,-8.358333333333333,4.38,2.95,3.72
36300,22,12,2,2011,-8.610833333333334,4.5200000000000005,2.9,3.73
36301,22,13,2,2011,-8.731666666666666,3.86,2.26,3.0
36302,22,14,2,2011,-8.231666666666666,2.34,1.93,2.23
36303,22,15,2,2011,-7.1275,1.39,1.19,1.35
36304,22,16,2,2011,-5.815000000000001,0.71,0.66,0.71
36305,22,17,2,2011,-4.173333333333334,1.45,1.18,1.36
36306,22,18,2,2011,-2.4458333333333333,2.87,2.31,2.69
36307,22,19,2,2011,-1.0483333333333331,3.23,2.5500000000000003,3.0
36308,22,20,2,2011,0.11333333333333333,4.25,3.3000000000000003,3.92
36309,22,21,2,2011,0.7233333333333333,4.8,3.67,4.41
36310,22,22,2,2011,0.8233333333333333,5.66,3.74,4.71
36311,22,23,2,2011,-0.32833333333333337,7.46,3.3000000000000003,6.04
36312,23,0,2,2011,-1.1325,9.19,3.54,6.47
36313,23,1,2,2011,-1.4841666666666666,10.22,4.07,6.8900000000000015
36314,23,2,2,2011,-1.6933333333333334,10.26,4.11,6.78
36315,23,3,2,2011,-1.8724999999999998,10.6,4.3,6.96
36316,23,4,2,2011,-2.1016666666666666,10.66,4.09,6.66
36317,23,5,2,2011,-1.9691666666666665,11.31,4.72,7.31
36318,23,6,2,2011,-1.7424999999999997,11.44,4.88,7.51
36319,23,7,2,2011,-1.9141666666666663,11.43,4.87,7.3900000000000015
36320,23,8,2,2011,-2.0708333333333333,10.96,4.33,6.79
36321,23,9,2,2011,-1.6224999999999998,10.64,4.39,6.7
36322,23,10,2,2011,-1.5066666666666668,10.38,5.08,7.2
36323,23,11,2,2011,-1.5808333333333333,9.96,4.95,7.03
36324,23,12,2,2011,-1.3533333333333333,11.63,5.82,8.32
36325,23,13,2,2011,-0.6391666666666667,12.19,7.04,9.38
36326,23,14,2,2011,1.054166666666667,12.31,7.04,9.39
36327,23,15,2,2011,2.8966666666666665,9.21,5.64,7.15
36328,23,16,2,2011,4.695833333333334,5.97,4.5,5.41
36329,23,17,2,2011,6.421666666666667,3.31,2.43,2.93
36330,23,18,2,2011,7.6933333333333325,3.03,2.41,2.8000000000000003
36331,23,19,2,2011,8.155833333333334,2.9,2.34,2.71
36332,23,20,2,2011,8.709166666666667,2.64,2.13,2.48
36333,23,21,2,2011,8.911666666666667,3.69,2.83,3.42
36334,23,22,2,2011,8.2525,4.51,3.1,3.89
36335,23,23,2,2011,6.305833333333333,6.5,3.38,6.2
36336,24,0,2,2011,4.373333333333334,8.44,3.74,7.15
36337,24,1,2,2011,3.2475,8.67,3.72,7.11
36338,24,2,2,2011,2.501666666666667,8.99,3.84,7.24
36339,24,3,2,2011,2.015,9.82,4.51,7.8900000000000015
36340,24,4,2,2011,1.5650000000000002,10.72,4.79,8.08
36341,24,5,2,2011,1.1033333333333333,11.76,5.01,8.290000000000001
36342,24,6,2,2011,0.07000000000000005,12.3,5.91,8.68
36343,24,7,2,2011,-1.0283333333333335,12.32,5.68,8.4
36344,24,8,2,2011,-1.6516666666666664,11.07,5.5200000000000005,7.84
36345,24,9,2,2011,-2.169166666666666,9.92,5.26,7.21
36346,24,10,2,2011,-2.535833333333333,10.37,5.95,7.8900000000000015
36347,24,11,2,2011,-2.9025000000000003,10.39,6.07,8.2
36348,24,12,2,2011,-3.1566666666666667,10.39,6.0600000000000005,8.22
36349,24,13,2,2011,-3.2816666666666663,10.7,6.92,8.700000000000001
36350,24,14,2,2011,-2.763333333333333,9.48,7.35,8.76
36351,24,15,2,2011,-1.8508333333333338,9.41,7.26,8.69
36352,24,16,2,2011,-0.8799999999999999,9.96,7.62,9.2
36353,24,17,2,2011,-0.07833333333333332,8.700000000000001,6.63,8.01
36354,24,18,2,2011,-0.48583333333333334,10.44,7.85,9.5
36355,24,19,2,2011,-0.5391666666666667,10.79,8.040000000000001,9.81
36356,24,20,2,2011,-0.3233333333333333,11.76,8.51,10.47
36357,24,21,2,2011,-0.31749999999999995,11.56,8.34,10.29
36358,24,22,2,2011,-0.42,10.91,6.45,8.45
36359,24,23,2,2011,-1.0391666666666668,11.99,6.63,9.52
36360,25,0,2,2011,-1.3724999999999998,11.57,6.49,9.33
36361,25,1,2,2011,-1.8466666666666667,11.44,6.6000000000000005,9.23
36362,25,2,2,2011,-2.785833333333333,12.86,7.56,10.34
36363,25,3,2,2011,-3.4241666666666664,12.62,7.18,9.54
36364,25,4,2,2011,-3.885833333333333,11.01,6.58,8.58
36365,25,5,2,2011,-4.315,10.53,6.48,8.41
36366,25,6,2,2011,-4.617500000000001,10.43,6.24,8.07
36367,25,7,2,2011,-5.2,10.71,6.36,8.47
36368,25,8,2,2011,-6.700833333333332,10.84,6.46,8.56
36369,25,9,2,2011,-7.914166666666667,11.0,6.0200000000000005,8.290000000000001
36370,25,10,2,2011,-8.714166666666667,10.85,5.84,8.09
36371,25,11,2,2011,-9.3,10.72,5.63,7.92
36372,25,12,2,2011,-9.739166666666666,10.75,5.69,7.92
36373,25,13,2,2011,-9.984166666666669,10.37,5.46,7.43
36374,25,14,2,2011,-9.415833333333333,8.620000000000001,5.93,7.21
36375,25,15,2,2011,-8.6225,7.59,5.69,6.9
36376,25,16,2,2011,-7.679166666666667,5.8,4.42,5.29
36377,25,17,2,2011,-6.735833333333335,5.23,4.0200000000000005,4.79
36378,25,18,2,2011,-5.905833333333334,4.5,3.51,4.14
36379,25,19,2,2011,-5.26,4.36,3.41,4.01
36380,25,20,2,2011,-4.823333333333333,3.61,2.91,3.39
36381,25,21,2,2011,-4.485833333333333,2.96,2.34,2.74
36382,25,22,2,2011,-4.447500000000001,2.89,2.29,2.68
36383,25,23,2,2011,-4.690833333333334,2.95,2.21,2.69
36384,26,0,2,2011,-5.0125,4.29,2.61,3.64
36385,26,1,2,2011,-5.316666666666667,4.51,2.69,3.67
36386,26,2,2,2011,-5.625,4.2700000000000005,2.73,3.59
36387,26,3,2,2011,-5.904166666666666,4.1,2.75,3.41
36388,26,4,2,2011,-6.184166666666667,3.86,2.82,3.45
36389,26,5,2,2011,-6.315833333333334,3.31,2.37,2.9
36390,26,6,2,2011,-6.4175,3.11,2.03,2.68
36391,26,7,2,2011,-6.696666666666668,3.46,2.03,2.83
36392,26,8,2,2011,-6.93,3.5,2.05,2.93
36393,26,9,2,2011,-7.099166666666666,3.3000000000000003,1.79,2.63
36394,26,10,2,2011,-7.369166666666666,3.01,0.8200000000000001,2.13
36395,26,11,2,2011,-7.650833333333334,3.7,0.85,2.22
36396,26,12,2,2011,-7.882499999999999,4.43,0.9,2.62
36397,26,13,2,2011,-7.439166666666666,4.76,2.15,2.83
36398,26,14,2,2011,-6.285833333333333,3.71,2.72,3.23
36399,26,15,2,2011,-5.216666666666666,3.33,2.61,3.0700000000000003
36400,26,16,2,2011,-4.045833333333333,3.19,2.44,2.9
36401,26,17,2,2011,-3.033333333333333,2.79,2.11,2.51
36402,26,18,2,2011,-2.276666666666667,2.78,2.13,2.52
36403,26,19,2,2011,-1.5758333333333336,2.64,2.01,2.38
36404,26,20,2,2011,-0.8583333333333334,3.24,2.39,2.89
36405,26,21,2,2011,-0.5241666666666666,3.27,2.4,2.91
36406,26,22,2,2011,-0.6425000000000001,3.06,2.24,2.74
36407,26,23,2,2011,-1.4133333333333333,3.83,1.69,3.23
36408,27,0,2,2011,-2.0675000000000003,4.04,1.65,3.4
36409,27,1,2,2011,-2.578333333333333,4.28,1.86,4.43
36410,27,2,2,2011,-2.6158333333333332,4.25,2.08,4.58
36411,27,3,2,2011,-2.801666666666667,4.91,2.31,4.59
36412,27,4,2,2011,-2.901666666666667,5.32,2.6,4.7
36413,27,5,2,2011,-3.0333333333333337,6.45,2.9,4.79
36414,27,6,2,2011,-2.8158333333333334,7.1000000000000005,2.88,4.74
36415,27,7,2,2011,-2.8491666666666666,7.13,2.66,4.69
36416,27,8,2,2011,-2.785833333333333,7.43,3.5700000000000003,5.13
36417,27,9,2,2011,-2.6633333333333336,7.21,3.37,4.93
36418,27,10,2,2011,-2.4633333333333334,6.8500000000000005,3.35,4.5600000000000005
36419,27,11,2,2011,-1.8033333333333335,6.18,2.89,4.3100000000000005
36420,27,12,2,2011,-1.4883333333333335,5.39,2.57,3.81
36421,27,13,2,2011,-1.1875,4.63,2.59,3.44
36422,27,14,2,2011,-0.9449999999999998,3.94,2.17,2.87
36423,27,15,2,2011,-0.8283333333333333,3.69,2.76,3.12
36424,27,16,2,2011,-0.6825,3.54,2.38,2.66
36425,27,17,2,2011,-0.3775,3.39,2.51,2.83
36426,27,18,2,2011,-0.02,4.12,3.4,3.95
36427,27,19,2,2011,0.03333333333333333,4.36,3.49,4.0600000000000005
36428,27,20,2,2011,0.08249999999999999,6.03,4.26,5.11
36429,27,21,2,2011,-0.021666666666666667,7.57,4.64,6.23
36430,27,22,2,2011,-0.25666666666666665,9.13,5.9,7.61
36431,27,23,2,2011,-0.4716666666666666,9.74,6.32,8.11
36432,28,0,2,2011,-0.41083333333333333,10.53,6.83,8.78
36433,28,1,2,2011,-0.16666666666666663,10.93,6.91,8.98
36434,28,2,2,2011,-0.02083333333333333,11.33,7.17,9.32
36435,28,3,2,2011,-0.28500000000000003,14.0,8.71,11.37
36436,28,4,2,2011,-0.6291666666666667,13.72,8.03,10.73
36437,28,5,2,2011,-1.4841666666666666,13.58,7.23,10.16
36438,28,6,2,2011,-2.2608333333333337,13.72,7.99,10.72
36439,28,7,2,2011,-3.408333333333333,13.82,8.46,11.14
36440,28,8,2,2011,-4.753333333333333,13.36,7.51,10.25
36441,28,9,2,2011,-5.6475,11.87,5.83,8.53
36442,28,10,2,2011,-6.184166666666667,11.28,5.39,7.96
36443,28,11,2,2011,-6.593333333333333,11.17,5.68,8.2
36444,28,12,2,2011,-6.795833333333333,11.26,5.93,8.4
36445,28,13,2,2011,-6.959166666666666,10.62,5.49,7.65
36446,28,14,2,2011,-6.357500000000001,8.11,5.21,6.32
36447,28,15,2,2011,-5.277500000000001,6.74,5.12,6.2
36448,28,16,2,2011,-4.147499999999999,5.2700000000000005,4.11,4.9
36449,28,17,2,2011,-3.03,5.0200000000000005,3.99,4.72
36450,28,18,2,2011,-1.9158333333333335,4.2700000000000005,3.4,4.01
36451,28,19,2,2011,-1.0075,3.58,2.88,3.38
36452,28,20,2,2011,-0.2875,2.61,2.14,2.48
36453,28,21,2,2011,0.20333333333333334,1.68,1.28,1.52
36454,28,22,2,2011,0.36999999999999994,2.74,1.59,2.23
36455,28,23,2,2011,-0.7041666666666666,4.75,1.64,3.5700000000000003
36456,1,0,3,2011,-1.4000000000000001,6.61,3.72,6.16
36457,1,1,3,2011,-1.5633333333333332,8.35,3.85,6.75
36458,1,2,3,2011,-1.7216666666666667,10.62,5.13,7.98
36459,1,3,3,2011,-1.2925000000000002,12.16,6.47,9.39
36460,1,4,3,2011,-1.1016666666666666,12.37,6.66,9.57
36461,1,5,3,2011,-1.1608333333333332,13.19,6.3500000000000005,9.37
36462,1,6,3,2011,-0.8200000000000002,13.82,6.8,9.92
36463,1,7,3,2011,-0.43,13.75,6.63,9.7
36464,1,8,3,2011,-0.5958333333333333,14.06,7.0600000000000005,10.11
36465,1,9,3,2011,-0.2041666666666667,15.79,8.14,11.45
36466,1,10,3,2011,0.39666666666666667,16.12,8.28,11.66
36467,1,11,3,2011,0.4583333333333333,15.9,7.98,11.4
36468,1,12,3,2011,0.019999999999999987,13.28,5.49,8.950000000000003
36469,1,13,3,2011,0.9624999999999999,13.2,7.48,10.12
36470,1,14,3,2011,2.8225,13.19,7.98,10.55
36471,1,15,3,2011,4.4799999999999995,10.92,7.37,9.28
36472,1,16,3,2011,6.408333333333332,6.69,4.93,5.97
36473,1,17,3,2011,8.159166666666666,5.37,4.19,4.99
36474,1,18,3,2011,9.841666666666667,4.44,3.46,4.11
36475,1,19,3,2011,11.315833333333336,4.14,3.26,3.85
36476,1,20,3,2011,12.520000000000001,3.91,3.1,3.66
36477,1,21,3,2011,13.309166666666664,3.49,2.73,3.22
36478,1,22,3,2011,13.685000000000002,2.8000000000000003,2.02,2.51
36479,1,23,3,2011,12.380833333333333,2.13,0.95,1.76
36480,2,0,3,2011,10.5625,2.42,0.46,1.37
36481,2,1,3,2011,8.9325,5.69,1.76,3.89
36482,2,2,3,2011,7.19,9.71,3.08,7.31
36483,2,3,3,2011,6.1258333333333335,12.15,4.38,8.84
36484,2,4,3,2011,4.489166666666667,12.33,4.39,8.65
36485,2,5,3,2011,3.17,11.96,4.69,8.39
36486,2,6,3,2011,1.9766666666666666,13.23,5.62,9.03
36487,2,7,3,2011,0.3533333333333332,12.59,5.29,8.51
36488,2,8,3,2011,-0.8708333333333332,11.99,5.07,7.8900000000000015
36489,2,9,3,2011,-1.721666666666667,10.41,4.1,6.66
36490,2,10,3,2011,-2.1133333333333333,9.26,4.5,6.75
36491,2,11,3,2011,-2.660833333333333,9.21,5.0,6.99
36492,2,12,3,2011,-3.0691666666666664,9.2,4.89,6.8500000000000005
36493,2,13,3,2011,-3.2258333333333336,8.33,5.21,6.46
36494,2,14,3,2011,-2.5916666666666663,7.09,5.44,6.53
36495,2,15,3,2011,-1.4800000000000002,6.62,5.18,6.16
36496,2,16,3,2011,-0.029166666666666646,6.45,5.09,6.0200000000000005
36497,2,17,3,2011,1.4875,6.59,5.19,6.1400000000000015
36498,2,18,3,2011,2.8400000000000003,6.24,4.9,5.8
36499,2,19,3,2011,4.0424999999999995,6.19,4.8500000000000005,5.75
36500,2,20,3,2011,5.023333333333333,6.43,4.97,5.94
36501,2,21,3,2011,5.703333333333333,7.0,5.3,6.41
36502,2,22,3,2011,5.927499999999999,7.5,5.44,6.75
36503,2,23,3,2011,4.948333333333333,8.370000000000001,5.45,6.7700000000000005
36504,3,0,3,2011,3.3058333333333336,9.99,3.58,6.79
36505,3,1,3,2011,2.3091666666666666,12.07,3.8,7.24
36506,3,2,3,2011,1.5816666666666668,12.13,3.97,7.44
36507,3,3,3,2011,0.5391666666666667,11.24,3.52,6.86
36508,3,4,3,2011,-0.17833333333333334,11.3,2.5,5.98
36509,3,5,3,2011,0.15916666666666668,10.87,3.43,5.58
36510,3,6,3,2011,0.6933333333333334,10.13,3.5700000000000003,5.84
36511,3,7,3,2011,0.5591666666666667,10.23,3.54,5.83
36512,3,8,3,2011,0.7816666666666666,10.32,3.6,5.94
36513,3,9,3,2011,0.8675,9.96,3.38,5.63
36514,3,10,3,2011,1.4816666666666667,12.06,4.61,7.43
36515,3,11,3,2011,3.035,12.61,5.5,8.370000000000001
36516,3,12,3,2011,3.268333333333333,12.47,5.94,8.73
36517,3,13,3,2011,3.5933333333333333,12.47,6.59,8.88
36518,3,14,3,2011,4.891666666666667,11.46,6.6000000000000005,8.88
36519,3,15,3,2011,6.619166666666668,8.97,5.65,6.92
36520,3,16,3,2011,8.760833333333334,7.46,5.57,6.74
36521,3,17,3,2011,10.781666666666666,7.0600000000000005,5.28,6.3900000000000015
36522,3,18,3,2011,12.528333333333334,7.09,5.3,6.41
36523,3,19,3,2011,13.725833333333332,6.68,4.98,6.03
36524,3,20,3,2011,14.689166666666667,6.43,4.7700000000000005,5.7700000000000005
36525,3,21,3,2011,15.543333333333331,7.11,5.14,6.33
36526,3,22,3,2011,15.740833333333335,7.07,5.11,6.3
36527,3,23,3,2011,14.564999999999998,6.92,3.74,5.11
36528,4,0,3,2011,12.663333333333334,7.67,2.89,5.8
36529,4,1,3,2011,11.842500000000001,6.99,2.9,5.86
36530,4,2,3,2011,10.649999999999999,6.78,2.54,5.41
36531,4,3,3,2011,10.444166666666668,6.63,2.83,5.46
36532,4,4,3,2011,10.000833333333333,5.18,2.79,4.67
36533,4,5,3,2011,9.575833333333334,4.45,2.7,4.39
36534,4,6,3,2011,8.307500000000001,1.79,1.56,2.73
36535,4,7,3,2011,6.321666666666666,4.17,2.17,3.87
36536,4,8,3,2011,5.708333333333333,5.87,2.76,4.72
36537,4,9,3,2011,5.2891666666666675,9.17,4.32,6.5200000000000005
36538,4,10,3,2011,5.120833333333333,9.98,4.34,6.68
36539,4,11,3,2011,4.93,10.43,4.89,7.48
36540,4,12,3,2011,4.4366666666666665,12.03,5.66,8.49
36541,4,13,3,2011,4.308333333333333,12.07,6.8900000000000015,9.04
36542,4,14,3,2011,4.822500000000001,11.18,7.59,9.25
36543,4,15,3,2011,4.659166666666667,10.0,7.52,9.16
36544,4,16,3,2011,5.074166666666667,10.71,8.03,9.79
36545,4,17,3,2011,5.6725,10.03,7.35,9.04
36546,4,18,3,2011,5.572500000000001,10.61,7.86,9.63
36547,4,19,3,2011,6.009166666666666,11.68,8.53,10.54
36548,4,20,3,2011,5.8066666666666675,11.78,8.59,10.62
36549,4,21,3,2011,5.135833333333333,11.07,8.040000000000001,9.94
36550,4,22,3,2011,5.452500000000001,11.18,7.99,9.99
36551,4,23,3,2011,5.035833333333332,12.38,8.47,10.76
36552,5,0,3,2011,3.668333333333333,13.06,8.4,10.82
36553,5,1,3,2011,4.091666666666667,9.86,6.08,8.08
36554,5,2,3,2011,4.225833333333333,12.06,7.68,10.06
36555,5,3,3,2011,3.2091666666666665,13.7,8.72,11.41
36556,5,4,3,2011,2.296666666666667,14.98,9.42,12.51
36557,5,5,3,2011,0.8516666666666667,15.23,9.36,12.47
36558,5,6,3,2011,-0.5916666666666667,14.13,8.55,11.44
36559,5,7,3,2011,-1.6524999999999999,13.23,7.72,10.44
36560,5,8,3,2011,-1.835,10.48,6.68,8.700000000000001
36561,5,9,3,2011,-2.07,10.7,6.91,8.97
36562,5,10,3,2011,-2.8983333333333334,11.84,7.84,10.13
36563,5,11,3,2011,-3.2825,12.89,8.040000000000001,10.58
36564,5,12,3,2011,-3.5391666666666666,12.05,7.51,9.88
36565,5,13,3,2011,-3.614166666666667,11.57,7.29,9.53
36566,5,14,3,2011,-3.1991666666666663,10.04,7.34,9.06
36567,5,15,3,2011,-2.450833333333334,9.64,7.07,8.700000000000001
36568,5,16,3,2011,-1.3558333333333332,8.99,6.7,8.17
36569,5,17,3,2011,-0.1583333333333333,8.620000000000001,6.43,7.84
36570,5,18,3,2011,0.9583333333333334,7.77,5.8,7.0600000000000005
36571,5,19,3,2011,1.8974999999999997,7.31,5.51,6.66
36572,5,20,3,2011,2.6841666666666666,6.95,5.21,6.3100000000000005
36573,5,21,3,2011,3.1058333333333334,6.63,4.97,6.03
36574,5,22,3,2011,3.089166666666667,6.2700000000000005,4.69,5.71
36575,5,23,3,2011,2.3516666666666666,5.84,4.2700000000000005,5.2700000000000005
36576,6,0,3,2011,0.7025,6.63,2.85,5.16
36577,6,1,3,2011,-0.3991666666666667,7.04,2.04,5.18
36578,6,2,3,2011,-0.9758333333333334,6.29,1.78,5.23
36579,6,3,3,2011,-1.2574999999999996,4.91,1.45,4.29
36580,6,4,3,2011,-1.4008333333333336,5.11,1.59,4.32
36581,6,5,3,2011,-1.8250000000000002,4.84,1.6,4.33
36582,6,6,3,2011,-2.2399999999999998,4.64,1.17,3.34
36583,6,7,3,2011,-2.5749999999999997,5.8500000000000005,0.96,3.2
36584,6,8,3,2011,-2.276666666666667,7.4,3.0700000000000003,4.75
36585,6,9,3,2011,-2.5125,8.5,3.73,6.0600000000000005
36586,6,10,3,2011,-2.4383333333333335,8.25,4.57,6.08
36587,6,11,3,2011,-2.051666666666667,7.62,4.8100000000000005,6.25
36588,6,12,3,2011,-2.2308333333333334,7.5,4.46,5.87
36589,6,13,3,2011,-1.9216666666666666,7.45,4.29,5.73
36590,6,14,3,2011,-1.4608333333333334,6.45,4.87,5.9
36591,6,15,3,2011,-0.30500000000000005,7.97,6.0200000000000005,7.3
36592,6,16,3,2011,1.1725,7.72,5.83,7.07
36593,6,17,3,2011,2.8008333333333333,8.23,6.17,7.48
36594,6,18,3,2011,4.297500000000001,8.53,6.33,7.71
36595,6,19,3,2011,5.545833333333334,8.94,6.58,8.040000000000001
36596,6,20,3,2011,6.381666666666668,9.27,6.7700000000000005,8.31
36597,6,21,3,2011,6.801666666666666,9.43,6.83,8.43
36598,6,22,3,2011,6.802500000000002,9.41,6.78,8.39
36599,6,23,3,2011,5.804166666666666,9.61,6.1400000000000015,7.79
36600,7,0,3,2011,4.010833333333333,10.93,3.8,7.28
36601,7,1,3,2011,2.93,11.41,3.7,7.0600000000000005
36602,7,2,3,2011,2.554166666666667,11.88,4.3500000000000005,7.6400000000000015
36603,7,3,3,2011,1.9366666666666668,11.6,4.12,7.29
36604,7,4,3,2011,1.7183333333333335,11.47,3.81,6.76
36605,7,5,3,2011,1.933333333333333,10.97,3.93,6.69
36606,7,6,3,2011,1.7266666666666666,10.42,3.59,6.24
36607,7,7,3,2011,1.5516666666666665,9.66,3.27,5.53
36608,7,8,3,2011,1.6658333333333333,9.29,3.48,5.64
36609,7,9,3,2011,1.6925,8.85,3.42,5.48
36610,7,10,3,2011,1.5875000000000001,8.47,3.3200000000000003,5.24
36611,7,11,3,2011,1.346666666666667,7.46,2.92,4.59
36612,7,12,3,2011,1.1275000000000002,6.37,2.54,3.95
36613,7,13,3,2011,1.1224999999999998,6.1000000000000005,2.76,3.93
36614,7,14,3,2011,2.23,5.87,3.53,4.21
36615,7,15,3,2011,3.6525,4.83,3.72,4.45
36616,7,16,3,2011,5.113333333333333,4.92,3.88,4.59
36617,7,17,3,2011,6.225833333333334,5.01,3.85,4.61
36618,7,18,3,2011,6.1525,4.94,3.8,4.54
36619,7,19,3,2011,6.7075,5.8500000000000005,4.44,5.34
36620,7,20,3,2011,6.496666666666667,6.63,5.16,6.16
36621,7,21,3,2011,6.1325,6.59,5.08,6.09
36622,7,22,3,2011,5.8066666666666675,7.11,5.21,6.41
36623,7,23,3,2011,5.4624999999999995,7.15,5.22,6.44
36624,8,0,3,2011,5.1866666666666665,6.92,4.71,5.88
36625,8,1,3,2011,5.1674999999999995,7.62,4.98,6.41
36626,8,2,3,2011,4.8425,6.7,4.51,5.74
36627,8,3,3,2011,4.490833333333334,6.9,4.28,5.63
36628,8,4,3,2011,4.0275,7.3900000000000015,3.95,5.51
36629,8,5,3,2011,3.956666666666667,7.13,3.98,5.46
36630,8,6,3,2011,3.7358333333333333,7.01,3.83,5.17
36631,8,7,3,2011,2.97,7.96,3.49,5.49
36632,8,8,3,2011,2.3233333333333333,9.42,3.27,6.11
36633,8,9,3,2011,1.7125000000000001,9.43,3.4,6.15
36634,8,10,3,2011,1.1816666666666669,9.46,3.82,6.01
36635,8,11,3,2011,0.8875000000000001,8.52,4.23,5.8
36636,8,12,3,2011,0.7925,7.97,4.25,5.79
36637,8,13,3,2011,1.1633333333333333,7.9300000000000015,4.17,5.28
36638,8,14,3,2011,1.8183333333333334,6.69,4.34,5.23
36639,8,15,3,2011,3.2358333333333333,6.92,5.37,6.43
36640,8,16,3,2011,4.8175,7.82,5.89,7.1400000000000015
36641,8,17,3,2011,5.778333333333332,8.83,6.57,8.02
36642,8,18,3,2011,6.4225,9.29,6.92,8.46
36643,8,19,3,2011,6.375,9.43,7.05,8.620000000000001
36644,8,20,3,2011,6.008333333333333,8.66,6.41,7.86
36645,8,21,3,2011,5.675,8.5,6.28,7.73
36646,8,22,3,2011,4.470833333333334,8.86,6.74,8.25
36647,8,23,3,2011,4.065833333333334,6.72,5.05,6.19
36648,9,0,3,2011,3.7475000000000005,5.9,4.42,5.4
36649,9,1,3,2011,3.5833333333333335,5.37,3.77,4.7
36650,9,2,3,2011,3.5324999999999993,5.6000000000000005,4.05,5.0200000000000005
36651,9,3,3,2011,3.4008333333333334,5.88,4.15,5.17
36652,9,4,3,2011,3.2341666666666673,5.94,4.16,5.22
36653,9,5,3,2011,2.83,7.16,4.9,6.1400000000000015
36654,9,6,3,2011,2.2416666666666667,8.0,4.61,6.04
36655,9,7,3,2011,2.1058333333333334,8.83,5.33,6.99
36656,9,8,3,2011,1.5925,11.1,6.73,9.02
36657,9,9,3,2011,1.2033333333333334,11.24,6.95,9.18
36658,9,10,3,2011,0.7166666666666667,11.19,6.86,9.1
36659,9,11,3,2011,0.2558333333333334,11.38,6.47,8.89
36660,9,12,3,2011,0.08416666666666667,11.61,6.86,9.29
36661,9,13,3,2011,0.1075,11.76,7.01,9.44
36662,9,14,3,2011,0.7908333333333335,10.66,7.46,9.3
36663,9,15,3,2011,1.6841666666666668,11.33,8.14,10.12
36664,9,16,3,2011,2.7758333333333334,12.09,8.69,10.81
36665,9,17,3,2011,3.658333333333333,12.53,9.03,11.22
36666,9,18,3,2011,4.149166666666667,12.6,9.05,11.26
36667,9,19,3,2011,4.835833333333334,12.61,9.05,11.26
36668,9,20,3,2011,5.3075,12.6,9.02,11.23
36669,9,21,3,2011,5.385833333333333,12.35,8.71,10.92
36670,9,22,3,2011,5.040000000000001,12.45,8.77,11.04
36671,9,23,3,2011,4.384166666666667,12.37,8.52,10.84
36672,10,0,3,2011,3.085000000000001,12.02,6.87,9.52
36673,10,1,3,2011,1.8858333333333335,11.16,5.87,8.24
36674,10,2,3,2011,0.8808333333333335,11.33,5.95,8.61
36675,10,3,3,2011,0.17666666666666672,12.62,6.68,9.49
36676,10,4,3,2011,-0.36000000000000004,13.05,7.03,9.89
36677,10,5,3,2011,-0.8366666666666666,12.16,6.38,9.04
36678,10,6,3,2011,-1.1124999999999998,11.98,6.54,9.14
36679,10,7,3,2011,-1.3833333333333335,10.95,5.87,8.31
36680,10,8,3,2011,-1.5624999999999998,10.72,5.79,8.14
36681,10,9,3,2011,-1.7391666666666667,9.54,4.88,7.0200000000000005
36682,10,10,3,2011,-1.885,8.33,4.29,6.1400000000000015
36683,10,11,3,2011,-2.0100000000000002,8.290000000000001,4.28,6.12
36684,10,12,3,2011,-2.1283333333333334,8.32,4.25,6.13
36685,10,13,3,2011,-1.79,8.02,4.25,5.82
36686,10,14,3,2011,-0.8675,5.7700000000000005,4.3100000000000005,5.22
36687,10,15,3,2011,0.6816666666666666,4.8100000000000005,3.73,4.45
36688,10,16,3,2011,2.5416666666666665,4.14,3.2,3.81
36689,10,17,3,2011,4.303333333333334,3.81,2.94,3.49
36690,10,18,3,2011,5.865000000000001,3.13,2.41,2.85
36691,10,19,3,2011,7.216666666666668,2.75,2.11,2.5
36692,10,20,3,2011,8.295,3.1,2.33,2.79
36693,10,21,3,2011,9.146666666666667,3.23,2.43,2.91
36694,10,22,3,2011,9.61,2.8000000000000003,2.07,2.5
36695,10,23,3,2011,9.1075,2.8000000000000003,1.94,2.44
36696,11,0,3,2011,7.445000000000001,4.0600000000000005,2.24,3.92
36697,11,1,3,2011,6.8,6.44,3.2,5.8
36698,11,2,3,2011,6.239999999999999,7.77,4.22,7.32
36699,11,3,3,2011,5.633333333333334,8.22,4.36,7.65
36700,11,4,3,2011,5.38,10.32,5.18,8.64
36701,11,5,3,2011,4.995833333333334,11.62,5.82,9.23
36702,11,6,3,2011,4.3374999999999995,11.71,5.76,8.97
36703,11,7,3,2011,3.983333333333334,12.57,6.38,9.61
36704,11,8,3,2011,3.9291666666666667,13.4,6.7,9.94
36705,11,9,3,2011,3.9825,14.11,7.08,10.38
36706,11,10,3,2011,3.8299999999999996,14.86,7.27,10.68
36707,11,11,3,2011,3.898333333333333,14.82,7.78,11.08
36708,11,12,3,2011,3.5366666666666666,14.91,7.9300000000000015,11.19
36709,11,13,3,2011,4.685,14.62,8.68,11.25
36710,11,14,3,2011,7.135000000000001,13.45,8.49,11.03
36711,11,15,3,2011,9.746666666666668,11.77,7.58,9.37
36712,11,16,3,2011,11.939166666666667,9.5,7.09,8.620000000000001
36713,11,17,3,2011,13.880833333333335,9.26,6.8100000000000005,8.33
36714,11,18,3,2011,15.711666666666668,9.18,6.72,8.22
36715,11,19,3,2011,17.0125,8.83,6.3900000000000015,7.87
36716,11,20,3,2011,18.171666666666663,8.98,6.45,7.97
36717,11,21,3,2011,18.703333333333337,8.25,5.97,7.37
36718,11,22,3,2011,18.853333333333335,7.99,5.76,7.11
36719,11,23,3,2011,17.589166666666667,8.48,4.39,6.21
36720,12,0,3,2011,15.695833333333333,10.43,3.99,7.27
36721,12,1,3,2011,14.124166666666666,16.32,7.57,11.35
36722,12,2,3,2011,12.8925,15.15,7.51,11.08
36723,12,3,3,2011,11.345833333333333,15.46,6.23,10.17
36724,12,4,3,2011,9.991666666666667,11.73,4.17,7.94
36725,12,5,3,2011,9.289166666666667,10.1,3.82,6.99
36726,12,6,3,2011,9.280000000000001,11.78,4.51,7.9
36727,12,7,3,2011,8.2,12.06,4.72,8.11
36728,12,8,3,2011,7.504166666666666,13.03,5.43,8.98
36729,12,9,3,2011,7.571666666666666,14.29,6.29,9.91
36730,12,10,3,2011,6.530833333333333,14.29,6.0200000000000005,9.69
36731,12,11,3,2011,5.255833333333334,12.46,4.87,8.34
36732,12,12,3,2011,4.659166666666667,13.01,5.76,9.26
36733,12,13,3,2011,4.705,11.87,6.46,8.63
36734,12,14,3,2011,5.013333333333334,10.24,7.04,8.66
36735,12,15,3,2011,6.012500000000002,7.99,5.88,7.18
36736,12,16,3,2011,6.9558333333333335,7.29,5.5600000000000005,6.67
36737,12,17,3,2011,7.8133333333333335,7.3900000000000015,5.63,6.76
36738,12,18,3,2011,8.945833333333333,7.09,5.34,6.42
36739,12,19,3,2011,9.934166666666666,6.8100000000000005,5.12,6.16
36740,12,20,3,2011,10.530833333333335,6.51,4.93,5.92
36741,12,21,3,2011,10.826666666666666,6.45,4.87,5.86
36742,12,22,3,2011,10.812499999999998,6.2700000000000005,4.72,5.69
36743,12,23,3,2011,10.162500000000001,6.3500000000000005,4.11,5.07
36744,13,0,3,2011,8.715833333333334,7.71,3.13,5.73
36745,13,1,3,2011,8.000833333333334,8.41,3.98,6.48
36746,13,2,3,2011,7.241666666666666,8.98,4.44,6.96
36747,13,3,3,2011,6.765833333333333,8.16,4.5200000000000005,6.3100000000000005
36748,13,4,3,2011,5.939166666666666,7.82,4.44,6.05
36749,13,5,3,2011,5.0183333333333335,7.77,4.65,6.0600000000000005
36750,13,6,3,2011,4.020833333333334,7.79,5.15,6.58
36751,13,7,3,2011,3.0416666666666665,8.91,5.58,7.23
36752,13,8,3,2011,2.3816666666666664,8.67,5.97,7.46
36753,13,9,3,2011,1.8091666666666664,7.94,5.75,7.1000000000000005
36754,13,10,3,2011,1.2816666666666665,7.92,5.82,7.1400000000000015
36755,13,11,3,2011,0.8483333333333333,7.57,5.63,6.8900000000000015
36756,13,12,3,2011,0.5666666666666667,6.5600000000000005,4.95,6.03
36757,13,13,3,2011,0.32749999999999996,7.25,5.5,6.68
36758,13,14,3,2011,0.4733333333333334,6.79,5.17,6.2700000000000005
36759,13,15,3,2011,1.1516666666666666,5.48,4.26,5.09
36760,13,16,3,2011,2.3225,5.48,4.32,5.12
36761,13,17,3,2011,3.5383333333333327,6.62,5.19,6.17
36762,13,18,3,2011,4.759166666666666,7.96,6.21,7.4
36763,13,19,3,2011,5.836666666666667,7.86,6.05,7.26
36764,13,20,3,2011,6.593333333333334,6.88,5.29,6.34
36765,13,21,3,2011,7.045833333333333,6.69,5.08,6.1000000000000005
36766,13,22,3,2011,7.225833333333333,6.73,5.0200000000000005,6.13
36767,13,23,3,2011,7.028333333333333,6.5600000000000005,4.7700000000000005,5.91
36768,14,0,3,2011,6.772500000000001,5.46,2.73,4.14
36769,14,1,3,2011,6.514166666666667,6.34,3.72,5.29
36770,14,2,3,2011,6.084166666666666,6.82,3.84,5.48
36771,14,3,3,2011,5.6191666666666675,6.11,2.91,4.54
36772,14,4,3,2011,5.229166666666667,6.07,2.74,4.2
36773,14,5,3,2011,4.578333333333333,5.51,2.33,3.75
36774,14,6,3,2011,3.970833333333333,4.2,1.51,2.69
36775,14,7,3,2011,3.409166666666667,5.5200000000000005,3.35,4.45
36776,14,8,3,2011,2.870833333333333,5.57,3.47,4.57
36777,14,9,3,2011,2.4516666666666667,5.37,3.45,4.48
36778,14,10,3,2011,2.0775,5.37,3.48,4.47
36779,14,11,3,2011,1.7508333333333335,5.38,3.56,4.5600000000000005
36780,14,12,3,2011,1.3733333333333333,5.3,3.45,4.49
36781,14,13,3,2011,1.1608333333333334,5.08,3.79,4.58
36782,14,14,3,2011,1.6550000000000002,4.89,3.78,4.55
36783,14,15,3,2011,2.6858333333333335,4.48,3.53,4.19
36784,14,16,3,2011,3.7841666666666662,4.17,3.33,3.92
36785,14,17,3,2011,4.943333333333333,3.7,2.98,3.49
36786,14,18,3,2011,6.100833333333333,3.28,2.68,3.11
36787,14,19,3,2011,7.144166666666667,2.85,2.33,2.69
36788,14,20,3,2011,8.005833333333333,2.54,2.11,2.42
36789,14,21,3,2011,8.615833333333333,2.41,1.99,2.29
36790,14,22,3,2011,8.844166666666666,2.43,1.97,2.3000000000000003
36791,14,23,3,2011,8.659166666666666,2.56,1.94,2.33
36792,15,0,3,2011,7.460833333333333,4.18,1.67,3.61
36793,15,1,3,2011,6.748333333333335,3.69,2.03,3.69
36794,15,2,3,2011,5.786666666666666,2.38,1.21,2.29
36795,15,3,3,2011,4.968333333333334,2.85,1.2,2.29
36796,15,4,3,2011,4.0808333333333335,3.56,1.62,3.01
36797,15,5,3,2011,3.529166666666667,3.31,1.67,3.02
36798,15,6,3,2011,2.7925,3.33,1.9,3.25
36799,15,7,3,2011,2.5050000000000003,3.58,2.32,3.75
36800,15,8,3,2011,2.3741666666666665,3.92,2.69,4.2700000000000005
36801,15,9,3,2011,2.1350000000000002,3.97,2.89,4.45
36802,15,10,3,2011,1.3466666666666667,4.3100000000000005,3.18,4.54
36803,15,11,3,2011,1.0958333333333334,4.28,3.2,4.63
36804,15,12,3,2011,1.0199999999999998,5.4,3.46,5.15
36805,15,13,3,2011,1.4733333333333334,6.15,3.46,5.14
36806,15,14,3,2011,3.5233333333333334,6.16,3.43,4.12
36807,15,15,3,2011,5.740833333333334,4.97,3.79,4.55
36808,15,16,3,2011,7.378333333333335,5.69,4.23,5.15
36809,15,17,3,2011,8.7125,5.89,4.43,5.3500000000000005
36810,15,18,3,2011,10.383333333333333,6.45,4.82,5.83
36811,15,19,3,2011,11.686666666666667,6.75,5.0600000000000005,6.12
36812,15,20,3,2011,12.678333333333335,6.47,4.82,5.84
36813,15,21,3,2011,13.379166666666668,6.45,4.73,5.79
36814,15,22,3,2011,13.698333333333332,6.46,4.73,5.78
36815,15,23,3,2011,13.199166666666665,6.43,4.39,5.48
36816,16,0,3,2011,11.655833333333334,7.84,3.7,6.54
36817,16,1,3,2011,10.366666666666669,10.61,4.6000000000000005,7.92
36818,16,2,3,2011,9.369166666666665,11.27,5.37,8.77
36819,16,3,3,2011,8.235,12.06,5.36,8.67
36820,16,4,3,2011,7.844999999999999,11.91,5.3100000000000005,8.64
36821,16,5,3,2011,7.63,11.42,4.98,8.41
36822,16,6,3,2011,7.473333333333333,10.63,4.55,7.98
36823,16,7,3,2011,7.240833333333335,9.34,4.49,7.7
36824,16,8,3,2011,6.720833333333332,9.09,4.68,7.45
36825,16,9,3,2011,6.409166666666667,9.21,4.7700000000000005,7.71
36826,16,10,3,2011,6.240833333333332,8.56,4.74,7.73
36827,16,11,3,2011,5.5200000000000005,9.78,5.32,8.69
36828,16,12,3,2011,5.470833333333332,10.48,5.51,8.68
36829,16,13,3,2011,6.4191666666666665,11.01,5.9,8.64
36830,16,14,3,2011,8.553333333333333,9.92,5.51,7.3
36831,16,15,3,2011,10.5675,7.46,5.68,6.83
36832,16,16,3,2011,13.090833333333336,7.3900000000000015,5.5600000000000005,6.71
36833,16,17,3,2011,15.174166666666665,8.42,6.24,7.6
36834,16,18,3,2011,16.486666666666668,9.79,7.1400000000000015,8.77
36835,16,19,3,2011,17.729999999999997,10.71,7.7,9.53
36836,16,20,3,2011,18.725000000000005,11.49,8.26,10.25
36837,16,21,3,2011,19.018333333333334,11.81,8.48,10.53
36838,16,22,3,2011,18.790000000000003,11.95,8.48,10.62
36839,16,23,3,2011,17.8025,11.95,8.32,10.5
36840,17,0,3,2011,16.154999999999998,14.65,8.03,11.26
36841,17,1,3,2011,15.344166666666668,16.14,9.05,12.48
36842,17,2,3,2011,14.715000000000002,16.16,9.06,12.5
36843,17,3,3,2011,14.271666666666667,15.92,8.56,11.94
36844,17,4,3,2011,14.125,16.44,8.82,12.31
36845,17,5,3,2011,14.225833333333336,16.63,9.21,12.7
36846,17,6,3,2011,13.982500000000002,16.35,9.0,12.45
36847,17,7,3,2011,13.735,16.03,8.870000000000003,12.23
36848,17,8,3,2011,13.983333333333334,16.43,9.39,12.7
36849,17,9,3,2011,14.095833333333337,16.25,9.47,12.69
36850,17,10,3,2011,14.154166666666669,16.21,9.57,12.86
36851,17,11,3,2011,14.220833333333333,16.17,9.68,12.98
36852,17,12,3,2011,14.583333333333336,16.95,10.61,13.95
36853,17,13,3,2011,15.014999999999999,17.55,11.57,14.81
36854,17,14,3,2011,15.968333333333334,17.400000000000002,11.33,14.3
36855,17,15,3,2011,17.525000000000002,15.75,11.34,14.03
36856,17,16,3,2011,19.28,12.3,8.93,10.99
36857,17,17,3,2011,20.63,9.7,7.0200000000000005,8.61
36858,17,18,3,2011,21.8475,7.58,5.6000000000000005,6.79
36859,17,19,3,2011,21.728333333333335,10.34,7.69,9.35
36860,17,20,3,2011,20.509166666666665,10.24,7.61,9.26
36861,17,21,3,2011,20.381666666666664,9.84,7.13,8.75
36862,17,22,3,2011,19.6725,10.18,7.37,9.1
36863,17,23,3,2011,18.535,9.09,6.51,8.1
36864,18,0,3,2011,16.815833333333334,9.17,3.96,6.45
36865,18,1,3,2011,15.629999999999997,9.16,3.93,6.83
36866,18,2,3,2011,14.255833333333333,10.98,4.28,7.25
36867,18,3,3,2011,13.1775,12.67,4.97,8.18
36868,18,4,3,2011,11.306666666666667,12.18,4.71,7.8900000000000015
36869,18,5,3,2011,10.148333333333333,11.6,3.88,7.15
36870,18,6,3,2011,9.358333333333333,11.88,3.78,7.34
36871,18,7,3,2011,9.06,11.71,4.59,8.2
36872,18,8,3,2011,8.643333333333333,11.54,4.61,8.21
36873,18,9,3,2011,7.941666666666667,12.66,4.33,8.040000000000001
36874,18,10,3,2011,7.2058333333333335,13.41,5.1000000000000005,8.73
36875,18,11,3,2011,6.449166666666667,12.73,5.0600000000000005,8.69
36876,18,12,3,2011,5.7375,11.21,3.95,7.7
36877,18,13,3,2011,6.713333333333334,9.84,4.87,7.0600000000000005
36878,18,14,3,2011,8.053333333333333,7.98,4.94,6.01
36879,18,15,3,2011,9.8075,7.0,5.18,6.2700000000000005
36880,18,16,3,2011,11.283333333333331,6.65,5.04,6.04
36881,18,17,3,2011,12.545833333333333,6.49,4.93,5.89
36882,18,18,3,2011,13.558333333333335,5.67,4.36,5.18
36883,18,19,3,2011,14.463333333333333,5.26,4.07,4.8100000000000005
36884,18,20,3,2011,15.019166666666665,5.21,4.0600000000000005,4.8
36885,18,21,3,2011,15.145000000000001,5.5,4.29,5.08
36886,18,22,3,2011,14.909999999999998,5.91,4.44,5.36
36887,18,23,3,2011,14.263333333333334,5.98,4.48,5.42
36888,19,0,3,2011,12.934166666666668,5.99,2.61,5.07
36889,19,1,3,2011,11.915,6.01,2.2,4.93
36890,19,2,3,2011,10.819166666666666,6.07,1.99,4.86
36891,19,3,3,2011,9.73,7.09,1.5,4.21
36892,19,4,3,2011,8.975000000000001,9.01,1.48,4.5600000000000005
36893,19,5,3,2011,7.886666666666666,10.76,1.66,5.2700000000000005
36894,19,6,3,2011,6.965833333333333,11.68,2.4,6.44
36895,19,7,3,2011,5.908333333333334,12.15,2.57,7.11
36896,19,8,3,2011,5.274166666666667,12.39,3.44,7.67
36897,19,9,3,2011,4.619166666666667,12.66,3.62,7.72
36898,19,10,3,2011,4.011666666666667,12.79,3.93,7.87
36899,19,11,3,2011,3.2075,12.87,3.81,7.6
36900,19,12,3,2011,2.924166666666667,12.85,4.88,7.91
36901,19,13,3,2011,4.274166666666667,12.56,6.11,8.16
36902,19,14,3,2011,5.55,10.72,6.5600000000000005,8.32
36903,19,15,3,2011,7.140833333333332,10.13,6.99,8.44
36904,19,16,3,2011,9.358333333333333,9.3,6.95,8.41
36905,19,17,3,2011,11.361666666666666,10.68,7.9,9.63
36906,19,18,3,2011,12.944999999999999,11.1,8.11,9.94
36907,19,19,3,2011,13.210833333333333,12.04,8.88,10.86
36908,19,20,3,2011,11.205833333333333,13.79,10.11,12.42
36909,19,21,3,2011,11.4275,15.29,10.91,13.58
36910,19,22,3,2011,9.999166666666667,15.86,11.55,14.25
36911,19,23,3,2011,9.298333333333332,11.19,7.71,9.7
36912,20,0,3,2011,9.090833333333334,9.46,6.43,8.11
36913,20,1,3,2011,8.918333333333335,11.36,6.67,8.68
36914,20,2,3,2011,8.886666666666667,11.73,6.83,9.09
36915,20,3,3,2011,9.125833333333333,12.85,8.39,10.87
36916,20,4,3,2011,9.385,12.74,8.19,10.63
36917,20,5,3,2011,8.854166666666666,11.96,5.61,8.27
36918,20,6,3,2011,8.891666666666666,13.87,7.54,10.48
36919,20,7,3,2011,9.113333333333332,14.0,7.67,10.62
36920,20,8,3,2011,9.825833333333335,14.59,8.27,11.31
36921,20,9,3,2011,10.880833333333335,15.64,8.99,12.24
36922,20,10,3,2011,11.689166666666667,15.61,8.97,12.21
36923,20,11,3,2011,12.251666666666665,16.02,9.25,12.52
36924,20,12,3,2011,12.85,15.27,8.93,12.13
36925,20,13,3,2011,13.559166666666664,16.29,10.41,13.57
36926,20,14,3,2011,14.801666666666668,15.42,10.04,12.98
36927,20,15,3,2011,17.149166666666666,13.51,9.64,11.98
36928,20,16,3,2011,19.659166666666668,13.44,9.55,11.87
36929,20,17,3,2011,21.09916666666666,13.2,9.3,11.64
36930,20,18,3,2011,22.46166666666667,12.75,8.85,11.08
36931,20,19,3,2011,23.47666666666667,12.1,8.48,10.53
36932,20,20,3,2011,24.063333333333333,10.9,7.69,9.53
36933,20,21,3,2011,24.668333333333337,10.88,7.67,9.51
36934,20,22,3,2011,24.735833333333336,10.34,7.2,8.99
36935,20,23,3,2011,24.025000000000002,8.8,5.44,6.8900000000000015
36936,21,0,3,2011,21.721666666666668,9.74,3.22,6.95
36937,21,1,3,2011,20.254166666666663,9.32,3.68,6.5600000000000005
36938,21,2,3,2011,18.600833333333334,10.14,3.68,6.82
36939,21,3,3,2011,17.317500000000003,9.6,3.0500000000000003,6.38
36940,21,4,3,2011,16.286666666666665,10.35,2.77,6.21
36941,21,5,3,2011,15.280833333333332,10.44,2.89,6.44
36942,21,6,3,2011,14.65333333333333,11.02,3.31,7.25
36943,21,7,3,2011,14.235,11.11,3.6,7.43
36944,21,8,3,2011,13.204166666666667,10.91,3.02,7.01
36945,21,9,3,2011,12.596666666666666,10.56,3.44,7.21
36946,21,10,3,2011,11.790833333333337,9.89,3.2,6.46
36947,21,11,3,2011,11.218333333333334,9.8,3.3000000000000003,6.4
36948,21,12,3,2011,10.906666666666666,9.8,4.07,6.21
36949,21,13,3,2011,10.945,7.75,4.43,5.8
36950,21,14,3,2011,11.364166666666668,6.66,3.84,5.0200000000000005
36951,21,15,3,2011,12.153333333333334,5.94,3.94,4.57
36952,21,16,3,2011,13.644166666666665,5.37,4.39,5.11
36953,21,17,3,2011,17.13,5.58,4.42,5.17
36954,21,18,3,2011,20.370833333333334,6.1000000000000005,4.62,5.5
36955,21,19,3,2011,22.9825,8.14,5.9,7.23
36956,21,20,3,2011,24.31916666666666,8.700000000000001,6.33,7.71
36957,21,21,3,2011,25.035,9.93,7.09,8.74
36958,21,22,3,2011,24.86916666666666,11.11,7.67,9.68
36959,21,23,3,2011,24.087500000000002,11.8,7.91,9.99
36960,22,0,3,2011,22.301666666666666,12.19,6.4,9.24
36961,22,1,3,2011,20.964166666666664,12.6,6.23,9.13
36962,22,2,3,2011,19.684166666666666,13.56,6.96,9.99
36963,22,3,3,2011,18.767500000000002,13.71,7.29,10.26
36964,22,4,3,2011,18.00916666666667,14.13,7.4,10.46
36965,22,5,3,2011,17.413333333333338,13.34,6.79,9.75
36966,22,6,3,2011,16.801666666666666,13.59,6.5600000000000005,9.6
36967,22,7,3,2011,16.741666666666667,14.98,7.97,11.24
36968,22,8,3,2011,16.634999999999994,15.78,8.72,12.1
36969,22,9,3,2011,16.3075,15.34,8.34,11.63
36970,22,10,3,2011,15.88,15.3,8.34,11.62
36971,22,11,3,2011,15.656666666666668,15.48,8.71,11.89
36972,22,12,3,2011,15.899999999999999,15.45,8.77,11.91
36973,22,13,3,2011,16.990833333333335,15.0,8.82,11.73
36974,22,14,3,2011,18.488333333333337,14.25,9.64,11.97
36975,22,15,3,2011,19.699166666666667,14.46,10.55,13.01
36976,22,16,3,2011,21.349999999999998,14.41,10.53,13.0
36977,22,17,3,2011,22.985833333333332,13.76,9.86,12.04
36978,22,18,3,2011,24.0925,14.17,10.14,12.47
36979,22,19,3,2011,25.004999999999995,14.77,10.41,12.99
36980,22,20,3,2011,25.722499999999997,14.65,10.26,12.78
36981,22,21,3,2011,26.13083333333333,17.04,11.61,14.67
36982,22,22,3,2011,25.953333333333333,18.12,11.87,15.25
36983,22,23,3,2011,25.101666666666663,17.76,11.7,14.98
36984,23,0,3,2011,22.814166666666665,15.4,7.71,11.22
36985,23,1,3,2011,20.540833333333335,15.01,7.65,10.97
36986,23,2,3,2011,17.515833333333333,13.33,6.7700000000000005,9.64
36987,23,3,3,2011,14.456666666666665,13.17,6.97,9.71
36988,23,4,3,2011,13.005833333333333,10.05,4.88,7.34
36989,23,5,3,2011,12.179166666666665,6.76,2.65,5.1000000000000005
36990,23,6,3,2011,11.516666666666667,6.8900000000000015,3.2,5.53
36991,23,7,3,2011,10.616666666666665,5.57,2.12,3.98
36992,23,8,3,2011,9.508333333333333,8.700000000000001,3.8,6.26
36993,23,9,3,2011,9.636666666666665,12.55,4.67,7.98
36994,23,10,3,2011,8.899166666666666,13.75,6.0200000000000005,9.36
36995,23,11,3,2011,8.335833333333335,13.21,5.43,8.86
36996,23,12,3,2011,7.324166666666666,12.18,6.6400000000000015,9.22
36997,23,13,3,2011,7.1141666666666685,13.18,9.39,11.61
36998,23,14,3,2011,6.335,12.9,9.39,11.53
36999,23,15,3,2011,6.705000000000002,12.41,9.02,11.07
37000,23,16,3,2011,7.735833333333335,12.77,9.09,11.21
37001,23,17,3,2011,8.771666666666667,14.22,10.1,12.46
37002,23,18,3,2011,9.271666666666667,14.13,10.07,12.39
37003,23,19,3,2011,9.513333333333334,13.66,9.74,12.01
37004,23,20,3,2011,9.5075,13.99,9.99,12.39
37005,23,21,3,2011,9.200833333333334,13.97,9.88,12.33
37006,23,22,3,2011,8.284999999999998,14.16,10.05,12.51
37007,23,23,3,2011,7.209166666666666,13.81,9.71,12.1
37008,24,0,3,2011,5.575833333333333,13.32,9.05,11.51
37009,24,1,3,2011,4.2316666666666665,13.49,8.68,11.23
37010,24,2,3,2011,3.044166666666667,11.01,6.51,8.69
37011,24,3,3,2011,1.9383333333333335,10.86,6.42,8.63
37012,24,4,3,2011,0.8824999999999998,11.47,7.12,9.36
37013,24,5,3,2011,0.07083333333333335,12.14,7.47,9.85
37014,24,6,3,2011,-0.7741666666666668,11.72,7.34,9.62
37015,24,7,3,2011,-1.7491666666666668,11.44,7.23,9.47
37016,24,8,3,2011,-2.638333333333333,10.33,6.0200000000000005,8.1
37017,24,9,3,2011,-3.1474999999999995,10.45,6.11,8.19
37018,24,10,3,2011,-3.4375,9.24,5.01,6.9
37019,24,11,3,2011,-3.5833333333333335,8.64,4.8,6.5600000000000005
37020,24,12,3,2011,-3.7199999999999993,7.69,4.01,5.61
37021,24,13,3,2011,-3.1791666666666667,6.5200000000000005,4.64,5.63
37022,24,14,3,2011,-2.1791666666666667,5.92,4.45,5.38
37023,24,15,3,2011,-0.9833333333333334,5.16,4.0,4.75
37024,24,16,3,2011,0.26916666666666667,4.11,3.27,3.82
37025,24,17,3,2011,1.53,3.25,2.65,3.06
37026,24,18,3,2011,2.7108333333333334,2.78,2.33,2.64
37027,24,19,3,2011,3.885833333333334,3.06,2.61,2.95
37028,24,20,3,2011,4.865833333333334,3.54,2.91,3.35
37029,24,21,3,2011,5.6925,4.26,3.36,3.93
37030,24,22,3,2011,6.114166666666667,5.05,3.89,4.64
37031,24,23,3,2011,5.976666666666667,5.95,4.43,5.42
37032,25,0,3,2011,5.526666666666666,6.1400000000000015,4.26,5.22
37033,25,1,3,2011,5.300833333333334,6.61,4.4,5.59
37034,25,2,3,2011,5.061666666666667,7.08,4.9,6.15
37035,25,3,3,2011,4.9975,7.27,5.17,6.4
37036,25,4,3,2011,3.805,10.19,7.57,9.28
37037,25,5,3,2011,2.8158333333333325,9.36,6.7700000000000005,8.36
37038,25,6,3,2011,1.7266666666666668,6.37,4.72,5.78
37039,25,7,3,2011,0.5533333333333333,7.34,4.8100000000000005,5.89
37040,25,8,3,2011,0.4458333333333333,6.7700000000000005,4.83,5.88
37041,25,9,3,2011,0.25333333333333335,5.18,3.37,4.05
37042,25,10,3,2011,0.18666666666666665,5.44,3.66,4.44
37043,25,11,3,2011,0.01416666666666667,5.73,3.72,4.63
37044,25,12,3,2011,-0.32749999999999996,6.08,3.26,4.5200000000000005
37045,25,13,3,2011,-0.17833333333333337,6.2,4.13,4.99
37046,25,14,3,2011,0.8508333333333334,5.47,4.13,4.97
37047,25,15,3,2011,1.8833333333333335,5.3100000000000005,4.21,4.96
37048,25,16,3,2011,2.8025,5.53,4.38,5.16
37049,25,17,3,2011,3.5475000000000008,5.78,4.63,5.44
37050,25,18,3,2011,4.234166666666667,5.66,4.5200000000000005,5.3
37051,25,19,3,2011,5.126666666666667,5.96,4.82,5.62
37052,25,20,3,2011,5.656666666666667,5.87,4.72,5.54
37053,25,21,3,2011,5.874166666666667,6.07,4.82,5.68
37054,25,22,3,2011,5.522500000000001,6.66,5.13,6.16
37055,25,23,3,2011,4.881666666666667,6.6000000000000005,4.89,5.91
37056,26,0,3,2011,4.126666666666667,6.91,4.53,5.83
37057,26,1,3,2011,3.765833333333333,7.6400000000000015,4.86,6.3100000000000005
37058,26,2,3,2011,3.4825,7.8900000000000015,5.1000000000000005,6.59
37059,26,3,3,2011,3.2633333333333336,7.76,5.0,6.47
37060,26,4,3,2011,3.0383333333333336,7.95,5.05,6.55
37061,26,5,3,2011,2.7224999999999997,8.18,5.2,6.73
37062,26,6,3,2011,2.441666666666667,8.49,5.4,7.01
37063,26,7,3,2011,2.2575,9.36,6.1400000000000015,7.87
37064,26,8,3,2011,2.2,9.42,6.2,7.94
37065,26,9,3,2011,1.8341666666666667,8.78,5.21,6.74
37066,26,10,3,2011,1.3291666666666666,9.84,6.11,8.02
37067,26,11,3,2011,1.5333333333333332,10.22,6.66,8.57
37068,26,12,3,2011,1.4583333333333333,9.71,6.3500000000000005,8.17
37069,26,13,3,2011,1.1225,9.58,6.07,7.88
37070,26,14,3,2011,0.7966666666666667,10.49,7.55,9.37
37071,26,15,3,2011,0.8833333333333333,10.39,7.72,9.41
37072,26,16,3,2011,1.9433333333333334,10.65,7.98,9.7
37073,26,17,3,2011,2.808333333333333,10.29,7.68,9.33
37074,26,18,3,2011,3.0775,10.19,7.65,9.3
37075,26,19,3,2011,3.3649999999999998,9.57,7.18,8.71
37076,26,20,3,2011,3.43,9.16,6.91,8.36
37077,26,21,3,2011,3.485,8.47,6.33,7.71
37078,26,22,3,2011,3.0749999999999997,8.46,6.34,7.71
37079,26,23,3,2011,2.5208333333333335,7.86,5.73,7.07
37080,27,0,3,2011,1.9666666666666668,7.41,5.33,6.62
37081,27,1,3,2011,1.4616666666666667,7.34,5.38,6.63
37082,27,2,3,2011,0.89,7.34,5.3,6.5600000000000005
37083,27,3,3,2011,0.65,7.53,5.3100000000000005,6.62
37084,27,4,3,2011,0.4725,6.16,4.4,5.44
37085,27,5,3,2011,0.2641666666666667,6.44,2.65,4.39
37086,27,6,3,2011,-0.29583333333333334,7.97,1.59,4.38
37087,27,7,3,2011,-1.05,11.06,3.27,6.96
37088,27,8,3,2011,-1.9666666666666666,11.27,3.39,6.8500000000000005
37089,27,9,3,2011,-2.4458333333333333,10.57,4.62,7.25
37090,27,10,3,2011,-3.330833333333333,9.95,3.89,6.37
37091,27,11,3,2011,-3.8541666666666665,8.83,3.12,5.44
37092,27,12,3,2011,-3.9675,7.94,3.98,5.3
37093,27,13,3,2011,-3.1675,7.29,4.82,5.86
37094,27,14,3,2011,-2.02,6.11,4.72,5.63
37095,27,15,3,2011,-0.6625000000000001,6.18,4.8,5.7
37096,27,16,3,2011,0.5275,6.19,4.8,5.71
37097,27,17,3,2011,1.5549999999999997,5.97,4.66,5.5200000000000005
37098,27,18,3,2011,2.4308333333333336,5.8100000000000005,4.5600000000000005,5.39
37099,27,19,3,2011,3.1425,5.75,4.51,5.33
37100,27,20,3,2011,3.685833333333333,5.78,4.57,5.39
37101,27,21,3,2011,4.03,6.0600000000000005,4.75,5.66
37102,27,22,3,2011,4.063333333333333,6.08,4.68,5.64
37103,27,23,3,2011,3.8925,6.12,4.63,5.62
37104,28,0,3,2011,3.4966666666666666,5.64,4.0200000000000005,5.04
37105,28,1,3,2011,3.1925000000000003,5.5200000000000005,3.98,5.0
37106,28,2,3,2011,2.875833333333333,7.26,5.21,6.58
37107,28,3,3,2011,2.5691666666666664,7.04,4.9,6.25
37108,28,4,3,2011,2.0391666666666666,5.51,3.71,4.62
37109,28,5,3,2011,1.2358333333333331,4.59,2.6,3.85
37110,28,6,3,2011,0.005833333333333325,4.25,1.72,3.37
37111,28,7,3,2011,-0.7066666666666667,4.45,1.48,3.47
37112,28,8,3,2011,-1.0941666666666667,4.07,1.04,2.63
37113,28,9,3,2011,-1.4325,4.11,1.1,2.65
37114,28,10,3,2011,-1.6216666666666664,4.79,0.98,2.97
37115,28,11,3,2011,-1.9075,5.47,1.04,3.46
37116,28,12,3,2011,-2.154166666666667,6.11,1.79,3.91
37117,28,13,3,2011,-0.8033333333333333,5.8,3.6,4.36
37118,28,14,3,2011,0.6858333333333334,6.44,4.8,5.8100000000000005
37119,28,15,3,2011,1.8841666666666665,6.8100000000000005,5.16,6.2
37120,28,16,3,2011,3.1016666666666666,7.01,5.29,6.37
37121,28,17,3,2011,4.156666666666667,6.5,5.0,5.96
37122,28,18,3,2011,5.089166666666667,6.58,5.08,6.04
37123,28,19,3,2011,5.824999999999999,6.8900000000000015,5.21,6.2700000000000005
37124,28,20,3,2011,6.2441666666666675,7.23,5.45,6.55
37125,28,21,3,2011,6.994166666666666,7.21,5.4,6.51
37126,28,22,3,2011,6.985000000000002,7.67,5.64,6.9
37127,28,23,3,2011,6.55,7.95,5.73,7.15
37128,29,0,3,2011,6.026666666666667,7.69,4.9,6.5200000000000005
37129,29,1,3,2011,5.363333333333334,7.1400000000000015,4.22,5.72
37130,29,2,3,2011,4.800833333333334,7.04,3.86,5.3100000000000005
37131,29,3,3,2011,4.378333333333334,7.0600000000000005,4.01,5.5200000000000005
37132,29,4,3,2011,3.8858333333333337,7.68,3.99,5.65
37133,29,5,3,2011,3.3783333333333325,8.5,4.65,6.53
37134,29,6,3,2011,2.5083333333333333,8.620000000000001,4.1,6.19
37135,29,7,3,2011,0.8675,9.61,4.47,6.61
37136,29,8,3,2011,0.05083333333333334,9.86,5.12,6.87
37137,29,9,3,2011,0.43250000000000005,8.790000000000001,5.11,6.8100000000000005
37138,29,10,3,2011,0.31583333333333335,7.9300000000000015,3.97,5.8100000000000005
37139,29,11,3,2011,0.1975,7.83,4.08,5.7700000000000005
37140,29,12,3,2011,0.2016666666666667,7.63,4.05,5.7
37141,29,13,3,2011,0.7000000000000001,7.33,4.96,6.09
37142,29,14,3,2011,1.7133333333333336,5.91,4.55,5.45
37143,29,15,3,2011,2.948333333333334,5.59,4.37,5.18
37144,29,16,3,2011,4.1825,4.28,3.42,4.0
37145,29,17,3,2011,5.175833333333334,4.21,3.37,3.93
37146,29,18,3,2011,5.838333333333334,4.63,3.7,4.33
37147,29,19,3,2011,6.568333333333334,4.57,3.66,4.2700000000000005
37148,29,20,3,2011,7.36,4.54,3.64,4.25
37149,29,21,3,2011,7.7749999999999995,4.71,3.79,4.43
37150,29,22,3,2011,7.886666666666668,4.6000000000000005,3.51,4.21
37151,29,23,3,2011,7.440833333333333,6.53,4.95,6.01
37152,30,0,3,2011,6.785833333333334,7.43,4.7,6.22
37153,30,1,3,2011,6.085000000000001,7.03,4.64,6.05
37154,30,2,3,2011,5.234166666666666,7.29,3.3200000000000003,5.14
37155,30,3,3,2011,4.685833333333334,7.3900000000000015,3.77,5.19
37156,30,4,3,2011,4.553333333333334,5.96,3.62,4.99
37157,30,5,3,2011,4.203333333333333,5.22,3.27,4.32
37158,30,6,3,2011,2.7183333333333333,5.4,2.27,4.79
37159,30,7,3,2011,1.7083333333333333,6.18,2.29,4.96
37160,30,8,3,2011,0.9041666666666667,4.94,1.62,3.56
37161,30,9,3,2011,0.1891666666666667,4.65,1.35,3.39
37162,30,10,3,2011,-0.28583333333333333,3.23,0.97,2.28
37163,30,11,3,2011,-0.5541666666666667,2.11,0.67,1.54
37164,30,12,3,2011,-0.6725,1.98,1.02,1.66
37165,30,13,3,2011,0.8725,1.86,1.36,1.66
37166,30,14,3,2011,2.2925,1.36,1.26,1.39
37167,30,15,3,2011,2.9666666666666663,1.23,1.25,1.32
37168,30,16,3,2011,3.7408333333333332,0.92,1.03,1.05
37169,30,17,3,2011,4.8583333333333325,0.95,0.84,0.92
37170,30,18,3,2011,6.036666666666666,0.86,0.76,0.84
37171,30,19,3,2011,7.152499999999999,1.03,1.0,1.07
37172,30,20,3,2011,8.000833333333334,1.13,1.19,1.24
37173,30,21,3,2011,8.5525,1.14,1.29,1.31
37174,30,22,3,2011,8.835833333333333,1.36,1.48,1.53
37175,30,23,3,2011,8.8075,2.07,1.78,2.05
37176,31,0,3,2011,8.300833333333333,4.8100000000000005,2.66,3.82
37177,31,1,3,2011,7.7825,5.21,3.29,4.3500000000000005
37178,31,2,3,2011,7.575,4.98,3.25,4.24
37179,31,3,3,2011,7.196666666666668,5.04,3.5,4.46
37180,31,4,3,2011,6.650000000000001,6.03,3.9,5.37
37181,31,5,3,2011,5.735,4.67,2.44,3.62
37182,31,6,3,2011,4.88,6.3900000000000015,2.68,4.71
37183,31,7,3,2011,4.485,6.5600000000000005,2.95,4.96
37184,31,8,3,2011,4.608333333333333,7.04,3.88,5.38
37185,31,9,3,2011,3.85,8.38,4.21,6.0
37186,31,10,3,2011,3.535833333333334,9.56,4.79,6.88
37187,31,11,3,2011,3.6558333333333333,9.26,4.92,6.86
37188,31,12,3,2011,3.6641666666666666,7.86,4.66,6.2700000000000005
37189,31,13,3,2011,3.9058333333333333,6.62,4.36,5.41
37190,31,14,3,2011,4.425000000000001,5.67,4.32,5.23
37191,31,15,3,2011,5.280833333333335,5.89,4.42,5.37
37192,31,16,3,2011,6.075,6.29,4.72,5.72
37193,31,17,3,2011,6.914166666666667,6.7,5.08,6.1400000000000015
37194,31,18,3,2011,7.403333333333335,6.5200000000000005,4.94,5.97
37195,31,19,3,2011,8.040833333333332,5.8100000000000005,4.32,5.26
37196,31,20,3,2011,7.849166666666666,7.15,5.41,6.6000000000000005
37197,31,21,3,2011,8.525833333333333,4.32,3.36,4.0
37198,31,22,3,2011,9.065833333333334,2.71,2.14,2.52
37199,31,23,3,2011,9.3375,3.47,2.57,3.15
37200,1,0,4,2011,8.446666666666667,3.13,1.86,2.82
37201,1,1,4,2011,7.591666666666666,1.67,0.8,1.59
37202,1,2,4,2011,7.115833333333332,2.06,1.52,2.03
37203,1,3,4,2011,6.507499999999999,5.04,3.36,5.0600000000000005
37204,1,4,4,2011,6.113333333333333,6.51,4.08,6.68
37205,1,5,4,2011,5.672499999999999,6.72,4.11,7.21
37206,1,6,4,2011,5.409166666666668,7.51,4.39,7.08
37207,1,7,4,2011,5.404166666666666,7.74,4.23,6.96
37208,1,8,4,2011,5.163333333333334,8.19,4.21,6.97
37209,1,9,4,2011,4.6308333333333325,8.08,4.12,6.33
37210,1,10,4,2011,4.478333333333333,7.17,3.72,5.49
37211,1,11,4,2011,4.066666666666667,6.7700000000000005,3.48,5.47
37212,1,12,4,2011,3.884166666666667,7.75,4.17,5.91
37213,1,13,4,2011,5.015000000000001,7.81,4.16,5.66
37214,1,14,4,2011,7.119166666666668,6.98,4.14,5.01
37215,1,15,4,2011,10.139166666666666,6.87,4.92,6.04
37216,1,16,4,2011,11.791666666666666,8.13,5.94,7.25
37217,1,17,4,2011,12.775833333333333,8.26,6.1000000000000005,7.3900000000000015
37218,1,18,4,2011,13.714166666666666,8.45,6.2,7.52
37219,1,19,4,2011,14.500833333333333,8.78,6.41,7.82
37220,1,20,4,2011,14.975833333333332,9.48,6.91,8.43
37221,1,21,4,2011,15.484166666666667,10.39,7.49,9.21
37222,1,22,4,2011,15.831666666666665,11.61,8.07,10.14
37223,1,23,4,2011,15.4225,11.11,7.67,9.65
37224,2,0,4,2011,13.585,10.2,4.2,7.03
37225,2,1,4,2011,12.214999999999998,9.97,3.28,7.05
37226,2,2,4,2011,11.761666666666665,9.67,3.67,7.1400000000000015
37227,2,3,4,2011,10.8025,9.44,3.27,7.18
37228,2,4,4,2011,10.010833333333332,10.18,4.0600000000000005,7.56
37229,2,5,4,2011,9.070833333333333,10.9,4.14,8.22
37230,2,6,4,2011,8.004166666666668,9.73,3.47,7.09
37231,2,7,4,2011,7.424999999999998,7.07,4.1,6.5600000000000005
37232,2,8,4,2011,7.398333333333334,5.68,3.8,6.2
37233,2,9,4,2011,7.190833333333333,5.19,4.43,5.79
37234,2,10,4,2011,6.516666666666668,5.03,4.07,5.48
37235,2,11,4,2011,6.975833333333333,4.65,3.45,4.93
37236,2,12,4,2011,7.0008333333333335,3.99,3.65,4.46
37237,2,13,4,2011,8.545833333333333,3.17,3.16,4.2
37238,2,14,4,2011,12.449166666666665,2.31,1.79,2.12
37239,2,15,4,2011,15.04416666666667,2.72,2.2,2.5500000000000003
37240,2,16,4,2011,16.592499999999998,4.44,3.38,4.03
37241,2,17,4,2011,17.879166666666666,5.15,3.88,4.66
37242,2,18,4,2011,19.155833333333334,6.3500000000000005,4.76,5.71
37243,2,19,4,2011,20.16416666666667,7.75,5.76,6.97
37244,2,20,4,2011,20.959166666666665,8.8,6.3500000000000005,7.79
37245,2,21,4,2011,22.104166666666668,10.47,7.35,9.16
37246,2,22,4,2011,22.887500000000003,10.93,7.55,9.47
37247,2,23,4,2011,22.756666666666664,11.0,7.46,9.48
37248,3,0,4,2011,20.361666666666668,11.16,4.57,7.76
37249,3,1,4,2011,18.480000000000004,13.62,6.48,9.81
37250,3,2,4,2011,17.59583333333333,15.18,7.53,10.98
37251,3,3,4,2011,17.0775,16.06,8.44,11.93
37252,3,4,4,2011,16.915000000000003,17.23,9.73,13.33
37253,3,5,4,2011,16.731666666666666,17.76,10.09,13.77
37254,3,6,4,2011,16.93916666666667,18.47,10.48,14.29
37255,3,7,4,2011,17.000833333333333,18.13,10.21,13.99
37256,3,8,4,2011,17.219166666666666,17.84,9.99,13.68
37257,3,9,4,2011,17.029166666666665,18.99,11.18,15.05
37258,3,10,4,2011,16.62666666666667,18.11,10.36,14.13
37259,3,11,4,2011,16.900833333333335,17.55,9.95,13.6
37260,3,12,4,2011,17.4575,19.51,12.15,15.98
37261,3,13,4,2011,19.007500000000004,20.08,13.35,17.13
37262,3,14,4,2011,20.4775,16.18,11.51,14.37
37263,3,15,4,2011,22.34833333333333,15.61,11.26,13.97
37264,3,16,4,2011,24.238333333333333,14.23,10.23,12.72
37265,3,17,4,2011,26.16333333333333,14.08,10.08,12.56
37266,3,18,4,2011,27.509999999999994,11.44,8.19,10.11
37267,3,19,4,2011,28.391666666666666,10.23,7.41,9.06
37268,3,20,4,2011,28.575000000000003,9.31,6.99,8.49
37269,3,21,4,2011,27.51833333333333,9.58,7.03,8.620000000000001
37270,3,22,4,2011,25.247500000000002,12.16,8.61,10.78
37271,3,23,4,2011,22.90833333333333,12.96,8.8,11.02
37272,4,0,4,2011,20.205,17.39,11.12,14.54
37273,4,1,4,2011,17.805833333333336,16.22,9.92,13.22
37274,4,2,4,2011,16.3175,13.11,8.21,10.85
37275,4,3,4,2011,13.887500000000003,20.82,13.39,17.72
37276,4,4,4,2011,11.027499999999998,19.42,12.61,16.26
37277,4,5,4,2011,10.056666666666667,14.55,9.56,12.23
37278,4,6,4,2011,8.798333333333334,14.35,8.9,11.63
37279,4,7,4,2011,7.0616666666666665,13.06,8.88,11.31
37280,4,8,4,2011,8.013333333333334,11.02,7.19,9.17
37281,4,9,4,2011,7.633333333333333,15.81,10.05,13.18
37282,4,10,4,2011,6.333333333333335,16.78,10.94,14.21
37283,4,11,4,2011,5.118333333333333,16.66,10.87,14.08
37284,4,12,4,2011,4.116666666666667,14.68,9.66,12.41
37285,4,13,4,2011,3.7183333333333337,16.240000000000002,11.23,14.16
37286,4,14,4,2011,3.975,15.99,11.16,14.0
37287,4,15,4,2011,4.645833333333334,15.59,10.93,13.7
37288,4,16,4,2011,5.7124999999999995,15.37,10.84,13.55
37289,4,17,4,2011,6.975833333333334,15.55,10.98,13.73
37290,4,18,4,2011,7.836666666666667,15.28,10.83,13.5
37291,4,19,4,2011,8.426666666666666,14.75,10.48,13.05
37292,4,20,4,2011,8.874166666666666,14.11,10.01,12.48
37293,4,21,4,2011,9.144166666666665,13.9,9.84,12.29
37294,4,22,4,2011,9.218333333333334,13.1,9.16,11.5
37295,4,23,4,2011,9.081666666666665,12.63,8.83,11.11
37296,5,0,4,2011,8.070833333333333,12.28,7.26,9.42
37297,5,1,4,2011,6.685,12.14,5.3100000000000005,8.55
37298,5,2,4,2011,6.008333333333333,11.74,4.17,8.11
37299,5,3,4,2011,4.953333333333334,11.08,3.85,7.37
37300,5,4,4,2011,4.174166666666666,9.21,3.81,6.66
37301,5,5,4,2011,3.8000000000000007,7.26,3.86,6.6000000000000005
37302,5,6,4,2011,2.7441666666666666,5.83,4.15,5.84
37303,5,7,4,2011,2.654166666666667,6.8500000000000005,4.7,7.04
37304,5,8,4,2011,2.3991666666666664,9.74,5.3500000000000005,8.35
37305,5,9,4,2011,2.6058333333333334,10.5,5.44,8.56
37306,5,10,4,2011,2.9458333333333333,11.68,5.82,9.17
37307,5,11,4,2011,2.7933333333333334,13.37,6.37,9.75
37308,5,12,4,2011,3.124166666666667,14.31,8.09,10.82
37309,5,13,4,2011,5.264166666666667,13.74,8.39,10.93
37310,5,14,4,2011,7.364999999999999,11.23,8.21,9.92
37311,5,15,4,2011,9.969166666666668,10.49,7.97,9.59
37312,5,16,4,2011,12.723333333333334,9.62,7.31,8.8
37313,5,17,4,2011,15.414166666666665,8.96,6.55,7.98
37314,5,18,4,2011,17.199166666666667,10.37,7.55,9.24
37315,5,19,4,2011,18.171666666666667,10.07,7.32,8.950000000000003
37316,5,20,4,2011,19.242500000000003,10.06,7.12,8.83
37317,5,21,4,2011,19.971666666666668,10.76,7.5,9.45
37318,5,22,4,2011,20.245,11.06,7.65,9.61
37319,5,23,4,2011,19.8625,10.75,7.31,9.24
37320,6,0,4,2011,17.5975,11.87,4.43,8.07
37321,6,1,4,2011,16.462500000000002,14.29,5.76,9.55
37322,6,2,4,2011,15.805833333333334,16.07,7.09,10.84
37323,6,3,4,2011,15.567500000000003,16.31,7.9300000000000015,11.57
37324,6,4,4,2011,14.848333333333334,16.02,7.69,11.24
37325,6,5,4,2011,14.612500000000002,17.11,8.71,12.42
37326,6,6,4,2011,14.434166666666668,17.37,8.91,12.66
37327,6,7,4,2011,13.628333333333336,16.43,8.25,11.85
37328,6,8,4,2011,12.797500000000001,15.27,7.16,10.7
37329,6,9,4,2011,12.269999999999998,15.6,7.59,11.12
37330,6,10,4,2011,11.721666666666664,15.91,7.79,11.39
37331,6,11,4,2011,10.990833333333333,14.39,7.19,10.44
37332,6,12,4,2011,10.709166666666668,13.33,6.16,9.56
37333,6,13,4,2011,11.443333333333335,9.07,4.67,6.76
37334,6,14,4,2011,12.62,6.65,5.0,6.05
37335,6,15,4,2011,14.5,8.81,6.46,7.8900000000000015
37336,6,16,4,2011,17.11416666666667,10.57,7.67,9.42
37337,6,17,4,2011,18.135833333333334,10.39,7.65,9.35
37338,6,18,4,2011,18.736666666666665,9.23,6.87,8.34
37339,6,19,4,2011,19.149166666666666,8.73,6.55,7.91
37340,6,20,4,2011,19.404999999999998,8.05,6.09,7.34
37341,6,21,4,2011,19.508333333333333,7.61,5.7700000000000005,6.94
37342,6,22,4,2011,19.325,7.98,5.88,7.21
37343,6,23,4,2011,18.504166666666666,8.3,5.95,7.36
37344,7,0,4,2011,16.758333333333333,10.22,5.05,7.6400000000000015
37345,7,1,4,2011,14.919166666666667,10.68,4.4,7.63
37346,7,2,4,2011,13.750833333333334,10.97,3.5700000000000003,6.8900000000000015
37347,7,3,4,2011,12.604166666666666,10.62,3.1,6.62
37348,7,4,4,2011,11.801666666666668,9.85,2.41,6.03
37349,7,5,4,2011,10.863333333333335,9.82,2.46,5.64
37350,7,6,4,2011,10.443333333333333,10.95,2.03,5.64
37351,7,7,4,2011,10.255833333333333,10.78,2.29,5.74
37352,7,8,4,2011,10.294166666666666,9.88,3.22,5.61
37353,7,9,4,2011,10.360833333333334,9.78,3.25,5.78
37354,7,10,4,2011,10.325000000000001,10.13,4.16,6.53
37355,7,11,4,2011,9.800833333333333,10.57,4.37,6.8900000000000015
37356,7,12,4,2011,9.955833333333333,10.57,4.43,6.95
37357,7,13,4,2011,10.521666666666667,10.13,5.98,7.94
37358,7,14,4,2011,11.848333333333334,9.27,6.88,8.38
37359,7,15,4,2011,13.35666666666667,10.19,7.58,9.22
37360,7,16,4,2011,14.419999999999996,11.23,8.25,10.09
37361,7,17,4,2011,13.130833333333335,11.17,7.98,9.9
37362,7,18,4,2011,11.858333333333334,10.9,7.85,9.75
37363,7,19,4,2011,13.559166666666668,10.89,8.15,9.92
37364,7,20,4,2011,13.138333333333334,10.67,7.91,9.64
37365,7,21,4,2011,12.421666666666667,9.55,6.91,8.55
37366,7,22,4,2011,12.117500000000001,8.88,6.53,8.05
37367,7,23,4,2011,12.105833333333331,8.2,5.61,7.1000000000000005
37368,8,0,4,2011,11.685833333333333,8.41,5.44,6.9
37369,8,1,4,2011,11.2475,8.45,5.37,6.82
37370,8,2,4,2011,11.114166666666664,8.77,5.14,6.75
37371,8,3,4,2011,11.042499999999999,8.71,5.45,7.01
37372,8,4,4,2011,10.765833333333335,8.22,5.16,6.88
37373,8,5,4,2011,10.579166666666666,8.05,5.04,6.47
37374,8,6,4,2011,10.536666666666667,8.41,5.51,7.09
37375,8,7,4,2011,10.27083333333333,9.22,6.2,7.8900000000000015
37376,8,8,4,2011,10.203333333333335,9.01,6.15,7.72
37377,8,9,4,2011,10.084166666666668,8.72,5.95,7.5
37378,8,10,4,2011,9.864166666666668,6.33,4.25,5.55
37379,8,11,4,2011,9.704166666666667,6.16,3.52,4.82
37380,8,12,4,2011,9.743333333333332,6.38,3.75,5.01
37381,8,13,4,2011,10.001666666666665,6.38,3.66,4.73
37382,8,14,4,2011,10.311666666666666,5.01,3.96,4.7
37383,8,15,4,2011,10.795833333333333,5.64,4.43,5.2700000000000005
37384,8,16,4,2011,11.358333333333333,5.61,4.4,5.24
37385,8,17,4,2011,11.944166666666666,5.61,4.43,5.26
37386,8,18,4,2011,12.631666666666666,5.54,4.3500000000000005,5.17
37387,8,19,4,2011,13.534166666666666,5.87,4.61,5.47
37388,8,20,4,2011,14.435,6.7,5.2700000000000005,6.24
37389,8,21,4,2011,15.657499999999999,6.88,5.3500000000000005,6.36
37390,8,22,4,2011,16.72,7.22,5.47,6.59
37391,8,23,4,2011,16.790000000000003,7.61,5.64,6.91
37392,9,0,4,2011,15.438333333333333,9.11,4.8100000000000005,6.78
37393,9,1,4,2011,14.170833333333333,10.42,4.41,7.21
37394,9,2,4,2011,13.311666666666667,10.77,4.7,7.32
37395,9,3,4,2011,12.631666666666668,10.88,5.15,7.6
37396,9,4,4,2011,12.495833333333335,10.32,5.37,7.42
37397,9,5,4,2011,13.135833333333332,10.82,6.22,8.28
37398,9,6,4,2011,12.510833333333332,11.09,4.79,7.21
37399,9,7,4,2011,12.265833333333333,11.62,4.13,7.01
37400,9,8,4,2011,12.855833333333331,10.27,4.51,7.57
37401,9,9,4,2011,11.8975,10.24,3.63,6.53
37402,9,10,4,2011,11.785833333333334,9.13,3.87,5.33
37403,9,11,4,2011,11.7675,9.03,4.6000000000000005,6.05
37404,9,12,4,2011,12.7975,11.1,5.92,8.22
37405,9,13,4,2011,16.823333333333334,12.49,7.03,9.52
37406,9,14,4,2011,19.205833333333334,10.64,6.12,7.65
37407,9,15,4,2011,21.605,7.48,5.44,6.67
37408,9,16,4,2011,24.16,8.26,6.09,7.4
37409,9,17,4,2011,26.639166666666664,9.16,6.74,8.21
37410,9,18,4,2011,28.649999999999995,10.56,7.6400000000000015,9.41
37411,9,19,4,2011,29.712500000000002,11.86,8.46,10.49
37412,9,20,4,2011,30.55666666666667,12.43,8.77,10.87
37413,9,21,4,2011,30.820833333333336,15.14,10.64,13.29
37414,9,22,4,2011,30.0825,15.22,10.72,13.37
37415,9,23,4,2011,29.010000000000005,15.43,10.64,13.46
37416,10,0,4,2011,27.02333333333333,14.77,9.05,12.02
37417,10,1,4,2011,25.31833333333333,15.33,8.06,11.43
37418,10,2,4,2011,24.4875,15.88,8.83,12.23
37419,10,3,4,2011,23.93416666666666,17.23,9.67,13.33
37420,10,4,4,2011,23.260833333333334,16.85,9.33,12.9
37421,10,5,4,2011,22.699166666666667,16.91,9.2,12.78
37422,10,6,4,2011,22.021666666666665,17.5,9.85,13.52
37423,10,7,4,2011,21.61833333333333,15.51,7.78,11.17
37424,10,8,4,2011,21.224999999999998,15.11,7.96,11.26
37425,10,9,4,2011,21.113333333333333,15.83,8.65,11.97
37426,10,10,4,2011,20.363333333333333,15.72,8.6,11.91
37427,10,11,4,2011,19.575833333333332,14.95,7.95,11.21
37428,10,12,4,2011,19.350833333333334,15.67,8.4,11.63
37429,10,13,4,2011,20.840833333333332,14.08,8.9,11.63
37430,10,14,4,2011,22.227500000000006,11.7,8.33,10.34
37431,10,15,4,2011,24.383333333333336,12.63,8.9,11.11
37432,10,16,4,2011,26.015833333333333,13.65,9.56,11.88
37433,10,17,4,2011,26.7675,14.84,10.34,12.91
37434,10,18,4,2011,26.958333333333332,15.38,10.72,13.33
37435,10,19,4,2011,26.765,15.74,10.96,13.65
37436,10,20,4,2011,26.35416666666666,16.44,11.43,14.35
37437,10,21,4,2011,25.655833333333337,16.22,11.31,14.17
37438,10,22,4,2011,24.08333333333333,15.01,10.39,12.97
37439,10,23,4,2011,22.098333333333333,13.01,9.15,11.39
37440,11,0,4,2011,20.2325,12.69,7.07,9.47
37441,11,1,4,2011,18.21166666666667,13.7,7.59,10.42
37442,11,2,4,2011,16.210833333333333,13.07,7.38,10.19
37443,11,3,4,2011,13.816666666666668,12.57,7.03,9.68
37444,11,4,4,2011,12.479999999999999,12.56,7.28,9.86
37445,11,5,4,2011,11.443333333333333,11.27,5.8100000000000005,8.370000000000001
37446,11,6,4,2011,10.916666666666666,11.12,5.71,8.25
37447,11,7,4,2011,10.464166666666666,11.27,5.42,7.92
37448,11,8,4,2011,10.0575,11.5,5.57,8.26
37449,11,9,4,2011,9.402499999999998,12.44,5.36,8.4
37450,11,10,4,2011,9.273333333333332,13.35,6.3500000000000005,9.46
37451,11,11,4,2011,8.871666666666666,13.22,6.4,9.47
37452,11,12,4,2011,8.619166666666668,11.56,6.34,8.73
37453,11,13,4,2011,9.504166666666665,11.14,7.91,9.82
37454,11,14,4,2011,10.499166666666666,10.97,7.8900000000000015,9.81
37455,11,15,4,2011,11.700000000000001,10.33,7.54,9.29
37456,11,16,4,2011,13.118333333333334,9.67,7.08,8.68
37457,11,17,4,2011,14.470833333333333,9.59,7.03,8.620000000000001
37458,11,18,4,2011,15.578333333333335,9.87,7.22,8.870000000000003
37459,11,19,4,2011,16.50916666666667,10.07,7.36,9.05
37460,11,20,4,2011,17.2675,9.78,7.13,8.77
37461,11,21,4,2011,17.79416666666667,10.21,7.34,9.11
37462,11,22,4,2011,17.886666666666667,9.83,6.96,8.69
37463,11,23,4,2011,17.562500000000004,10.2,7.16,9.05
37464,12,0,4,2011,15.835,10.29,5.0,6.8500000000000005
37465,12,1,4,2011,14.374999999999998,11.33,4.17,8.07
37466,12,2,4,2011,13.409166666666666,11.7,4.41,8.34
37467,12,3,4,2011,12.348333333333331,9.18,3.75,7.54
37468,12,4,4,2011,11.725833333333334,8.88,3.44,6.97
37469,12,5,4,2011,11.065833333333332,7.27,3.26,6.66
37470,12,6,4,2011,10.498333333333333,6.0200000000000005,2.66,5.55
37471,12,7,4,2011,9.751666666666667,4.48,2.04,3.82
37472,12,8,4,2011,9.240833333333335,3.37,1.47,2.66
37473,12,9,4,2011,8.512500000000001,2.17,1.12,1.86
37474,12,10,4,2011,8.0075,1.37,1.33,1.19
37475,12,11,4,2011,7.591666666666668,0.59,1.32,0.8200000000000001
37476,12,12,4,2011,7.669166666666666,0.85,1.43,0.91
37477,12,13,4,2011,9.706666666666665,1.31,1.11,1.08
37478,12,14,4,2011,12.485000000000001,1.99,1.61,1.87
37479,12,15,4,2011,15.030833333333334,2.85,2.32,2.7
37480,12,16,4,2011,16.492499999999996,2.95,2.35,2.75
37481,12,17,4,2011,17.799999999999997,2.88,2.26,2.65
37482,12,18,4,2011,18.991666666666664,3.39,2.62,3.09
37483,12,19,4,2011,20.005000000000003,3.47,2.66,3.15
37484,12,20,4,2011,20.794166666666666,3.9,3.0,3.5500000000000003
37485,12,21,4,2011,21.258333333333336,5.2700000000000005,4.14,4.91
37486,12,22,4,2011,21.379166666666666,5.37,4.16,4.94
37487,12,23,4,2011,21.04416666666667,6.16,4.36,5.34
37488,13,0,4,2011,19.354166666666664,8.43,3.65,6.37
37489,13,1,4,2011,17.864166666666666,10.09,4.32,7.21
37490,13,2,4,2011,17.300833333333333,11.08,5.03,7.81
37491,13,3,4,2011,16.796666666666667,11.55,5.5200000000000005,8.370000000000001
37492,13,4,4,2011,16.2225,11.63,5.57,8.42
37493,13,5,4,2011,15.525833333333333,12.38,5.72,8.75
37494,13,6,4,2011,15.194166666666666,12.27,5.83,8.84
37495,13,7,4,2011,14.818333333333333,12.56,6.2,9.2
37496,13,8,4,2011,14.268333333333333,12.4,5.75,8.81
37497,13,9,4,2011,13.492500000000001,13.01,5.99,9.27
37498,13,10,4,2011,12.86416666666667,13.39,5.88,9.24
37499,13,11,4,2011,12.570833333333333,13.67,6.66,9.91
37500,13,12,4,2011,12.67,13.63,7.34,9.91
37501,13,13,4,2011,13.616666666666665,11.79,7.11,9.41
37502,13,14,4,2011,15.504999999999997,8.290000000000001,5.39,6.53
37503,13,15,4,2011,17.730000000000004,5.5600000000000005,4.28,5.11
37504,13,16,4,2011,19.701666666666668,6.04,4.57,5.49
37505,13,17,4,2011,21.474999999999998,6.5,4.88,5.87
37506,13,18,4,2011,22.79416666666667,6.8500000000000005,5.13,6.2
37507,13,19,4,2011,23.646666666666665,7.34,5.46,6.61
37508,13,20,4,2011,24.137500000000003,7.47,5.55,6.72
37509,13,21,4,2011,24.362499999999997,7.36,5.42,6.58
37510,13,22,4,2011,24.389166666666668,7.37,5.33,6.53
37511,13,23,4,2011,23.995833333333337,7.71,5.3100000000000005,6.69
37512,14,0,4,2011,21.978333333333335,10.94,4.37,7.87
37513,14,1,4,2011,20.011666666666667,12.13,4.6000000000000005,8.08
37514,14,2,4,2011,18.980833333333333,12.8,5.19,8.5
37515,14,3,4,2011,17.657500000000002,12.59,5.43,8.21
37516,14,4,4,2011,17.540833333333335,9.79,6.41,8.44
37517,14,5,4,2011,16.440833333333334,9.92,6.37,8.36
37518,14,6,4,2011,14.720833333333333,8.49,4.84,6.51
37519,14,7,4,2011,13.470833333333333,12.01,7.95,10.2
37520,14,8,4,2011,12.897499999999999,12.67,7.86,10.44
37521,14,9,4,2011,12.741666666666665,11.04,5.98,8.290000000000001
37522,14,10,4,2011,12.523333333333335,12.45,7.13,9.65
37523,14,11,4,2011,12.781666666666668,12.55,7.23,9.73
37524,14,12,4,2011,12.728333333333333,12.47,7.29,9.74
37525,14,13,4,2011,13.353333333333333,12.61,7.72,10.38
37526,14,14,4,2011,14.393333333333333,10.25,7.03,8.75
37527,14,15,4,2011,15.750833333333333,10.09,7.72,9.34
37528,14,16,4,2011,17.2725,11.73,8.66,10.6
37529,14,17,4,2011,19.4725,13.28,9.71,11.98
37530,14,18,4,2011,21.290000000000003,12.82,9.29,11.47
37531,14,19,4,2011,22.159166666666668,14.51,10.41,12.99
37532,14,20,4,2011,21.851666666666663,14.16,10.0,12.57
37533,14,21,4,2011,21.58666666666667,16.25,11.22,14.19
37534,14,22,4,2011,21.646666666666665,15.09,9.94,12.78
37535,14,23,4,2011,21.115833333333338,15.63,9.06,12.46
37536,15,0,4,2011,20.455000000000002,17.42,8.96,13.03
37537,15,1,4,2011,20.033333333333335,17.06,10.44,14.08
37538,15,2,4,2011,13.4975,17.69,11.95,15.35
37539,15,3,4,2011,12.475000000000001,15.06,10.0,12.99
37540,15,4,4,2011,12.979999999999999,18.1,12.06,15.63
37541,15,5,4,2011,12.629166666666665,13.53,9.1,11.7
37542,15,6,4,2011,12.212499999999999,15.96,10.42,13.92
37543,15,7,4,2011,12.3075,13.35,9.05,11.67
37544,15,8,4,2011,12.276666666666666,14.23,9.95,12.47
37545,15,9,4,2011,12.016666666666667,12.84,8.52,11.04
37546,15,10,4,2011,11.284166666666666,13.14,8.63,11.24
37547,15,11,4,2011,10.951666666666666,12.12,7.95,10.33
37548,15,12,4,2011,10.662500000000001,11.38,7.48,9.72
37549,15,13,4,2011,9.879999999999999,10.7,6.28,8.08
37550,15,14,4,2011,9.355000000000002,8.52,5.88,7.35
37551,15,15,4,2011,9.110833333333332,7.67,5.53,6.8500000000000005
37552,15,16,4,2011,9.015833333333335,7.22,5.38,6.58
37553,15,17,4,2011,9.361666666666666,7.35,5.5,6.74
37554,15,18,4,2011,9.028333333333332,10.79,7.49,9.46
37555,15,19,4,2011,7.655000000000001,14.06,9.78,12.37
37556,15,20,4,2011,5.796666666666667,14.7,10.19,12.94
37557,15,21,4,2011,5.36,13.88,9.61,12.21
37558,15,22,4,2011,5.888333333333333,15.12,10.5,13.36
37559,15,23,4,2011,5.5200000000000005,15.8,10.94,13.93
37560,16,0,4,2011,4.7725,16.2,10.57,13.73
37561,16,1,4,2011,4.1075,16.59,10.4,13.58
37562,16,2,4,2011,3.1616666666666666,17.080000000000002,11.03,14.34
37563,16,3,4,2011,2.455833333333334,16.28,10.44,13.49
37564,16,4,4,2011,2.0925,16.67,10.58,13.72
37565,16,5,4,2011,1.7741666666666667,16.53,10.39,13.48
37566,16,6,4,2011,1.5324999999999998,17.69,11.51,14.87
37567,16,7,4,2011,1.6441666666666668,17.53,11.41,14.82
37568,16,8,4,2011,2.1058333333333334,17.91,11.67,15.19
37569,16,9,4,2011,1.9549999999999998,16.1,10.45,13.57
37570,16,10,4,2011,1.17,15.49,9.59,12.79
37571,16,11,4,2011,0.5491666666666667,15.39,9.19,12.44
37572,16,12,4,2011,0.16416666666666668,14.9,9.24,12.25
37573,16,13,4,2011,1.0183333333333333,14.54,10.02,12.57
37574,16,14,4,2011,2.483333333333334,13.13,9.54,11.86
37575,16,15,4,2011,4.501666666666666,11.53,8.43,10.4
37576,16,16,4,2011,6.796666666666667,11.07,8.08,9.98
37577,16,17,4,2011,9.028333333333334,9.58,6.95,8.540000000000001
37578,16,18,4,2011,11.097499999999998,9.08,6.5600000000000005,8.05
37579,16,19,4,2011,12.7675,8.42,6.09,7.45
37580,16,20,4,2011,14.173333333333334,8.38,6.0200000000000005,7.3900000000000015
37581,16,21,4,2011,15.235833333333332,8.15,5.8500000000000005,7.19
37582,16,22,4,2011,15.851666666666667,8.32,5.84,7.26
37583,16,23,4,2011,15.855833333333335,7.6,5.2700000000000005,6.62
37584,17,0,4,2011,14.322499999999996,6.29,2.87,4.64
37585,17,1,4,2011,12.585,5.23,1.7,3.75
37586,17,2,4,2011,11.570833333333335,3.74,0.96,2.32
37587,17,3,4,2011,10.380833333333333,7.66,1.66,4.39
37588,17,4,4,2011,9.174166666666666,8.69,2.39,6.0200000000000005
37589,17,5,4,2011,7.7749999999999995,7.71,2.19,5.2
37590,17,6,4,2011,6.794999999999999,7.21,1.87,5.04
37591,17,7,4,2011,5.851666666666667,7.6400000000000015,2.0,5.12
37592,17,8,4,2011,5.468333333333334,9.71,3.61,6.7700000000000005
37593,17,9,4,2011,5.547499999999999,7.7,3.8,5.51
37594,17,10,4,2011,4.218333333333334,8.950000000000003,3.25,6.3900000000000015
37595,17,11,4,2011,3.2708333333333335,8.91,3.23,6.3900000000000015
37596,17,12,4,2011,3.5966666666666662,9.45,4.44,6.61
37597,17,13,4,2011,5.3516666666666675,7.6,4.65,5.7700000000000005
37598,17,14,4,2011,7.479166666666668,6.21,4.96,5.84
37599,17,15,4,2011,9.744166666666667,6.16,4.91,5.79
37600,17,16,4,2011,12.009166666666667,5.42,4.39,5.13
37601,17,17,4,2011,14.593333333333335,5.19,4.09,4.8100000000000005
37602,17,18,4,2011,17.224166666666665,4.54,3.43,4.09
37603,17,19,4,2011,19.567500000000003,5.3500000000000005,3.92,4.75
37604,17,20,4,2011,20.95083333333334,6.18,4.5,5.49
37605,17,21,4,2011,21.909166666666664,5.91,4.3100000000000005,5.24
37606,17,22,4,2011,22.82166666666667,7.6,4.99,6.45
37607,17,23,4,2011,22.808333333333334,8.98,5.79,7.51
37608,18,0,4,2011,20.765,10.19,3.08,6.71
37609,18,1,4,2011,19.276666666666664,7.94,2.8000000000000003,6.45
37610,18,2,4,2011,17.940833333333334,5.0600000000000005,2.84,4.34
37611,18,3,4,2011,15.436666666666667,5.55,4.3,6.03
37612,18,4,4,2011,13.339999999999998,8.21,4.14,6.49
37613,18,5,4,2011,11.350833333333334,10.28,4.69,7.18
37614,18,6,4,2011,9.818333333333333,10.94,4.84,7.37
37615,18,7,4,2011,8.6275,10.64,4.94,7.21
37616,18,8,4,2011,7.486666666666667,10.22,6.08,8.040000000000001
37617,18,9,4,2011,6.621666666666667,10.07,6.3,8.01
37618,18,10,4,2011,6.229166666666665,8.18,5.4,6.7
37619,18,11,4,2011,5.383333333333334,8.700000000000001,5.1000000000000005,6.93
37620,18,12,4,2011,5.260833333333334,8.66,5.3500000000000005,6.61
37621,18,13,4,2011,6.384166666666666,8.34,6.42,7.72
37622,18,14,4,2011,7.828333333333333,8.59,6.62,7.9300000000000015
37623,18,15,4,2011,9.447499999999998,7.53,5.82,6.94
37624,18,16,4,2011,11.189166666666665,7.43,5.75,6.8500000000000005
37625,18,17,4,2011,12.738333333333332,7.47,5.7700000000000005,6.87
37626,18,18,4,2011,14.035000000000002,7.3900000000000015,5.69,6.79
37627,18,19,4,2011,15.280833333333335,7.72,5.93,7.08
37628,18,20,4,2011,16.24,7.6400000000000015,5.82,6.99
37629,18,21,4,2011,17.006666666666664,7.66,5.8,6.98
37630,18,22,4,2011,17.4075,7.98,5.96,7.25
37631,18,23,4,2011,17.224166666666665,8.92,6.15,7.68
37632,19,0,4,2011,16.4125,9.63,5.93,7.95
37633,19,1,4,2011,15.432500000000003,11.08,7.36,9.49
37634,19,2,4,2011,14.550833333333332,11.09,7.07,9.23
37635,19,3,4,2011,13.821666666666667,11.27,7.24,9.43
37636,19,4,4,2011,12.978333333333333,11.75,7.8,9.98
37637,19,5,4,2011,11.965833333333334,11.46,7.83,9.91
37638,19,6,4,2011,11.0725,12.76,8.67,11.01
37639,19,7,4,2011,10.284166666666666,11.93,8.24,10.37
37640,19,8,4,2011,9.120833333333332,11.3,7.97,9.94
37641,19,9,4,2011,8.42,10.82,7.53,9.42
37642,19,10,4,2011,7.8325000000000005,10.04,7.08,8.81
37643,19,11,4,2011,7.124166666666667,10.5,7.53,9.36
37644,19,12,4,2011,6.349166666666666,10.82,7.57,9.45
37645,19,13,4,2011,5.628333333333335,10.5,7.53,9.33
37646,19,14,4,2011,4.6925,12.34,8.91,11.09
37647,19,15,4,2011,3.580833333333333,12.07,8.72,10.82
37648,19,16,4,2011,3.22,11.48,8.34,10.33
37649,19,17,4,2011,3.1283333333333334,9.99,7.32,9.05
37650,19,18,4,2011,3.2033333333333336,8.82,6.5200000000000005,8.02
37651,19,19,4,2011,3.7383333333333333,8.76,6.4,7.91
37652,19,20,4,2011,4.210833333333334,8.92,6.58,8.1
37653,19,21,4,2011,4.770833333333333,9.38,6.83,8.47
37654,19,22,4,2011,5.1866666666666665,8.93,6.43,8.0
37655,19,23,4,2011,5.0575,9.08,6.36,8.03
37656,20,0,4,2011,4.211666666666667,8.9,5.36,7.25
37657,20,1,4,2011,3.57,7.82,3.76,6.04
37658,20,2,4,2011,3.8166666666666664,7.99,4.2700000000000005,6.08
37659,20,3,4,2011,3.1016666666666666,8.27,3.99,6.03
37660,20,4,4,2011,2.0566666666666666,8.76,3.93,6.5
37661,20,5,4,2011,1.3925,8.47,3.59,5.95
37662,20,6,4,2011,1.143333333333333,8.56,3.38,5.46
37663,20,7,4,2011,0.5833333333333334,7.19,3.6,5.2700000000000005
37664,20,8,4,2011,0.07249999999999998,4.57,2.33,4.08
37665,20,9,4,2011,-0.23666666666666666,4.3100000000000005,1.93,4.21
37666,20,10,4,2011,-0.5516666666666666,5.09,2.66,4.59
37667,20,11,4,2011,-0.59,5.88,2.72,4.8100000000000005
37668,20,12,4,2011,0.32083333333333336,6.47,3.35,4.7700000000000005
37669,20,13,4,2011,2.348333333333333,5.26,3.92,4.69
37670,20,14,4,2011,4.33,5.5200000000000005,4.14,4.98
37671,20,15,4,2011,6.100833333333334,5.7,4.17,5.07
37672,20,16,4,2011,7.572499999999999,5.2700000000000005,3.99,4.7700000000000005
37673,20,17,4,2011,8.915000000000001,5.24,3.96,4.72
37674,20,18,4,2011,10.268333333333333,4.63,3.5700000000000003,4.22
37675,20,19,4,2011,11.816666666666668,4.15,3.06,3.69
37676,20,20,4,2011,13.034166666666664,5.23,4.09,4.82
37677,20,21,4,2011,13.387499999999998,4.95,3.84,4.54
37678,20,22,4,2011,13.53,4.64,3.61,4.28
37679,20,23,4,2011,13.293333333333335,5.18,3.64,4.5600000000000005
37680,21,0,4,2011,11.812500000000002,6.23,3.42,5.26
37681,21,1,4,2011,9.755,6.38,2.62,5.29
37682,21,2,4,2011,8.501666666666667,6.6400000000000015,2.11,5.29
37683,21,3,4,2011,7.400000000000001,6.97,1.77,4.62
37684,21,4,4,2011,7.093333333333333,7.18,1.75,5.1000000000000005
37685,21,5,4,2011,6.6499999999999995,7.03,1.75,4.44
37686,21,6,4,2011,6.552500000000001,7.43,2.32,5.1000000000000005
37687,21,7,4,2011,6.0441666666666665,8.13,2.54,5.59
37688,21,8,4,2011,6.1875,8.03,2.42,4.96
37689,21,9,4,2011,5.21,8.38,2.42,4.82
37690,21,10,4,2011,3.999166666666666,9.57,2.81,6.01
37691,21,11,4,2011,3.1208333333333336,10.67,2.95,6.19
37692,21,12,4,2011,3.098333333333333,11.54,4.65,7.27
37693,21,13,4,2011,4.270833333333333,11.26,6.54,8.86
37694,21,14,4,2011,5.55,10.65,6.53,8.040000000000001
37695,21,15,4,2011,7.603333333333333,10.35,7.59,9.28
37696,21,16,4,2011,9.1075,12.86,9.21,11.48
37697,21,17,4,2011,9.445,11.73,8.55,10.5
37698,21,18,4,2011,10.63,11.65,8.44,10.37
37699,21,19,4,2011,11.125833333333334,11.55,8.19,10.24
37700,21,20,4,2011,9.791666666666666,11.37,7.84,10.0
37701,21,21,4,2011,8.2825,9.78,5.99,7.76
37702,21,22,4,2011,7.2316666666666665,8.81,5.8,7.3900000000000015
37703,21,23,4,2011,6.724166666666668,7.88,5.0200000000000005,6.24
37704,22,0,4,2011,6.947500000000001,8.78,5.14,7.15
37705,22,1,4,2011,7.095,8.16,4.74,6.62
37706,22,2,4,2011,7.185833333333334,8.4,4.66,6.62
37707,22,3,4,2011,7.178333333333334,8.790000000000001,5.11,7.33
37708,22,4,4,2011,7.310833333333332,9.14,5.26,7.45
37709,22,5,4,2011,7.366666666666668,8.44,5.46,6.93
37710,22,6,4,2011,7.440833333333333,7.97,5.2,6.62
37711,22,7,4,2011,7.453333333333334,7.1400000000000015,4.66,5.98
37712,22,8,4,2011,7.39,7.71,5.22,6.5600000000000005
37713,22,9,4,2011,7.27,7.8900000000000015,5.38,6.7700000000000005
37714,22,10,4,2011,7.368333333333333,8.27,5.53,7.04
37715,22,11,4,2011,7.640833333333333,9.26,6.98,8.65
37716,22,12,4,2011,7.640000000000001,6.5600000000000005,4.59,5.73
37717,22,13,4,2011,7.858333333333333,1.4,2.33,2.53
37718,22,14,4,2011,8.198333333333332,3.72,3.26,3.66
37719,22,15,4,2011,8.725000000000001,3.71,3.15,3.5
37720,22,16,4,2011,9.204166666666666,7.07,5.34,6.48
37721,22,17,4,2011,8.885,7.1000000000000005,4.97,6.11
37722,22,18,4,2011,8.894166666666667,5.5200000000000005,4.0600000000000005,4.93
37723,22,19,4,2011,9.546666666666667,3.02,2.48,2.89
37724,22,20,4,2011,10.379999999999999,2.58,2.07,2.41
37725,22,21,4,2011,12.819166666666666,3.69,2.72,3.28
37726,22,22,4,2011,15.135833333333332,3.62,2.73,3.27
37727,22,23,4,2011,15.880833333333337,3.18,2.44,2.93
37728,23,0,4,2011,15.195,5.29,3.38,4.93
37729,23,1,4,2011,13.995000000000003,7.69,4.33,6.8900000000000015
37730,23,2,4,2011,13.178333333333333,10.39,4.33,7.21
37731,23,3,4,2011,12.413333333333336,9.17,4.2,6.44
37732,23,4,4,2011,12.705833333333333,10.25,4.39,7.56
37733,23,5,4,2011,12.22,13.13,5.1000000000000005,9.26
37734,23,6,4,2011,11.030000000000001,15.89,5.03,9.68
37735,23,7,4,2011,10.606666666666664,15.99,5.98,10.32
37736,23,8,4,2011,10.28,17.29,7.24,11.35
37737,23,9,4,2011,9.565833333333332,16.55,7.28,11.31
37738,23,10,4,2011,7.4191666666666665,14.14,3.91,8.55
37739,23,11,4,2011,7.359999999999999,14.78,4.92,9.3
37740,23,12,4,2011,7.5441666666666665,14.09,6.99,9.72
37741,23,13,4,2011,8.925,10.83,6.49,8.67
37742,23,14,4,2011,9.4975,8.61,6.26,7.7
37743,23,15,4,2011,10.463333333333333,7.8,5.7,6.98
37744,23,16,4,2011,11.335833333333335,6.46,4.87,5.87
37745,23,17,4,2011,12.295833333333334,6.3900000000000015,4.79,5.78
37746,23,18,4,2011,13.454166666666664,6.1000000000000005,4.58,5.5200000000000005
37747,23,19,4,2011,14.440833333333336,5.26,3.95,4.75
37748,23,20,4,2011,15.034166666666662,4.79,3.65,4.36
37749,23,21,4,2011,15.245,4.98,3.8,4.5600000000000005
37750,23,22,4,2011,15.071666666666665,5.09,3.84,4.65
37751,23,23,4,2011,14.741666666666667,5.12,3.77,4.66
37752,24,0,4,2011,14.027500000000002,6.19,3.03,4.67
37753,24,1,4,2011,13.094166666666666,7.41,3.44,5.62
37754,24,2,4,2011,12.223333333333334,7.6400000000000015,3.45,5.95
37755,24,3,4,2011,10.756666666666668,7.79,3.15,6.23
37756,24,4,4,2011,9.609166666666667,7.28,2.31,4.98
37757,24,5,4,2011,9.1575,7.81,2.01,5.32
37758,24,6,4,2011,8.305,8.82,3.12,6.3100000000000005
37759,24,7,4,2011,7.3775,8.99,3.28,6.43
37760,24,8,4,2011,6.596666666666667,8.700000000000001,2.35,5.99
37761,24,9,4,2011,6.106666666666668,7.77,2.49,5.97
37762,24,10,4,2011,5.390833333333333,8.03,2.43,5.66
37763,24,11,4,2011,4.971666666666667,7.6400000000000015,1.72,5.23
37764,24,12,4,2011,5.452500000000001,5.73,2.36,3.42
37765,24,13,4,2011,6.5975,4.21,3.1,3.65
37766,24,14,4,2011,7.664999999999999,4.26,3.44,4.03
37767,24,15,4,2011,8.829166666666667,4.92,3.86,4.5600000000000005
37768,24,16,4,2011,10.373333333333333,5.0600000000000005,3.99,4.69
37769,24,17,4,2011,11.861666666666666,4.48,3.5500000000000003,4.16
37770,24,18,4,2011,13.064166666666665,4.25,3.41,3.97
37771,24,19,4,2011,14.110000000000001,4.14,3.33,3.88
37772,24,20,4,2011,14.903333333333336,4.33,3.41,4.01
37773,24,21,4,2011,15.229166666666666,4.79,3.78,4.45
37774,24,22,4,2011,15.22,5.82,4.54,5.39
37775,24,23,4,2011,14.600833333333334,7.54,4.95,6.41
37776,25,0,4,2011,12.531666666666666,7.28,4.74,6.26
37777,25,1,4,2011,12.14,7.35,4.7700000000000005,6.1400000000000015
37778,25,2,4,2011,11.486666666666665,6.83,4.08,5.68
37779,25,3,4,2011,10.793333333333335,7.12,4.5,5.88
37780,25,4,4,2011,10.37,7.46,4.62,6.13
37781,25,5,4,2011,10.040833333333333,7.62,4.67,6.12
37782,25,6,4,2011,9.626666666666665,6.65,4.32,5.5
37783,25,7,4,2011,9.360833333333332,6.74,4.48,5.66
37784,25,8,4,2011,9.069166666666666,6.98,4.5,5.7
37785,25,9,4,2011,8.914166666666667,7.99,4.79,6.2700000000000005
37786,25,10,4,2011,8.799166666666666,8.24,5.34,7.07
37787,25,11,4,2011,8.650833333333333,8.85,6.13,7.95
37788,25,12,4,2011,8.410000000000002,7.75,5.08,6.49
37789,25,13,4,2011,8.250833333333334,9.13,6.0200000000000005,7.78
37790,25,14,4,2011,8.289999999999997,10.03,6.7,8.44
37791,25,15,4,2011,8.42,12.05,8.3,10.46
37792,25,16,4,2011,8.581666666666665,10.55,6.54,8.93
37793,25,17,4,2011,8.994166666666668,7.04,5.29,6.38
37794,25,18,4,2011,9.706666666666665,6.49,4.94,5.97
37795,25,19,4,2011,10.015833333333333,6.79,5.0200000000000005,6.17
37796,25,20,4,2011,10.093333333333332,6.93,5.18,6.3100000000000005
37797,25,21,4,2011,10.1,6.88,5.29,6.41
37798,25,22,4,2011,9.917500000000002,6.03,4.43,5.41
37799,25,23,4,2011,9.468333333333332,7.41,4.97,6.37
37800,26,0,4,2011,9.283333333333335,6.88,4.24,5.62
37801,26,1,4,2011,9.274999999999999,5.62,3.52,4.62
37802,26,2,4,2011,9.290833333333333,6.03,3.96,5.12
37803,26,3,4,2011,9.295,7.46,4.89,6.33
37804,26,4,4,2011,9.2825,6.82,4.3100000000000005,5.66
37805,26,5,4,2011,9.336666666666664,5.76,3.61,4.76
37806,26,6,4,2011,9.348333333333334,6.01,3.75,4.97
37807,26,7,4,2011,9.304166666666667,6.8100000000000005,4.19,5.57
37808,26,8,4,2011,9.029166666666667,7.6,4.83,6.33
37809,26,9,4,2011,8.816666666666668,7.97,5.07,6.63
37810,26,10,4,2011,8.6725,7.95,4.98,6.57
37811,26,11,4,2011,8.606666666666667,8.93,5.61,7.4
37812,26,12,4,2011,8.549166666666668,8.98,5.55,7.35
37813,26,13,4,2011,8.586666666666666,9.43,6.0200000000000005,7.83
37814,26,14,4,2011,8.713333333333333,9.35,6.0,7.79
37815,26,15,4,2011,8.859166666666667,8.6,5.47,7.04
37816,26,16,4,2011,9.240833333333335,7.8,5.54,6.91
37817,26,17,4,2011,10.4925,6.32,4.67,5.71
37818,26,18,4,2011,11.80333333333333,7.28,5.45,6.61
37819,26,19,4,2011,12.981666666666667,6.0200000000000005,4.3500000000000005,5.37
37820,26,20,4,2011,13.652500000000002,6.98,5.1000000000000005,6.29
37821,26,21,4,2011,13.714999999999998,5.82,4.2700000000000005,5.22
37822,26,22,4,2011,13.946666666666665,5.09,3.78,4.6000000000000005
37823,26,23,4,2011,14.020833333333334,4.8100000000000005,3.69,4.49
37824,27,0,4,2011,13.142499999999998,4.5200000000000005,2.62,3.73
37825,27,1,4,2011,11.4375,3.95,1.76,3.52
37826,27,2,4,2011,10.463333333333333,5.25,1.71,3.81
37827,27,3,4,2011,9.735000000000001,8.72,2.98,5.95
37828,27,4,4,2011,8.921666666666667,9.32,3.49,6.8100000000000005
37829,27,5,4,2011,8.018333333333333,9.83,3.45,6.92
37830,27,6,4,2011,7.064166666666665,9.92,3.19,6.7
37831,27,7,4,2011,6.460833333333333,10.29,3.59,7.05
37832,27,8,4,2011,5.892499999999999,11.07,5.01,8.01
37833,27,9,4,2011,5.2175,10.75,5.34,8.08
37834,27,10,4,2011,4.270833333333333,10.87,4.78,7.76
37835,27,11,4,2011,3.6183333333333323,10.72,4.74,7.6400000000000015
37836,27,12,4,2011,4.0925,10.84,6.08,8.16
37837,27,13,4,2011,4.815,10.03,7.1000000000000005,8.91
37838,27,14,4,2011,4.815833333333334,10.44,7.53,9.38
37839,27,15,4,2011,6.3,10.9,7.86,9.79
37840,27,16,4,2011,7.651666666666667,10.69,7.69,9.53
37841,27,17,4,2011,9.4075,11.12,8.02,9.95
37842,27,18,4,2011,10.743333333333334,11.1,7.98,9.89
37843,27,19,4,2011,12.056666666666667,10.72,7.7,9.54
37844,27,20,4,2011,13.168333333333331,11.14,7.79,9.8
37845,27,21,4,2011,13.442499999999997,11.54,8.290000000000001,10.26
37846,27,22,4,2011,13.905833333333334,10.7,7.71,9.61
37847,27,23,4,2011,14.238333333333332,9.91,6.71,8.59
37848,28,0,4,2011,13.486666666666666,11.47,5.48,7.72
37849,28,1,4,2011,11.738333333333335,13.56,5.69,9.38
37850,28,2,4,2011,11.199166666666668,13.56,6.13,9.52
37851,28,3,4,2011,10.265,13.76,5.8500000000000005,9.32
37852,28,4,4,2011,9.633333333333335,13.69,6.1000000000000005,9.52
37853,28,5,4,2011,8.925833333333335,13.84,5.46,8.950000000000003
37854,28,6,4,2011,8.115,12.51,5.34,8.620000000000001
37855,28,7,4,2011,7.729166666666667,13.85,5.42,8.94
37856,28,8,4,2011,8.074166666666665,13.72,6.13,9.48
37857,28,9,4,2011,7.6116666666666655,13.73,6.04,9.38
37858,28,10,4,2011,6.951666666666667,13.86,5.26,8.86
37859,28,11,4,2011,6.581666666666666,13.32,5.14,8.44
37860,28,12,4,2011,7.574166666666668,11.85,6.16,8.28
37861,28,13,4,2011,10.151666666666666,9.86,6.2,7.51
37862,28,14,4,2011,12.047500000000001,8.540000000000001,6.34,7.73
37863,28,15,4,2011,14.238333333333335,9.73,7.0,8.65
37864,28,16,4,2011,15.834166666666668,9.95,7.1400000000000015,8.83
37865,28,17,4,2011,16.96083333333333,9.84,7.0600000000000005,8.71
37866,28,18,4,2011,17.729166666666668,9.35,6.72,8.28
37867,28,19,4,2011,18.375,9.3,6.69,8.25
37868,28,20,4,2011,18.889166666666664,9.26,6.66,8.22
37869,28,21,4,2011,19.239166666666666,9.45,6.66,8.3
37870,28,22,4,2011,19.46166666666667,9.91,6.92,8.69
37871,28,23,4,2011,19.39166666666667,8.98,6.1000000000000005,7.72
37872,29,0,4,2011,17.820833333333333,10.36,4.99,7.58
37873,29,1,4,2011,15.865,10.42,4.17,8.19
37874,29,2,4,2011,14.840833333333336,8.02,2.66,5.63
37875,29,3,4,2011,14.8025,5.12,2.3000000000000003,4.83
37876,29,4,4,2011,13.820833333333335,2.9,2.42,2.85
37877,29,5,4,2011,13.700000000000001,1.87,2.53,2.89
37878,29,6,4,2011,13.223333333333331,3.7,2.49,3.9
37879,29,7,4,2011,12.167499999999999,7.79,4.5,7.3900000000000015
37880,29,8,4,2011,11.258333333333333,8.83,4.58,7.68
37881,29,9,4,2011,11.215833333333334,10.71,5.71,8.85
37882,29,10,4,2011,10.705,11.79,5.73,8.72
37883,29,11,4,2011,10.888333333333334,13.78,6.98,10.12
37884,29,12,4,2011,11.343333333333332,13.47,7.31,9.96
37885,29,13,4,2011,11.889999999999999,11.77,7.04,9.27
37886,29,14,4,2011,14.192500000000003,10.24,6.5200000000000005,7.8900000000000015
37887,29,15,4,2011,16.649166666666666,11.13,8.21,10.05
37888,29,16,4,2011,18.791666666666668,13.11,9.48,11.7
37889,29,17,4,2011,20.805000000000003,15.26,10.83,13.51
37890,29,18,4,2011,22.377499999999998,17.91,12.41,15.69
37891,29,19,4,2011,23.002499999999998,18.97,13.11,16.56
37892,29,20,4,2011,23.24083333333333,19.24,13.22,16.71
37893,29,21,4,2011,23.105000000000004,19.27,13.2,16.78
37894,29,22,4,2011,22.9425,18.9,12.89,16.43
37895,29,23,4,2011,22.4225,17.26,11.58,14.88
37896,30,0,4,2011,20.864166666666666,14.7,8.83,11.91
37897,30,1,4,2011,19.580833333333334,17.35,9.46,13.18
37898,30,2,4,2011,18.965833333333332,17.69,10.01,13.81
37899,30,3,4,2011,18.2,18.41,10.75,14.61
37900,30,4,4,2011,17.59416666666667,18.23,10.57,14.39
37901,30,5,4,2011,16.611666666666668,17.0,9.48,13.14
37902,30,6,4,2011,15.868333333333332,16.1,8.8,12.24
37903,30,7,4,2011,15.0675,15.61,8.61,11.93
37904,30,8,4,2011,14.495833333333332,15.04,8.040000000000001,11.34
37905,30,9,4,2011,12.7975,12.85,5.87,9.02
37906,30,10,4,2011,11.955833333333333,11.44,3.9,7.23
37907,30,11,4,2011,10.8925,12.95,6.29,9.15
37908,30,12,4,2011,9.628333333333336,13.77,8.11,10.82
37909,30,13,4,2011,10.815833333333332,12.63,9.01,11.21
37910,30,14,4,2011,11.333333333333334,10.71,7.68,9.54
37911,30,15,4,2011,13.173333333333334,9.18,6.76,8.24
37912,30,16,4,2011,14.065,9.97,7.38,8.98
37913,30,17,4,2011,15.140833333333333,8.43,6.26,7.59
37914,30,18,4,2011,16.293333333333333,8.24,6.11,7.42
37915,30,19,4,2011,17.51666666666667,7.49,5.5,6.67
37916,30,20,4,2011,18.291666666666668,8.36,6.12,7.45
37917,30,21,4,2011,18.526666666666667,9.28,6.76,8.3
37918,30,22,4,2011,18.455833333333334,8.92,6.44,7.9300000000000015
37919,30,23,4,2011,18.174166666666665,10.3,6.79,8.78
37920,1,0,5,2011,16.735833333333336,10.96,6.2,8.76
37921,1,1,5,2011,14.343333333333332,12.5,4.28,8.05
37922,1,2,5,2011,13.110833333333332,13.19,4.58,8.63
37923,1,3,5,2011,12.5475,14.23,5.03,8.97
37924,1,4,5,2011,12.134166666666665,14.28,5.6000000000000005,9.27
37925,1,5,5,2011,11.375,14.63,5.91,9.57
37926,1,6,5,2011,9.951666666666666,14.89,5.37,9.08
37927,1,7,5,2011,9.448333333333332,14.21,5.57,9.25
37928,1,8,5,2011,8.4525,15.2,6.5200000000000005,10.15
37929,1,9,5,2011,7.779166666666668,15.26,7.3,10.72
37930,1,10,5,2011,7.376666666666668,14.16,7.5,10.49
37931,1,11,5,2011,7.043333333333334,9.98,5.57,7.69
37932,1,12,5,2011,7.069166666666668,8.51,4.25,6.18
37933,1,13,5,2011,7.920833333333334,7.78,4.7700000000000005,5.93
37934,1,14,5,2011,9.239166666666668,9.79,6.9,8.58
37935,1,15,5,2011,10.383333333333335,10.27,7.24,9.01
37936,1,16,5,2011,11.413333333333334,8.8,6.36,7.78
37937,1,17,5,2011,12.480833333333335,7.3900000000000015,5.42,6.6000000000000005
37938,1,18,5,2011,13.37083333333333,7.28,5.4,6.53
37939,1,19,5,2011,14.214999999999998,6.71,4.98,6.01
37940,1,20,5,2011,14.894999999999998,6.48,4.84,5.83
37941,1,21,5,2011,15.497499999999997,6.51,4.83,5.8500000000000005
37942,1,22,5,2011,15.805,7.44,5.43,6.67
37943,1,23,5,2011,15.625833333333334,7.33,5.22,6.51
37944,2,0,5,2011,14.446666666666667,7.96,4.17,6.16
37945,2,1,5,2011,12.13,9.49,3.1,6.97
37946,2,2,5,2011,10.7125,9.75,2.58,7.26
37947,2,3,5,2011,9.963333333333333,8.41,2.11,5.99
37948,2,4,5,2011,9.323333333333334,8.76,1.14,3.98
37949,2,5,5,2011,8.869166666666668,6.5,1.76,4.21
37950,2,6,5,2011,7.962499999999999,6.5600000000000005,1.82,4.05
37951,2,7,5,2011,7.016666666666667,5.71,1.45,3.5
37952,2,8,5,2011,6.536666666666666,4.47,1.41,2.87
37953,2,9,5,2011,5.73,5.89,2.6,4.8500000000000005
37954,2,10,5,2011,4.8425,6.78,2.94,5.47
37955,2,11,5,2011,4.3625,8.05,3.68,6.62
37956,2,12,5,2011,5.174166666666666,8.15,4.1,6.49
37957,2,13,5,2011,6.651666666666667,6.71,3.89,4.65
37958,2,14,5,2011,9.014166666666666,5.79,4.43,5.3
37959,2,15,5,2011,10.548333333333332,5.96,4.54,5.45
37960,2,16,5,2011,11.684166666666668,5.8,4.43,5.29
37961,2,17,5,2011,12.46,6.22,4.75,5.68
37962,2,18,5,2011,13.024166666666668,6.22,4.8,5.72
37963,2,19,5,2011,13.62,6.65,5.0600000000000005,6.07
37964,2,20,5,2011,14.009166666666667,7.03,5.29,6.38
37965,2,21,5,2011,14.2125,7.11,5.33,6.44
37966,2,22,5,2011,14.218333333333334,6.97,5.13,6.2700000000000005
37967,2,23,5,2011,13.995000000000003,6.94,5.01,6.22
37968,3,0,5,2011,12.935,7.4,4.7700000000000005,6.0
37969,3,1,5,2011,10.710833333333333,7.6400000000000015,2.84,5.98
37970,3,2,5,2011,9.624166666666667,8.17,2.44,5.88
37971,3,3,5,2011,8.426666666666668,10.31,2.97,6.91
37972,3,4,5,2011,7.3999999999999995,10.34,2.84,6.71
37973,3,5,5,2011,6.584166666666666,9.03,2.15,5.63
37974,3,6,5,2011,5.983333333333334,8.26,2.01,5.11
37975,3,7,5,2011,5.273333333333333,7.13,1.84,4.69
37976,3,8,5,2011,4.489166666666667,5.67,1.57,3.65
37977,3,9,5,2011,4.0175,4.92,1.56,3.33
37978,3,10,5,2011,3.3825,5.26,2.04,3.99
37979,3,11,5,2011,2.3383333333333334,5.26,1.86,3.78
37980,3,12,5,2011,3.193333333333333,3.5500000000000003,2.08,2.72
37981,3,13,5,2011,5.0825000000000005,3.48,2.67,3.04
37982,3,14,5,2011,6.926666666666667,2.32,2.03,2.3000000000000003
37983,3,15,5,2011,8.959166666666667,2.1,1.8,2.04
37984,3,16,5,2011,10.5325,2.35,2.04,2.3000000000000003
37985,3,17,5,2011,11.8075,2.09,1.82,2.04
37986,3,18,5,2011,12.984166666666667,2.16,1.86,2.1
37987,3,19,5,2011,13.906666666666666,2.48,2.06,2.36
37988,3,20,5,2011,14.674166666666665,2.51,2.07,2.37
37989,3,21,5,2011,15.210000000000003,2.66,2.17,2.51
37990,3,22,5,2011,15.452500000000002,2.62,2.12,2.46
37991,3,23,5,2011,15.410833333333336,2.37,2.01,2.32
37992,4,0,5,2011,14.605833333333335,4.12,2.22,3.95
37993,4,1,5,2011,12.214999999999998,5.12,2.39,4.5
37994,4,2,5,2011,10.455,8.14,2.84,6.33
37995,4,3,5,2011,9.356666666666667,10.2,3.6,7.35
37996,4,4,5,2011,8.608333333333334,11.33,4.04,7.97
37997,4,5,5,2011,8.413333333333332,11.84,4.64,8.28
37998,4,6,5,2011,7.914166666666667,12.63,5.13,8.57
37999,4,7,5,2011,7.3625,13.06,5.46,8.69
38000,4,8,5,2011,6.9575000000000005,13.12,5.75,8.83
38001,4,9,5,2011,6.6883333333333335,13.2,5.8500000000000005,8.9
38002,4,10,5,2011,6.115000000000001,13.14,5.99,8.94
38003,4,11,5,2011,6.47,13.19,6.24,9.19
38004,4,12,5,2011,7.495000000000001,13.1,7.85,10.4
38005,4,13,5,2011,9.292499999999999,11.39,7.45,9.12
38006,4,14,5,2011,11.410833333333331,10.41,7.72,9.44
38007,4,15,5,2011,13.543333333333331,11.69,8.55,10.51
38008,4,16,5,2011,15.66666666666667,12.57,9.15,11.26
38009,4,17,5,2011,17.50583333333333,12.88,9.31,11.49
38010,4,18,5,2011,18.935,13.18,9.42,11.69
38011,4,19,5,2011,20.013333333333332,13.54,9.67,12.02
38012,4,20,5,2011,21.435000000000002,13.59,9.59,11.98
38013,4,21,5,2011,22.396666666666665,14.26,9.96,12.52
38014,4,22,5,2011,22.995,14.72,10.13,12.85
38015,4,23,5,2011,22.9475,14.33,9.87,12.5
38016,5,0,5,2011,21.24166666666667,13.56,8.09,10.88
38017,5,1,5,2011,18.429166666666667,14.08,6.41,9.88
38018,5,2,5,2011,17.54416666666667,15.47,7.8900000000000015,11.37
38019,5,3,5,2011,16.956666666666667,15.72,8.17,11.69
38020,5,4,5,2011,16.558333333333334,15.03,8.5,11.6
38021,5,5,5,2011,17.151666666666667,16.02,9.79,13.03
38022,5,6,5,2011,15.854166666666666,12.77,6.8900000000000015,9.77
38023,5,7,5,2011,14.744166666666667,9.78,4.87,7.43
38024,5,8,5,2011,14.001666666666665,10.01,5.55,7.7
38025,5,9,5,2011,13.321666666666665,9.96,6.16,8.16
38026,5,10,5,2011,12.530000000000001,8.540000000000001,5.28,7.01
38027,5,11,5,2011,11.8975,8.77,5.19,6.99
38028,5,12,5,2011,11.511666666666665,8.17,5.21,6.79
38029,5,13,5,2011,12.160833333333331,7.83,5.58,6.84
38030,5,14,5,2011,14.044166666666664,7.3900000000000015,5.48,6.68
38031,5,15,5,2011,15.207500000000001,6.1400000000000015,4.5600000000000005,5.53
38032,5,16,5,2011,16.435000000000002,6.42,4.76,5.7700000000000005
38033,5,17,5,2011,17.449166666666667,7.16,5.32,6.45
38034,5,18,5,2011,18.121666666666666,7.24,5.39,6.53
38035,5,19,5,2011,18.641666666666666,7.17,5.33,6.45
38036,5,20,5,2011,18.829166666666666,13.46,10.03,12.24
38037,5,21,5,2011,18.245833333333334,9.88,7.74,9.25
38038,5,22,5,2011,17.700000000000003,11.29,7.9,10.0
38039,5,23,5,2011,17.578333333333337,12.8,9.22,11.49
38040,6,0,5,2011,16.299166666666665,8.53,5.96,7.52
38041,6,1,5,2011,14.609166666666667,6.2,3.2,6.09
38042,6,2,5,2011,13.5875,7.82,3.39,6.57
38043,6,3,5,2011,13.211666666666666,4.5200000000000005,2.83,5.17
38044,6,4,5,2011,12.560833333333333,2.73,1.49,2.71
38045,6,5,5,2011,11.8225,0.85,1.55,1.14
38046,6,6,5,2011,10.370000000000001,3.75,4.05,5.0600000000000005
38047,6,7,5,2011,10.121666666666666,4.83,4.0200000000000005,5.73
38048,6,8,5,2011,9.906666666666666,8.01,4.47,7.46
38049,6,9,5,2011,9.1925,8.69,4.69,8.040000000000001
38050,6,10,5,2011,8.944166666666668,8.540000000000001,4.75,7.96
38051,6,11,5,2011,8.574166666666667,9.99,5.2700000000000005,8.620000000000001
38052,6,12,5,2011,9.542499999999999,9.78,5.04,8.2
38053,6,13,5,2011,12.331666666666669,8.76,4.71,6.11
38054,6,14,5,2011,15.474166666666667,7.51,5.58,6.78
38055,6,15,5,2011,17.844166666666666,9.67,7.0,8.620000000000001
38056,6,16,5,2011,19.296666666666667,10.63,7.68,9.45
38057,6,17,5,2011,20.50166666666667,11.22,8.03,9.94
38058,6,18,5,2011,21.825,12.65,8.99,11.17
38059,6,19,5,2011,22.658333333333335,13.31,9.44,11.73
38060,6,20,5,2011,23.7075,13.64,9.48,11.9
38061,6,21,5,2011,24.634166666666662,14.54,10.08,12.69
38062,6,22,5,2011,24.708333333333332,14.95,10.27,13.03
38063,6,23,5,2011,24.58,14.72,10.07,12.81
38064,7,0,5,2011,23.360833333333336,12.86,7.63,10.31
38065,7,1,5,2011,21.820000000000004,16.32,11.4,14.65
38066,7,2,5,2011,18.499166666666667,16.47,12.02,14.91
38067,7,3,5,2011,18.12416666666667,14.12,7.74,11.09
38068,7,4,5,2011,17.21083333333333,10.94,4.75,7.79
38069,7,5,5,2011,16.75083333333333,11.34,4.98,8.38
38070,7,6,5,2011,17.912499999999998,10.74,5.87,8.69
38071,7,7,5,2011,17.11916666666667,9.67,4.0600000000000005,7.47
38072,7,8,5,2011,17.688333333333336,11.16,4.21,7.68
38073,7,9,5,2011,17.452499999999997,10.82,4.66,7.84
38074,7,10,5,2011,16.739166666666666,5.84,4.25,6.45
38075,7,11,5,2011,16.144166666666667,5.22,3.33,5.41
38076,7,12,5,2011,16.790833333333335,7.1400000000000015,3.37,5.0
38077,7,13,5,2011,19.012500000000003,7.67,4.59,5.55
38078,7,14,5,2011,20.31916666666667,6.8100000000000005,5.11,6.19
38079,7,15,5,2011,21.805000000000003,6.24,4.69,5.66
38080,7,16,5,2011,23.001666666666665,5.74,4.33,5.2
38081,7,17,5,2011,24.034999999999997,4.97,3.8,4.53
38082,7,18,5,2011,24.855833333333337,4.55,3.52,4.17
38083,7,19,5,2011,25.465,4.03,3.16,3.72
38084,7,20,5,2011,25.938333333333333,3.37,2.69,3.13
38085,7,21,5,2011,26.28833333333333,3.09,2.44,2.85
38086,7,22,5,2011,26.405833333333334,2.33,1.96,2.23
38087,7,23,5,2011,26.212500000000006,3.0,2.29,2.78
38088,8,0,5,2011,24.940833333333334,4.08,2.21,3.41
38089,8,1,5,2011,22.138333333333332,6.63,1.92,4.42
38090,8,2,5,2011,20.421666666666667,7.62,2.24,5.54
38091,8,3,5,2011,19.289166666666667,9.3,3.03,6.74
38092,8,4,5,2011,18.455,9.67,3.23,7.1400000000000015
38093,8,5,5,2011,17.701666666666668,10.14,3.47,7.48
38094,8,6,5,2011,17.64666666666667,11.4,4.38,8.31
38095,8,7,5,2011,17.449166666666663,12.18,4.51,8.35
38096,8,8,5,2011,16.721666666666668,12.88,4.86,8.540000000000001
38097,8,9,5,2011,15.777500000000003,12.72,4.55,8.120000000000001
38098,8,10,5,2011,15.204166666666667,13.14,4.93,8.120000000000001
38099,8,11,5,2011,14.755,12.44,5.13,7.95
38100,8,12,5,2011,15.956666666666669,12.15,5.14,8.0
38101,8,13,5,2011,17.7075,8.950000000000003,5.3500000000000005,6.67
38102,8,14,5,2011,19.3175,8.36,6.49,7.78
38103,8,15,5,2011,21.77333333333333,9.63,7.27,8.81
38104,8,16,5,2011,23.70416666666667,11.03,8.27,10.07
38105,8,17,5,2011,25.409166666666664,13.67,9.98,12.3
38106,8,18,5,2011,26.600000000000005,14.8,10.58,13.22
38107,8,19,5,2011,27.903333333333336,13.24,9.21,11.57
38108,8,20,5,2011,28.20583333333333,13.76,9.64,12.06
38109,8,21,5,2011,28.595000000000002,14.8,10.11,12.94
38110,8,22,5,2011,28.545833333333334,15.41,10.71,13.65
38111,8,23,5,2011,27.944166666666664,14.4,9.7,12.49
38112,9,0,5,2011,27.129166666666666,12.79,7.92,10.5
38113,9,1,5,2011,25.38416666666667,12.38,6.18,8.96
38114,9,2,5,2011,24.394166666666667,13.52,7.13,10.24
38115,9,3,5,2011,24.03583333333333,13.56,7.13,10.24
38116,9,4,5,2011,23.685833333333335,15.39,8.63,12.01
38117,9,5,5,2011,22.901666666666667,16.43,9.49,12.98
38118,9,6,5,2011,22.091666666666665,15.5,9.09,12.37
38119,9,7,5,2011,20.7825,14.84,8.57,11.75
38120,9,8,5,2011,20.04583333333333,14.18,8.34,11.34
38121,9,9,5,2011,19.724166666666665,13.92,8.22,11.12
38122,9,10,5,2011,19.4075,13.72,8.08,10.99
38123,9,11,5,2011,19.250833333333336,14.59,8.82,11.89
38124,9,12,5,2011,20.271666666666665,15.02,9.72,12.66
38125,9,13,5,2011,21.971666666666668,13.9,8.83,11.0
38126,9,14,5,2011,23.493333333333336,12.31,8.82,11.0
38127,9,15,5,2011,25.195833333333336,11.91,8.67,10.75
38128,9,16,5,2011,26.985833333333332,10.85,7.87,9.73
38129,9,17,5,2011,28.829166666666666,11.11,8.07,9.98
38130,9,18,5,2011,30.741666666666664,11.0,7.92,9.79
38131,9,19,5,2011,32.56166666666666,11.36,7.99,9.94
38132,9,20,5,2011,33.59416666666667,12.27,8.620000000000001,10.8
38133,9,21,5,2011,34.0825,12.49,8.73,11.01
38134,9,22,5,2011,34.51916666666666,12.74,8.63,11.04
38135,9,23,5,2011,34.06083333333334,12.6,8.5,10.87
38136,10,0,5,2011,31.85166666666667,13.55,6.48,9.43
38137,10,1,5,2011,28.923333333333336,15.78,8.68,12.23
38138,10,2,5,2011,27.449999999999992,16.25,8.9,12.46
38139,10,3,5,2011,26.077499999999997,15.86,8.52,12.04
38140,10,4,5,2011,25.1975,16.19,8.870000000000003,12.39
38141,10,5,5,2011,24.46083333333333,15.96,8.8,12.25
38142,10,6,5,2011,23.698333333333334,15.51,8.370000000000001,11.8
38143,10,7,5,2011,23.0275,15.19,8.040000000000001,11.4
38144,10,8,5,2011,22.33916666666667,14.7,7.43,10.73
38145,10,9,5,2011,22.1525,14.74,7.6400000000000015,10.94
38146,10,10,5,2011,21.560000000000002,14.93,7.74,11.17
38147,10,11,5,2011,21.17166666666667,15.3,8.18,11.44
38148,10,12,5,2011,22.584166666666672,15.22,8.49,11.61
38149,10,13,5,2011,23.989166666666666,13.07,8.870000000000003,10.96
38150,10,14,5,2011,25.76666666666667,12.24,9.02,11.17
38151,10,15,5,2011,28.074166666666667,11.43,8.38,10.38
38152,10,16,5,2011,29.838333333333328,11.17,8.06,10.02
38153,10,17,5,2011,31.162499999999998,10.26,7.42,9.18
38154,10,18,5,2011,32.39416666666667,9.48,6.82,8.45
38155,10,19,5,2011,33.223333333333336,10.4,7.47,9.29
38156,10,20,5,2011,33.67333333333333,10.8,7.73,9.61
38157,10,21,5,2011,33.73333333333334,11.68,8.28,10.41
38158,10,22,5,2011,33.089166666666664,11.88,8.27,10.52
38159,10,23,5,2011,31.99416666666666,11.84,8.2,10.44
38160,11,0,5,2011,30.3725,12.51,7.17,9.86
38161,11,1,5,2011,28.016666666666666,25.63,16.43,21.03
38162,11,2,5,2011,21.855833333333333,22.44,13.31,17.43
38163,11,3,5,2011,26.926666666666666,16.85,9.88,13.49
38164,11,4,5,2011,25.123333333333335,11.66,6.79,9.25
38165,11,5,5,2011,24.153333333333336,16.1,9.68,13.0
38166,11,6,5,2011,21.564166666666665,15.51,9.96,13.09
38167,11,7,5,2011,21.99,14.97,9.87,12.85
38168,11,8,5,2011,21.639166666666668,12.45,7.91,10.42
38169,11,9,5,2011,20.6875,9.01,4.58,6.5200000000000005
38170,11,10,5,2011,20.18666666666667,8.85,4.73,6.79
38171,11,11,5,2011,19.12333333333333,6.33,3.56,4.9
38172,11,12,5,2011,19.23333333333333,7.66,4.8500000000000005,6.3500000000000005
38173,11,13,5,2011,19.562499999999996,5.3500000000000005,3.71,4.45
38174,11,14,5,2011,21.61666666666667,6.5,5.03,6.04
38175,11,15,5,2011,22.236666666666665,7.15,5.37,6.57
38176,11,16,5,2011,23.43166666666667,7.3900000000000015,5.47,6.66
38177,11,17,5,2011,25.4825,8.3,6.07,7.42
38178,11,18,5,2011,25.994999999999994,9.07,6.69,8.19
38179,11,19,5,2011,26.002499999999998,9.7,7.08,8.77
38180,11,20,5,2011,26.25916666666667,8.64,6.1000000000000005,7.63
38181,11,21,5,2011,27.421666666666667,10.04,7.08,8.92
38182,11,22,5,2011,26.9375,12.99,9.34,11.66
38183,11,23,5,2011,23.42916666666667,15.69,11.82,14.37
38184,12,0,5,2011,22.62833333333333,11.16,7.29,9.46
38185,12,1,5,2011,21.650833333333335,10.73,5.01,7.07
38186,12,2,5,2011,21.754166666666663,9.99,3.99,6.5600000000000005
38187,12,3,5,2011,21.889166666666668,12.61,6.96,9.79
38188,12,4,5,2011,20.635833333333334,15.95,10.1,13.35
38189,12,5,5,2011,19.3425,14.34,9.09,12.02
38190,12,6,5,2011,18.439166666666665,12.44,7.54,10.12
38191,12,7,5,2011,18.16333333333333,11.4,5.87,8.55
38192,12,8,5,2011,18.073333333333334,9.34,5.48,7.44
38193,12,9,5,2011,16.867500000000003,8.02,3.56,5.71
38194,12,10,5,2011,16.1875,8.43,3.16,5.71
38195,12,11,5,2011,15.6325,7.0600000000000005,1.39,3.49
38196,12,12,5,2011,17.539166666666667,5.65,3.62,4.6000000000000005
38197,12,13,5,2011,18.91583333333333,5.61,4.0200000000000005,4.95
38198,12,14,5,2011,19.491666666666664,5.88,4.41,5.4
38199,12,15,5,2011,20.340833333333336,5.49,4.32,5.17
38200,12,16,5,2011,21.232499999999998,6.54,5.11,6.08
38201,12,17,5,2011,22.955,6.71,5.08,6.1000000000000005
38202,12,18,5,2011,24.339166666666667,6.5600000000000005,5.07,6.05
38203,12,19,5,2011,25.301666666666666,6.87,5.2700000000000005,6.34
38204,12,20,5,2011,25.89583333333334,7.33,5.54,6.7
38205,12,21,5,2011,26.352500000000003,7.9,5.88,7.17
38206,12,22,5,2011,26.366666666666664,8.040000000000001,5.93,7.28
38207,12,23,5,2011,25.872500000000002,9.28,6.58,8.28
38208,13,0,5,2011,24.7675,9.75,5.86,7.9
38209,13,1,5,2011,22.5,10.64,4.19,6.95
38210,13,2,5,2011,20.0325,3.86,2.76,4.61
38211,13,3,5,2011,18.73166666666667,4.98,3.58,5.79
38212,13,4,5,2011,17.3,9.78,4.17,6.67
38213,13,5,5,2011,15.261666666666665,10.2,3.0,6.11
38214,13,6,5,2011,14.322499999999998,8.58,5.07,7.22
38215,13,7,5,2011,13.889166666666663,10.71,5.97,8.44
38216,13,8,5,2011,13.92,11.33,7.05,9.17
38217,13,9,5,2011,12.754999999999997,10.81,7.18,9.19
38218,13,10,5,2011,12.1825,11.01,7.4,9.44
38219,13,11,5,2011,11.805833333333332,11.91,8.19,10.44
38220,13,12,5,2011,10.5925,12.47,8.71,11.03
38221,13,13,5,2011,9.675833333333333,12.58,8.8,11.13
38222,13,14,5,2011,9.801666666666668,12.52,8.75,11.11
38223,13,15,5,2011,10.2475,12.55,8.74,11.11
38224,13,16,5,2011,10.134166666666667,12.76,8.97,11.36
38225,13,17,5,2011,9.864166666666668,12.78,9.07,11.43
38226,13,18,5,2011,10.377500000000001,12.67,8.86,11.22
38227,13,19,5,2011,11.661666666666667,13.8,9.68,12.27
38228,13,20,5,2011,13.46,13.18,9.29,11.68
38229,13,21,5,2011,13.93666666666667,13.87,9.85,12.38
38230,13,22,5,2011,13.836666666666666,14.08,9.92,12.55
38231,13,23,5,2011,13.105833333333335,15.08,10.76,13.53
38232,14,0,5,2011,12.029166666666663,14.19,9.88,12.56
38233,14,1,5,2011,10.56,14.22,8.11,11.2
38234,14,2,5,2011,9.251666666666667,14.74,8.66,11.83
38235,14,3,5,2011,8.290833333333333,14.35,8.18,11.3
38236,14,4,5,2011,8.089166666666666,13.9,9.09,11.76
38237,14,5,5,2011,7.078333333333334,14.88,9.82,12.67
38238,14,6,5,2011,6.53,14.14,9.56,12.2
38239,14,7,5,2011,5.745833333333334,13.6,9.49,12.01
38240,14,8,5,2011,5.175,13.1,9.14,11.55
38241,14,9,5,2011,4.295,12.2,8.23,10.55
38242,14,10,5,2011,3.4275,12.29,7.8,9.92
38243,14,11,5,2011,2.265,12.41,6.79,9.37
38244,14,12,5,2011,2.7083333333333335,12.09,8.63,10.76
38245,14,13,5,2011,3.339166666666667,12.03,8.64,10.75
38246,14,14,5,2011,3.970833333333333,11.23,8.14,10.07
38247,14,15,5,2011,4.8875,10.78,7.81,9.65
38248,14,16,5,2011,6.002499999999999,11.4,8.3,10.21
38249,14,17,5,2011,6.966666666666666,11.47,8.33,10.28
38250,14,18,5,2011,7.666666666666665,11.41,8.23,10.18
38251,14,19,5,2011,8.021666666666667,11.28,8.16,10.07
38252,14,20,5,2011,8.280833333333332,11.21,8.07,9.97
38253,14,21,5,2011,8.387500000000001,10.35,7.41,9.2
38254,14,22,5,2011,8.9275,9.99,7.15,8.88
38255,14,23,5,2011,9.74,9.6,6.75,8.46
38256,15,0,5,2011,9.604166666666668,9.47,6.59,8.32
38257,15,1,5,2011,7.8999999999999995,9.9,4.8100000000000005,7.2
38258,15,2,5,2011,6.827500000000001,10.59,4.39,7.84
38259,15,3,5,2011,6.2225,10.31,4.51,7.81
38260,15,4,5,2011,5.842500000000001,10.53,4.09,7.07
38261,15,5,5,2011,5.423333333333333,10.72,4.05,7.26
38262,15,6,5,2011,5.246666666666668,10.87,4.48,7.6400000000000015
38263,15,7,5,2011,4.862500000000001,11.67,5.08,8.11
38264,15,8,5,2011,4.319166666666666,11.67,5.45,8.28
38265,15,9,5,2011,3.9058333333333337,12.09,5.66,8.51
38266,15,10,5,2011,3.705833333333333,12.21,6.15,8.59
38267,15,11,5,2011,4.159166666666667,11.31,6.34,8.83
38268,15,12,5,2011,5.173333333333333,9.09,5.08,6.75
38269,15,13,5,2011,5.930833333333333,8.73,6.13,7.69
38270,15,14,5,2011,6.303333333333334,8.97,6.3500000000000005,7.97
38271,15,15,5,2011,6.704999999999999,9.29,6.63,8.3
38272,15,16,5,2011,7.3625,9.17,6.59,8.23
38273,15,17,5,2011,7.803333333333334,9.12,6.57,8.2
38274,15,18,5,2011,9.646666666666667,9.2,6.69,8.290000000000001
38275,15,19,5,2011,10.535000000000002,10.43,7.45,9.37
38276,15,20,5,2011,12.010833333333332,8.93,6.3500000000000005,7.94
38277,15,21,5,2011,13.390833333333335,7.9,5.7,7.12
38278,15,22,5,2011,14.958333333333334,7.46,5.34,6.63
38279,15,23,5,2011,15.74,8.83,6.28,7.8900000000000015
38280,16,0,5,2011,15.016666666666671,8.290000000000001,5.5,7.03
38281,16,1,5,2011,12.524166666666668,10.44,3.7,7.32
38282,16,2,5,2011,11.088333333333333,13.21,4.47,9.96
38283,16,3,5,2011,10.304166666666665,13.4,4.97,10.33
38284,16,4,5,2011,9.008333333333335,12.63,3.77,8.66
38285,16,5,5,2011,8.229999999999999,11.82,3.67,8.22
38286,16,6,5,2011,7.410000000000001,11.25,3.62,8.18
38287,16,7,5,2011,6.7875000000000005,10.17,3.43,7.71
38288,16,8,5,2011,6.2250000000000005,8.620000000000001,3.36,6.8500000000000005
38289,16,9,5,2011,5.550000000000001,8.31,3.41,6.86
38290,16,10,5,2011,4.888333333333333,7.38,2.88,5.91
38291,16,11,5,2011,4.7683333333333335,6.6000000000000005,3.0,5.39
38292,16,12,5,2011,5.369166666666666,6.2,3.35,5.16
38293,16,13,5,2011,6.890833333333333,4.68,3.42,3.98
38294,16,14,5,2011,9.194999999999999,3.75,3.13,3.63
38295,16,15,5,2011,11.454166666666667,3.28,2.67,3.12
38296,16,16,5,2011,13.322499999999998,3.54,2.82,3.3000000000000003
38297,16,17,5,2011,14.669166666666667,4.08,3.24,3.8
38298,16,18,5,2011,15.675833333333335,4.5600000000000005,3.59,4.23
38299,16,19,5,2011,16.474166666666665,4.73,3.75,4.41
38300,16,20,5,2011,17.046666666666663,4.68,3.7,4.36
38301,16,21,5,2011,17.475,4.82,3.76,4.46
38302,16,22,5,2011,17.605000000000004,5.15,3.96,4.75
38303,16,23,5,2011,17.378333333333334,5.41,4.15,5.0200000000000005
38304,17,0,5,2011,16.382499999999997,6.2,3.94,5.0600000000000005
38305,17,1,5,2011,13.75166666666667,7.77,2.66,6.33
38306,17,2,5,2011,11.454166666666666,9.18,2.42,6.54
38307,17,3,5,2011,10.3025,9.67,2.43,6.19
38308,17,4,5,2011,9.424999999999999,9.76,2.28,6.33
38309,17,5,5,2011,8.700000000000001,8.97,2.28,5.65
38310,17,6,5,2011,8.087499999999999,8.43,2.18,5.64
38311,17,7,5,2011,7.390000000000001,6.58,2.01,4.63
38312,17,8,5,2011,7.003333333333333,6.0600000000000005,1.98,4.21
38313,17,9,5,2011,6.026666666666667,5.66,1.79,3.75
38314,17,10,5,2011,5.3933333333333335,5.63,1.69,3.65
38315,17,11,5,2011,4.925,5.55,1.64,3.5700000000000003
38316,17,12,5,2011,6.524166666666666,5.32,2.11,3.36
38317,17,13,5,2011,9.173333333333334,4.76,2.42,2.8000000000000003
38318,17,14,5,2011,12.020000000000001,4.59,3.39,4.12
38319,17,15,5,2011,14.032499999999999,5.61,4.3100000000000005,5.15
38320,17,16,5,2011,15.069166666666668,5.53,4.28,5.1000000000000005
38321,17,17,5,2011,16.009166666666665,5.55,4.3,5.11
38322,17,18,5,2011,16.758333333333336,5.3,4.2,4.95
38323,17,19,5,2011,17.419999999999998,5.7700000000000005,4.46,5.33
38324,17,20,5,2011,18.04416666666667,6.59,5.04,6.04
38325,17,21,5,2011,18.46833333333333,7.17,5.5,6.61
38326,17,22,5,2011,18.485,7.5,5.67,6.9
38327,17,23,5,2011,18.16916666666667,7.85,5.8100000000000005,7.15
38328,18,0,5,2011,17.062499999999996,8.790000000000001,5.38,7.04
38329,18,1,5,2011,14.160833333333334,9.89,4.2,7.35
38330,18,2,5,2011,11.810000000000002,11.73,3.37,7.44
38331,18,3,5,2011,10.929166666666665,11.84,3.5500000000000003,7.65
38332,18,4,5,2011,10.151666666666667,12.63,3.97,7.97
38333,18,5,5,2011,10.339166666666667,12.83,4.96,8.55
38334,18,6,5,2011,9.898333333333332,12.7,4.57,8.15
38335,18,7,5,2011,8.995833333333334,11.92,3.9,7.37
38336,18,8,5,2011,7.939999999999999,11.22,3.09,6.74
38337,18,9,5,2011,8.102500000000001,10.82,3.2,6.59
38338,18,10,5,2011,8.178333333333333,10.57,3.9,6.4
38339,18,11,5,2011,8.705,10.3,4.42,6.67
38340,18,12,5,2011,9.676666666666666,8.19,3.88,5.3100000000000005
38341,18,13,5,2011,11.415833333333332,6.36,4.88,5.83
38342,18,14,5,2011,13.439166666666665,7.12,5.23,6.3100000000000005
38343,18,15,5,2011,15.091666666666667,7.88,5.82,7.1000000000000005
38344,18,16,5,2011,16.363333333333337,7.5,5.66,6.8500000000000005
38345,18,17,5,2011,17.285,8.21,6.16,7.47
38346,18,18,5,2011,18.10666666666667,8.22,6.15,7.45
38347,18,19,5,2011,18.95,7.92,5.9,7.18
38348,18,20,5,2011,19.2425,8.55,6.2,7.67
38349,18,21,5,2011,19.19083333333333,9.24,6.8900000000000015,8.44
38350,18,22,5,2011,19.065,9.0,6.62,8.13
38351,18,23,5,2011,19.135,10.49,7.35,9.34
38352,19,0,5,2011,17.324166666666667,9.68,6.07,7.91
38353,19,1,5,2011,16.353333333333335,8.870000000000003,5.26,7.17
38354,19,2,5,2011,15.407499999999999,8.33,4.88,6.5600000000000005
38355,19,3,5,2011,15.137500000000001,8.8,5.33,7.09
38356,19,4,5,2011,15.188333333333333,9.67,5.98,7.9
38357,19,5,5,2011,14.787500000000001,9.36,5.8,7.59
38358,19,6,5,2011,14.306666666666665,9.81,6.34,8.24
38359,19,7,5,2011,14.354166666666666,10.81,6.95,9.01
38360,19,8,5,2011,14.553333333333333,10.74,7.0600000000000005,9.14
38361,19,9,5,2011,14.338333333333331,10.9,7.1400000000000015,9.26
38362,19,10,5,2011,13.576666666666668,10.9,6.88,9.11
38363,19,11,5,2011,13.189166666666665,11.64,7.2,9.49
38364,19,12,5,2011,13.480833333333331,11.9,7.33,9.74
38365,19,13,5,2011,13.796666666666669,10.7,6.8900000000000015,8.67
38366,19,14,5,2011,14.12,10.24,7.34,9.12
38367,19,15,5,2011,14.703333333333333,9.29,6.83,8.42
38368,19,16,5,2011,15.270833333333334,9.35,6.95,8.52
38369,19,17,5,2011,16.342499999999998,9.93,7.56,9.19
38370,19,18,5,2011,17.33,10.17,7.74,9.38
38371,19,19,5,2011,18.941666666666666,12.92,9.18,11.47
38372,19,20,5,2011,19.678333333333335,13.01,9.22,11.59
38373,19,21,5,2011,18.330833333333327,13.86,9.8,12.28
38374,19,22,5,2011,17.793333333333333,12.96,8.99,11.4
38375,19,23,5,2011,17.575833333333335,13.37,8.84,11.28
38376,20,0,5,2011,17.44666666666667,12.95,8.03,10.64
38377,20,1,5,2011,16.953333333333333,14.36,9.04,11.88
38378,20,2,5,2011,16.69666666666667,9.45,5.22,7.18
38379,20,3,5,2011,17.334166666666665,21.42,15.21,19.01
38380,20,4,5,2011,18.25,17.12,12.63,15.72
38381,20,5,5,2011,18.05166666666667,15.09,10.04,12.94
38382,20,6,5,2011,17.6425,15.4,10.15,13.16
38383,20,7,5,2011,17.03166666666667,13.66,9.15,11.67
38384,20,8,5,2011,17.030833333333334,14.21,9.2,12.03
38385,20,9,5,2011,16.236666666666668,15.69,10.69,13.52
38386,20,10,5,2011,16.52166666666667,11.41,7.26,9.47
38387,20,11,5,2011,16.525833333333335,11.25,7.22,9.44
38388,20,12,5,2011,16.388333333333332,15.31,10.66,13.53
38389,20,13,5,2011,16.705833333333334,9.42,6.05,7.9
38390,20,14,5,2011,18.103333333333335,7.7,6.2,7.37
38391,20,15,5,2011,19.715,6.0,4.3500000000000005,5.39
38392,20,16,5,2011,19.193333333333335,6.5200000000000005,4.47,5.57
38393,20,17,5,2011,19.113333333333333,6.8500000000000005,5.08,6.22
38394,20,18,5,2011,19.2225,8.01,5.71,7.0600000000000005
38395,20,19,5,2011,19.8525,6.09,5.68,6.38
38396,20,20,5,2011,21.765,3.41,3.16,3.5700000000000003
38397,20,21,5,2011,22.230833333333333,10.42,7.55,9.31
38398,20,22,5,2011,23.834166666666665,10.02,7.0,8.89
38399,20,23,5,2011,24.374166666666667,10.16,7.01,8.96
38400,21,0,5,2011,22.224166666666672,9.69,3.52,6.43
38401,21,1,5,2011,20.895833333333336,11.43,6.55,8.88
38402,21,2,5,2011,19.856666666666666,7.6,3.54,5.46
38403,21,3,5,2011,19.246666666666666,3.3200000000000003,0.92,1.8
38404,21,4,5,2011,18.864166666666666,8.34,2.81,4.91
38405,21,5,5,2011,19.0475,9.03,4.13,6.21
38406,21,6,5,2011,18.4475,8.040000000000001,3.84,5.89
38407,21,7,5,2011,17.8775,9.77,4.46,6.83
38408,21,8,5,2011,17.915833333333335,11.51,5.3500000000000005,8.120000000000001
38409,21,9,5,2011,17.295,10.69,5.43,7.61
38410,21,10,5,2011,17.017500000000002,9.61,4.74,6.88
38411,21,11,5,2011,17.16583333333333,8.64,4.5600000000000005,6.3500000000000005
38412,21,12,5,2011,17.80916666666667,7.9300000000000015,4.18,5.93
38413,21,13,5,2011,18.297500000000003,5.98,3.6,4.46
38414,21,14,5,2011,19.075833333333335,6.41,4.64,5.78
38415,21,15,5,2011,20.338333333333335,8.05,6.05,7.36
38416,21,16,5,2011,20.32083333333333,8.77,6.73,8.120000000000001
38417,21,17,5,2011,20.9475,8.34,6.21,7.57
38418,21,18,5,2011,21.913333333333338,7.68,5.65,6.9
38419,21,19,5,2011,23.370833333333334,8.49,6.23,7.6400000000000015
38420,21,20,5,2011,24.519166666666663,9.07,6.6000000000000005,8.13
38421,21,21,5,2011,24.754166666666666,9.92,6.49,8.01
38422,21,22,5,2011,18.69333333333334,25.75,17.95,23.13
38423,21,23,5,2011,17.980833333333333,15.46,10.17,13.1
38424,22,0,5,2011,17.738333333333333,11.96,7.21,9.72
38425,22,1,5,2011,17.048333333333336,15.73,9.21,12.52
38426,22,2,5,2011,16.599166666666665,15.03,8.45,11.77
38427,22,3,5,2011,16.022499999999997,15.0,7.5,10.98
38428,22,4,5,2011,15.741666666666665,15.26,7.94,11.31
38429,22,5,5,2011,15.9275,14.37,7.03,10.49
38430,22,6,5,2011,15.579166666666666,13.98,6.99,10.3
38431,22,7,5,2011,16.18166666666667,15.5,7.3900000000000015,10.93
38432,22,8,5,2011,16.390833333333337,16.12,8.11,11.72
38433,22,9,5,2011,15.262500000000001,11.69,5.99,8.73
38434,22,10,5,2011,15.942500000000003,10.91,5.66,8.76
38435,22,11,5,2011,15.615833333333335,11.9,6.05,9.19
38436,22,12,5,2011,17.233333333333334,12.05,6.49,8.950000000000003
38437,22,13,5,2011,19.155833333333334,10.16,5.75,7.81
38438,22,14,5,2011,20.860833333333336,7.75,5.96,7.18
38439,22,15,5,2011,22.49416666666667,6.61,5.08,6.11
38440,22,16,5,2011,23.923333333333336,8.38,6.07,7.46
38441,22,17,5,2011,25.31583333333333,9.77,6.88,8.540000000000001
38442,22,18,5,2011,26.37666666666667,11.0,7.77,9.68
38443,22,19,5,2011,26.7025,10.76,7.62,9.45
38444,22,20,5,2011,27.320833333333336,11.92,8.33,10.46
38445,22,21,5,2011,27.780833333333334,12.05,8.3,10.52
38446,22,22,5,2011,27.849999999999998,12.64,8.57,10.97
38447,22,23,5,2011,27.39916666666667,11.82,7.65,9.84
38448,23,0,5,2011,25.84,11.71,5.97,8.46
38449,23,1,5,2011,23.2625,11.69,3.94,7.52
38450,23,2,5,2011,21.814999999999998,10.7,2.82,7.11
38451,23,3,5,2011,20.894166666666667,8.57,3.21,5.94
38452,23,4,5,2011,19.9275,8.07,4.01,5.95
38453,23,5,5,2011,18.9875,7.78,3.7,6.84
38454,23,6,5,2011,18.379166666666666,8.69,3.62,6.61
38455,23,7,5,2011,18.160833333333333,8.45,3.8,6.46
38456,23,8,5,2011,18.110833333333336,9.51,4.13,8.17
38457,23,9,5,2011,17.546666666666667,8.97,4.59,8.25
38458,23,10,5,2011,16.93,9.42,4.97,8.25
38459,23,11,5,2011,16.60166666666667,9.34,4.64,7.8900000000000015
38460,23,12,5,2011,16.678333333333335,8.15,3.85,6.3
38461,23,13,5,2011,18.3775,4.58,3.51,4.18
38462,23,14,5,2011,20.136666666666667,5.49,4.21,5.05
38463,23,15,5,2011,21.611666666666668,5.18,3.9,4.72
38464,23,16,5,2011,22.901666666666667,2.5,1.99,2.33
38465,23,17,5,2011,24.107499999999998,2.18,1.79,2.07
38466,23,18,5,2011,25.250833333333336,1.54,1.29,1.46
38467,23,19,5,2011,26.209166666666665,1.97,1.6,1.85
38468,23,20,5,2011,26.831666666666663,2.02,1.64,1.89
38469,23,21,5,2011,27.2525,1.32,1.16,1.29
38470,23,22,5,2011,27.42583333333333,2.6,2.28,2.59
38471,23,23,5,2011,27.194166666666664,4.17,3.22,3.91
38472,24,0,5,2011,26.205000000000002,4.68,3.08,4.05
38473,24,1,5,2011,23.92333333333333,5.75,2.15,4.7700000000000005
38474,24,2,5,2011,22.070000000000004,5.87,1.69,4.3100000000000005
38475,24,3,5,2011,21.2175,7.55,1.6,5.1000000000000005
38476,24,4,5,2011,19.955000000000002,8.1,5.16,7.55
38477,24,5,5,2011,18.87916666666667,12.82,6.17,9.09
38478,24,6,5,2011,18.19333333333333,9.04,4.93,7.16
38479,24,7,5,2011,17.11916666666667,7.42,3.73,5.7700000000000005
38480,24,8,5,2011,16.664166666666663,1.33,1.29,1.76
38481,24,9,5,2011,16.608333333333338,1.45,1.72,2.29
38482,24,10,5,2011,15.681666666666667,7.3900000000000015,4.44,6.73
38483,24,11,5,2011,15.103333333333333,9.39,5.01,7.03
38484,24,12,5,2011,17.025000000000002,7.01,3.66,5.13
38485,24,13,5,2011,19.260833333333334,4.3100000000000005,3.61,4.17
38486,24,14,5,2011,20.96333333333333,5.54,4.37,5.18
38487,24,15,5,2011,22.074166666666667,5.69,4.2700000000000005,5.14
38488,24,16,5,2011,23.185,6.44,4.86,5.87
38489,24,17,5,2011,24.120000000000005,7.51,5.72,6.88
38490,24,18,5,2011,25.348333333333333,6.75,5.18,6.2
38491,24,19,5,2011,25.0175,8.94,6.49,7.97
38492,24,20,5,2011,24.848333333333333,9.54,6.97,8.58
38493,24,21,5,2011,25.742500000000003,9.93,7.16,8.85
38494,24,22,5,2011,26.095000000000002,10.51,7.32,9.23
38495,24,23,5,2011,26.195833333333336,11.3,7.22,9.27
38496,25,0,5,2011,25.531666666666663,11.37,7.21,9.23
38497,25,1,5,2011,24.541666666666668,11.92,6.34,8.86
38498,25,2,5,2011,17.749166666666667,20.43,14.2,18.05
38499,25,3,5,2011,16.70583333333333,7.84,4.54,6.04
38500,25,4,5,2011,16.7625,5.68,3.52,4.63
38501,25,5,5,2011,16.72416666666667,5.5,3.45,4.5600000000000005
38502,25,6,5,2011,16.649166666666666,10.34,7.09,9.07
38503,25,7,5,2011,16.224166666666665,12.67,8.4,10.86
38504,25,8,5,2011,16.051666666666666,13.28,8.81,11.42
38505,25,9,5,2011,15.795,4.47,1.8,2.87
38506,25,10,5,2011,15.103333333333332,5.67,3.5500000000000003,5.22
38507,25,11,5,2011,15.118333333333334,7.9300000000000015,5.16,6.73
38508,25,12,5,2011,15.696666666666665,8.950000000000003,6.04,7.77
38509,25,13,5,2011,16.11416666666667,8.65,5.44,7.01
38510,25,14,5,2011,16.7225,8.75,6.3100000000000005,7.88
38511,25,15,5,2011,16.968333333333334,8.13,5.87,7.31
38512,25,16,5,2011,17.484166666666667,8.15,5.95,7.3900000000000015
38513,25,17,5,2011,18.765833333333337,8.38,6.33,7.7
38514,25,18,5,2011,19.710000000000004,9.06,6.76,8.25
38515,25,19,5,2011,21.325,8.1,6.04,7.3900000000000015
38516,25,20,5,2011,18.100833333333334,13.15,7.13,10.31
38517,25,21,5,2011,18.37,16.84,11.91,15.09
38518,25,22,5,2011,15.707499999999998,15.73,11.03,14.0
38519,25,23,5,2011,13.606666666666664,13.91,9.51,12.2
38520,26,0,5,2011,12.331666666666665,14.13,9.57,12.31
38521,26,1,5,2011,11.616666666666669,13.99,8.9,11.73
38522,26,2,5,2011,11.043333333333335,14.39,8.76,11.59
38523,26,3,5,2011,10.885,12.7,7.96,10.45
38524,26,4,5,2011,11.269166666666669,14.01,8.64,11.53
38525,26,5,5,2011,12.059166666666664,15.13,9.38,12.49
38526,26,6,5,2011,12.393333333333333,14.11,8.94,11.86
38527,26,7,5,2011,11.711666666666664,13.05,8.26,10.96
38528,26,8,5,2011,10.919166666666664,13.06,7.09,10.02
38529,26,9,5,2011,10.525833333333333,11.83,5.98,8.76
38530,26,10,5,2011,9.995000000000001,12.02,5.92,8.790000000000001
38531,26,11,5,2011,8.990833333333333,12.08,5.57,8.52
38532,26,12,5,2011,9.637500000000001,10.22,5.63,7.8
38533,26,13,5,2011,11.061666666666667,7.79,5.69,7.01
38534,26,14,5,2011,12.460833333333332,7.6400000000000015,5.62,6.92
38535,26,15,5,2011,13.745833333333332,7.17,5.29,6.48
38536,26,16,5,2011,14.954166666666666,6.84,5.12,6.21
38537,26,17,5,2011,16.250833333333336,6.5,4.88,5.9
38538,26,18,5,2011,17.281666666666666,6.0600000000000005,4.61,5.53
38539,26,19,5,2011,18.090833333333336,5.51,4.21,5.04
38540,26,20,5,2011,18.721666666666668,4.76,3.72,4.4
38541,26,21,5,2011,19.110000000000003,3.8,3.02,3.5500000000000003
38542,26,22,5,2011,19.257500000000004,4.34,3.45,4.08
38543,26,23,5,2011,19.000833333333336,5.1000000000000005,3.98,4.79
38544,27,0,5,2011,18.018333333333334,6.26,3.35,5.33
38545,27,1,5,2011,15.854166666666664,7.94,2.9,5.49
38546,27,2,5,2011,14.735000000000001,9.12,3.73,6.71
38547,27,3,5,2011,14.533333333333333,10.13,4.23,7.09
38548,27,4,5,2011,14.0675,10.1,4.04,6.8900000000000015
38549,27,5,5,2011,13.775833333333331,10.35,4.5600000000000005,7.19
38550,27,6,5,2011,13.255,11.19,4.7700000000000005,7.63
38551,27,7,5,2011,12.624166666666667,11.98,5.1000000000000005,7.92
38552,27,8,5,2011,11.89,12.13,5.3100000000000005,8.25
38553,27,9,5,2011,10.715000000000002,11.63,3.99,7.18
38554,27,10,5,2011,11.452499999999999,12.96,8.290000000000001,10.75
38555,27,11,5,2011,12.3125,12.81,8.120000000000001,10.61
38556,27,12,5,2011,12.265833333333333,8.75,5.51,6.96
38557,27,13,5,2011,12.7525,8.41,6.22,7.6
38558,27,14,5,2011,14.181666666666667,8.48,6.26,7.6400000000000015
38559,27,15,5,2011,15.739166666666668,8.66,6.3900000000000015,7.8
38560,27,16,5,2011,17.105833333333337,8.76,6.51,7.88
38561,27,17,5,2011,18.333333333333332,8.49,6.28,7.62
38562,27,18,5,2011,18.34916666666667,8.38,5.97,7.41
38563,27,19,5,2011,18.605,8.47,6.08,7.54
38564,27,20,5,2011,18.855833333333333,7.84,5.71,6.99
38565,27,21,5,2011,19.400833333333335,7.04,5.15,6.3100000000000005
38566,27,22,5,2011,19.69583333333333,7.66,5.5600000000000005,6.86
38567,27,23,5,2011,19.3325,7.1000000000000005,5.07,6.3
38568,28,0,5,2011,19.138333333333332,7.08,4.98,6.18
38569,28,1,5,2011,17.38,8.34,3.53,6.44
38570,28,2,5,2011,16.070833333333333,8.21,3.63,6.3100000000000005
38571,28,3,5,2011,15.504166666666668,8.82,4.0,6.7700000000000005
38572,28,4,5,2011,14.973333333333331,8.74,4.36,7.0600000000000005
38573,28,5,5,2011,14.560833333333333,7.3,4.2700000000000005,6.86
38574,28,6,5,2011,14.504166666666665,6.45,4.18,6.55
38575,28,7,5,2011,14.796666666666667,6.91,4.54,6.7700000000000005
38576,28,8,5,2011,14.893333333333333,4.19,3.09,5.14
38577,28,9,5,2011,15.368333333333332,2.13,2.43,2.35
38578,28,10,5,2011,13.879166666666668,3.2,1.54,2.76
38579,28,11,5,2011,13.224166666666669,3.35,2.42,3.3000000000000003
38580,28,12,5,2011,14.423333333333334,4.22,2.21,3.67
38581,28,13,5,2011,15.96,3.54,2.14,2.42
38582,28,14,5,2011,16.567500000000003,3.24,2.94,3.23
38583,28,15,5,2011,17.2225,4.34,3.47,4.0600000000000005
38584,28,16,5,2011,19.32416666666667,6.2,4.75,5.65
38585,28,17,5,2011,20.486666666666668,6.6000000000000005,5.19,6.1400000000000015
38586,28,18,5,2011,21.200833333333332,6.91,5.36,6.37
38587,28,19,5,2011,21.52666666666667,6.86,5.3500000000000005,6.33
38588,28,20,5,2011,21.588333333333335,7.51,5.61,6.87
38589,28,21,5,2011,21.420000000000005,6.91,4.98,6.22
38590,28,22,5,2011,21.483333333333334,8.06,6.16,7.45
38591,28,23,5,2011,20.714166666666664,6.8500000000000005,4.19,5.34
38592,29,0,5,2011,19.94333333333333,6.93,2.72,4.53
38593,29,1,5,2011,19.354166666666668,9.27,3.89,6.07
38594,29,2,5,2011,17.82,9.53,2.84,6.17
38595,29,3,5,2011,16.793333333333333,10.05,2.52,6.24
38596,29,4,5,2011,15.735833333333332,10.04,2.58,6.11
38597,29,5,5,2011,15.207500000000001,9.83,3.08,6.1400000000000015
38598,29,6,5,2011,15.264166666666663,9.56,4.66,6.45
38599,29,7,5,2011,15.628333333333336,8.03,4.5,6.04
38600,29,8,5,2011,16.16333333333333,8.43,4.88,6.75
38601,29,9,5,2011,16.327500000000004,6.72,4.08,5.34
38602,29,10,5,2011,16.56833333333333,7.49,4.29,5.76
38603,29,11,5,2011,16.942500000000003,8.42,5.19,6.8100000000000005
38604,29,12,5,2011,17.644166666666667,8.75,5.32,7.26
38605,29,13,5,2011,19.675833333333337,8.83,6.5200000000000005,7.98
38606,29,14,5,2011,22.1275,10.99,7.98,9.86
38607,29,15,5,2011,24.111666666666665,11.51,8.32,10.32
38608,29,16,5,2011,25.796666666666667,11.32,8.13,10.04
38609,29,17,5,2011,27.6075,12.33,8.74,10.9
38610,29,18,5,2011,28.797500000000003,13.31,9.41,11.77
38611,29,19,5,2011,29.5475,13.82,9.81,12.33
38612,29,20,5,2011,30.301666666666662,15.05,10.65,13.39
38613,29,21,5,2011,30.708333333333332,15.34,10.73,13.56
38614,29,22,5,2011,30.635000000000005,15.66,10.91,13.86
38615,29,23,5,2011,29.938333333333336,15.81,10.81,13.85
38616,30,0,5,2011,28.60416666666667,15.93,9.79,12.88
38617,30,1,5,2011,27.08916666666667,17.740000000000006,10.02,13.87
38618,30,2,5,2011,26.03666666666666,17.23,9.77,13.48
38619,30,3,5,2011,25.221666666666664,17.86,10.39,14.13
38620,30,4,5,2011,24.9475,18.14,10.57,14.38
38621,30,5,5,2011,24.313333333333333,16.73,9.52,13.09
38622,30,6,5,2011,24.022499999999997,17.7,10.23,13.95
38623,30,7,5,2011,23.875833333333333,17.94,10.43,14.2
38624,30,8,5,2011,23.605,17.55,9.97,13.68
38625,30,9,5,2011,23.570000000000004,18.22,10.57,14.4
38626,30,10,5,2011,23.49666666666667,18.47,10.76,14.66
38627,30,11,5,2011,23.3125,18.59,10.89,14.75
38628,30,12,5,2011,23.70416666666667,18.92,12.18,15.88
38629,30,13,5,2011,24.546666666666667,18.76,12.1,15.77
38630,30,14,5,2011,25.076666666666668,18.3,12.72,16.15
38631,30,15,5,2011,25.676666666666666,17.95,12.56,15.86
38632,30,16,5,2011,26.337499999999995,16.34,11.43,14.36
38633,30,17,5,2011,26.339166666666667,16.61,11.75,14.78
38634,30,18,5,2011,27.020833333333332,16.65,11.68,14.7
38635,30,19,5,2011,28.299166666666668,16.71,11.63,14.71
38636,30,20,5,2011,28.62166666666667,16.53,11.31,14.31
38637,30,21,5,2011,28.772500000000004,18.33,12.56,15.97
38638,30,22,5,2011,28.321666666666662,19.36,13.39,17.05
38639,30,23,5,2011,27.69333333333334,19.41,13.31,16.97
38640,31,0,5,2011,27.015833333333337,19.12,12.59,16.38
38641,31,1,5,2011,26.10083333333333,18.09,11.08,14.86
38642,31,2,5,2011,25.604166666666668,18.02,10.8,14.51
38643,31,3,5,2011,25.264999999999997,18.17,10.94,14.7
38644,31,4,5,2011,24.845833333333335,17.21,10.25,13.77
38645,31,5,5,2011,24.47666666666667,16.4,9.48,12.92
38646,31,6,5,2011,24.224999999999998,15.84,8.94,12.34
38647,31,7,5,2011,24.025000000000002,16.25,9.34,12.82
38648,31,8,5,2011,22.68916666666667,16.59,9.81,13.13
38649,31,9,5,2011,20.8725,16.65,10.04,13.56
38650,31,10,5,2011,19.815833333333334,11.25,6.91,9.21
38651,31,11,5,2011,18.75166666666667,9.59,5.01,7.49
38652,31,12,5,2011,19.160833333333333,7.84,4.8500000000000005,5.92
38653,31,13,5,2011,20.4175,7.33,5.14,6.21
38654,31,14,5,2011,21.954166666666666,7.34,5.26,6.49
38655,31,15,5,2011,22.925833333333333,8.36,6.0200000000000005,7.41
38656,31,16,5,2011,24.520833333333332,7.57,5.5200000000000005,6.74
38657,31,17,5,2011,25.787500000000005,7.62,5.62,6.84
38658,31,18,5,2011,26.24083333333333,6.9,5.11,6.18
38659,31,19,5,2011,26.770833333333332,6.65,5.04,6.05
38660,31,20,5,2011,27.356666666666673,6.24,4.57,5.54
38661,31,21,5,2011,27.637500000000003,6.11,4.54,5.51
38662,31,22,5,2011,27.775833333333328,6.63,4.99,6.03
38663,31,23,5,2011,27.60833333333333,6.04,4.29,5.38
38664,1,0,6,2011,26.515833333333333,6.74,3.56,5.33
38665,1,1,6,2011,24.121666666666666,5.66,2.32,4.45
38666,1,2,6,2011,22.56083333333333,5.13,2.47,4.53
38667,1,3,6,2011,21.58666666666667,4.84,2.58,4.17
38668,1,4,6,2011,20.763333333333332,3.87,2.29,3.66
38669,1,5,6,2011,19.999999999999996,2.73,2.34,3.0700000000000003
38670,1,6,6,2011,19.294999999999998,1.95,1.96,2.32
38671,1,7,6,2011,18.68583333333333,2.11,2.24,2.78
38672,1,8,6,2011,18.227499999999996,3.46,2.84,3.88
38673,1,9,6,2011,18.05333333333333,4.0600000000000005,2.99,4.38
38674,1,10,6,2011,18.111666666666668,4.12,2.86,4.23
38675,1,11,6,2011,17.683333333333334,3.97,2.19,3.63
38676,1,12,6,2011,17.025,2.83,1.38,1.94
38677,1,13,6,2011,18.28166666666667,3.29,1.73,1.83
38678,1,14,6,2011,20.921666666666667,3.22,2.56,2.99
38679,1,15,6,2011,23.900000000000002,5.34,3.99,4.8100000000000005
38680,1,16,6,2011,26.034999999999997,6.58,4.93,5.96
38681,1,17,6,2011,27.195833333333336,7.43,5.49,6.68
38682,1,18,6,2011,28.151666666666667,7.31,5.4,6.57
38683,1,19,6,2011,28.74666666666667,8.63,6.3100000000000005,7.7
38684,1,20,6,2011,29.22083333333333,9.59,7.01,8.61
38685,1,21,6,2011,29.341666666666672,10.32,7.44,9.2
38686,1,22,6,2011,29.22666666666667,10.58,7.56,9.43
38687,1,23,6,2011,28.825833333333332,10.76,7.57,9.53
38688,2,0,6,2011,27.772499999999997,10.97,7.5,9.58
38689,2,1,6,2011,25.528333333333336,10.54,4.67,7.43
38690,2,2,6,2011,24.7075,12.34,6.3100000000000005,9.2
38691,2,3,6,2011,24.194999999999997,12.67,7.24,9.92
38692,2,4,6,2011,24.201666666666668,13.24,7.7,10.56
38693,2,5,6,2011,24.013333333333335,13.33,7.87,10.61
38694,2,6,6,2011,23.699166666666667,11.84,6.92,9.41
38695,2,7,6,2011,22.482499999999998,11.74,6.94,9.23
38696,2,8,6,2011,21.474166666666665,10.44,6.12,8.43
38697,2,9,6,2011,21.142500000000002,10.84,6.97,9.21
38698,2,10,6,2011,20.352499999999996,10.02,6.42,8.44
38699,2,11,6,2011,20.256666666666664,8.31,3.54,5.23
38700,2,12,6,2011,22.011666666666667,9.43,4.82,6.5
38701,2,13,6,2011,23.977499999999996,9.48,6.72,8.370000000000001
38702,2,14,6,2011,25.26,11.05,7.95,9.87
38703,2,15,6,2011,26.476666666666674,10.93,7.88,9.76
38704,2,16,6,2011,27.205,10.55,7.68,9.44
38705,2,17,6,2011,28.831666666666667,10.9,7.82,9.7
38706,2,18,6,2011,30.060833333333335,12.12,8.700000000000001,10.8
38707,2,19,6,2011,31.200833333333332,12.03,8.51,10.59
38708,2,20,6,2011,31.89333333333333,13.6,9.69,12.11
38709,2,21,6,2011,32.442499999999995,13.13,9.18,11.52
38710,2,22,6,2011,32.19916666666666,14.79,10.32,13.08
38711,2,23,6,2011,31.686666666666667,14.61,10.14,12.91
38712,3,0,6,2011,30.46583333333334,14.03,8.47,11.46
38713,3,1,6,2011,28.367500000000003,14.25,6.46,9.96
38714,3,2,6,2011,27.731666666666666,15.46,8.31,11.79
38715,3,3,6,2011,27.090833333333336,15.78,8.66,12.15
38716,3,4,6,2011,26.597499999999997,16.81,9.72,13.28
38717,3,5,6,2011,26.278333333333336,18.29,10.86,14.7
38718,3,6,6,2011,25.540000000000003,17.32,10.25,13.88
38719,3,7,6,2011,25.376666666666665,16.5,9.47,12.94
38720,3,8,6,2011,25.06583333333334,16.05,9.08,12.47
38721,3,9,6,2011,24.706666666666667,16.79,9.73,13.24
38722,3,10,6,2011,24.131666666666664,16.330000000000002,9.37,12.82
38723,3,11,6,2011,24.719166666666666,16.830000000000002,9.95,13.42
38724,3,12,6,2011,25.499166666666667,16.86,10.87,14.14
38725,3,13,6,2011,26.98333333333333,15.03,9.78,12.41
38726,3,14,6,2011,28.213333333333328,15.37,10.9,13.73
38727,3,15,6,2011,29.935833333333335,15.73,11.23,14.13
38728,3,16,6,2011,30.993333333333336,15.47,10.98,13.84
38729,3,17,6,2011,31.99666666666666,15.37,10.83,13.66
38730,3,18,6,2011,32.814166666666665,15.77,11.08,14.01
38731,3,19,6,2011,33.59499999999999,15.26,10.72,13.48
38732,3,20,6,2011,34.042500000000004,14.31,10.0,12.59
38733,3,21,6,2011,34.27916666666667,14.41,9.99,12.63
38734,3,22,6,2011,34.218333333333334,14.55,10.04,12.76
38735,3,23,6,2011,33.84333333333333,14.4,9.85,12.61
38736,4,0,6,2011,32.26583333333333,12.63,6.03,8.91
38737,4,1,6,2011,30.310000000000002,13.85,6.21,9.91
38738,4,2,6,2011,29.709166666666665,16.42,8.290000000000001,11.97
38739,4,3,6,2011,28.864166666666666,15.92,8.25,11.88
38740,4,4,6,2011,28.100833333333327,15.96,8.48,12.02
38741,4,5,6,2011,27.6425,14.95,7.5,10.9
38742,4,6,6,2011,26.84833333333333,14.5,7.25,10.33
38743,4,7,6,2011,26.565833333333334,13.61,8.0,10.78
38744,4,8,6,2011,26.80666666666666,14.11,8.11,11.1
38745,4,9,6,2011,26.01,13.07,7.46,10.26
38746,4,10,6,2011,25.747500000000002,11.25,5.93,8.52
38747,4,11,6,2011,26.014166666666668,11.47,5.93,8.55
38748,4,12,6,2011,25.830000000000002,9.99,4.47,7.0200000000000005
38749,4,13,6,2011,26.715833333333325,8.0,4.5,6.24
38750,4,14,6,2011,28.099166666666665,5.71,4.04,5.0
38751,4,15,6,2011,29.631666666666664,4.47,3.18,3.89
38752,4,16,6,2011,31.403333333333336,8.21,5.82,7.22
38753,4,17,6,2011,31.737500000000008,9.95,7.13,8.86
38754,4,18,6,2011,30.679166666666664,9.66,6.8900000000000015,8.620000000000001
38755,4,19,6,2011,30.311666666666664,4.49,3.51,4.15
38756,4,20,6,2011,32.675000000000004,5.49,4.23,5.04
38757,4,21,6,2011,33.66583333333333,4.63,3.45,4.17
38758,4,22,6,2011,34.00333333333334,6.19,4.24,5.37
38759,4,23,6,2011,33.8075,6.67,4.76,5.95
38760,5,0,6,2011,32.87833333333334,8.61,3.38,6.3100000000000005
38761,5,1,6,2011,30.868333333333336,6.29,3.23,5.94
38762,5,2,6,2011,29.233333333333334,6.24,3.22,5.94
38763,5,3,6,2011,28.136666666666667,6.46,3.31,5.84
38764,5,4,6,2011,27.564166666666676,5.7700000000000005,4.3100000000000005,6.42
38765,5,5,6,2011,26.424999999999997,8.53,4.7,7.46
38766,5,6,6,2011,26.601666666666663,10.47,4.99,7.98
38767,5,7,6,2011,25.285,11.05,5.5,8.41
38768,5,8,6,2011,23.900000000000002,11.58,5.34,8.42
38769,5,9,6,2011,23.584166666666665,8.73,4.5600000000000005,7.79
38770,5,10,6,2011,22.614166666666666,7.87,3.5700000000000003,6.69
38771,5,11,6,2011,22.128333333333334,7.63,2.8000000000000003,5.54
38772,5,12,6,2011,23.665000000000006,6.2700000000000005,2.35,4.46
38773,5,13,6,2011,24.159166666666664,2.2,2.44,2.6
38774,5,14,6,2011,26.27416666666667,2.03,1.79,2.01
38775,5,15,6,2011,28.956666666666667,4.69,3.47,4.2
38776,5,16,6,2011,30.921666666666663,6.8500000000000005,5.0200000000000005,6.13
38777,5,17,6,2011,32.19416666666667,6.95,5.05,6.19
38778,5,18,6,2011,33.217499999999994,7.95,5.78,7.1000000000000005
38779,5,19,6,2011,34.09416666666667,8.3,6.0200000000000005,7.41
38780,5,20,6,2011,34.751666666666665,8.73,6.3,7.78
38781,5,21,6,2011,35.01083333333334,8.620000000000001,6.24,7.71
38782,5,22,6,2011,34.84333333333333,8.81,6.28,7.86
38783,5,23,6,2011,34.346666666666664,8.72,6.05,7.74
38784,6,0,6,2011,32.748333333333335,9.84,5.1000000000000005,7.2
38785,6,1,6,2011,30.00166666666667,11.97,4.97,8.8
38786,6,2,6,2011,29.0775,13.16,5.5600000000000005,9.42
38787,6,3,6,2011,28.3025,14.37,6.26,10.09
38788,6,4,6,2011,27.34166666666667,15.51,6.86,10.67
38789,6,5,6,2011,26.40333333333334,15.87,7.1400000000000015,10.87
38790,6,6,6,2011,26.097499999999997,15.92,6.97,10.77
38791,6,7,6,2011,24.944999999999997,15.34,6.44,10.2
38792,6,8,6,2011,23.396666666666665,15.8,6.95,10.57
38793,6,9,6,2011,22.957499999999996,15.84,6.94,10.69
38794,6,10,6,2011,22.55666666666666,15.68,7.11,10.82
38795,6,11,6,2011,22.3175,15.94,8.34,11.62
38796,6,12,6,2011,23.787499999999998,15.14,8.64,11.49
38797,6,13,6,2011,25.595833333333335,12.83,7.75,10.1
38798,6,14,6,2011,27.506666666666664,10.5,7.85,9.6
38799,6,15,6,2011,29.290833333333328,10.43,7.79,9.53
38800,6,16,6,2011,31.278333333333332,9.42,7.03,8.58
38801,6,17,6,2011,32.932500000000005,9.56,7.0,8.61
38802,6,18,6,2011,34.28416666666667,9.53,6.95,8.55
38803,6,19,6,2011,35.38,9.82,7.07,8.76
38804,6,20,6,2011,35.852500000000006,10.09,7.26,9.01
38805,6,21,6,2011,35.8525,10.33,7.29,9.15
38806,6,22,6,2011,35.70083333333333,10.89,7.54,9.59
38807,6,23,6,2011,35.18666666666667,10.86,7.5,9.59
38808,7,0,6,2011,33.51333333333334,12.12,5.67,8.620000000000001
38809,7,1,6,2011,30.948333333333334,14.07,5.59,9.49
38810,7,2,6,2011,29.535,14.64,6.37,10.2
38811,7,3,6,2011,28.313333333333336,15.82,7.71,11.37
38812,7,4,6,2011,27.528333333333332,16.38,8.27,11.97
38813,7,5,6,2011,26.86666666666667,16.47,8.53,12.17
38814,7,6,6,2011,26.22583333333333,16.830000000000002,8.950000000000003,12.65
38815,7,7,6,2011,25.807499999999994,16.31,8.71,12.31
38816,7,8,6,2011,25.150833333333335,15.74,8.24,11.74
38817,7,9,6,2011,24.455833333333334,14.16,6.8500000000000005,10.1
38818,7,10,6,2011,24.087500000000002,14.16,6.54,9.85
38819,7,11,6,2011,23.590833333333336,14.7,7.29,10.44
38820,7,12,6,2011,24.92,14.61,8.68,11.55
38821,7,13,6,2011,26.49416666666667,11.99,8.33,10.5
38822,7,14,6,2011,27.622500000000002,12.84,9.11,11.4
38823,7,15,6,2011,29.253333333333334,13.83,9.75,12.23
38824,7,16,6,2011,30.62166666666667,13.46,9.52,11.9
38825,7,17,6,2011,31.835833333333337,15.24,10.75,13.48
38826,7,18,6,2011,33.02083333333333,15.1,10.63,13.34
38827,7,19,6,2011,34.0425,15.88,11.06,13.92
38828,7,20,6,2011,34.352500000000006,16.17,11.26,14.22
38829,7,21,6,2011,34.45166666666667,16.39,11.32,14.36
38830,7,22,6,2011,34.18583333333334,16.52,11.37,14.47
38831,7,23,6,2011,33.66166666666667,16.11,10.94,14.02
38832,8,0,6,2011,32.54333333333333,14.59,9.68,12.53
38833,8,1,6,2011,30.704166666666666,14.35,7.32,10.62
38834,8,2,6,2011,29.758333333333336,15.53,8.69,12.09
38835,8,3,6,2011,28.696666666666662,15.85,8.97,12.38
38836,8,4,6,2011,27.8775,16.17,9.12,12.59
38837,8,5,6,2011,27.18916666666667,16.2,9.05,12.5
38838,8,6,6,2011,26.74416666666667,16.22,9.09,12.53
38839,8,7,6,2011,26.2025,15.2,8.39,11.64
38840,8,8,6,2011,25.9475,15.49,8.46,11.8
38841,8,9,6,2011,25.787499999999998,15.8,8.85,12.24
38842,8,10,6,2011,25.37166666666667,15.68,8.83,12.21
38843,8,11,6,2011,24.92916666666667,15.0,8.36,11.43
38844,8,12,6,2011,25.86333333333333,14.81,9.14,12.1
38845,8,13,6,2011,27.406666666666663,11.23,7.96,9.94
38846,8,14,6,2011,28.712500000000006,10.89,7.75,9.63
38847,8,15,6,2011,30.262500000000003,9.38,6.66,8.27
38848,8,16,6,2011,31.215,8.57,6.23,7.66
38849,8,17,6,2011,32.000833333333325,7.3900000000000015,5.44,6.63
38850,8,18,6,2011,32.74166666666667,6.79,5.04,6.11
38851,8,19,6,2011,33.45666666666667,6.08,4.5,5.44
38852,8,20,6,2011,33.89,6.05,4.32,5.37
38853,8,21,6,2011,34.21,6.03,4.29,5.34
38854,8,22,6,2011,34.44499999999999,6.09,4.58,5.57
38855,8,23,6,2011,34.29083333333333,5.86,3.9,4.9
38856,9,0,6,2011,32.30083333333334,8.22,4.2700000000000005,6.46
38857,9,1,6,2011,29.72083333333333,13.95,10.63,13.07
38858,9,2,6,2011,26.464166666666667,11.71,9.79,11.61
38859,9,3,6,2011,23.5725,8.84,6.21,7.85
38860,9,4,6,2011,23.755,11.62,5.61,7.62
38861,9,5,6,2011,23.749166666666667,6.04,3.5700000000000003,5.1000000000000005
38862,9,6,6,2011,22.28333333333333,7.09,4.53,6.03
38863,9,7,6,2011,21.28833333333333,10.35,5.91,8.11
38864,9,8,6,2011,20.801666666666666,8.35,5.08,6.84
38865,9,9,6,2011,20.510833333333334,8.74,4.69,6.61
38866,9,10,6,2011,19.725833333333334,9.96,5.33,7.79
38867,9,11,6,2011,18.7475,7.85,5.0200000000000005,6.4
38868,9,12,6,2011,18.058333333333334,7.43,5.2700000000000005,6.37
38869,9,13,6,2011,18.904166666666665,6.57,5.23,6.19
38870,9,14,6,2011,20.621666666666666,6.0200000000000005,4.8,5.66
38871,9,15,6,2011,22.816666666666666,6.44,5.13,6.05
38872,9,16,6,2011,25.846666666666668,6.63,5.1000000000000005,6.07
38873,9,17,6,2011,27.82166666666667,8.64,6.3900000000000015,7.79
38874,9,18,6,2011,28.462500000000002,9.12,6.79,8.24
38875,9,19,6,2011,28.435833333333335,10.11,7.28,9.05
38876,9,20,6,2011,28.75,10.64,7.51,9.48
38877,9,21,6,2011,29.210833333333326,10.38,7.54,9.28
38878,9,22,6,2011,26.144166666666667,9.07,7.17,8.34
38879,9,23,6,2011,23.74333333333333,18.1,12.5,16.07
38880,10,0,6,2011,20.195,11.67,7.42,9.3
38881,10,1,6,2011,19.320833333333333,13.81,8.99,11.69
38882,10,2,6,2011,20.684999999999995,11.96,6.1000000000000005,8.77
38883,10,3,6,2011,19.988333333333333,12.54,7.7,10.28
38884,10,4,6,2011,19.3325,9.64,5.1000000000000005,7.26
38885,10,5,6,2011,19.070833333333336,6.5200000000000005,3.42,5.43
38886,10,6,6,2011,18.708333333333332,6.47,3.39,5.09
38887,10,7,6,2011,17.2925,6.44,2.99,5.04
38888,10,8,6,2011,16.742500000000003,7.79,3.8,5.78
38889,10,9,6,2011,16.484166666666667,7.87,4.0,5.98
38890,10,10,6,2011,16.153333333333332,8.03,3.87,5.82
38891,10,11,6,2011,16.285,7.77,4.17,5.46
38892,10,12,6,2011,16.586666666666666,7.27,4.47,5.62
38893,10,13,6,2011,17.247500000000002,11.7,6.74,9.1
38894,10,14,6,2011,16.925,9.63,5.62,8.15
38895,10,15,6,2011,19.595000000000002,6.2,4.99,5.83
38896,10,16,6,2011,19.760833333333334,9.24,7.21,8.65
38897,10,17,6,2011,20.93916666666667,6.6000000000000005,5.26,6.22
38898,10,18,6,2011,21.844166666666666,5.88,4.64,5.49
38899,10,19,6,2011,22.859166666666667,5.23,4.05,4.82
38900,10,20,6,2011,23.50583333333333,6.41,5.0200000000000005,5.98
38901,10,21,6,2011,23.795833333333334,7.26,5.5200000000000005,6.65
38902,10,22,6,2011,23.6575,7.86,6.04,7.3
38903,10,23,6,2011,23.25333333333334,6.75,5.01,6.11
38904,11,0,6,2011,22.918333333333333,8.25,5.14,6.88
38905,11,1,6,2011,21.3575,9.54,5.97,8.040000000000001
38906,11,2,6,2011,19.721666666666664,9.38,3.93,6.47
38907,11,3,6,2011,18.75166666666667,10.54,4.6000000000000005,7.28
38908,11,4,6,2011,17.668333333333333,10.38,4.28,7.25
38909,11,5,6,2011,16.454166666666666,9.73,3.43,6.57
38910,11,6,6,2011,15.859166666666667,9.38,4.28,7.29
38911,11,7,6,2011,15.3225,8.790000000000001,4.16,6.8500000000000005
38912,11,8,6,2011,14.606666666666664,8.950000000000003,4.14,6.69
38913,11,9,6,2011,13.812500000000005,8.22,3.0,5.8100000000000005
38914,11,10,6,2011,13.572500000000003,7.56,3.34,5.83
38915,11,11,6,2011,13.367500000000001,8.370000000000001,4.0,6.3500000000000005
38916,11,12,6,2011,14.0375,6.7,3.61,4.54
38917,11,13,6,2011,15.664166666666667,4.98,3.81,4.5600000000000005
38918,11,14,6,2011,17.426666666666666,5.84,4.47,5.37
38919,11,15,6,2011,19.03333333333333,5.9,4.54,5.42
38920,11,16,6,2011,20.37666666666667,5.42,4.18,4.98
38921,11,17,6,2011,21.565,4.34,3.43,4.03
38922,11,18,6,2011,22.686666666666667,4.7,3.72,4.37
38923,11,19,6,2011,23.584999999999997,4.75,3.76,4.43
38924,11,20,6,2011,24.350000000000005,4.23,3.36,3.94
38925,11,21,6,2011,24.918333333333333,3.04,2.46,2.86
38926,11,22,6,2011,25.214166666666667,2.93,2.41,2.78
38927,11,23,6,2011,25.22583333333333,3.49,2.87,3.33
38928,12,0,6,2011,24.911666666666672,2.44,1.72,2.44
38929,12,1,6,2011,23.034999999999997,4.11,1.6,3.15
38930,12,2,6,2011,21.081666666666667,7.1000000000000005,2.27,4.98
38931,12,3,6,2011,19.7175,8.47,2.61,6.2700000000000005
38932,12,4,6,2011,19.58583333333333,12.01,5.12,8.24
38933,12,5,6,2011,19.708333333333332,11.58,5.36,8.36
38934,12,6,6,2011,19.25916666666667,10.33,4.3,7.15
38935,12,7,6,2011,18.933333333333337,9.61,3.87,6.4
38936,12,8,6,2011,18.51666666666667,7.99,3.87,5.89
38937,12,9,6,2011,18.731666666666666,7.74,4.7700000000000005,6.51
38938,12,10,6,2011,18.800833333333333,12.56,8.32,10.75
38939,12,11,6,2011,18.380833333333335,13.93,9.37,12.03
38940,12,12,6,2011,18.1075,6.69,5.11,6.16
38941,12,13,6,2011,18.790833333333335,6.68,5.08,6.13
38942,12,14,6,2011,19.580833333333334,7.62,5.75,6.96
38943,12,15,6,2011,20.824166666666663,6.8100000000000005,5.12,6.19
38944,12,16,6,2011,22.10083333333333,6.2,4.76,5.69
38945,12,17,6,2011,23.174166666666668,6.43,4.98,5.93
38946,12,18,6,2011,23.781666666666666,5.91,4.53,5.47
38947,12,19,6,2011,23.5025,10.31,7.55,9.28
38948,12,20,6,2011,24.587500000000002,12.24,9.23,11.39
38949,12,21,6,2011,23.31583333333333,9.24,7.03,8.55
38950,12,22,6,2011,22.91083333333333,6.0,4.53,5.49
38951,12,23,6,2011,22.5475,6.12,4.0600000000000005,5.09
38952,13,0,6,2011,21.757499999999997,7.8,4.04,5.83
38953,13,1,6,2011,21.89,9.98,4.9,7.27
38954,13,2,6,2011,21.2775,10.2,4.47,7.05
38955,13,3,6,2011,20.550833333333333,11.06,4.7700000000000005,7.45
38956,13,4,6,2011,20.342499999999998,10.81,4.41,7.1400000000000015
38957,13,5,6,2011,20.334999999999997,11.55,5.21,8.0
38958,13,6,6,2011,20.475833333333334,14.06,8.72,11.61
38959,13,7,6,2011,20.671666666666667,18.31,12.67,16.43
38960,13,8,6,2011,19.811666666666667,7.17,3.47,4.75
38961,13,9,6,2011,19.074166666666667,2.47,1.86,2.3000000000000003
38962,13,10,6,2011,18.614166666666662,5.8100000000000005,3.18,5.07
38963,13,11,6,2011,18.090833333333336,8.65,4.62,6.41
38964,13,12,6,2011,19.474166666666665,9.43,5.93,7.88
38965,13,13,6,2011,20.769166666666667,6.82,4.99,6.0600000000000005
38966,13,14,6,2011,19.75916666666667,12.5,9.22,11.43
38967,13,15,6,2011,20.17833333333333,12.25,9.07,11.14
38968,13,16,6,2011,21.74,13.48,9.96,12.22
38969,13,17,6,2011,23.30333333333333,13.55,9.99,12.25
38970,13,18,6,2011,25.09833333333334,13.21,9.59,11.83
38971,13,19,6,2011,26.08583333333333,13.15,9.49,11.75
38972,13,20,6,2011,26.76,13.71,9.88,12.26
38973,13,21,6,2011,26.709166666666665,13.01,9.39,11.63
38974,13,22,6,2011,26.27,12.31,8.77,10.86
38975,13,23,6,2011,26.168333333333333,12.01,8.67,10.74
38976,14,0,6,2011,26.102499999999996,12.02,8.53,10.68
38977,14,1,6,2011,24.773333333333337,11.34,6.8100000000000005,8.93
38978,14,2,6,2011,23.74166666666667,12.68,7.95,10.49
38979,14,3,6,2011,22.444166666666664,10.67,5.73,8.1
38980,14,4,6,2011,21.673333333333332,10.91,5.75,8.19
38981,14,5,6,2011,20.97,12.74,6.76,9.65
38982,14,6,6,2011,20.55333333333333,13.64,7.72,10.68
38983,14,7,6,2011,19.668333333333333,10.67,6.8500000000000005,8.74
38984,14,8,6,2011,18.805000000000003,12.21,7.09,9.65
38985,14,9,6,2011,18.375,14.57,8.92,12.02
38986,14,10,6,2011,18.065833333333334,13.41,7.71,10.57
38987,14,11,6,2011,17.77416666666667,10.66,5.66,7.95
38988,14,12,6,2011,18.93416666666667,10.09,6.18,7.82
38989,14,13,6,2011,21.382499999999997,8.22,6.2,7.51
38990,14,14,6,2011,23.63166666666667,7.44,5.6000000000000005,6.78
38991,14,15,6,2011,25.409166666666668,7.62,5.74,6.94
38992,14,16,6,2011,27.189166666666665,7.01,5.23,6.33
38993,14,17,6,2011,28.58666666666667,5.8500000000000005,4.39,5.29
38994,14,18,6,2011,29.614166666666673,4.84,3.72,4.43
38995,14,19,6,2011,30.46583333333334,3.87,3.0,3.5500000000000003
38996,14,20,6,2011,31.435,2.86,2.42,2.76
38997,14,21,6,2011,31.732500000000005,5.64,3.99,5.16
38998,14,22,6,2011,30.775833333333335,8.19,6.19,7.51
38999,14,23,6,2011,30.0725,9.7,7.25,8.91
39000,15,0,6,2011,28.89833333333333,9.93,6.7,8.6
39001,15,1,6,2011,27.18833333333333,12.66,8.01,10.55
39002,15,2,6,2011,25.130833333333328,13.13,7.59,10.38
39003,15,3,6,2011,21.882499999999997,12.27,7.11,9.74
39004,15,4,6,2011,19.88333333333333,11.73,6.65,9.19
39005,15,5,6,2011,19.224166666666665,10.6,5.37,7.79
39006,15,6,6,2011,18.700833333333332,12.08,6.33,8.96
39007,15,7,6,2011,18.25333333333333,11.4,6.05,8.74
39008,15,8,6,2011,17.63,11.61,6.18,8.8
39009,15,9,6,2011,16.995833333333334,10.37,4.88,7.52
39010,15,10,6,2011,16.368333333333332,9.72,4.28,6.9
39011,15,11,6,2011,16.3775,10.06,5.69,7.82
39012,15,12,6,2011,17.526666666666667,9.03,5.3100000000000005,6.68
39013,15,13,6,2011,19.092499999999998,6.55,4.95,5.98
39014,15,14,6,2011,21.1675,6.8,4.99,6.09
39015,15,15,6,2011,23.06,7.16,5.2,6.36
39016,15,16,6,2011,24.495833333333337,7.48,5.47,6.65
39017,15,17,6,2011,25.668333333333333,7.73,5.61,6.84
39018,15,18,6,2011,26.82083333333333,8.44,6.1000000000000005,7.49
39019,15,19,6,2011,27.634166666666662,8.78,6.34,7.79
39020,15,20,6,2011,28.27666666666666,7.95,5.76,7.0600000000000005
39021,15,21,6,2011,28.704166666666666,8.09,5.7700000000000005,7.1400000000000015
39022,15,22,6,2011,28.764999999999997,8.35,5.97,7.3900000000000015
39023,15,23,6,2011,28.581666666666674,7.26,4.97,6.34
39024,16,0,6,2011,27.74166666666667,7.17,4.93,6.28
39025,16,1,6,2011,25.627499999999998,6.18,2.0,4.46
39026,16,2,6,2011,24.09,4.49,1.16,3.0
39027,16,3,6,2011,22.991666666666664,2.71,0.74,1.95
39028,16,4,6,2011,22.5525,3.08,1.55,2.87
39029,16,5,6,2011,21.9375,5.32,2.8000000000000003,4.82
39030,16,6,6,2011,20.726666666666667,6.9,3.2,5.87
39031,16,7,6,2011,20.725,8.44,4.08,6.86
39032,16,8,6,2011,20.118333333333336,8.33,3.94,6.79
39033,16,9,6,2011,20.091666666666665,9.6,4.97,7.76
39034,16,10,6,2011,19.883333333333336,11.37,5.22,8.26
39035,16,11,6,2011,20.280833333333334,11.88,6.32,8.93
39036,16,12,6,2011,21.53333333333333,11.92,6.57,8.97
39037,16,13,6,2011,22.826666666666668,10.05,6.72,8.19
39038,16,14,6,2011,24.739166666666666,8.700000000000001,6.33,7.7
39039,16,15,6,2011,19.08,18.86,13.48,16.25
39040,16,16,6,2011,18.579166666666666,7.19,5.47,6.46
39041,16,17,6,2011,20.205,5.08,4.21,4.89
39042,16,18,6,2011,23.212500000000006,6.15,5.0200000000000005,5.88
39043,16,19,6,2011,26.077499999999997,6.09,4.82,5.65
39044,16,20,6,2011,27.815833333333334,6.09,4.76,5.63
39045,16,21,6,2011,28.606666666666666,7.21,5.54,6.61
39046,16,22,6,2011,28.895,10.46,7.47,9.34
39047,16,23,6,2011,28.653333333333336,11.61,8.26,10.35
39048,17,0,6,2011,27.3575,13.41,8.69,11.3
39049,17,1,6,2011,24.689999999999998,13.51,8.290000000000001,11.08
39050,17,2,6,2011,23.245,12.72,7.43,10.09
39051,17,3,6,2011,22.442500000000006,13.41,7.92,10.66
39052,17,4,6,2011,23.271666666666665,14.12,8.16,11.16
39053,17,5,6,2011,21.801666666666666,17.69,11.84,14.76
39054,17,6,6,2011,17.70916666666667,12.43,7.53,10.45
39055,17,7,6,2011,17.76666666666667,10.51,6.24,8.59
39056,17,8,6,2011,17.858333333333334,10.28,6.11,8.370000000000001
39057,17,9,6,2011,18.145833333333332,13.12,8.42,10.9
39058,17,10,6,2011,18.86916666666667,14.04,9.17,11.83
39059,17,11,6,2011,19.0675,9.66,5.41,7.44
39060,17,12,6,2011,20.227499999999996,9.33,5.49,7.4
39061,17,13,6,2011,21.939166666666665,7.7,5.68,6.9
39062,17,14,6,2011,23.708333333333332,6.19,4.7,5.65
39063,17,15,6,2011,25.874166666666667,7.43,5.62,6.78
39064,17,16,6,2011,28.018333333333334,7.31,5.48,6.6400000000000015
39065,17,17,6,2011,29.25,7.01,5.25,6.36
39066,17,18,6,2011,30.41,6.25,4.68,5.65
39067,17,19,6,2011,31.7625,5.1000000000000005,3.8,4.57
39068,17,20,6,2011,32.61083333333334,5.44,4.14,4.98
39069,17,21,6,2011,32.89416666666667,5.96,4.66,5.55
39070,17,22,6,2011,33.20916666666667,5.57,4.28,5.11
39071,17,23,6,2011,33.17333333333333,5.42,4.07,4.99
39072,18,0,6,2011,32.51083333333333,6.09,3.64,4.68
39073,18,1,6,2011,30.725000000000005,9.53,4.12,7.23
39074,18,2,6,2011,29.092499999999998,7.43,3.75,6.47
39075,18,3,6,2011,28.76833333333333,8.540000000000001,3.49,6.41
39076,18,4,6,2011,27.463333333333335,8.69,5.54,7.09
39077,18,5,6,2011,23.220833333333335,12.48,7.18,9.58
39078,18,6,6,2011,20.588333333333335,23.23,16.32,20.69
39079,18,7,6,2011,20.531666666666666,16.82,12.98,16.19
39080,18,8,6,2011,21.235,11.42,6.7700000000000005,9.46
39081,18,9,6,2011,19.845833333333335,10.85,6.98,9.8
39082,18,10,6,2011,19.755,12.9,9.0,11.48
39083,18,11,6,2011,19.7425,12.27,6.6000000000000005,9.25
39084,18,12,6,2011,19.0725,8.620000000000001,5.54,7.08
39085,18,13,6,2011,19.749166666666667,3.34,2.82,3.23
39086,18,14,6,2011,21.861666666666665,4.2,3.45,3.98
39087,18,15,6,2011,24.61,3.84,3.13,3.65
39088,18,16,6,2011,26.855,3.19,2.72,3.1
39089,18,17,6,2011,27.496666666666666,4.92,4.07,4.72
39090,18,18,6,2011,27.896666666666672,3.91,3.25,3.75
39091,18,19,6,2011,28.610833333333332,2.98,2.52,2.88
39092,18,20,6,2011,29.19333333333333,2.59,2.25,2.54
39093,18,21,6,2011,29.764166666666664,2.34,1.97,2.24
39094,18,22,6,2011,30.358333333333334,2.94,2.23,2.64
39095,18,23,6,2011,30.67416666666666,2.82,2.21,2.5500000000000003
39096,19,0,6,2011,29.96083333333333,6.05,3.56,5.33
39097,19,1,6,2011,28.699166666666667,9.55,5.26,7.66
39098,19,2,6,2011,23.8275,8.66,6.2,7.61
39099,19,3,6,2011,21.2625,15.66,9.68,12.85
39100,19,4,6,2011,19.03333333333333,22.91,14.86,19.9
39101,19,5,6,2011,18.1525,15.37,10.19,13.19
39102,19,6,6,2011,20.9,12.78,9.34,11.86
39103,19,7,6,2011,19.427500000000002,11.69,6.82,9.16
39104,19,8,6,2011,18.759166666666665,3.93,3.45,4.14
39105,19,9,6,2011,18.539166666666663,4.86,2.37,3.96
39106,19,10,6,2011,17.863333333333333,4.74,2.04,4.48
39107,19,11,6,2011,18.204166666666666,3.76,2.45,3.96
39108,19,12,6,2011,19.78833333333333,3.24,2.31,2.47
39109,19,13,6,2011,21.593333333333337,3.27,2.63,3.06
39110,19,14,6,2011,23.745,4.2700000000000005,3.39,3.98
39111,19,15,6,2011,25.0425,4.19,3.31,3.91
39112,19,16,6,2011,26.77416666666667,4.49,3.61,4.22
39113,19,17,6,2011,28.331666666666667,5.14,4.0,4.73
39114,19,18,6,2011,29.393333333333327,6.01,4.58,5.48
39115,19,19,6,2011,30.186666666666667,7.1400000000000015,5.36,6.48
39116,19,20,6,2011,30.844166666666663,7.71,5.71,6.96
39117,19,21,6,2011,31.339166666666667,8.94,6.46,7.97
39118,19,22,6,2011,31.24,9.27,6.65,8.26
39119,19,23,6,2011,31.174166666666665,9.56,6.73,8.45
39120,20,0,6,2011,30.352499999999996,10.07,6.8500000000000005,8.72
39121,20,1,6,2011,28.97833333333334,11.89,6.0,8.84
39122,20,2,6,2011,28.14166666666667,11.88,6.03,8.8
39123,20,3,6,2011,28.060833333333335,12.4,6.16,8.96
39124,20,4,6,2011,28.08833333333334,12.93,6.3,9.36
39125,20,5,6,2011,27.450000000000003,12.96,6.41,9.46
39126,20,6,6,2011,26.83583333333333,13.1,6.67,9.67
39127,20,7,6,2011,26.256666666666664,14.87,7.9,11.24
39128,20,8,6,2011,25.915833333333328,15.54,8.53,11.94
39129,20,9,6,2011,25.383333333333336,15.92,8.58,12.11
39130,20,10,6,2011,24.90833333333333,15.85,8.51,12.06
39131,20,11,6,2011,24.238333333333333,14.44,7.34,10.71
39132,20,12,6,2011,25.050833333333333,13.55,8.17,11.04
39133,20,13,6,2011,26.651666666666667,12.7,7.44,9.81
39134,20,14,6,2011,28.076666666666668,9.84,6.99,8.73
39135,20,15,6,2011,29.359999999999996,10.35,7.3900000000000015,9.19
39136,20,16,6,2011,30.470000000000002,10.19,7.28,8.98
39137,20,17,6,2011,31.32083333333333,10.9,7.72,9.6
39138,20,18,6,2011,32.00083333333333,12.61,8.98,11.24
39139,20,19,6,2011,32.56083333333333,12.97,9.15,11.5
39140,20,20,6,2011,32.856666666666676,13.89,9.83,12.34
39141,20,21,6,2011,33.07416666666667,13.43,9.28,11.93
39142,20,22,6,2011,31.84583333333333,15.08,9.96,12.89
39143,20,23,6,2011,31.428333333333338,16.79,11.39,14.69
39144,21,0,6,2011,30.830833333333334,15.66,10.33,13.43
39145,21,1,6,2011,29.61916666666667,16.37,9.55,12.91
39146,21,2,6,2011,24.272500000000004,18.46,11.3,15.07
39147,21,3,6,2011,21.74416666666667,14.44,8.370000000000001,11.68
39148,21,4,6,2011,20.495833333333334,11.35,7.16,9.48
39149,21,5,6,2011,21.426666666666666,15.61,9.12,12.48
39150,21,6,6,2011,20.724999999999998,16.61,9.92,13.34
39151,21,7,6,2011,20.298333333333336,14.41,8.51,11.6
39152,21,8,6,2011,19.981666666666666,12.42,6.2700000000000005,9.2
39153,21,9,6,2011,19.599166666666665,11.8,6.08,8.91
39154,21,10,6,2011,19.268333333333334,12.27,6.49,9.29
39155,21,11,6,2011,19.14166666666667,14.16,8.91,11.76
39156,21,12,6,2011,19.293333333333333,12.86,8.51,10.87
39157,21,13,6,2011,19.53,13.3,9.09,11.58
39158,21,14,6,2011,20.1425,13.68,9.54,12.03
39159,21,15,6,2011,21.203333333333333,12.01,8.4,10.55
39160,21,16,6,2011,21.620833333333334,14.33,10.22,12.82
39161,21,17,6,2011,21.787499999999998,13.55,9.52,12.0
39162,21,18,6,2011,22.882499999999997,14.96,10.7,13.3
39163,21,19,6,2011,22.620833333333334,16.09,11.26,14.15
39164,21,20,6,2011,22.374999999999996,15.72,11.13,13.94
39165,21,21,6,2011,21.1175,15.42,10.87,13.61
39166,21,22,6,2011,21.445833333333336,14.46,9.96,12.65
39167,21,23,6,2011,21.973333333333333,13.61,9.31,11.87
39168,22,0,6,2011,21.721666666666668,13.52,9.19,11.75
39169,22,1,6,2011,20.660833333333333,14.25,8.49,11.38
39170,22,2,6,2011,18.77416666666667,12.55,7.07,9.6
39171,22,3,6,2011,18.117499999999996,16.07,9.55,12.75
39172,22,4,6,2011,17.078333333333337,14.35,8.03,10.99
39173,22,5,6,2011,16.619166666666665,13.79,7.72,10.75
39174,22,6,6,2011,16.324166666666667,13.02,7.19,9.97
39175,22,7,6,2011,16.083333333333336,13.24,7.22,10.11
39176,22,8,6,2011,16.15,13.07,7.84,10.63
39177,22,9,6,2011,15.807500000000003,12.63,6.76,9.6
39178,22,10,6,2011,15.910833333333336,13.51,7.43,10.41
39179,22,11,6,2011,16.676666666666666,14.88,8.290000000000001,11.49
39180,22,12,6,2011,17.346666666666668,13.7,8.98,11.48
39181,22,13,6,2011,18.458333333333332,13.9,9.72,12.19
39182,22,14,6,2011,19.493333333333336,14.33,10.03,12.61
39183,22,15,6,2011,20.710833333333337,14.26,9.99,12.51
39184,22,16,6,2011,21.915833333333335,14.49,10.16,12.71
39185,22,17,6,2011,22.906666666666666,14.63,10.23,12.8
39186,22,18,6,2011,23.83083333333333,14.87,10.37,13.01
39187,22,19,6,2011,24.624166666666664,14.29,9.97,12.5
39188,22,20,6,2011,24.558333333333337,14.08,9.79,12.31
39189,22,21,6,2011,25.144166666666667,13.3,9.28,11.6
39190,22,22,6,2011,25.218333333333334,13.77,9.37,11.92
39191,22,23,6,2011,24.37666666666667,12.02,8.28,10.44
39192,23,0,6,2011,23.823333333333334,10.81,7.31,9.33
39193,23,1,6,2011,21.815,9.76,4.5200000000000005,6.79
39194,23,2,6,2011,20.140833333333333,8.51,2.75,5.95
39195,23,3,6,2011,18.9875,8.2,2.94,6.13
39196,23,4,6,2011,17.9775,10.35,3.0500000000000003,6.69
39197,23,5,6,2011,17.90666666666667,10.65,3.98,8.0
39198,23,6,6,2011,16.928333333333335,10.9,4.55,7.5
39199,23,7,6,2011,16.2575,11.24,4.37,7.48
39200,23,8,6,2011,15.951666666666666,11.3,4.62,7.57
39201,23,9,6,2011,15.624166666666666,11.09,5.3100000000000005,8.19
39202,23,10,6,2011,15.320000000000002,11.87,5.42,8.41
39203,23,11,6,2011,15.104166666666666,11.59,6.0200000000000005,8.26
39204,23,12,6,2011,16.59166666666667,10.77,6.78,8.43
39205,23,13,6,2011,17.645833333333332,10.26,7.36,9.14
39206,23,14,6,2011,18.66,10.09,7.23,8.96
39207,23,15,6,2011,19.7075,9.79,7.11,8.78
39208,23,16,6,2011,20.760833333333334,9.93,7.19,8.89
39209,23,17,6,2011,21.89333333333333,9.07,6.61,8.11
39210,23,18,6,2011,22.995833333333334,9.13,6.68,8.18
39211,23,19,6,2011,23.904166666666665,9.06,6.63,8.120000000000001
39212,23,20,6,2011,24.689999999999998,8.36,6.13,7.48
39213,23,21,6,2011,25.27333333333333,7.25,5.34,6.5
39214,23,22,6,2011,25.537499999999998,6.8100000000000005,4.99,6.1000000000000005
39215,23,23,6,2011,25.441666666666666,7.47,5.4,6.69
39216,24,0,6,2011,24.7975,6.44,4.55,5.7
39217,24,1,6,2011,22.835000000000004,6.09,2.34,4.48
39218,24,2,6,2011,20.817499999999995,7.81,2.15,5.3500000000000005
39219,24,3,6,2011,19.429166666666667,7.95,2.0,5.3
39220,24,4,6,2011,18.486666666666668,7.87,2.29,5.34
39221,24,5,6,2011,17.587500000000002,7.32,1.82,4.93
39222,24,6,6,2011,16.840833333333332,6.07,1.75,3.77
39223,24,7,6,2011,16.02416666666667,6.29,2.17,4.36
39224,24,8,6,2011,15.598333333333334,5.55,1.87,3.85
39225,24,9,6,2011,15.223333333333331,6.09,2.09,4.4
39226,24,10,6,2011,14.656666666666666,6.73,2.43,5.03
39227,24,11,6,2011,14.926666666666668,5.0,1.98,3.67
39228,24,12,6,2011,16.383333333333336,5.13,2.43,3.25
39229,24,13,6,2011,18.282500000000002,3.3000000000000003,2.68,3.11
39230,24,14,6,2011,19.631666666666664,4.4,3.49,4.1
39231,24,15,6,2011,20.8175,4.96,3.64,4.49
39232,24,16,6,2011,21.930000000000003,6.03,4.76,5.65
39233,24,17,6,2011,23.713333333333328,4.63,3.68,4.32
39234,24,18,6,2011,25.141666666666666,6.76,5.24,6.24
39235,24,19,6,2011,26.12333333333333,4.55,3.63,4.25
39236,24,20,6,2011,27.064166666666665,6.8900000000000015,5.37,6.3900000000000015
39237,24,21,6,2011,27.490833333333338,7.76,5.88,7.12
39238,24,22,6,2011,27.2075,7.0600000000000005,5.47,6.5600000000000005
39239,24,23,6,2011,27.132500000000004,7.25,5.37,6.58
39240,25,0,6,2011,26.59833333333333,7.72,5.01,6.29
39241,25,1,6,2011,24.950833333333335,10.5,4.34,7.32
39242,25,2,6,2011,23.629999999999995,11.07,4.58,7.49
39243,25,3,6,2011,23.17,11.42,5.0,7.82
39244,25,4,6,2011,22.769166666666663,11.56,5.05,7.86
39245,25,5,6,2011,22.150000000000002,11.76,4.66,7.56
39246,25,6,6,2011,21.8125,12.02,5.26,8.13
39247,25,7,6,2011,21.196666666666665,11.32,5.08,7.76
39248,25,8,6,2011,20.75583333333333,11.33,4.42,7.16
39249,25,9,6,2011,20.400833333333335,10.9,6.22,8.120000000000001
39250,25,10,6,2011,20.480833333333333,11.94,7.2,9.6
39251,25,11,6,2011,20.82166666666667,11.76,6.84,9.51
39252,25,12,6,2011,20.26833333333333,13.88,9.11,11.91
39253,25,13,6,2011,19.123333333333335,15.0,10.07,12.82
39254,25,14,6,2011,20.54,9.11,6.82,8.290000000000001
39255,25,15,6,2011,22.747500000000002,8.25,6.32,7.6
39256,25,16,6,2011,24.505,7.91,6.11,7.31
39257,25,17,6,2011,26.205000000000002,7.92,6.0600000000000005,7.27
39258,25,18,6,2011,28.234166666666667,7.9,6.05,7.25
39259,25,19,6,2011,29.691666666666666,7.11,5.41,6.49
39260,25,20,6,2011,29.865,6.73,4.9,6.04
39261,25,21,6,2011,30.15083333333334,6.84,5.0200000000000005,6.16
39262,25,22,6,2011,30.369999999999994,6.73,4.57,5.6000000000000005
39263,25,23,6,2011,29.57833333333333,8.27,6.0,7.44
39264,26,0,6,2011,28.889166666666668,8.370000000000001,6.07,7.54
39265,26,1,6,2011,27.615,9.68,4.5,6.99
39266,26,2,6,2011,26.027500000000003,9.42,4.37,6.8100000000000005
39267,26,3,6,2011,24.72666666666667,10.95,5.19,7.75
39268,26,4,6,2011,23.650000000000002,10.86,5.22,7.66
39269,26,5,6,2011,22.730833333333333,10.53,5.0,7.41
39270,26,6,6,2011,21.909999999999997,10.16,4.98,7.23
39271,26,7,6,2011,21.25333333333333,10.02,4.93,7.13
39272,26,8,6,2011,20.649166666666666,8.77,3.98,5.66
39273,26,9,6,2011,19.831666666666667,12.63,8.75,11.02
39274,26,10,6,2011,18.465,21.59,14.6,16.92
39275,26,11,6,2011,18.242500000000003,12.78,8.98,11.19
39276,26,12,6,2011,18.8275,13.34,8.55,11.36
39277,26,13,6,2011,21.738333333333333,12.35,7.6400000000000015,10.28
39278,26,14,6,2011,24.477499999999992,5.62,4.25,5.1000000000000005
39279,26,15,6,2011,27.399166666666662,8.9,6.5200000000000005,7.98
39280,26,16,6,2011,29.027500000000003,9.29,6.8,8.35
39281,26,17,6,2011,29.86333333333333,10.26,7.33,9.08
39282,26,18,6,2011,30.785000000000007,10.81,7.81,9.65
39283,26,19,6,2011,31.221666666666668,10.54,7.63,9.4
39284,26,20,6,2011,31.221666666666675,10.5,7.6,9.38
39285,26,21,6,2011,31.270000000000007,9.74,7.09,8.700000000000001
39286,26,22,6,2011,31.412499999999998,9.72,6.9,8.58
39287,26,23,6,2011,31.5425,10.32,7.18,9.07
39288,27,0,6,2011,31.2075,10.18,6.99,8.89
39289,27,1,6,2011,29.772500000000008,11.09,5.41,7.73
39290,27,2,6,2011,28.645000000000007,12.03,5.2,8.14
39291,27,3,6,2011,28.449166666666667,12.85,5.44,8.61
39292,27,4,6,2011,27.715833333333332,12.56,5.01,8.22
39293,27,5,6,2011,27.049166666666665,12.46,5.37,8.51
39294,27,6,6,2011,26.68583333333334,12.88,5.74,8.93
39295,27,7,6,2011,25.88,12.66,5.44,8.620000000000001
39296,27,8,6,2011,24.945833333333326,17.51,10.9,13.75
39297,27,9,6,2011,21.2225,15.69,9.9,12.81
39298,27,10,6,2011,19.924166666666668,10.03,4.83,6.97
39299,27,11,6,2011,19.92833333333333,9.98,3.49,5.54
39300,27,12,6,2011,21.135,8.71,4.42,5.7
39301,27,13,6,2011,22.5725,7.48,5.7,6.8900000000000015
39302,27,14,6,2011,24.2975,7.81,5.8500000000000005,7.12
39303,27,15,6,2011,24.834999999999997,8.790000000000001,6.65,8.07
39304,27,16,6,2011,25.400833333333335,9.5,7.08,8.64
39305,27,17,6,2011,26.0725,9.81,7.26,8.85
39306,27,18,6,2011,26.355,9.85,7.31,8.92
39307,27,19,6,2011,26.7625,8.72,6.49,7.88
39308,27,20,6,2011,27.507499999999997,9.61,7.1000000000000005,8.64
39309,27,21,6,2011,27.77416666666666,9.5,6.96,8.540000000000001
39310,27,22,6,2011,27.534166666666668,8.8,6.46,7.92
39311,27,23,6,2011,27.025833333333335,8.8,6.2700000000000005,7.86
39312,28,0,6,2011,25.96166666666667,8.65,6.05,7.67
39313,28,1,6,2011,23.616666666666664,9.02,3.88,6.63
39314,28,2,6,2011,21.894166666666663,9.2,3.58,6.79
39315,28,3,6,2011,20.62666666666667,10.88,3.98,7.62
39316,28,4,6,2011,19.600833333333334,10.39,3.78,7.77
39317,28,5,6,2011,18.412500000000005,10.64,3.49,7.35
39318,28,6,6,2011,17.500000000000004,8.49,2.15,5.58
39319,28,7,6,2011,16.9675,8.05,2.41,5.59
39320,28,8,6,2011,16.33,8.14,2.95,6.09
39321,28,9,6,2011,15.486666666666666,7.3900000000000015,2.54,5.43
39322,28,10,6,2011,14.45833333333333,5.1000000000000005,1.79,3.72
39323,28,11,6,2011,14.564999999999998,3.92,1.31,2.46
39324,28,12,6,2011,16.35,3.63,1.43,2.34
39325,28,13,6,2011,18.536666666666672,1.93,1.67,1.9
39326,28,14,6,2011,20.085833333333337,1.97,1.64,1.88
39327,28,15,6,2011,21.974166666666665,2.75,2.26,2.61
39328,28,16,6,2011,23.177500000000006,3.18,2.65,3.03
39329,28,17,6,2011,24.15666666666667,3.13,2.61,2.99
39330,28,18,6,2011,25.150833333333328,2.85,2.43,2.75
39331,28,19,6,2011,26.005,3.91,3.17,3.67
39332,28,20,6,2011,26.9575,4.01,3.15,3.69
39333,28,21,6,2011,27.661666666666665,4.03,3.17,3.72
39334,28,22,6,2011,27.986666666666665,4.18,3.12,3.77
39335,28,23,6,2011,27.97083333333333,5.3100000000000005,3.88,4.82
39336,29,0,6,2011,27.337500000000002,6.47,3.83,5.11
39337,29,1,6,2011,25.066666666666674,8.31,3.72,6.7700000000000005
39338,29,2,6,2011,23.415000000000003,9.79,3.91,7.44
39339,29,3,6,2011,22.570000000000004,10.82,4.12,7.77
39340,29,4,6,2011,21.930833333333336,11.37,4.82,8.33
39341,29,5,6,2011,21.49416666666667,11.32,4.84,8.28
39342,29,6,6,2011,20.883333333333333,11.8,5.0,8.31
39343,29,7,6,2011,20.388333333333332,12.31,5.3100000000000005,8.56
39344,29,8,6,2011,19.995,12.33,5.1000000000000005,8.26
39345,29,9,6,2011,19.484166666666663,12.24,5.22,8.17
39346,29,10,6,2011,19.03,11.81,5.57,8.28
39347,29,11,6,2011,19.59,11.81,6.54,8.81
39348,29,12,6,2011,20.927500000000002,10.86,6.4,8.64
39349,29,13,6,2011,22.617500000000003,8.49,5.59,6.79
39350,29,14,6,2011,24.61666666666667,7.52,5.66,6.87
39351,29,15,6,2011,26.870833333333326,7.33,5.51,6.67
39352,29,16,6,2011,28.634999999999994,7.75,5.79,7.04
39353,29,17,6,2011,30.1975,7.76,5.78,7.0200000000000005
39354,29,18,6,2011,31.655833333333334,7.92,5.89,7.16
39355,29,19,6,2011,32.68166666666667,8.18,6.09,7.41
39356,29,20,6,2011,33.56249999999999,9.4,6.86,8.45
39357,29,21,6,2011,34.16166666666667,10.0,7.22,8.950000000000003
39358,29,22,6,2011,34.33583333333333,11.31,7.97,10.04
39359,29,23,6,2011,34.14833333333334,11.47,8.040000000000001,10.16
39360,30,0,6,2011,33.35999999999999,11.14,7.24,9.32
39361,30,1,6,2011,31.73166666666667,12.89,5.46,8.91
39362,30,2,6,2011,30.150000000000002,13.07,5.99,9.24
39363,30,3,6,2011,29.69916666666667,13.72,6.84,10.11
39364,30,4,6,2011,29.1825,14.2,7.3,10.6
39365,30,5,6,2011,28.496666666666666,14.93,7.57,10.96
39366,30,6,6,2011,28.424166666666668,15.88,8.65,12.13
39367,30,7,6,2011,28.449166666666667,16.0,8.73,12.22
39368,30,8,6,2011,28.007500000000004,15.45,8.25,11.64
39369,30,9,6,2011,27.631666666666664,14.84,7.97,11.24
39370,30,10,6,2011,27.249166666666667,15.05,8.26,11.58
39371,30,11,6,2011,27.38083333333333,15.75,9.0,12.31
39372,30,12,6,2011,28.867499999999996,15.49,9.1,12.32
39373,30,13,6,2011,29.712500000000002,13.05,7.9,10.4
39374,30,14,6,2011,30.308333333333337,14.91,10.06,13.34
39375,30,15,6,2011,32.230000000000004,12.26,8.49,11.08
39376,30,16,6,2011,35.12749999999999,10.59,7.85,9.65
39377,30,17,6,2011,37.59166666666667,12.4,8.950000000000003,11.16
39378,30,18,6,2011,38.14333333333334,13.14,9.26,11.61
39379,30,19,6,2011,39.255,13.1,9.27,11.63
39380,30,20,6,2011,39.708333333333336,12.55,8.86,11.1
39381,30,21,6,2011,40.195,12.08,8.38,10.61
39382,30,22,6,2011,40.072500000000005,12.6,8.8,11.15
39383,30,23,6,2011,39.41416666666667,13.32,8.84,11.45
39384,1,0,7,2011,37.847500000000004,14.24,7.3900000000000015,10.84
39385,1,1,7,2011,35.13,15.47,7.27,11.04
39386,1,2,7,2011,33.634166666666665,15.87,7.82,11.57
39387,1,3,7,2011,32.274166666666666,16.2,8.02,11.82
39388,1,4,7,2011,31.135833333333334,16.65,8.65,12.42
39389,1,5,7,2011,29.589166666666667,16.54,8.67,12.41
39390,1,6,7,2011,28.574166666666667,16.330000000000002,8.790000000000001,12.4
39391,1,7,7,2011,27.621666666666666,15.77,8.4,11.91
39392,1,8,7,2011,26.709999999999997,14.66,7.32,10.69
39393,1,9,7,2011,26.2225,14.54,6.99,10.33
39394,1,10,7,2011,25.928333333333338,15.24,7.49,10.94
39395,1,11,7,2011,26.011666666666667,15.03,7.67,10.79
39396,1,12,7,2011,27.63416666666667,14.25,8.6,11.53
39397,1,13,7,2011,29.05333333333333,12.45,7.75,9.75
39398,1,14,7,2011,30.352499999999996,11.24,8.09,10.08
39399,1,15,7,2011,31.884999999999994,11.11,7.99,9.94
39400,1,16,7,2011,33.3925,10.97,7.87,9.79
39401,1,17,7,2011,34.90583333333334,10.73,7.56,9.44
39402,1,18,7,2011,36.12833333333334,11.15,7.9,9.86
39403,1,19,7,2011,36.80333333333333,11.49,8.120000000000001,10.17
39404,1,20,7,2011,37.277499999999996,11.71,8.24,10.35
39405,1,21,7,2011,37.453333333333326,12.09,8.49,10.72
39406,1,22,7,2011,37.247499999999995,12.42,8.700000000000001,11.02
39407,1,23,7,2011,36.44833333333333,12.93,8.65,11.19
39408,2,0,7,2011,34.72916666666667,12.72,6.8,9.38
39409,2,1,7,2011,32.76583333333334,14.52,6.3100000000000005,10.07
39410,2,2,7,2011,31.333333333333332,14.8,6.5,10.27
39411,2,3,7,2011,30.408333333333328,15.42,6.8500000000000005,10.51
39412,2,4,7,2011,27.52666666666666,13.94,7.82,10.25
39413,2,5,7,2011,24.93166666666666,8.91,3.54,6.05
39414,2,6,7,2011,24.75333333333333,7.07,3.79,6.5200000000000005
39415,2,7,7,2011,24.946666666666662,7.3900000000000015,3.69,6.36
39416,2,8,7,2011,25.343333333333334,7.31,3.22,5.9
39417,2,9,7,2011,23.492500000000003,5.25,3.35,5.38
39418,2,10,7,2011,22.4025,6.42,3.09,5.25
39419,2,11,7,2011,22.169999999999998,7.4,3.86,5.61
39420,2,12,7,2011,22.360833333333336,6.36,3.95,4.93
39421,2,13,7,2011,23.8,4.9,3.79,4.5200000000000005
39422,2,14,7,2011,25.388333333333335,4.63,3.63,4.32
39423,2,15,7,2011,26.93666666666667,4.29,3.36,3.97
39424,2,16,7,2011,28.472500000000007,4.37,3.37,4.01
39425,2,17,7,2011,29.747500000000002,3.99,3.09,3.66
39426,2,18,7,2011,30.852500000000003,3.71,2.93,3.44
39427,2,19,7,2011,31.668333333333333,4.7700000000000005,3.78,4.44
39428,2,20,7,2011,32.303333333333335,4.78,3.77,4.44
39429,2,21,7,2011,32.56166666666667,3.99,3.2,3.74
39430,2,22,7,2011,32.80166666666667,4.8500000000000005,3.79,4.5
39431,2,23,7,2011,32.76333333333333,4.68,3.7,4.37
39432,3,0,7,2011,32.24333333333333,5.63,4.17,5.18
39433,3,1,7,2011,30.55666666666667,6.57,2.51,4.9
39434,3,2,7,2011,28.890000000000004,11.73,7.42,9.68
39435,3,3,7,2011,25.562500000000004,12.35,7.6400000000000015,10.19
39436,3,4,7,2011,24.71166666666667,10.52,5.08,7.67
39437,3,5,7,2011,24.940833333333334,5.12,3.36,5.7
39438,3,6,7,2011,24.003333333333334,3.13,1.45,2.77
39439,3,7,7,2011,22.784166666666668,3.97,1.93,3.84
39440,3,8,7,2011,22.295833333333334,5.86,3.0700000000000003,4.97
39441,3,9,7,2011,21.68416666666667,5.9,3.0500000000000003,5.11
39442,3,10,7,2011,21.234166666666667,3.34,2.42,4.21
39443,3,11,7,2011,21.588333333333335,9.6,4.41,6.51
39444,3,12,7,2011,21.047500000000003,8.32,5.66,7.1000000000000005
39445,3,13,7,2011,20.9825,9.05,6.45,7.9300000000000015
39446,3,14,7,2011,22.164999999999996,8.17,6.2700000000000005,7.55
39447,3,15,7,2011,20.9125,7.8900000000000015,5.83,7.28
39448,3,16,7,2011,21.21916666666667,11.64,8.75,10.73
39449,3,17,7,2011,24.101666666666663,7.0,5.15,6.2700000000000005
39450,3,18,7,2011,26.5425,5.7700000000000005,4.46,5.3
39451,3,19,7,2011,27.46166666666667,5.46,4.25,5.04
39452,3,20,7,2011,27.799166666666665,5.01,3.98,4.68
39453,3,21,7,2011,28.18916666666666,3.7,2.96,3.51
39454,3,22,7,2011,28.125833333333336,4.79,3.81,4.49
39455,3,23,7,2011,28.106666666666666,5.59,4.26,5.18
39456,4,0,7,2011,27.617499999999996,6.05,4.55,5.58
39457,4,1,7,2011,26.316666666666663,7.32,3.37,5.82
39458,4,2,7,2011,25.136666666666667,7.7,3.5500000000000003,6.26
39459,4,3,7,2011,23.962499999999995,8.67,3.78,6.24
39460,4,4,7,2011,22.349999999999998,7.88,3.82,6.1000000000000005
39461,4,5,7,2011,21.260833333333334,7.34,3.04,5.26
39462,4,6,7,2011,21.01,5.9,2.9,4.3500000000000005
39463,4,7,7,2011,20.868333333333336,5.5,2.32,4.25
39464,4,8,7,2011,20.376666666666665,7.3900000000000015,2.57,5.0
39465,4,9,7,2011,20.184166666666666,8.1,2.81,5.3100000000000005
39466,4,10,7,2011,19.655833333333337,7.72,2.37,5.15
39467,4,11,7,2011,19.83,8.23,3.25,5.49
39468,4,12,7,2011,20.861666666666668,4.87,3.06,3.5700000000000003
39469,4,13,7,2011,22.381666666666664,4.79,3.83,4.51
39470,4,14,7,2011,23.91416666666667,5.11,4.0200000000000005,4.76
39471,4,15,7,2011,25.2225,4.73,3.73,4.41
39472,4,16,7,2011,26.311666666666667,4.69,3.72,4.38
39473,4,17,7,2011,27.36916666666666,4.58,3.67,4.3100000000000005
39474,4,18,7,2011,28.268333333333327,4.26,3.42,4.0
39475,4,19,7,2011,28.85166666666667,5.37,4.34,5.08
39476,4,20,7,2011,29.350833333333338,3.92,3.2,3.71
39477,4,21,7,2011,29.9525,4.48,3.7,4.3100000000000005
39478,4,22,7,2011,29.929999999999996,4.61,3.85,4.46
39479,4,23,7,2011,29.863333333333333,4.54,3.46,4.17
39480,5,0,7,2011,29.355,5.97,3.31,4.91
39481,5,1,7,2011,27.511666666666667,6.67,3.31,5.82
39482,5,2,7,2011,25.81833333333333,8.09,3.34,6.28
39483,5,3,7,2011,24.609166666666667,9.7,3.69,7.1000000000000005
39484,5,4,7,2011,24.223333333333333,9.83,3.92,7.26
39485,5,5,7,2011,23.620833333333337,9.92,3.63,7.21
39486,5,6,7,2011,22.94333333333333,9.85,3.42,6.86
39487,5,7,7,2011,22.270833333333332,9.89,3.25,6.8900000000000015
39488,5,8,7,2011,21.550833333333333,9.75,3.21,6.69
39489,5,9,7,2011,21.75,10.5,4.24,7.46
39490,5,10,7,2011,21.284166666666668,10.18,4.05,7.25
39491,5,11,7,2011,20.990833333333335,8.68,4.01,6.09
39492,5,12,7,2011,22.776666666666667,7.48,3.87,5.59
39493,5,13,7,2011,24.718333333333334,4.34,3.24,3.88
39494,5,14,7,2011,26.345833333333335,4.43,3.5,4.15
39495,5,15,7,2011,27.623333333333335,3.89,3.0700000000000003,3.63
39496,5,16,7,2011,28.896666666666665,2.96,2.37,2.77
39497,5,17,7,2011,30.018333333333334,2.94,2.38,2.76
39498,5,18,7,2011,30.937500000000004,3.23,2.6,3.02
39499,5,19,7,2011,31.821666666666662,3.17,2.5500000000000003,2.97
39500,5,20,7,2011,32.428333333333335,2.51,2.08,2.38
39501,5,21,7,2011,32.90083333333333,5.08,4.04,4.76
39502,5,22,7,2011,25.349999999999998,27.78,19.35,24.09
39503,5,23,7,2011,20.764166666666664,17.150000000000002,11.56,15.0
39504,6,0,7,2011,21.616666666666664,8.88,4.92,6.74
39505,6,1,7,2011,22.752499999999998,6.4,3.21,4.72
39506,6,2,7,2011,22.5425,8.43,4.32,6.48
39507,6,3,7,2011,21.846666666666664,7.9300000000000015,4.11,6.32
39508,6,4,7,2011,20.955833333333334,7.03,4.5200000000000005,6.3100000000000005
39509,6,5,7,2011,21.326666666666664,6.86,3.86,5.42
39510,6,6,7,2011,22.081666666666663,5.28,2.97,4.68
39511,6,7,7,2011,22.19583333333333,6.19,3.0500000000000003,5.42
39512,6,8,7,2011,21.434166666666666,6.53,3.24,5.39
39513,6,9,7,2011,21.07916666666667,6.63,2.9,5.0600000000000005
39514,6,10,7,2011,21.113333333333333,7.1000000000000005,3.38,5.24
39515,6,11,7,2011,20.603333333333335,7.1000000000000005,3.02,5.14
39516,6,12,7,2011,21.145833333333332,5.09,3.59,4.2
39517,6,13,7,2011,22.045,4.64,3.58,4.19
39518,6,14,7,2011,23.636666666666667,3.63,2.92,3.42
39519,6,15,7,2011,25.185833333333335,3.88,3.11,3.65
39520,6,16,7,2011,26.555000000000003,4.5200000000000005,3.54,4.21
39521,6,17,7,2011,27.380833333333328,4.26,3.3000000000000003,3.92
39522,6,18,7,2011,28.519166666666663,3.09,2.56,2.94
39523,6,19,7,2011,29.311666666666664,2.81,2.24,2.61
39524,6,20,7,2011,29.934166666666666,2.84,2.29,2.66
39525,6,21,7,2011,30.4725,2.59,2.12,2.44
39526,6,22,7,2011,30.664166666666663,2.79,2.26,2.62
39527,6,23,7,2011,30.646666666666665,3.54,2.65,3.23
39528,7,0,7,2011,30.10166666666667,4.49,3.31,4.12
39529,7,1,7,2011,28.649166666666662,2.81,0.94,2.17
39530,7,2,7,2011,27.305000000000003,4.3500000000000005,0.86,2.63
39531,7,3,7,2011,26.09166666666667,5.8500000000000005,0.99,3.97
39532,7,4,7,2011,25.37166666666667,8.73,1.96,5.43
39533,7,5,7,2011,24.6775,7.9,3.5,6.41
39534,7,6,7,2011,24.63416666666667,7.27,3.46,6.03
39535,7,7,7,2011,23.83,6.51,2.88,5.33
39536,7,8,7,2011,22.39,6.3900000000000015,2.04,4.7700000000000005
39537,7,9,7,2011,22.993333333333336,7.83,5.16,6.65
39538,7,10,7,2011,22.323333333333334,10.81,6.11,8.27
39539,7,11,7,2011,21.42833333333333,7.9300000000000015,4.49,6.2700000000000005
39540,7,12,7,2011,21.145,4.54,2.62,3.58
39541,7,13,7,2011,21.522499999999997,1.69,1.62,1.81
39542,7,14,7,2011,21.74333333333333,2.34,1.85,2.15
39543,7,15,7,2011,22.844166666666666,2.18,1.83,2.11
39544,7,16,7,2011,22.946666666666662,4.34,3.49,4.1
39545,7,17,7,2011,22.7525,6.07,4.94,5.84
39546,7,18,7,2011,23.413333333333338,5.47,4.21,5.03
39547,7,19,7,2011,25.381666666666664,5.64,4.43,5.25
39548,7,20,7,2011,26.236666666666665,4.18,3.3000000000000003,3.88
39549,7,21,7,2011,27.502499999999998,5.25,3.98,4.78
39550,7,22,7,2011,28.142500000000002,5.65,4.26,5.14
39551,7,23,7,2011,27.566666666666674,6.47,5.0200000000000005,6.0600000000000005
39552,8,0,7,2011,26.813333333333333,5.93,4.25,5.34
39553,8,1,7,2011,25.202499999999997,5.89,3.09,4.9
39554,8,2,7,2011,23.771666666666672,5.43,1.57,3.89
39555,8,3,7,2011,22.77,5.7700000000000005,1.85,4.17
39556,8,4,7,2011,21.8075,6.05,1.9,4.3100000000000005
39557,8,5,7,2011,21.191666666666666,5.5200000000000005,1.44,3.42
39558,8,6,7,2011,21.005833333333335,3.74,0.71,1.86
39559,8,7,7,2011,20.9475,3.56,1.02,2.25
39560,8,8,7,2011,20.756666666666664,2.91,1.11,1.73
39561,8,9,7,2011,20.18166666666667,3.0700000000000003,1.36,2.67
39562,8,10,7,2011,19.132500000000004,3.12,1.4,2.73
39563,8,11,7,2011,18.984166666666667,2.86,0.93,2.14
39564,8,12,7,2011,20.575833333333332,2.26,0.89,1.32
39565,8,13,7,2011,22.75833333333333,1.7,1.56,1.74
39566,8,14,7,2011,24.495833333333337,2.4,1.98,2.28
39567,8,15,7,2011,25.830833333333334,2.25,1.86,2.14
39568,8,16,7,2011,26.93916666666667,2.44,2.08,2.36
39569,8,17,7,2011,27.836666666666662,2.41,2.01,2.3000000000000003
39570,8,18,7,2011,28.6125,2.84,2.37,2.71
39571,8,19,7,2011,29.247500000000002,2.91,2.34,2.71
39572,8,20,7,2011,29.80333333333333,3.56,2.8000000000000003,3.3000000000000003
39573,8,21,7,2011,30.122500000000002,4.23,3.51,4.07
39574,8,22,7,2011,30.08,4.55,3.49,4.2
39575,8,23,7,2011,29.977499999999996,5.55,3.93,4.97
39576,9,0,7,2011,29.220833333333335,6.9,4.33,5.75
39577,9,1,7,2011,27.275000000000002,8.67,3.46,6.66
39578,9,2,7,2011,25.85833333333333,10.08,3.98,7.21
39579,9,3,7,2011,25.061666666666667,11.2,4.87,8.040000000000001
39580,9,4,7,2011,24.3775,11.36,4.75,7.8
39581,9,5,7,2011,23.675,11.38,4.75,7.76
39582,9,6,7,2011,23.135,11.3,4.88,7.86
39583,9,7,7,2011,22.587499999999995,11.29,4.69,7.66
39584,9,8,7,2011,22.349166666666665,11.76,5.43,8.24
39585,9,9,7,2011,21.993333333333336,11.39,5.2700000000000005,8.03
39586,9,10,7,2011,21.760833333333334,12.55,6.67,9.41
39587,9,11,7,2011,22.08666666666667,13.05,7.17,9.99
39588,9,12,7,2011,22.889166666666668,11.33,6.7,9.06
39589,9,13,7,2011,23.886666666666667,9.32,6.97,8.52
39590,9,14,7,2011,25.216666666666665,9.19,6.83,8.370000000000001
39591,9,15,7,2011,26.76666666666667,8.540000000000001,6.3,7.73
39592,9,16,7,2011,28.266666666666666,7.43,5.5,6.7
39593,9,17,7,2011,29.248333333333335,7.44,5.53,6.73
39594,9,18,7,2011,30.26333333333334,7.24,5.43,6.58
39595,9,19,7,2011,31.209166666666665,6.88,5.17,6.25
39596,9,20,7,2011,32.009166666666665,7.43,5.55,6.75
39597,9,21,7,2011,32.51666666666667,7.5,5.5600000000000005,6.78
39598,9,22,7,2011,32.755,7.33,5.33,6.55
39599,9,23,7,2011,32.525,7.79,5.44,6.9
39600,10,0,7,2011,31.73,9.23,5.55,7.05
39601,10,1,7,2011,30.28583333333333,10.09,4.57,7.19
39602,10,2,7,2011,29.25333333333333,10.7,4.3100000000000005,7.12
39603,10,3,7,2011,28.84583333333333,11.15,4.68,7.5
39604,10,4,7,2011,28.467499999999998,11.66,5.26,8.08
39605,10,5,7,2011,28.01,11.63,5.08,7.9
39606,10,6,7,2011,28.058333333333334,12.82,7.11,10.02
39607,10,7,7,2011,26.668333333333337,11.87,4.76,7.9300000000000015
39608,10,8,7,2011,25.729999999999993,9.07,2.6,5.71
39609,10,9,7,2011,25.239999999999995,5.5600000000000005,2.27,4.2
39610,10,10,7,2011,24.210000000000004,3.73,2.6,4.1
39611,10,11,7,2011,23.374166666666667,9.52,5.07,7.07
39612,10,12,7,2011,24.32083333333333,9.14,5.25,7.03
39613,10,13,7,2011,25.702499999999997,6.3100000000000005,4.98,5.93
39614,10,14,7,2011,27.716666666666665,3.9,3.2,3.71
39615,10,15,7,2011,29.786666666666672,2.98,2.45,2.84
39616,10,16,7,2011,31.841666666666665,2.54,2.07,2.39
39617,10,17,7,2011,33.5675,2.35,1.9,2.19
39618,10,18,7,2011,35.09833333333333,2.4,1.9,2.22
39619,10,19,7,2011,36.27333333333333,2.49,1.98,2.31
39620,10,20,7,2011,37.0375,3.9,3.1,3.65
39621,10,21,7,2011,37.47083333333333,4.42,3.45,4.11
39622,10,22,7,2011,37.62833333333334,5.36,4.07,4.96
39623,10,23,7,2011,37.76333333333333,5.12,3.84,4.7
39624,11,0,7,2011,36.875,5.0600000000000005,2.82,4.5600000000000005
39625,11,1,7,2011,34.43,5.86,2.81,5.29
39626,11,2,7,2011,32.151666666666664,6.34,2.93,5.68
39627,11,3,7,2011,30.439166666666665,10.01,2.83,6.63
39628,11,4,7,2011,29.885833333333334,9.91,2.51,6.33
39629,11,5,7,2011,30.477500000000003,13.73,6.72,10.09
39630,11,6,7,2011,29.834166666666665,12.59,4.86,8.1
39631,11,7,7,2011,29.549999999999997,7.83,2.62,5.38
39632,11,8,7,2011,29.22916666666666,15.19,8.69,12.03
39633,11,9,7,2011,27.195833333333336,14.88,8.8,11.86
39634,11,10,7,2011,25.771666666666665,4.95,2.39,4.26
39635,11,11,7,2011,25.959999999999997,5.61,3.85,5.8
39636,11,12,7,2011,27.5325,6.6000000000000005,4.24,6.2
39637,11,13,7,2011,29.909999999999997,6.34,3.61,4.53
39638,11,14,7,2011,31.650000000000002,2.48,1.93,2.27
39639,11,15,7,2011,32.73,1.32,1.21,1.33
39640,11,16,7,2011,33.53833333333334,1.73,1.49,1.69
39641,11,17,7,2011,34.39416666666667,2.75,2.33,2.66
39642,11,18,7,2011,35.27583333333334,2.95,2.35,2.75
39643,11,19,7,2011,36.108333333333334,3.3200000000000003,2.6,3.0700000000000003
39644,11,20,7,2011,36.815,3.81,2.98,3.52
39645,11,21,7,2011,37.198333333333345,4.01,3.14,3.74
39646,11,22,7,2011,37.324999999999996,4.72,3.42,4.3100000000000005
39647,11,23,7,2011,34.880833333333335,12.0,7.38,10.42
39648,12,0,7,2011,34.37333333333334,3.31,2.57,3.5500000000000003
39649,12,1,7,2011,33.20083333333333,5.65,1.72,3.82
39650,12,2,7,2011,30.676666666666666,9.45,3.3200000000000003,6.21
39651,12,3,7,2011,28.413333333333338,10.05,3.4,6.57
39652,12,4,7,2011,27.450833333333332,9.99,3.63,6.75
39653,12,5,7,2011,26.8625,10.86,4.15,7.86
39654,12,6,7,2011,26.902499999999993,10.58,5.25,8.6
39655,12,7,7,2011,25.925833333333333,8.1,3.5700000000000003,6.45
39656,12,8,7,2011,25.49,8.66,2.69,5.3100000000000005
39657,12,9,7,2011,25.655,8.01,1.74,3.78
39658,12,10,7,2011,26.1975,9.94,2.49,5.25
39659,12,11,7,2011,26.613333333333333,8.19,4.22,4.86
39660,12,12,7,2011,25.224166666666672,5.0600000000000005,3.45,4.73
39661,12,13,7,2011,26.965833333333332,5.3500000000000005,3.77,4.21
39662,12,14,7,2011,29.59583333333333,3.27,2.84,3.24
39663,12,15,7,2011,31.04666666666667,2.29,2.13,2.27
39664,12,16,7,2011,31.50666666666667,3.63,3.18,3.59
39665,12,17,7,2011,32.115833333333335,4.36,3.78,4.29
39666,12,18,7,2011,32.74666666666668,4.05,3.48,3.97
39667,12,19,7,2011,33.795833333333334,3.01,2.74,3.0500000000000003
39668,12,20,7,2011,34.766666666666666,3.12,2.83,3.15
39669,12,21,7,2011,35.36083333333334,3.69,3.3000000000000003,3.72
39670,12,22,7,2011,34.656666666666666,7.27,5.89,6.97
39671,12,23,7,2011,31.22083333333333,13.32,9.92,13.02
39672,13,0,7,2011,28.924166666666668,10.98,7.36,9.32
39673,13,1,7,2011,27.302499999999995,10.08,6.98,8.91
39674,13,2,7,2011,27.940833333333334,8.53,3.15,4.89
39675,13,3,7,2011,26.3725,9.41,3.96,6.5200000000000005
39676,13,4,7,2011,24.9075,10.3,5.3100000000000005,7.7
39677,13,5,7,2011,23.9525,11.99,5.84,8.52
39678,13,6,7,2011,22.9025,10.45,5.45,7.78
39679,13,7,7,2011,21.857499999999998,7.42,3.39,5.22
39680,13,8,7,2011,21.138333333333335,6.96,2.91,4.79
39681,13,9,7,2011,20.541666666666664,7.48,2.79,4.73
39682,13,10,7,2011,19.981666666666662,8.78,3.95,5.98
39683,13,11,7,2011,19.81666666666667,9.14,4.86,6.5200000000000005
39684,13,12,7,2011,20.702500000000004,7.69,4.49,5.65
39685,13,13,7,2011,22.189999999999998,5.76,4.48,5.36
39686,13,14,7,2011,23.986666666666665,5.49,4.24,5.08
39687,13,15,7,2011,25.56416666666667,5.5200000000000005,4.3,5.12
39688,13,16,7,2011,26.9025,5.7700000000000005,4.5200000000000005,5.37
39689,13,17,7,2011,28.120833333333337,5.3100000000000005,4.16,4.92
39690,13,18,7,2011,29.11666666666667,5.39,4.26,5.03
39691,13,19,7,2011,29.853333333333335,6.18,4.88,5.78
39692,13,20,7,2011,30.44333333333334,6.26,4.93,5.8500000000000005
39693,13,21,7,2011,30.875,6.3900000000000015,4.91,5.89
39694,13,22,7,2011,31.057499999999994,6.43,4.8100000000000005,5.86
39695,13,23,7,2011,30.840833333333336,7.25,5.28,6.5
39696,14,0,7,2011,30.155,8.040000000000001,5.33,6.75
39697,14,1,7,2011,28.465,9.6,4.37,6.7
39698,14,2,7,2011,27.159166666666664,10.35,3.91,6.8900000000000015
39699,14,3,7,2011,26.3925,11.25,4.93,7.73
39700,14,4,7,2011,25.816666666666666,11.57,5.57,8.3
39701,14,5,7,2011,25.286666666666672,12.08,6.3,9.04
39702,14,6,7,2011,24.748333333333335,11.29,5.68,8.18
39703,14,7,7,2011,23.965000000000003,10.8,5.8,8.22
39704,14,8,7,2011,22.966666666666665,7.28,2.12,4.5200000000000005
39705,14,9,7,2011,22.936666666666667,4.91,3.18,4.65
39706,14,10,7,2011,23.06,6.75,4.21,5.65
39707,14,11,7,2011,22.36916666666667,7.7,4.46,6.09
39708,14,12,7,2011,22.580000000000002,9.63,6.38,7.95
39709,14,13,7,2011,24.115000000000006,9.0,5.87,7.3900000000000015
39710,14,14,7,2011,25.74333333333334,6.46,4.82,5.8500000000000005
39711,14,15,7,2011,27.100000000000005,5.95,4.47,5.41
39712,14,16,7,2011,28.537499999999998,5.79,4.41,5.3
39713,14,17,7,2011,29.981666666666666,6.08,4.6000000000000005,5.53
39714,14,18,7,2011,31.154166666666665,5.91,4.47,5.39
39715,14,19,7,2011,32.074999999999996,6.84,5.18,6.25
39716,14,20,7,2011,32.704166666666666,7.19,5.4,6.57
39717,14,21,7,2011,33.115,7.24,5.4,6.57
39718,14,22,7,2011,33.30833333333334,7.15,5.32,6.48
39719,14,23,7,2011,33.085,7.6,5.39,6.73
39720,15,0,7,2011,32.291666666666664,8.88,5.3500000000000005,7.0200000000000005
39721,15,1,7,2011,30.765000000000004,10.73,4.79,7.73
39722,15,2,7,2011,29.735833333333336,10.98,5.16,7.98
39723,15,3,7,2011,28.653333333333336,11.12,5.26,7.99
39724,15,4,7,2011,28.11666666666667,11.61,5.63,8.38
39725,15,5,7,2011,27.634999999999994,11.79,5.72,8.49
39726,15,6,7,2011,27.180833333333336,11.84,5.59,8.38
39727,15,7,7,2011,26.6275,11.82,5.67,8.44
39728,15,8,7,2011,26.081666666666663,11.7,5.54,8.26
39729,15,9,7,2011,25.719166666666666,12.4,6.34,9.14
39730,15,10,7,2011,25.449166666666667,12.2,6.09,8.870000000000003
39731,15,11,7,2011,25.150000000000002,11.74,6.9,9.26
39732,15,12,7,2011,25.909166666666664,11.19,6.73,9.02
39733,15,13,7,2011,27.115833333333338,8.78,6.37,7.85
39734,15,14,7,2011,28.73,8.01,5.95,7.29
39735,15,15,7,2011,30.346666666666664,8.01,5.89,7.21
39736,15,16,7,2011,31.795833333333334,7.62,5.62,6.87
39737,15,17,7,2011,33.13916666666667,8.33,6.15,7.52
39738,15,18,7,2011,34.14666666666666,8.86,6.54,8.01
39739,15,19,7,2011,34.9175,8.870000000000003,6.54,8.01
39740,15,20,7,2011,35.4925,9.36,6.82,8.4
39741,15,21,7,2011,35.695,9.51,6.8500000000000005,8.48
39742,15,22,7,2011,35.49833333333334,10.5,7.44,9.36
39743,15,23,7,2011,35.0075,10.85,7.54,9.56
39744,16,0,7,2011,34.06916666666667,10.96,7.54,9.66
39745,16,1,7,2011,32.63666666666667,13.05,6.75,9.85
39746,16,2,7,2011,31.761666666666667,13.17,6.94,9.99
39747,16,3,7,2011,30.81083333333333,13.25,6.94,9.96
39748,16,4,7,2011,30.30583333333333,13.26,6.8900000000000015,9.91
39749,16,5,7,2011,30.145,13.27,7.56,10.35
39750,16,6,7,2011,29.789166666666663,12.9,7.51,10.23
39751,16,7,7,2011,28.61666666666667,12.35,5.83,8.73
39752,16,8,7,2011,28.09166666666667,12.43,5.99,8.870000000000003
39753,16,9,7,2011,27.499166666666667,12.33,5.92,8.78
39754,16,10,7,2011,26.980833333333337,11.2,5.25,7.81
39755,16,11,7,2011,26.845,10.9,6.12,8.34
39756,16,12,7,2011,27.261666666666667,10.02,5.8100000000000005,7.9
39757,16,13,7,2011,28.27666666666667,5.38,3.13,3.78
39758,16,14,7,2011,29.5775,6.6400000000000015,5.08,6.13
39759,16,15,7,2011,30.995833333333334,7.07,5.3,6.45
39760,16,16,7,2011,32.63833333333333,7.73,5.76,7.01
39761,16,17,7,2011,33.88666666666666,7.7,5.72,6.97
39762,16,18,7,2011,34.93666666666667,7.55,5.64,6.86
39763,16,19,7,2011,35.795,7.23,5.3500000000000005,6.51
39764,16,20,7,2011,36.27,7.83,5.84,7.12
39765,16,21,7,2011,36.50333333333334,8.05,6.0,7.34
39766,16,22,7,2011,36.53249999999999,8.22,5.94,7.38
39767,16,23,7,2011,36.100833333333334,9.31,6.46,8.24
39768,17,0,7,2011,34.95583333333334,10.78,6.44,8.76
39769,17,1,7,2011,33.489999999999995,11.49,5.7,8.58
39770,17,2,7,2011,32.305,12.48,6.09,9.18
39771,17,3,7,2011,31.40833333333333,12.38,6.16,9.1
39772,17,4,7,2011,30.610000000000003,12.75,6.3100000000000005,9.34
39773,17,5,7,2011,29.98333333333333,12.9,6.41,9.46
39774,17,6,7,2011,29.493333333333336,12.21,5.98,8.89
39775,17,7,7,2011,29.040833333333328,12.09,5.89,8.8
39776,17,8,7,2011,28.590833333333325,12.11,6.04,8.950000000000003
39777,17,9,7,2011,28.149166666666662,11.04,5.14,7.9300000000000015
39778,17,10,7,2011,27.477500000000003,10.59,4.7,7.46
39779,17,11,7,2011,26.864999999999995,9.67,4.8100000000000005,6.84
39780,17,12,7,2011,27.465833333333336,8.540000000000001,4.64,6.49
39781,17,13,7,2011,29.35083333333334,6.34,4.63,5.7
39782,17,14,7,2011,31.03333333333333,6.42,4.76,5.82
39783,17,15,7,2011,32.49333333333333,6.42,4.73,5.78
39784,17,16,7,2011,33.781666666666666,6.6400000000000015,4.91,5.99
39785,17,17,7,2011,34.89416666666667,6.3500000000000005,4.72,5.74
39786,17,18,7,2011,35.770833333333336,5.68,4.3,5.18
39787,17,19,7,2011,36.3325,6.19,4.75,5.71
39788,17,20,7,2011,36.82333333333333,5.99,4.62,5.5600000000000005
39789,17,21,7,2011,37.14416666666667,5.95,4.5600000000000005,5.49
39790,17,22,7,2011,37.20166666666667,6.19,4.6000000000000005,5.66
39791,17,23,7,2011,36.78583333333333,7.07,5.17,6.41
39792,18,0,7,2011,35.535833333333336,8.53,4.64,6.6400000000000015
39793,18,1,7,2011,33.63,10.28,4.58,8.06
39794,18,2,7,2011,32.35750000000001,11.91,4.9,8.4
39795,18,3,7,2011,31.175833333333333,11.74,5.3100000000000005,8.64
39796,18,4,7,2011,30.543333333333337,11.79,5.29,8.620000000000001
39797,18,5,7,2011,29.575833333333335,12.14,5.98,9.09
39798,18,6,7,2011,29.046666666666667,12.26,6.1400000000000015,9.26
39799,18,7,7,2011,28.644166666666667,11.46,5.67,8.73
39800,18,8,7,2011,28.27916666666667,11.51,5.74,8.790000000000001
39801,18,9,7,2011,27.852500000000003,10.85,5.2700000000000005,8.22
39802,18,10,7,2011,27.39666666666666,10.9,5.29,8.23
39803,18,11,7,2011,26.896666666666672,10.19,4.79,7.71
39804,18,12,7,2011,27.832499999999996,9.53,5.22,7.29
39805,18,13,7,2011,29.045833333333338,6.54,4.82,5.8500000000000005
39806,18,14,7,2011,30.80083333333333,6.19,4.67,5.67
39807,18,15,7,2011,32.4375,5.86,4.3500000000000005,5.3100000000000005
39808,18,16,7,2011,33.74166666666667,5.29,3.96,4.8
39809,18,17,7,2011,34.85750000000001,4.76,3.61,4.34
39810,18,18,7,2011,35.78583333333333,3.58,2.77,3.3000000000000003
39811,18,19,7,2011,36.44916666666666,4.03,3.23,3.78
39812,18,20,7,2011,37.01750000000001,4.53,3.53,4.21
39813,18,21,7,2011,37.155833333333334,4.41,3.54,4.17
39814,18,22,7,2011,37.313333333333325,4.86,3.75,4.49
39815,18,23,7,2011,36.92333333333333,6.09,4.45,5.58
39816,19,0,7,2011,35.88916666666666,6.95,4.04,5.94
39817,19,1,7,2011,33.88416666666668,8.96,4.05,7.3900000000000015
39818,19,2,7,2011,32.68,10.42,4.2700000000000005,7.6400000000000015
39819,19,3,7,2011,31.575,12.14,5.42,8.620000000000001
39820,19,4,7,2011,30.974999999999998,11.91,5.3500000000000005,8.51
39821,19,5,7,2011,30.0325,11.92,5.43,8.52
39822,19,6,7,2011,29.03833333333333,12.0,5.12,8.25
39823,19,7,7,2011,28.6525,12.06,5.2700000000000005,8.36
39824,19,8,7,2011,28.50999999999999,12.32,5.3,8.55
39825,19,9,7,2011,28.298333333333332,12.2,5.43,8.68
39826,19,10,7,2011,27.650833333333328,11.16,4.99,8.06
39827,19,11,7,2011,27.21666666666667,10.08,4.84,7.78
39828,19,12,7,2011,27.825,9.27,5.2,7.09
39829,19,13,7,2011,29.647499999999997,7.42,4.87,5.88
39830,19,14,7,2011,31.553333333333327,6.09,4.5600000000000005,5.53
39831,19,15,7,2011,33.02833333333333,6.22,4.62,5.64
39832,19,16,7,2011,34.09416666666667,6.04,4.49,5.46
39833,19,17,7,2011,35.03333333333333,6.34,4.72,5.74
39834,19,18,7,2011,35.82916666666667,7.36,5.49,6.7
39835,19,19,7,2011,36.533333333333324,8.11,6.11,7.45
39836,19,20,7,2011,36.955000000000005,8.69,6.5200000000000005,7.98
39837,19,21,7,2011,37.19416666666667,9.05,6.65,8.24
39838,19,22,7,2011,36.98749999999999,9.53,6.86,8.59
39839,19,23,7,2011,36.532500000000006,10.33,7.32,9.32
39840,20,0,7,2011,34.848333333333336,10.43,5.8,8.14
39841,20,1,7,2011,32.465,13.08,5.48,9.27
39842,20,2,7,2011,31.119166666666672,13.35,5.8,9.46
39843,20,3,7,2011,29.87166666666667,13.64,5.61,9.23
39844,20,4,7,2011,29.073333333333338,13.7,5.76,9.33
39845,20,5,7,2011,28.795833333333338,13.92,6.34,9.76
39846,20,6,7,2011,28.340833333333332,13.47,6.11,9.45
39847,20,7,7,2011,27.772499999999997,12.92,5.66,8.91
39848,20,8,7,2011,27.533333333333328,12.93,5.44,8.76
39849,20,9,7,2011,26.849166666666665,12.85,5.29,8.58
39850,20,10,7,2011,26.365000000000006,12.62,5.22,8.22
39851,20,11,7,2011,25.564166666666665,12.01,6.13,8.700000000000001
39852,20,12,7,2011,27.474999999999998,11.85,6.49,8.950000000000003
39853,20,13,7,2011,29.196666666666673,9.49,6.47,8.040000000000001
39854,20,14,7,2011,30.85916666666667,9.23,6.61,8.22
39855,20,15,7,2011,32.178333333333335,9.52,6.8,8.45
39856,20,16,7,2011,33.5475,9.59,6.86,8.52
39857,20,17,7,2011,34.7825,9.76,7.01,8.69
39858,20,18,7,2011,35.730000000000004,10.39,7.49,9.27
39859,20,19,7,2011,36.5025,9.83,7.11,8.82
39860,20,20,7,2011,37.067499999999995,9.54,6.9,8.53
39861,20,21,7,2011,37.321666666666665,9.73,7.03,8.73
39862,20,22,7,2011,37.43083333333334,9.23,6.6400000000000015,8.26
39863,20,23,7,2011,37.25666666666667,9.74,6.68,8.57
39864,21,0,7,2011,36.1975,10.0,6.0200000000000005,7.88
39865,21,1,7,2011,33.88,11.71,5.13,8.370000000000001
39866,21,2,7,2011,32.40416666666667,13.72,5.8500000000000005,9.2
39867,21,3,7,2011,31.623333333333335,14.6,7.42,10.75
39868,21,4,7,2011,30.915833333333328,14.01,6.96,10.16
39869,21,5,7,2011,30.07166666666667,13.35,6.44,9.41
39870,21,6,7,2011,27.213333333333335,10.87,3.73,6.8
39871,21,7,7,2011,25.12166666666667,9.33,2.98,6.03
39872,21,8,7,2011,23.916666666666668,7.6400000000000015,2.5,5.05
39873,21,9,7,2011,23.208333333333332,6.84,2.47,4.28
39874,21,10,7,2011,23.290000000000003,2.96,2.5,3.8
39875,21,11,7,2011,22.695000000000004,5.64,3.67,5.24
39876,21,12,7,2011,23.4575,5.13,2.8000000000000003,3.92
39877,21,13,7,2011,25.308333333333334,2.66,2.34,2.64
39878,21,14,7,2011,28.01666666666667,2.26,1.93,2.2
39879,21,15,7,2011,30.691666666666666,1.92,1.61,1.84
39880,21,16,7,2011,32.25833333333333,1.2,0.89,1.07
39881,21,17,7,2011,33.12833333333334,1.83,1.72,1.87
39882,21,18,7,2011,34.35333333333333,2.84,2.24,2.62
39883,21,19,7,2011,35.39416666666667,4.18,3.0700000000000003,3.74
39884,21,20,7,2011,36.33583333333333,5.69,4.51,5.33
39885,21,21,7,2011,36.82333333333333,11.76,7.47,9.71
39886,21,22,7,2011,32.225,11.75,8.4,10.52
39887,21,23,7,2011,25.433333333333334,14.03,9.62,12.52
39888,22,0,7,2011,24.97416666666666,10.1,5.73,7.8900000000000015
39889,22,1,7,2011,24.425833333333333,9.23,4.99,7.09
39890,22,2,7,2011,23.515833333333337,8.01,4.79,6.4
39891,22,3,7,2011,24.73333333333333,10.06,5.67,7.94
39892,22,4,7,2011,27.12833333333333,11.95,6.5,9.73
39893,22,5,7,2011,29.26833333333333,12.24,6.3900000000000015,9.63
39894,22,6,7,2011,26.208333333333332,10.46,6.7700000000000005,9.08
39895,22,7,7,2011,24.280833333333334,9.24,4.3100000000000005,6.67
39896,22,8,7,2011,24.169166666666666,6.83,3.66,4.68
39897,22,9,7,2011,24.17583333333333,8.5,4.28,6.67
39898,22,10,7,2011,24.63666666666667,9.17,4.97,7.3900000000000015
39899,22,11,7,2011,24.008333333333336,8.57,3.87,6.34
39900,22,12,7,2011,24.578333333333333,7.1400000000000015,3.84,4.93
39901,22,13,7,2011,26.522499999999997,7.42,4.34,5.2
39902,22,14,7,2011,29.385833333333334,5.89,4.32,5.2
39903,22,15,7,2011,31.738333333333333,6.66,4.8500000000000005,5.95
39904,22,16,7,2011,33.635833333333345,7.29,5.33,6.53
39905,22,17,7,2011,34.98833333333334,6.83,4.97,6.08
39906,22,18,7,2011,36.505833333333335,7.42,5.4,6.63
39907,22,19,7,2011,37.385,8.22,6.11,7.45
39908,22,20,7,2011,37.795833333333334,8.67,6.54,7.97
39909,22,21,7,2011,38.12,8.58,6.51,7.92
39910,22,22,7,2011,38.06583333333334,9.23,6.63,8.27
39911,22,23,7,2011,37.50833333333333,9.25,6.5,8.1
39912,23,0,7,2011,35.9275,12.03,5.36,8.790000000000001
39913,23,1,7,2011,33.484166666666674,13.84,5.17,8.99
39914,23,2,7,2011,32.385,14.11,5.59,9.5
39915,23,3,7,2011,31.145,13.68,5.3100000000000005,8.96
39916,23,4,7,2011,30.4225,14.41,6.34,9.91
39917,23,5,7,2011,29.299166666666668,14.09,6.3100000000000005,9.71
39918,23,6,7,2011,28.6425,15.24,7.28,10.82
39919,23,7,7,2011,28.09166666666667,14.48,6.87,10.24
39920,23,8,7,2011,27.090000000000003,13.54,6.48,9.63
39921,23,9,7,2011,27.47083333333333,15.25,7.15,10.65
39922,23,10,7,2011,26.059166666666666,14.15,6.2700000000000005,9.76
39923,23,11,7,2011,26.397500000000004,15.05,6.69,10.44
39924,23,12,7,2011,27.519166666666663,12.85,6.75,9.34
39925,23,13,7,2011,29.801666666666666,11.32,6.8900000000000015,9.09
39926,23,14,7,2011,31.678333333333338,9.34,6.84,8.4
39927,23,15,7,2011,33.64333333333333,9.07,6.66,8.19
39928,23,16,7,2011,35.26916666666666,9.04,6.62,8.15
39929,23,17,7,2011,36.526666666666664,8.02,5.91,7.22
39930,23,18,7,2011,37.406666666666666,6.58,4.86,5.91
39931,23,19,7,2011,38.00333333333333,6.28,4.66,5.66
39932,23,20,7,2011,38.4225,6.44,4.78,5.8100000000000005
39933,23,21,7,2011,38.612500000000004,6.7700000000000005,5.1000000000000005,6.19
39934,23,22,7,2011,38.62416666666667,6.94,5.18,6.33
39935,23,23,7,2011,38.38166666666665,7.28,5.15,6.54
39936,24,0,7,2011,36.90749999999999,7.97,3.92,6.22
39937,24,1,7,2011,34.525,11.6,4.32,8.28
39938,24,2,7,2011,33.11333333333334,13.03,5.18,9.07
39939,24,3,7,2011,31.831666666666667,14.23,5.48,9.34
39940,24,4,7,2011,30.710000000000004,13.77,5.62,9.27
39941,24,5,7,2011,29.60833333333333,13.5,5.76,9.31
39942,24,6,7,2011,29.33583333333333,12.45,5.91,9.2
39943,24,7,7,2011,29.838333333333342,12.71,5.86,9.28
39944,24,8,7,2011,28.952499999999997,12.84,6.05,9.5
39945,24,9,7,2011,27.846666666666668,10.89,5.22,8.31
39946,24,10,7,2011,27.742500000000007,10.78,5.19,8.26
39947,24,11,7,2011,25.323333333333334,9.56,4.74,7.53
39948,24,12,7,2011,24.88083333333333,4.89,2.45,4.14
39949,24,13,7,2011,27.21666666666667,2.76,1.95,2.25
39950,24,14,7,2011,29.090000000000003,2.68,2.32,2.64
39951,24,15,7,2011,30.560833333333335,3.18,2.59,3.01
39952,24,16,7,2011,32.15916666666667,4.07,3.23,3.8
39953,24,17,7,2011,33.39,4.46,3.5,4.14
39954,24,18,7,2011,34.53333333333333,4.17,3.24,3.84
39955,24,19,7,2011,35.54916666666667,4.96,3.82,4.54
39956,24,20,7,2011,36.16,4.79,3.75,4.43
39957,24,21,7,2011,36.58333333333333,3.76,2.99,3.5
39958,24,22,7,2011,36.77916666666667,2.84,2.28,2.66
39959,24,23,7,2011,36.19166666666667,7.49,5.41,6.8100000000000005
39960,25,0,7,2011,34.54750000000001,7.86,5.63,7.07
39961,25,1,7,2011,32.32333333333334,8.370000000000001,3.88,6.78
39962,25,2,7,2011,30.291666666666668,7.79,3.0500000000000003,6.2700000000000005
39963,25,3,7,2011,28.609999999999996,5.04,2.61,4.98
39964,25,4,7,2011,27.569166666666664,4.12,1.44,2.86
39965,25,5,7,2011,26.938333333333333,4.93,1.76,3.61
39966,25,6,7,2011,25.525000000000002,5.5,1.65,3.75
39967,25,7,7,2011,24.81583333333333,5.3100000000000005,1.63,3.28
39968,25,8,7,2011,24.185833333333335,3.58,1.48,3.17
39969,25,9,7,2011,23.403333333333336,3.34,0.8,1.94
39970,25,10,7,2011,23.27916666666667,3.5700000000000003,0.97,2.29
39971,25,11,7,2011,22.925833333333333,3.19,0.94,2.15
39972,25,12,7,2011,23.867500000000003,2.51,1.16,1.4
39973,25,13,7,2011,26.118333333333336,1.19,1.02,1.16
39974,25,14,7,2011,27.816666666666674,0.81,0.61,0.72
39975,25,15,7,2011,29.266666666666662,1.06,0.84,0.98
39976,25,16,7,2011,30.478333333333335,1.19,1.19,1.27
39977,25,17,7,2011,31.56833333333334,0.68,0.74,0.76
39978,25,18,7,2011,32.59166666666666,1.1,1.07,1.14
39979,25,19,7,2011,33.490833333333335,1.07,0.93,1.02
39980,25,20,7,2011,34.32833333333333,1.55,1.29,1.48
39981,25,21,7,2011,34.83833333333333,2.37,2.04,2.31
39982,25,22,7,2011,35.10166666666667,2.36,1.95,2.23
39983,25,23,7,2011,35.204166666666666,3.6,2.83,3.37
39984,26,0,7,2011,34.495,3.88,2.12,3.61
39985,26,1,7,2011,32.32416666666667,3.28,1.49,2.65
39986,26,2,7,2011,30.91916666666667,2.25,1.1,2.0
39987,26,3,7,2011,29.507499999999997,6.47,1.92,4.34
39988,26,4,7,2011,28.355833333333333,8.84,3.94,7.29
39989,26,5,7,2011,28.4575,7.41,4.0,7.29
39990,26,6,7,2011,27.837500000000002,6.58,3.69,6.49
39991,26,7,7,2011,27.028333333333332,6.2,3.72,6.23
39992,26,8,7,2011,26.095,5.37,3.5700000000000003,5.47
39993,26,9,7,2011,25.868333333333336,4.62,3.01,4.93
39994,26,10,7,2011,24.859166666666663,4.3100000000000005,3.1,4.89
39995,26,11,7,2011,24.1725,4.25,2.4,3.96
39996,26,12,7,2011,24.599166666666665,5.33,1.91,3.23
39997,26,13,7,2011,27.355833333333337,4.08,2.83,3.42
39998,26,14,7,2011,29.44416666666667,4.78,3.59,4.33
39999,26,15,7,2011,30.699166666666667,4.94,3.8,4.55
40000,26,16,7,2011,31.732499999999998,5.08,3.89,4.65
40001,26,17,7,2011,32.86833333333334,5.09,3.86,4.64
40002,26,18,7,2011,34.03916666666667,5.45,4.1,4.93
40003,26,19,7,2011,34.98916666666667,6.44,4.86,5.88
40004,26,20,7,2011,35.61333333333334,6.42,4.8500000000000005,5.86
40005,26,21,7,2011,35.875,7.22,5.4,6.58
40006,26,22,7,2011,35.943333333333335,7.74,5.63,7.0
40007,26,23,7,2011,35.715833333333336,7.95,5.72,7.13
40008,27,0,7,2011,34.76416666666666,8.21,5.12,6.6000000000000005
40009,27,1,7,2011,32.655,11.98,4.57,8.33
40010,27,2,7,2011,31.87416666666667,12.73,5.84,9.1
40011,27,3,7,2011,31.250000000000004,12.94,5.83,9.11
40012,27,4,7,2011,30.298333333333336,13.55,6.16,9.6
40013,27,5,7,2011,29.763333333333335,13.46,6.32,9.66
40014,27,6,7,2011,28.968333333333337,13.91,6.58,9.96
40015,27,7,7,2011,28.02083333333333,13.99,6.26,9.69
40016,27,8,7,2011,27.49166666666667,14.48,7.08,10.41
40017,27,9,7,2011,27.615,15.75,8.26,11.78
40018,27,10,7,2011,27.375833333333336,15.59,8.4,11.77
40019,27,11,7,2011,26.84916666666666,16.5,9.27,12.73
40020,27,12,7,2011,27.811666666666664,16.240000000000002,9.48,12.6
40021,27,13,7,2011,29.38083333333334,14.44,9.18,11.5
40022,27,14,7,2011,31.317500000000006,11.95,8.51,10.61
40023,27,15,7,2011,33.53,12.05,8.65,10.79
40024,27,16,7,2011,35.47,11.06,7.8900000000000015,9.81
40025,27,17,7,2011,37.50666666666667,11.17,7.91,9.86
40026,27,18,7,2011,39.11833333333333,11.11,7.9300000000000015,9.86
40027,27,19,7,2011,40.37916666666666,10.79,7.68,9.54
40028,27,20,7,2011,41.33083333333334,10.51,7.45,9.27
40029,27,21,7,2011,41.92083333333333,10.91,7.63,9.58
40030,27,22,7,2011,42.219166666666666,10.9,7.63,9.57
40031,27,23,7,2011,42.13,10.32,7.09,8.98
40032,28,0,7,2011,40.02916666666667,10.51,5.7700000000000005,7.9
40033,28,1,7,2011,36.934999999999995,14.38,5.69,9.61
40034,28,2,7,2011,35.112500000000004,16.84,8.41,12.16
40035,28,3,7,2011,33.791666666666664,15.4,7.43,11.01
40036,28,4,7,2011,32.91083333333333,15.78,7.95,11.53
40037,28,5,7,2011,31.536666666666672,14.18,6.36,9.79
40038,28,6,7,2011,30.3275,11.35,4.21,7.52
40039,28,7,7,2011,27.953333333333337,9.83,3.16,6.8500000000000005
40040,28,8,7,2011,27.454166666666666,9.08,2.32,5.91
40041,28,9,7,2011,26.900833333333335,5.16,1.39,4.1
40042,28,10,7,2011,26.097499999999997,2.73,1.17,2.58
40043,28,11,7,2011,25.55916666666666,1.01,0.65,1.59
40044,28,12,7,2011,26.209166666666672,1.36,0.63,1.32
40045,28,13,7,2011,28.201666666666668,2.02,1.57,1.86
40046,28,14,7,2011,30.730833333333326,2.66,2.01,2.4
40047,28,15,7,2011,32.23333333333334,2.75,2.11,2.51
40048,28,16,7,2011,33.6275,2.69,2.06,2.44
40049,28,17,7,2011,34.93333333333333,2.48,2.06,2.35
40050,28,18,7,2011,36.05916666666667,2.87,2.41,2.75
40051,28,19,7,2011,37.04083333333333,2.89,2.41,2.76
40052,28,20,7,2011,37.652499999999996,3.09,2.58,2.97
40053,28,21,7,2011,37.690000000000005,6.2700000000000005,5.1000000000000005,5.98
40054,28,22,7,2011,36.76833333333333,10.05,7.34,9.06
40055,28,23,7,2011,34.4175,9.27,6.65,8.33
40056,29,0,7,2011,31.77166666666666,10.54,7.38,9.35
40057,29,1,7,2011,28.675,10.3,6.48,8.23
40058,29,2,7,2011,25.860833333333336,9.25,4.5,6.6000000000000005
40059,29,3,7,2011,25.7975,8.01,5.38,7.11
40060,29,4,7,2011,25.245000000000005,8.08,4.6000000000000005,6.34
40061,29,5,7,2011,24.256666666666664,8.36,5.13,6.79
40062,29,6,7,2011,24.00833333333333,8.73,5.5600000000000005,7.25
40063,29,7,7,2011,23.30416666666667,6.08,3.73,4.79
40064,29,8,7,2011,23.1775,5.42,3.03,4.18
40065,29,9,7,2011,22.87,5.34,2.4,3.74
40066,29,10,7,2011,22.854999999999993,1.68,1.7,2.15
40067,29,11,7,2011,22.7625,2.81,1.82,2.59
40068,29,12,7,2011,23.498333333333335,3.71,1.72,2.71
40069,29,13,7,2011,24.899999999999995,2.25,1.74,2.05
40070,29,14,7,2011,26.424166666666668,2.7,2.28,2.61
40071,29,15,7,2011,28.11,2.8000000000000003,2.35,2.7
40072,29,16,7,2011,29.441666666666666,2.3000000000000003,1.89,2.17
40073,29,17,7,2011,30.616666666666664,1.74,1.57,1.75
40074,29,18,7,2011,30.725833333333327,1.75,1.58,1.75
40075,29,19,7,2011,31.834166666666672,1.34,1.19,1.32
40076,29,20,7,2011,32.723333333333336,1.75,1.65,1.81
40077,29,21,7,2011,29.25583333333334,15.0,10.58,13.12
40078,29,22,7,2011,23.525000000000002,13.1,8.34,11.0
40079,29,23,7,2011,23.179999999999996,9.32,5.76,7.9300000000000015
40080,30,0,7,2011,23.2325,6.83,4.29,5.68
40081,30,1,7,2011,23.232499999999998,6.82,4.22,5.6000000000000005
40082,30,2,7,2011,22.754166666666663,5.93,1.65,3.33
40083,30,3,7,2011,22.58666666666667,5.29,3.46,4.61
40084,30,4,7,2011,22.82166666666667,5.84,3.7,5.0
40085,30,5,7,2011,22.054166666666664,4.74,2.62,3.64
40086,30,6,7,2011,21.936666666666667,3.92,1.87,3.26
40087,30,7,7,2011,22.38083333333333,3.5500000000000003,2.39,3.91
40088,30,8,7,2011,22.12666666666667,3.03,1.65,2.93
40089,30,9,7,2011,21.459166666666665,3.97,1.27,2.71
40090,30,10,7,2011,20.9325,4.7,1.62,3.43
40091,30,11,7,2011,21.289166666666667,4.34,1.96,3.52
40092,30,12,7,2011,22.343333333333334,4.0600000000000005,2.07,3.09
40093,30,13,7,2011,24.24,3.78,2.89,3.46
40094,30,14,7,2011,26.262500000000003,4.57,3.45,4.15
40095,30,15,7,2011,27.622500000000002,4.49,3.43,4.1
40096,30,16,7,2011,29.006666666666664,4.5600000000000005,3.5500000000000003,4.21
40097,30,17,7,2011,30.19,4.13,3.2,3.79
40098,30,18,7,2011,31.37333333333333,3.67,2.86,3.38
40099,30,19,7,2011,32.40416666666666,2.82,2.24,2.62
40100,30,20,7,2011,33.04916666666666,2.17,1.75,2.03
40101,30,21,7,2011,33.51666666666667,1.53,1.39,1.53
40102,30,22,7,2011,33.83,1.28,1.4,1.45
40103,30,23,7,2011,33.87583333333333,2.06,1.75,2.01
40104,31,0,7,2011,33.11833333333333,2.44,1.72,2.7
40105,31,1,7,2011,30.777499999999993,5.58,1.79,3.95
40106,31,2,7,2011,28.5325,5.44,2.34,4.65
40107,31,3,7,2011,27.405833333333334,5.75,3.08,5.07
40108,31,4,7,2011,26.985833333333336,4.34,2.58,4.64
40109,31,5,7,2011,25.941666666666666,3.27,1.9,3.36
40110,31,6,7,2011,24.83083333333333,3.46,2.73,4.79
40111,31,7,7,2011,23.94333333333333,2.95,2.48,4.57
40112,31,8,7,2011,23.82916666666667,3.04,2.07,3.3200000000000003
40113,31,9,7,2011,23.38416666666667,4.14,1.69,3.28
40114,31,10,7,2011,22.719166666666666,5.36,2.04,4.0600000000000005
40115,31,11,7,2011,22.270833333333332,5.55,2.31,4.43
40116,31,12,7,2011,23.18083333333333,5.29,2.43,4.04
40117,31,13,7,2011,25.238333333333333,4.4,3.35,4.0
40118,31,14,7,2011,27.160833333333333,4.17,3.3200000000000003,3.92
40119,31,15,7,2011,29.115000000000006,4.14,3.23,3.84
40120,31,16,7,2011,30.78083333333333,4.19,3.28,3.88
40121,31,17,7,2011,32.1275,4.14,3.23,3.83
40122,31,18,7,2011,33.3025,3.95,3.12,3.67
40123,31,19,7,2011,34.37083333333333,3.76,2.95,3.47
40124,31,20,7,2011,35.280833333333334,4.39,3.4,4.03
40125,31,21,7,2011,35.71833333333334,4.66,3.64,4.3
40126,31,22,7,2011,35.89,4.63,3.61,4.3100000000000005
40127,31,23,7,2011,35.715,5.3100000000000005,3.78,4.73
40128,1,0,8,2011,34.2925,6.59,3.43,5.64
40129,1,1,8,2011,31.22083333333333,8.0,3.29,6.9
40130,1,2,8,2011,29.934166666666666,10.22,4.14,8.120000000000001
40131,1,3,8,2011,29.101666666666663,10.4,4.2,8.290000000000001
40132,1,4,8,2011,28.071666666666662,11.53,4.38,8.42
40133,1,5,8,2011,27.145,12.02,4.84,8.74
40134,1,6,8,2011,26.47,12.42,5.16,8.98
40135,1,7,8,2011,26.153333333333332,11.87,5.36,9.0
40136,1,8,8,2011,25.796666666666667,12.04,5.75,9.22
40137,1,9,8,2011,25.35083333333333,12.3,5.67,9.12
40138,1,10,8,2011,24.996666666666666,11.92,5.57,9.03
40139,1,11,8,2011,24.924166666666668,11.02,5.84,9.11
40140,1,12,8,2011,25.903333333333332,10.3,5.65,8.25
40141,1,13,8,2011,27.668333333333333,9.73,4.72,6.87
40142,1,14,8,2011,30.423333333333332,6.46,4.48,5.3
40143,1,15,8,2011,32.597500000000004,6.09,4.74,5.66
40144,1,16,8,2011,34.48166666666667,5.84,4.46,5.38
40145,1,17,8,2011,36.12666666666667,5.71,4.3100000000000005,5.21
40146,1,18,8,2011,36.94916666666668,5.78,4.41,5.3100000000000005
40147,1,19,8,2011,37.52583333333333,5.72,4.32,5.22
40148,1,20,8,2011,37.719166666666666,5.62,4.23,5.12
40149,1,21,8,2011,37.81333333333333,6.18,4.51,5.55
40150,1,22,8,2011,37.645,7.69,5.39,6.8500000000000005
40151,1,23,8,2011,36.79749999999999,8.93,5.63,7.55
40152,2,0,8,2011,35.0225,12.63,6.18,9.29
40153,2,1,8,2011,32.54,12.16,5.82,8.66
40154,2,2,8,2011,31.13083333333333,12.63,6.49,9.43
40155,2,3,8,2011,29.824166666666667,12.4,6.0,8.99
40156,2,4,8,2011,29.168333333333337,13.2,6.8,9.86
40157,2,5,8,2011,29.17833333333333,14.27,7.08,10.35
40158,2,6,8,2011,29.221666666666675,14.87,7.61,11.01
40159,2,7,8,2011,29.27,15.1,7.74,11.21
40160,2,8,8,2011,28.4075,14.48,7.48,10.79
40161,2,9,8,2011,27.559166666666666,14.17,7.18,10.4
40162,2,10,8,2011,27.395,13.22,6.76,9.9
40163,2,11,8,2011,27.023333333333337,13.39,6.65,9.9
40164,2,12,8,2011,28.257500000000004,13.31,7.36,9.96
40165,2,13,8,2011,30.188333333333333,12.46,7.3,9.89
40166,2,14,8,2011,32.399166666666666,10.97,6.7700000000000005,8.33
40167,2,15,8,2011,34.901666666666664,10.5,7.47,9.34
40168,2,16,8,2011,36.707499999999996,10.59,7.56,9.44
40169,2,17,8,2011,37.81583333333334,9.88,7.09,8.82
40170,2,18,8,2011,38.567499999999995,9.27,6.6400000000000015,8.26
40171,2,19,8,2011,38.79333333333333,8.49,6.1000000000000005,7.55
40172,2,20,8,2011,38.78,9.66,7.1400000000000015,8.83
40173,2,21,8,2011,37.73166666666666,8.63,6.32,7.81
40174,2,22,8,2011,36.84666666666667,8.44,6.07,7.56
40175,2,23,8,2011,35.725833333333334,9.36,5.99,7.9300000000000015
40176,3,0,8,2011,33.74666666666666,9.65,5.29,7.23
40177,3,1,8,2011,31.863333333333333,10.88,4.75,7.97
40178,3,2,8,2011,30.903333333333336,11.73,5.33,8.33
40179,3,3,8,2011,29.716666666666665,10.6,4.74,7.53
40180,3,4,8,2011,29.269166666666667,10.25,4.72,7.25
40181,3,5,8,2011,28.798333333333332,9.28,4.69,6.75
40182,3,6,8,2011,27.634999999999994,8.71,3.21,5.8
40183,3,7,8,2011,27.334999999999997,10.42,5.86,8.08
40184,3,8,8,2011,26.549166666666668,10.41,5.48,7.94
40185,3,9,8,2011,25.61916666666667,9.21,4.42,6.8100000000000005
40186,3,10,8,2011,24.778333333333332,9.64,4.63,7.0
40187,3,11,8,2011,24.1775,7.53,3.83,5.34
40188,3,12,8,2011,24.048333333333332,6.73,3.9,5.29
40189,3,13,8,2011,24.873333333333335,6.1400000000000015,4.75,5.71
40190,3,14,8,2011,25.955,5.72,4.3500000000000005,5.25
40191,3,15,8,2011,26.924166666666668,4.68,3.66,4.3500000000000005
40192,3,16,8,2011,27.888333333333335,3.65,2.86,3.37
40193,3,17,8,2011,28.861666666666668,4.87,3.86,4.55
40194,3,18,8,2011,29.555000000000007,4.75,3.77,4.44
40195,3,19,8,2011,30.1675,4.28,3.44,4.0200000000000005
40196,3,20,8,2011,30.721666666666664,3.5500000000000003,2.94,3.39
40197,3,21,8,2011,31.03,3.24,2.62,3.06
40198,3,22,8,2011,31.121666666666666,4.68,3.79,4.43
40199,3,23,8,2011,30.97083333333333,4.25,3.44,4.05
40200,4,0,8,2011,30.345833333333335,4.18,3.03,3.7
40201,4,1,8,2011,28.876666666666665,4.18,1.99,3.91
40202,4,2,8,2011,27.771666666666665,5.99,2.18,4.8
40203,4,3,8,2011,26.761666666666667,6.2,2.03,4.98
40204,4,4,8,2011,24.398333333333337,17.25,11.8,14.94
40205,4,5,8,2011,21.5425,13.76,8.33,11.31
40206,4,6,8,2011,21.36833333333333,5.68,4.37,5.47
40207,4,7,8,2011,21.726666666666663,4.75,2.72,3.71
40208,4,8,8,2011,22.046666666666663,5.91,4.39,5.55
40209,4,9,8,2011,21.742499999999996,6.5200000000000005,3.16,4.64
40210,4,10,8,2011,21.623333333333335,5.46,2.97,4.28
40211,4,11,8,2011,21.421666666666667,6.0200000000000005,3.13,4.43
40212,4,12,8,2011,21.7025,5.49,3.3200000000000003,4.04
40213,4,13,8,2011,22.749166666666667,4.32,3.37,3.93
40214,4,14,8,2011,25.260833333333338,3.39,2.5500000000000003,2.97
40215,4,15,8,2011,26.6375,3.15,2.45,2.95
40216,4,16,8,2011,27.92,2.6,2.03,2.4
40217,4,17,8,2011,28.96833333333333,1.61,1.31,1.51
40218,4,18,8,2011,29.700833333333335,2.01,1.68,1.93
40219,4,19,8,2011,29.935000000000002,7.63,5.49,7.07
40220,4,20,8,2011,26.051666666666666,8.790000000000001,6.1000000000000005,7.81
40221,4,21,8,2011,28.334166666666665,3.28,2.49,2.98
40222,4,22,8,2011,29.124166666666667,4.61,3.41,4.2
40223,4,23,8,2011,28.889166666666664,5.5200000000000005,4.38,5.25
40224,5,0,8,2011,28.235833333333332,3.83,2.44,3.58
40225,5,1,8,2011,26.251666666666665,5.01,2.4,4.47
40226,5,2,8,2011,24.536666666666665,4.92,2.58,4.91
40227,5,3,8,2011,23.78583333333333,6.13,2.95,5.03
40228,5,4,8,2011,23.36666666666667,5.42,3.0500000000000003,5.01
40229,5,5,8,2011,22.983333333333334,5.0,1.71,4.07
40230,5,6,8,2011,22.995000000000005,3.5700000000000003,1.19,2.9
40231,5,7,8,2011,22.825833333333332,2.64,0.86,1.9
40232,5,8,8,2011,22.444166666666664,2.46,0.79,1.82
40233,5,9,8,2011,22.230833333333333,3.3000000000000003,1.29,2.65
40234,5,10,8,2011,21.606666666666666,4.0,2.17,3.64
40235,5,11,8,2011,21.5825,4.16,1.97,3.02
40236,5,12,8,2011,21.743333333333336,3.75,2.46,2.82
40237,5,13,8,2011,21.874166666666667,3.59,2.65,3.06
40238,5,14,8,2011,22.195000000000004,4.69,3.64,4.38
40239,5,15,8,2011,22.582499999999996,6.3100000000000005,4.79,5.8100000000000005
40240,5,16,8,2011,24.38416666666667,5.23,4.22,4.95
40241,5,17,8,2011,25.52416666666667,5.09,3.91,4.71
40242,5,18,8,2011,26.76,3.81,3.13,3.63
40243,5,19,8,2011,28.03583333333333,2.66,2.33,2.62
40244,5,20,8,2011,29.041666666666668,2.12,1.8,2.04
40245,5,21,8,2011,29.625000000000004,2.07,1.82,2.04
40246,5,22,8,2011,30.063333333333333,1.83,1.59,1.79
40247,5,23,8,2011,30.38666666666667,1.25,1.09,1.21
40248,6,0,8,2011,29.88166666666667,3.18,2.42,3.44
40249,6,1,8,2011,28.174166666666665,2.5500000000000003,1.83,3.2
40250,6,2,8,2011,26.745000000000005,3.36,1.99,3.65
40251,6,3,8,2011,25.654166666666665,3.76,1.92,3.54
40252,6,4,8,2011,24.99416666666667,3.76,1.26,3.17
40253,6,5,8,2011,24.24,5.2,1.4,3.52
40254,6,6,8,2011,23.55333333333333,6.16,1.73,4.03
40255,6,7,8,2011,23.377499999999998,6.0200000000000005,2.22,4.8500000000000005
40256,6,8,8,2011,23.104166666666668,3.37,2.09,4.4
40257,6,9,8,2011,22.300833333333333,3.44,1.61,2.92
40258,6,10,8,2011,22.05,2.95,1.61,2.57
40259,6,11,8,2011,21.9225,3.7,2.16,3.42
40260,6,12,8,2011,22.611666666666665,3.11,1.81,2.93
40261,6,13,8,2011,23.798333333333332,2.19,1.88,2.15
40262,6,14,8,2011,25.507499999999997,2.59,2.17,2.5
40263,6,15,8,2011,26.959999999999997,2.54,2.15,2.45
40264,6,16,8,2011,28.391666666666666,2.51,2.06,2.38
40265,6,17,8,2011,29.587499999999995,1.87,1.54,1.76
40266,6,18,8,2011,30.737499999999997,0.93,0.67,0.76
40267,6,19,8,2011,31.920833333333334,1.0,0.76,0.89
40268,6,20,8,2011,32.91,2.11,1.78,2.02
40269,6,21,8,2011,33.65583333333334,2.76,2.21,2.58
40270,6,22,8,2011,33.961666666666666,2.5500000000000003,2.03,2.38
40271,6,23,8,2011,33.7875,3.52,2.5,3.23
40272,7,0,8,2011,32.531666666666666,6.22,2.98,5.25
40273,7,1,8,2011,30.77,6.37,2.75,5.61
40274,7,2,8,2011,29.717499999999998,15.03,9.83,12.66
40275,7,3,8,2011,22.647499999999997,18.27,12.02,15.53
40276,7,4,8,2011,19.91,14.89,8.93,11.91
40277,7,5,8,2011,21.18666666666667,12.54,9.11,11.81
40278,7,6,8,2011,21.93166666666666,8.71,5.55,7.81
40279,7,7,8,2011,20.18916666666667,6.96,3.25,5.62
40280,7,8,8,2011,20.2925,2.73,1.83,3.49
40281,7,9,8,2011,21.035833333333336,2.62,2.73,3.09
40282,7,10,8,2011,20.2225,4.2700000000000005,3.42,5.13
40283,7,11,8,2011,20.205833333333334,2.76,3.23,3.92
40284,7,12,8,2011,21.76166666666667,3.97,3.25,4.46
40285,7,13,8,2011,24.08583333333333,3.93,2.21,3.02
40286,7,14,8,2011,25.97083333333333,2.11,2.04,2.23
40287,7,15,8,2011,27.061666666666667,1.67,1.7,1.83
40288,7,16,8,2011,28.505,1.15,1.27,1.32
40289,7,17,8,2011,29.95,1.04,1.22,1.23
40290,7,18,8,2011,31.000833333333336,1.2,1.34,1.38
40291,7,19,8,2011,31.791666666666668,1.5,1.54,1.63
40292,7,20,8,2011,32.3275,1.7,1.7,1.81
40293,7,21,8,2011,32.778333333333336,2.72,2.46,2.75
40294,7,22,8,2011,32.50833333333333,6.15,4.75,5.74
40295,7,23,8,2011,31.969166666666666,5.91,4.5,5.47
40296,8,0,8,2011,30.5325,6.84,3.6,5.61
40297,8,1,8,2011,28.714166666666667,8.92,3.29,6.26
40298,8,2,8,2011,27.18583333333333,9.88,3.16,6.43
40299,8,3,8,2011,26.3175,9.88,3.27,6.63
40300,8,4,8,2011,25.564166666666665,9.7,2.92,6.2
40301,8,5,8,2011,25.179166666666664,10.39,3.79,6.75
40302,8,6,8,2011,25.264166666666664,10.62,4.26,6.71
40303,8,7,8,2011,24.087499999999995,21.3,15.16,19.2
40304,8,8,8,2011,19.297499999999996,18.3,11.02,15.31
40305,8,9,8,2011,19.134999999999998,7.18,2.84,4.13
40306,8,10,8,2011,18.674166666666668,4.0200000000000005,3.39,4.88
40307,8,11,8,2011,18.618333333333336,2.98,3.27,4.68
40308,8,12,8,2011,19.378333333333334,1.98,1.02,1.35
40309,8,13,8,2011,21.825833333333335,2.01,1.68,1.92
40310,8,14,8,2011,24.503333333333334,2.46,2.06,2.36
40311,8,15,8,2011,26.889999999999997,1.73,1.47,1.68
40312,8,16,8,2011,28.42583333333333,1.73,1.61,1.77
40313,8,17,8,2011,29.525000000000002,1.71,1.62,1.76
40314,8,18,8,2011,30.233333333333334,2.14,1.97,2.18
40315,8,19,8,2011,30.735000000000003,2.99,2.53,2.89
40316,8,20,8,2011,31.2175,3.69,2.95,3.45
40317,8,21,8,2011,31.393333333333334,4.32,3.33,3.97
40318,8,22,8,2011,31.049166666666668,4.84,3.77,4.51
40319,8,23,8,2011,30.515,4.93,3.78,4.57
40320,9,0,8,2011,29.09416666666667,5.19,2.76,4.62
40321,9,1,8,2011,26.956666666666663,8.56,4.42,6.94
40322,9,2,8,2011,23.06083333333333,18.82,12.0,15.76
40323,9,3,8,2011,21.909166666666668,7.35,1.56,3.92
40324,9,4,8,2011,21.5725,7.99,4.51,6.7
40325,9,5,8,2011,20.830833333333334,3.88,2.25,3.75
40326,9,6,8,2011,20.659999999999997,5.45,2.43,4.43
40327,9,7,8,2011,20.040000000000003,6.93,5.16,6.97
40328,9,8,8,2011,20.69333333333334,5.47,3.58,5.69
40329,9,9,8,2011,20.542499999999997,4.08,3.39,5.4
40330,9,10,8,2011,20.699166666666667,3.13,2.94,4.93
40331,9,11,8,2011,20.388333333333332,2.76,2.66,3.92
40332,9,12,8,2011,20.59583333333333,2.47,2.5500000000000003,3.29
40333,9,13,8,2011,22.973333333333333,3.36,2.29,2.96
40334,9,14,8,2011,24.960000000000004,3.35,2.57,3.06
40335,9,15,8,2011,26.450833333333335,3.74,2.97,3.48
40336,9,16,8,2011,27.069166666666664,4.61,3.66,4.3100000000000005
40337,9,17,8,2011,27.474166666666665,5.4,4.22,5.01
40338,9,18,8,2011,28.126666666666665,4.0600000000000005,3.16,3.73
40339,9,19,8,2011,28.731666666666666,3.94,3.0500000000000003,3.61
40340,9,20,8,2011,29.1075,3.74,3.09,3.58
40341,9,21,8,2011,29.316666666666663,3.63,3.0,3.47
40342,9,22,8,2011,29.364166666666666,5.91,4.4,5.39
40343,9,23,8,2011,28.942500000000006,5.7700000000000005,4.3,5.26
40344,10,0,8,2011,27.43666666666667,7.28,3.49,6.09
40345,10,1,8,2011,24.913333333333338,7.63,3.39,5.83
40346,10,2,8,2011,23.708333333333332,7.32,2.35,5.33
40347,10,3,8,2011,23.30916666666667,7.82,2.93,4.97
40348,10,4,8,2011,22.4475,9.53,3.74,6.12
40349,10,5,8,2011,21.86583333333333,8.870000000000003,3.5700000000000003,6.09
40350,10,6,8,2011,21.40416666666667,9.73,4.89,7.3
40351,10,7,8,2011,19.53916666666667,9.09,3.3200000000000003,6.16
40352,10,8,8,2011,18.519166666666667,8.69,2.5500000000000003,5.71
40353,10,9,8,2011,18.585833333333337,7.95,3.27,5.41
40354,10,10,8,2011,18.635000000000005,7.72,3.02,5.0
40355,10,11,8,2011,18.346666666666664,6.9,2.94,4.34
40356,10,12,8,2011,18.421666666666667,7.35,2.86,4.43
40357,10,13,8,2011,19.243333333333336,3.83,2.9,3.41
40358,10,14,8,2011,19.739166666666666,6.88,5.42,6.51
40359,10,15,8,2011,20.21833333333333,2.57,2.17,2.47
40360,10,16,8,2011,21.354166666666668,6.55,4.98,5.99
40361,10,17,8,2011,22.337500000000002,3.5700000000000003,2.91,3.37
40362,10,18,8,2011,22.811666666666667,2.32,2.07,2.33
40363,10,19,8,2011,23.578333333333333,8.09,6.54,7.76
40364,10,20,8,2011,24.489166666666666,2.17,1.74,2.02
40365,10,21,8,2011,24.784166666666668,4.36,3.44,4.12
40366,10,22,8,2011,25.124166666666667,3.64,2.91,3.42
40367,10,23,8,2011,25.104166666666668,3.52,2.71,3.21
40368,11,0,8,2011,24.151666666666667,4.2700000000000005,2.59,3.3200000000000003
40369,11,1,8,2011,21.92916666666667,4.72,1.89,3.97
40370,11,2,8,2011,20.57833333333333,5.16,1.41,3.62
40371,11,3,8,2011,19.494999999999997,7.18,1.15,3.91
40372,11,4,8,2011,18.90833333333333,7.41,1.45,4.73
40373,11,5,8,2011,18.270833333333332,7.07,1.34,4.2700000000000005
40374,11,6,8,2011,17.773333333333333,6.55,1.31,3.96
40375,11,7,8,2011,17.154999999999998,6.23,1.55,3.84
40376,11,8,8,2011,16.372500000000006,5.46,1.75,3.64
40377,11,9,8,2011,15.878333333333332,5.04,1.69,3.51
40378,11,10,8,2011,15.945833333333335,5.79,2.17,4.19
40379,11,11,8,2011,15.432500000000003,5.07,1.64,3.4
40380,11,12,8,2011,16.41,5.3100000000000005,2.37,3.42
40381,11,13,8,2011,18.881666666666668,4.93,2.53,2.96
40382,11,14,8,2011,21.389166666666668,3.76,2.97,3.5
40383,11,15,8,2011,23.304166666666664,3.7,2.84,3.38
40384,11,16,8,2011,24.65833333333333,3.3200000000000003,2.58,3.0500000000000003
40385,11,17,8,2011,25.78916666666667,3.59,2.79,3.3000000000000003
40386,11,18,8,2011,26.74416666666667,3.52,2.76,3.25
40387,11,19,8,2011,27.574166666666667,4.3,3.43,4.01
40388,11,20,8,2011,28.111666666666665,5.11,4.01,4.73
40389,11,21,8,2011,28.515,5.33,4.0200000000000005,4.84
40390,11,22,8,2011,28.66083333333334,5.11,3.84,4.63
40391,11,23,8,2011,28.029166666666665,5.62,3.45,4.8100000000000005
40392,12,0,8,2011,26.881666666666664,9.2,5.13,7.45
40393,12,1,8,2011,26.090000000000003,11.65,6.3900000000000015,9.09
40394,12,2,8,2011,24.190833333333334,10.93,4.75,7.7
40395,12,3,8,2011,24.014166666666664,10.06,4.76,7.18
40396,12,4,8,2011,23.47083333333333,9.57,4.36,6.6400000000000015
40397,12,5,8,2011,22.275833333333335,10.88,5.71,8.01
40398,12,6,8,2011,21.777500000000003,12.04,9.94,12.02
40399,12,7,8,2011,19.324166666666667,11.11,8.24,9.83
40400,12,8,8,2011,19.607499999999998,14.72,10.26,13.1
40401,12,9,8,2011,19.738333333333337,10.88,6.5200000000000005,8.84
40402,12,10,8,2011,18.71,7.67,1.42,3.76
40403,12,11,8,2011,18.83583333333333,9.2,5.58,7.42
40404,12,12,8,2011,19.1925,8.3,4.69,6.41
40405,12,13,8,2011,19.799166666666668,4.12,2.89,3.31
40406,12,14,8,2011,20.718333333333337,5.68,3.8,4.5200000000000005
40407,12,15,8,2011,22.004166666666663,9.82,7.5,9.05
40408,12,16,8,2011,23.82916666666667,8.97,6.6400000000000015,8.040000000000001
40409,12,17,8,2011,26.040833333333335,4.91,3.6,4.39
40410,12,18,8,2011,27.983333333333338,7.12,5.47,6.55
40411,12,19,8,2011,29.335833333333337,6.53,4.83,5.86
40412,12,20,8,2011,29.9275,2.45,1.86,2.21
40413,12,21,8,2011,29.8925,6.66,4.57,6.13
40414,12,22,8,2011,23.38166666666667,13.8,9.27,11.84
40415,12,23,8,2011,20.550833333333333,4.12,3.0500000000000003,3.6
40416,13,0,8,2011,21.912499999999998,5.05,3.01,3.62
40417,13,1,8,2011,22.63083333333333,3.92,1.06,2.22
40418,13,2,8,2011,21.66,2.89,3.34,4.58
40419,13,3,8,2011,21.6775,3.08,3.2,4.98
40420,13,4,8,2011,21.4875,8.02,5.8100000000000005,7.69
40421,13,5,8,2011,20.9175,10.33,4.93,7.55
40422,13,6,8,2011,21.074166666666663,10.37,5.04,7.77
40423,13,7,8,2011,20.88,8.57,4.42,7.05
40424,13,8,8,2011,20.671666666666667,8.84,4.64,7.12
40425,13,9,8,2011,20.188333333333336,9.42,4.93,7.44
40426,13,10,8,2011,20.085833333333333,9.55,4.95,7.63
40427,13,11,8,2011,19.60833333333333,9.83,4.64,7.26
40428,13,12,8,2011,20.226666666666667,9.93,4.95,7.21
40429,13,13,8,2011,21.545833333333334,7.68,4.57,5.6000000000000005
40430,13,14,8,2011,23.152500000000003,6.08,4.51,5.48
40431,13,15,8,2011,24.584999999999997,6.3500000000000005,4.5600000000000005,5.6000000000000005
40432,13,16,8,2011,26.212500000000002,6.68,4.9,5.96
40433,13,17,8,2011,27.014166666666664,7.18,5.39,6.54
40434,13,18,8,2011,27.3475,7.18,5.34,6.5
40435,13,19,8,2011,27.683333333333334,6.98,5.24,6.34
40436,13,20,8,2011,27.933333333333334,7.6400000000000015,5.64,6.91
40437,13,21,8,2011,28.00083333333333,7.82,5.67,7.04
40438,13,22,8,2011,27.727500000000003,8.3,5.93,7.42
40439,13,23,8,2011,26.854166666666668,8.18,5.4,7.0600000000000005
40440,14,0,8,2011,24.951666666666668,9.67,3.52,6.7
40441,14,1,8,2011,22.541666666666668,10.14,3.54,7.59
40442,14,2,8,2011,20.8875,10.76,3.44,7.63
40443,14,3,8,2011,19.610833333333336,9.23,2.37,5.8100000000000005
40444,14,4,8,2011,18.999166666666664,9.03,2.47,5.8
40445,14,5,8,2011,18.51,8.09,2.49,5.7
40446,14,6,8,2011,18.085000000000004,6.24,1.84,4.2
40447,14,7,8,2011,17.757499999999997,5.09,2.18,3.99
40448,14,8,8,2011,17.295833333333334,5.48,2.4,4.5
40449,14,9,8,2011,16.639166666666664,5.79,2.63,4.74
40450,14,10,8,2011,16.345833333333335,4.98,2.63,4.46
40451,14,11,8,2011,16.0425,4.46,2.26,3.93
40452,14,12,8,2011,16.04083333333333,3.85,1.89,2.9
40453,14,13,8,2011,17.863333333333333,2.63,1.58,1.75
40454,14,14,8,2011,19.894166666666667,3.17,2.52,2.96
40455,14,15,8,2011,21.605833333333333,3.54,2.88,3.35
40456,14,16,8,2011,22.688333333333333,2.96,2.44,2.81
40457,14,17,8,2011,23.645,2.74,2.27,2.61
40458,14,18,8,2011,24.50166666666667,2.36,2.03,2.29
40459,14,19,8,2011,25.249166666666667,2.42,2.14,2.4
40460,14,20,8,2011,25.814166666666665,2.28,1.88,2.15
40461,14,21,8,2011,26.238333333333333,2.32,1.94,2.22
40462,14,22,8,2011,26.497500000000002,2.64,2.24,2.57
40463,14,23,8,2011,26.297500000000003,3.28,2.63,3.11
40464,15,0,8,2011,24.923333333333332,4.9,2.42,4.26
40465,15,1,8,2011,22.385,6.47,2.95,5.78
40466,15,2,8,2011,21.376666666666665,7.33,3.38,6.68
40467,15,3,8,2011,20.7475,9.02,3.72,7.46
40468,15,4,8,2011,20.2175,8.78,4.05,7.43
40469,15,5,8,2011,20.04,8.790000000000001,4.09,7.32
40470,15,6,8,2011,20.01583333333333,8.72,3.93,6.98
40471,15,7,8,2011,19.409166666666668,8.870000000000003,4.2700000000000005,6.99
40472,15,8,8,2011,19.666666666666668,9.77,4.76,7.04
40473,15,9,8,2011,19.663333333333334,9.8,4.86,7.11
40474,15,10,8,2011,20.02416666666667,9.41,4.59,6.6000000000000005
40475,15,11,8,2011,18.761666666666663,7.81,4.14,5.91
40476,15,12,8,2011,18.093333333333334,8.540000000000001,5.62,7.23
40477,15,13,8,2011,17.929166666666667,8.790000000000001,5.7,7.46
40478,15,14,8,2011,19.0275,8.33,5.2,6.32
40479,15,15,8,2011,20.7225,8.28,6.25,7.61
40480,15,16,8,2011,22.140000000000004,8.58,6.5,7.87
40481,15,17,8,2011,23.308333333333334,9.39,6.92,8.51
40482,15,18,8,2011,24.222499999999997,8.790000000000001,6.63,8.040000000000001
40483,15,19,8,2011,25.70416666666667,8.85,6.3500000000000005,7.91
40484,15,20,8,2011,25.795,10.1,7.58,9.32
40485,15,21,8,2011,24.41,10.05,7.49,9.19
40486,15,22,8,2011,24.495,10.14,7.45,9.19
40487,15,23,8,2011,24.35833333333333,10.24,7.35,9.2
40488,16,0,8,2011,23.601666666666663,9.96,5.83,7.96
40489,16,1,8,2011,22.06416666666667,10.15,4.13,6.79
40490,16,2,8,2011,20.736666666666668,11.22,5.3,7.9
40491,16,3,8,2011,20.441666666666666,10.82,5.2,7.72
40492,16,4,8,2011,20.7425,11.22,5.39,7.68
40493,16,5,8,2011,21.865,11.66,6.2700000000000005,8.73
40494,16,6,8,2011,21.76166666666667,11.5,5.86,8.42
40495,16,7,8,2011,21.735,12.27,6.83,9.5
40496,16,8,8,2011,22.215,13.26,8.02,10.71
40497,16,9,8,2011,22.110833333333336,14.4,8.19,11.32
40498,16,10,8,2011,21.611666666666668,14.49,8.28,11.45
40499,16,11,8,2011,21.755,14.07,8.22,11.01
40500,16,12,8,2011,21.595833333333335,14.12,8.33,11.34
40501,16,13,8,2011,22.187499999999996,11.87,7.74,9.81
40502,16,14,8,2011,23.182499999999994,11.66,7.85,10.0
40503,16,15,8,2011,24.309166666666666,8.21,6.15,7.5
40504,16,16,8,2011,26.280833333333334,8.67,6.51,7.92
40505,16,17,8,2011,28.544999999999998,7.4,5.42,6.63
40506,16,18,8,2011,30.703333333333333,7.09,5.26,6.4
40507,16,19,8,2011,32.224166666666676,7.72,5.62,6.92
40508,16,20,8,2011,32.288333333333334,7.17,5.2700000000000005,6.48
40509,16,21,8,2011,32.26083333333333,6.11,4.54,5.5600000000000005
40510,16,22,8,2011,31.95,6.74,5.01,6.15
40511,16,23,8,2011,31.3575,6.72,4.8,6.0600000000000005
40512,17,0,8,2011,29.602500000000003,8.15,3.61,6.1000000000000005
40513,17,1,8,2011,27.4425,10.47,3.5,6.8900000000000015
40514,17,2,8,2011,25.719166666666666,10.79,2.97,6.78
40515,17,3,8,2011,24.99,11.62,2.05,6.3100000000000005
40516,17,4,8,2011,24.899999999999995,10.94,2.39,6.66
40517,17,5,8,2011,24.399166666666673,10.97,2.76,7.15
40518,17,6,8,2011,23.017500000000002,9.24,1.55,4.74
40519,17,7,8,2011,22.36,7.34,1.06,3.58
40520,17,8,8,2011,21.930000000000003,5.46,2.38,3.08
40521,17,9,8,2011,21.692499999999995,4.03,2.73,3.85
40522,17,10,8,2011,22.146666666666672,4.48,1.68,3.5500000000000003
40523,17,11,8,2011,21.568333333333328,6.8900000000000015,2.68,4.94
40524,17,12,8,2011,21.155833333333334,5.7,3.18,4.58
40525,17,13,8,2011,21.815833333333334,5.93,4.6000000000000005,5.48
40526,17,14,8,2011,23.6525,6.8,5.17,6.25
40527,17,15,8,2011,25.13333333333333,6.68,5.0600000000000005,6.1000000000000005
40528,17,16,8,2011,26.022499999999997,5.8,4.46,5.34
40529,17,17,8,2011,26.9025,4.93,3.85,4.57
40530,17,18,8,2011,27.7475,3.39,2.72,3.17
40531,17,19,8,2011,28.54416666666667,3.4,2.72,3.17
40532,17,20,8,2011,29.120833333333334,3.08,2.48,2.88
40533,17,21,8,2011,29.544166666666666,2.63,2.18,2.5
40534,17,22,8,2011,29.670833333333334,3.09,2.47,2.91
40535,17,23,8,2011,29.440833333333334,3.09,2.45,2.88
40536,18,0,8,2011,28.22666666666667,3.76,1.83,3.06
40537,18,1,8,2011,26.27,4.55,1.29,2.99
40538,18,2,8,2011,24.99083333333333,4.84,1.34,3.11
40539,18,3,8,2011,24.50333333333333,4.53,1.41,3.08
40540,18,4,8,2011,23.925,5.21,2.24,4.17
40541,18,5,8,2011,22.953333333333333,7.1000000000000005,2.34,4.87
40542,18,6,8,2011,23.160833333333333,9.0,3.48,6.53
40543,18,7,8,2011,23.015,10.23,4.65,7.51
40544,18,8,8,2011,23.05333333333333,10.25,4.65,7.28
40545,18,9,8,2011,22.510833333333334,14.61,9.24,12.07
40546,18,10,8,2011,19.856666666666666,21.39,13.11,17.05
40547,18,11,8,2011,19.75583333333333,14.12,9.59,12.09
40548,18,12,8,2011,20.15,8.67,5.33,7.0200000000000005
40549,18,13,8,2011,21.289166666666667,7.15,5.34,6.5
40550,18,14,8,2011,23.139166666666664,5.97,4.67,5.57
40551,18,15,8,2011,25.084999999999997,5.9,4.38,5.3100000000000005
40552,18,16,8,2011,26.484999999999996,6.0,4.46,5.41
40553,18,17,8,2011,27.736666666666665,6.3,4.67,5.66
40554,18,18,8,2011,28.945833333333336,6.37,4.71,5.71
40555,18,19,8,2011,29.96083333333333,6.09,4.5,5.48
40556,18,20,8,2011,30.986666666666668,6.29,4.55,5.58
40557,18,21,8,2011,31.661666666666665,6.51,4.74,5.8500000000000005
40558,18,22,8,2011,31.788333333333338,6.7,4.84,6.04
40559,18,23,8,2011,31.287500000000005,7.01,4.67,6.0200000000000005
40560,19,0,8,2011,29.622500000000002,8.56,3.8,6.7700000000000005
40561,19,1,8,2011,27.992500000000003,11.54,4.67,8.370000000000001
40562,19,2,8,2011,27.227500000000003,12.57,5.28,8.67
40563,19,3,8,2011,26.624166666666667,12.82,5.26,8.65
40564,19,4,8,2011,26.198333333333338,13.45,6.25,9.61
40565,19,5,8,2011,25.799999999999997,12.96,6.07,9.39
40566,19,6,8,2011,25.0025,13.1,5.98,9.35
40567,19,7,8,2011,22.522499999999997,14.56,9.39,11.99
40568,19,8,8,2011,20.506666666666664,12.55,6.61,9.28
40569,19,9,8,2011,19.3325,11.8,5.08,7.6400000000000015
40570,19,10,8,2011,18.93,11.63,4.51,7.41
40571,19,11,8,2011,18.482499999999998,10.68,3.5700000000000003,6.6400000000000015
40572,19,12,8,2011,19.068333333333335,10.28,3.95,6.38
40573,19,13,8,2011,20.4675,6.17,4.21,4.9
40574,19,14,8,2011,22.329166666666662,4.43,3.61,4.21
40575,19,15,8,2011,24.47666666666667,5.68,4.47,5.3100000000000005
40576,19,16,8,2011,26.13083333333333,5.62,4.4,5.22
40577,19,17,8,2011,27.275833333333335,5.88,4.63,5.49
40578,19,18,8,2011,28.34,6.01,4.73,5.6000000000000005
40579,19,19,8,2011,29.27416666666667,6.0,4.75,5.63
40580,19,20,8,2011,30.004166666666666,6.4,4.97,5.94
40581,19,21,8,2011,30.507499999999997,6.19,4.65,5.62
40582,19,22,8,2011,30.45583333333333,7.22,5.24,6.5
40583,19,23,8,2011,29.971666666666668,8.03,5.26,6.62
40584,20,0,8,2011,28.59,7.78,4.5200000000000005,6.75
40585,20,1,8,2011,26.771666666666665,11.06,4.73,8.23
40586,20,2,8,2011,26.284166666666664,11.05,4.87,8.040000000000001
40587,20,3,8,2011,25.854166666666668,15.58,10.23,13.15
40588,20,4,8,2011,22.8275,16.94,11.33,14.65
40589,20,5,8,2011,22.635,11.78,7.18,9.59
40590,20,6,8,2011,22.29416666666667,10.79,5.73,8.03
40591,20,7,8,2011,22.256666666666664,10.55,5.55,7.72
40592,20,8,8,2011,22.53916666666667,12.57,5.62,8.58
40593,20,9,8,2011,21.894166666666667,12.92,5.1000000000000005,8.17
40594,20,10,8,2011,20.136666666666667,6.44,4.24,5.22
40595,20,11,8,2011,19.905,6.5,2.93,4.97
40596,20,12,8,2011,20.257500000000004,7.15,3.52,5.05
40597,20,13,8,2011,21.581666666666667,5.4,3.56,4.23
40598,20,14,8,2011,22.93166666666667,4.64,3.69,4.3500000000000005
40599,20,15,8,2011,24.5475,4.72,3.73,4.41
40600,20,16,8,2011,25.875833333333333,4.76,3.76,4.44
40601,20,17,8,2011,27.026666666666667,4.9,3.88,4.57
40602,20,18,8,2011,27.821666666666662,5.14,4.04,4.78
40603,20,19,8,2011,27.700833333333325,7.3,5.73,6.83
40604,20,20,8,2011,27.361666666666668,7.34,5.71,6.8500000000000005
40605,20,21,8,2011,27.462499999999995,6.88,5.25,6.34
40606,20,22,8,2011,27.617499999999996,6.48,4.93,5.95
40607,20,23,8,2011,27.673333333333332,5.94,4.45,5.41
40608,21,0,8,2011,26.85083333333333,5.91,3.65,4.62
40609,21,1,8,2011,24.93583333333333,8.98,4.05,6.5
40610,21,2,8,2011,23.418333333333337,9.42,4.0600000000000005,6.53
40611,21,3,8,2011,22.204166666666666,8.65,2.28,5.2700000000000005
40612,21,4,8,2011,21.525000000000002,7.82,1.86,5.16
40613,21,5,8,2011,21.25583333333334,5.3500000000000005,1.17,3.63
40614,21,6,8,2011,21.073333333333334,3.09,0.77,2.34
40615,21,7,8,2011,20.70916666666667,2.44,0.7000000000000001,1.57
40616,21,8,8,2011,21.080833333333334,2.36,1.44,2.01
40617,21,9,8,2011,21.071666666666665,3.46,1.9,2.84
40618,21,10,8,2011,20.280833333333337,3.69,2.03,3.0
40619,21,11,8,2011,19.629166666666666,3.87,1.62,2.97
40620,21,12,8,2011,19.329166666666666,4.55,2.59,3.74
40621,21,13,8,2011,19.4325,3.33,2.44,2.76
40622,21,14,8,2011,19.735833333333332,2.26,1.85,2.1
40623,21,15,8,2011,21.11,2.11,1.93,2.14
40624,21,16,8,2011,24.030833333333334,2.76,2.35,2.69
40625,21,17,8,2011,25.743333333333336,2.59,2.15,2.47
40626,21,18,8,2011,26.86916666666667,1.66,1.4,1.59
40627,21,19,8,2011,27.760833333333334,1.01,1.08,1.12
40628,21,20,8,2011,28.492499999999996,0.96,1.07,1.09
40629,21,21,8,2011,28.987499999999997,1.44,1.49,1.58
40630,21,22,8,2011,29.22333333333333,1.3,1.36,1.43
40631,21,23,8,2011,29.186666666666667,3.04,2.09,2.94
40632,22,0,8,2011,27.916666666666668,5.79,3.59,5.14
40633,22,1,8,2011,26.360833333333336,5.76,3.16,5.24
40634,22,2,8,2011,25.31916666666666,5.82,2.43,4.96
40635,22,3,8,2011,24.587500000000002,6.82,2.07,4.93
40636,22,4,8,2011,23.838333333333335,6.68,1.95,4.89
40637,22,5,8,2011,23.212500000000002,7.1000000000000005,1.88,4.7700000000000005
40638,22,6,8,2011,22.606666666666666,8.35,1.93,5.04
40639,22,7,8,2011,22.414999999999992,10.23,2.5,5.79
40640,22,8,8,2011,22.840833333333332,10.37,3.72,6.46
40641,22,9,8,2011,23.2175,10.43,4.7,7.26
40642,22,10,8,2011,22.88166666666667,11.08,5.0,7.63
40643,22,11,8,2011,22.632500000000004,11.51,5.59,8.24
40644,22,12,8,2011,22.888333333333332,10.99,5.73,7.88
40645,22,13,8,2011,24.02583333333334,8.69,5.22,6.33
40646,22,14,8,2011,25.84833333333334,8.0,5.95,7.28
40647,22,15,8,2011,27.64,8.22,6.07,7.43
40648,22,16,8,2011,29.320833333333336,8.23,6.05,7.42
40649,22,17,8,2011,30.7075,8.0,5.88,7.2
40650,22,18,8,2011,31.960000000000004,8.36,6.08,7.49
40651,22,19,8,2011,32.985,8.43,6.08,7.54
40652,22,20,8,2011,34.181666666666665,8.22,5.94,7.35
40653,22,21,8,2011,35.1125,7.23,5.09,6.3500000000000005
40654,22,22,8,2011,35.24916666666667,5.87,4.13,5.22
40655,22,23,8,2011,34.5625,5.99,4.0600000000000005,5.2
40656,23,0,8,2011,31.107499999999998,11.5,6.69,9.39
40657,23,1,8,2011,24.50916666666667,11.75,6.74,9.19
40658,23,2,8,2011,23.313333333333333,12.24,5.01,7.82
40659,23,3,8,2011,23.462499999999995,11.91,4.97,7.79
40660,23,4,8,2011,24.167499999999993,13.22,6.2700000000000005,9.32
40661,23,5,8,2011,24.754166666666666,13.32,6.6400000000000015,9.75
40662,23,6,8,2011,25.300833333333333,14.05,6.79,9.98
40663,23,7,8,2011,25.605833333333337,14.6,7.46,10.75
40664,23,8,8,2011,25.94666666666667,15.14,7.74,11.11
40665,23,9,8,2011,25.87,15.53,8.23,11.65
40666,23,10,8,2011,25.465833333333336,15.24,7.85,11.24
40667,23,11,8,2011,24.075,13.96,6.44,9.78
40668,23,12,8,2011,23.0325,11.12,4.44,6.74
40669,23,13,8,2011,26.7475,10.01,5.23,7.28
40670,23,14,8,2011,28.655,6.32,4.46,5.53
40671,23,15,8,2011,30.40166666666667,6.66,4.83,5.95
40672,23,16,8,2011,32.27333333333333,6.61,4.76,5.86
40673,23,17,8,2011,33.60166666666667,5.91,4.2700000000000005,5.23
40674,23,18,8,2011,34.52916666666666,5.36,3.95,4.8100000000000005
40675,23,19,8,2011,35.67916666666667,7.65,5.67,6.95
40676,23,20,8,2011,36.6525,8.72,6.26,7.79
40677,23,21,8,2011,37.44333333333333,6.48,4.51,5.66
40678,23,22,8,2011,37.75,5.12,3.62,4.53
40679,23,23,8,2011,36.086666666666666,7.07,3.28,5.3500000000000005
40680,24,0,8,2011,32.814166666666665,7.86,2.95,6.0600000000000005
40681,24,1,8,2011,30.789166666666663,5.5,2.51,5.58
40682,24,2,8,2011,29.79166666666667,5.17,2.16,4.43
40683,24,3,8,2011,29.1925,5.62,2.77,5.28
40684,24,4,8,2011,28.949166666666667,6.15,3.01,5.46
40685,24,5,8,2011,28.530833333333334,7.17,3.53,6.33
40686,24,6,8,2011,27.905,7.46,4.03,6.72
40687,24,7,8,2011,26.715000000000003,6.92,3.52,6.16
40688,24,8,8,2011,26.9525,6.41,3.5500000000000003,5.9
40689,24,9,8,2011,26.44666666666667,6.36,3.78,5.99
40690,24,10,8,2011,26.363333333333333,6.49,3.42,5.83
40691,24,11,8,2011,25.433333333333334,6.95,3.76,5.8500000000000005
40692,24,12,8,2011,23.860833333333332,6.91,3.49,5.59
40693,24,13,8,2011,25.28166666666667,7.21,3.83,4.62
40694,24,14,8,2011,26.68583333333334,6.17,3.64,4.36
40695,24,15,8,2011,28.911666666666665,4.59,3.4,4.12
40696,24,16,8,2011,30.725833333333338,5.28,3.95,4.78
40697,24,17,8,2011,32.26583333333333,6.73,4.95,6.05
40698,24,18,8,2011,33.12666666666667,8.88,6.71,8.2
40699,24,19,8,2011,33.407500000000006,9.22,6.75,8.31
40700,24,20,8,2011,33.276666666666664,9.02,6.5600000000000005,8.08
40701,24,21,8,2011,33.21666666666667,9.46,6.88,8.59
40702,24,22,8,2011,32.734166666666674,9.2,6.58,8.26
40703,24,23,8,2011,31.69083333333333,9.53,5.39,7.58
40704,25,0,8,2011,28.8775,10.7,3.93,7.57
40705,25,1,8,2011,26.055833333333336,12.45,3.88,8.16
40706,25,2,8,2011,24.361666666666668,12.24,4.17,8.370000000000001
40707,25,3,8,2011,22.190833333333334,11.18,4.03,7.9300000000000015
40708,25,4,8,2011,21.026666666666667,10.7,2.5,6.5
40709,25,5,8,2011,20.1275,12.12,3.23,7.75
40710,25,6,8,2011,19.315,12.12,4.0600000000000005,8.27
40711,25,7,8,2011,18.0725,11.15,3.17,7.27
40712,25,8,8,2011,16.939999999999998,9.57,2.77,6.42
40713,25,9,8,2011,15.896666666666667,5.48,1.6,3.45
40714,25,10,8,2011,15.4625,4.86,1.54,3.28
40715,25,11,8,2011,14.846666666666666,4.61,1.38,3.02
40716,25,12,8,2011,15.078333333333331,4.45,1.27,2.87
40717,25,13,8,2011,16.988333333333333,3.44,1.62,1.83
40718,25,14,8,2011,19.0925,2.58,1.93,2.2
40719,25,15,8,2011,21.263333333333332,2.7,2.24,2.58
40720,25,16,8,2011,23.13166666666667,2.16,1.76,2.04
40721,25,17,8,2011,24.438333333333333,2.61,2.19,2.51
40722,25,18,8,2011,25.50916666666667,2.26,2.02,2.25
40723,25,19,8,2011,26.360833333333332,2.41,2.08,2.35
40724,25,20,8,2011,27.099999999999998,1.92,1.8,1.97
40725,25,21,8,2011,27.5525,2.35,1.97,2.26
40726,25,22,8,2011,27.62583333333333,3.25,2.62,3.08
40727,25,23,8,2011,27.2675,4.42,2.89,3.91
40728,26,0,8,2011,25.028333333333336,4.5,1.99,3.89
40729,26,1,8,2011,22.88083333333333,5.54,2.89,5.49
40730,26,2,8,2011,22.4025,6.16,2.93,5.64
40731,26,3,8,2011,21.530833333333334,7.04,3.22,6.3100000000000005
40732,26,4,8,2011,20.643333333333334,8.74,3.95,7.25
40733,26,5,8,2011,20.420833333333338,8.78,4.17,7.62
40734,26,6,8,2011,20.02333333333333,8.870000000000003,4.24,7.46
40735,26,7,8,2011,19.570000000000004,8.88,4.17,7.37
40736,26,8,8,2011,19.11916666666667,8.76,4.39,7.26
40737,26,9,8,2011,18.611666666666665,9.51,4.66,7.6
40738,26,10,8,2011,17.928333333333335,9.36,4.49,7.55
40739,26,11,8,2011,17.901666666666667,9.65,4.8500000000000005,7.82
40740,26,12,8,2011,18.39,9.81,4.76,7.75
40741,26,13,8,2011,20.019166666666667,8.76,4.28,6.1000000000000005
40742,26,14,8,2011,22.54416666666667,6.18,4.65,5.62
40743,26,15,8,2011,25.001666666666665,6.32,4.8,5.8100000000000005
40744,26,16,8,2011,26.985,6.3500000000000005,4.8100000000000005,5.83
40745,26,17,8,2011,28.70833333333334,5.08,3.81,4.61
40746,26,18,8,2011,30.055000000000003,4.38,3.35,4.01
40747,26,19,8,2011,31.146666666666672,4.21,3.27,3.89
40748,26,20,8,2011,32.0125,4.36,3.38,4.03
40749,26,21,8,2011,32.56583333333334,3.95,3.02,3.63
40750,26,22,8,2011,32.74916666666666,3.95,2.97,3.68
40751,26,23,8,2011,32.30083333333334,3.96,2.96,3.67
40752,27,0,8,2011,30.002499999999998,4.64,2.0,3.96
40753,27,1,8,2011,27.607499999999998,4.2700000000000005,1.9,3.75
40754,27,2,8,2011,25.798333333333332,4.66,1.94,3.75
40755,27,3,8,2011,24.535833333333333,4.46,1.93,3.61
40756,27,4,8,2011,24.412500000000005,3.97,1.56,3.0500000000000003
40757,27,5,8,2011,24.586666666666662,2.3000000000000003,1.23,2.26
40758,27,6,8,2011,23.74083333333333,1.04,0.85,1.2
40759,27,7,8,2011,21.648333333333337,2.61,1.61,2.99
40760,27,8,8,2011,20.162499999999998,4.3100000000000005,1.4,3.02
40761,27,9,8,2011,19.484166666666663,5.29,1.9,3.83
40762,27,10,8,2011,19.05,5.91,1.98,4.09
40763,27,11,8,2011,18.460000000000004,6.3100000000000005,2.47,4.67
40764,27,12,8,2011,18.3825,5.6000000000000005,2.08,3.52
40765,27,13,8,2011,20.142500000000002,4.8100000000000005,3.0,3.41
40766,27,14,8,2011,22.205833333333334,4.57,3.5500000000000003,4.08
40767,27,15,8,2011,24.168333333333333,4.6000000000000005,3.72,4.36
40768,27,16,8,2011,26.0625,4.29,3.41,4.01
40769,27,17,8,2011,27.442500000000006,4.33,3.46,4.0600000000000005
40770,27,18,8,2011,28.560833333333335,4.4,3.52,4.13
40771,27,19,8,2011,29.507499999999993,4.39,3.49,4.1
40772,27,20,8,2011,30.308333333333337,3.6,2.93,3.4
40773,27,21,8,2011,30.823333333333334,4.3,3.46,4.0600000000000005
40774,27,22,8,2011,30.97083333333333,4.13,3.23,3.85
40775,27,23,8,2011,30.679999999999996,4.6000000000000005,3.23,4.09
40776,28,0,8,2011,29.07416666666666,5.44,3.02,5.26
40777,28,1,8,2011,27.015000000000004,5.72,2.23,3.97
40778,28,2,8,2011,25.511666666666667,9.94,2.27,5.48
40779,28,3,8,2011,23.720833333333342,11.4,2.57,6.3900000000000015
40780,28,4,8,2011,22.434166666666666,11.46,2.96,6.57
40781,28,5,8,2011,21.565,11.19,2.46,6.44
40782,28,6,8,2011,20.836666666666666,10.57,2.24,5.99
40783,28,7,8,2011,20.3175,9.07,2.3000000000000003,5.45
40784,28,8,8,2011,19.86333333333333,9.16,2.76,6.01
40785,28,9,8,2011,19.825833333333335,9.37,3.26,6.61
40786,28,10,8,2011,19.635,11.29,7.66,9.81
40787,28,11,8,2011,19.33583333333333,10.65,5.92,8.28
40788,28,12,8,2011,20.855833333333333,10.68,5.99,8.35
40789,28,13,8,2011,19.355833333333333,10.18,6.79,8.68
40790,28,14,8,2011,18.399166666666666,10.09,6.2,7.44
40791,28,15,8,2011,20.161666666666665,8.46,6.5600000000000005,7.86
40792,28,16,8,2011,22.58666666666667,7.97,6.1000000000000005,7.34
40793,28,17,8,2011,24.7025,7.49,5.68,6.8500000000000005
40794,28,18,8,2011,26.565,6.99,5.29,6.38
40795,28,19,8,2011,28.02,7.62,5.75,6.95
40796,28,20,8,2011,28.94,4.8500000000000005,3.67,4.41
40797,28,21,8,2011,29.438333333333336,4.8100000000000005,3.69,4.42
40798,28,22,8,2011,29.6875,4.0200000000000005,3.06,3.67
40799,28,23,8,2011,29.472499999999997,3.85,2.6,3.24
40800,29,0,8,2011,27.775833333333335,3.95,1.93,3.35
40801,29,1,8,2011,25.278333333333332,8.58,2.35,5.65
40802,29,2,8,2011,23.398333333333337,10.55,3.23,6.5
40803,29,3,8,2011,22.965833333333332,10.39,3.33,6.49
40804,29,4,8,2011,22.117499999999996,10.32,3.27,6.8100000000000005
40805,29,5,8,2011,20.803333333333335,9.28,2.66,6.16
40806,29,6,8,2011,19.980833333333333,10.25,2.91,6.33
40807,29,7,8,2011,19.3725,10.09,2.77,5.88
40808,29,8,8,2011,18.723333333333333,9.17,2.08,5.21
40809,29,9,8,2011,18.30583333333333,7.62,1.32,4.08
40810,29,10,8,2011,17.756666666666668,7.94,3.0700000000000003,5.84
40811,29,11,8,2011,16.732499999999998,8.18,3.11,5.59
40812,29,12,8,2011,16.378333333333334,7.85,2.87,4.98
40813,29,13,8,2011,18.137500000000003,6.45,3.65,4.28
40814,29,14,8,2011,20.301666666666666,4.07,3.28,3.81
40815,29,15,8,2011,22.358333333333334,5.76,4.51,5.3500000000000005
40816,29,16,8,2011,24.12,6.09,4.7,5.62
40817,29,17,8,2011,25.502499999999998,6.24,4.8100000000000005,5.75
40818,29,18,8,2011,26.597499999999997,6.37,4.86,5.84
40819,29,19,8,2011,27.473333333333333,6.49,4.89,5.9
40820,29,20,8,2011,28.063333333333333,6.53,4.91,5.93
40821,29,21,8,2011,28.471666666666664,6.87,5.08,6.2
40822,29,22,8,2011,28.533333333333328,6.98,5.05,6.26
40823,29,23,8,2011,28.070000000000007,7.97,5.32,6.73
40824,30,0,8,2011,26.3425,8.61,3.83,6.3900000000000015
40825,30,1,8,2011,25.145,9.84,3.86,6.4
40826,30,2,8,2011,24.176666666666666,10.73,3.92,6.91
40827,30,3,8,2011,22.87,11.84,3.8,7.15
40828,30,4,8,2011,23.1875,11.73,6.2,8.61
40829,30,5,8,2011,22.5,11.15,4.64,7.42
40830,30,6,8,2011,21.827499999999997,11.01,4.9,7.12
40831,30,7,8,2011,22.459166666666665,9.94,5.87,7.86
40832,30,8,8,2011,22.39,10.15,5.5200000000000005,7.66
40833,30,9,8,2011,21.242500000000003,10.17,5.07,7.36
40834,30,10,8,2011,20.74083333333333,9.16,3.78,6.11
40835,30,11,8,2011,20.842499999999998,9.19,4.8,6.88
40836,30,12,8,2011,21.049166666666668,9.63,5.0,7.1400000000000015
40837,30,13,8,2011,21.38166666666667,10.2,5.7700000000000005,7.97
40838,30,14,8,2011,20.598333333333336,9.26,5.04,7.0200000000000005
40839,30,15,8,2011,20.775833333333335,4.54,3.72,4.44
40840,30,16,8,2011,22.348333333333333,5.62,4.58,5.38
40841,30,17,8,2011,24.6125,5.84,4.68,5.5
40842,30,18,8,2011,26.435833333333335,5.65,4.5200000000000005,5.32
40843,30,19,8,2011,28.3875,4.5600000000000005,3.7,4.3100000000000005
40844,30,20,8,2011,30.057499999999994,3.28,2.68,3.04
40845,30,21,8,2011,31.272499999999997,4.21,3.44,4.0200000000000005
40846,30,22,8,2011,31.03,5.86,4.64,5.5600000000000005
40847,30,23,8,2011,30.209999999999994,6.61,4.7,5.71
40848,31,0,8,2011,28.315,9.9,3.52,6.67
40849,31,1,8,2011,25.251666666666665,10.04,2.97,6.11
40850,31,2,8,2011,23.675,9.61,2.51,5.61
40851,31,3,8,2011,22.491666666666664,8.97,2.28,5.32
40852,31,4,8,2011,21.769166666666667,8.700000000000001,1.99,5.04
40853,31,5,8,2011,21.399166666666662,8.68,2.11,4.74
40854,31,6,8,2011,21.08583333333333,9.58,1.78,4.23
40855,31,7,8,2011,20.786666666666665,8.82,1.6,4.07
40856,31,8,8,2011,20.839166666666667,6.96,1.89,4.89
40857,31,9,8,2011,20.913333333333334,5.24,1.8,4.1
40858,31,10,8,2011,20.40666666666667,4.1,1.68,3.41
40859,31,11,8,2011,20.58416666666667,4.32,1.97,3.73
40860,31,12,8,2011,21.24,3.63,1.83,3.41
40861,31,13,8,2011,22.414999999999996,2.84,1.28,1.64
40862,31,14,8,2011,24.605000000000004,1.52,1.68,1.78
40863,31,15,8,2011,26.903333333333336,2.23,1.97,2.2
40864,31,16,8,2011,29.26,2.94,2.44,2.81
40865,31,17,8,2011,31.373333333333335,3.49,2.82,3.27
40866,31,18,8,2011,32.98083333333333,3.66,3.03,3.49
40867,31,19,8,2011,34.015,3.97,3.18,3.71
40868,31,20,8,2011,35.14166666666667,4.33,3.34,3.98
40869,31,21,8,2011,36.02666666666667,4.8,3.61,4.38
40870,31,22,8,2011,36.385,4.72,3.54,4.29
40871,31,23,8,2011,35.73166666666666,4.67,2.96,3.78
40872,1,0,9,2011,32.76,7.41,2.71,5.44
40873,1,1,9,2011,29.740833333333324,10.57,3.11,6.8100000000000005
40874,1,2,9,2011,28.56083333333333,11.45,3.47,7.86
40875,1,3,9,2011,28.24416666666666,12.05,3.17,7.42
40876,1,4,9,2011,27.808333333333334,12.43,4.49,8.2
40877,1,5,9,2011,28.34333333333333,14.82,6.8,10.33
40878,1,6,9,2011,29.053333333333338,16.1,7.32,11.09
40879,1,7,9,2011,29.065833333333334,15.43,7.55,11.11
40880,1,8,9,2011,28.89833333333333,15.48,7.7,11.22
40881,1,9,9,2011,28.22,14.71,6.96,10.38
40882,1,10,9,2011,28.17916666666667,14.88,7.0600000000000005,10.53
40883,1,11,9,2011,28.110833333333336,15.15,7.41,10.88
40884,1,12,9,2011,27.962499999999995,15.08,7.9300000000000015,11.28
40885,1,13,9,2011,29.689999999999998,15.75,9.67,12.87
40886,1,14,9,2011,31.39333333333334,15.17,9.45,12.58
40887,1,15,9,2011,32.861666666666665,13.2,9.42,11.8
40888,1,16,9,2011,34.530833333333334,13.52,9.61,12.05
40889,1,17,9,2011,35.8825,13.99,9.86,12.39
40890,1,18,9,2011,36.95166666666666,13.92,9.8,12.32
40891,1,19,9,2011,37.71,14.11,9.84,12.43
40892,1,20,9,2011,38.264166666666675,13.91,9.67,12.23
40893,1,21,9,2011,38.37416666666667,13.41,9.22,11.72
40894,1,22,9,2011,37.82833333333333,13.66,9.18,11.8
40895,1,23,9,2011,36.2,13.79,8.4,11.31
40896,2,0,9,2011,34.1075,16.07,7.63,11.48
40897,2,1,9,2011,32.913333333333334,16.9,8.11,12.11
40898,2,2,9,2011,31.520833333333332,15.89,7.97,11.68
40899,2,3,9,2011,30.52416666666667,15.78,7.91,11.51
40900,2,4,9,2011,29.944999999999997,16.45,8.51,12.2
40901,2,5,9,2011,29.548333333333336,16.46,8.46,12.15
40902,2,6,9,2011,29.05,16.31,8.39,12.05
40903,2,7,9,2011,28.52916666666667,16.25,8.290000000000001,11.95
40904,2,8,9,2011,28.035833333333333,15.67,7.7,11.29
40905,2,9,9,2011,27.36666666666667,15.9,7.73,11.35
40906,2,10,9,2011,27.07166666666667,15.74,7.78,11.33
40907,2,11,9,2011,26.69583333333333,15.69,7.65,11.27
40908,2,12,9,2011,25.536666666666665,13.96,6.82,10.14
40909,2,13,9,2011,26.81083333333334,11.54,6.69,9.05
40910,2,14,9,2011,28.45416666666667,10.1,5.89,7.61
40911,2,15,9,2011,30.23833333333334,7.26,5.28,6.51
40912,2,16,9,2011,31.9175,6.5200000000000005,4.72,5.8100000000000005
40913,2,17,9,2011,33.12916666666667,6.2700000000000005,4.53,5.57
40914,2,18,9,2011,34.03249999999999,5.84,4.29,5.24
40915,2,19,9,2011,34.72666666666667,5.9,4.34,5.29
40916,2,20,9,2011,35.115833333333335,6.45,4.79,5.84
40917,2,21,9,2011,35.31166666666666,7.43,5.38,6.69
40918,2,22,9,2011,35.115833333333335,7.13,5.01,6.3500000000000005
40919,2,23,9,2011,34.060833333333335,8.49,4.84,6.9
40920,3,0,9,2011,31.474166666666665,12.34,4.5,8.290000000000001
40921,3,1,9,2011,29.512499999999992,12.15,4.82,8.41
40922,3,2,9,2011,28.38,12.85,5.03,8.58
40923,3,3,9,2011,27.638333333333332,13.06,5.34,8.89
40924,3,4,9,2011,27.2975,13.17,5.96,9.37
40925,3,5,9,2011,26.465,13.7,5.9,9.32
40926,3,6,9,2011,25.961666666666662,13.67,5.87,8.99
40927,3,7,9,2011,25.139999999999997,13.36,5.3100000000000005,8.53
40928,3,8,9,2011,24.924166666666665,12.7,5.2,8.290000000000001
40929,3,9,9,2011,24.50166666666667,12.44,5.62,8.41
40930,3,10,9,2011,24.13,12.29,5.97,8.6
40931,3,11,9,2011,24.209166666666665,11.98,6.18,8.94
40932,3,12,9,2011,24.4475,12.54,7.45,10.08
40933,3,13,9,2011,24.544166666666666,11.8,7.24,9.61
40934,3,14,9,2011,24.385833333333334,15.81,9.54,12.82
40935,3,15,9,2011,23.785,19.41,13.33,17.04
40936,3,16,9,2011,23.965833333333332,17.11,11.26,14.59
40937,3,17,9,2011,24.689999999999998,16.05,10.07,12.97
40938,3,18,9,2011,27.23,12.44,8.99,11.15
40939,3,19,9,2011,27.135833333333334,9.99,7.34,9.02
40940,3,20,9,2011,27.1275,8.81,6.61,8.03
40941,3,21,9,2011,27.750833333333343,4.39,3.34,3.99
40942,3,22,9,2011,27.976666666666663,11.6,7.55,9.99
40943,3,23,9,2011,25.272500000000004,14.85,10.13,13.03
40944,4,0,9,2011,24.17,11.68,7.38,9.77
40945,4,1,9,2011,22.920833333333334,12.07,8.0,10.35
40946,4,2,9,2011,21.18583333333333,13.56,9.23,11.87
40947,4,3,9,2011,20.375833333333336,10.8,6.96,8.97
40948,4,4,9,2011,20.549166666666665,10.84,7.24,9.28
40949,4,5,9,2011,20.25583333333334,11.27,7.26,9.35
40950,4,6,9,2011,19.560000000000002,12.13,7.51,10.02
40951,4,7,9,2011,18.19,12.09,7.24,9.79
40952,4,8,9,2011,15.812500000000002,11.39,5.73,8.46
40953,4,9,9,2011,14.558333333333332,11.72,5.39,8.34
40954,4,10,9,2011,13.551666666666668,11.55,4.86,7.83
40955,4,11,9,2011,12.988333333333335,11.25,4.72,7.68
40956,4,12,9,2011,12.720833333333333,11.0,5.03,7.61
40957,4,13,9,2011,13.771666666666668,9.21,4.9,6.59
40958,4,14,9,2011,15.700833333333335,7.97,5.79,7.11
40959,4,15,9,2011,17.210833333333333,8.77,6.3500000000000005,7.82
40960,4,16,9,2011,18.549999999999997,10.53,7.61,9.4
40961,4,17,9,2011,19.544999999999998,10.64,7.68,9.48
40962,4,18,9,2011,20.39,10.43,7.56,9.3
40963,4,19,9,2011,20.8475,10.49,7.61,9.35
40964,4,20,9,2011,21.159166666666668,10.17,7.34,9.05
40965,4,21,9,2011,21.247500000000002,10.14,7.28,9.04
40966,4,22,9,2011,21.01666666666667,9.61,6.8,8.47
40967,4,23,9,2011,20.2625,9.51,6.65,8.4
40968,5,0,9,2011,17.685,11.13,4.05,7.25
40969,5,1,9,2011,15.418333333333331,12.52,3.3200000000000003,7.24
40970,5,2,9,2011,13.805833333333334,12.8,3.49,8.16
40971,5,3,9,2011,13.202499999999999,12.5,3.81,8.13
40972,5,4,9,2011,12.647499999999999,11.56,3.95,7.73
40973,5,5,9,2011,11.9475,10.39,3.64,7.25
40974,5,6,9,2011,11.204166666666666,9.31,3.48,7.07
40975,5,7,9,2011,10.550833333333333,9.15,3.11,6.74
40976,5,8,9,2011,9.911666666666667,8.31,3.06,6.36
40977,5,9,9,2011,9.232500000000002,6.58,2.98,5.8100000000000005
40978,5,10,9,2011,8.560833333333333,5.0600000000000005,2.44,4.64
40979,5,11,9,2011,8.194166666666666,5.5,2.86,4.75
40980,5,12,9,2011,8.112499999999999,5.69,2.82,4.8
40981,5,13,9,2011,10.016666666666667,5.29,2.59,3.66
40982,5,14,9,2011,12.457500000000001,4.29,3.02,3.59
40983,5,15,9,2011,14.98666666666667,4.68,3.53,4.26
40984,5,16,9,2011,16.666666666666664,5.05,3.88,4.64
40985,5,17,9,2011,17.673333333333332,5.2,4.03,4.8100000000000005
40986,5,18,9,2011,18.401666666666667,4.42,3.47,4.1
40987,5,19,9,2011,19.1725,4.3500000000000005,3.43,4.0600000000000005
40988,5,20,9,2011,19.705833333333334,3.76,3.0500000000000003,3.5500000000000003
40989,5,21,9,2011,20.080833333333334,3.98,3.17,3.72
40990,5,22,9,2011,20.024166666666666,3.7,2.97,3.49
40991,5,23,9,2011,19.524166666666666,4.22,2.74,3.78
40992,6,0,9,2011,17.331666666666667,3.82,2.06,3.63
40993,6,1,9,2011,15.159166666666666,4.55,1.22,2.87
40994,6,2,9,2011,14.164166666666667,5.33,1.72,3.74
40995,6,3,9,2011,13.225,6.12,1.96,4.49
40996,6,4,9,2011,12.581666666666665,6.23,2.01,4.55
40997,6,5,9,2011,12.076666666666666,5.98,2.1,4.32
40998,6,6,9,2011,11.534166666666666,5.93,2.41,4.51
40999,6,7,9,2011,10.920833333333334,6.01,2.45,4.64
41000,6,8,9,2011,10.286666666666667,5.91,2.21,4.3
41001,6,9,9,2011,9.823333333333332,5.5200000000000005,2.15,4.08
41002,6,10,9,2011,9.1425,5.79,2.22,4.25
41003,6,11,9,2011,8.519166666666667,5.83,2.26,4.28
41004,6,12,9,2011,8.470833333333333,5.92,2.69,4.49
41005,6,13,9,2011,10.645833333333334,5.84,2.45,4.2
41006,6,14,9,2011,13.410000000000002,4.16,2.53,3.0
41007,6,15,9,2011,15.884166666666665,4.26,3.38,3.99
41008,6,16,9,2011,17.096666666666668,4.04,3.25,3.81
41009,6,17,9,2011,18.061666666666667,3.22,2.59,3.02
41010,6,18,9,2011,19.05666666666667,2.43,2.0,2.3000000000000003
41011,6,19,9,2011,19.885833333333334,3.24,2.74,3.13
41012,6,20,9,2011,20.418333333333333,3.18,2.69,3.08
41013,6,21,9,2011,20.700000000000003,3.48,2.97,3.4
41014,6,22,9,2011,20.69416666666667,3.24,2.72,3.14
41015,6,23,9,2011,20.2075,3.79,2.7,3.8
41016,7,0,9,2011,17.99416666666667,3.5500000000000003,2.3000000000000003,3.59
41017,7,1,9,2011,15.621666666666664,4.3500000000000005,1.57,3.28
41018,7,2,9,2011,14.734166666666667,5.36,1.9,3.88
41019,7,3,9,2011,14.154166666666667,5.29,1.9,3.83
41020,7,4,9,2011,13.325833333333334,5.3100000000000005,2.06,4.19
41021,7,5,9,2011,13.176666666666668,5.17,1.91,3.7
41022,7,6,9,2011,12.630833333333333,5.46,1.96,3.96
41023,7,7,9,2011,11.262499999999998,5.05,1.61,3.41
41024,7,8,9,2011,10.540833333333333,4.8500000000000005,1.27,2.99
41025,7,9,9,2011,10.104166666666666,3.99,0.88,2.34
41026,7,10,9,2011,9.737499999999999,3.42,0.64,1.91
41027,7,11,9,2011,9.356666666666667,3.44,0.56,1.84
41028,7,12,9,2011,9.255833333333332,3.06,0.66,1.92
41029,7,13,9,2011,11.086666666666668,2.57,0.95,1.49
41030,7,14,9,2011,13.690833333333332,1.81,1.62,1.75
41031,7,15,9,2011,16.2225,2.2,1.93,2.18
41032,7,16,9,2011,18.000833333333333,2.74,2.23,2.59
41033,7,17,9,2011,19.1675,3.15,2.57,2.98
41034,7,18,9,2011,20.166666666666668,2.97,2.42,2.81
41035,7,19,9,2011,21.083333333333332,2.98,2.43,2.81
41036,7,20,9,2011,21.93083333333333,3.43,2.73,3.2
41037,7,21,9,2011,22.328333333333333,3.6,2.86,3.37
41038,7,22,9,2011,22.378333333333334,4.05,3.09,3.74
41039,7,23,9,2011,21.75666666666667,4.93,3.23,4.47
41040,8,0,9,2011,19.451666666666668,5.19,2.43,4.51
41041,8,1,9,2011,17.365000000000006,5.88,1.53,4.17
41042,8,2,9,2011,16.076666666666668,7.34,1.67,4.91
41043,8,3,9,2011,15.023333333333332,5.7700000000000005,1.62,4.22
41044,8,4,9,2011,14.130833333333333,4.8,1.14,2.84
41045,8,5,9,2011,13.424166666666666,4.6000000000000005,1.08,2.62
41046,8,6,9,2011,13.086666666666666,4.53,0.99,2.56
41047,8,7,9,2011,12.184166666666664,4.17,1.25,2.76
41048,8,8,9,2011,11.431666666666667,4.54,1.53,3.17
41049,8,9,9,2011,10.971666666666666,4.38,1.65,3.13
41050,8,10,9,2011,10.369166666666667,4.42,1.68,3.23
41051,8,11,9,2011,9.710833333333335,4.5600000000000005,2.01,3.63
41052,8,12,9,2011,9.249166666666666,5.03,2.64,4.25
41053,8,13,9,2011,11.206666666666665,4.88,2.56,4.0600000000000005
41054,8,14,9,2011,13.681666666666667,3.85,2.66,3.11
41055,8,15,9,2011,16.14166666666667,3.93,2.93,3.56
41056,8,16,9,2011,18.47416666666667,5.11,3.93,4.71
41057,8,17,9,2011,19.715833333333332,5.67,4.38,5.24
41058,8,18,9,2011,20.732499999999998,5.37,4.12,4.95
41059,8,19,9,2011,21.57416666666667,5.55,4.17,5.03
41060,8,20,9,2011,22.26833333333333,5.88,4.46,5.4
41061,8,21,9,2011,22.7225,5.51,4.11,5.01
41062,8,22,9,2011,22.893333333333334,6.15,4.5,5.57
41063,8,23,9,2011,22.440833333333334,6.86,4.28,5.53
41064,9,0,9,2011,20.680000000000003,7.66,3.74,6.83
41065,9,1,9,2011,19.366666666666664,10.93,3.87,8.09
41066,9,2,9,2011,18.559166666666666,10.81,4.07,8.06
41067,9,3,9,2011,17.659166666666668,10.93,3.73,7.75
41068,9,4,9,2011,17.155000000000005,10.02,3.99,7.59
41069,9,5,9,2011,16.474166666666665,10.11,3.9,7.46
41070,9,6,9,2011,16.035833333333336,10.07,4.0200000000000005,7.33
41071,9,7,9,2011,15.595833333333333,9.21,4.07,7.15
41072,9,8,9,2011,14.949999999999998,8.92,4.0200000000000005,7.15
41073,9,9,9,2011,14.141666666666666,8.57,3.94,6.8500000000000005
41074,9,10,9,2011,14.012500000000001,8.69,4.28,6.8500000000000005
41075,9,11,9,2011,13.532499999999999,9.34,4.1,7.21
41076,9,12,9,2011,13.776666666666666,8.91,4.55,7.03
41077,9,13,9,2011,15.398333333333332,7.9,4.21,5.76
41078,9,14,9,2011,17.366666666666664,6.12,4.11,4.88
41079,9,15,9,2011,19.829166666666666,5.87,4.49,5.43
41080,9,16,9,2011,21.91416666666667,6.3100000000000005,4.67,5.72
41081,9,17,9,2011,23.357499999999998,6.76,4.98,6.11
41082,9,18,9,2011,24.432500000000005,7.7,5.68,6.98
41083,9,19,9,2011,25.0275,8.05,5.8500000000000005,7.26
41084,9,20,9,2011,25.518333333333334,8.870000000000003,6.5200000000000005,8.09
41085,9,21,9,2011,24.75833333333333,14.75,10.39,13.14
41086,9,22,9,2011,21.2475,8.6,4.8100000000000005,6.49
41087,9,23,9,2011,21.294166666666666,3.42,1.72,2.13
41088,10,0,9,2011,19.930833333333332,7.6,4.4,6.3
41089,10,1,9,2011,18.4725,6.2700000000000005,3.23,4.62
41090,10,2,9,2011,18.2925,1.64,2.89,4.0
41091,10,3,9,2011,18.20333333333333,4.44,3.83,5.53
41092,10,4,9,2011,17.063333333333333,5.03,4.12,6.86
41093,10,5,9,2011,16.769166666666667,5.11,4.07,6.87
41094,10,6,9,2011,16.30666666666667,5.0200000000000005,3.91,6.43
41095,10,7,9,2011,15.927500000000002,4.72,3.64,6.16
41096,10,8,9,2011,15.644166666666663,4.55,3.24,5.5200000000000005
41097,10,9,9,2011,15.149166666666666,5.09,3.0500000000000003,4.92
41098,10,10,9,2011,14.563333333333333,5.47,2.98,5.16
41099,10,11,9,2011,14.217500000000001,5.65,2.82,5.16
41100,10,12,9,2011,13.963333333333331,5.8100000000000005,2.75,5.18
41101,10,13,9,2011,14.785000000000004,5.72,2.79,4.24
41102,10,14,9,2011,16.76,4.99,2.76,3.19
41103,10,15,9,2011,19.22,3.76,3.01,3.5500000000000003
41104,10,16,9,2011,21.536666666666672,4.62,3.56,4.26
41105,10,17,9,2011,23.104166666666668,4.69,3.59,4.3100000000000005
41106,10,18,9,2011,24.03083333333333,4.93,3.84,4.58
41107,10,19,9,2011,24.69666666666667,4.63,3.56,4.2700000000000005
41108,10,20,9,2011,25.188333333333336,4.54,3.5,4.19
41109,10,21,9,2011,25.50333333333333,4.59,3.42,4.17
41110,10,22,9,2011,25.611666666666668,5.87,4.23,5.33
41111,10,23,9,2011,25.09583333333333,5.68,4.0,5.11
41112,11,0,9,2011,23.051666666666666,5.14,1.94,4.07
41113,11,1,9,2011,21.320833333333336,5.89,1.02,3.49
41114,11,2,9,2011,20.384166666666665,4.64,1.18,2.86
41115,11,3,9,2011,19.340833333333332,4.62,1.33,4.08
41116,11,4,9,2011,18.394166666666667,4.48,2.74,4.98
41117,11,5,9,2011,18.11,3.54,2.88,4.43
41118,11,6,9,2011,17.578333333333333,3.23,2.69,3.96
41119,11,7,9,2011,17.299166666666668,3.36,2.76,4.11
41120,11,8,9,2011,16.9475,3.2,3.06,4.41
41121,11,9,9,2011,16.595833333333335,2.87,2.86,4.07
41122,11,10,9,2011,16.208333333333336,3.29,2.96,4.4
41123,11,11,9,2011,15.705,3.87,3.13,4.82
41124,11,12,9,2011,15.725833333333336,4.5,3.44,4.99
41125,11,13,9,2011,16.753333333333337,4.59,3.01,4.61
41126,11,14,9,2011,19.6575,3.17,1.69,1.88
41127,11,15,9,2011,22.18416666666666,1.71,1.33,1.57
41128,11,16,9,2011,24.0775,1.81,1.45,1.69
41129,11,17,9,2011,25.073333333333338,1.78,1.43,1.66
41130,11,18,9,2011,25.814999999999998,1.54,1.3,1.48
41131,11,19,9,2011,26.489166666666666,0.92,0.73,0.8300000000000001
41132,11,20,9,2011,27.139999999999997,2.47,2.05,2.36
41133,11,21,9,2011,27.437500000000004,2.76,2.28,2.65
41134,11,22,9,2011,27.433333333333326,2.9,2.26,2.69
41135,11,23,9,2011,26.706666666666667,4.69,2.7,4.04
41136,12,0,9,2011,24.185,5.74,3.15,5.41
41137,12,1,9,2011,22.80333333333333,6.15,3.47,6.15
41138,12,2,9,2011,22.060000000000002,6.83,4.15,7.11
41139,12,3,9,2011,21.610833333333332,7.25,4.14,7.28
41140,12,4,9,2011,20.910833333333333,8.31,4.16,7.6400000000000015
41141,12,5,9,2011,20.584166666666665,10.93,4.83,8.55
41142,12,6,9,2011,19.889166666666664,11.47,5.16,8.81
41143,12,7,9,2011,19.43083333333333,11.41,5.38,8.84
41144,12,8,9,2011,18.45,12.42,5.58,9.01
41145,12,9,9,2011,18.119166666666665,12.89,6.04,9.41
41146,12,10,9,2011,17.988333333333333,13.13,6.18,9.6
41147,12,11,9,2011,17.755833333333335,13.36,6.53,9.85
41148,12,12,9,2011,18.013333333333332,14.08,7.58,10.47
41149,12,13,9,2011,19.772499999999997,13.29,7.86,10.44
41150,12,14,9,2011,21.8075,11.67,7.4,9.02
41151,12,15,9,2011,24.025000000000002,10.08,7.58,9.21
41152,12,16,9,2011,26.198333333333327,10.32,7.61,9.34
41153,12,17,9,2011,27.86833333333334,10.6,7.72,9.52
41154,12,18,9,2011,29.175833333333333,10.57,7.72,9.51
41155,12,19,9,2011,30.427499999999995,10.27,7.41,9.17
41156,12,20,9,2011,31.1075,10.38,7.43,9.23
41157,12,21,9,2011,31.4425,10.34,7.3900000000000015,9.19
41158,12,22,9,2011,31.36583333333333,10.0,6.98,8.790000000000001
41159,12,23,9,2011,30.215,11.34,6.38,8.33
41160,13,0,9,2011,28.26833333333333,12.44,5.28,9.21
41161,13,1,9,2011,27.161666666666672,12.96,5.62,9.39
41162,13,2,9,2011,26.711666666666662,13.42,6.16,9.78
41163,13,3,9,2011,25.355,14.41,6.36,9.93
41164,13,4,9,2011,24.885833333333334,14.65,6.3500000000000005,10.02
41165,13,5,9,2011,24.519166666666667,13.89,5.54,9.36
41166,13,6,9,2011,23.98166666666667,12.98,5.63,9.43
41167,13,7,9,2011,22.463333333333335,10.7,5.89,8.07
41168,13,8,9,2011,21.055,6.92,3.06,5.78
41169,13,9,9,2011,19.6525,12.92,5.76,8.78
41170,13,10,9,2011,18.4875,12.92,6.11,8.870000000000003
41171,13,11,9,2011,17.125,12.5,6.51,9.26
41172,13,12,9,2011,16.0125,12.06,6.55,8.72
41173,13,13,9,2011,16.2375,10.7,6.65,8.76
41174,13,14,9,2011,17.335833333333333,8.52,6.38,7.77
41175,13,15,9,2011,18.7925,7.67,5.83,7.04
41176,13,16,9,2011,20.3725,7.73,5.87,7.09
41177,13,17,9,2011,21.888333333333332,7.6,5.76,6.96
41178,13,18,9,2011,23.064999999999998,8.15,6.2,7.48
41179,13,19,9,2011,23.8475,7.7,5.82,7.04
41180,13,20,9,2011,24.3475,7.58,5.72,6.93
41181,13,21,9,2011,24.575833333333332,6.76,5.1000000000000005,6.17
41182,13,22,9,2011,24.463333333333335,6.63,4.99,6.05
41183,13,23,9,2011,23.76666666666667,7.27,4.74,5.93
41184,14,0,9,2011,21.361666666666665,10.84,4.14,7.57
41185,14,1,9,2011,19.62916666666667,11.54,4.78,8.09
41186,14,2,9,2011,18.62,11.24,4.67,7.6
41187,14,3,9,2011,17.32916666666667,11.14,4.34,7.3
41188,14,4,9,2011,17.43916666666667,9.49,3.68,6.18
41189,14,5,9,2011,17.837500000000002,7.85,4.19,5.8500000000000005
41190,14,6,9,2011,17.465833333333336,7.0200000000000005,3.53,5.1000000000000005
41191,14,7,9,2011,17.1825,7.43,3.99,5.47
41192,14,8,9,2011,16.73,8.78,5.29,7.09
41193,14,9,9,2011,15.778333333333334,9.77,6.1400000000000015,8.08
41194,14,10,9,2011,15.241666666666669,7.31,4.45,5.92
41195,14,11,9,2011,14.806666666666665,8.06,5.23,6.74
41196,14,12,9,2011,14.274166666666666,7.66,5.0200000000000005,6.46
41197,14,13,9,2011,13.769166666666665,7.34,4.66,6.25
41198,14,14,9,2011,14.879999999999997,7.61,5.84,7.03
41199,14,15,9,2011,16.355,8.620000000000001,6.36,7.78
41200,14,16,9,2011,17.363333333333333,8.56,6.37,7.75
41201,14,17,9,2011,18.066666666666666,9.88,7.32,8.93
41202,14,18,9,2011,18.066666666666666,10.32,7.63,9.32
41203,14,19,9,2011,18.16583333333333,10.33,7.62,9.33
41204,14,20,9,2011,18.38,9.95,7.34,8.98
41205,14,21,9,2011,18.5575,10.07,7.34,9.04
41206,14,22,9,2011,17.97,9.98,7.25,8.96
41207,14,23,9,2011,16.8875,9.98,7.04,8.85
41208,15,0,9,2011,14.9675,11.77,5.5,8.65
41209,15,1,9,2011,13.269166666666665,12.49,5.73,8.9
41210,15,2,9,2011,11.434999999999997,11.94,5.09,8.18
41211,15,3,9,2011,9.6175,11.66,4.07,7.24
41212,15,4,9,2011,8.386666666666665,12.07,4.19,7.23
41213,15,5,9,2011,7.142499999999999,11.65,3.75,6.83
41214,15,6,9,2011,6.276666666666667,11.85,3.45,6.67
41215,15,7,9,2011,5.6258333333333335,11.63,2.96,6.05
41216,15,8,9,2011,5.392500000000001,11.11,3.72,6.6000000000000005
41217,15,9,9,2011,4.819166666666667,9.72,2.66,5.42
41218,15,10,9,2011,4.7625,8.86,2.71,5.3100000000000005
41219,15,11,9,2011,4.319999999999999,8.14,2.15,4.57
41220,15,12,9,2011,4.104166666666666,7.72,2.35,3.8
41221,15,13,9,2011,5.257499999999999,5.66,2.84,3.42
41222,15,14,9,2011,7.280833333333333,4.21,3.2,3.81
41223,15,15,9,2011,9.487499999999999,5.4,4.05,4.88
41224,15,16,9,2011,11.079166666666666,5.69,4.38,5.21
41225,15,17,9,2011,12.210833333333335,4.97,3.86,4.58
41226,15,18,9,2011,13.213333333333333,4.39,3.52,4.13
41227,15,19,9,2011,14.005,4.9,3.98,4.64
41228,15,20,9,2011,14.69666666666667,4.65,3.76,4.4
41229,15,21,9,2011,15.086666666666666,4.5600000000000005,3.67,4.28
41230,15,22,9,2011,15.162500000000003,5.13,3.79,4.63
41231,15,23,9,2011,14.610000000000001,5.01,3.62,4.47
41232,16,0,9,2011,14.129166666666668,6.13,3.33,5.13
41233,16,1,9,2011,13.774999999999999,6.74,3.56,5.16
41234,16,2,9,2011,13.3975,7.47,3.66,5.62
41235,16,3,9,2011,12.959166666666668,7.22,3.71,5.36
41236,16,4,9,2011,12.945,7.07,3.83,5.36
41237,16,5,9,2011,12.649166666666666,7.87,4.94,6.53
41238,16,6,9,2011,12.130000000000003,8.67,5.5200000000000005,7.25
41239,16,7,9,2011,11.895833333333336,7.26,4.53,5.99
41240,16,8,9,2011,11.722500000000002,5.84,3.25,4.46
41241,16,9,9,2011,11.646666666666668,6.36,3.82,5.12
41242,16,10,9,2011,11.6,6.43,4.0,5.26
41243,16,11,9,2011,11.166666666666664,5.59,3.3000000000000003,4.43
41244,16,12,9,2011,10.000833333333333,5.68,3.18,4.46
41245,16,13,9,2011,8.368333333333334,5.0,3.15,4.08
41246,16,14,9,2011,7.989999999999999,5.95,3.33,4.47
41247,16,15,9,2011,8.044166666666667,4.79,3.59,4.23
41248,16,16,9,2011,8.396666666666667,5.24,4.03,4.8500000000000005
41249,16,17,9,2011,8.801666666666668,5.23,4.01,4.84
41250,16,18,9,2011,9.126666666666667,5.46,4.15,5.04
41251,16,19,9,2011,9.278333333333334,5.8,4.37,5.33
41252,16,20,9,2011,9.395,5.44,4.12,5.0
41253,16,21,9,2011,9.546666666666667,5.2700000000000005,3.92,4.7700000000000005
41254,16,22,9,2011,9.772500000000003,6.0200000000000005,3.26,4.61
41255,16,23,9,2011,10.1225,6.37,3.84,5.13
41256,17,0,9,2011,10.045833333333333,6.46,3.73,5.05
41257,17,1,9,2011,9.955,6.68,3.93,5.25
41258,17,2,9,2011,9.893333333333333,6.7,4.01,5.3
41259,17,3,9,2011,9.869166666666668,6.99,4.24,5.62
41260,17,4,9,2011,9.975000000000001,7.03,4.15,5.55
41261,17,5,9,2011,10.085833333333333,7.32,4.34,5.8
41262,17,6,9,2011,10.249166666666666,7.23,4.29,5.75
41263,17,7,9,2011,10.348333333333331,7.12,4.45,5.82
41264,17,8,9,2011,10.538333333333334,7.16,4.34,5.75
41265,17,9,9,2011,10.6875,7.15,4.29,5.71
41266,17,10,9,2011,10.709166666666667,7.1000000000000005,4.42,5.79
41267,17,11,9,2011,10.709166666666667,7.07,4.43,5.79
41268,17,12,9,2011,10.654166666666667,6.7,4.23,5.51
41269,17,13,9,2011,10.726666666666667,7.57,4.73,6.1400000000000015
41270,17,14,9,2011,10.916666666666666,7.67,4.47,6.1000000000000005
41271,17,15,9,2011,11.157499999999999,6.48,4.2,5.25
41272,17,16,9,2011,11.378333333333332,6.1400000000000015,4.72,5.69
41273,17,17,9,2011,11.924166666666665,6.84,5.3100000000000005,6.3900000000000015
41274,17,18,9,2011,12.483333333333334,6.93,5.3500000000000005,6.45
41275,17,19,9,2011,13.295833333333333,6.28,4.7700000000000005,5.78
41276,17,20,9,2011,13.748333333333335,6.51,4.97,6.0200000000000005
41277,17,21,9,2011,14.123333333333335,6.17,4.69,5.69
41278,17,22,9,2011,14.286666666666669,5.93,4.3,5.26
41279,17,23,9,2011,14.2825,6.83,4.24,5.57
41280,18,0,9,2011,13.996666666666668,7.84,4.91,6.44
41281,18,1,9,2011,13.780000000000001,8.11,4.99,6.63
41282,18,2,9,2011,13.758333333333333,8.51,5.15,6.9
41283,18,3,9,2011,13.813333333333333,9.34,5.98,7.82
41284,18,4,9,2011,14.041666666666664,9.46,6.03,7.88
41285,18,5,9,2011,14.381666666666668,8.74,5.5,7.2
41286,18,6,9,2011,14.634166666666665,9.34,5.97,7.77
41287,18,7,9,2011,15.004166666666668,7.83,4.68,6.26
41288,18,8,9,2011,15.335,8.4,4.4,6.04
41289,18,9,9,2011,16.16333333333333,9.83,3.92,6.3500000000000005
41290,18,10,9,2011,16.16916666666667,7.68,2.17,4.32
41291,18,11,9,2011,16.425,5.41,1.62,2.98
41292,18,12,9,2011,16.563333333333333,5.79,2.31,3.67
41293,18,13,9,2011,16.71666666666667,7.47,3.78,5.0200000000000005
41294,18,14,9,2011,17.31416666666667,5.3,3.74,4.5200000000000005
41295,18,15,9,2011,17.383333333333333,2.87,2.01,2.45
41296,18,16,9,2011,17.195833333333336,2.67,1.52,2.03
41297,18,17,9,2011,17.302500000000002,2.54,1.74,2.1
41298,18,18,9,2011,17.255833333333335,3.99,3.24,3.79
41299,18,19,9,2011,16.41333333333333,4.8500000000000005,3.5,4.26
41300,18,20,9,2011,16.418333333333333,4.34,3.34,4.03
41301,18,21,9,2011,18.032500000000002,3.86,2.92,3.51
41302,18,22,9,2011,19.139166666666668,3.82,2.8000000000000003,3.42
41303,18,23,9,2011,18.88083333333333,3.5500000000000003,2.65,3.35
41304,19,0,9,2011,17.2975,3.5700000000000003,1.42,2.9
41305,19,1,9,2011,16.145,2.8000000000000003,0.6,1.93
41306,19,2,9,2011,15.676666666666668,3.0,0.63,1.64
41307,19,3,9,2011,15.633333333333335,3.59,1.4,2.53
41308,19,4,9,2011,15.364166666666664,4.25,2.2,3.56
41309,19,5,9,2011,14.61916666666667,4.57,2.54,4.07
41310,19,6,9,2011,13.738333333333335,5.12,2.8000000000000003,4.47
41311,19,7,9,2011,12.81333333333333,4.0,2.64,3.58
41312,19,8,9,2011,12.669999999999996,3.23,2.67,3.2
41313,19,9,9,2011,12.591666666666667,3.81,3.01,4.05
41314,19,10,9,2011,12.5625,4.1,3.08,4.23
41315,19,11,9,2011,12.718333333333334,5.3,3.4,4.82
41316,19,12,9,2011,12.569166666666668,5.61,3.44,4.9
41317,19,13,9,2011,12.224166666666667,6.1000000000000005,3.26,4.7700000000000005
41318,19,14,9,2011,12.4425,6.05,2.87,4.3500000000000005
41319,19,15,9,2011,15.683333333333337,5.26,2.48,2.76
41320,19,16,9,2011,18.955000000000002,3.77,2.85,3.41
41321,19,17,9,2011,22.184166666666666,4.44,3.42,4.07
41322,19,18,9,2011,24.219999999999995,4.41,3.31,3.98
41323,19,19,9,2011,25.295,4.18,3.13,3.78
41324,19,20,9,2011,25.745,3.69,2.78,3.34
41325,19,21,9,2011,25.968333333333334,2.97,2.25,2.69
41326,19,22,9,2011,25.978333333333335,2.53,1.92,2.31
41327,19,23,9,2011,24.910833333333333,2.8000000000000003,1.62,2.62
41328,20,0,9,2011,22.52083333333334,4.17,2.45,4.01
41329,20,1,9,2011,20.979166666666668,6.2,3.24,5.88
41330,20,2,9,2011,20.03916666666667,6.88,3.94,6.63
41331,20,3,9,2011,19.185,8.24,4.91,7.68
41332,20,4,9,2011,18.155833333333334,9.85,5.34,8.6
41333,20,5,9,2011,18.025,14.43,6.6000000000000005,10.18
41334,20,6,9,2011,17.944166666666668,14.58,6.7,10.19
41335,20,7,9,2011,17.659166666666668,14.84,7.03,10.5
41336,20,8,9,2011,17.523333333333337,15.3,7.46,10.96
41337,20,9,9,2011,17.220833333333335,15.67,7.59,11.11
41338,20,10,9,2011,17.15166666666667,16.14,8.23,11.8
41339,20,11,9,2011,17.73,16.35,8.68,12.29
41340,20,12,9,2011,18.109166666666667,16.31,9.11,12.53
41341,20,13,9,2011,18.28333333333333,15.85,9.08,12.4
41342,20,14,9,2011,19.348333333333336,13.1,8.42,11.03
41343,20,15,9,2011,19.3975,11.46,7.34,9.12
41344,20,16,9,2011,21.534166666666668,10.94,7.86,9.73
41345,20,17,9,2011,22.921666666666667,10.11,7.35,9.05
41346,20,18,9,2011,24.602500000000003,9.37,6.73,8.33
41347,20,19,9,2011,25.32166666666667,8.59,6.18,7.62
41348,20,20,9,2011,25.683333333333334,8.74,6.4,7.87
41349,20,21,9,2011,25.3075,7.85,5.78,7.07
41350,20,22,9,2011,24.723333333333333,7.36,5.18,6.51
41351,20,23,9,2011,23.2525,9.9,5.23,7.25
41352,21,0,9,2011,20.73416666666667,11.72,4.8100000000000005,8.49
41353,21,1,9,2011,18.773333333333333,12.2,4.7700000000000005,8.370000000000001
41354,21,2,9,2011,16.719166666666666,12.84,4.97,8.64
41355,21,3,9,2011,16.624166666666667,13.05,5.48,9.0
41356,21,4,9,2011,16.057499999999997,13.24,5.66,9.13
41357,21,5,9,2011,15.476666666666667,13.44,5.39,8.99
41358,21,6,9,2011,15.613333333333337,15.57,7.57,11.06
41359,21,7,9,2011,14.795000000000002,15.71,8.3,11.72
41360,21,8,9,2011,13.224166666666667,12.25,5.13,8.52
41361,21,9,9,2011,12.671666666666667,11.23,4.75,8.03
41362,21,10,9,2011,12.184166666666668,9.72,4.25,6.61
41363,21,11,9,2011,11.137500000000001,9.62,4.2700000000000005,7.33
41364,21,12,9,2011,10.475,10.6,4.21,7.33
41365,21,13,9,2011,11.535833333333334,10.68,4.64,7.32
41366,21,14,9,2011,13.090833333333334,6.5,4.8500000000000005,5.8500000000000005
41367,21,15,9,2011,15.173333333333332,7.8,5.61,6.9
41368,21,16,9,2011,16.833333333333336,8.870000000000003,6.43,7.91
41369,21,17,9,2011,17.845833333333335,8.89,6.42,7.9
41370,21,18,9,2011,18.799166666666668,8.14,5.88,7.2
41371,21,19,9,2011,19.60416666666667,8.120000000000001,5.87,7.21
41372,21,20,9,2011,20.094166666666666,8.13,5.88,7.22
41373,21,21,9,2011,20.258333333333333,8.0,5.73,7.08
41374,21,22,9,2011,20.115,8.28,5.7,7.24
41375,21,23,9,2011,19.10833333333333,9.16,5.74,7.3
41376,22,0,9,2011,16.9875,8.25,3.81,6.8500000000000005
41377,22,1,9,2011,15.499166666666666,9.96,3.36,6.79
41378,22,2,9,2011,14.659166666666666,10.06,3.82,7.61
41379,22,3,9,2011,13.830833333333333,9.92,3.81,7.37
41380,22,4,9,2011,12.90333333333333,7.42,3.11,6.07
41381,22,5,9,2011,12.152499999999998,7.41,2.78,5.73
41382,22,6,9,2011,11.268333333333333,6.61,2.3000000000000003,5.19
41383,22,7,9,2011,10.242499999999998,4.94,2.58,4.91
41384,22,8,9,2011,9.0675,3.99,2.06,3.85
41385,22,9,9,2011,8.372499999999999,3.42,1.9,3.09
41386,22,10,9,2011,7.818333333333334,3.41,1.9,3.08
41387,22,11,9,2011,7.557500000000001,2.72,0.97,1.97
41388,22,12,9,2011,7.463333333333332,1.82,0.95,1.45
41389,22,13,9,2011,8.585833333333333,1.62,1.07,1.57
41390,22,14,9,2011,11.173333333333334,1.16,0.78,0.86
41391,22,15,9,2011,13.241666666666667,0.96,1.09,1.12
41392,22,16,9,2011,15.091666666666667,0.7000000000000001,0.79,0.78
41393,22,17,9,2011,16.82,1.01,0.8300000000000001,0.93
41394,22,18,9,2011,18.018333333333334,2.32,1.93,2.21
41395,22,19,9,2011,18.7775,2.73,2.13,2.5
41396,22,20,9,2011,19.334166666666665,2.69,2.12,2.49
41397,22,21,9,2011,19.645833333333332,2.49,1.93,2.28
41398,22,22,9,2011,19.665833333333335,2.66,2.2,2.56
41399,22,23,9,2011,18.964166666666667,2.93,2.21,2.62
41400,23,0,9,2011,16.471666666666668,6.82,1.97,4.89
41401,23,1,9,2011,14.262500000000001,9.67,2.72,6.69
41402,23,2,9,2011,12.667499999999999,10.14,2.33,6.45
41403,23,3,9,2011,11.460833333333333,10.38,1.99,5.84
41404,23,4,9,2011,10.695833333333335,10.1,1.84,5.66
41405,23,5,9,2011,9.815,9.99,1.89,5.49
41406,23,6,9,2011,8.864166666666666,11.6,2.14,6.5
41407,23,7,9,2011,7.838333333333334,10.56,1.97,6.12
41408,23,8,9,2011,6.945833333333334,9.98,2.43,6.09
41409,23,9,9,2011,6.405000000000001,9.7,2.5500000000000003,6.0200000000000005
41410,23,10,9,2011,6.0325,8.98,2.0,5.65
41411,23,11,9,2011,5.6258333333333335,8.56,2.06,5.71
41412,23,12,9,2011,5.348333333333334,8.4,2.04,5.49
41413,23,13,9,2011,6.494999999999998,7.44,2.97,4.91
41414,23,14,9,2011,9.018333333333334,5.26,3.16,3.7
41415,23,15,9,2011,11.753333333333332,4.32,3.45,4.0600000000000005
41416,23,16,9,2011,14.039166666666667,4.33,3.43,4.04
41417,23,17,9,2011,15.735833333333334,4.22,3.35,3.95
41418,23,18,9,2011,16.9475,3.16,2.59,3.0
41419,23,19,9,2011,17.796666666666663,2.66,2.22,2.5500000000000003
41420,23,20,9,2011,18.392500000000002,2.85,2.31,2.69
41421,23,21,9,2011,18.705833333333334,3.02,2.4,2.81
41422,23,22,9,2011,18.5975,3.01,2.48,2.9
41423,23,23,9,2011,17.78166666666667,2.75,2.04,2.5
41424,24,0,9,2011,15.242500000000001,3.01,1.1,2.39
41425,24,1,9,2011,14.102500000000001,2.64,0.66,1.84
41426,24,2,9,2011,13.373333333333333,2.59,0.45,1.5
41427,24,3,9,2011,12.765833333333333,2.79,0.52,1.73
41428,24,4,9,2011,12.280833333333334,3.22,0.78,2.11
41429,24,5,9,2011,11.1325,3.46,0.92,2.31
41430,24,6,9,2011,10.109166666666667,4.28,1.3,2.82
41431,24,7,9,2011,9.144166666666665,5.61,2.16,4.24
41432,24,8,9,2011,8.606666666666667,5.74,2.37,4.44
41433,24,9,9,2011,8.427500000000002,6.37,2.62,5.09
41434,24,10,9,2011,8.3625,6.72,3.22,5.98
41435,24,11,9,2011,8.396666666666667,6.58,3.24,5.91
41436,24,12,9,2011,6.6049999999999995,6.17,2.7,5.07
41437,24,13,9,2011,7.0775,6.5200000000000005,2.78,4.53
41438,24,14,9,2011,10.895000000000001,6.57,2.94,3.51
41439,24,15,9,2011,14.431666666666667,4.83,3.72,4.46
41440,24,16,9,2011,16.421666666666667,4.86,3.75,4.49
41441,24,17,9,2011,17.545,4.43,3.49,4.13
41442,24,18,9,2011,18.35083333333333,4.37,3.53,4.12
41443,24,19,9,2011,18.881666666666664,4.42,3.56,4.17
41444,24,20,9,2011,19.175,4.54,3.75,4.36
41445,24,21,9,2011,19.349166666666665,4.86,3.89,4.58
41446,24,22,9,2011,19.120833333333334,4.88,3.76,4.6000000000000005
41447,24,23,9,2011,18.008333333333333,7.26,3.68,4.95
41448,25,0,9,2011,15.30583333333333,9.51,3.09,6.73
41449,25,1,9,2011,13.31,9.9,2.46,6.45
41450,25,2,9,2011,12.353333333333332,10.82,2.3000000000000003,6.5600000000000005
41451,25,3,9,2011,11.184166666666664,12.01,2.43,6.6000000000000005
41452,25,4,9,2011,10.415833333333333,12.04,2.53,7.17
41453,25,5,9,2011,9.704166666666667,11.54,2.35,6.94
41454,25,6,9,2011,8.956666666666667,10.82,2.08,6.37
41455,25,7,9,2011,8.4325,9.83,1.61,5.63
41456,25,8,9,2011,7.974999999999999,8.370000000000001,1.5,4.8500000000000005
41457,25,9,9,2011,7.13,6.26,1.64,3.84
41458,25,10,9,2011,6.539166666666667,5.7,1.74,3.78
41459,25,11,9,2011,5.849999999999999,5.03,1.6,3.4
41460,25,12,9,2011,5.342500000000001,4.62,1.64,3.27
41461,25,13,9,2011,6.146666666666667,4.69,2.11,3.34
41462,25,14,9,2011,8.539166666666667,4.0600000000000005,2.03,2.32
41463,25,15,9,2011,11.256666666666666,2.89,2.25,2.65
41464,25,16,9,2011,13.610833333333332,4.12,3.22,3.81
41465,25,17,9,2011,14.7725,4.14,3.26,3.84
41466,25,18,9,2011,15.677499999999997,3.66,2.87,3.38
41467,25,19,9,2011,16.4125,3.11,2.49,2.9
41468,25,20,9,2011,17.09583333333333,2.82,2.25,2.63
41469,25,21,9,2011,17.468333333333334,2.95,2.37,2.77
41470,25,22,9,2011,17.53833333333333,3.23,2.5500000000000003,3.02
41471,25,23,9,2011,16.89916666666667,3.01,2.24,2.68
41472,26,0,9,2011,14.988333333333332,3.82,1.56,3.12
41473,26,1,9,2011,13.737500000000002,3.17,1.01,2.15
41474,26,2,9,2011,13.208333333333334,3.24,1.24,2.35
41475,26,3,9,2011,12.648333333333332,3.64,1.28,2.54
41476,26,4,9,2011,11.510000000000003,3.25,1.44,2.79
41477,26,5,9,2011,10.623333333333333,3.0700000000000003,1.58,2.84
41478,26,6,9,2011,10.049166666666665,2.62,1.78,2.78
41479,26,7,9,2011,9.295000000000002,2.66,2.35,3.48
41480,26,8,9,2011,8.598333333333333,3.25,2.6,3.81
41481,26,9,9,2011,7.539166666666667,3.45,2.77,3.87
41482,26,10,9,2011,7.357499999999999,3.97,2.92,4.45
41483,26,11,9,2011,7.123333333333332,6.29,3.63,6.22
41484,26,12,9,2011,6.9558333333333335,6.67,3.94,6.6400000000000015
41485,26,13,9,2011,8.710833333333333,6.36,3.97,6.45
41486,26,14,9,2011,11.44,5.67,3.06,3.5700000000000003
41487,26,15,9,2011,14.415,4.4,3.23,3.93
41488,26,16,9,2011,16.16166666666667,6.1400000000000015,4.53,5.5
41489,26,17,9,2011,17.529166666666665,6.53,4.83,5.88
41490,26,18,9,2011,18.587500000000002,7.03,5.18,6.34
41491,26,19,9,2011,19.489166666666666,6.8900000000000015,5.0600000000000005,6.19
41492,26,20,9,2011,20.266666666666666,7.9,5.7,7.05
41493,26,21,9,2011,20.642500000000002,7.87,5.69,7.03
41494,26,22,9,2011,20.751666666666665,8.13,5.67,7.15
41495,26,23,9,2011,19.5975,9.81,4.64,7.48
41496,27,0,9,2011,17.6525,10.13,4.22,8.07
41497,27,1,9,2011,16.518333333333334,11.32,4.72,8.65
41498,27,2,9,2011,15.854999999999999,11.23,4.7700000000000005,8.68
41499,27,3,9,2011,15.005,11.07,4.63,8.41
41500,27,4,9,2011,14.300000000000002,11.81,4.51,8.15
41501,27,5,9,2011,13.82583333333333,12.46,4.62,8.38
41502,27,6,9,2011,13.5525,12.47,4.9,8.51
41503,27,7,9,2011,12.957500000000001,11.89,4.75,8.33
41504,27,8,9,2011,12.560833333333335,10.55,4.59,7.69
41505,27,9,9,2011,12.7725,10.18,4.96,8.07
41506,27,10,9,2011,12.370833333333335,10.41,5.19,8.27
41507,27,11,9,2011,11.254166666666668,10.94,4.23,7.7
41508,27,12,9,2011,10.451666666666664,11.04,4.71,7.73
41509,27,13,9,2011,11.949166666666665,10.81,4.92,7.44
41510,27,14,9,2011,13.844999999999999,6.7700000000000005,4.7700000000000005,5.75
41511,27,15,9,2011,16.235,7.19,5.3,6.49
41512,27,16,9,2011,18.62666666666667,8.45,6.19,7.59
41513,27,17,9,2011,20.485833333333336,8.6,6.33,7.76
41514,27,18,9,2011,21.852500000000003,7.82,5.73,7.0200000000000005
41515,27,19,9,2011,22.947500000000005,7.86,5.7700000000000005,7.07
41516,27,20,9,2011,23.700000000000003,7.76,5.68,6.97
41517,27,21,9,2011,24.017500000000002,7.72,5.58,6.92
41518,27,22,9,2011,24.019999999999996,7.41,5.32,6.62
41519,27,23,9,2011,22.91333333333333,6.07,4.09,5.25
41520,28,0,9,2011,21.028333333333332,7.0200000000000005,2.87,5.79
41521,28,1,9,2011,20.045,6.86,2.75,5.76
41522,28,2,9,2011,19.025833333333335,5.69,2.71,4.89
41523,28,3,9,2011,18.314999999999998,3.18,2.4,3.62
41524,28,4,9,2011,17.30333333333333,3.15,2.67,3.79
41525,28,5,9,2011,16.486666666666665,3.29,2.36,3.54
41526,28,6,9,2011,15.735000000000001,3.26,2.53,3.51
41527,28,7,9,2011,15.177500000000002,3.1,2.79,3.71
41528,28,8,9,2011,14.559166666666664,3.13,3.44,4.47
41529,28,9,9,2011,14.441666666666665,3.11,3.34,4.48
41530,28,10,9,2011,13.900833333333333,3.3200000000000003,3.31,4.5
41531,28,11,9,2011,14.068333333333333,3.27,3.09,4.41
41532,28,12,9,2011,13.631666666666666,3.11,2.28,3.65
41533,28,13,9,2011,14.176666666666664,2.73,2.34,3.28
41534,28,14,9,2011,16.8775,2.57,1.3,2.01
41535,28,15,9,2011,19.18666666666667,1.3,1.33,1.41
41536,28,16,9,2011,21.376666666666665,1.96,1.85,2.05
41537,28,17,9,2011,23.416666666666668,1.57,1.5,1.64
41538,28,18,9,2011,24.91916666666667,2.02,1.71,1.95
41539,28,19,9,2011,25.780833333333334,2.62,2.21,2.53
41540,28,20,9,2011,26.212499999999995,2.76,2.29,2.64
41541,28,21,9,2011,26.539166666666663,2.56,2.02,2.38
41542,28,22,9,2011,26.609166666666663,2.28,1.79,2.1
41543,28,23,9,2011,25.444166666666664,2.23,1.68,2.12
41544,29,0,9,2011,23.222499999999997,2.76,0.65,1.66
41545,29,1,9,2011,22.11583333333333,2.44,0.52,1.46
41546,29,2,9,2011,21.558333333333337,1.34,0.47,0.8
41547,29,3,9,2011,21.234999999999996,1.42,0.93,0.81
41548,29,4,9,2011,20.791666666666668,1.61,1.98,1.93
41549,29,5,9,2011,20.3075,2.99,3.03,3.71
41550,29,6,9,2011,19.984166666666663,3.67,3.52,4.39
41551,29,7,9,2011,18.845000000000002,5.23,4.2700000000000005,6.13
41552,29,8,9,2011,17.78916666666667,6.18,4.5200000000000005,6.59
41553,29,9,9,2011,18.013333333333335,7.0200000000000005,4.58,6.73
41554,29,10,9,2011,17.331666666666667,11.98,5.41,8.59
41555,29,11,9,2011,17.023333333333333,13.58,6.17,9.66
41556,29,12,9,2011,16.186666666666667,13.88,6.62,9.86
41557,29,13,9,2011,17.385833333333334,13.94,7.58,10.19
41558,29,14,9,2011,19.026666666666667,11.61,8.01,10.04
41559,29,15,9,2011,20.139166666666668,14.32,10.07,12.65
41560,29,16,9,2011,20.31916666666667,14.57,10.44,13.04
41561,29,17,9,2011,19.0025,14.86,10.59,13.21
41562,29,18,9,2011,18.621666666666666,11.39,8.08,10.08
41563,29,19,9,2011,19.436666666666664,12.7,8.31,10.7
41564,29,20,9,2011,22.3475,13.53,9.6,11.97
41565,29,21,9,2011,22.201666666666664,14.4,10.04,12.68
41566,29,22,9,2011,21.548333333333332,14.2,9.73,12.44
41567,29,23,9,2011,20.1175,16.64,8.59,12.53
41568,30,0,9,2011,18.34,16.81,8.74,12.71
41569,30,1,9,2011,16.79666666666667,16.53,7.58,11.28
41570,30,2,9,2011,15.645833333333334,15.11,6.59,10.29
41571,30,3,9,2011,14.059166666666668,15.38,6.46,10.2
41572,30,4,9,2011,13.55166666666667,14.58,6.34,10.01
41573,30,5,9,2011,13.002499999999998,14.27,6.63,10.15
41574,30,6,9,2011,11.704166666666667,12.69,5.28,8.620000000000001
41575,30,7,9,2011,10.944166666666668,12.46,4.61,8.03
41576,30,8,9,2011,9.597499999999998,11.18,4.03,7.29
41577,30,9,9,2011,9.159166666666666,10.32,4.54,7.6
41578,30,10,9,2011,8.903333333333332,10.83,5.04,8.24
41579,30,11,9,2011,8.238333333333332,10.63,4.96,8.290000000000001
41580,30,12,9,2011,7.78,10.47,4.91,7.98
41581,30,13,9,2011,8.5875,9.65,5.28,7.54
41582,30,14,9,2011,10.080833333333333,7.26,4.14,4.96
41583,30,15,9,2011,12.284166666666666,5.44,4.16,5.0
41584,30,16,9,2011,13.994166666666667,5.44,4.11,4.96
41585,30,17,9,2011,15.6475,5.19,3.93,4.73
41586,30,18,9,2011,16.984999999999996,5.39,4.09,4.93
41587,30,19,9,2011,17.970833333333335,5.3100000000000005,4.04,4.86
41588,30,20,9,2011,18.646666666666665,5.36,4.07,4.9
41589,30,21,9,2011,19.003333333333334,5.13,3.89,4.68
41590,30,22,9,2011,18.954166666666662,4.82,3.6,4.42
41591,30,23,9,2011,17.825833333333332,5.11,3.49,5.12
41592,1,0,10,2011,16.015,5.32,3.0,5.49
41593,1,1,10,2011,14.504166666666665,5.29,2.34,4.58
41594,1,2,10,2011,13.399999999999999,4.83,1.64,3.28
41595,1,3,10,2011,12.550833333333335,4.65,1.39,3.0500000000000003
41596,1,4,10,2011,11.735,4.78,1.19,2.84
41597,1,5,10,2011,10.6275,5.99,1.69,3.81
41598,1,6,10,2011,9.546666666666665,6.5,1.81,4.09
41599,1,7,10,2011,8.860833333333334,6.88,1.51,4.17
41600,1,8,10,2011,8.089166666666667,8.91,2.14,5.72
41601,1,9,10,2011,7.420833333333333,10.39,2.35,6.22
41602,1,10,10,2011,6.528333333333333,10.29,2.25,6.37
41603,1,11,10,2011,5.8825,9.9,2.71,6.79
41604,1,12,10,2011,5.651666666666666,9.2,3.28,6.8
41605,1,13,10,2011,6.9175,8.0,3.77,6.34
41606,1,14,10,2011,9.582500000000001,7.03,3.34,4.2700000000000005
41607,1,15,10,2011,12.251666666666665,4.6000000000000005,3.58,4.25
41608,1,16,10,2011,14.229999999999999,4.47,3.52,4.18
41609,1,17,10,2011,15.838333333333333,4.2,3.31,3.92
41610,1,18,10,2011,17.065833333333334,3.99,3.2,3.75
41611,1,19,10,2011,17.987500000000008,4.04,3.18,3.76
41612,1,20,10,2011,18.66,3.96,3.11,3.67
41613,1,21,10,2011,18.984166666666667,4.55,3.48,4.18
41614,1,22,10,2011,18.876666666666665,4.4,3.31,4.0200000000000005
41615,1,23,10,2011,17.461666666666666,5.37,2.84,4.5600000000000005
41616,2,0,10,2011,14.833333333333334,7.12,3.09,6.25
41617,2,1,10,2011,13.499999999999998,8.18,3.81,7.54
41618,2,2,10,2011,12.680833333333332,8.43,3.98,7.79
41619,2,3,10,2011,12.174166666666666,8.8,4.21,7.95
41620,2,4,10,2011,11.643333333333333,9.15,4.43,8.18
41621,2,5,10,2011,11.299166666666665,9.59,4.65,8.370000000000001
41622,2,6,10,2011,10.9675,9.88,4.84,8.46
41623,2,7,10,2011,10.61,9.7,4.73,8.24
41624,2,8,10,2011,10.225833333333336,10.32,5.1000000000000005,8.46
41625,2,9,10,2011,9.986666666666666,10.73,5.37,8.66
41626,2,10,10,2011,9.826666666666668,10.51,5.36,8.64
41627,2,11,10,2011,9.398333333333333,10.35,5.2,8.45
41628,2,12,10,2011,9.229999999999999,10.74,5.29,8.46
41629,2,13,10,2011,10.184999999999997,10.54,5.48,8.3
41630,2,14,10,2011,12.154166666666669,9.82,4.62,6.71
41631,2,15,10,2011,14.840833333333334,7.56,4.6000000000000005,5.46
41632,2,16,10,2011,17.4675,5.88,4.48,5.41
41633,2,17,10,2011,19.27416666666667,5.88,4.47,5.4
41634,2,18,10,2011,20.455833333333334,5.64,4.33,5.2
41635,2,19,10,2011,21.313333333333333,5.32,4.1,4.92
41636,2,20,10,2011,21.867500000000003,5.2700000000000005,4.0200000000000005,4.84
41637,2,21,10,2011,21.995,5.78,4.3500000000000005,5.29
41638,2,22,10,2011,21.650833333333328,6.15,4.41,5.42
41639,2,23,10,2011,19.9425,7.38,3.69,6.22
41640,3,0,10,2011,17.632500000000004,9.36,4.0,7.87
41641,3,1,10,2011,16.618333333333332,9.99,4.42,8.31
41642,3,2,10,2011,15.654166666666663,10.82,4.44,8.35
41643,3,3,10,2011,15.089999999999998,11.8,5.19,8.99
41644,3,4,10,2011,14.6725,12.26,5.53,9.13
41645,3,5,10,2011,14.122499999999997,12.23,5.49,9.1
41646,3,6,10,2011,13.764166666666666,11.54,5.25,8.870000000000003
41647,3,7,10,2011,13.588333333333333,11.96,5.69,9.08
41648,3,8,10,2011,13.315000000000003,11.58,5.64,8.94
41649,3,9,10,2011,13.083333333333334,11.5,5.62,8.870000000000003
41650,3,10,10,2011,12.883333333333333,11.45,5.51,8.77
41651,3,11,10,2011,12.335833333333333,11.55,5.54,8.68
41652,3,12,10,2011,11.851666666666667,11.64,5.57,8.66
41653,3,13,10,2011,12.160833333333334,11.54,5.54,8.39
41654,3,14,10,2011,13.631666666666666,9.54,4.64,6.3
41655,3,15,10,2011,16.53916666666667,7.57,4.49,5.39
41656,3,16,10,2011,19.236666666666668,5.95,4.59,5.5
41657,3,17,10,2011,21.35166666666667,6.66,5.04,6.09
41658,3,18,10,2011,22.95833333333334,7.27,5.43,6.61
41659,3,19,10,2011,24.11333333333333,7.6400000000000015,5.7,6.95
41660,3,20,10,2011,24.80583333333333,8.13,5.95,7.34
41661,3,21,10,2011,25.110000000000003,8.38,6.05,7.53
41662,3,22,10,2011,24.865,8.290000000000001,5.91,7.42
41663,3,23,10,2011,22.9425,10.73,4.32,7.87
41664,4,0,10,2011,20.71833333333333,11.09,4.14,8.14
41665,4,1,10,2011,19.825000000000003,12.81,5.24,8.91
41666,4,2,10,2011,19.403333333333332,13.08,5.44,9.02
41667,4,3,10,2011,18.472500000000004,13.13,5.68,9.09
41668,4,4,10,2011,17.874166666666667,13.2,6.0,9.31
41669,4,5,10,2011,17.324166666666667,13.25,6.08,9.37
41670,4,6,10,2011,17.02,13.21,6.09,9.31
41671,4,7,10,2011,16.80333333333333,13.44,6.45,9.64
41672,4,8,10,2011,16.4775,13.45,6.6400000000000015,9.75
41673,4,9,10,2011,16.0275,13.35,6.69,9.7
41674,4,10,10,2011,15.691666666666668,13.67,7.11,10.16
41675,4,11,10,2011,15.6825,13.85,7.1400000000000015,10.2
41676,4,12,10,2011,15.574166666666665,14.39,7.46,10.6
41677,4,13,10,2011,16.374166666666667,14.35,7.97,10.6
41678,4,14,10,2011,18.375,12.59,7.25,9.89
41679,4,15,10,2011,20.670833333333334,10.1,6.86,8.33
41680,4,16,10,2011,23.004166666666666,9.01,6.83,8.28
41681,4,17,10,2011,25.099999999999998,8.63,6.42,7.84
41682,4,18,10,2011,26.672500000000003,8.4,6.22,7.61
41683,4,19,10,2011,27.694999999999997,8.52,6.2,7.66
41684,4,20,10,2011,28.483333333333334,8.64,6.23,7.72
41685,4,21,10,2011,28.770833333333332,8.75,6.23,7.77
41686,4,22,10,2011,28.33,8.71,6.15,7.73
41687,4,23,10,2011,26.2825,11.46,4.76,8.35
41688,5,0,10,2011,24.189166666666665,13.52,5.75,9.35
41689,5,1,10,2011,22.83083333333333,14.12,6.29,9.84
41690,5,2,10,2011,21.796666666666667,14.38,6.71,10.2
41691,5,3,10,2011,21.078333333333333,14.93,6.9,10.4
41692,5,4,10,2011,20.504166666666666,15.1,7.16,10.7
41693,5,5,10,2011,19.985000000000003,15.27,7.28,10.84
41694,5,6,10,2011,19.590833333333332,15.19,7.1400000000000015,10.68
41695,5,7,10,2011,19.044166666666666,15.35,7.26,10.86
41696,5,8,10,2011,18.426666666666666,15.24,7.08,10.73
41697,5,9,10,2011,17.413333333333334,14.83,6.53,10.1
41698,5,10,10,2011,16.685833333333335,14.75,6.58,10.04
41699,5,11,10,2011,15.8575,14.29,6.6000000000000005,10.03
41700,5,12,10,2011,14.979999999999999,13.17,6.2,9.38
41701,5,13,10,2011,15.119166666666665,12.75,6.6400000000000015,9.25
41702,5,14,10,2011,16.517500000000002,11.44,5.79,8.2
41703,5,15,10,2011,18.9275,9.55,5.87,7.1000000000000005
41704,5,16,10,2011,21.1875,8.07,6.11,7.42
41705,5,17,10,2011,23.075833333333335,8.6,6.38,7.81
41706,5,18,10,2011,24.481666666666666,9.41,6.8100000000000005,8.43
41707,5,19,10,2011,25.355,10.19,7.28,9.07
41708,5,20,10,2011,25.771666666666665,10.8,7.6400000000000015,9.57
41709,5,21,10,2011,25.713333333333328,11.25,7.9,9.96
41710,5,22,10,2011,25.22666666666667,11.06,7.65,9.71
41711,5,23,10,2011,23.259999999999994,12.4,5.5600000000000005,8.4
41712,6,0,10,2011,21.456666666666667,14.52,6.28,10.02
41713,6,1,10,2011,20.390833333333333,14.22,6.3500000000000005,9.96
41714,6,2,10,2011,19.699999999999996,14.24,6.5,10.04
41715,6,3,10,2011,18.77916666666667,13.37,5.59,8.98
41716,6,4,10,2011,17.706666666666667,14.13,5.47,9.28
41717,6,5,10,2011,17.011666666666667,13.17,6.0200000000000005,9.31
41718,6,6,10,2011,16.364166666666662,14.28,6.36,9.94
41719,6,7,10,2011,15.815833333333332,15.06,7.16,10.72
41720,6,8,10,2011,15.673333333333334,15.96,7.41,11.06
41721,6,9,10,2011,15.098333333333331,15.85,7.38,10.98
41722,6,10,10,2011,14.650833333333333,15.48,7.92,11.39
41723,6,11,10,2011,14.325000000000001,15.63,8.0,11.47
41724,6,12,10,2011,13.972499999999998,16.12,8.55,12.04
41725,6,13,10,2011,14.4325,16.07,9.13,12.15
41726,6,14,10,2011,16.000833333333333,13.87,7.92,10.9
41727,6,15,10,2011,18.17666666666667,11.29,8.13,9.97
41728,6,16,10,2011,20.370833333333334,11.33,8.23,10.17
41729,6,17,10,2011,22.219166666666666,12.45,8.94,11.1
41730,6,18,10,2011,23.801666666666666,13.14,9.33,11.64
41731,6,19,10,2011,24.890833333333333,14.49,10.21,12.8
41732,6,20,10,2011,25.464166666666667,15.38,10.7,13.51
41733,6,21,10,2011,25.645,15.79,10.9,13.84
41734,6,22,10,2011,25.325833333333332,15.78,10.79,13.77
41735,6,23,10,2011,24.110833333333336,15.01,9.04,11.97
41736,7,0,10,2011,22.5175,15.04,7.74,11.24
41737,7,1,10,2011,21.739166666666666,15.58,8.14,11.68
41738,7,2,10,2011,20.779166666666665,15.38,7.84,11.34
41739,7,3,10,2011,20.139166666666668,15.56,8.1,11.55
41740,7,4,10,2011,19.720000000000002,16.02,8.790000000000001,12.25
41741,7,5,10,2011,19.110833333333336,15.91,8.74,12.16
41742,7,6,10,2011,18.983333333333334,16.92,9.69,13.31
41743,7,7,10,2011,18.825000000000003,16.65,9.67,13.17
41744,7,8,10,2011,18.61666666666667,17.28,10.17,13.76
41745,7,9,10,2011,18.126666666666665,16.51,9.61,13.05
41746,7,10,10,2011,17.805000000000003,14.81,8.35,11.53
41747,7,11,10,2011,17.763333333333332,14.29,7.96,11.08
41748,7,12,10,2011,17.6275,14.05,7.79,10.87
41749,7,13,10,2011,18.095833333333335,15.3,9.84,12.82
41750,7,14,10,2011,19.56416666666667,14.16,9.45,11.82
41751,7,15,10,2011,20.9625,14.42,10.09,12.68
41752,7,16,10,2011,22.330833333333334,14.51,10.17,12.78
41753,7,17,10,2011,23.466666666666665,13.96,9.91,12.36
41754,7,18,10,2011,24.438333333333333,15.05,10.61,13.34
41755,7,19,10,2011,25.185833333333335,16.14,11.26,14.22
41756,7,20,10,2011,25.549166666666668,16.47,11.46,14.51
41757,7,21,10,2011,25.49666666666667,16.16,11.21,14.2
41758,7,22,10,2011,25.161666666666665,16.25,11.1,14.17
41759,7,23,10,2011,24.325,14.83,9.73,12.55
41760,8,0,10,2011,23.1825,12.85,6.98,9.85
41761,8,1,10,2011,23.7075,14.08,8.66,11.56
41762,8,2,10,2011,23.405833333333334,13.56,8.23,11.02
41763,8,3,10,2011,22.382500000000004,15.23,8.700000000000001,11.93
41764,8,4,10,2011,21.86,15.71,8.94,12.28
41765,8,5,10,2011,21.15083333333333,15.31,8.81,12.06
41766,8,6,10,2011,20.435000000000002,15.54,9.02,12.34
41767,8,7,10,2011,19.949166666666667,16.1,9.33,12.76
41768,8,8,10,2011,19.629166666666663,15.6,9.03,12.31
41769,8,9,10,2011,19.161666666666665,15.78,9.29,12.62
41770,8,10,10,2011,18.800833333333333,15.08,8.870000000000003,12.03
41771,8,11,10,2011,18.835,14.38,8.870000000000003,11.82
41772,8,12,10,2011,18.534166666666668,13.86,8.01,11.05
41773,8,13,10,2011,17.900000000000002,14.51,8.94,11.87
41774,8,14,10,2011,18.855833333333333,14.28,9.02,11.29
41775,8,15,10,2011,20.61583333333333,13.02,9.31,11.62
41776,8,16,10,2011,22.184166666666666,12.75,9.23,11.46
41777,8,17,10,2011,23.510833333333338,12.36,8.870000000000003,11.06
41778,8,18,10,2011,24.602500000000003,12.31,8.74,10.92
41779,8,19,10,2011,25.367500000000003,12.4,8.8,11.0
41780,8,20,10,2011,25.836666666666662,12.49,8.8,11.08
41781,8,21,10,2011,25.472499999999997,12.21,8.41,10.59
41782,8,22,10,2011,25.13416666666667,12.46,8.98,11.27
41783,8,23,10,2011,24.349999999999994,11.75,6.71,9.2
41784,9,0,10,2011,23.49833333333333,11.88,5.98,8.58
41785,9,1,10,2011,22.72083333333333,13.23,6.87,9.93
41786,9,2,10,2011,19.40416666666667,10.55,4.96,7.57
41787,9,3,10,2011,18.334166666666665,4.88,2.82,3.81
41788,9,4,10,2011,18.115,7.6400000000000015,1.12,3.68
41789,9,5,10,2011,18.400000000000002,11.26,4.45,7.53
41790,9,6,10,2011,18.610833333333336,12.04,4.42,8.02
41791,9,7,10,2011,18.246666666666666,12.61,5.98,9.01
41792,9,8,10,2011,17.790833333333335,12.9,6.22,9.27
41793,9,9,10,2011,17.73416666666667,13.53,6.98,10.06
41794,9,10,10,2011,17.434166666666666,13.61,7.0600000000000005,10.15
41795,9,11,10,2011,16.99833333333333,13.38,6.84,9.86
41796,9,12,10,2011,16.4175,12.47,5.88,8.84
41797,9,13,10,2011,16.599999999999998,12.01,6.63,9.19
41798,9,14,10,2011,17.830000000000002,11.76,6.74,8.48
41799,9,15,10,2011,19.401666666666667,9.34,6.7700000000000005,8.39
41800,9,16,10,2011,20.881666666666664,9.78,7.1000000000000005,8.790000000000001
41801,9,17,10,2011,22.211666666666662,10.46,7.54,9.36
41802,9,18,10,2011,23.131666666666664,10.58,7.63,9.47
41803,9,19,10,2011,23.706666666666667,10.44,7.47,9.29
41804,9,20,10,2011,24.098333333333333,10.95,7.87,9.81
41805,9,21,10,2011,24.245833333333334,12.05,8.6,10.77
41806,9,22,10,2011,24.030833333333334,11.01,7.3900000000000015,9.49
41807,9,23,10,2011,23.150833333333335,11.15,6.49,8.76
41808,10,0,10,2011,21.5775,12.95,5.55,8.950000000000003
41809,10,1,10,2011,20.544166666666666,13.37,5.58,8.84
41810,10,2,10,2011,19.8875,13.31,5.66,9.02
41811,10,3,10,2011,17.859166666666667,7.65,2.22,3.52
41812,10,4,10,2011,17.5925,8.950000000000003,1.52,4.44
41813,10,5,10,2011,18.551666666666666,10.21,4.68,6.99
41814,10,6,10,2011,18.150000000000002,9.31,4.05,6.49
41815,10,7,10,2011,17.767500000000002,7.42,3.14,5.15
41816,10,8,10,2011,16.504166666666666,5.4,2.39,4.12
41817,10,9,10,2011,15.72,5.33,2.23,3.72
41818,10,10,10,2011,15.52083333333333,3.98,1.9,3.23
41819,10,11,10,2011,15.354166666666666,2.0,1.43,2.05
41820,10,12,10,2011,14.9475,1.33,1.37,1.72
41821,10,13,10,2011,14.768333333333333,2.13,1.62,2.06
41822,10,14,10,2011,14.917499999999999,1.28,1.36,1.44
41823,10,15,10,2011,15.336666666666668,1.57,1.25,1.42
41824,10,16,10,2011,15.545833333333334,3.16,2.56,3.04
41825,10,17,10,2011,15.7425,3.2,2.62,3.09
41826,10,18,10,2011,17.391666666666666,2.99,2.37,2.79
41827,10,19,10,2011,18.415833333333335,3.53,2.76,3.29
41828,10,20,10,2011,19.2125,3.19,2.49,2.95
41829,10,21,10,2011,19.736666666666665,3.38,2.7,3.17
41830,10,22,10,2011,20.066666666666666,2.59,1.91,2.31
41831,10,23,10,2011,19.188333333333333,3.87,1.79,3.1
41832,11,0,10,2011,17.254166666666663,6.2700000000000005,2.69,5.47
41833,11,1,10,2011,16.434166666666666,6.76,3.54,6.3100000000000005
41834,11,2,10,2011,15.868333333333332,7.2,3.69,6.5600000000000005
41835,11,3,10,2011,15.13583333333333,7.08,3.88,6.61
41836,11,4,10,2011,14.718333333333334,7.1400000000000015,3.89,6.67
41837,11,5,10,2011,14.483333333333334,7.01,3.76,6.3500000000000005
41838,11,6,10,2011,14.477500000000001,7.8900000000000015,4.19,6.87
41839,11,7,10,2011,14.23666666666667,8.34,4.45,7.32
41840,11,8,10,2011,13.183333333333335,8.17,4.2700000000000005,7.21
41841,11,9,10,2011,12.263333333333335,7.5,3.7,6.66
41842,11,10,10,2011,11.8825,6.55,3.6,6.3100000000000005
41843,11,11,10,2011,11.018333333333333,5.92,3.19,5.69
41844,11,12,10,2011,10.395833333333334,6.23,2.99,5.59
41845,11,13,10,2011,10.546666666666665,6.19,2.91,5.55
41846,11,14,10,2011,9.673333333333332,6.67,3.02,4.97
41847,11,15,10,2011,13.358333333333334,6.91,3.44,4.34
41848,11,16,10,2011,16.420833333333334,5.57,4.14,4.98
41849,11,17,10,2011,18.365,6.67,4.97,6.05
41850,11,18,10,2011,20.07916666666667,7.15,5.48,6.59
41851,11,19,10,2011,21.1525,7.12,5.3100000000000005,6.46
41852,11,20,10,2011,22.291666666666668,7.94,5.82,7.15
41853,11,21,10,2011,22.780833333333334,8.13,5.9,7.29
41854,11,22,10,2011,23.0,8.370000000000001,5.92,7.43
41855,11,23,10,2011,21.160833333333333,10.84,4.46,7.76
41856,12,0,10,2011,19.414166666666663,11.78,4.99,8.34
41857,12,1,10,2011,18.500000000000004,11.55,4.9,7.95
41858,12,2,10,2011,17.902500000000003,12.07,5.66,8.67
41859,12,3,10,2011,17.930833333333336,12.32,6.0200000000000005,8.97
41860,12,4,10,2011,17.1675,11.91,5.62,8.6
41861,12,5,10,2011,16.735833333333336,11.43,5.36,7.76
41862,12,6,10,2011,16.915833333333335,11.16,5.51,8.07
41863,12,7,10,2011,17.185000000000002,10.82,5.69,7.95
41864,12,8,10,2011,16.238333333333333,9.81,5.0,7.26
41865,12,9,10,2011,15.774166666666666,9.42,4.58,6.8900000000000015
41866,12,10,10,2011,15.771666666666668,7.9300000000000015,4.58,6.21
41867,12,11,10,2011,15.853333333333333,7.74,4.65,6.32
41868,12,12,10,2011,15.573333333333332,7.67,3.91,5.72
41869,12,13,10,2011,15.395000000000001,7.88,3.6,5.75
41870,12,14,10,2011,16.62333333333333,5.3100000000000005,3.24,4.03
41871,12,15,10,2011,18.600833333333338,4.72,3.52,4.2700000000000005
41872,12,16,10,2011,19.2175,5.23,3.98,4.78
41873,12,17,10,2011,19.993333333333332,5.13,3.93,4.7
41874,12,18,10,2011,20.898333333333337,4.8500000000000005,3.7,4.4
41875,12,19,10,2011,21.767500000000002,6.03,4.45,5.41
41876,12,20,10,2011,22.337499999999995,7.29,5.29,6.49
41877,12,21,10,2011,22.55416666666667,10.07,7.07,8.88
41878,12,22,10,2011,21.777500000000003,11.98,8.32,10.56
41879,12,23,10,2011,20.28833333333333,11.53,7.69,9.92
41880,13,0,10,2011,18.609166666666667,15.44,9.11,12.39
41881,13,1,10,2011,17.13416666666667,14.4,8.2,11.29
41882,13,2,10,2011,16.01,14.2,7.96,11.03
41883,13,3,10,2011,15.139166666666666,13.28,6.41,9.45
41884,13,4,10,2011,14.670833333333336,13.43,6.5200000000000005,9.59
41885,13,5,10,2011,15.051666666666668,14.13,7.0,10.24
41886,13,6,10,2011,14.858333333333334,14.37,7.28,10.61
41887,13,7,10,2011,14.197499999999998,14.7,7.59,10.94
41888,13,8,10,2011,13.405000000000003,14.18,7.0200000000000005,10.29
41889,13,9,10,2011,12.718333333333335,14.41,6.72,10.17
41890,13,10,10,2011,12.465000000000003,14.65,7.09,10.53
41891,13,11,10,2011,12.061666666666667,14.71,7.23,10.65
41892,13,12,10,2011,11.402499999999998,13.94,6.29,9.66
41893,13,13,10,2011,11.429166666666667,13.43,6.57,9.29
41894,13,14,10,2011,13.020833333333334,11.53,6.5200000000000005,9.07
41895,13,15,10,2011,14.913333333333334,8.65,6.29,7.71
41896,13,16,10,2011,16.881666666666664,8.67,6.34,7.78
41897,13,17,10,2011,18.508333333333336,9.61,6.93,8.540000000000001
41898,13,18,10,2011,19.493333333333336,9.61,6.94,8.56
41899,13,19,10,2011,20.305,10.04,7.17,8.85
41900,13,20,10,2011,20.71833333333333,10.46,7.41,9.23
41901,13,21,10,2011,20.83583333333333,9.75,6.84,8.52
41902,13,22,10,2011,20.65166666666666,9.54,6.51,8.27
41903,13,23,10,2011,19.011666666666667,9.63,3.89,6.93
41904,14,0,10,2011,17.35666666666667,9.17,3.54,6.84
41905,14,1,10,2011,16.754166666666666,9.24,4.0600000000000005,7.0200000000000005
41906,14,2,10,2011,15.513333333333334,10.14,4.07,7.03
41907,14,3,10,2011,14.329999999999998,12.36,4.0200000000000005,7.75
41908,14,4,10,2011,14.346666666666666,13.59,5.29,9.18
41909,14,5,10,2011,13.933333333333332,13.83,5.49,9.29
41910,14,6,10,2011,13.209166666666667,12.98,5.14,8.77
41911,14,7,10,2011,12.659999999999998,12.1,4.86,8.68
41912,14,8,10,2011,11.899166666666666,12.36,4.95,8.24
41913,14,9,10,2011,11.171666666666667,12.25,4.91,8.24
41914,14,10,10,2011,10.6975,12.03,5.07,8.21
41915,14,11,10,2011,9.479166666666666,13.34,5.05,8.700000000000001
41916,14,12,10,2011,9.620833333333334,13.74,5.93,9.49
41917,14,13,10,2011,10.470833333333333,13.58,7.23,9.65
41918,14,14,10,2011,11.798333333333332,11.72,7.15,9.54
41919,14,15,10,2011,13.270000000000001,9.22,6.67,8.21
41920,14,16,10,2011,14.835833333333333,9.9,7.08,8.74
41921,14,17,10,2011,15.760000000000003,10.32,7.36,9.08
41922,14,18,10,2011,16.34416666666667,10.83,7.76,9.58
41923,14,19,10,2011,16.73166666666667,10.78,7.73,9.52
41924,14,20,10,2011,16.99666666666667,10.24,7.27,8.99
41925,14,21,10,2011,16.936666666666664,10.06,7.03,8.78
41926,14,22,10,2011,16.605,9.88,6.9,8.620000000000001
41927,14,23,10,2011,15.097500000000002,10.44,4.93,7.04
41928,15,0,10,2011,13.667500000000002,11.34,4.39,7.63
41929,15,1,10,2011,13.048333333333332,11.23,4.3,7.62
41930,15,2,10,2011,11.701666666666666,11.71,4.08,7.62
41931,15,3,10,2011,10.400833333333333,11.22,3.46,7.17
41932,15,4,10,2011,10.523333333333333,11.68,4.54,8.26
41933,15,5,10,2011,10.159166666666666,11.57,4.51,8.16
41934,15,6,10,2011,10.0875,10.48,4.2700000000000005,7.82
41935,15,7,10,2011,9.818333333333333,9.25,3.96,7.48
41936,15,8,10,2011,9.470833333333333,7.11,3.7,6.7
41937,15,9,10,2011,8.245833333333334,5.86,3.67,5.44
41938,15,10,10,2011,7.504999999999999,5.65,4.23,5.93
41939,15,11,10,2011,6.9325,6.41,4.43,6.43
41940,15,12,10,2011,6.8825,6.53,4.53,6.6000000000000005
41941,15,13,10,2011,7.674166666666668,6.73,4.23,6.49
41942,15,14,10,2011,9.64,7.17,4.04,5.83
41943,15,15,10,2011,12.3675,6.84,4.0,4.74
41944,15,16,10,2011,14.975833333333334,5.83,4.3500000000000005,5.26
41945,15,17,10,2011,17.133333333333336,6.95,5.16,6.25
41946,15,18,10,2011,18.495,7.86,5.75,7.01
41947,15,19,10,2011,19.491666666666664,8.67,6.28,7.72
41948,15,20,10,2011,20.44583333333333,9.71,6.95,8.58
41949,15,21,10,2011,21.295833333333334,10.54,7.46,9.28
41950,15,22,10,2011,21.540000000000003,10.66,7.34,9.27
41951,15,23,10,2011,20.020833333333336,12.45,5.3500000000000005,8.71
41952,16,0,10,2011,18.660833333333333,13.33,5.94,9.32
41953,16,1,10,2011,18.000833333333333,15.2,7.42,10.89
41954,16,2,10,2011,18.166666666666668,16.2,8.43,11.96
41955,16,3,10,2011,17.958333333333332,17.42,9.4,13.11
41956,16,4,10,2011,17.587500000000002,17.54,9.59,13.24
41957,16,5,10,2011,17.168333333333333,17.150000000000002,9.28,12.88
41958,16,6,10,2011,17.09166666666667,17.06,9.35,12.84
41959,16,7,10,2011,16.725,16.88,9.19,12.7
41960,16,8,10,2011,16.561666666666667,17.21,8.63,12.31
41961,16,9,10,2011,16.375833333333336,17.02,8.51,12.16
41962,16,10,10,2011,15.259166666666665,14.1,6.54,9.94
41963,16,11,10,2011,13.4775,11.64,6.13,8.700000000000001
41964,16,12,10,2011,11.389166666666666,12.88,6.54,9.13
41965,16,13,10,2011,11.449166666666665,12.94,8.03,10.45
41966,16,14,10,2011,12.100000000000001,11.17,7.21,8.96
41967,16,15,10,2011,12.744166666666667,9.87,7.18,8.84
41968,16,16,10,2011,13.704166666666666,9.4,6.96,8.48
41969,16,17,10,2011,14.465833333333334,9.06,6.7700000000000005,8.2
41970,16,18,10,2011,15.061666666666667,8.85,6.59,8.0
41971,16,19,10,2011,15.628333333333336,8.23,6.0600000000000005,7.3900000000000015
41972,16,20,10,2011,16.033333333333335,7.16,5.3100000000000005,6.43
41973,16,21,10,2011,15.930000000000001,7.08,5.2700000000000005,6.3900000000000015
41974,16,22,10,2011,15.751666666666667,6.48,4.75,5.8100000000000005
41975,16,23,10,2011,15.195000000000002,6.59,3.96,5.21
41976,17,0,10,2011,14.498333333333335,4.88,1.68,3.46
41977,17,1,10,2011,14.045000000000002,7.47,1.51,4.21
41978,17,2,10,2011,13.759166666666667,7.55,2.7,5.13
41979,17,3,10,2011,13.217500000000001,8.07,3.09,5.23
41980,17,4,10,2011,12.250833333333334,8.13,2.9,5.14
41981,17,5,10,2011,11.249166666666667,7.82,2.56,5.19
41982,17,6,10,2011,10.120000000000001,7.48,2.13,4.96
41983,17,7,10,2011,9.148333333333333,7.16,1.81,4.39
41984,17,8,10,2011,8.475833333333334,6.01,1.31,3.53
41985,17,9,10,2011,8.319999999999999,4.29,1.21,2.66
41986,17,10,10,2011,8.216666666666667,4.61,1.93,3.3200000000000003
41987,17,11,10,2011,7.408333333333334,4.7700000000000005,2.26,3.89
41988,17,12,10,2011,6.851666666666667,5.0200000000000005,2.12,3.72
41989,17,13,10,2011,6.7174999999999985,6.79,3.46,4.96
41990,17,14,10,2011,7.778333333333332,5.95,3.29,4.0200000000000005
41991,17,15,10,2011,9.288333333333334,5.79,4.49,5.33
41992,17,16,10,2011,10.8725,6.0600000000000005,4.64,5.57
41993,17,17,10,2011,11.904166666666667,6.13,4.68,5.61
41994,17,18,10,2011,12.566666666666668,7.96,5.97,7.24
41995,17,19,10,2011,12.673333333333332,8.71,6.67,8.040000000000001
41996,17,20,10,2011,11.70083333333333,8.91,6.75,8.19
41997,17,21,10,2011,11.319999999999999,8.84,6.66,8.11
41998,17,22,10,2011,10.104999999999999,8.3,6.24,7.6
41999,17,23,10,2011,8.949999999999998,6.88,5.17,6.34
42000,18,0,10,2011,8.620833333333334,5.67,3.85,4.79
42001,18,1,10,2011,8.9575,6.19,3.62,4.8500000000000005
42002,18,2,10,2011,8.740833333333335,7.27,4.0200000000000005,5.48
42003,18,3,10,2011,8.390833333333335,9.38,4.83,6.8500000000000005
42004,18,4,10,2011,8.71,9.29,4.82,6.78
42005,18,5,10,2011,9.043333333333335,9.24,4.39,6.46
42006,18,6,10,2011,9.259166666666667,10.32,4.29,6.74
42007,18,7,10,2011,9.033333333333333,10.93,4.68,7.49
42008,18,8,10,2011,8.6775,11.98,5.08,8.15
42009,18,9,10,2011,8.840833333333334,11.71,5.18,8.19
42010,18,10,10,2011,8.897499999999999,11.69,5.64,8.33
42011,18,11,10,2011,7.820833333333334,12.38,5.67,8.540000000000001
42012,18,12,10,2011,7.2375,12.87,6.41,9.09
42013,18,13,10,2011,5.984999999999999,12.25,7.3,9.81
42014,18,14,10,2011,6.4191666666666665,11.63,7.72,9.67
42015,18,15,10,2011,7.491666666666666,11.38,8.14,10.15
42016,18,16,10,2011,8.250833333333334,11.57,8.28,10.32
42017,18,17,10,2011,8.805833333333332,11.95,8.59,10.67
42018,18,18,10,2011,9.12,12.0,8.63,10.72
42019,18,19,10,2011,9.492500000000001,12.08,8.64,10.76
42020,18,20,10,2011,9.81166666666667,12.97,9.18,11.51
42021,18,21,10,2011,9.97,13.26,9.32,11.73
42022,18,22,10,2011,9.786666666666667,13.53,9.27,11.84
42023,18,23,10,2011,8.871666666666668,13.77,8.71,11.28
42024,19,0,10,2011,7.8875,14.1,7.53,10.78
42025,19,1,10,2011,7.223333333333333,14.59,7.41,10.76
42026,19,2,10,2011,6.43,13.35,6.86,9.99
42027,19,3,10,2011,5.5925,13.33,6.24,9.43
42028,19,4,10,2011,4.930833333333333,13.41,5.8500000000000005,9.21
42029,19,5,10,2011,4.22,13.42,5.9,9.23
42030,19,6,10,2011,3.415833333333334,11.94,5.38,8.55
42031,19,7,10,2011,3.1091666666666664,12.16,5.9,8.99
42032,19,8,10,2011,2.4600000000000004,12.29,6.07,9.09
42033,19,9,10,2011,1.730833333333333,12.58,6.5,9.48
42034,19,10,10,2011,1.0558333333333334,12.6,6.57,9.53
42035,19,11,10,2011,0.32583333333333336,12.25,6.05,9.0
42036,19,12,10,2011,-0.28833333333333333,12.24,5.99,8.950000000000003
42037,19,13,10,2011,-0.37000000000000005,12.31,6.94,9.4
42038,19,14,10,2011,0.7516666666666668,10.98,6.88,9.03
42039,19,15,10,2011,2.3225000000000002,10.03,7.27,9.0
42040,19,16,10,2011,3.7658333333333327,10.6,7.7,9.52
42041,19,17,10,2011,4.86,10.62,7.73,9.54
42042,19,18,10,2011,5.833333333333333,10.44,7.61,9.39
42043,19,19,10,2011,6.670000000000001,10.52,7.65,9.44
42044,19,20,10,2011,7.283333333333332,10.32,7.45,9.23
42045,19,21,10,2011,7.553333333333332,10.05,7.22,8.98
42046,19,22,10,2011,7.3725,9.79,6.99,8.73
42047,19,23,10,2011,6.091666666666666,9.35,5.71,7.34
42048,20,0,10,2011,4.951666666666666,11.37,5.22,8.370000000000001
42049,20,1,10,2011,4.270833333333334,11.39,5.44,8.540000000000001
42050,20,2,10,2011,3.5649999999999995,11.84,5.42,8.42
42051,20,3,10,2011,2.9633333333333334,11.67,5.22,8.26
42052,20,4,10,2011,2.5733333333333333,12.01,5.62,8.66
42053,20,5,10,2011,2.145833333333333,12.0,5.62,8.66
42054,20,6,10,2011,1.1391666666666667,11.43,5.0600000000000005,8.03
42055,20,7,10,2011,0.39333333333333326,9.66,4.18,7.04
42056,20,8,10,2011,0.32750000000000007,10.06,4.5600000000000005,7.46
42057,20,9,10,2011,-0.7433333333333333,9.96,4.57,7.59
42058,20,10,10,2011,-0.6325,10.28,4.68,7.9300000000000015
42059,20,11,10,2011,-1.2525,10.45,4.67,7.9300000000000015
42060,20,12,10,2011,-1.5649999999999997,10.04,4.54,7.8
42061,20,13,10,2011,-1.2708333333333333,10.32,5.01,7.52
42062,20,14,10,2011,0.7016666666666667,8.94,4.88,6.5200000000000005
42063,20,15,10,2011,2.8216666666666668,6.09,4.51,5.39
42064,20,16,10,2011,5.011666666666667,5.54,4.2700000000000005,5.13
42065,20,17,10,2011,6.648333333333334,5.55,4.19,5.0600000000000005
42066,20,18,10,2011,7.836666666666666,5.7700000000000005,4.37,5.26
42067,20,19,10,2011,8.812500000000002,5.7,4.32,5.2
42068,20,20,10,2011,9.519166666666667,5.71,4.32,5.21
42069,20,21,10,2011,9.905,5.53,4.15,5.0200000000000005
42070,20,22,10,2011,9.9025,5.37,3.96,4.8500000000000005
42071,20,23,10,2011,8.620833333333335,5.28,2.66,4.43
42072,21,0,10,2011,7.3775,5.83,3.0500000000000003,5.6000000000000005
42073,21,1,10,2011,6.501666666666666,5.78,3.27,5.8100000000000005
42074,21,2,10,2011,5.861666666666667,5.33,3.14,5.8500000000000005
42075,21,3,10,2011,5.575,5.19,2.91,5.64
42076,21,4,10,2011,4.517500000000001,4.34,2.83,4.23
42077,21,5,10,2011,4.2675,4.07,2.8000000000000003,4.24
42078,21,6,10,2011,4.0808333333333335,3.18,2.97,3.86
42079,21,7,10,2011,3.89,3.34,3.45,4.68
42080,21,8,10,2011,3.8808333333333334,3.43,3.35,4.66
42081,21,9,10,2011,4.171666666666668,4.3,3.42,5.08
42082,21,10,10,2011,3.7191666666666667,6.01,4.15,6.13
42083,21,11,10,2011,3.525,6.6000000000000005,4.3100000000000005,6.59
42084,21,12,10,2011,3.9441666666666673,7.5,4.5600000000000005,7.1400000000000015
42085,21,13,10,2011,4.005,8.33,4.82,7.49
42086,21,14,10,2011,5.860833333333335,8.15,4.5,6.55
42087,21,15,10,2011,9.055833333333332,7.1400000000000015,3.73,4.43
42088,21,16,10,2011,11.835833333333333,5.13,3.91,4.7
42089,21,17,10,2011,13.850833333333332,5.4,4.13,4.95
42090,21,18,10,2011,15.216666666666667,5.38,4.11,4.93
42091,21,19,10,2011,16.525000000000002,5.11,3.86,4.63
42092,21,20,10,2011,17.679166666666667,5.19,3.91,4.72
42093,21,21,10,2011,18.2025,5.0200000000000005,3.77,4.55
42094,21,22,10,2011,18.041666666666668,4.62,3.4,4.15
42095,21,23,10,2011,16.106666666666666,5.05,1.96,4.07
42096,22,0,10,2011,14.463333333333331,5.38,2.48,5.05
42097,22,1,10,2011,13.787500000000001,5.55,3.06,5.33
42098,22,2,10,2011,12.995000000000003,5.37,3.08,5.26
42099,22,3,10,2011,12.755,4.99,3.09,4.87
42100,22,4,10,2011,12.783333333333333,4.76,3.19,5.0200000000000005
42101,22,5,10,2011,12.5475,4.75,3.18,5.0200000000000005
42102,22,6,10,2011,12.491666666666667,4.36,3.23,4.82
42103,22,7,10,2011,12.114166666666668,3.89,3.01,4.37
42104,22,8,10,2011,11.481666666666667,4.39,2.42,4.05
42105,22,9,10,2011,9.709166666666668,6.51,3.47,5.8500000000000005
42106,22,10,10,2011,8.806666666666667,7.18,3.15,6.01
42107,22,11,10,2011,9.339166666666666,5.7,2.28,4.59
42108,22,12,10,2011,8.845833333333333,4.25,1.89,3.46
42109,22,13,10,2011,8.121666666666666,5.98,2.66,4.5600000000000005
42110,22,14,10,2011,9.641666666666666,5.8500000000000005,2.4,3.97
42111,22,15,10,2011,12.011666666666665,4.64,1.89,2.15
42112,22,16,10,2011,14.187500000000002,1.86,1.53,1.75
42113,22,17,10,2011,15.917499999999999,3.52,2.89,3.34
42114,22,18,10,2011,17.237499999999997,3.38,2.77,3.21
42115,22,19,10,2011,18.27,3.22,2.71,3.11
42116,22,20,10,2011,18.812499999999996,2.94,2.37,2.77
42117,22,21,10,2011,18.784166666666664,3.09,2.36,2.84
42118,22,22,10,2011,18.403333333333332,3.94,2.45,3.47
42119,22,23,10,2011,17.256666666666668,3.9,1.79,3.19
42120,23,0,10,2011,16.039166666666663,3.56,1.28,2.58
42121,23,1,10,2011,15.014166666666666,3.54,1.23,2.81
42122,23,2,10,2011,14.7275,3.51,1.08,2.65
42123,23,3,10,2011,14.084999999999999,3.13,0.96,2.08
42124,23,4,10,2011,13.547500000000001,4.86,2.07,3.74
42125,23,5,10,2011,13.415,5.97,2.65,4.86
42126,23,6,10,2011,12.848333333333334,7.84,3.79,6.75
42127,23,7,10,2011,12.299166666666665,8.23,3.89,7.1000000000000005
42128,23,8,10,2011,11.457500000000001,9.04,4.19,7.32
42129,23,9,10,2011,11.010833333333336,9.43,4.5600000000000005,7.77
42130,23,10,10,2011,10.553333333333333,9.03,4.64,7.57
42131,23,11,10,2011,9.875,8.3,4.63,7.46
42132,23,12,10,2011,8.852500000000001,8.27,4.62,7.29
42133,23,13,10,2011,8.733333333333334,8.14,4.89,7.52
42134,23,14,10,2011,10.683333333333332,7.61,4.55,6.29
42135,23,15,10,2011,13.57333333333333,7.17,4.13,4.86
42136,23,16,10,2011,16.257500000000004,4.7700000000000005,3.71,4.39
42137,23,17,10,2011,18.78833333333333,5.83,4.45,5.33
42138,23,18,10,2011,20.0925,5.79,4.41,5.25
42139,23,19,10,2011,21.69666666666667,7.04,5.25,6.36
42140,23,20,10,2011,22.239166666666666,7.0600000000000005,5.2700000000000005,6.38
42141,23,21,10,2011,22.588333333333335,6.91,4.99,6.13
42142,23,22,10,2011,22.34166666666667,6.8100000000000005,4.86,6.03
42143,23,23,10,2011,20.149166666666666,7.69,3.64,6.59
42144,24,0,10,2011,18.72416666666667,8.73,3.6,6.6000000000000005
42145,24,1,10,2011,17.676666666666666,9.14,3.69,7.36
42146,24,2,10,2011,16.6675,9.11,3.64,7.12
42147,24,3,10,2011,15.92,11.98,3.78,8.13
42148,24,4,10,2011,15.171666666666667,11.87,3.73,8.16
42149,24,5,10,2011,14.312499999999998,10.03,3.3200000000000003,7.15
42150,24,6,10,2011,12.804999999999998,8.49,2.1,5.46
42151,24,7,10,2011,12.688333333333333,5.37,1.53,3.87
42152,24,8,10,2011,11.951666666666666,2.25,2.6,2.46
42153,24,9,10,2011,12.012500000000001,1.64,2.0,1.78
42154,24,10,10,2011,11.405000000000001,1.07,1.42,1.22
42155,24,11,10,2011,10.865,1.66,1.13,1.39
42156,24,12,10,2011,10.3825,2.97,1.63,2.63
42157,24,13,10,2011,10.350833333333334,4.13,1.96,3.49
42158,24,14,10,2011,12.645833333333334,6.41,2.99,4.12
42159,24,15,10,2011,15.530833333333334,6.57,3.65,4.2700000000000005
42160,24,16,10,2011,18.237500000000004,6.29,4.78,5.73
42161,24,17,10,2011,20.3075,7.0200000000000005,5.28,6.37
42162,24,18,10,2011,21.835833333333337,8.0,5.9,7.2
42163,24,19,10,2011,23.005,8.93,6.54,8.01
42164,24,20,10,2011,23.65166666666666,9.77,7.0600000000000005,8.73
42165,24,21,10,2011,23.968333333333334,10.64,7.48,9.37
42166,24,22,10,2011,23.535,10.7,7.48,9.4
42167,24,23,10,2011,21.710000000000004,13.71,6.44,9.88
42168,25,0,10,2011,20.673333333333332,15.67,8.36,11.78
42169,25,1,10,2011,19.48,15.78,8.71,12.07
42170,25,2,10,2011,18.57916666666667,16.87,9.13,12.65
42171,25,3,10,2011,18.662499999999998,17.54,9.73,13.42
42172,25,4,10,2011,18.510833333333334,17.37,9.61,13.3
42173,25,5,10,2011,18.399166666666662,17.32,9.7,13.34
42174,25,6,10,2011,18.243333333333332,17.18,9.62,13.23
42175,25,7,10,2011,17.81,16.73,9.37,12.79
42176,25,8,10,2011,17.601666666666667,17.22,9.74,13.23
42177,25,9,10,2011,17.215833333333336,17.28,9.83,13.4
42178,25,10,10,2011,16.558333333333334,17.13,9.72,13.25
42179,25,11,10,2011,15.898333333333333,16.7,9.31,12.73
42180,25,12,10,2011,15.639999999999999,18.37,10.85,14.54
42181,25,13,10,2011,15.674166666666666,18.27,11.16,14.58
42182,25,14,10,2011,17.27,17.84,11.67,15.0
42183,25,15,10,2011,18.821666666666665,15.25,10.83,13.43
42184,25,16,10,2011,20.599999999999998,14.61,10.52,13.01
42185,25,17,10,2011,21.986666666666668,12.8,8.97,11.21
42186,25,18,10,2011,22.890833333333333,10.48,7.49,9.25
42187,25,19,10,2011,23.339166666666667,9.05,6.54,8.040000000000001
42188,25,20,10,2011,23.409999999999997,7.83,5.8,7.0600000000000005
42189,25,21,10,2011,22.829166666666666,10.07,7.17,8.950000000000003
42190,25,22,10,2011,20.794999999999998,11.27,7.98,9.97
42191,25,23,10,2011,18.3875,12.33,7.08,9.66
42192,26,0,10,2011,16.165000000000003,12.34,7.22,9.78
42193,26,1,10,2011,14.755833333333335,12.02,7.04,9.49
42194,26,2,10,2011,13.1175,12.63,8.08,10.48
42195,26,3,10,2011,11.478333333333333,12.38,7.41,9.91
42196,26,4,10,2011,10.7875,11.91,7.4,9.65
42197,26,5,10,2011,10.985833333333332,11.96,8.31,10.47
42198,26,6,10,2011,10.6775,11.21,7.83,9.83
42199,26,7,10,2011,10.041666666666666,12.02,8.42,10.58
42200,26,8,10,2011,8.3775,11.91,7.07,9.52
42201,26,9,10,2011,7.804166666666667,11.93,6.6000000000000005,9.11
42202,26,10,10,2011,7.314166666666665,11.57,6.0600000000000005,8.57
42203,26,11,10,2011,7.0575,11.49,7.13,9.34
42204,26,12,10,2011,6.575,11.71,5.71,8.35
42205,26,13,10,2011,6.778333333333332,11.41,6.9,9.09
42206,26,14,10,2011,7.435833333333335,10.7,6.8100000000000005,8.44
42207,26,15,10,2011,8.530000000000001,9.75,7.1000000000000005,8.72
42208,26,16,10,2011,9.758333333333333,10.13,7.3900000000000015,9.07
42209,26,17,10,2011,10.66666666666667,9.84,7.21,8.81
42210,26,18,10,2011,11.502500000000003,9.99,7.32,8.93
42211,26,19,10,2011,12.138333333333334,9.8,7.18,8.76
42212,26,20,10,2011,12.492500000000001,9.85,7.27,8.870000000000003
42213,26,21,10,2011,12.575833333333334,9.31,6.7700000000000005,8.33
42214,26,22,10,2011,12.22166666666667,9.27,6.72,8.290000000000001
42215,26,23,10,2011,11.299166666666665,9.6,5.97,7.69
42216,27,0,10,2011,10.352500000000001,9.6,5.13,7.32
42217,27,1,10,2011,9.215833333333334,10.48,5.33,7.78
42218,27,2,10,2011,8.316666666666665,10.24,4.65,7.23
42219,27,3,10,2011,8.452500000000002,9.8,4.84,6.95
42220,27,4,10,2011,8.201666666666668,8.9,3.97,6.15
42221,27,5,10,2011,8.248333333333335,9.13,4.62,6.61
42222,27,6,10,2011,7.5075,8.89,4.25,6.42
42223,27,7,10,2011,6.558333333333334,10.69,4.71,7.52
42224,27,8,10,2011,5.3775,11.35,4.78,7.59
42225,27,9,10,2011,4.510833333333333,11.26,4.55,7.5
42226,27,10,10,2011,3.955,10.36,4.62,7.48
42227,27,11,10,2011,3.4408333333333325,10.58,4.79,7.68
42228,27,12,10,2011,2.8174999999999994,9.49,4.32,7.2
42229,27,13,10,2011,2.6474999999999995,8.38,3.97,6.74
42230,27,14,10,2011,4.079166666666667,6.32,3.34,4.89
42231,27,15,10,2011,6.342500000000001,4.14,3.02,3.6
42232,27,16,10,2011,8.064166666666667,3.99,3.0700000000000003,3.66
42233,27,17,10,2011,9.291666666666666,4.41,3.38,4.03
42234,27,18,10,2011,10.215833333333332,4.96,3.76,4.5
42235,27,19,10,2011,10.909166666666666,4.98,3.77,4.5200000000000005
42236,27,20,10,2011,11.270833333333334,4.64,3.5500000000000003,4.24
42237,27,21,10,2011,11.326666666666668,4.54,3.48,4.16
42238,27,22,10,2011,11.086666666666666,3.8,2.88,3.46
42239,27,23,10,2011,9.458333333333334,3.25,1.45,2.7
42240,28,0,10,2011,8.131666666666668,3.3000000000000003,1.11,2.48
42241,28,1,10,2011,7.777499999999999,2.84,0.68,1.79
42242,28,2,10,2011,7.410833333333333,1.69,2.95,3.11
42243,28,3,10,2011,7.435833333333332,2.84,2.49,3.11
42244,28,4,10,2011,7.050000000000001,3.72,2.84,4.2700000000000005
42245,28,5,10,2011,6.403333333333333,4.42,3.5700000000000003,5.11
42246,28,6,10,2011,6.05,6.19,3.99,5.9
42247,28,7,10,2011,5.0408333333333335,6.57,4.14,6.25
42248,28,8,10,2011,4.543333333333333,7.68,4.4,6.83
42249,28,9,10,2011,3.9825000000000004,8.31,4.6000000000000005,7.35
42250,28,10,10,2011,3.425833333333333,8.81,4.8500000000000005,7.6
42251,28,11,10,2011,3.010833333333333,10.02,5.15,7.9300000000000015
42252,28,12,10,2011,2.4999999999999996,11.25,5.33,8.22
42253,28,13,10,2011,2.3741666666666665,11.92,6.2700000000000005,8.75
42254,28,14,10,2011,3.9008333333333334,11.19,6.09,8.32
42255,28,15,10,2011,6.529166666666668,8.72,5.12,6.08
42256,28,16,10,2011,8.855833333333335,6.36,5.0,5.94
42257,28,17,10,2011,10.703333333333331,5.5,4.3,5.11
42258,28,18,10,2011,12.188333333333333,6.63,4.84,5.9
42259,28,19,10,2011,13.015,7.77,5.64,6.92
42260,28,20,10,2011,13.536666666666669,8.98,6.45,7.97
42261,28,21,10,2011,13.529166666666667,9.35,6.58,8.25
42262,28,22,10,2011,12.905,9.38,6.6000000000000005,8.26
42263,28,23,10,2011,10.7975,9.29,4.42,7.27
42264,29,0,10,2011,8.871666666666668,9.87,3.66,7.46
42265,29,1,10,2011,8.13,7.88,3.22,6.6400000000000015
42266,29,2,10,2011,7.701666666666667,6.2700000000000005,2.97,5.95
42267,29,3,10,2011,6.5775000000000015,5.84,2.86,5.3100000000000005
42268,29,4,10,2011,6.299166666666667,4.3100000000000005,2.85,3.93
42269,29,5,10,2011,5.426666666666667,3.34,3.3000000000000003,4.24
42270,29,6,10,2011,5.418333333333333,3.01,3.31,4.3500000000000005
42271,29,7,10,2011,4.611666666666666,4.08,4.37,5.62
42272,29,8,10,2011,5.030833333333333,5.91,4.3500000000000005,6.16
42273,29,9,10,2011,4.2749999999999995,7.4,4.79,7.04
42274,29,10,10,2011,4.0225,8.16,4.65,6.99
42275,29,11,10,2011,3.5541666666666667,8.45,4.82,7.28
42276,29,12,10,2011,3.8925,8.78,5.07,7.78
42277,29,13,10,2011,4.664999999999999,10.13,5.33,8.45
42278,29,14,10,2011,6.484166666666667,10.39,5.43,8.040000000000001
42279,29,15,10,2011,9.389166666666666,8.47,4.79,6.34
42280,29,16,10,2011,11.423333333333334,6.13,4.68,5.61
42281,29,17,10,2011,13.409166666666666,6.8,5.12,6.19
42282,29,18,10,2011,14.984999999999998,8.02,5.93,7.22
42283,29,19,10,2011,15.870833333333335,8.84,6.45,7.91
42284,29,20,10,2011,16.673333333333332,9.24,6.65,8.22
42285,29,21,10,2011,17.4025,10.16,7.03,8.9
42286,29,22,10,2011,17.055000000000003,10.52,7.09,8.98
42287,29,23,10,2011,15.055000000000001,13.92,6.55,9.97
42288,30,0,10,2011,14.082500000000001,15.17,8.1,11.43
42289,30,1,10,2011,14.010833333333332,15.23,9.01,12.1
42290,30,2,10,2011,13.860833333333334,15.87,9.8,12.92
42291,30,3,10,2011,13.130833333333337,15.92,9.91,13.03
42292,30,4,10,2011,12.45583333333333,15.28,9.54,12.52
42293,30,5,10,2011,12.084999999999999,14.73,9.27,12.13
42294,30,6,10,2011,11.563333333333333,13.93,8.73,11.43
42295,30,7,10,2011,10.228333333333333,13.73,6.69,9.64
42296,30,8,10,2011,9.091666666666665,14.04,6.6000000000000005,9.83
42297,30,9,10,2011,8.065833333333334,13.5,6.78,9.98
42298,30,10,10,2011,7.403333333333333,12.38,5.69,8.53
42299,30,11,10,2011,7.425000000000001,14.06,5.91,9.38
42300,30,12,10,2011,7.451666666666668,13.99,6.05,9.46
42301,30,13,10,2011,7.375,13.15,6.75,9.48
42302,30,14,10,2011,8.306666666666667,12.54,7.54,9.84
42303,30,15,10,2011,9.370833333333332,10.82,7.73,9.59
42304,30,16,10,2011,10.508333333333333,10.04,7.29,8.99
42305,30,17,10,2011,11.61,10.1,7.25,8.94
42306,30,18,10,2011,12.4425,10.36,7.45,9.16
42307,30,19,10,2011,12.92,10.15,7.29,8.950000000000003
42308,30,20,10,2011,13.3125,10.11,7.21,8.9
42309,30,21,10,2011,13.472499999999998,10.04,7.09,8.82
42310,30,22,10,2011,13.148333333333333,9.95,6.8,8.59
42311,30,23,10,2011,11.167500000000002,9.38,3.9,7.17
42312,31,0,10,2011,10.166666666666668,10.61,3.99,7.78
42313,31,1,10,2011,9.305833333333332,10.85,4.51,8.120000000000001
42314,31,2,10,2011,9.082500000000001,11.66,4.65,8.32
42315,31,3,10,2011,8.211666666666668,11.61,4.63,8.3
42316,31,4,10,2011,7.118333333333335,10.72,4.47,8.66
42317,31,5,10,2011,7.651666666666667,9.8,4.48,8.78
42318,31,6,10,2011,7.12,7.3,3.56,7.8900000000000015
42319,31,7,10,2011,6.373333333333332,5.86,3.24,6.5
42320,31,8,10,2011,5.609166666666667,4.93,2.95,5.29
42321,31,9,10,2011,3.830833333333333,2.4,3.94,3.65
42322,31,10,10,2011,4.248333333333333,0.85,2.89,2.52
42323,31,11,10,2011,4.5975,2.27,0.8300000000000001,1.44
42324,31,12,10,2011,3.8800000000000003,3.28,1.56,2.66
42325,31,13,10,2011,3.3883333333333336,4.65,2.22,3.78
42326,31,14,10,2011,4.9725,5.21,2.46,3.94
42327,31,15,10,2011,8.180000000000001,5.5,3.45,4.08
42328,31,16,10,2011,10.625,5.08,3.93,4.69
42329,31,17,10,2011,12.497500000000002,5.21,4.0600000000000005,4.83
42330,31,18,10,2011,14.285833333333331,4.97,3.88,4.61
42331,31,19,10,2011,15.68583333333333,5.54,4.2700000000000005,5.12
42332,31,20,10,2011,16.614166666666666,6.08,4.61,5.57
42333,31,21,10,2011,17.061666666666664,6.79,5.0200000000000005,6.17
42334,31,22,10,2011,16.49416666666667,7.95,5.1000000000000005,6.38
42335,31,23,10,2011,14.379166666666668,10.35,4.24,7.75
42336,1,0,11,2011,13.85666666666667,12.23,5.28,8.81
42337,1,1,11,2011,13.545833333333334,13.53,6.21,9.68
42338,1,2,11,2011,12.997500000000002,14.74,6.8900000000000015,10.28
42339,1,3,11,2011,13.734166666666667,16.19,8.16,11.84
42340,1,4,11,2011,13.577499999999999,16.32,8.22,11.88
42341,1,5,11,2011,12.468333333333332,16.64,8.3,11.88
42342,1,6,11,2011,12.222499999999998,17.68,9.52,13.26
42343,1,7,11,2011,12.228333333333332,17.67,9.46,13.18
42344,1,8,11,2011,11.728333333333333,16.8,8.65,12.22
42345,1,9,11,2011,11.204166666666666,16.27,8.46,11.95
42346,1,10,11,2011,11.509166666666665,17.330000000000002,9.27,12.94
42347,1,11,11,2011,11.730833333333331,17.26,9.21,12.89
42348,1,12,11,2011,11.364166666666664,16.37,8.88,12.38
42349,1,13,11,2011,11.116666666666667,15.72,8.8,11.96
42350,1,14,11,2011,12.797500000000001,15.33,9.4,12.29
42351,1,15,11,2011,14.581666666666665,13.35,7.98,10.22
42352,1,16,11,2011,16.0,10.04,7.32,9.0
42353,1,17,11,2011,17.483333333333334,8.2,5.9,7.27
42354,1,18,11,2011,18.700833333333335,7.58,5.47,6.72
42355,1,19,11,2011,19.559166666666666,7.47,5.4,6.62
42356,1,20,11,2011,20.245833333333334,7.72,5.5600000000000005,6.84
42357,1,21,11,2011,20.670833333333334,7.83,5.54,6.91
42358,1,22,11,2011,20.21,7.25,4.99,6.32
42359,1,23,11,2011,18.283333333333335,6.1000000000000005,2.41,4.66
42360,2,0,11,2011,16.7725,5.0,2.18,4.18
42361,2,1,11,2011,15.758333333333333,4.42,1.8,3.44
42362,2,2,11,2011,13.677500000000002,11.89,5.01,8.0
42363,2,3,11,2011,12.7675,9.55,5.39,7.17
42364,2,4,11,2011,11.873333333333333,8.5,4.41,6.34
42365,2,5,11,2011,11.0475,8.05,3.28,5.71
42366,2,6,11,2011,10.320833333333335,8.93,4.07,6.59
42367,2,7,11,2011,9.781666666666665,10.22,5.1000000000000005,7.57
42368,2,8,11,2011,9.4675,9.85,5.08,7.57
42369,2,9,11,2011,9.379999999999997,10.33,5.7700000000000005,8.32
42370,2,10,11,2011,9.464166666666667,10.18,6.28,8.32
42371,2,11,11,2011,9.235833333333334,10.5,6.62,8.52
42372,2,12,11,2011,8.803333333333335,11.75,7.92,10.49
42373,2,13,11,2011,7.559166666666667,11.98,7.53,10.15
42374,2,14,11,2011,6.881666666666667,12.98,8.45,10.78
42375,2,15,11,2011,6.459166666666666,13.48,8.58,10.98
42376,2,16,11,2011,5.896666666666667,13.29,9.2,11.6
42377,2,17,11,2011,4.880833333333334,13.8,9.35,11.85
42378,2,18,11,2011,4.0575,14.49,10.0,12.57
42379,2,19,11,2011,2.668333333333333,13.95,9.66,12.09
42380,2,20,11,2011,2.1591666666666667,12.48,8.73,10.96
42381,2,21,11,2011,1.3324999999999998,12.16,8.6,10.62
42382,2,22,11,2011,1.9675000000000002,13.64,8.5,10.97
42383,2,23,11,2011,3.148333333333333,15.46,10.1,13.01
42384,3,0,11,2011,3.561666666666667,15.27,8.99,12.28
42385,3,1,11,2011,3.978333333333333,15.62,10.28,13.32
42386,3,2,11,2011,4.0775,14.74,9.62,12.47
42387,3,3,11,2011,4.460833333333333,12.85,7.92,10.47
42388,3,4,11,2011,4.604166666666667,16.53,10.57,13.93
42389,3,5,11,2011,5.0425,17.5,10.58,14.23
42390,3,6,11,2011,4.782500000000001,12.24,6.79,9.49
42391,3,7,11,2011,4.199166666666667,12.77,7.38,10.12
42392,3,8,11,2011,3.2391666666666663,13.62,7.59,10.58
42393,3,9,11,2011,1.8375000000000001,14.1,7.7,10.76
42394,3,10,11,2011,0.9741666666666665,13.97,7.6400000000000015,10.71
42395,3,11,11,2011,0.4683333333333333,13.75,7.32,10.42
42396,3,12,11,2011,-0.09916666666666667,13.76,7.34,10.45
42397,3,13,11,2011,-0.6766666666666664,13.73,7.24,10.39
42398,3,14,11,2011,0.08416666666666665,12.54,7.25,9.77
42399,3,15,11,2011,1.6974999999999998,9.02,6.3500000000000005,7.8900000000000015
42400,3,16,11,2011,3.2533333333333334,8.25,6.13,7.51
42401,3,17,11,2011,4.803333333333334,8.35,6.1400000000000015,7.56
42402,3,18,11,2011,6.019166666666666,8.46,6.22,7.66
42403,3,19,11,2011,7.03,7.8,5.75,7.05
42404,3,20,11,2011,7.709166666666667,7.71,5.69,6.98
42405,3,21,11,2011,8.028333333333332,6.91,5.03,6.22
42406,3,22,11,2011,7.571666666666668,6.71,4.79,6.0
42407,3,23,11,2011,5.909166666666668,6.91,2.86,5.65
42408,4,0,11,2011,4.810833333333334,6.91,3.04,5.78
42409,4,1,11,2011,4.2124999999999995,5.91,3.13,5.9
42410,4,2,11,2011,3.601666666666666,5.45,2.89,5.29
42411,4,3,11,2011,3.2616666666666667,4.48,2.26,3.71
42412,4,4,11,2011,3.000833333333333,4.14,1.45,2.79
42413,4,5,11,2011,2.37,3.84,1.01,2.35
42414,4,6,11,2011,2.023333333333333,3.72,0.74,2.05
42415,4,7,11,2011,1.6408333333333334,4.72,1.2,2.79
42416,4,8,11,2011,1.3858333333333333,5.47,1.78,3.66
42417,4,9,11,2011,1.1658333333333335,5.57,2.3000000000000003,4.21
42418,4,10,11,2011,1.0658333333333336,6.1400000000000015,2.77,5.05
42419,4,11,11,2011,0.8816666666666667,7.09,3.22,5.87
42420,4,12,11,2011,0.5633333333333334,7.66,3.53,6.23
42421,4,13,11,2011,0.5566666666666666,8.69,3.97,6.7700000000000005
42422,4,14,11,2011,1.805,8.700000000000001,4.12,6.45
42423,4,15,11,2011,3.9516666666666675,7.61,3.85,4.6000000000000005
42424,4,16,11,2011,6.200833333333333,6.0600000000000005,4.54,5.5
42425,4,17,11,2011,7.9316666666666675,6.73,5.03,6.12
42426,4,18,11,2011,9.073333333333334,7.01,5.2,6.34
42427,4,19,11,2011,9.955833333333334,7.26,5.3100000000000005,6.5200000000000005
42428,4,20,11,2011,10.595833333333333,8.040000000000001,5.78,7.18
42429,4,21,11,2011,10.685,8.21,5.8100000000000005,7.24
42430,4,22,11,2011,9.822500000000002,8.9,5.4,6.93
42431,4,23,11,2011,7.8325000000000005,10.87,4.36,7.8900000000000015
42432,5,0,11,2011,7.078333333333333,12.29,4.86,8.3
42433,5,1,11,2011,6.528333333333333,12.48,5.2,8.53
42434,5,2,11,2011,6.175833333333333,13.08,5.67,8.89
42435,5,3,11,2011,5.765000000000001,13.35,5.8100000000000005,8.96
42436,5,4,11,2011,5.653333333333333,13.21,5.84,8.93
42437,5,5,11,2011,5.5425,13.51,6.24,9.28
42438,5,6,11,2011,5.267500000000001,13.57,6.34,9.36
42439,5,7,11,2011,5.075,13.09,6.22,9.16
42440,5,8,11,2011,5.658333333333334,13.87,7.58,10.53
42441,5,9,11,2011,5.326666666666667,14.06,7.6,10.53
42442,5,10,11,2011,4.803333333333334,14.16,7.44,10.5
42443,5,11,11,2011,4.909166666666668,15.59,8.59,11.92
42444,5,12,11,2011,4.985833333333334,15.46,8.540000000000001,11.83
42445,5,13,11,2011,4.895,14.23,8.22,11.22
42446,5,14,11,2011,6.575833333333333,15.2,9.52,12.56
42447,5,15,11,2011,7.917500000000001,16.0,10.08,12.93
42448,5,16,11,2011,8.921666666666665,15.05,10.6,13.25
42449,5,17,11,2011,10.0725,14.24,9.96,12.58
42450,5,18,11,2011,11.199166666666665,12.86,9.26,11.53
42451,5,19,11,2011,11.939166666666665,12.8,9.12,11.41
42452,5,20,11,2011,13.490833333333335,13.74,9.67,12.16
42453,5,21,11,2011,13.74,13.8,9.72,12.22
42454,5,22,11,2011,13.0025,13.99,8.91,11.46
42455,5,23,11,2011,12.21,15.39,9.2,12.39
42456,6,0,11,2011,11.980833333333335,15.9,9.33,12.68
42457,6,1,11,2011,11.844166666666668,15.63,9.38,12.61
42458,6,2,11,2011,11.639166666666668,16.3,9.97,13.31
42459,6,3,11,2011,11.365,16.39,9.99,13.32
42460,6,4,11,2011,10.886666666666663,17.01,10.47,13.8
42461,6,5,11,2011,10.169166666666666,17.18,9.94,13.47
42462,6,6,11,2011,9.811666666666666,18.29,10.97,14.68
42463,6,7,11,2011,9.5325,18.47,11.08,14.91
42464,6,8,11,2011,9.363333333333332,18.24,10.82,14.65
42465,6,9,11,2011,9.359166666666665,18.34,11.04,14.8
42466,6,10,11,2011,10.521666666666667,17.35,10.59,14.17
42467,6,11,11,2011,11.843333333333332,16.44,10.25,13.52
42468,6,12,11,2011,10.875833333333334,17.01,10.55,13.89
42469,6,13,11,2011,8.887500000000001,13.95,7.38,10.53
42470,6,14,11,2011,7.997500000000001,10.59,6.2,8.290000000000001
42471,6,15,11,2011,8.585,8.08,5.92,7.2
42472,6,16,11,2011,9.685833333333333,7.45,5.47,6.65
42473,6,17,11,2011,10.63,4.01,3.0,3.6
42474,6,18,11,2011,11.543333333333331,3.23,2.49,2.95
42475,6,19,11,2011,12.685833333333333,2.88,2.29,2.68
42476,6,20,11,2011,13.29333333333333,3.03,2.41,2.82
42477,6,21,11,2011,13.4425,3.04,2.4,2.81
42478,6,22,11,2011,13.014166666666668,2.43,1.9,2.25
42479,6,23,11,2011,11.433333333333335,2.42,1.01,2.11
42480,7,0,11,2011,10.300000000000002,1.98,0.86,1.76
42481,7,1,11,2011,9.569166666666666,2.94,1.39,2.65
42482,7,2,11,2011,8.980833333333333,4.04,2.33,4.09
42483,7,3,11,2011,8.0975,4.29,2.49,4.36
42484,7,4,11,2011,7.260833333333333,4.7700000000000005,2.4,4.33
42485,7,5,11,2011,6.572500000000001,4.86,2.34,4.2700000000000005
42486,7,6,11,2011,5.463333333333334,4.66,1.99,3.84
42487,7,7,11,2011,4.800000000000002,4.13,0.99,2.39
42488,7,8,11,2011,4.9025,5.0,2.14,3.9
42489,7,9,11,2011,4.159166666666667,5.61,2.5,4.5200000000000005
42490,7,10,11,2011,2.5091666666666668,5.47,2.0,3.99
42491,7,11,11,2011,2.0883333333333334,5.75,2.17,4.19
42492,7,12,11,2011,1.4883333333333335,6.18,2.4,4.57
42493,7,13,11,2011,1.1925,6.46,2.72,4.75
42494,7,14,11,2011,2.4358333333333335,6.6000000000000005,3.02,4.8
42495,7,15,11,2011,4.923333333333333,6.5200000000000005,3.0500000000000003,3.65
42496,7,16,11,2011,7.632499999999999,5.94,3.7,4.3
42497,7,17,11,2011,10.464999999999998,5.99,4.62,5.51
42498,7,18,11,2011,12.667500000000002,8.21,6.1000000000000005,7.42
42499,7,19,11,2011,14.085833333333335,9.2,6.7700000000000005,8.290000000000001
42500,7,20,11,2011,14.578333333333333,9.28,6.78,8.35
42501,7,21,11,2011,13.92583333333333,8.8,4.39,6.54
42502,7,22,11,2011,13.1875,11.39,4.91,7.65
42503,7,23,11,2011,12.755833333333333,12.13,7.27,9.8
42504,8,0,11,2011,11.363333333333332,12.04,6.92,9.46
42505,8,1,11,2011,8.970833333333331,10.28,6.2700000000000005,8.14
42506,8,2,11,2011,7.070833333333332,14.56,9.76,12.61
42507,8,3,11,2011,6.107500000000001,18.79,11.99,15.16
42508,8,4,11,2011,5.9375,11.7,7.5,9.56
42509,8,5,11,2011,5.9875,11.69,7.4,9.42
42510,8,6,11,2011,6.249166666666667,12.48,8.31,10.6
42511,8,7,11,2011,6.339166666666666,11.44,7.6,9.77
42512,8,8,11,2011,6.248333333333332,11.16,7.45,9.52
42513,8,9,11,2011,6.037499999999999,11.39,7.58,9.73
42514,8,10,11,2011,5.708333333333333,11.71,7.75,9.97
42515,8,11,11,2011,5.401666666666667,11.89,7.9300000000000015,10.18
42516,8,12,11,2011,5.206666666666667,11.39,7.68,9.78
42517,8,13,11,2011,4.980833333333333,10.73,7.25,9.22
42518,8,14,11,2011,4.771666666666667,10.71,7.21,9.2
42519,8,15,11,2011,4.692499999999999,10.09,6.8500000000000005,8.700000000000001
42520,8,16,11,2011,4.623333333333333,10.54,7.07,8.96
42521,8,17,11,2011,4.6675,11.71,7.9300000000000015,9.98
42522,8,18,11,2011,4.902499999999999,11.24,7.82,9.7
42523,8,19,11,2011,4.704166666666667,11.97,8.22,10.34
42524,8,20,11,2011,4.474166666666667,9.77,6.6000000000000005,8.32
42525,8,21,11,2011,4.270833333333335,12.59,7.44,9.74
42526,8,22,11,2011,4.3,12.87,7.54,9.91
42527,8,23,11,2011,4.4416666666666655,15.05,10.32,13.18
42528,9,0,11,2011,4.279166666666666,15.61,10.73,13.66
42529,9,1,11,2011,3.249166666666667,14.47,9.72,12.36
42530,9,2,11,2011,0.6716666666666665,14.84,8.72,11.86
42531,9,3,11,2011,0.29083333333333333,15.41,7.5,12.25
42532,9,4,11,2011,0.3491666666666666,14.45,6.41,11.04
42533,9,5,11,2011,0.65,14.8,9.53,12.43
42534,9,6,11,2011,1.0466666666666669,14.78,9.53,12.45
42535,9,7,11,2011,1.7375,14.05,8.92,11.73
42536,9,8,11,2011,2.3266666666666667,13.27,8.01,10.69
42537,9,9,11,2011,2.4699999999999993,11.31,6.08,8.6
42538,9,10,11,2011,2.07,10.7,4.53,7.36
42539,9,11,11,2011,1.7008333333333334,13.53,5.98,9.43
42540,9,12,11,2011,1.0783333333333334,14.04,6.19,9.8
42541,9,13,11,2011,0.4025000000000001,14.1,5.99,9.69
42542,9,14,11,2011,0.6958333333333333,13.99,6.28,9.45
42543,9,15,11,2011,2.1224999999999996,11.87,6.3,8.71
42544,9,16,11,2011,4.029999999999999,10.69,6.16,8.32
42545,9,17,11,2011,5.050833333333334,9.88,6.08,7.98
42546,9,18,11,2011,6.005833333333334,10.75,6.49,8.94
42547,9,19,11,2011,6.566666666666667,10.8,6.93,9.02
42548,9,20,11,2011,6.934166666666666,9.56,5.91,7.81
42549,9,21,11,2011,6.858333333333334,9.35,4.92,7.0200000000000005
42550,9,22,11,2011,5.8475,11.38,4.3,8.02
42551,9,23,11,2011,4.498333333333333,11.61,4.5600000000000005,8.56
42552,10,0,11,2011,3.700833333333333,13.65,4.86,8.98
42553,10,1,11,2011,3.321666666666667,15.08,5.5600000000000005,9.82
42554,10,2,11,2011,3.165833333333333,15.21,6.2700000000000005,10.4
42555,10,3,11,2011,2.208333333333333,14.48,5.5200000000000005,9.6
42556,10,4,11,2011,1.3683333333333334,14.1,5.04,9.11
42557,10,5,11,2011,0.6091666666666667,13.5,4.92,8.8
42558,10,6,11,2011,0.235,13.55,5.0200000000000005,8.9
42559,10,7,11,2011,0.42666666666666675,14.13,6.03,9.8
42560,10,8,11,2011,0.36250000000000004,14.07,6.09,9.85
42561,10,9,11,2011,-0.011666666666666665,13.55,5.89,9.54
42562,10,10,11,2011,-0.12416666666666669,13.43,5.76,9.52
42563,10,11,11,2011,-0.20166666666666666,13.11,5.88,9.53
42564,10,12,11,2011,-0.8358333333333333,12.38,5.53,8.8
42565,10,13,11,2011,-1.1708333333333334,12.29,5.4,8.61
42566,10,14,11,2011,-0.2941666666666667,12.21,5.9,8.55
42567,10,15,11,2011,1.3483333333333334,9.64,5.7,7.61
42568,10,16,11,2011,2.5283333333333338,7.97,4.75,5.97
42569,10,17,11,2011,3.5525,6.18,4.58,5.6000000000000005
42570,10,18,11,2011,4.565833333333334,6.1000000000000005,4.49,5.5200000000000005
42571,10,19,11,2011,5.296666666666667,5.48,3.97,4.89
42572,10,20,11,2011,5.7875000000000005,4.84,3.45,4.2700000000000005
42573,10,21,11,2011,5.8549999999999995,4.28,3.01,3.77
42574,10,22,11,2011,4.844166666666666,3.3200000000000003,1.14,2.35
42575,10,23,11,2011,3.3208333333333333,2.83,1.83,2.75
42576,11,0,11,2011,2.8850000000000002,2.94,2.08,2.97
42577,11,1,11,2011,2.8141666666666665,4.33,2.78,4.3
42578,11,2,11,2011,2.678333333333333,5.76,3.83,6.04
42579,11,3,11,2011,2.4933333333333327,7.63,4.03,6.82
42580,11,4,11,2011,2.029166666666667,8.27,4.46,7.59
42581,11,5,11,2011,1.9375,9.74,4.9,8.19
42582,11,6,11,2011,1.8091666666666664,11.38,5.44,8.83
42583,11,7,11,2011,1.9749999999999999,12.81,6.25,9.74
42584,11,8,11,2011,1.9675000000000002,13.5,6.71,10.13
42585,11,9,11,2011,2.07,14.11,7.42,10.73
42586,11,10,11,2011,2.503333333333333,14.01,7.38,10.62
42587,11,11,11,2011,2.8416666666666672,14.08,7.2,10.56
42588,11,12,11,2011,2.7116666666666664,13.46,7.12,10.32
42589,11,13,11,2011,2.2816666666666667,13.76,7.41,10.5
42590,11,14,11,2011,2.6999999999999993,13.59,7.7,10.46
42591,11,15,11,2011,3.9708333333333328,11.6,7.05,9.23
42592,11,16,11,2011,5.926666666666667,10.7,6.22,8.6
42593,11,17,11,2011,7.609999999999999,8.61,5.23,6.42
42594,11,18,11,2011,9.108333333333333,5.82,4.24,5.08
42595,11,19,11,2011,10.3575,5.46,4.12,4.95
42596,11,20,11,2011,11.128333333333332,5.7700000000000005,3.72,4.61
42597,11,21,11,2011,11.125833333333333,7.71,3.48,5.76
42598,11,22,11,2011,10.3675,10.02,4.8500000000000005,8.040000000000001
42599,11,23,11,2011,9.603333333333332,11.02,6.1000000000000005,9.67
42600,12,0,11,2011,8.924166666666666,11.04,6.32,10.02
42601,12,1,11,2011,8.419166666666667,11.34,6.46,10.18
42602,12,2,11,2011,7.850833333333333,12.01,6.32,10.16
42603,12,3,11,2011,7.436666666666667,12.27,6.04,9.78
42604,12,4,11,2011,7.365833333333334,12.32,6.41,10.1
42605,12,5,11,2011,7.729166666666667,12.33,6.62,10.39
42606,12,6,11,2011,7.350833333333333,12.81,6.79,10.51
42607,12,7,11,2011,6.8183333333333325,12.75,6.68,10.29
42608,12,8,11,2011,5.5733333333333315,12.27,6.42,9.83
42609,12,9,11,2011,4.79,13.04,6.37,9.92
42610,12,10,11,2011,5.013333333333334,12.46,6.5600000000000005,9.56
42611,12,11,11,2011,4.934166666666667,12.64,6.74,9.76
42612,12,12,11,2011,4.926666666666666,12.81,6.69,9.56
42613,12,13,11,2011,4.928333333333334,12.84,6.75,9.59
42614,12,14,11,2011,4.995000000000001,12.59,6.42,8.950000000000003
42615,12,15,11,2011,6.427499999999999,11.28,6.42,8.6
42616,12,16,11,2011,8.121666666666668,9.44,5.37,6.86
42617,12,17,11,2011,9.3725,6.98,4.84,5.92
42618,12,18,11,2011,11.395000000000001,7.69,5.55,6.84
42619,12,19,11,2011,12.972499999999998,8.81,6.07,7.66
42620,12,20,11,2011,13.856666666666667,9.01,6.17,7.79
42621,12,21,11,2011,13.705833333333336,9.09,5.48,7.2
42622,12,22,11,2011,12.6275,10.82,4.38,7.43
42623,12,23,11,2011,11.555833333333332,12.79,5.7,9.39
42624,13,0,11,2011,11.108333333333333,14.42,7.33,10.94
42625,13,1,11,2011,10.726666666666668,15.03,7.58,11.22
42626,13,2,11,2011,10.155833333333334,15.18,7.28,11.04
42627,13,3,11,2011,9.39,14.51,6.99,10.47
42628,13,4,11,2011,9.556666666666668,15.23,7.32,11.04
42629,13,5,11,2011,8.991666666666667,14.55,7.12,10.69
42630,13,6,11,2011,8.985000000000001,14.05,6.68,10.46
42631,13,7,11,2011,8.694999999999999,15.96,7.26,10.78
42632,13,8,11,2011,8.600833333333332,16.81,7.92,11.69
42633,13,9,11,2011,8.410833333333334,15.88,7.62,11.36
42634,13,10,11,2011,8.113333333333332,15.61,8.120000000000001,11.51
42635,13,11,11,2011,6.923333333333333,14.65,7.82,10.89
42636,13,12,11,2011,6.671666666666667,15.15,7.0200000000000005,10.5
42637,13,13,11,2011,6.295833333333334,16.240000000000002,7.0600000000000005,10.6
42638,13,14,11,2011,6.175833333333333,14.4,7.97,10.7
42639,13,15,11,2011,7.355833333333332,12.61,7.6400000000000015,10.0
42640,13,16,11,2011,8.525000000000002,8.92,6.2700000000000005,7.59
42641,13,17,11,2011,9.653333333333334,7.81,5.8500000000000005,7.09
42642,13,18,11,2011,10.708333333333334,7.83,5.8500000000000005,7.1000000000000005
42643,13,19,11,2011,11.695,6.53,4.8500000000000005,5.87
42644,13,20,11,2011,12.445833333333333,7.01,4.97,6.1400000000000015
42645,13,21,11,2011,12.908333333333333,7.09,4.93,6.17
42646,13,22,11,2011,11.837499999999999,7.37,3.6,5.37
42647,13,23,11,2011,9.8025,9.71,3.67,6.91
42648,14,0,11,2011,9.175833333333332,9.66,4.14,7.35
42649,14,1,11,2011,8.999166666666666,9.66,4.69,7.7
42650,14,2,11,2011,9.0075,9.84,5.0,8.26
42651,14,3,11,2011,8.519166666666667,9.48,4.89,8.15
42652,14,4,11,2011,8.784166666666668,8.07,4.0600000000000005,6.91
42653,14,5,11,2011,9.605833333333331,5.63,3.29,5.04
42654,14,6,11,2011,10.593333333333334,3.56,2.56,3.83
42655,14,7,11,2011,11.0775,2.57,2.32,3.11
42656,14,8,11,2011,10.297499999999998,3.11,1.97,3.42
42657,14,9,11,2011,9.705,3.94,3.26,4.74
42658,14,10,11,2011,8.435833333333333,8.85,5.3500000000000005,7.75
42659,14,11,11,2011,7.53,11.76,5.64,8.92
42660,14,12,11,2011,7.110000000000002,13.06,5.69,9.39
42661,14,13,11,2011,6.0183333333333335,14.82,6.3900000000000015,10.14
42662,14,14,11,2011,6.226666666666667,14.86,7.43,10.21
42663,14,15,11,2011,6.916666666666667,11.06,6.73,8.81
42664,14,16,11,2011,8.695000000000002,9.16,5.91,7.18
42665,14,17,11,2011,9.97,7.08,5.29,6.3500000000000005
42666,14,18,11,2011,11.139166666666668,6.92,5.14,6.21
42667,14,19,11,2011,11.9475,7.42,5.46,6.65
42668,14,20,11,2011,12.479999999999999,7.38,5.41,6.61
42669,14,21,11,2011,12.650833333333333,7.01,4.9,6.03
42670,14,22,11,2011,11.44,8.63,3.82,6.79
42671,14,23,11,2011,9.935833333333337,10.0,4.44,7.75
42672,15,0,11,2011,9.348333333333333,11.08,5.21,8.63
42673,15,1,11,2011,9.066666666666666,12.22,5.24,8.93
42674,15,2,11,2011,9.064166666666669,13.06,5.65,9.54
42675,15,3,11,2011,9.001666666666667,13.21,6.04,9.84
42676,15,4,11,2011,9.036666666666667,15.11,7.01,10.84
42677,15,5,11,2011,8.530833333333332,15.44,7.3900000000000015,11.19
42678,15,6,11,2011,8.105833333333335,15.92,7.47,11.36
42679,15,7,11,2011,7.861666666666667,16.02,7.67,11.59
42680,15,8,11,2011,7.134166666666666,15.87,7.79,11.37
42681,15,9,11,2011,7.300833333333334,16.240000000000002,7.92,11.64
42682,15,10,11,2011,6.451666666666667,14.97,6.83,10.37
42683,15,11,11,2011,6.128333333333334,14.12,6.51,10.05
42684,15,12,11,2011,5.450833333333333,11.19,5.93,9.09
42685,15,13,11,2011,4.799166666666666,11.22,5.47,8.53
42686,15,14,11,2011,6.190833333333334,11.55,6.12,8.45
42687,15,15,11,2011,7.045833333333333,9.51,5.84,7.67
42688,15,16,11,2011,7.710833333333336,6.3100000000000005,4.8100000000000005,5.75
42689,15,17,11,2011,8.85,6.17,4.69,5.64
42690,15,18,11,2011,9.730833333333335,7.01,5.28,6.36
42691,15,19,11,2011,10.254166666666666,7.51,5.62,6.8100000000000005
42692,15,20,11,2011,10.38,7.53,5.58,6.78
42693,15,21,11,2011,10.255,7.52,5.39,6.7
42694,15,22,11,2011,9.375,9.67,5.29,7.17
42695,15,23,11,2011,7.735,11.34,5.08,8.06
42696,16,0,11,2011,6.5758333333333345,12.16,5.29,8.540000000000001
42697,16,1,11,2011,5.708333333333335,14.04,6.96,10.23
42698,16,2,11,2011,4.35,13.41,5.66,9.03
42699,16,3,11,2011,3.7025,12.84,5.11,8.43
42700,16,4,11,2011,3.2399999999999998,13.75,5.26,8.66
42701,16,5,11,2011,2.37,13.53,5.73,9.0
42702,16,6,11,2011,1.8325000000000002,13.54,5.8,9.1
42703,16,7,11,2011,0.7866666666666665,12.95,5.01,8.44
42704,16,8,11,2011,0.3558333333333333,12.7,4.75,8.26
42705,16,9,11,2011,0.21083333333333334,11.13,4.26,7.2
42706,16,10,11,2011,-0.012500000000000006,10.92,4.44,7.05
42707,16,11,11,2011,-0.06833333333333332,10.42,4.66,6.7
42708,16,12,11,2011,0.2416666666666667,8.66,4.45,6.19
42709,16,13,11,2011,0.3575,7.66,3.79,5.4
42710,16,14,11,2011,0.49,7.52,3.93,5.38
42711,16,15,11,2011,1.0316666666666665,5.19,3.5700000000000003,4.32
42712,16,16,11,2011,2.0258333333333334,4.05,3.0500000000000003,3.67
42713,16,17,11,2011,3.080833333333333,4.16,3.12,3.75
42714,16,18,11,2011,4.1691666666666665,4.75,3.54,4.28
42715,16,19,11,2011,4.91,4.7,3.5,4.22
42716,16,20,11,2011,5.359166666666667,4.8100000000000005,3.5700000000000003,4.33
42717,16,21,11,2011,5.509166666666666,4.83,3.58,4.34
42718,16,22,11,2011,4.914166666666667,4.94,3.26,4.07
42719,16,23,11,2011,3.4574999999999996,5.55,1.81,4.19
42720,17,0,11,2011,2.5558333333333327,7.07,2.65,5.82
42721,17,1,11,2011,1.9149999999999994,8.86,3.67,6.78
42722,17,2,11,2011,1.6500000000000004,10.73,4.13,7.32
42723,17,3,11,2011,0.9866666666666665,11.44,4.3,7.56
42724,17,4,11,2011,1.0366666666666668,10.46,4.34,7.55
42725,17,5,11,2011,0.3183333333333334,9.97,3.82,7.09
42726,17,6,11,2011,-0.38083333333333336,9.7,3.75,7.01
42727,17,7,11,2011,-0.7933333333333334,6.54,2.98,5.64
42728,17,8,11,2011,-0.6849999999999999,6.59,3.76,5.72
42729,17,9,11,2011,-0.7683333333333334,8.25,4.26,6.2700000000000005
42730,17,10,11,2011,-1.5416666666666667,9.59,4.78,7.07
42731,17,11,11,2011,-1.6450000000000002,9.91,4.94,7.29
42732,17,12,11,2011,-1.6641666666666666,9.87,4.98,7.46
42733,17,13,11,2011,-1.9158333333333335,10.68,5.68,8.03
42734,17,14,11,2011,-1.4725000000000001,10.7,5.86,8.0
42735,17,15,11,2011,-0.08166666666666669,9.4,5.71,6.98
42736,17,16,11,2011,2.0658333333333334,8.370000000000001,6.1400000000000015,7.5
42737,17,17,11,2011,4.005,8.83,6.47,7.9300000000000015
42738,17,18,11,2011,5.163333333333334,10.33,7.5,9.25
42739,17,19,11,2011,5.6383333333333345,10.52,7.62,9.4
42740,17,20,11,2011,6.2366666666666655,10.51,7.53,9.29
42741,17,21,11,2011,6.5441666666666665,10.8,7.54,9.47
42742,17,22,11,2011,5.325,13.54,6.13,9.68
42743,17,23,11,2011,3.832500000000001,15.87,8.120000000000001,11.75
42744,18,0,11,2011,3.3433333333333337,17.62,9.64,13.4
42745,18,1,11,2011,3.3658333333333332,18.29,10.35,14.18
42746,18,2,11,2011,2.599166666666667,18.06,10.02,13.78
42747,18,3,11,2011,2.5483333333333333,17.87,9.85,13.58
42748,18,4,11,2011,2.43,18.74,10.74,14.56
42749,18,5,11,2011,2.1675000000000004,18.37,10.5,14.23
42750,18,6,11,2011,2.2933333333333334,18.92,10.89,14.69
42751,18,7,11,2011,2.5149999999999997,18.83,10.75,14.62
42752,18,8,11,2011,2.5858333333333334,19.64,11.63,15.58
42753,18,9,11,2011,2.3441666666666667,19.58,11.51,15.43
42754,18,10,11,2011,2.851666666666667,20.94,12.78,16.86
42755,18,11,11,2011,2.4566666666666666,19.24,11.42,15.15
42756,18,12,11,2011,2.52,20.4,12.29,16.23
42757,18,13,11,2011,2.1275,20.05,11.99,15.86
42758,18,14,11,2011,3.09,19.01,12.28,15.68
42759,18,15,11,2011,5.285,18.41,12.12,15.49
42760,18,16,11,2011,6.6883333333333335,14.73,10.53,13.09
42761,18,17,11,2011,8.225833333333332,14.92,10.7,13.28
42762,18,18,11,2011,9.646666666666668,13.94,9.87,12.29
42763,18,19,11,2011,10.584166666666668,12.58,8.72,10.92
42764,18,20,11,2011,11.265833333333333,12.52,8.73,10.95
42765,18,21,11,2011,11.430833333333334,12.49,8.64,10.89
42766,18,22,11,2011,10.525833333333333,11.51,6.73,8.93
42767,18,23,11,2011,8.949166666666667,12.88,6.38,9.47
42768,19,0,11,2011,8.491666666666667,14.65,8.06,11.28
42769,19,1,11,2011,8.051666666666666,15.36,8.4,11.7
42770,19,2,11,2011,7.66,15.79,8.67,12.02
42771,19,3,11,2011,7.0566666666666675,15.87,8.75,12.1
42772,19,4,11,2011,6.435833333333334,15.5,8.51,11.75
42773,19,5,11,2011,6.375833333333333,16.0,8.700000000000001,12.08
42774,19,6,11,2011,6.0133333333333345,15.76,8.5,11.83
42775,19,7,11,2011,5.754166666666666,15.96,8.98,12.31
42776,19,8,11,2011,5.2375,15.52,8.540000000000001,11.76
42777,19,9,11,2011,4.7558333333333325,13.15,6.37,9.35
42778,19,10,11,2011,5.694166666666668,12.96,7.59,10.21
42779,19,11,11,2011,7.237500000000001,11.65,6.59,8.96
42780,19,12,11,2011,8.295,11.56,6.34,8.78
42781,19,13,11,2011,9.1675,10.68,5.57,7.9
42782,19,14,11,2011,10.209999999999999,11.12,5.91,8.26
42783,19,15,11,2011,11.181666666666667,14.39,8.67,11.42
42784,19,16,11,2011,11.2325,12.56,9.0,11.19
42785,19,17,11,2011,10.579166666666667,10.87,7.81,9.71
42786,19,18,11,2011,9.966666666666669,8.76,6.47,7.92
42787,19,19,11,2011,6.607500000000001,10.11,7.59,9.16
42788,19,20,11,2011,3.6950000000000003,10.4,7.56,9.3
42789,19,21,11,2011,2.8341666666666665,10.4,7.54,9.29
42790,19,22,11,2011,2.3750000000000004,9.69,6.93,8.59
42791,19,23,11,2011,1.3816666666666666,10.56,6.16,8.28
42792,20,0,11,2011,0.42750000000000005,10.71,6.0200000000000005,8.15
42793,20,1,11,2011,0.0525,10.89,5.9,8.11
42794,20,2,11,2011,-0.33916666666666667,10.9,5.62,7.97
42795,20,3,11,2011,-0.9708333333333332,10.76,4.74,7.24
42796,20,4,11,2011,-1.929166666666667,12.52,7.68,10.2
42797,20,5,11,2011,-2.7116666666666664,10.63,6.74,8.84
42798,20,6,11,2011,-3.313333333333333,9.09,5.73,7.4
42799,20,7,11,2011,-3.6875,9.4,6.63,8.26
42800,20,8,11,2011,-4.055833333333334,9.2,6.5600000000000005,8.14
42801,20,9,11,2011,-4.344166666666667,8.67,6.2700000000000005,7.74
42802,20,10,11,2011,-4.534166666666667,8.24,6.04,7.42
42803,20,11,11,2011,-4.677500000000001,7.21,5.32,6.5200000000000005
42804,20,12,11,2011,-4.857500000000001,7.3900000000000015,5.51,6.72
42805,20,13,11,2011,-4.98,6.99,5.23,6.38
42806,20,14,11,2011,-4.990833333333333,6.5600000000000005,5.0,6.0600000000000005
42807,20,15,11,2011,-4.6075,6.3500000000000005,4.88,5.87
42808,20,16,11,2011,-3.8074999999999997,6.04,4.68,5.61
42809,20,17,11,2011,-2.7433333333333336,5.69,4.46,5.32
42810,20,18,11,2011,-1.6325,5.26,4.14,4.9
42811,20,19,11,2011,-0.6541666666666666,5.11,4.0,4.75
42812,20,20,11,2011,-0.01916666666666667,5.17,4.03,4.8
42813,20,21,11,2011,0.25833333333333336,5.03,3.9,4.67
42814,20,22,11,2011,0.02833333333333332,5.53,3.63,4.8
42815,20,23,11,2011,-0.9641666666666667,6.0600000000000005,3.13,5.42
42816,21,0,11,2011,-1.7383333333333335,6.24,2.89,5.39
42817,21,1,11,2011,-2.3016666666666667,6.01,2.52,5.15
42818,21,2,11,2011,-2.575,6.68,2.34,5.0200000000000005
42819,21,3,11,2011,-2.799166666666667,6.6400000000000015,2.25,4.8
42820,21,4,11,2011,-3.1275,7.05,1.68,3.85
42821,21,5,11,2011,-3.081666666666667,7.0200000000000005,1.21,4.25
42822,21,6,11,2011,-2.985833333333334,6.29,1.09,4.25
42823,21,7,11,2011,-3.220833333333333,5.26,1.2,3.1
42824,21,8,11,2011,-3.483333333333333,4.21,1.39,2.88
42825,21,9,11,2011,-3.6774999999999998,3.25,1.37,2.48
42826,21,10,11,2011,-3.8625000000000003,3.04,1.34,2.43
42827,21,11,11,2011,-4.0683333333333325,3.36,1.5,2.8000000000000003
42828,21,12,11,2011,-4.240833333333334,3.31,1.21,2.6
42829,21,13,11,2011,-4.2091666666666665,2.87,1.08,2.11
42830,21,14,11,2011,-3.608333333333334,2.49,1.55,2.0
42831,21,15,11,2011,-2.0991666666666666,2.33,1.87,2.1
42832,21,16,11,2011,-0.6308333333333334,2.22,1.97,2.23
42833,21,17,11,2011,0.8433333333333334,2.0,1.74,1.97
42834,21,18,11,2011,2.091666666666667,2.17,1.8,2.04
42835,21,19,11,2011,3.018333333333333,2.7,2.32,2.64
42836,21,20,11,2011,2.9941666666666666,3.91,3.45,3.94
42837,21,21,11,2011,1.6825,3.87,3.42,3.91
42838,21,22,11,2011,0.7658333333333333,3.53,2.0,3.21
42839,21,23,11,2011,0.505,4.26,1.9,3.45
42840,22,0,11,2011,0.4025,4.86,2.04,3.5500000000000003
42841,22,1,11,2011,0.4091666666666667,5.39,1.75,3.51
42842,22,2,11,2011,0.5383333333333334,4.36,0.92,2.54
42843,22,3,11,2011,0.6875,4.69,1.01,2.73
42844,22,4,11,2011,0.8908333333333335,4.74,1.97,3.12
42845,22,5,11,2011,1.035,4.57,1.97,2.96
42846,22,6,11,2011,1.0083333333333333,3.96,1.51,2.73
42847,22,7,11,2011,1.0999999999999999,3.81,1.76,2.76
42848,22,8,11,2011,1.1883333333333335,3.94,2.09,3.16
42849,22,9,11,2011,1.096666666666667,3.7,2.15,3.02
42850,22,10,11,2011,1.2858333333333334,4.18,2.48,3.51
42851,22,11,11,2011,1.2908333333333335,5.15,2.83,3.94
42852,22,12,11,2011,1.1633333333333333,6.08,3.04,4.41
42853,22,13,11,2011,1.3108333333333333,5.93,2.98,4.39
42854,22,14,11,2011,1.7891666666666666,6.0600000000000005,3.38,4.78
42855,22,15,11,2011,2.1875,6.0,3.7,4.79
42856,22,16,11,2011,2.918333333333333,4.5,3.37,3.98
42857,22,17,11,2011,3.8874999999999997,4.28,3.33,3.96
42858,22,18,11,2011,4.1000000000000005,4.2,3.33,3.95
42859,22,19,11,2011,4.1499999999999995,4.05,3.24,3.84
42860,22,20,11,2011,4.795833333333333,3.65,2.87,3.4
42861,22,21,11,2011,5.324166666666667,2.93,2.23,2.69
42862,22,22,11,2011,5.1725,2.98,2.26,2.73
42863,22,23,11,2011,4.040833333333334,2.61,1.01,2.2
42864,23,0,11,2011,3.3316666666666666,1.96,0.37,1.0
42865,23,1,11,2011,2.9791666666666674,2.15,0.96,1.64
42866,23,2,11,2011,2.7825,2.1,0.91,1.62
42867,23,3,11,2011,2.3474999999999997,2.01,0.93,1.63
42868,23,4,11,2011,1.8999999999999997,2.04,1.54,2.29
42869,23,5,11,2011,1.7675,2.59,2.15,3.09
42870,23,6,11,2011,1.4566666666666663,3.61,2.6,3.95
42871,23,7,11,2011,1.4024999999999999,4.25,2.84,4.37
42872,23,8,11,2011,1.3491666666666668,4.43,3.13,4.66
42873,23,9,11,2011,1.0558333333333334,4.97,3.27,5.13
42874,23,10,11,2011,1.1233333333333333,6.32,3.87,6.11
42875,23,11,11,2011,1.3374999999999997,6.57,4.0,6.3500000000000005
42876,23,12,11,2011,0.9008333333333334,7.11,3.99,6.88
42877,23,13,11,2011,1.085,8.65,4.28,7.34
42878,23,14,11,2011,2.2591666666666668,9.34,5.13,7.28
42879,23,15,11,2011,3.865,8.52,4.33,6.0
42880,23,16,11,2011,6.085833333333333,5.16,3.44,4.0
42881,23,17,11,2011,8.059166666666666,4.63,3.73,4.39
42882,23,18,11,2011,9.508333333333335,4.66,3.67,4.36
42883,23,19,11,2011,10.673333333333334,4.66,3.68,4.36
42884,23,20,11,2011,11.166666666666666,4.24,3.31,3.94
42885,23,21,11,2011,11.264999999999999,4.42,2.79,3.53
42886,23,22,11,2011,9.885833333333332,6.92,3.15,5.69
42887,23,23,11,2011,7.927499999999998,8.14,4.1,7.15
42888,24,0,11,2011,7.569999999999999,8.92,4.36,7.51
42889,24,1,11,2011,7.543333333333333,9.06,4.73,7.82
42890,24,2,11,2011,7.363333333333333,9.77,5.01,8.21
42891,24,3,11,2011,7.469999999999999,10.68,5.75,9.02
42892,24,4,11,2011,7.212500000000001,11.17,5.97,9.25
42893,24,5,11,2011,7.295000000000001,12.01,6.3900000000000015,9.86
42894,24,6,11,2011,7.720833333333332,13.06,6.38,9.86
42895,24,7,11,2011,6.670833333333333,14.79,6.66,10.17
42896,24,8,11,2011,6.491666666666667,15.58,7.3,10.86
42897,24,9,11,2011,6.957499999999999,15.84,7.69,11.4
42898,24,10,11,2011,6.339166666666666,15.46,7.37,10.91
42899,24,11,11,2011,6.574999999999998,15.55,7.33,10.88
42900,24,12,11,2011,6.174166666666667,15.57,7.37,10.75
42901,24,13,11,2011,5.962500000000001,15.54,7.33,10.79
42902,24,14,11,2011,6.492500000000001,15.5,9.22,12.18
42903,24,15,11,2011,9.825833333333334,15.25,9.67,12.56
42904,24,16,11,2011,11.400833333333333,13.78,8.74,10.91
42905,24,17,11,2011,13.079166666666667,12.86,8.86,11.09
42906,24,18,11,2011,14.422500000000005,13.32,9.62,11.9
42907,24,19,11,2011,15.295,13.59,9.77,12.12
42908,24,20,11,2011,16.002499999999998,13.32,9.57,11.87
42909,24,21,11,2011,15.923333333333334,14.32,9.16,11.94
42910,24,22,11,2011,14.442499999999995,14.5,7.94,10.79
42911,24,23,11,2011,12.729999999999997,15.14,7.8,11.23
42912,25,0,11,2011,11.689999999999998,15.47,7.94,11.36
42913,25,1,11,2011,11.402500000000002,16.31,8.96,12.38
42914,25,2,11,2011,10.816666666666665,16.39,9.01,12.44
42915,25,3,11,2011,10.235833333333334,16.48,8.99,12.49
42916,25,4,11,2011,9.805833333333334,16.64,8.98,12.56
42917,25,5,11,2011,9.391666666666667,16.81,9.17,12.77
42918,25,6,11,2011,9.225833333333334,17.18,9.61,13.26
42919,25,7,11,2011,8.761666666666667,17.04,9.54,13.15
42920,25,8,11,2011,8.131666666666666,16.28,9.03,12.43
42921,25,9,11,2011,7.735833333333333,16.36,9.44,12.81
42922,25,10,11,2011,7.285833333333335,14.84,8.34,11.43
42923,25,11,11,2011,7.1833333333333345,13.96,7.54,10.5
42924,25,12,11,2011,7.227500000000002,14.13,7.59,10.62
42925,25,13,11,2011,7.1308333333333325,13.67,7.44,10.35
42926,25,14,11,2011,7.511666666666667,13.93,8.86,11.51
42927,25,15,11,2011,8.684999999999999,13.15,7.58,10.66
42928,25,16,11,2011,10.138333333333334,10.16,7.22,8.94
42929,25,17,11,2011,11.31,11.38,7.8900000000000015,9.92
42930,25,18,11,2011,12.555833333333332,12.4,8.700000000000001,10.93
42931,25,19,11,2011,13.534999999999998,13.23,9.3,11.63
42932,25,20,11,2011,13.62333333333333,13.27,9.26,11.65
42933,25,21,11,2011,12.976666666666667,14.05,8.89,11.68
42934,25,22,11,2011,12.494999999999997,14.56,9.09,11.96
42935,25,23,11,2011,12.32,14.5,9.03,11.91
42936,26,0,11,2011,12.106666666666667,14.1,8.96,11.75
42937,26,1,11,2011,11.76083333333333,13.69,8.53,11.27
42938,26,2,11,2011,11.805,13.89,8.84,11.57
42939,26,3,11,2011,11.805833333333332,12.99,8.120000000000001,10.72
42940,26,4,11,2011,11.67416666666667,11.5,7.03,9.34
42941,26,5,11,2011,11.685000000000002,10.65,6.46,8.61
42942,26,6,11,2011,11.7575,10.93,6.12,8.36
42943,26,7,11,2011,11.804166666666665,10.86,6.18,8.43
42944,26,8,11,2011,11.637500000000001,9.41,5.09,7.17
42945,26,9,11,2011,11.224166666666667,10.77,5.97,8.26
42946,26,10,11,2011,8.0725,12.66,7.67,10.27
42947,26,11,11,2011,6.7375,13.41,8.46,11.1
42948,26,12,11,2011,5.745,13.81,9.04,11.68
42949,26,13,11,2011,4.806666666666666,13.68,9.0,11.6
42950,26,14,11,2011,4.3175,14.1,9.36,11.94
42951,26,15,11,2011,3.6116666666666664,14.82,10.26,12.96
42952,26,16,11,2011,3.3816666666666664,14.91,10.39,13.11
42953,26,17,11,2011,3.728333333333333,15.83,11.07,13.96
42954,26,18,11,2011,4.347499999999999,16.43,11.46,14.48
42955,26,19,11,2011,4.326666666666667,15.34,10.7,13.53
42956,26,20,11,2011,5.3425,15.77,10.98,13.87
42957,26,21,11,2011,5.795833333333334,15.85,10.97,13.91
42958,26,22,11,2011,4.9125000000000005,15.11,10.12,13.0
42959,26,23,11,2011,3.801666666666667,14.73,8.28,11.45
42960,27,0,11,2011,2.9450000000000003,15.63,8.69,12.05
42961,27,1,11,2011,2.1233333333333335,16.3,9.46,12.9
42962,27,2,11,2011,1.2208333333333332,16.45,9.6,13.05
42963,27,3,11,2011,0.3625,17.04,10.1,13.64
42964,27,4,11,2011,-0.44,15.7,9.13,12.43
42965,27,5,11,2011,-0.9616666666666666,15.88,9.41,12.72
42966,27,6,11,2011,-1.4491666666666667,15.98,9.56,12.87
42967,27,7,11,2011,-1.95,14.65,8.67,11.68
42968,27,8,11,2011,-2.305833333333333,14.65,8.8,11.82
42969,27,9,11,2011,-2.611666666666667,14.64,8.84,11.85
42970,27,10,11,2011,-2.85,14.03,8.55,11.41
42971,27,11,11,2011,-3.079166666666666,13.43,8.19,10.93
42972,27,12,11,2011,-3.3083333333333336,12.52,7.58,10.17
42973,27,13,11,2011,-3.4358333333333335,12.86,8.03,10.61
42974,27,14,11,2011,-3.3825,11.89,7.5,9.63
42975,27,15,11,2011,-2.665833333333333,11.16,7.71,9.74
42976,27,16,11,2011,-1.845,9.96,7.2,8.96
42977,27,17,11,2011,-0.8999999999999999,9.28,6.7700000000000005,8.39
42978,27,18,11,2011,0.03500000000000002,8.91,6.49,8.040000000000001
42979,27,19,11,2011,0.7633333333333332,8.870000000000003,6.49,8.040000000000001
42980,27,20,11,2011,1.2566666666666666,8.81,6.41,7.96
42981,27,21,11,2011,1.4416666666666667,8.56,6.17,7.7
42982,27,22,11,2011,0.6091666666666666,7.9300000000000015,5.43,6.91
42983,27,23,11,2011,-0.8008333333333334,8.24,3.24,6.07
42984,28,0,11,2011,-1.1266666666666667,10.07,3.46,6.86
42985,28,1,11,2011,-1.6316666666666666,9.79,3.38,6.78
42986,28,2,11,2011,-1.9108333333333334,9.64,3.19,6.57
42987,28,3,11,2011,-2.244166666666666,8.38,2.97,5.75
42988,28,4,11,2011,-2.7875,4.7,1.86,3.9
42989,28,5,11,2011,-2.9749999999999996,4.62,1.26,3.21
42990,28,6,11,2011,-3.1675,3.84,1.16,3.02
42991,28,7,11,2011,-3.1458333333333335,2.79,1.27,2.14
42992,28,8,11,2011,-3.3400000000000003,2.69,1.25,2.19
42993,28,9,11,2011,-3.7224999999999997,1.73,0.56,1.09
42994,28,10,11,2011,-4.030833333333334,1.33,0.19,0.72
42995,28,11,11,2011,-4.2125,1.19,0.42,0.68
42996,28,12,11,2011,-4.276666666666667,1.98,0.52,1.28
42997,28,13,11,2011,-4.315833333333334,2.16,0.64,1.46
42998,28,14,11,2011,-4.019166666666667,2.91,1.27,2.04
42999,28,15,11,2011,-2.1458333333333335,3.02,1.39,1.61
43000,28,16,11,2011,-0.16583333333333336,2.04,1.71,1.97
43001,28,17,11,2011,1.1266666666666667,2.08,1.76,2.03
43002,28,18,11,2011,2.2883333333333336,1.77,1.49,1.71
43003,28,19,11,2011,3.369166666666667,1.32,1.04,1.22
43004,28,20,11,2011,4.065833333333334,1.59,1.32,1.53
43005,28,21,11,2011,4.165,2.43,1.47,2.07
43006,28,22,11,2011,2.615,4.17,1.93,3.45
43007,28,23,11,2011,1.0458333333333334,5.38,1.86,4.04
43008,29,0,11,2011,0.7616666666666667,7.41,3.47,6.13
43009,29,1,11,2011,0.4541666666666668,9.09,4.29,7.49
43010,29,2,11,2011,0.054166666666666675,10.5,4.47,7.8900000000000015
43011,29,3,11,2011,-0.02416666666666667,11.77,4.53,8.19
43012,29,4,11,2011,0.035833333333333335,12.9,5.5,9.06
43013,29,5,11,2011,0.7333333333333333,15.77,7.47,11.13
43014,29,6,11,2011,0.8041666666666667,15.78,7.48,11.12
43015,29,7,11,2011,0.4166666666666667,15.24,7.6400000000000015,11.06
43016,29,8,11,2011,-0.24250000000000002,14.29,7.23,10.49
43017,29,9,11,2011,-0.9575,13.71,7.1400000000000015,10.2
43018,29,10,11,2011,-1.4683333333333335,13.58,7.22,10.21
43019,29,11,11,2011,-2.0233333333333334,13.42,7.21,10.11
43020,29,12,11,2011,-2.6100000000000003,13.41,7.37,10.23
43021,29,13,11,2011,-3.0950000000000006,13.34,7.49,10.3
43022,29,14,11,2011,-3.220833333333333,13.3,7.98,10.57
43023,29,15,11,2011,-2.1750000000000003,11.68,7.12,9.16
43024,29,16,11,2011,-0.8683333333333333,9.45,7.08,8.61
43025,29,17,11,2011,0.5391666666666667,8.34,6.32,7.69
43026,29,18,11,2011,1.7899999999999998,7.25,5.42,6.62
43027,29,19,11,2011,2.734166666666667,7.1000000000000005,5.29,6.47
43028,29,20,11,2011,3.31,6.99,5.2,6.37
43029,29,21,11,2011,3.3399999999999994,6.88,5.0600000000000005,6.25
43030,29,22,11,2011,1.9466666666666672,7.26,3.56,6.1000000000000005
43031,29,23,11,2011,0.5775,8.55,3.35,6.78
43032,30,0,11,2011,-0.3833333333333333,9.59,3.54,7.41
43033,30,1,11,2011,-0.6,9.24,3.61,7.34
43034,30,2,11,2011,-0.9049999999999999,8.17,3.04,6.57
43035,30,3,11,2011,-1.156666666666667,6.29,2.19,5.12
43036,30,4,11,2011,-1.0274999999999999,5.08,2.13,4.0200000000000005
43037,30,5,11,2011,-0.8125,3.71,2.09,3.16
43038,30,6,11,2011,-0.7941666666666668,2.79,2.3000000000000003,2.9
43039,30,7,11,2011,-0.6733333333333333,2.2,3.37,3.59
43040,30,8,11,2011,-1.5358333333333336,3.98,3.86,5.53
43041,30,9,11,2011,-1.6241666666666668,6.61,4.25,6.58
43042,30,10,11,2011,-1.1175,7.6400000000000015,4.7,7.27
43043,30,11,11,2011,-0.8649999999999999,9.68,5.17,8.11
43044,30,12,11,2011,-0.7108333333333333,11.46,5.62,8.67
43045,30,13,11,2011,-0.5216666666666666,12.45,6.17,9.34
43046,30,14,11,2011,0.3908333333333333,12.63,6.82,9.42
43047,30,15,11,2011,2.25,11.03,6.66,8.77
43048,30,16,11,2011,3.983333333333334,9.5,5.71,6.9
43049,30,17,11,2011,5.5633333333333335,7.72,5.8100000000000005,7.0200000000000005
43050,30,18,11,2011,6.8475,8.27,6.16,7.53
43051,30,19,11,2011,7.586666666666666,8.98,6.55,8.08
43052,30,20,11,2011,7.888333333333333,9.09,6.53,8.06
43053,30,21,11,2011,7.132499999999999,10.58,5.74,7.78
43054,30,22,11,2011,5.2299999999999995,14.51,6.3,10.2
43055,30,23,11,2011,3.936666666666666,15.46,7.32,11.05
43056,1,0,12,2011,3.2066666666666666,15.99,7.69,11.36
43057,1,1,12,2011,2.7099999999999995,16.44,8.24,11.86
43058,1,2,12,2011,2.3325000000000005,16.44,8.33,11.95
43059,1,3,12,2011,1.446666666666667,16.02,8.120000000000001,11.57
43060,1,4,12,2011,1.0858333333333334,15.08,6.9,10.21
43061,1,5,12,2011,1.3583333333333332,15.1,6.99,10.28
43062,1,6,12,2011,1.7033333333333334,14.82,7.08,10.37
43063,1,7,12,2011,1.265,14.36,7.08,10.19
43064,1,8,12,2011,0.8933333333333331,13.13,6.16,9.14
43065,1,9,12,2011,1.0391666666666668,11.98,5.54,8.28
43066,1,10,12,2011,0.7325,10.07,4.17,6.48
43067,1,11,12,2011,0.14250000000000002,7.17,1.17,3.1
43068,1,12,12,2011,-0.10999999999999999,5.45,0.72,2.37
43069,1,13,12,2011,-0.16749999999999998,2.83,1.1,2.3000000000000003
43070,1,14,12,2011,-0.008333333333333318,5.76,2.82,4.2
43071,1,15,12,2011,0.5808333333333333,6.97,5.13,6.22
43072,1,16,12,2011,1.2633333333333334,9.52,7.05,8.63
43073,1,17,12,2011,1.8191666666666666,11.4,8.36,10.28
43074,1,18,12,2011,1.9816666666666662,11.68,8.56,10.51
43075,1,19,12,2011,2.015833333333333,11.56,8.41,10.37
43076,1,20,12,2011,1.5424999999999998,12.18,8.32,10.51
43077,1,21,12,2011,0.5366666666666666,12.4,8.32,10.5
43078,1,22,12,2011,-0.22833333333333336,12.85,7.8,10.34
43079,1,23,12,2011,-0.6999999999999998,11.63,6.58,9.03
43080,2,0,12,2011,-1.1625,11.4,6.28,8.69
43081,2,1,12,2011,-1.320833333333333,12.59,6.62,9.32
43082,2,2,12,2011,-1.6358333333333333,12.13,6.23,8.82
43083,2,3,12,2011,-2.0483333333333333,12.39,6.61,9.2
43084,2,4,12,2011,-2.5675,11.74,6.29,8.74
43085,2,5,12,2011,-3.0375,10.99,5.78,8.09
43086,2,6,12,2011,-3.4975,9.82,5.16,7.22
43087,2,7,12,2011,-3.9033333333333338,9.09,4.79,6.7
43088,2,8,12,2011,-4.240833333333334,8.02,4.2,5.86
43089,2,9,12,2011,-4.5825,6.98,3.87,5.28
43090,2,10,12,2011,-4.903333333333334,5.58,3.02,4.28
43091,2,11,12,2011,-5.099166666666667,4.55,2.46,3.64
43092,2,12,12,2011,-5.2825,3.49,1.78,2.95
43093,2,13,12,2011,-5.529166666666666,1.98,0.72,1.74
43094,2,14,12,2011,-5.413333333333334,1.84,0.99,1.14
43095,2,15,12,2011,-4.265,2.62,2.06,2.43
43096,2,16,12,2011,-2.6374999999999997,3.56,2.82,3.31
43097,2,17,12,2011,-1.2783333333333333,4.29,3.3000000000000003,3.93
43098,2,18,12,2011,0.04249999999999999,5.4,4.1,4.93
43099,2,19,12,2011,0.9241666666666667,6.17,4.65,5.62
43100,2,20,12,2011,1.5558333333333332,6.8900000000000015,5.12,6.24
43101,2,21,12,2011,1.8150000000000002,7.44,5.29,6.6000000000000005
43102,2,22,12,2011,1.1241666666666665,9.15,4.68,6.29
43103,2,23,12,2011,0.6241666666666666,10.6,5.55,7.95
43104,3,0,12,2011,0.85,10.81,5.48,7.86
43105,3,1,12,2011,1.195,12.43,6.66,9.38
43106,3,2,12,2011,1.8866666666666667,12.41,7.31,9.75
43107,3,3,12,2011,2.3283333333333336,11.58,6.72,9.05
43108,3,4,12,2011,2.408333333333333,11.3,6.38,8.69
43109,3,5,12,2011,1.8599999999999997,11.34,6.88,9.07
43110,3,6,12,2011,1.5308333333333335,11.16,6.94,9.16
43111,3,7,12,2011,1.6675000000000002,9.81,5.73,7.71
43112,3,8,12,2011,1.8374999999999997,9.94,5.46,7.48
43113,3,9,12,2011,2.1483333333333334,8.91,4.62,6.49
43114,3,10,12,2011,2.1483333333333334,8.43,4.3500000000000005,6.15
43115,3,11,12,2011,2.0458333333333334,6.66,2.66,4.16
43116,3,12,12,2011,2.155,5.28,2.28,3.4
43117,3,13,12,2011,2.3058333333333336,4.5,2.26,2.98
43118,3,14,12,2011,2.5725000000000002,5.86,2.87,4.08
43119,3,15,12,2011,2.8899999999999992,6.86,3.11,4.64
43120,3,16,12,2011,3.3841666666666668,7.0200000000000005,3.45,4.97
43121,3,17,12,2011,3.705,6.48,2.98,4.46
43122,3,18,12,2011,3.8883333333333323,6.16,3.38,4.61
43123,3,19,12,2011,4.150833333333333,5.87,3.3000000000000003,4.49
43124,3,20,12,2011,4.3375,5.46,2.87,3.91
43125,3,21,12,2011,2.6625,6.68,4.5600000000000005,5.59
43126,3,22,12,2011,0.9983333333333334,7.69,5.24,6.5
43127,3,23,12,2011,0.5591666666666667,9.04,6.23,7.75
43128,4,0,12,2011,-0.11666666666666665,9.32,6.48,8.05
43129,4,1,12,2011,-0.685,10.53,6.58,8.39
43130,4,2,12,2011,-0.6916666666666665,10.45,6.5,8.3
43131,4,3,12,2011,-0.7275,10.37,6.38,8.19
43132,4,4,12,2011,-0.9775,10.12,6.45,8.21
43133,4,5,12,2011,-1.5033333333333332,10.83,6.96,8.88
43134,4,6,12,2011,-2.303333333333333,10.71,6.7,8.58
43135,4,7,12,2011,-2.813333333333334,10.66,6.67,8.65
43136,4,8,12,2011,-3.216666666666667,10.6,6.53,8.540000000000001
43137,4,9,12,2011,-3.3274999999999992,10.09,5.99,7.97
43138,4,10,12,2011,-3.3958333333333335,9.98,5.91,7.8900000000000015
43139,4,11,12,2011,-3.6016666666666666,9.15,5.15,7.03
43140,4,12,12,2011,-3.8799999999999994,8.36,4.72,6.43
43141,4,13,12,2011,-4.083333333333334,8.540000000000001,5.1000000000000005,6.8
43142,4,14,12,2011,-4.132500000000001,8.13,4.92,6.5200000000000005
43143,4,15,12,2011,-3.5500000000000003,6.3500000000000005,4.64,5.67
43144,4,16,12,2011,-2.7825,6.34,4.72,5.71
43145,4,17,12,2011,-2.1166666666666667,5.53,4.25,5.09
43146,4,18,12,2011,-1.4541666666666666,5.13,3.95,4.72
43147,4,19,12,2011,-0.9199999999999999,4.68,3.58,4.28
43148,4,20,12,2011,-0.69,4.66,3.54,4.26
43149,4,21,12,2011,-0.8408333333333333,5.36,3.92,4.83
43150,4,22,12,2011,-1.6825,6.0600000000000005,3.94,4.87
43151,4,23,12,2011,-2.7475,6.33,2.95,5.08
43152,5,0,12,2011,-3.126666666666667,6.6400000000000015,3.08,5.22
43153,5,1,12,2011,-3.390833333333333,6.84,3.22,5.2
43154,5,2,12,2011,-3.685,6.91,3.28,5.25
43155,5,3,12,2011,-3.9691666666666667,6.93,3.2,5.12
43156,5,4,12,2011,-4.241666666666666,6.95,3.5500000000000003,5.12
43157,5,5,12,2011,-4.509166666666666,6.7700000000000005,3.67,5.04
43158,5,6,12,2011,-4.821666666666667,6.83,3.78,5.11
43159,5,7,12,2011,-5.065833333333334,6.66,3.67,4.98
43160,5,8,12,2011,-5.301666666666667,6.15,3.81,4.8100000000000005
43161,5,9,12,2011,-5.586666666666666,6.5200000000000005,4.19,5.25
43162,5,10,12,2011,-6.016666666666667,6.83,4.53,5.83
43163,5,11,12,2011,-6.534166666666667,6.8500000000000005,4.5200000000000005,5.8100000000000005
43164,5,12,12,2011,-6.952500000000001,6.36,4.0200000000000005,5.04
43165,5,13,12,2011,-7.144166666666667,6.72,4.23,5.42
43166,5,14,12,2011,-7.165,6.7700000000000005,4.58,5.53
43167,5,15,12,2011,-6.609166666666667,6.8,5.14,6.22
43168,5,16,12,2011,-5.616666666666667,7.27,5.38,6.5600000000000005
43169,5,17,12,2011,-4.948333333333334,8.870000000000003,6.5200000000000005,7.99
43170,5,18,12,2011,-4.5633333333333335,9.52,6.97,8.58
43171,5,19,12,2011,-4.500000000000002,9.64,7.0600000000000005,8.68
43172,5,20,12,2011,-4.654166666666667,10.58,7.68,9.51
43173,5,21,12,2011,-5.125000000000001,10.75,7.71,9.6
43174,5,22,12,2011,-5.818333333333334,10.8,7.72,9.63
43175,5,23,12,2011,-6.431666666666666,10.82,7.62,9.56
43176,6,0,12,2011,-6.784166666666667,10.97,7.75,9.71
43177,6,1,12,2011,-6.933333333333334,10.53,7.47,9.33
43178,6,2,12,2011,-7.1308333333333325,10.35,7.35,9.19
43179,6,3,12,2011,-7.353333333333333,9.41,6.73,8.38
43180,6,4,12,2011,-7.579166666666667,8.65,6.22,7.73
43181,6,5,12,2011,-7.803333333333334,8.13,5.9,7.32
43182,6,6,12,2011,-7.996666666666667,7.71,5.62,6.95
43183,6,7,12,2011,-8.180833333333334,7.23,5.3,6.55
43184,6,8,12,2011,-8.438333333333334,7.22,5.3500000000000005,6.58
43185,6,9,12,2011,-8.765,7.47,5.54,6.82
43186,6,10,12,2011,-9.155,7.5,5.57,6.8500000000000005
43187,6,11,12,2011,-9.444166666666666,7.24,5.36,6.6000000000000005
43188,6,12,12,2011,-9.693333333333333,6.83,5.08,6.24
43189,6,13,12,2011,-9.900833333333333,6.44,4.79,5.88
43190,6,14,12,2011,-10.061666666666667,6.16,4.63,5.66
43191,6,15,12,2011,-9.929166666666669,5.96,4.53,5.51
43192,6,16,12,2011,-9.399166666666668,5.37,4.14,4.99
43193,6,17,12,2011,-8.626666666666667,4.87,3.79,4.54
43194,6,18,12,2011,-7.799166666666667,4.46,3.5,4.17
43195,6,19,12,2011,-7.107500000000001,4.26,3.37,4.01
43196,6,20,12,2011,-6.631666666666667,3.92,3.1,3.69
43197,6,21,12,2011,-6.4575000000000005,3.89,3.0500000000000003,3.64
43198,6,22,12,2011,-6.674166666666667,3.61,2.79,3.37
43199,6,23,12,2011,-7.218333333333334,3.38,1.69,2.73
43200,7,0,12,2011,-7.5441666666666665,4.24,1.3,2.51
43201,7,1,12,2011,-7.793333333333334,4.39,1.05,2.78
43202,7,2,12,2011,-7.953333333333332,5.59,2.2,4.03
43203,7,3,12,2011,-8.034166666666668,6.91,2.72,4.8
43204,7,4,12,2011,-7.940000000000001,8.73,4.14,6.3500000000000005
43205,7,5,12,2011,-7.905000000000001,9.86,4.98,7.31
43206,7,6,12,2011,-7.771666666666666,11.42,6.1000000000000005,8.63
43207,7,7,12,2011,-7.574166666666667,12.2,6.5600000000000005,9.22
43208,7,8,12,2011,-7.4700000000000015,12.66,6.88,9.6
43209,7,9,12,2011,-7.345833333333332,13.12,7.17,9.94
43210,7,10,12,2011,-7.209166666666666,13.6,7.3900000000000015,10.27
43211,7,11,12,2011,-7.0633333333333335,13.82,7.68,10.55
43212,7,12,12,2011,-6.959166666666667,13.77,7.68,10.5
43213,7,13,12,2011,-6.848333333333333,13.65,7.65,10.43
43214,7,14,12,2011,-6.620833333333334,13.17,7.42,10.03
43215,7,15,12,2011,-5.5225,11.62,7.03,9.49
43216,7,16,12,2011,-3.97,9.31,6.12,7.3900000000000015
43217,7,17,12,2011,-2.3766666666666665,6.84,5.3,6.2700000000000005
43218,7,18,12,2011,-0.8666666666666667,5.19,4.0600000000000005,4.82
43219,7,19,12,2011,0.1475,4.51,3.54,4.2
43220,7,20,12,2011,0.8083333333333335,4.13,3.2,3.82
43221,7,21,12,2011,0.7600000000000001,4.72,3.27,3.99
43222,7,22,12,2011,-0.255,6.17,2.94,5.4
43223,7,23,12,2011,-1.1891666666666667,6.34,3.31,5.57
43224,8,0,12,2011,-1.4158333333333333,5.87,2.66,4.89
43225,8,1,12,2011,-1.685833333333333,5.37,2.45,4.72
43226,8,2,12,2011,-2.0000000000000004,5.59,2.67,4.53
43227,8,3,12,2011,-2.2991666666666664,5.17,2.27,4.28
43228,8,4,12,2011,-2.5258333333333334,4.63,2.68,4.32
43229,8,5,12,2011,-2.7025,4.86,3.04,4.8100000000000005
43230,8,6,12,2011,-3.0275,3.99,2.68,4.28
43231,8,7,12,2011,-3.235,4.79,2.93,4.68
43232,8,8,12,2011,-3.5624999999999996,4.97,2.93,4.71
43233,8,9,12,2011,-3.948333333333333,4.05,2.2,4.11
43234,8,10,12,2011,-4.197500000000001,3.52,1.75,3.56
43235,8,11,12,2011,-4.3075,4.24,2.5,3.97
43236,8,12,12,2011,-4.571666666666666,4.45,2.5500000000000003,4.03
43237,8,13,12,2011,-4.612500000000001,4.5200000000000005,2.38,3.45
43238,8,14,12,2011,-4.4174999999999995,4.2700000000000005,2.4,3.4
43239,8,15,12,2011,-4.092499999999999,4.39,2.2,2.62
43240,8,16,12,2011,-3.516666666666666,4.18,2.13,2.4
43241,8,17,12,2011,-2.895,2.66,2.11,2.45
43242,8,18,12,2011,-2.0966666666666662,3.36,2.72,3.18
43243,8,19,12,2011,-1.4441666666666668,4.17,3.3000000000000003,3.91
43244,8,20,12,2011,-1.5258333333333332,4.76,3.68,4.42
43245,8,21,12,2011,-1.7641666666666664,5.0200000000000005,3.74,4.5
43246,8,22,12,2011,-1.8691666666666669,5.42,3.42,4.38
43247,8,23,12,2011,-1.9033333333333335,7.28,4.69,5.99
43248,9,0,12,2011,-2.4975,8.290000000000001,5.17,6.93
43249,9,1,12,2011,-3.013333333333333,8.83,5.34,6.82
43250,9,2,12,2011,-3.8525000000000005,8.05,5.48,6.82
43251,9,3,12,2011,-4.463333333333334,8.4,5.62,7.03
43252,9,4,12,2011,-4.688333333333334,6.53,4.64,5.67
43253,9,5,12,2011,-4.9833333333333325,6.44,4.66,5.69
43254,9,6,12,2011,-5.004166666666666,5.94,4.24,5.18
43255,9,7,12,2011,-5.14,5.08,3.74,4.54
43256,9,8,12,2011,-5.32,4.5600000000000005,3.12,3.83
43257,9,9,12,2011,-5.637500000000002,5.05,2.72,4.07
43258,9,10,12,2011,-5.95,5.0600000000000005,2.74,4.16
43259,9,11,12,2011,-6.386666666666667,5.61,2.82,4.73
43260,9,12,12,2011,-6.764166666666667,5.91,2.88,4.94
43261,9,13,12,2011,-7.164999999999999,5.92,3.0,4.95
43262,9,14,12,2011,-7.305833333333333,4.62,2.89,4.58
43263,9,15,12,2011,-6.608333333333333,4.19,2.5,2.95
43264,9,16,12,2011,-5.612500000000001,2.73,2.22,2.58
43265,9,17,12,2011,-4.675,2.69,2.18,2.5500000000000003
43266,9,18,12,2011,-3.9000000000000004,3.13,2.39,2.85
43267,9,19,12,2011,-3.2275000000000005,3.58,2.78,3.31
43268,9,20,12,2011,-2.874166666666667,4.0,3.01,3.64
43269,9,21,12,2011,-2.870833333333333,4.01,3.01,3.65
43270,9,22,12,2011,-3.815833333333334,6.53,2.72,5.5200000000000005
43271,9,23,12,2011,-5.293333333333334,6.7,3.12,5.86
43272,10,0,12,2011,-6.2425,6.33,3.08,5.36
43273,10,1,12,2011,-6.896666666666667,5.57,2.49,4.93
43274,10,2,12,2011,-7.09,4.62,2.01,4.12
43275,10,3,12,2011,-7.313333333333333,3.77,1.7,3.06
43276,10,4,12,2011,-7.297499999999999,2.33,1.28,2.01
43277,10,5,12,2011,-7.451666666666667,2.19,1.68,2.01
43278,10,6,12,2011,-7.881666666666667,2.19,2.35,3.11
43279,10,7,12,2011,-7.695833333333333,3.84,2.73,4.13
43280,10,8,12,2011,-7.5758333333333345,5.44,3.23,5.21
43281,10,9,12,2011,-7.4125000000000005,6.9,3.61,5.99
43282,10,10,12,2011,-7.031666666666666,8.76,4.26,6.72
43283,10,11,12,2011,-7.179999999999999,10.04,4.74,7.26
43284,10,12,12,2011,-6.906666666666666,10.68,5.05,7.72
43285,10,13,12,2011,-6.642499999999999,11.27,5.22,7.86
43286,10,14,12,2011,-5.715000000000001,11.4,6.17,8.35
43287,10,15,12,2011,-4.119166666666667,10.39,6.3500000000000005,8.17
43288,10,16,12,2011,-2.4099999999999997,10.35,6.38,7.98
43289,10,17,12,2011,-0.6524999999999999,8.42,6.29,7.67
43290,10,18,12,2011,0.6941666666666667,8.66,6.45,7.8900000000000015
43291,10,19,12,2011,1.6991666666666665,8.24,6.0600000000000005,7.46
43292,10,20,12,2011,2.353333333333333,8.08,5.9,7.28
43293,10,21,12,2011,2.295833333333334,8.56,4.97,6.58
43294,10,22,12,2011,1.2408333333333335,11.47,5.67,8.92
43295,10,23,12,2011,0.9725,13.22,6.95,10.24
43296,11,0,12,2011,0.9100000000000003,13.93,7.25,10.59
43297,11,1,12,2011,0.8508333333333334,14.13,7.36,10.73
43298,11,2,12,2011,0.7175000000000001,14.36,7.38,10.76
43299,11,3,12,2011,0.4850000000000001,14.58,7.62,10.94
43300,11,4,12,2011,0.3483333333333334,15.13,7.92,11.3
43301,11,5,12,2011,0.16166666666666665,15.25,8.07,11.4
43302,11,6,12,2011,-0.04000000000000001,15.41,8.35,11.66
43303,11,7,12,2011,-0.18333333333333335,15.59,8.51,11.83
43304,11,8,12,2011,-0.30083333333333334,15.71,8.41,11.81
43305,11,9,12,2011,-0.3116666666666667,15.85,8.51,11.94
43306,11,10,12,2011,-0.27999999999999997,15.96,8.64,12.08
43307,11,11,12,2011,-0.14,15.75,8.59,12.0
43308,11,12,12,2011,-0.08166666666666667,15.54,8.43,11.79
43309,11,13,12,2011,-0.24833333333333332,14.98,8.09,11.35
43310,11,14,12,2011,-0.1841666666666667,14.38,7.86,10.77
43311,11,15,12,2011,1.1883333333333332,12.7,8.01,10.46
43312,11,16,12,2011,2.0016666666666665,10.99,6.96,8.83
43313,11,17,12,2011,2.7825,9.49,6.88,8.51
43314,11,18,12,2011,3.6275,10.61,7.57,9.45
43315,11,19,12,2011,4.3341666666666665,10.93,7.74,9.71
43316,11,20,12,2011,4.465000000000001,12.69,7.61,9.76
43317,11,21,12,2011,3.417499999999999,12.58,7.07,9.83
43318,11,22,12,2011,3.016666666666667,14.23,8.09,11.12
43319,11,23,12,2011,3.0475,14.78,8.290000000000001,11.43
43320,12,0,12,2011,3.2591666666666668,14.73,8.33,11.46
43321,12,1,12,2011,3.4041666666666672,14.92,8.43,11.6
43322,12,2,12,2011,3.419166666666667,14.78,8.290000000000001,11.44
43323,12,3,12,2011,3.294166666666667,14.15,7.59,10.71
43324,12,4,12,2011,3.2100000000000004,14.69,7.84,11.05
43325,12,5,12,2011,3.0549999999999997,14.68,7.86,11.06
43326,12,6,12,2011,2.546666666666667,14.31,7.41,10.57
43327,12,7,12,2011,2.2241666666666666,14.94,7.78,11.06
43328,12,8,12,2011,2.0483333333333333,14.98,7.8,11.08
43329,12,9,12,2011,1.3983333333333334,14.83,7.46,10.82
43330,12,10,12,2011,1.0625,14.73,7.44,10.8
43331,12,11,12,2011,0.059166666666666666,13.42,6.4,9.52
43332,12,12,12,2011,-0.6591666666666667,12.31,5.53,8.42
43333,12,13,12,2011,-0.6825000000000001,12.36,5.68,8.59
43334,12,14,12,2011,0.08166666666666664,12.36,6.8500000000000005,9.24
43335,12,15,12,2011,1.1199999999999999,11.11,6.42,8.69
43336,12,16,12,2011,1.554166666666667,9.19,5.32,7.18
43337,12,17,12,2011,1.9399999999999997,8.09,4.96,6.51
43338,12,18,12,2011,2.2958333333333334,7.19,3.87,5.39
43339,12,19,12,2011,2.740833333333334,6.6000000000000005,3.81,5.14
43340,12,20,12,2011,2.6525000000000003,6.3900000000000015,3.06,4.65
43341,12,21,12,2011,2.454166666666667,6.94,2.82,4.94
43342,12,22,12,2011,2.3358333333333334,7.49,2.92,5.42
43343,12,23,12,2011,2.3783333333333334,7.09,2.88,5.38
43344,13,0,12,2011,1.945833333333333,4.86,2.5,4.75
43345,13,1,12,2011,1.6566666666666665,3.66,1.87,3.17
43346,13,2,12,2011,1.9133333333333333,3.15,1.8,3.0
43347,13,3,12,2011,1.7175,4.57,2.73,4.37
43348,13,4,12,2011,1.3558333333333332,7.13,2.96,5.99
43349,13,5,12,2011,1.0666666666666669,7.9,3.98,7.2
43350,13,6,12,2011,0.9266666666666666,7.96,4.1,7.21
43351,13,7,12,2011,0.7816666666666667,7.58,3.82,6.94
43352,13,8,12,2011,1.0725,6.71,3.44,6.12
43353,13,9,12,2011,1.4325,5.91,3.3200000000000003,5.65
43354,13,10,12,2011,1.7041666666666668,5.3500000000000005,2.83,4.92
43355,13,11,12,2011,1.4258333333333333,5.55,2.08,4.46
43356,13,12,12,2011,1.1133333333333335,5.21,1.33,3.85
43357,13,13,12,2011,1.3216666666666668,5.87,3.1,5.18
43358,13,14,12,2011,1.4758333333333333,6.62,3.48,5.3
43359,13,15,12,2011,1.2624999999999997,7.0600000000000005,3.66,5.44
43360,13,16,12,2011,1.2233333333333334,6.63,3.81,5.15
43361,13,17,12,2011,1.2074999999999998,7.63,4.4,5.89
43362,13,18,12,2011,1.5424999999999998,6.97,3.74,5.03
43363,13,19,12,2011,1.6333333333333335,7.8900000000000015,3.99,5.69
43364,13,20,12,2011,1.4283333333333335,8.24,3.73,5.5600000000000005
43365,13,21,12,2011,1.6466666666666665,8.73,4.3100000000000005,6.2
43366,13,22,12,2011,1.8599999999999997,9.49,4.9,6.93
43367,13,23,12,2011,2.28,9.64,5.1000000000000005,7.1400000000000015
43368,14,0,12,2011,2.3341666666666665,9.52,4.73,6.8900000000000015
43369,14,1,12,2011,2.481666666666667,10.82,5.83,8.040000000000001
43370,14,2,12,2011,2.688333333333334,10.01,4.92,7.1000000000000005
43371,14,3,12,2011,2.981666666666667,10.07,4.9,7.1000000000000005
43372,14,4,12,2011,3.1841666666666666,10.93,5.8500000000000005,8.05
43373,14,5,12,2011,3.624166666666667,11.15,6.0200000000000005,8.370000000000001
43374,14,6,12,2011,3.76,10.65,5.68,7.9300000000000015
43375,14,7,12,2011,3.92,11.3,5.84,8.25
43376,14,8,12,2011,4.505,12.45,7.13,9.64
43377,14,9,12,2011,4.7725,10.36,5.42,7.61
43378,14,10,12,2011,4.678333333333334,12.97,8.0,10.35
43379,14,11,12,2011,5.5058333333333325,13.72,8.26,11.05
43380,14,12,12,2011,6.449999999999999,11.41,7.03,9.43
43381,14,13,12,2011,7.440000000000001,13.3,7.99,10.68
43382,14,14,12,2011,7.671666666666667,13.31,7.61,10.24
43383,14,15,12,2011,8.305833333333334,13.39,7.6,10.34
43384,14,16,12,2011,8.951666666666664,12.41,7.16,9.53
43385,14,17,12,2011,9.928333333333333,11.22,5.91,8.25
43386,14,18,12,2011,10.184166666666666,7.07,3.17,4.94
43387,14,19,12,2011,9.9125,6.53,3.2,4.54
43388,14,20,12,2011,9.910833333333333,6.91,3.27,4.71
43389,14,21,12,2011,10.310833333333333,8.19,4.23,5.79
43390,14,22,12,2011,9.861666666666666,9.39,4.01,6.68
43391,14,23,12,2011,9.075833333333334,9.86,4.6000000000000005,6.65
43392,15,0,12,2011,8.111666666666666,10.5,5.05,7.25
43393,15,1,12,2011,6.229166666666667,10.92,5.5,7.92
43394,15,2,12,2011,5.1225000000000005,10.31,6.3500000000000005,8.23
43395,15,3,12,2011,3.875833333333333,11.61,6.88,9.01
43396,15,4,12,2011,2.555833333333333,11.99,6.84,9.36
43397,15,5,12,2011,1.7133333333333336,12.53,6.58,9.23
43398,15,6,12,2011,1.025,12.58,6.32,9.05
43399,15,7,12,2011,0.6108333333333332,13.24,6.7700000000000005,9.64
43400,15,8,12,2011,0.3291666666666667,13.44,6.98,9.9
43401,15,9,12,2011,0.0024999999999999974,13.66,7.36,10.25
43402,15,10,12,2011,-0.3975,13.3,7.23,10.02
43403,15,11,12,2011,-0.9333333333333332,13.14,7.04,9.82
43404,15,12,12,2011,-1.2391666666666665,13.72,8.1,10.88
43405,15,13,12,2011,-1.5366666666666664,13.38,7.92,10.62
43406,15,14,12,2011,-1.8158333333333332,13.4,8.34,10.97
43407,15,15,12,2011,-1.690833333333333,12.49,8.22,10.46
43408,15,16,12,2011,-1.2933333333333334,10.69,7.54,9.38
43409,15,17,12,2011,-0.7783333333333333,9.97,7.17,8.870000000000003
43410,15,18,12,2011,-0.38999999999999996,9.72,7.0,8.65
43411,15,19,12,2011,-0.06333333333333334,8.96,6.48,8.01
43412,15,20,12,2011,-0.02,9.02,6.51,8.07
43413,15,21,12,2011,-0.17333333333333334,8.55,6.11,7.61
43414,15,22,12,2011,-0.8133333333333334,8.22,5.01,6.38
43415,15,23,12,2011,-1.4958333333333333,8.26,3.93,6.22
43416,16,0,12,2011,-1.7983333333333336,7.53,3.27,5.46
43417,16,1,12,2011,-1.9399999999999997,8.1,3.92,6.0200000000000005
43418,16,2,12,2011,-2.3108333333333335,7.91,3.52,5.58
43419,16,3,12,2011,-2.5050000000000003,8.620000000000001,3.4,5.51
43420,16,4,12,2011,-2.6283333333333334,8.65,3.73,5.76
43421,16,5,12,2011,-2.9025000000000003,7.96,3.38,5.25
43422,16,6,12,2011,-3.2283333333333335,7.0,2.93,4.54
43423,16,7,12,2011,-3.330833333333334,7.05,3.1,4.72
43424,16,8,12,2011,-3.5174999999999996,6.0,2.85,4.3500000000000005
43425,16,9,12,2011,-3.76,4.8500000000000005,2.09,3.49
43426,16,10,12,2011,-3.9899999999999998,3.4,1.52,2.74
43427,16,11,12,2011,-4.199166666666668,2.27,1.15,2.4
43428,16,12,12,2011,-4.336666666666667,1.42,0.74,1.71
43429,16,13,12,2011,-4.44,0.92,0.71,1.37
43430,16,14,12,2011,-4.280833333333334,1.01,0.96,1.17
43431,16,15,12,2011,-3.0375,1.35,1.09,1.2
43432,16,16,12,2011,-1.8041666666666665,1.45,1.25,1.42
43433,16,17,12,2011,-0.6791666666666667,2.35,1.9,2.22
43434,16,18,12,2011,0.245,2.81,2.2,2.61
43435,16,19,12,2011,0.9550000000000001,3.6,2.74,3.29
43436,16,20,12,2011,1.4425,3.93,2.96,3.6
43437,16,21,12,2011,1.3975000000000002,5.33,3.08,4.15
43438,16,22,12,2011,0.5325000000000001,8.01,4.13,6.61
43439,16,23,12,2011,-0.19000000000000003,9.31,4.5600000000000005,7.31
43440,17,0,12,2011,-0.5966666666666667,10.67,5.13,7.8900000000000015
43441,17,1,12,2011,-0.5,11.76,5.55,8.57
43442,17,2,12,2011,-0.15916666666666668,11.98,5.91,8.9
43443,17,3,12,2011,0.015,12.26,6.07,8.85
43444,17,4,12,2011,-0.17250000000000001,12.89,6.42,9.38
43445,17,5,12,2011,-0.7933333333333334,11.54,5.73,8.48
43446,17,6,12,2011,-1.2183333333333333,10.35,4.86,7.3
43447,17,7,12,2011,-1.46,9.96,4.21,6.7700000000000005
43448,17,8,12,2011,-1.5675,8.93,3.84,6.38
43449,17,9,12,2011,-1.7658333333333338,7.49,3.36,5.76
43450,17,10,12,2011,-1.8166666666666667,7.71,3.56,5.84
43451,17,11,12,2011,-1.8791666666666664,7.76,4.12,5.93
43452,17,12,12,2011,-2.06,8.5,4.48,6.45
43453,17,13,12,2011,-2.1275,8.46,4.28,6.2700000000000005
43454,17,14,12,2011,-1.4375,8.8,4.36,6.38
43455,17,15,12,2011,-0.5091666666666667,7.41,4.11,5.59
43456,17,16,12,2011,0.9841666666666667,6.55,3.81,4.54
43457,17,17,12,2011,2.5275,6.15,4.21,4.99
43458,17,18,12,2011,3.5508333333333333,5.44,4.14,4.9
43459,17,19,12,2011,4.4125,5.01,3.87,4.6000000000000005
43460,17,20,12,2011,4.643333333333333,5.3100000000000005,3.53,4.23
43461,17,21,12,2011,4.065833333333334,6.5600000000000005,3.34,5.43
43462,17,22,12,2011,3.065,7.69,4.29,6.82
43463,17,23,12,2011,2.483333333333334,8.69,5.07,7.79
43464,18,0,12,2011,2.4175000000000004,9.97,5.49,8.51
43465,18,1,12,2011,1.9641666666666664,10.02,5.5,8.5
43466,18,2,12,2011,1.5425000000000002,9.57,5.16,8.07
43467,18,3,12,2011,1.2491666666666668,9.18,5.15,7.9300000000000015
43468,18,4,12,2011,1.2341666666666666,9.25,5.12,7.91
43469,18,5,12,2011,1.1841666666666664,9.02,5.12,7.82
43470,18,6,12,2011,1.1233333333333335,9.64,5.39,8.040000000000001
43471,18,7,12,2011,1.4716666666666665,10.45,5.47,8.45
43472,18,8,12,2011,1.6824999999999999,11.01,5.95,8.92
43473,18,9,12,2011,1.3966666666666665,11.03,6.2,9.1
43474,18,10,12,2011,1.5366666666666664,11.74,6.33,9.41
43475,18,11,12,2011,1.4725000000000001,12.5,6.8500000000000005,9.93
43476,18,12,12,2011,1.7650000000000003,13.14,6.6000000000000005,9.81
43477,18,13,12,2011,1.8866666666666667,13.59,6.8,10.09
43478,18,14,12,2011,2.4983333333333335,13.85,7.17,10.29
43479,18,15,12,2011,3.8808333333333334,13.05,7.16,9.7
43480,18,16,12,2011,5.166666666666667,11.35,6.95,9.12
43481,18,17,12,2011,6.214166666666667,10.54,6.3100000000000005,8.55
43482,18,18,12,2011,7.305,10.89,6.2,7.88
43483,18,19,12,2011,8.172500000000001,10.85,6.4,8.45
43484,18,20,12,2011,8.746666666666668,10.5,6.54,8.6
43485,18,21,12,2011,8.109166666666667,13.33,5.95,9.41
43486,18,22,12,2011,6.973333333333334,15.47,7.0,11.04
43487,18,23,12,2011,6.3825,15.96,7.41,11.47
43488,19,0,12,2011,6.001666666666666,15.97,7.3900000000000015,11.44
43489,19,1,12,2011,5.484999999999999,15.59,6.97,10.85
43490,19,2,12,2011,5.13,15.46,6.99,10.82
43491,19,3,12,2011,4.276666666666667,15.08,6.2700000000000005,9.95
43492,19,4,12,2011,4.286666666666667,15.31,6.22,9.87
43493,19,5,12,2011,4.178333333333333,14.87,6.18,9.8
43494,19,6,12,2011,3.3249999999999997,12.28,5.63,8.72
43495,19,7,12,2011,3.08,12.0,6.62,8.92
43496,19,8,12,2011,2.6333333333333333,11.88,6.6000000000000005,8.86
43497,19,9,12,2011,2.0625,10.27,6.34,8.21
43498,19,10,12,2011,2.3016666666666663,10.12,6.23,8.08
43499,19,11,12,2011,2.2291666666666665,6.28,3.3000000000000003,4.5600000000000005
43500,19,12,12,2011,1.1291666666666667,5.3100000000000005,3.5500000000000003,4.5
43501,19,13,12,2011,-0.1525,8.56,5.13,6.88
43502,19,14,12,2011,-0.47083333333333327,8.9,4.84,6.87
43503,19,15,12,2011,-0.43500000000000005,9.53,5.78,7.98
43504,19,16,12,2011,0.20166666666666666,9.03,5.95,7.37
43505,19,17,12,2011,0.8125,9.69,6.5600000000000005,8.17
43506,19,18,12,2011,1.4066666666666665,11.06,8.19,10.07
43507,19,19,12,2011,1.5341666666666667,11.55,8.57,10.51
43508,19,20,12,2011,1.5683333333333334,10.93,7.94,9.85
43509,19,21,12,2011,1.5541666666666665,10.78,6.7700000000000005,9.0
43510,19,22,12,2011,1.025,11.65,7.56,9.83
43511,19,23,12,2011,0.4808333333333334,11.31,7.41,9.56
43512,20,0,12,2011,0.07916666666666668,10.99,6.79,9.25
43513,20,1,12,2011,-0.32666666666666666,11.51,7.49,10.01
43514,20,2,12,2011,-0.7641666666666668,11.63,7.46,9.77
43515,20,3,12,2011,-0.9958333333333336,10.93,6.99,9.28
43516,20,4,12,2011,-1.2066666666666666,11.03,7.36,9.38
43517,20,5,12,2011,-1.5233333333333334,10.38,6.82,8.72
43518,20,6,12,2011,-1.62,8.49,5.68,7.16
43519,20,7,12,2011,-1.7858333333333334,8.74,5.87,7.3900000000000015
43520,20,8,12,2011,-1.916666666666667,9.37,6.3100000000000005,7.9300000000000015
43521,20,9,12,2011,-2.0500000000000003,9.9,6.76,8.47
43522,20,10,12,2011,-2.1225,10.11,6.8500000000000005,8.61
43523,20,11,12,2011,-2.2675,9.14,6.3500000000000005,7.94
43524,20,12,12,2011,-2.4133333333333336,8.43,6.03,7.48
43525,20,13,12,2011,-2.935,9.38,6.45,8.08
43526,20,14,12,2011,-3.0983333333333327,9.28,6.23,7.81
43527,20,15,12,2011,-3.0075,8.290000000000001,5.99,7.36
43528,20,16,12,2011,-2.745833333333333,8.16,6.0,7.38
43529,20,17,12,2011,-2.285833333333333,7.88,6.07,7.35
43530,20,18,12,2011,-1.7591666666666665,7.74,5.94,7.2
43531,20,19,12,2011,-1.2958333333333332,7.51,5.7700000000000005,7.0
43532,20,20,12,2011,-0.9516666666666665,6.3100000000000005,4.8100000000000005,5.84
43533,20,21,12,2011,-0.7799999999999999,5.68,4.21,5.17
43534,20,22,12,2011,-0.9024999999999999,5.8500000000000005,3.91,4.82
43535,20,23,12,2011,-1.0433333333333332,5.55,2.96,4.29
43536,21,0,12,2011,-1.3950000000000002,5.11,3.29,4.24
43537,21,1,12,2011,-1.7666666666666668,4.57,2.94,3.7
43538,21,2,12,2011,-1.7824999999999995,4.13,2.84,3.49
43539,21,3,12,2011,-1.8816666666666666,4.3100000000000005,2.95,3.63
43540,21,4,12,2011,-2.1249999999999996,4.5200000000000005,2.78,3.63
43541,21,5,12,2011,-2.874166666666667,4.46,2.04,3.87
43542,21,6,12,2011,-3.0875000000000004,5.84,2.91,4.98
43543,21,7,12,2011,-3.1075,7.3,3.68,5.8500000000000005
43544,21,8,12,2011,-3.114166666666667,8.84,4.55,6.9
43545,21,9,12,2011,-3.144166666666667,10.27,5.57,8.08
43546,21,10,12,2011,-3.2991666666666664,11.08,6.21,8.78
43547,21,11,12,2011,-3.356666666666667,11.87,7.01,9.69
43548,21,12,12,2011,-3.622499999999999,13.0,7.61,10.38
43549,21,13,12,2011,-3.8900000000000006,13.68,7.75,10.59
43550,21,14,12,2011,-3.2483333333333335,13.7,7.82,10.64
43551,21,15,12,2011,-2.2866666666666666,12.71,7.62,9.92
43552,21,16,12,2011,-1.3583333333333332,11.59,7.07,9.63
43553,21,17,12,2011,-0.3108333333333333,11.21,6.8500000000000005,8.5
43554,21,18,12,2011,0.6533333333333333,9.07,6.54,7.9300000000000015
43555,21,19,12,2011,1.2766666666666666,8.290000000000001,6.09,7.3900000000000015
43556,21,20,12,2011,1.5983333333333334,7.34,5.34,6.51
43557,21,21,12,2011,1.2833333333333334,7.2,4.69,5.8
43558,21,22,12,2011,0.12916666666666662,7.62,4.17,6.87
43559,21,23,12,2011,-0.5683333333333334,8.17,4.93,7.52
43560,22,0,12,2011,-1.0374999999999999,8.42,5.16,7.7
43561,22,1,12,2011,-1.3691666666666669,7.82,4.92,7.28
43562,22,2,12,2011,-1.2383333333333333,6.83,4.17,6.47
43563,22,3,12,2011,-1.0066666666666666,9.63,3.65,6.78
43564,22,4,12,2011,-1.1816666666666666,10.67,4.42,7.15
43565,22,5,12,2011,-1.8266666666666664,10.14,4.17,6.84
43566,22,6,12,2011,-2.2550000000000003,10.19,4.92,7.36
43567,22,7,12,2011,-2.098333333333333,10.13,5.45,7.46
43568,22,8,12,2011,-1.7683333333333333,9.63,5.55,7.5
43569,22,9,12,2011,-1.4491666666666667,10.07,6.4,8.36
43570,22,10,12,2011,-1.1500000000000001,10.54,6.88,8.9
43571,22,11,12,2011,-1.0116666666666667,11.12,7.26,9.39
43572,22,12,12,2011,-1.155,11.69,7.67,9.92
43573,22,13,12,2011,-1.5524999999999995,11.98,7.85,10.15
43574,22,14,12,2011,-1.8558333333333332,11.45,7.31,9.84
43575,22,15,12,2011,-2.3866666666666667,11.69,8.26,10.35
43576,22,16,12,2011,-2.660833333333333,11.82,8.34,10.47
43577,22,17,12,2011,-2.439166666666667,11.26,8.14,10.12
43578,22,18,12,2011,-2.2816666666666667,11.24,8.13,10.1
43579,22,19,12,2011,-2.339166666666667,11.33,8.23,10.24
43580,22,20,12,2011,-2.465833333333333,11.46,8.31,10.35
43581,22,21,12,2011,-2.7633333333333336,11.19,8.05,10.06
43582,22,22,12,2011,-3.504166666666667,11.94,6.65,9.18
43583,22,23,12,2011,-4.415000000000002,11.56,6.2,8.92
43584,23,0,12,2011,-4.8500000000000005,12.14,6.4,9.15
43585,23,1,12,2011,-5.166666666666667,11.92,6.01,8.73
43586,23,2,12,2011,-5.489166666666666,11.38,5.57,8.21
43587,23,3,12,2011,-5.697500000000001,10.07,4.7,7.15
43588,23,4,12,2011,-5.880000000000002,9.58,4.46,6.86
43589,23,5,12,2011,-6.0616666666666665,8.45,3.73,6.04
43590,23,6,12,2011,-6.2375,7.75,3.51,5.76
43591,23,7,12,2011,-6.491666666666666,6.93,3.3200000000000003,5.59
43592,23,8,12,2011,-6.9075000000000015,5.72,2.83,4.93
43593,23,9,12,2011,-7.071666666666668,4.63,2.8000000000000003,4.7
43594,23,10,12,2011,-7.250833333333335,4.3100000000000005,3.0700000000000003,4.5
43595,23,11,12,2011,-7.518333333333332,5.22,3.6,5.21
43596,23,12,12,2011,-7.828333333333334,5.89,3.96,5.76
43597,23,13,12,2011,-7.968333333333334,7.13,4.36,6.45
43598,23,14,12,2011,-7.5925,8.4,4.96,6.71
43599,23,15,12,2011,-6.463333333333334,8.44,4.9,6.2
43600,23,16,12,2011,-4.94,8.49,5.08,6.05
43601,23,17,12,2011,-3.6375000000000006,7.57,5.63,6.7700000000000005
43602,23,18,12,2011,-2.6108333333333333,8.370000000000001,6.26,7.59
43603,23,19,12,2011,-1.8291666666666668,9.44,6.92,8.48
43604,23,20,12,2011,-1.6883333333333332,10.5,7.05,8.71
43605,23,21,12,2011,-2.0125000000000006,12.12,7.37,9.61
43606,23,22,12,2011,-3.0308333333333333,14.18,7.74,10.85
43607,23,23,12,2011,-4.1483333333333325,14.57,8.27,11.3
43608,24,0,12,2011,-4.8,14.53,8.26,11.26
43609,24,1,12,2011,-5.025833333333334,13.93,7.85,10.68
43610,24,2,12,2011,-4.8708333333333345,13.35,7.66,10.36
43611,24,3,12,2011,-4.809166666666667,12.59,6.8500000000000005,9.48
43612,24,4,12,2011,-4.399166666666667,12.09,6.38,8.97
43613,24,5,12,2011,-4.59,11.56,5.74,8.33
43614,24,6,12,2011,-4.336666666666667,10.07,5.3,7.74
43615,24,7,12,2011,-4.6125,8.98,5.0600000000000005,7.5
43616,24,8,12,2011,-4.504166666666667,7.87,4.89,7.08
43617,24,9,12,2011,-4.176666666666667,6.87,4.49,6.7700000000000005
43618,24,10,12,2011,-4.405833333333334,6.8,4.3,6.78
43619,24,11,12,2011,-4.9425,6.04,4.19,6.05
43620,24,12,12,2011,-4.951666666666667,6.01,4.71,6.99
43621,24,13,12,2011,-4.962500000000001,7.74,5.33,7.76
43622,24,14,12,2011,-4.6025,9.68,5.89,8.02
43623,24,15,12,2011,-3.501666666666667,9.85,5.74,7.54
43624,24,16,12,2011,-1.2116666666666667,9.58,5.2700000000000005,7.32
43625,24,17,12,2011,0.11166666666666668,8.68,5.13,6.2700000000000005
43626,24,18,12,2011,1.3791666666666664,6.82,4.28,5.04
43627,24,19,12,2011,2.2375000000000003,5.54,3.89,4.54
43628,24,20,12,2011,2.6999999999999997,6.98,4.03,5.42
43629,24,21,12,2011,2.3158333333333334,8.66,4.53,6.96
43630,24,22,12,2011,1.3475000000000001,9.43,4.8,7.6
43631,24,23,12,2011,0.48416666666666663,10.2,4.98,7.77
43632,25,0,12,2011,-0.09583333333333334,11.58,5.46,8.53
43633,25,1,12,2011,-0.6483333333333334,11.55,4.94,8.19
43634,25,2,12,2011,-0.7708333333333334,11.32,5.16,8.3
43635,25,3,12,2011,-0.36166666666666675,11.72,5.36,8.35
43636,25,4,12,2011,-0.7016666666666667,11.8,5.3100000000000005,8.11
43637,25,5,12,2011,-0.9158333333333332,12.53,5.49,8.42
43638,25,6,12,2011,-0.5175,12.6,5.3,8.67
43639,25,7,12,2011,-0.7091666666666666,12.25,5.19,8.44
43640,25,8,12,2011,-0.8225000000000001,12.04,5.16,8.31
43641,25,9,12,2011,-0.7758333333333335,12.11,4.89,8.26
43642,25,10,12,2011,-1.1566666666666665,12.06,4.63,7.86
43643,25,11,12,2011,-1.4375,12.54,4.65,8.11
43644,25,12,12,2011,-1.2566666666666666,12.91,4.6000000000000005,8.540000000000001
43645,25,13,12,2011,-0.8374999999999999,11.87,4.63,8.48
43646,25,14,12,2011,-1.0875000000000001,11.93,4.79,7.46
43647,25,15,12,2011,0.45333333333333337,11.29,5.53,7.63
43648,25,16,12,2011,1.5050000000000001,9.34,5.05,6.83
43649,25,17,12,2011,2.603333333333334,8.01,4.75,5.86
43650,25,18,12,2011,3.1633333333333336,5.83,4.28,5.17
43651,25,19,12,2011,3.64,5.13,3.9,4.66
43652,25,20,12,2011,3.8124999999999996,4.22,3.22,3.85
43653,25,21,12,2011,3.2475,4.87,1.97,3.74
43654,25,22,12,2011,1.8675000000000004,5.05,2.19,4.1
43655,25,23,12,2011,1.0766666666666667,4.83,2.48,4.57
43656,26,0,12,2011,1.0925,4.3500000000000005,2.48,4.25
43657,26,1,12,2011,1.1624999999999996,4.0200000000000005,1.95,3.46
43658,26,2,12,2011,0.7383333333333334,3.35,1.19,2.53
43659,26,3,12,2011,0.6849999999999999,2.3000000000000003,2.16,1.63
43660,26,4,12,2011,0.008333333333333331,2.85,3.41,3.64
43661,26,5,12,2011,-0.5816666666666667,5.0200000000000005,4.0600000000000005,5.49
43662,26,6,12,2011,-1.3425,6.6400000000000015,4.33,6.3100000000000005
43663,26,7,12,2011,-0.9291666666666667,7.72,4.15,6.76
43664,26,8,12,2011,-0.40583333333333343,8.96,4.43,7.63
43665,26,9,12,2011,0.2841666666666667,9.83,5.03,8.17
43666,26,10,12,2011,-0.2066666666666667,10.25,5.2,8.290000000000001
43667,26,11,12,2011,-1.2325000000000002,10.67,5.13,7.98
43668,26,12,12,2011,-1.405,11.31,5.4,8.26
43669,26,13,12,2011,-1.695,11.91,5.49,8.33
43670,26,14,12,2011,-1.4475,12.18,6.19,8.59
43671,26,15,12,2011,0.33416666666666667,11.4,6.03,8.24
43672,26,16,12,2011,2.361666666666667,10.32,5.74,8.16
43673,26,17,12,2011,3.0966666666666662,9.64,5.98,7.94
43674,26,18,12,2011,4.11,9.71,6.0,7.52
43675,26,19,12,2011,4.545,8.97,5.54,6.83
43676,26,20,12,2011,4.369166666666667,7.68,4.65,6.22
43677,26,21,12,2011,3.6866666666666674,8.5,4.64,6.34
43678,26,22,12,2011,2.273333333333333,9.57,4.26,7.18
43679,26,23,12,2011,1.6250000000000002,10.21,4.83,7.6400000000000015
43680,27,0,12,2011,0.9308333333333333,10.79,5.7,8.25
43681,27,1,12,2011,0.1958333333333334,11.56,5.99,8.49
43682,27,2,12,2011,-0.17666666666666664,11.74,5.84,8.49
43683,27,3,12,2011,-0.07583333333333335,12.95,5.91,8.67
43684,27,4,12,2011,0.445,14.56,5.8100000000000005,9.29
43685,27,5,12,2011,1.215,16.080000000000002,7.28,11.15
43686,27,6,12,2011,1.0108333333333333,16.66,7.79,11.67
43687,27,7,12,2011,0.7891666666666667,16.490000000000002,7.87,11.68
43688,27,8,12,2011,0.11249999999999998,15.85,7.71,11.31
43689,27,9,12,2011,0.2508333333333333,15.55,7.91,11.45
43690,27,10,12,2011,-0.11916666666666666,15.75,8.290000000000001,11.77
43691,27,11,12,2011,-0.4733333333333334,15.72,8.25,11.71
43692,27,12,12,2011,-0.9841666666666667,15.21,7.67,11.05
43693,27,13,12,2011,-1.1700000000000002,14.34,7.29,10.5
43694,27,14,12,2011,-1.0908333333333333,14.27,8.55,11.41
43695,27,15,12,2011,-0.4516666666666666,14.23,8.93,11.73
43696,27,16,12,2011,0.335,11.31,7.73,9.78
43697,27,17,12,2011,0.9925,10.64,7.55,9.45
43698,27,18,12,2011,1.5883333333333336,9.63,7.0600000000000005,8.71
43699,27,19,12,2011,2.0341666666666662,9.2,6.65,8.25
43700,27,20,12,2011,2.215,7.96,5.67,7.0600000000000005
43701,27,21,12,2011,1.9383333333333332,7.66,5.43,6.78
43702,27,22,12,2011,0.7683333333333332,8.51,3.98,6.71
43703,27,23,12,2011,0.05416666666666666,9.43,4.38,7.22
43704,28,0,12,2011,-0.22083333333333333,9.6,4.43,7.25
43705,28,1,12,2011,-0.43083333333333335,9.18,4.0200000000000005,6.95
43706,28,2,12,2011,-0.5941666666666666,7.86,3.6,6.1400000000000015
43707,28,3,12,2011,-0.3891666666666667,6.2700000000000005,3.02,5.33
43708,28,4,12,2011,0.10666666666666667,5.2,2.8000000000000003,4.2700000000000005
43709,28,5,12,2011,0.43,4.97,3.26,4.62
43710,28,6,12,2011,0.41916666666666663,6.3900000000000015,3.37,5.36
43711,28,7,12,2011,-0.10583333333333333,7.34,3.87,6.23
43712,28,8,12,2011,-0.7433333333333333,8.15,3.97,6.4
43713,28,9,12,2011,-0.7116666666666666,9.92,5.36,7.9300000000000015
43714,28,10,12,2011,-0.5741666666666666,10.7,5.79,8.4
43715,28,11,12,2011,-1.1208333333333333,11.0,5.94,8.540000000000001
43716,28,12,12,2011,-1.5891666666666666,11.73,6.19,8.74
43717,28,13,12,2011,-2.14,12.0,6.5,9.04
43718,28,14,12,2011,-2.1858333333333335,11.76,6.8500000000000005,9.07
43719,28,15,12,2011,-1.1874999999999998,11.61,7.03,9.54
43720,28,16,12,2011,0.05333333333333334,10.08,6.2,7.74
43721,28,17,12,2011,1.41,7.77,4.92,5.83
43722,28,18,12,2011,2.8991666666666664,6.66,4.59,5.38
43723,28,19,12,2011,4.072500000000001,6.33,4.11,4.78
43724,28,20,12,2011,4.593333333333334,7.44,4.4,5.83
43725,28,21,12,2011,4.406666666666666,10.57,5.95,8.45
43726,28,22,12,2011,3.4075000000000006,10.94,6.32,9.23
43727,28,23,12,2011,2.620833333333333,11.96,6.67,9.71
43728,29,0,12,2011,2.2033333333333336,12.16,6.91,9.88
43729,29,1,12,2011,1.88,13.46,7.28,10.29
43730,29,2,12,2011,1.5875000000000001,14.34,7.75,10.84
43731,29,3,12,2011,1.538333333333333,14.42,7.8900000000000015,10.93
43732,29,4,12,2011,1.4766666666666668,15.03,8.42,11.46
43733,29,5,12,2011,1.6050000000000002,15.51,8.47,11.64
43734,29,6,12,2011,2.1174999999999997,15.53,8.45,11.62
43735,29,7,12,2011,2.0508333333333337,14.79,8.01,11.19
43736,29,8,12,2011,1.7166666666666668,14.09,7.8,10.8
43737,29,9,12,2011,1.759166666666667,14.05,7.16,10.1
43738,29,10,12,2011,1.8258333333333336,13.56,6.68,9.62
43739,29,11,12,2011,1.6741666666666666,12.95,6.43,9.26
43740,29,12,12,2011,1.5574999999999999,12.71,6.2,9.03
43741,29,13,12,2011,1.7858333333333334,12.22,6.2,8.98
43742,29,14,12,2011,2.1924999999999994,11.92,5.64,8.48
43743,29,15,12,2011,3.7083333333333326,9.75,5.23,7.43
43744,29,16,12,2011,4.616666666666667,8.05,4.67,6.41
43745,29,17,12,2011,6.175000000000001,7.01,4.57,5.7
43746,29,18,12,2011,7.318333333333332,5.97,3.83,4.48
43747,29,19,12,2011,7.958333333333333,6.3500000000000005,3.9,4.64
43748,29,20,12,2011,7.7124999999999995,7.83,3.67,5.76
43749,29,21,12,2011,6.653333333333333,10.91,6.07,8.620000000000001
43750,29,22,12,2011,5.395000000000002,12.39,7.19,9.89
43751,29,23,12,2011,4.918333333333334,14.91,8.09,11.14
43752,30,0,12,2011,5.0183333333333335,15.79,8.1,11.32
43753,30,1,12,2011,4.953333333333333,17.38,8.620000000000001,12.3
43754,30,2,12,2011,4.1416666666666675,17.68,9.53,13.08
43755,30,3,12,2011,4.073333333333333,16.25,8.88,12.25
43756,30,4,12,2011,4.573333333333333,15.67,8.4,11.67
43757,30,5,12,2011,4.639166666666667,14.9,8.4,11.48
43758,30,6,12,2011,4.468333333333333,15.48,7.96,11.22
43759,30,7,12,2011,4.299166666666667,17.45,9.14,12.92
43760,30,8,12,2011,4.204166666666667,17.8,9.5,13.34
43761,30,9,12,2011,3.6624999999999996,17.75,9.47,13.26
43762,30,10,12,2011,3.0075000000000003,17.1,9.08,12.75
43763,30,11,12,2011,2.3675,16.96,8.48,12.21
43764,30,12,12,2011,2.3525,16.01,7.79,11.45
43765,30,13,12,2011,2.1591666666666662,16.4,7.86,11.63
43766,30,14,12,2011,2.4283333333333332,16.54,8.66,11.9
43767,30,15,12,2011,3.533333333333333,15.31,8.8,11.87
43768,30,16,12,2011,4.655,13.88,8.700000000000001,11.48
43769,30,17,12,2011,5.434166666666667,11.14,7.9300000000000015,9.9
43770,30,18,12,2011,6.170000000000001,11.15,7.9300000000000015,9.92
43771,30,19,12,2011,6.629166666666666,10.67,7.63,9.5
43772,30,20,12,2011,6.818333333333334,10.64,7.61,9.48
43773,30,21,12,2011,6.661666666666666,9.31,6.45,8.120000000000001
43774,30,22,12,2011,5.191666666666667,9.2,4.12,6.41
43775,30,23,12,2011,4.363333333333334,11.31,4.58,7.72
43776,31,0,12,2011,3.591666666666667,11.53,4.7,7.8
43777,31,1,12,2011,3.4566666666666666,11.5,4.67,8.16
43778,31,2,12,2011,3.03,10.05,4.28,7.6400000000000015
43779,31,3,12,2011,1.946666666666666,7.8,4.11,6.2700000000000005
43780,31,4,12,2011,2.2808333333333333,6.15,3.98,6.23
43781,31,5,12,2011,2.3683333333333336,8.16,5.14,7.88
43782,31,6,12,2011,2.566666666666667,8.53,5.0200000000000005,7.83
43783,31,7,12,2011,2.8683333333333336,10.9,4.9,8.18
43784,31,8,12,2011,2.3425,14.19,6.38,9.59
43785,31,9,12,2011,2.2774999999999994,14.79,7.13,10.36
43786,31,10,12,2011,3.1875,16.25,8.53,12.06
43787,31,11,12,2011,3.8216666666666668,17.06,9.25,12.86
43788,31,12,12,2011,3.459166666666667,17.44,9.28,12.96
43789,31,13,12,2011,3.5733333333333337,17.77,9.9,13.59
43790,31,14,12,2011,3.7883333333333327,17.44,10.11,13.53
43791,31,15,12,2011,5.363333333333333,16.87,10.3,13.48
43792,31,16,12,2011,6.295000000000001,16.16,10.51,13.52
43793,31,17,12,2011,7.006666666666667,15.24,10.21,13.09
43794,31,18,12,2011,7.600833333333333,10.62,7.12,9.01
43795,31,19,12,2011,7.691666666666666,10.79,7.55,9.46
43796,31,20,12,2011,6.814166666666666,10.06,7.18,8.92
43797,31,21,12,2011,5.939166666666668,9.88,6.92,8.59
43798,31,22,12,2011,5.415833333333334,12.22,5.91,8.78
43799,31,23,12,2011,5.2700000000000005,12.52,6.0,8.89
43800,1,0,1,2012,7.070000000000001,17.95,11.62,15.15
43801,1,1,1,2012,6.2925,16.07,10.15,13.3
43802,1,2,1,2012,6.163333333333333,17.080000000000002,9.56,13.23
43803,1,3,1,2012,6.428333333333334,18.84,11.62,15.4
43804,1,4,1,2012,5.4558333333333335,17.740000000000006,10.57,14.22
43805,1,5,1,2012,4.815,16.43,9.45,12.93
43806,1,6,1,2012,4.242500000000001,17.76,9.93,13.75
43807,1,7,1,2012,3.5258333333333334,18.76,10.82,14.79
43808,1,8,1,2012,2.6250000000000004,18.6,10.98,14.87
43809,1,9,1,2012,1.6825000000000003,20.08,12.05,16.22
43810,1,10,1,2012,0.8850000000000001,17.42,9.52,13.18
43811,1,11,1,2012,0.4625000000000001,18.84,11.06,14.87
43812,1,12,1,2012,0.000833333333333334,17.28,9.67,13.28
43813,1,13,1,2012,-0.6058333333333334,14.04,7.56,10.61
43814,1,14,1,2012,-0.4316666666666668,13.79,8.17,10.91
43815,1,15,1,2012,0.8825,13.79,8.51,10.87
43816,1,16,1,2012,1.9758333333333333,13.0,9.12,11.42
43817,1,17,1,2012,2.9641666666666673,13.21,9.28,11.63
43818,1,18,1,2012,3.6833333333333336,13.56,9.44,11.83
43819,1,19,1,2012,4.142499999999999,14.52,10.03,12.66
43820,1,20,1,2012,4.329999999999999,15.31,10.48,13.32
43821,1,21,1,2012,4.0575,15.31,10.5,13.31
43822,1,22,1,2012,2.9075,12.92,8.09,10.64
43823,1,23,1,2012,1.6891666666666667,17.09,8.66,12.17
43824,2,0,1,2012,0.7024999999999998,16.330000000000002,8.66,12.17
43825,2,1,1,2012,0.10916666666666668,19.4,11.08,15.07
43826,2,2,1,2012,-0.5975000000000001,16.0,9.12,12.48
43827,2,3,1,2012,-0.8091666666666667,15.8,9.02,12.35
43828,2,4,1,2012,-1.305,15.9,9.34,12.55
43829,2,5,1,2012,-1.75,16.75,10.08,13.45
43830,2,6,1,2012,-2.1883333333333335,13.81,8.19,11.02
43831,2,7,1,2012,-2.460833333333333,14.74,9.01,12.0
43832,2,8,1,2012,-2.7816666666666667,14.73,8.86,11.86
43833,2,9,1,2012,-3.1075,14.69,9.06,12.0
43834,2,10,1,2012,-3.4525,13.83,8.36,11.17
43835,2,11,1,2012,-3.7966666666666664,12.65,7.45,10.12
43836,2,12,1,2012,-4.033333333333333,13.04,7.61,10.42
43837,2,13,1,2012,-4.216666666666666,13.49,7.96,10.79
43838,2,14,1,2012,-4.083333333333333,13.65,8.53,11.24
43839,2,15,1,2012,-3.424166666666667,12.86,8.63,10.74
43840,2,16,1,2012,-2.7475,12.13,8.74,10.89
43841,2,17,1,2012,-2.1358333333333337,11.82,8.52,10.63
43842,2,18,1,2012,-1.53,11.01,7.91,9.87
43843,2,19,1,2012,-0.93,10.24,7.35,9.17
43844,2,20,1,2012,-0.5633333333333335,9.59,6.8100000000000005,8.55
43845,2,21,1,2012,-0.6225,9.34,6.53,8.24
43846,2,22,1,2012,-1.6825,9.57,5.17,7.25
43847,2,23,1,2012,-2.8041666666666667,9.36,3.61,6.9
43848,3,0,1,2012,-3.1624999999999996,7.9,2.92,5.9
43849,3,1,1,2012,-3.4783333333333335,6.91,2.5,5.39
43850,3,2,1,2012,-3.7808333333333333,5.86,1.54,4.11
43851,3,3,1,2012,-4.149166666666667,4.07,1.14,3.0500000000000003
43852,3,4,1,2012,-4.506666666666667,2.71,0.8,1.83
43853,3,5,1,2012,-4.9225,4.36,2.12,3.82
43854,3,6,1,2012,-5.326666666666667,5.55,2.83,4.66
43855,3,7,1,2012,-5.510833333333333,6.7,3.37,5.2700000000000005
43856,3,8,1,2012,-5.581666666666667,8.290000000000001,4.11,6.16
43857,3,9,1,2012,-5.6225,9.44,4.73,6.8900000000000015
43858,3,10,1,2012,-5.583333333333333,10.92,5.83,8.19
43859,3,11,1,2012,-5.651666666666667,11.77,6.36,8.84
43860,3,12,1,2012,-5.539166666666667,12.65,6.92,9.55
43861,3,13,1,2012,-5.355000000000001,13.43,7.38,10.17
43862,3,14,1,2012,-4.6191666666666675,13.93,8.72,11.4
43863,3,15,1,2012,-3.0991666666666666,13.48,7.63,10.78
43864,3,16,1,2012,-1.3541666666666667,11.67,7.82,9.75
43865,3,17,1,2012,0.48500000000000004,10.73,7.63,9.43
43866,3,18,1,2012,2.33,10.46,7.55,9.33
43867,3,19,1,2012,3.8024999999999998,10.1,7.28,8.99
43868,3,20,1,2012,4.9558333333333335,10.0,7.0200000000000005,8.75
43869,3,21,1,2012,5.020833333333333,8.86,5.18,6.92
43870,3,22,1,2012,3.417499999999999,10.77,4.71,7.94
43871,3,23,1,2012,2.6491666666666664,12.51,5.55,9.11
43872,4,0,1,2012,2.6125,12.69,5.8500000000000005,9.38
43873,4,1,1,2012,2.185,13.75,6.2,9.72
43874,4,2,1,2012,2.23,13.92,6.41,9.93
43875,4,3,1,2012,2.2399999999999998,12.56,6.0600000000000005,9.16
43876,4,4,1,2012,1.8158333333333332,11.84,5.39,8.33
43877,4,5,1,2012,2.61,11.44,5.16,8.55
43878,4,6,1,2012,2.435833333333333,13.7,5.2700000000000005,9.24
43879,4,7,1,2012,2.5033333333333334,15.74,6.25,10.24
43880,4,8,1,2012,2.045833333333334,15.85,6.26,10.43
43881,4,9,1,2012,1.2241666666666668,14.73,5.22,9.54
43882,4,10,1,2012,1.3333333333333337,15.12,6.47,10.28
43883,4,11,1,2012,1.2333333333333334,14.63,6.45,10.18
43884,4,12,1,2012,0.9058333333333334,14.47,6.6000000000000005,10.23
43885,4,13,1,2012,0.5800000000000002,13.48,6.3,9.73
43886,4,14,1,2012,0.7241666666666667,13.01,6.36,9.14
43887,4,15,1,2012,1.595,10.61,6.22,8.41
43888,4,16,1,2012,2.9900000000000007,7.57,5.08,6.29
43889,4,17,1,2012,4.466666666666667,6.38,4.76,5.79
43890,4,18,1,2012,6.103333333333334,6.09,4.61,5.58
43891,4,19,1,2012,7.277500000000001,5.64,4.36,5.23
43892,4,20,1,2012,7.875,4.98,3.88,4.65
43893,4,21,1,2012,7.811666666666667,7.17,3.64,5.82
43894,4,22,1,2012,6.701666666666665,9.68,5.19,8.040000000000001
43895,4,23,1,2012,5.699999999999999,11.85,5.94,9.22
43896,5,0,1,2012,5.296666666666667,12.45,6.5,9.9
43897,5,1,1,2012,5.243333333333334,13.36,6.8900000000000015,10.41
43898,5,2,1,2012,5.038333333333333,13.75,7.0200000000000005,10.49
43899,5,3,1,2012,4.805833333333335,14.0,7.04,10.48
43900,5,4,1,2012,4.708333333333333,13.97,6.94,10.41
43901,5,5,1,2012,4.452500000000001,13.6,6.67,10.04
43902,5,6,1,2012,4.191666666666666,13.18,6.5,9.85
43903,5,7,1,2012,4.125833333333333,12.54,6.32,9.54
43904,5,8,1,2012,3.7216666666666662,12.09,6.3500000000000005,9.29
43905,5,9,1,2012,3.3816666666666664,11.13,6.37,9.31
43906,5,10,1,2012,3.0416666666666665,10.87,6.44,9.24
43907,5,11,1,2012,2.5675,10.58,6.28,8.89
43908,5,12,1,2012,2.515,10.59,6.42,9.22
43909,5,13,1,2012,2.5858333333333334,11.4,6.78,9.71
43910,5,14,1,2012,2.9766666666666666,11.9,7.3,9.82
43911,5,15,1,2012,4.911666666666667,11.53,7.07,9.29
43912,5,16,1,2012,7.1549999999999985,10.75,6.19,8.24
43913,5,17,1,2012,8.986666666666668,10.41,6.42,7.9300000000000015
43914,5,18,1,2012,10.876666666666667,10.42,6.23,7.5
43915,5,19,1,2012,12.068333333333333,8.870000000000003,5.73,6.84
43916,5,20,1,2012,12.806666666666665,9.56,5.94,7.37
43917,5,21,1,2012,12.819166666666668,10.96,6.33,8.540000000000001
43918,5,22,1,2012,11.942499999999997,11.82,6.33,9.4
43919,5,23,1,2012,10.45,13.9,7.49,10.79
43920,6,0,1,2012,10.016666666666667,15.19,8.27,11.76
43921,6,1,1,2012,9.8825,15.82,8.36,11.97
43922,6,2,1,2012,9.449166666666667,16.43,8.69,12.4
43923,6,3,1,2012,8.840000000000002,16.62,8.71,12.43
43924,6,4,1,2012,8.3525,16.75,8.620000000000001,12.23
43925,6,5,1,2012,8.2025,16.9,8.99,12.6
43926,6,6,1,2012,7.678333333333334,16.47,8.52,12.13
43927,6,7,1,2012,7.370833333333334,15.78,8.08,11.8
43928,6,8,1,2012,6.579999999999999,15.14,7.84,11.33
43929,6,9,1,2012,5.438333333333333,13.24,6.49,9.59
43930,6,10,1,2012,4.4,11.46,5.41,8.41
43931,6,11,1,2012,3.3416666666666663,8.8,4.8,7.52
43932,6,12,1,2012,2.410833333333333,9.03,3.97,7.16
43933,6,13,1,2012,2.2308333333333334,11.32,4.5200000000000005,7.72
43934,6,14,1,2012,2.8775,12.08,6.09,8.32
43935,6,15,1,2012,4.1049999999999995,10.82,6.66,8.26
43936,6,16,1,2012,6.1175,9.8,6.91,8.43
43937,6,17,1,2012,7.415,9.99,7.45,9.1
43938,6,18,1,2012,7.748333333333332,10.11,7.54,9.21
43939,6,19,1,2012,7.716666666666669,9.96,7.41,9.07
43940,6,20,1,2012,7.729166666666667,8.85,6.5,7.97
43941,6,21,1,2012,8.264166666666666,8.74,5.09,6.8100000000000005
43942,6,22,1,2012,8.07666666666667,11.1,5.38,8.08
43943,6,23,1,2012,7.880833333333334,13.23,6.05,9.16
43944,7,0,1,2012,7.435833333333334,13.11,5.93,9.02
43945,7,1,1,2012,6.931666666666666,14.37,7.24,10.46
43946,7,2,1,2012,6.3475,14.5,7.25,10.46
43947,7,3,1,2012,5.035833333333334,12.4,5.29,8.290000000000001
43948,7,4,1,2012,4.166666666666666,12.56,5.07,8.31
43949,7,5,1,2012,3.195,12.61,4.83,8.32
43950,7,6,1,2012,2.1833333333333336,12.62,4.78,8.35
43951,7,7,1,2012,1.4025,12.44,4.43,8.21
43952,7,8,1,2012,1.1666666666666667,12.4,4.74,8.34
43953,7,9,1,2012,1.0975,11.83,4.75,8.08
43954,7,10,1,2012,0.9708333333333333,10.84,4.78,7.85
43955,7,11,1,2012,0.6366666666666666,9.05,3.89,6.8500000000000005
43956,7,12,1,2012,0.2916666666666667,7.8,3.6,6.33
43957,7,13,1,2012,-0.1325,6.73,3.33,5.86
43958,7,14,1,2012,-0.01416666666666666,5.9,2.81,5.36
43959,7,15,1,2012,1.1316666666666666,4.66,2.42,3.0700000000000003
43960,7,16,1,2012,2.4675,2.48,2.13,2.42
43961,7,17,1,2012,3.688333333333333,2.38,2.02,2.31
43962,7,18,1,2012,4.43,2.13,1.88,2.12
43963,7,19,1,2012,4.986666666666666,2.15,1.88,2.11
43964,7,20,1,2012,5.340833333333333,2.22,1.91,2.18
43965,7,21,1,2012,5.275833333333333,2.0,1.72,1.97
43966,7,22,1,2012,4.778333333333333,2.28,1.18,1.76
43967,7,23,1,2012,4.294166666666668,2.97,0.84,2.04
43968,8,0,1,2012,3.917499999999999,3.35,0.79,2.19
43969,8,1,1,2012,3.5675000000000003,3.74,1.06,2.62
43970,8,2,1,2012,3.2741666666666673,3.78,1.05,2.62
43971,8,3,1,2012,3.028333333333333,4.41,1.61,3.24
43972,8,4,1,2012,2.765833333333333,4.9,1.84,3.68
43973,8,5,1,2012,2.486666666666667,4.97,1.88,3.72
43974,8,6,1,2012,2.225,4.7,1.72,3.52
43975,8,7,1,2012,1.9091666666666667,4.65,1.71,3.41
43976,8,8,1,2012,1.5716666666666665,4.45,1.86,3.35
43977,8,9,1,2012,1.2874999999999999,4.34,1.87,3.37
43978,8,10,1,2012,0.9500000000000001,4.0600000000000005,1.98,3.35
43979,8,11,1,2012,0.6775000000000001,3.94,1.94,3.28
43980,8,12,1,2012,0.5608333333333334,3.23,1.31,2.5500000000000003
43981,8,13,1,2012,0.335,3.24,1.64,2.72
43982,8,14,1,2012,0.22583333333333333,3.25,1.76,2.69
43983,8,15,1,2012,0.6750000000000002,3.2,1.77,2.05
43984,8,16,1,2012,1.7358333333333336,2.26,1.9,2.18
43985,8,17,1,2012,2.875,2.34,1.97,2.26
43986,8,18,1,2012,3.960833333333332,2.54,2.1,2.41
43987,8,19,1,2012,4.829999999999999,2.79,2.28,2.64
43988,8,20,1,2012,5.3325000000000005,2.73,2.22,2.57
43989,8,21,1,2012,5.493333333333333,2.32,1.89,2.19
43990,8,22,1,2012,5.073333333333333,2.03,1.59,1.86
43991,8,23,1,2012,4.008333333333334,1.99,0.79,1.79
43992,9,0,1,2012,3.1233333333333335,1.64,0.46,0.95
43993,9,1,1,2012,2.451666666666667,1.33,0.5,0.98
43994,9,2,1,2012,1.8591666666666669,0.65,0.75,1.11
43995,9,3,1,2012,1.6899999999999997,0.95,1.14,1.44
43996,9,4,1,2012,1.6183333333333334,1.63,1.4,1.79
43997,9,5,1,2012,1.3733333333333333,2.85,2.18,3.19
43998,9,6,1,2012,1.0333333333333334,4.08,3.04,4.4
43999,9,7,1,2012,0.6525,5.51,3.59,5.37
44000,9,8,1,2012,0.245,6.29,3.91,6.03
44001,9,9,1,2012,0.18166666666666664,7.18,4.03,6.38
44002,9,10,1,2012,-0.010833333333333334,8.49,4.54,7.0200000000000005
44003,9,11,1,2012,-0.30916666666666665,9.2,4.79,7.31
44004,9,12,1,2012,-0.3758333333333333,9.83,5.19,7.77
44005,9,13,1,2012,-0.44250000000000006,10.58,5.76,8.42
44006,9,14,1,2012,0.03916666666666669,10.69,6.05,8.45
44007,9,15,1,2012,1.0066666666666668,10.14,6.0,8.0
44008,9,16,1,2012,2.78,9.11,5.76,6.88
44009,9,17,1,2012,4.6066666666666665,7.69,5.95,7.15
44010,9,18,1,2012,5.999166666666667,7.81,6.04,7.27
44011,9,19,1,2012,6.920000000000002,7.44,5.7,6.9
44012,9,20,1,2012,7.374999999999999,7.51,5.59,6.8500000000000005
44013,9,21,1,2012,7.271666666666666,8.56,5.57,6.87
44014,9,22,1,2012,6.175833333333334,10.14,4.79,7.86
44015,9,23,1,2012,4.983333333333333,11.8,5.47,8.81
44016,10,0,1,2012,4.264166666666665,11.89,5.71,8.950000000000003
44017,10,1,1,2012,3.8666666666666667,11.91,5.79,9.13
44018,10,2,1,2012,3.3474999999999997,11.5,5.55,8.73
44019,10,3,1,2012,3.160833333333333,10.78,5.19,8.370000000000001
44020,10,4,1,2012,3.0674999999999994,9.69,4.95,8.01
44021,10,5,1,2012,3.1483333333333334,8.57,4.71,8.09
44022,10,6,1,2012,3.3508333333333336,7.27,4.4,7.44
44023,10,7,1,2012,3.393333333333334,5.86,3.98,6.5
44024,10,8,1,2012,3.234166666666667,5.17,3.74,5.57
44025,10,9,1,2012,1.7483333333333333,4.2,3.78,4.9
44026,10,10,1,2012,0.5066666666666667,3.36,3.78,5.92
44027,10,11,1,2012,0.48249999999999993,4.79,4.25,6.65
44028,10,12,1,2012,0.37000000000000005,5.98,4.53,7.07
44029,10,13,1,2012,0.785,6.23,4.64,7.17
44030,10,14,1,2012,1.9799999999999998,6.42,4.67,7.0600000000000005
44031,10,15,1,2012,4.096666666666667,6.32,4.3,6.0600000000000005
44032,10,16,1,2012,6.223333333333333,5.78,3.58,4.28
44033,10,17,1,2012,8.024166666666666,4.34,2.54,2.86
44034,10,18,1,2012,9.54416666666667,2.77,2.11,2.43
44035,10,19,1,2012,10.274166666666666,3.6,2.92,3.44
44036,10,20,1,2012,10.565833333333332,4.39,3.45,4.13
44037,10,21,1,2012,10.249166666666666,4.7700000000000005,3.52,4.2
44038,10,22,1,2012,9.001666666666667,6.51,3.69,6.01
44039,10,23,1,2012,7.631666666666665,6.92,4.18,6.6400000000000015
44040,11,0,1,2012,6.715833333333333,7.03,4.45,6.94
44041,11,1,1,2012,6.091666666666668,7.3,4.54,6.93
44042,11,2,1,2012,5.571666666666668,7.47,4.67,7.23
44043,11,3,1,2012,5.415,7.57,4.72,7.32
44044,11,4,1,2012,5.174166666666667,7.97,4.87,7.44
44045,11,5,1,2012,4.855833333333333,8.27,4.95,7.63
44046,11,6,1,2012,4.371666666666667,8.64,5.08,7.71
44047,11,7,1,2012,4.38,9.32,5.39,8.3
44048,11,8,1,2012,4.144166666666666,9.53,5.45,8.49
44049,11,9,1,2012,4.312499999999999,9.29,5.63,8.61
44050,11,10,1,2012,3.775,9.06,5.4,8.370000000000001
44051,11,11,1,2012,3.1675,10.25,5.46,8.38
44052,11,12,1,2012,2.5025,10.9,5.71,8.68
44053,11,13,1,2012,2.2100000000000004,11.69,5.25,8.11
44054,11,14,1,2012,1.7900000000000003,12.97,7.09,10.01
44055,11,15,1,2012,1.7874999999999999,12.77,8.51,10.53
44056,11,16,1,2012,2.4875000000000003,13.83,9.93,12.36
44057,11,17,1,2012,2.9675,14.96,10.69,13.33
44058,11,18,1,2012,2.3091666666666666,15.61,10.89,13.75
44059,11,19,1,2012,2.0816666666666666,17.6,12.06,15.31
44060,11,20,1,2012,1.3033333333333332,18.23,12.39,15.83
44061,11,21,1,2012,-0.10166666666666668,17.91,12.35,15.67
44062,11,22,1,2012,-1.9875000000000005,19.0,12.7,16.21
44063,11,23,1,2012,-2.4875000000000003,19.63,13.27,16.98
44064,12,0,1,2012,-3.0824999999999996,17.92,12.18,15.51
44065,12,1,1,2012,-2.83,16.2,10.99,14.01
44066,12,2,1,2012,-3.2866666666666666,16.54,11.27,14.35
44067,12,3,1,2012,-3.370833333333333,15.96,10.84,13.84
44068,12,4,1,2012,-3.5674999999999994,16.63,11.48,14.59
44069,12,5,1,2012,-4.4475,15.31,10.42,13.3
44070,12,6,1,2012,-5.4425,15.49,10.32,13.27
44071,12,7,1,2012,-6.1725,17.45,11.65,14.99
44072,12,8,1,2012,-7.045000000000001,16.5,11.06,14.2
44073,12,9,1,2012,-7.620833333333333,14.1,9.56,12.2
44074,12,10,1,2012,-7.864999999999999,16.44,11.16,14.3
44075,12,11,1,2012,-8.487499999999999,17.36,11.85,15.15
44076,12,12,1,2012,-8.763333333333334,16.22,10.98,14.07
44077,12,13,1,2012,-9.005,14.78,10.06,12.85
44078,12,14,1,2012,-9.246666666666668,15.93,10.91,13.92
44079,12,15,1,2012,-9.454166666666667,17.56,12.14,15.42
44080,12,16,1,2012,-9.033333333333333,15.33,10.79,13.58
44081,12,17,1,2012,-8.646666666666667,15.31,10.77,13.56
44082,12,18,1,2012,-8.135,14.4,10.15,12.75
44083,12,19,1,2012,-7.634166666666668,13.75,9.72,12.2
44084,12,20,1,2012,-7.222499999999999,13.78,9.66,12.17
44085,12,21,1,2012,-7.021666666666667,13.65,9.53,12.03
44086,12,22,1,2012,-7.1191666666666675,13.54,9.39,11.9
44087,12,23,1,2012,-7.3116666666666665,11.84,7.41,9.79
44088,13,0,1,2012,-7.390833333333333,11.47,6.8100000000000005,9.17
44089,13,1,1,2012,-7.628333333333334,12.01,6.79,9.33
44090,13,2,1,2012,-7.903333333333332,12.62,7.37,10.0
44091,13,3,1,2012,-8.24916666666667,13.01,7.76,10.43
44092,13,4,1,2012,-8.6025,11.63,6.7,9.16
44093,13,5,1,2012,-8.950833333333334,11.81,6.83,9.32
44094,13,6,1,2012,-9.293333333333333,11.52,6.53,8.98
44095,13,7,1,2012,-9.635,10.71,5.79,8.1
44096,13,8,1,2012,-10.011666666666668,10.87,5.97,8.3
44097,13,9,1,2012,-10.440833333333336,11.07,5.98,8.39
44098,13,10,1,2012,-10.735,10.54,5.53,7.85
44099,13,11,1,2012,-10.933333333333335,9.56,4.69,6.87
44100,13,12,1,2012,-10.992500000000001,9.2,4.49,6.59
44101,13,13,1,2012,-11.044166666666664,8.34,4.05,6.0
44102,13,14,1,2012,-10.501666666666667,7.98,4.68,6.05
44103,13,15,1,2012,-9.524166666666666,6.68,4.68,5.8100000000000005
44104,13,16,1,2012,-8.4075,5.15,3.88,4.7
44105,13,17,1,2012,-7.048333333333333,4.33,3.31,3.97
44106,13,18,1,2012,-5.5874999999999995,3.99,3.08,3.67
44107,13,19,1,2012,-4.158333333333334,4.0200000000000005,3.0,3.62
44108,13,20,1,2012,-2.9924999999999997,4.21,3.13,3.8
44109,13,21,1,2012,-2.1266666666666665,4.11,2.94,3.61
44110,13,22,1,2012,-2.2758333333333334,4.13,2.91,3.64
44111,13,23,1,2012,-3.2325,5.37,2.59,4.72
44112,14,0,1,2012,-3.2358333333333333,6.61,3.3200000000000003,5.67
44113,14,1,1,2012,-3.1808333333333336,8.59,4.11,6.75
44114,14,2,1,2012,-2.8041666666666667,9.92,4.5,6.93
44115,14,3,1,2012,-1.5691666666666666,9.93,5.03,7.2
44116,14,4,1,2012,-1.0308333333333335,10.17,5.28,7.41
44117,14,5,1,2012,-0.7775,10.19,5.2,7.41
44118,14,6,1,2012,-0.6875000000000001,10.57,5.28,7.79
44119,14,7,1,2012,-1.1383333333333334,12.43,6.3900000000000015,9.18
44120,14,8,1,2012,-1.8674999999999997,13.66,6.8900000000000015,9.81
44121,14,9,1,2012,-1.4941666666666669,14.95,6.7700000000000005,10.17
44122,14,10,1,2012,-0.9941666666666668,15.09,7.01,10.46
44123,14,11,1,2012,-1.2999999999999998,16.34,9.05,12.45
44124,14,12,1,2012,-1.3833333333333335,14.66,7.52,10.75
44125,14,13,1,2012,-1.7691666666666668,14.44,7.51,10.68
44126,14,14,1,2012,-2.5433333333333334,11.33,5.62,8.27
44127,14,15,1,2012,-1.4783333333333335,9.13,6.32,7.9300000000000015
44128,14,16,1,2012,0.2916666666666667,10.17,7.36,9.14
44129,14,17,1,2012,1.4766666666666663,9.76,7.07,8.78
44130,14,18,1,2012,2.436666666666667,9.07,6.57,8.120000000000001
44131,14,19,1,2012,3.2125,8.05,5.79,7.16
44132,14,20,1,2012,3.750833333333333,7.17,5.15,6.36
44133,14,21,1,2012,3.834166666666667,6.97,4.96,6.16
44134,14,22,1,2012,2.373333333333333,6.6000000000000005,2.97,5.65
44135,14,23,1,2012,1.336666666666667,6.48,3.01,5.68
44136,15,0,1,2012,0.42,5.48,3.49,5.19
44137,15,1,1,2012,-0.10083333333333333,6.63,3.91,5.71
44138,15,2,1,2012,-0.2725,6.5200000000000005,4.36,6.5200000000000005
44139,15,3,1,2012,0.16416666666666666,7.6400000000000015,4.33,7.0
44140,15,4,1,2012,0.15416666666666665,8.5,4.46,7.54
44141,15,5,1,2012,0.08166666666666669,10.14,4.89,8.02
44142,15,6,1,2012,-0.11833333333333335,11.41,5.13,8.35
44143,15,7,1,2012,-0.15083333333333332,12.85,5.78,8.94
44144,15,8,1,2012,0.16083333333333336,13.54,6.2,9.47
44145,15,9,1,2012,-0.1025,14.23,6.7,9.92
44146,15,10,1,2012,0.04416666666666667,15.38,7.88,11.17
44147,15,11,1,2012,0.03916666666666666,16.53,8.93,12.4
44148,15,12,1,2012,0.03749999999999999,17.13,9.64,13.14
44149,15,13,1,2012,-0.265,17.36,9.83,13.35
44150,15,14,1,2012,0.5225,17.35,11.21,14.47
44151,15,15,1,2012,2.5925,17.11,11.21,14.38
44152,15,16,1,2012,3.5766666666666667,13.87,9.13,11.46
44153,15,17,1,2012,5.510000000000001,10.25,7.27,8.94
44154,15,18,1,2012,7.0475,9.16,6.66,8.18
44155,15,19,1,2012,8.0575,8.26,6.07,7.45
44156,15,20,1,2012,8.751666666666667,9.93,6.1400000000000015,8.08
44157,15,21,1,2012,8.707500000000001,12.68,6.83,9.73
44158,15,22,1,2012,7.5775,14.72,8.08,11.69
44159,15,23,1,2012,6.908333333333332,15.3,8.47,12.07
44160,16,0,1,2012,6.286666666666666,15.83,8.61,12.27
44161,16,1,1,2012,6.465833333333332,17.830000000000005,9.67,13.53
44162,16,2,1,2012,6.4700000000000015,18.34,9.95,13.81
44163,16,3,1,2012,5.963333333333334,18.3,9.93,13.77
44164,16,4,1,2012,5.5275,17.07,8.84,12.44
44165,16,5,1,2012,5.315833333333333,16.56,8.69,12.16
44166,16,6,1,2012,5.008333333333334,15.6,7.88,11.29
44167,16,7,1,2012,3.8041666666666667,13.47,6.16,9.28
44168,16,8,1,2012,1.7833333333333334,12.22,4.43,7.9
44169,16,9,1,2012,1.3733333333333333,10.25,4.18,7.43
44170,16,10,1,2012,1.2908333333333335,9.03,4.05,7.3
44171,16,11,1,2012,1.116666666666667,7.56,3.35,6.69
44172,16,12,1,2012,0.7783333333333332,5.26,2.98,5.33
44173,16,13,1,2012,0.2383333333333333,2.4,1.41,2.3000000000000003
44174,16,14,1,2012,0.26666666666666666,5.39,3.36,4.33
44175,16,15,1,2012,0.59,5.51,3.52,4.0600000000000005
44176,16,16,1,2012,1.9958333333333336,4.92,4.0,4.68
44177,16,17,1,2012,3.410833333333334,5.69,4.48,5.32
44178,16,18,1,2012,4.379166666666666,6.3100000000000005,4.83,5.8
44179,16,19,1,2012,4.841666666666666,6.44,4.92,5.91
44180,16,20,1,2012,4.857499999999999,6.87,5.15,6.25
44181,16,21,1,2012,4.379166666666667,6.87,5.15,6.25
44182,16,22,1,2012,3.3091666666666675,8.63,4.93,6.49
44183,16,23,1,2012,1.6183333333333332,10.53,5.92,8.290000000000001
44184,17,0,1,2012,-0.024999999999999977,11.22,5.89,8.370000000000001
44185,17,1,1,2012,-1.4708333333333334,11.53,6.33,8.71
44186,17,2,1,2012,-2.5208333333333335,10.73,6.23,8.31
44187,17,3,1,2012,-3.2225,10.67,6.76,8.75
44188,17,4,1,2012,-3.7208333333333328,10.63,7.0600000000000005,8.92
44189,17,5,1,2012,-3.9324999999999997,10.92,7.86,9.74
44190,17,6,1,2012,-4.299166666666667,11.84,8.5,10.55
44191,17,7,1,2012,-5.165,13.08,9.12,11.46
44192,17,8,1,2012,-6.040833333333333,13.61,9.7,12.08
44193,17,9,1,2012,-6.588333333333332,13.14,9.15,11.49
44194,17,10,1,2012,-6.7558333333333325,13.03,8.870000000000003,11.22
44195,17,11,1,2012,-6.864999999999999,12.29,8.18,10.41
44196,17,12,1,2012,-7.298333333333332,13.39,9.0,11.44
44197,17,13,1,2012,-7.941666666666667,12.58,8.49,10.72
44198,17,14,1,2012,-8.250833333333334,12.46,8.73,10.85
44199,17,15,1,2012,-7.973333333333334,12.45,8.85,10.97
44200,17,16,1,2012,-7.392499999999999,11.58,8.32,10.24
44201,17,17,1,2012,-6.66,10.89,7.88,9.68
44202,17,18,1,2012,-5.906666666666667,10.28,7.49,9.17
44203,17,19,1,2012,-5.310833333333333,9.58,7.01,8.56
44204,17,20,1,2012,-4.855833333333334,8.96,6.55,8.01
44205,17,21,1,2012,-4.6866666666666665,8.65,6.3,7.73
44206,17,22,1,2012,-4.985833333333334,8.03,5.75,7.12
44207,17,23,1,2012,-5.815,6.94,3.2,5.19
44208,18,0,1,2012,-5.9125000000000005,7.69,3.37,5.74
44209,18,1,1,2012,-6.397500000000001,7.22,3.0500000000000003,5.5
44210,18,2,1,2012,-6.733333333333333,5.92,1.59,3.97
44211,18,3,1,2012,-7.088333333333334,3.42,1.46,3.15
44212,18,4,1,2012,-7.553333333333334,3.37,2.01,3.16
44213,18,5,1,2012,-7.922499999999999,4.58,2.74,4.33
44214,18,6,1,2012,-8.266666666666667,6.2,3.03,5.17
44215,18,7,1,2012,-8.269166666666669,8.02,4.11,6.5600000000000005
44216,18,8,1,2012,-8.165000000000001,9.9,4.72,7.23
44217,18,9,1,2012,-8.613333333333333,10.61,4.82,7.32
44218,18,10,1,2012,-8.539166666666668,12.1,6.61,9.19
44219,18,11,1,2012,-8.660000000000002,12.91,7.17,9.88
44220,18,12,1,2012,-8.3925,14.45,8.49,11.4
44221,18,13,1,2012,-8.440833333333334,14.34,8.3,11.16
44222,18,14,1,2012,-7.4558333333333335,15.24,9.58,12.47
44223,18,15,1,2012,-5.795833333333333,14.57,9.2,11.87
44224,18,16,1,2012,-4.591666666666668,12.33,8.84,10.88
44225,18,17,1,2012,-2.8316666666666666,13.16,9.67,11.87
44226,18,18,1,2012,-0.995,13.41,9.8,12.07
44227,18,19,1,2012,0.36166666666666664,13.2,9.69,11.91
44228,18,20,1,2012,1.4316666666666666,12.34,8.97,11.07
44229,18,21,1,2012,1.8341666666666667,11.75,8.32,10.32
44230,18,22,1,2012,1.18,13.33,7.36,9.87
44231,18,23,1,2012,0.22083333333333333,14.23,6.87,10.24
44232,19,0,1,2012,-0.18333333333333335,15.33,7.25,10.68
44233,19,1,1,2012,-0.19083333333333333,16.01,7.66,11.21
44234,19,2,1,2012,-0.10666666666666665,16.38,7.9300000000000015,11.34
44235,19,3,1,2012,-0.2275,15.92,7.72,11.04
44236,19,4,1,2012,-0.45083333333333336,15.11,7.19,10.46
44237,19,5,1,2012,-1.5391666666666668,13.39,5.8500000000000005,9.12
44238,19,6,1,2012,-2.2499999999999996,9.49,3.78,6.48
44239,19,7,1,2012,-3.807499999999999,10.73,4.61,7.07
44240,19,8,1,2012,-5.015,10.12,5.0600000000000005,7.1000000000000005
44241,19,9,1,2012,-5.88,10.35,5.9,7.8900000000000015
44242,19,10,1,2012,-6.6450000000000005,9.47,5.44,7.29
44243,19,11,1,2012,-7.305833333333333,10.52,6.26,8.22
44244,19,12,1,2012,-8.059166666666666,10.66,6.5,8.45
44245,19,13,1,2012,-8.916666666666668,9.88,6.3100000000000005,8.09
44246,19,14,1,2012,-9.493333333333332,9.29,6.51,7.97
44247,19,15,1,2012,-9.128333333333332,8.31,6.2700000000000005,7.59
44248,19,16,1,2012,-8.544166666666667,7.57,5.8100000000000005,6.97
44249,19,17,1,2012,-7.791666666666667,6.78,5.25,6.26
44250,19,18,1,2012,-6.867500000000001,5.92,4.61,5.48
44251,19,19,1,2012,-6.338333333333334,5.46,4.29,5.07
44252,19,20,1,2012,-6.055,4.96,3.93,4.63
44253,19,21,1,2012,-5.864999999999999,4.79,3.72,4.43
44254,19,22,1,2012,-6.215833333333333,5.0200000000000005,3.92,4.68
44255,19,23,1,2012,-6.697500000000001,5.03,3.27,4.14
44256,20,0,1,2012,-7.090833333333332,6.2700000000000005,4.5600000000000005,5.63
44257,20,1,1,2012,-7.5633333333333335,6.18,4.42,5.46
44258,20,2,1,2012,-7.952500000000001,6.72,4.8500000000000005,5.98
44259,20,3,1,2012,-8.405833333333334,6.73,4.79,5.93
44260,20,4,1,2012,-8.680833333333334,6.2700000000000005,4.44,5.51
44261,20,5,1,2012,-8.993333333333334,6.58,4.65,5.76
44262,20,6,1,2012,-9.345833333333333,6.12,4.16,5.21
44263,20,7,1,2012,-9.661666666666667,6.5,4.1,5.19
44264,20,8,1,2012,-9.9,6.48,4.07,5.14
44265,20,9,1,2012,-9.993333333333334,5.76,4.25,5.15
44266,20,10,1,2012,-10.08,5.74,4.23,5.12
44267,20,11,1,2012,-10.200000000000001,5.74,3.83,4.69
44268,20,12,1,2012,-10.302499999999998,6.65,4.2,5.4
44269,20,13,1,2012,-10.4225,6.63,4.13,5.33
44270,20,14,1,2012,-10.087499999999999,7.1400000000000015,4.33,5.45
44271,20,15,1,2012,-9.050833333333333,5.45,4.24,5.03
44272,20,16,1,2012,-7.9141666666666675,4.72,3.82,4.47
44273,20,17,1,2012,-6.7225,4.24,3.48,4.03
44274,20,18,1,2012,-5.543333333333333,4.18,3.44,3.98
44275,20,19,1,2012,-4.571666666666666,4.15,3.36,3.92
44276,20,20,1,2012,-3.9416666666666664,4.4,3.46,4.1
44277,20,21,1,2012,-3.626666666666667,5.64,4.28,5.19
44278,20,22,1,2012,-3.894166666666667,6.82,4.63,5.82
44279,20,23,1,2012,-4.7925,8.97,4.55,6.7
44280,21,0,1,2012,-5.239166666666667,9.49,5.3500000000000005,7.3900000000000015
44281,21,1,1,2012,-5.737500000000001,9.94,5.66,7.74
44282,21,2,1,2012,-6.340833333333333,9.38,5.59,7.47
44283,21,3,1,2012,-6.9925,8.85,5.37,7.15
44284,21,4,1,2012,-7.696666666666668,9.51,6.04,7.91
44285,21,5,1,2012,-8.285,8.86,5.4,7.13
44286,21,6,1,2012,-8.936666666666667,8.700000000000001,5.8100000000000005,7.47
44287,21,7,1,2012,-9.650833333333335,8.6,5.59,7.28
44288,21,8,1,2012,-10.095833333333333,6.95,4.47,5.8
44289,21,9,1,2012,-10.575833333333334,6.45,4.07,5.3100000000000005
44290,21,10,1,2012,-10.935,5.76,3.51,4.66
44291,21,11,1,2012,-11.327499999999999,5.23,3.0,4.22
44292,21,12,1,2012,-11.625833333333333,4.43,2.69,3.79
44293,21,13,1,2012,-11.919166666666667,4.37,2.72,3.78
44294,21,14,1,2012,-11.765,3.45,2.65,3.1
44295,21,15,1,2012,-10.975,3.1,2.58,2.99
44296,21,16,1,2012,-9.589166666666667,3.69,2.94,3.46
44297,21,17,1,2012,-8.043333333333333,4.21,3.28,3.89
44298,21,18,1,2012,-6.385000000000001,5.23,4.0600000000000005,4.83
44299,21,19,1,2012,-5.021666666666667,6.44,4.91,5.91
44300,21,20,1,2012,-4.148333333333333,7.24,5.43,6.6000000000000005
44301,21,21,1,2012,-3.650833333333333,7.9,5.8100000000000005,7.1400000000000015
44302,21,22,1,2012,-3.7349999999999994,8.75,5.99,7.41
44303,21,23,1,2012,-4.458333333333333,10.43,5.75,7.96
44304,22,0,1,2012,-4.71,11.75,6.92,9.27
44305,22,1,1,2012,-4.685833333333332,12.77,7.62,10.16
44306,22,2,1,2012,-4.423333333333333,13.55,8.26,10.92
44307,22,3,1,2012,-4.108333333333333,14.03,8.52,11.3
44308,22,4,1,2012,-4.053333333333334,13.98,8.26,11.04
44309,22,5,1,2012,-3.706666666666667,13.96,7.86,10.74
44310,22,6,1,2012,-3.0725000000000002,16.29,9.52,12.92
44311,22,7,1,2012,-2.7883333333333336,16.490000000000002,9.81,13.16
44312,22,8,1,2012,-2.5549999999999997,16.54,9.76,13.13
44313,22,9,1,2012,-2.2825,15.64,8.82,12.1
44314,22,10,1,2012,-1.7875000000000003,15.96,9.08,12.48
44315,22,11,1,2012,-1.1625,17.19,10.3,13.79
44316,22,12,1,2012,-0.3691666666666667,17.32,10.37,13.88
44317,22,13,1,2012,0.595,17.14,10.57,13.87
44318,22,14,1,2012,1.3508333333333333,16.09,10.09,13.23
44319,22,15,1,2012,2.0799999999999996,16.0,10.06,13.21
44320,22,16,1,2012,3.434166666666666,13.75,8.94,11.31
44321,22,17,1,2012,5.746666666666667,12.4,9.1,11.21
44322,22,18,1,2012,7.444999999999999,10.98,8.07,9.97
44323,22,19,1,2012,8.583333333333334,10.17,7.38,9.16
44324,22,20,1,2012,9.143333333333333,6.88,4.96,6.17
44325,22,21,1,2012,8.9925,6.18,4.22,5.38
44326,22,22,1,2012,7.484166666666667,6.7,1.96,3.96
44327,22,23,1,2012,5.714166666666666,12.23,4.51,8.620000000000001
44328,23,0,1,2012,3.3366666666666673,13.98,6.21,9.77
44329,23,1,1,2012,1.7249999999999996,14.33,6.82,10.18
44330,23,2,1,2012,0.9758333333333331,13.17,7.24,9.91
44331,23,3,1,2012,0.5425000000000001,13.17,7.49,10.45
44332,23,4,1,2012,0.02583333333333333,12.28,7.38,9.87
44333,23,5,1,2012,0.3458333333333334,12.9,7.82,10.43
44334,23,6,1,2012,0.12750000000000003,11.46,6.97,9.26
44335,23,7,1,2012,0.6408333333333334,14.19,7.75,10.85
44336,23,8,1,2012,0.5241666666666667,14.56,8.2,11.31
44337,23,9,1,2012,0.22083333333333335,14.64,8.17,11.32
44338,23,10,1,2012,-0.08833333333333333,14.41,7.94,11.07
44339,23,11,1,2012,-0.3475000000000001,14.35,7.86,10.98
44340,23,12,1,2012,-0.6191666666666668,14.07,7.62,10.72
44341,23,13,1,2012,-1.0566666666666666,12.92,6.8500000000000005,9.7
44342,23,14,1,2012,-0.7000000000000001,12.99,7.87,10.33
44343,23,15,1,2012,-0.14416666666666667,10.41,7.29,9.13
44344,23,16,1,2012,0.43666666666666676,10.16,7.1400000000000015,8.94
44345,23,17,1,2012,1.0933333333333335,9.36,6.73,8.31
44346,23,18,1,2012,1.68,10.42,7.41,9.21
44347,23,19,1,2012,2.4758333333333336,10.26,7.31,9.09
44348,23,20,1,2012,3.3808333333333334,9.91,7.0600000000000005,8.77
44349,23,21,1,2012,3.6875,9.89,6.95,8.69
44350,23,22,1,2012,3.233333333333333,8.620000000000001,5.87,7.45
44351,23,23,1,2012,1.5191666666666668,8.1,2.75,5.87
44352,24,0,1,2012,1.2025,8.41,3.03,6.46
44353,24,1,1,2012,0.705,8.05,2.92,6.26
44354,24,2,1,2012,-0.037500000000000006,6.0600000000000005,1.8,4.1
44355,24,3,1,2012,-0.37749999999999995,4.9,1.16,3.38
44356,24,4,1,2012,-0.8099999999999999,3.19,0.96,2.11
44357,24,5,1,2012,-1.2641666666666667,3.28,1.05,2.23
44358,24,6,1,2012,-2.1116666666666664,3.74,1.43,2.85
44359,24,7,1,2012,-2.804166666666667,3.86,1.3,2.76
44360,24,8,1,2012,-3.27,3.89,1.36,2.89
44361,24,9,1,2012,-3.684166666666666,4.3500000000000005,1.59,3.53
44362,24,10,1,2012,-4.081666666666667,4.74,2.19,4.0200000000000005
44363,24,11,1,2012,-4.253333333333334,5.0,2.21,4.25
44364,24,12,1,2012,-4.628333333333334,5.44,2.03,4.11
44365,24,13,1,2012,-4.939166666666666,6.96,3.16,5.22
44366,24,14,1,2012,-4.328333333333333,7.05,3.44,5.0200000000000005
44367,24,15,1,2012,-2.478333333333333,6.47,3.64,4.18
44368,24,16,1,2012,-0.4725,4.64,3.78,4.4
44369,24,17,1,2012,1.4483333333333333,5.22,4.22,4.94
44370,24,18,1,2012,3.0924999999999994,5.7,4.5200000000000005,5.34
44371,24,19,1,2012,4.202500000000001,5.97,4.66,5.5600000000000005
44372,24,20,1,2012,4.418333333333334,6.58,4.7700000000000005,5.83
44373,24,21,1,2012,3.993333333333334,7.8,4.5600000000000005,5.87
44374,24,22,1,2012,2.789166666666667,8.83,3.94,6.1000000000000005
44375,24,23,1,2012,1.3224999999999998,10.65,4.43,7.26
44376,25,0,1,2012,1.3033333333333332,10.75,4.79,7.27
44377,25,1,1,2012,0.2625,12.04,4.4,7.43
44378,25,2,1,2012,-0.27916666666666673,12.7,4.3500000000000005,7.66
44379,25,3,1,2012,0.3116666666666667,11.72,4.3500000000000005,7.18
44380,25,4,1,2012,-0.225,10.25,3.49,5.99
44381,25,5,1,2012,-0.6841666666666667,9.26,2.47,4.17
44382,25,6,1,2012,-0.5816666666666666,8.540000000000001,2.44,4.3500000000000005
44383,25,7,1,2012,-0.6291666666666668,8.52,2.34,4.24
44384,25,8,1,2012,-0.7758333333333333,8.61,1.99,4.1
44385,25,9,1,2012,-1.1341666666666665,8.07,1.01,3.03
44386,25,10,1,2012,-1.2674999999999998,7.79,0.76,2.84
44387,25,11,1,2012,-1.4008333333333336,7.16,0.7000000000000001,2.85
44388,25,12,1,2012,-1.1108333333333333,4.63,1.21,2.48
44389,25,13,1,2012,-0.7158333333333333,3.81,1.7,2.98
44390,25,14,1,2012,-0.052499999999999984,2.95,1.39,2.46
44391,25,15,1,2012,1.6866666666666668,2.27,0.95,1.23
44392,25,16,1,2012,3.215,1.86,1.6,1.82
44393,25,17,1,2012,4.429166666666666,2.04,1.86,2.07
44394,25,18,1,2012,5.3025,2.0,1.82,2.03
44395,25,19,1,2012,6.127500000000001,1.91,1.65,1.87
44396,25,20,1,2012,6.780833333333334,1.63,1.34,1.54
44397,25,21,1,2012,7.005833333333334,1.68,1.39,1.6
44398,25,22,1,2012,6.108333333333334,0.96,0.8300000000000001,1.35
44399,25,23,1,2012,4.175,0.8200000000000001,0.55,1.1
44400,26,0,1,2012,3.026666666666667,0.88,0.5,0.85
44401,26,1,1,2012,2.3683333333333336,1.46,0.88,1.24
44402,26,2,1,2012,2.2750000000000004,1.57,1.24,1.63
44403,26,3,1,2012,2.2016666666666667,1.8,1.48,2.04
44404,26,4,1,2012,1.86,1.98,1.7,2.37
44405,26,5,1,2012,1.3891666666666669,1.9,1.71,2.37
44406,26,6,1,2012,0.8883333333333333,2.27,1.87,2.63
44407,26,7,1,2012,0.5733333333333334,3.66,2.58,3.87
44408,26,8,1,2012,0.5975,5.75,3.86,5.74
44409,26,9,1,2012,0.07500000000000001,9.51,4.65,7.33
44410,26,10,1,2012,0.085,13.3,6.6400000000000015,9.83
44411,26,11,1,2012,0.4458333333333333,13.84,6.68,9.84
44412,26,12,1,2012,1.08,14.58,5.99,9.83
44413,26,13,1,2012,1.6449999999999998,14.43,5.98,9.94
44414,26,14,1,2012,2.4816666666666665,10.82,5.48,8.11
44415,26,15,1,2012,3.0999999999999996,10.99,6.8100000000000005,8.68
44416,26,16,1,2012,5.157500000000001,11.5,8.25,10.26
44417,26,17,1,2012,5.995833333333334,11.54,8.32,10.32
44418,26,18,1,2012,6.5825000000000005,10.59,7.62,9.45
44419,26,19,1,2012,6.795000000000001,11.35,8.09,10.09
44420,26,20,1,2012,6.872500000000001,10.68,7.5,9.42
44421,26,21,1,2012,6.741666666666667,10.52,7.38,9.27
44422,26,22,1,2012,5.778333333333333,9.69,6.26,8.17
44423,26,23,1,2012,3.9625,10.86,3.92,7.6400000000000015
44424,27,0,1,2012,2.338333333333333,12.02,4.3500000000000005,8.22
44425,27,1,1,2012,2.2591666666666663,12.0,4.57,8.28
44426,27,2,1,2012,1.2525000000000002,10.97,4.36,7.96
44427,27,3,1,2012,0.38999999999999996,10.9,4.09,7.73
44428,27,4,1,2012,-0.011666666666666667,10.08,3.34,7.19
44429,27,5,1,2012,-0.1375,8.15,3.18,6.83
44430,27,6,1,2012,-0.4108333333333334,5.99,2.59,5.71
44431,27,7,1,2012,-0.5375,4.19,2.1,4.08
44432,27,8,1,2012,-0.5091666666666667,2.61,1.63,2.5
44433,27,9,1,2012,0.13,1.77,1.01,1.22
44434,27,10,1,2012,0.32416666666666666,3.5,1.3,2.5500000000000003
44435,27,11,1,2012,0.4075,5.93,2.87,4.34
44436,27,12,1,2012,0.43916666666666665,6.95,3.16,4.68
44437,27,13,1,2012,0.2675,7.69,3.73,5.3500000000000005
44438,27,14,1,2012,0.4266666666666667,8.040000000000001,4.43,5.92
44439,27,15,1,2012,1.0591666666666668,7.37,4.09,5.18
44440,27,16,1,2012,2.2933333333333334,5.49,3.42,4.05
44441,27,17,1,2012,3.6425,4.83,3.74,4.45
44442,27,18,1,2012,4.7175,4.66,3.6,4.29
44443,27,19,1,2012,5.448333333333333,3.14,2.39,2.85
44444,27,20,1,2012,5.854166666666667,1.81,1.24,1.55
44445,27,21,1,2012,5.9941666666666675,6.26,4.49,5.61
44446,27,22,1,2012,5.1191666666666675,7.9,4.55,6.0
44447,27,23,1,2012,3.841666666666667,11.34,5.28,8.4
44448,28,0,1,2012,2.646666666666667,17.650000000000006,9.65,13.47
44449,28,1,1,2012,1.280833333333333,17.27,9.74,13.37
44450,28,2,1,2012,0.1566666666666667,15.09,8.370000000000001,11.58
44451,28,3,1,2012,-0.14083333333333334,16.81,8.57,12.19
44452,28,4,1,2012,-0.67,14.82,7.8,10.97
44453,28,5,1,2012,-1.2708333333333333,13.88,7.05,10.03
44454,28,6,1,2012,-1.8991666666666667,12.34,4.7,7.6
44455,28,7,1,2012,-2.17,11.75,4.47,7.23
44456,28,8,1,2012,-1.9066666666666672,13.33,6.63,9.6
44457,28,9,1,2012,-1.9466666666666665,12.98,6.59,9.5
44458,28,10,1,2012,-2.425833333333333,12.3,6.0200000000000005,8.83
44459,28,11,1,2012,-2.7083333333333335,12.05,5.88,8.64
44460,28,12,1,2012,-3.315,10.86,5.19,7.75
44461,28,13,1,2012,-3.7575000000000003,11.07,5.7700000000000005,7.9300000000000015
44462,28,14,1,2012,-2.8499999999999996,10.96,6.37,8.35
44463,28,15,1,2012,-1.1541666666666666,9.35,6.7,8.14
44464,28,16,1,2012,0.9233333333333333,9.37,6.97,8.41
44465,28,17,1,2012,2.5258333333333334,9.48,7.0,8.53
44466,28,18,1,2012,3.8783333333333334,9.2,6.72,8.2
44467,28,19,1,2012,4.816666666666667,10.88,7.83,9.64
44468,28,20,1,2012,5.584166666666667,10.48,7.38,9.16
44469,28,21,1,2012,5.616666666666667,10.65,7.29,9.16
44470,28,22,1,2012,4.025833333333334,11.72,5.33,7.6400000000000015
44471,28,23,1,2012,2.019166666666667,12.44,4.79,8.86
44472,29,0,1,2012,0.8016666666666669,11.88,5.04,8.34
44473,29,1,1,2012,0.1475,13.45,5.19,8.92
44474,29,2,1,2012,-0.10083333333333333,13.03,5.36,8.91
44475,29,3,1,2012,-0.3491666666666666,13.21,5.69,8.96
44476,29,4,1,2012,-0.5941666666666666,14.11,5.78,9.28
44477,29,5,1,2012,-0.30250000000000005,13.67,6.11,9.23
44478,29,6,1,2012,-0.1708333333333333,13.33,6.2,9.33
44479,29,7,1,2012,-0.005833333333333332,13.34,6.41,9.54
44480,29,8,1,2012,-0.5991666666666666,12.72,6.0,9.15
44481,29,9,1,2012,-1.1116666666666666,12.72,5.53,8.73
44482,29,10,1,2012,-1.2841666666666665,12.44,5.2700000000000005,8.290000000000001
44483,29,11,1,2012,-1.8399999999999996,11.48,4.48,7.47
44484,29,12,1,2012,-2.4183333333333334,11.1,3.79,6.92
44485,29,13,1,2012,-2.0849999999999995,10.49,4.23,7.21
44486,29,14,1,2012,-1.0191666666666668,9.88,4.8500000000000005,7.19
44487,29,15,1,2012,-0.15499999999999997,5.18,3.14,3.77
44488,29,16,1,2012,0.9975,2.83,2.24,2.63
44489,29,17,1,2012,2.4108333333333327,2.1,1.74,2.0
44490,29,18,1,2012,3.4616666666666664,1.47,1.32,1.47
44491,29,19,1,2012,4.507499999999999,2.85,2.17,2.59
44492,29,20,1,2012,5.498333333333334,3.61,2.74,3.29
44493,29,21,1,2012,5.853333333333334,4.3100000000000005,3.16,3.86
44494,29,22,1,2012,5.050833333333334,5.94,2.98,4.92
44495,29,23,1,2012,3.215,9.12,4.0,7.28
44496,30,0,1,2012,2.920833333333333,10.69,4.87,8.13
44497,30,1,1,2012,2.5349999999999997,11.48,5.45,8.78
44498,30,2,1,2012,2.8675,13.06,6.29,9.69
44499,30,3,1,2012,3.8058333333333336,15.27,7.41,11.14
44500,30,4,1,2012,4.8775,16.25,8.05,11.91
44501,30,5,1,2012,4.781666666666666,16.75,8.22,12.05
44502,30,6,1,2012,4.740833333333334,17.71,9.16,13.03
44503,30,7,1,2012,4.7225,18.02,9.44,13.31
44504,30,8,1,2012,4.7175,17.71,9.17,12.98
44505,30,9,1,2012,4.651666666666667,17.57,9.19,12.98
44506,30,10,1,2012,4.3925,17.3,9.07,12.78
44507,30,11,1,2012,4.3358333333333325,17.2,9.24,12.88
44508,30,12,1,2012,4.369166666666667,17.2,9.22,12.88
44509,30,13,1,2012,4.164166666666667,17.46,9.31,12.93
44510,30,14,1,2012,5.284166666666667,17.28,9.44,12.93
44511,30,15,1,2012,7.305000000000001,14.58,9.12,11.84
44512,30,16,1,2012,9.26,12.95,8.33,10.17
44513,30,17,1,2012,11.142499999999998,11.67,8.61,10.46
44514,30,18,1,2012,12.703333333333333,10.63,7.97,9.7
44515,30,19,1,2012,14.104999999999997,11.43,8.540000000000001,10.42
44516,30,20,1,2012,14.9075,11.44,8.36,10.29
44517,30,21,1,2012,15.078333333333331,11.55,8.28,10.23
44518,30,22,1,2012,14.1725,12.82,7.05,9.55
44519,30,23,1,2012,12.258333333333335,14.81,6.28,10.19
44520,31,0,1,2012,11.139166666666666,17.22,8.58,12.58
44521,31,1,1,2012,10.685,17.63,9.06,12.99
44522,31,2,1,2012,9.995,17.88,9.29,13.18
44523,31,3,1,2012,9.493333333333334,18.35,9.63,13.54
44524,31,4,1,2012,8.841666666666667,18.54,9.73,13.67
44525,31,5,1,2012,8.513333333333334,18.66,10.18,14.1
44526,31,6,1,2012,8.191666666666665,18.66,10.2,14.11
44527,31,7,1,2012,7.543333333333334,17.62,9.19,12.97
44528,31,8,1,2012,7.325,17.22,8.99,12.72
44529,31,9,1,2012,7.329999999999999,17.1,8.950000000000003,12.65
44530,31,10,1,2012,6.833333333333333,15.68,8.22,11.63
44531,31,11,1,2012,6.182500000000001,14.49,7.97,11.01
44532,31,12,1,2012,5.5633333333333335,12.55,7.66,10.05
44533,31,13,1,2012,4.835833333333333,11.15,6.91,8.93
44534,31,14,1,2012,3.5774999999999992,9.57,6.0,7.86
44535,31,15,1,2012,2.3325000000000005,7.35,5.25,6.38
44536,31,16,1,2012,2.9424999999999994,6.2700000000000005,4.07,4.61
44537,31,17,1,2012,6.390833333333333,4.49,3.3000000000000003,3.97
44538,31,18,1,2012,10.566666666666666,6.2700000000000005,4.76,5.73
44539,31,19,1,2012,12.033333333333331,6.58,4.8500000000000005,5.9
44540,31,20,1,2012,12.753333333333332,6.91,5.03,6.16
44541,31,21,1,2012,12.951666666666666,7.28,5.17,6.45
44542,31,22,1,2012,11.993333333333332,7.5,5.0200000000000005,6.33
44543,31,23,1,2012,10.233333333333334,7.66,3.12,6.17
44544,1,0,2,2012,9.093333333333335,9.61,3.99,7.51
44545,1,1,2,2012,8.300833333333335,10.22,4.24,7.87
44546,1,2,2,2012,7.615833333333335,10.47,4.29,8.02
44547,1,3,2,2012,6.606666666666666,10.66,3.87,7.68
44548,1,4,2,2012,5.6291666666666655,9.44,3.23,6.8500000000000005
44549,1,5,2,2012,5.398333333333333,8.23,3.36,7.09
44550,1,6,2,2012,5.3775,8.09,3.71,7.24
44551,1,7,2,2012,4.6925,6.99,3.45,6.53
44552,1,8,2,2012,4.285833333333334,6.15,3.29,5.54
44553,1,9,2,2012,4.281666666666665,5.92,3.38,5.71
44554,1,10,2,2012,4.064166666666666,5.68,3.37,5.62
44555,1,11,2,2012,3.508333333333334,4.29,2.95,4.5200000000000005
44556,1,12,2,2012,3.2016666666666667,4.15,2.9,4.43
44557,1,13,2,2012,2.9441666666666673,3.92,2.85,4.38
44558,1,14,2,2012,3.876666666666667,3.47,2.69,3.98
44559,1,15,2,2012,5.8625,2.6,1.82,2.75
44560,1,16,2,2012,8.189166666666667,1.89,1.33,1.44
44561,1,17,2,2012,10.300833333333335,1.86,1.66,1.87
44562,1,18,2,2012,12.008333333333335,2.88,2.36,2.76
44563,1,19,2,2012,13.220833333333331,3.87,3.09,3.64
44564,1,20,2,2012,13.857500000000002,4.74,3.62,4.36
44565,1,21,2,2012,14.069166666666668,5.22,3.82,4.69
44566,1,22,2,2012,13.488333333333335,6.49,3.79,5.34
44567,1,23,2,2012,12.090833333333334,8.63,4.03,7.2
44568,2,0,2,2012,11.148333333333333,8.72,4.72,7.76
44569,2,1,2,2012,10.156666666666668,10.01,5.09,8.39
44570,2,2,2,2012,9.190000000000001,10.15,5.08,8.34
44571,2,3,2,2012,8.339166666666667,9.96,5.03,8.24
44572,2,4,2,2012,7.6191666666666675,9.75,4.96,8.13
44573,2,5,2,2012,7.071666666666666,8.370000000000001,4.74,7.54
44574,2,6,2,2012,6.682499999999998,8.32,4.82,7.3900000000000015
44575,2,7,2,2012,6.28,8.48,4.82,7.44
44576,2,8,2,2012,4.853333333333334,8.21,4.74,7.38
44577,2,9,2,2012,3.5116666666666667,4.5,1.05,2.48
44578,2,10,2,2012,2.6658333333333335,5.08,1.49,3.13
44579,2,11,2,2012,2.039166666666667,5.13,1.97,3.33
44580,2,12,2,2012,1.6866666666666665,5.7700000000000005,2.66,4.72
44581,2,13,2,2012,1.7799999999999996,6.69,3.01,5.3500000000000005
44582,2,14,2,2012,3.1725,6.54,2.34,4.79
44583,2,15,2,2012,5.7625,5.6000000000000005,1.78,3.09
44584,2,16,2,2012,8.125,3.34,1.36,1.59
44585,2,17,2,2012,10.176666666666666,2.0,1.53,1.81
44586,2,18,2,2012,11.866666666666665,2.84,2.33,2.71
44587,2,19,2,2012,12.8075,4.0200000000000005,3.14,3.73
44588,2,20,2,2012,13.433333333333332,4.58,3.47,4.17
44589,2,21,2,2012,13.750833333333333,5.16,3.76,4.64
44590,2,22,2,2012,13.120833333333332,7.23,3.58,5.22
44591,2,23,2,2012,11.393333333333333,9.54,3.18,6.5200000000000005
44592,3,0,2,2012,9.785833333333333,9.6,2.93,6.6000000000000005
44593,3,1,2,2012,8.4625,12.22,3.02,7.32
44594,3,2,2,2012,7.335833333333331,13.23,3.44,7.52
44595,3,3,2,2012,6.772500000000001,13.29,3.71,7.74
44596,3,4,2,2012,6.612500000000001,13.06,3.42,7.35
44597,3,5,2,2012,6.238333333333332,12.33,4.0,6.87
44598,3,6,2,2012,6.4725,11.84,4.07,6.93
44599,3,7,2,2012,6.680833333333333,10.24,3.94,6.49
44600,3,8,2,2012,6.7975,9.62,3.56,6.04
44601,3,9,2,2012,6.781666666666667,9.06,3.59,6.07
44602,3,10,2,2012,6.008333333333333,8.69,4.0,5.94
44603,3,11,2,2012,5.918333333333334,9.35,5.08,7.15
44604,3,12,2,2012,5.495833333333334,12.54,8.32,10.69
44605,3,13,2,2012,5.070833333333335,15.23,10.27,13.13
44606,3,14,2,2012,4.821666666666667,15.26,10.21,13.1
44607,3,15,2,2012,4.398333333333333,15.23,10.17,13.06
44608,3,16,2,2012,3.8366666666666664,15.44,10.39,13.32
44609,3,17,2,2012,3.3558333333333343,14.36,8.73,11.21
44610,3,18,2,2012,3.1850000000000005,13.38,7.58,9.78
44611,3,19,2,2012,2.9791666666666665,12.59,7.61,9.75
44612,3,20,2,2012,3.513333333333333,11.79,6.82,8.93
44613,3,21,2,2012,4.1241666666666665,11.05,7.24,9.34
44614,3,22,2,2012,4.204999999999999,10.73,6.99,9.01
44615,3,23,2,2012,4.2975,10.59,6.73,8.78
44616,4,0,2,2012,4.443333333333333,11.52,7.38,9.58
44617,4,1,2,2012,4.4750000000000005,11.9,7.69,10.0
44618,4,2,2,2012,4.471666666666666,12.46,8.22,10.51
44619,4,3,2,2012,4.344166666666667,11.79,7.97,10.14
44620,4,4,2,2012,4.38,11.24,7.28,9.45
44621,4,5,2,2012,4.433333333333334,12.48,8.27,10.61
44622,4,6,2,2012,4.168333333333333,11.07,7.55,9.59
44623,4,7,2,2012,3.8949999999999996,10.08,7.07,8.870000000000003
44624,4,8,2,2012,3.5425,10.53,7.15,9.11
44625,4,9,2,2012,2.860833333333334,10.99,7.0600000000000005,9.5
44626,4,10,2,2012,1.2883333333333333,10.55,7.16,9.05
44627,4,11,2,2012,0.3483333333333334,10.53,6.3100000000000005,8.0
44628,4,12,2,2012,0.3950000000000001,11.08,6.65,8.620000000000001
44629,4,13,2,2012,0.3791666666666667,11.56,6.79,8.94
44630,4,14,2,2012,0.13083333333333336,10.38,6.6000000000000005,8.66
44631,4,15,2,2012,0.28916666666666674,10.35,6.32,7.84
44632,4,16,2,2012,0.715,10.05,7.31,9.04
44633,4,17,2,2012,0.9733333333333333,10.38,7.61,9.38
44634,4,18,2,2012,0.875,10.37,7.6,9.37
44635,4,19,2,2012,0.9325,10.66,7.75,9.58
44636,4,20,2,2012,0.8758333333333335,10.78,7.82,9.69
44637,4,21,2,2012,0.5266666666666667,10.49,7.57,9.41
44638,4,22,2,2012,0.16583333333333333,10.63,6.98,8.73
44639,4,23,2,2012,-0.11249999999999999,11.08,6.44,8.32
44640,5,0,2,2012,-0.19083333333333333,11.19,6.26,8.4
44641,5,1,2,2012,-0.22333333333333336,11.14,6.2,8.34
44642,5,2,2,2012,-0.16499999999999995,10.46,5.8100000000000005,8.47
44643,5,3,2,2012,-0.03833333333333333,10.55,5.72,8.63
44644,5,4,2,2012,0.03833333333333333,12.32,5.86,9.71
44645,5,5,2,2012,0.4083333333333334,11.04,7.28,9.38
44646,5,6,2,2012,0.5350000000000001,9.69,6.0600000000000005,7.99
44647,5,7,2,2012,0.2508333333333333,9.96,4.92,7.03
44648,5,8,2,2012,-0.7033333333333333,10.83,4.6000000000000005,7.27
44649,5,9,2,2012,-1.3891666666666664,11.23,5.13,8.01
44650,5,10,2,2012,-1.7133333333333332,10.8,4.93,7.72
44651,5,11,2,2012,-2.2183333333333333,9.96,4.9,7.44
44652,5,12,2,2012,-2.715,9.89,4.49,7.08
44653,5,13,2,2012,-3.0816666666666666,9.09,4.74,6.98
44654,5,14,2,2012,-3.4175000000000004,8.45,4.58,6.57
44655,5,15,2,2012,-3.0941666666666667,6.95,3.81,5.12
44656,5,16,2,2012,-2.3125,5.39,3.78,4.48
44657,5,17,2,2012,-0.6408333333333334,4.71,3.76,4.46
44658,5,18,2,2012,0.5800000000000001,4.7,3.73,4.45
44659,5,19,2,2012,1.3691666666666666,4.39,3.46,4.14
44660,5,20,2,2012,1.7991666666666666,4.68,3.65,4.4
44661,5,21,2,2012,1.8241666666666667,4.86,3.73,4.5200000000000005
44662,5,22,2,2012,1.1016666666666666,5.15,3.25,4.57
44663,5,23,2,2012,-0.51,5.0600000000000005,2.66,4.73
44664,6,0,2,2012,-1.2874999999999999,5.92,2.56,5.08
44665,6,1,2,2012,-1.5075,6.0600000000000005,2.85,5.42
44666,6,2,2,2012,-1.6891666666666667,5.58,3.12,5.37
44667,6,3,2,2012,-1.8908333333333331,5.66,3.08,5.47
44668,6,4,2,2012,-2.0725,5.54,3.02,5.49
44669,6,5,2,2012,-2.2475,5.19,3.0500000000000003,5.15
44670,6,6,2,2012,-2.2291666666666665,4.75,3.16,5.08
44671,6,7,2,2012,-2.3408333333333333,4.72,3.16,5.09
44672,6,8,2,2012,-2.5591666666666666,4.8500000000000005,3.23,5.11
44673,6,9,2,2012,-2.6508333333333334,5.45,3.33,5.0200000000000005
44674,6,10,2,2012,-2.733333333333333,5.93,3.72,5.58
44675,6,11,2,2012,-2.5558333333333336,6.74,4.16,6.22
44676,6,12,2,2012,-2.525,7.61,4.38,6.47
44677,6,13,2,2012,-2.5025,7.83,4.64,6.67
44678,6,14,2,2012,-2.130833333333333,8.24,4.75,6.59
44679,6,15,2,2012,-1.3975000000000002,8.27,4.75,6.43
44680,6,16,2,2012,0.27666666666666667,7.55,4.72,5.49
44681,6,17,2,2012,2.1283333333333334,6.41,4.38,5.09
44682,6,18,2,2012,3.515833333333333,5.19,4.09,4.82
44683,6,19,2,2012,4.5,5.07,3.93,4.68
44684,6,20,2,2012,5.0675,4.79,3.66,4.4
44685,6,21,2,2012,5.054166666666666,5.0200000000000005,3.49,4.26
44686,6,22,2,2012,4.175833333333333,4.99,2.42,4.15
44687,6,23,2,2012,2.894166666666667,5.72,2.5,4.43
44688,7,0,2,2012,2.4199999999999995,6.03,2.87,4.86
44689,7,1,2,2012,2.533333333333333,6.74,3.69,5.76
44690,7,2,2,2012,2.8158333333333334,6.8,3.92,5.95
44691,7,3,2,2012,2.7175,6.5600000000000005,3.84,5.86
44692,7,4,2,2012,2.2550000000000003,6.1400000000000015,3.45,5.4
44693,7,5,2,2012,2.203333333333333,5.3100000000000005,2.84,4.6000000000000005
44694,7,6,2,2012,1.9725000000000004,6.04,2.96,4.99
44695,7,7,2,2012,1.1933333333333334,6.92,3.1,5.08
44696,7,8,2,2012,0.8458333333333332,8.15,3.25,5.13
44697,7,9,2,2012,0.3991666666666666,8.14,3.7,5.29
44698,7,10,2,2012,-0.38333333333333336,7.42,3.96,5.47
44699,7,11,2,2012,-1.0,8.28,4.65,6.32
44700,7,12,2,2012,-1.5925,9.31,5.3500000000000005,7.24
44701,7,13,2,2012,-2.1058333333333334,9.8,6.08,7.94
44702,7,14,2,2012,-2.0608333333333326,9.74,6.07,7.85
44703,7,15,2,2012,-1.6658333333333335,8.790000000000001,6.43,7.9300000000000015
44704,7,16,2,2012,-1.2425,8.77,6.43,7.91
44705,7,17,2,2012,-0.8533333333333334,8.51,6.3500000000000005,7.77
44706,7,18,2,2012,-0.4783333333333333,8.59,6.37,7.82
44707,7,19,2,2012,-0.4841666666666667,8.84,6.5200000000000005,8.040000000000001
44708,7,20,2,2012,-0.9425000000000002,9.15,6.69,8.290000000000001
44709,7,21,2,2012,-0.9808333333333333,8.870000000000003,6.38,7.9300000000000015
44710,7,22,2,2012,-0.715,9.71,6.07,8.06
44711,7,23,2,2012,-1.0125,9.51,6.0200000000000005,7.94
44712,8,0,2,2012,-1.5508333333333333,9.44,5.94,7.84
44713,8,1,2,2012,-1.8316666666666668,9.13,5.79,7.55
44714,8,2,2,2012,-2.214166666666667,8.65,5.2700000000000005,6.99
44715,8,3,2,2012,-2.5316666666666667,8.78,5.51,7.23
44716,8,4,2,2012,-2.7575,8.03,4.71,6.3100000000000005
44717,8,5,2,2012,-3.024166666666666,7.35,3.96,5.49
44718,8,6,2,2012,-3.483333333333333,7.16,3.42,5.0600000000000005
44719,8,7,2,2012,-3.9491666666666667,6.46,3.37,4.7700000000000005
44720,8,8,2,2012,-4.565833333333333,6.21,2.95,4.53
44721,8,9,2,2012,-5.111666666666667,6.3,3.04,4.54
44722,8,10,2,2012,-5.452500000000001,6.09,2.87,4.28
44723,8,11,2,2012,-5.686666666666667,5.74,3.1,4.26
44724,8,12,2,2012,-5.865833333333332,5.74,3.13,4.28
44725,8,13,2,2012,-5.9675,5.25,2.81,3.86
44726,8,14,2,2012,-5.530000000000001,4.3500000000000005,2.78,3.33
44727,8,15,2,2012,-4.6425,3.41,2.71,3.2
44728,8,16,2,2012,-3.634166666666667,3.09,2.47,2.9
44729,8,17,2,2012,-2.7891666666666666,2.51,2.0,2.34
44730,8,18,2,2012,-2.1424999999999996,2.37,1.93,2.23
44731,8,19,2,2012,-1.7116666666666667,2.29,1.88,2.17
44732,8,20,2,2012,-1.4275,1.97,1.59,1.85
44733,8,21,2,2012,-1.3325000000000002,2.2,1.76,2.06
44734,8,22,2,2012,-1.6199999999999999,2.87,1.91,2.6
44735,8,23,2,2012,-2.7841666666666662,3.74,1.94,3.5
44736,9,0,2,2012,-3.7533333333333334,3.9,1.95,3.6
44737,9,1,2,2012,-4.223333333333334,2.87,1.5,3.44
44738,9,2,2,2012,-4.251666666666667,1.75,0.8300000000000001,2.22
44739,9,3,2,2012,-4.2525,1.12,0.31,1.06
44740,9,4,2,2012,-4.2625,0.28,0.06,0.4
44741,9,5,2,2012,-4.238333333333333,0.85,0.29,0.84
44742,9,6,2,2012,-4.09,1.08,0.32,0.96
44743,9,7,2,2012,-4.000000000000001,1.61,0.42,1.14
44744,9,8,2,2012,-4.049166666666667,2.54,0.98,2.06
44745,9,9,2,2012,-3.8825,2.94,1.2,2.32
44746,9,10,2,2012,-3.7475000000000005,3.92,1.9,3.56
44747,9,11,2,2012,-3.6700000000000004,4.96,2.82,4.61
44748,9,12,2,2012,-3.6050000000000004,5.38,2.86,4.88
44749,9,13,2,2012,-3.59,5.99,3.52,5.4
44750,9,14,2,2012,-2.579166666666666,6.05,3.62,5.12
44751,9,15,2,2012,-1.1325,5.33,3.04,3.65
44752,9,16,2,2012,0.25666666666666665,5.76,4.19,5.15
44753,9,17,2,2012,1.1658333333333333,6.43,4.69,5.7700000000000005
44754,9,18,2,2012,1.91,6.63,4.78,5.9
44755,9,19,2,2012,2.5916666666666663,6.62,4.78,5.9
44756,9,20,2,2012,3.004166666666667,6.66,4.78,5.92
44757,9,21,2,2012,3.1933333333333334,6.71,4.72,5.91
44758,9,22,2,2012,2.5675,7.09,3.47,5.6000000000000005
44759,9,23,2,2012,1.6233333333333333,9.39,3.93,7.25
44760,10,0,2,2012,1.1824999999999999,9.97,4.22,7.52
44761,10,1,2,2012,1.1033333333333333,10.8,4.49,7.88
44762,10,2,2,2012,0.8441666666666667,10.78,4.68,7.94
44763,10,3,2,2012,0.44,11.39,4.67,7.86
44764,10,4,2,2012,0.4100000000000001,11.54,4.89,7.91
44765,10,5,2,2012,0.38833333333333336,11.64,5.11,8.08
44766,10,6,2,2012,-0.37999999999999995,10.96,4.99,7.6400000000000015
44767,10,7,2,2012,-0.8125,11.86,5.39,8.15
44768,10,8,2,2012,-1.3641666666666667,12.6,6.42,9.22
44769,10,9,2,2012,-2.246666666666667,12.75,6.83,9.6
44770,10,10,2,2012,-3.19,12.88,7.4,10.08
44771,10,11,2,2012,-4.109166666666667,13.17,7.84,10.51
44772,10,12,2,2012,-4.9975000000000005,14.23,8.88,11.66
44773,10,13,2,2012,-5.665,12.09,7.9,10.17
44774,10,14,2,2012,-6.646666666666666,14.06,9.66,12.24
44775,10,15,2,2012,-6.8758333333333335,13.32,9.46,11.82
44776,10,16,2,2012,-6.964166666666667,12.55,9.15,11.27
44777,10,17,2,2012,-7.285833333333333,12.9,9.34,11.56
44778,10,18,2,2012,-7.451666666666667,13.96,10.12,12.52
44779,10,19,2,2012,-7.2,12.76,9.35,11.55
44780,10,20,2,2012,-7.443333333333334,12.93,9.39,11.62
44781,10,21,2,2012,-8.0075,13.79,9.86,12.27
44782,10,22,2,2012,-8.59,11.8,8.35,10.39
44783,10,23,2,2012,-9.641666666666667,14.02,9.63,12.15
44784,11,0,2,2012,-10.251666666666667,11.88,8.06,10.19
44785,11,1,2,2012,-10.6425,12.17,7.94,10.18
44786,11,2,2,2012,-11.180833333333334,11.88,7.88,10.07
44787,11,3,2,2012,-11.918333333333335,12.06,8.01,10.21
44788,11,4,2,2012,-12.5625,11.9,7.92,10.09
44789,11,5,2,2012,-13.098333333333334,10.96,7.18,9.22
44790,11,6,2,2012,-13.578333333333333,9.86,6.5,8.32
44791,11,7,2,2012,-14.06,9.57,5.94,7.73
44792,11,8,2,2012,-14.551666666666664,9.27,5.99,7.74
44793,11,9,2,2012,-14.97166666666667,9.53,5.93,7.81
44794,11,10,2,2012,-15.3075,9.49,5.79,7.86
44795,11,11,2,2012,-15.571666666666667,8.88,5.38,7.22
44796,11,12,2,2012,-15.781666666666666,8.55,5.26,6.9
44797,11,13,2,2012,-15.905833333333334,8.1,4.9,6.4
44798,11,14,2,2012,-15.464166666666666,7.56,5.12,6.32
44799,11,15,2,2012,-14.493333333333332,6.67,5.13,6.19
44800,11,16,2,2012,-13.151666666666669,6.5200000000000005,5.01,6.03
44801,11,17,2,2012,-11.805,5.93,4.55,5.47
44802,11,18,2,2012,-10.628333333333332,6.05,4.68,5.61
44803,11,19,2,2012,-9.7475,6.1400000000000015,4.74,5.68
44804,11,20,2,2012,-9.229166666666668,5.84,4.5200000000000005,5.42
44805,11,21,2,2012,-9.054166666666665,5.84,4.5200000000000005,5.42
44806,11,22,2,2012,-9.284166666666668,5.69,4.3500000000000005,5.26
44807,11,23,2,2012,-9.9725,5.78,4.18,5.11
44808,12,0,2,2012,-10.619166666666668,5.76,3.44,4.64
44809,12,1,2,2012,-11.012499999999998,4.96,2.84,3.89
44810,12,2,2,2012,-11.265833333333333,6.01,2.69,4.12
44811,12,3,2,2012,-11.399166666666668,6.73,3.02,4.78
44812,12,4,2,2012,-11.589166666666666,6.82,3.08,4.92
44813,12,5,2,2012,-11.816666666666665,7.01,3.19,5.05
44814,12,6,2,2012,-12.003333333333332,6.83,3.27,5.05
44815,12,7,2,2012,-12.219166666666665,6.68,3.3000000000000003,5.0600000000000005
44816,12,8,2,2012,-12.338333333333333,6.6400000000000015,3.19,5.0200000000000005
44817,12,9,2,2012,-12.407499999999999,6.53,3.2,5.14
44818,12,10,2,2012,-12.495833333333335,6.01,2.95,4.89
44819,12,11,2,2012,-12.584999999999999,4.99,2.63,4.34
44820,12,12,2,2012,-12.629166666666668,4.93,2.86,4.58
44821,12,13,2,2012,-12.446666666666665,5.54,3.31,4.97
44822,12,14,2,2012,-11.109166666666667,5.38,3.09,4.46
44823,12,15,2,2012,-9.104166666666668,4.87,2.67,3.11
44824,12,16,2,2012,-7.305833333333333,4.25,3.29,3.92
44825,12,17,2,2012,-5.6475,5.61,4.21,5.1000000000000005
44826,12,18,2,2012,-4.257499999999999,6.66,4.9,5.99
44827,12,19,2,2012,-3.2541666666666664,7.47,5.4,6.65
44828,12,20,2,2012,-2.5741666666666667,7.86,5.69,7.0200000000000005
44829,12,21,2,2012,-1.9558333333333333,8.22,5.83,7.24
44830,12,22,2,2012,-2.03,8.15,5.73,7.16
44831,12,23,2,2012,-2.8475,11.04,4.99,7.81
44832,13,0,2,2012,-3.2375000000000003,11.29,5.26,8.03
44833,13,1,2,2012,-3.376666666666667,12.23,5.98,8.81
44834,13,2,2,2012,-3.555,12.2,5.98,8.77
44835,13,3,2,2012,-3.8100000000000005,11.79,5.58,8.32
44836,13,4,2,2012,-3.704166666666667,11.6,5.75,8.370000000000001
44837,13,5,2,2012,-3.3766666666666665,11.52,6.2,8.66
44838,13,6,2,2012,-3.033333333333333,11.49,6.37,8.76
44839,13,7,2,2012,-3.183333333333333,12.85,7.52,10.11
44840,13,8,2,2012,-4.433333333333334,11.54,6.5200000000000005,8.75
44841,13,9,2,2012,-4.223333333333333,10.93,5.51,8.3
44842,13,10,2,2012,-3.7950000000000004,11.63,5.41,8.97
44843,13,11,2,2012,-3.3658333333333332,11.92,7.6400000000000015,9.94
44844,13,12,2,2012,-3.0341666666666662,11.67,7.48,9.74
44845,13,13,2,2012,-2.8375,11.16,7.1000000000000005,9.28
44846,13,14,2,2012,-2.6275,10.95,7.1000000000000005,9.22
44847,13,15,2,2012,-2.0883333333333334,8.83,6.29,7.82
44848,13,16,2,2012,-1.4408333333333332,8.85,6.37,7.9
44849,13,17,2,2012,-0.6891666666666666,8.55,6.16,7.6400000000000015
44850,13,18,2,2012,-0.02666666666666666,8.24,5.98,7.38
44851,13,19,2,2012,0.41666666666666674,8.0,5.83,7.19
44852,13,20,2,2012,0.7958333333333334,7.75,5.7,6.99
44853,13,21,2,2012,0.9500000000000001,6.72,4.9,6.04
44854,13,22,2,2012,0.5958333333333334,5.53,4.01,4.92
44855,13,23,2,2012,-0.05499999999999999,6.87,3.0500000000000003,5.0600000000000005
44856,14,0,2,2012,-0.515,6.92,3.06,5.07
44857,14,1,2,2012,-0.5441666666666666,6.47,3.13,4.93
44858,14,2,2,2012,-1.0474999999999999,6.8,3.02,5.28
44859,14,3,2,2012,-1.2891666666666668,7.0,3.31,5.42
44860,14,4,2,2012,-1.7166666666666666,6.74,3.39,5.6000000000000005
44861,14,5,2,2012,-2.2249999999999996,6.3,3.2,5.44
44862,14,6,2,2012,-2.4791666666666665,5.78,3.13,5.37
44863,14,7,2,2012,-2.7975,6.36,3.3000000000000003,5.48
44864,14,8,2,2012,-2.9483333333333337,7.08,3.67,5.83
44865,14,9,2,2012,-3.1225,7.98,3.58,5.86
44866,14,10,2,2012,-3.480833333333333,8.01,3.53,5.84
44867,14,11,2,2012,-3.6458333333333326,7.72,3.61,5.83
44868,14,12,2,2012,-3.3716666666666666,7.41,3.83,6.28
44869,14,13,2,2012,-3.0991666666666666,6.93,4.24,6.2700000000000005
44870,14,14,2,2012,-2.415833333333333,7.13,4.33,5.88
44871,14,15,2,2012,-0.6833333333333332,6.8,4.0600000000000005,4.7700000000000005
44872,14,16,2,2012,1.303333333333333,5.99,4.18,4.87
44873,14,17,2,2012,3.03,6.07,4.73,5.63
44874,14,18,2,2012,4.2091666666666665,6.33,4.92,5.87
44875,14,19,2,2012,4.850833333333334,6.75,5.2,6.24
44876,14,20,2,2012,5.599166666666668,6.33,4.71,5.73
44877,14,21,2,2012,5.8175,7.03,4.3100000000000005,5.32
44878,14,22,2,2012,4.858333333333333,8.23,3.5,6.41
44879,14,23,2,2012,3.6250000000000004,9.75,4.09,7.27
44880,15,0,2,2012,3.064166666666667,11.54,4.68,8.21
44881,15,1,2,2012,2.5224999999999995,11.74,4.87,8.42
44882,15,2,2,2012,2.4200000000000004,12.26,4.79,8.58
44883,15,3,2,2012,1.6708333333333334,12.61,4.3500000000000005,7.94
44884,15,4,2,2012,1.6274999999999997,11.92,4.12,7.66
44885,15,5,2,2012,1.9308333333333332,11.5,4.54,7.6400000000000015
44886,15,6,2,2012,1.815833333333333,11.37,4.53,7.61
44887,15,7,2,2012,1.1050000000000002,10.64,4.07,7.17
44888,15,8,2,2012,-0.15833333333333333,9.2,2.75,6.43
44889,15,9,2,2012,-0.13,7.74,2.03,4.87
44890,15,10,2,2012,-0.505,6.67,1.49,4.07
44891,15,11,2,2012,-0.6150000000000001,6.38,1.43,3.74
44892,15,12,2,2012,0.31166666666666665,6.3900000000000015,1.39,3.36
44893,15,13,2,2012,0.515,6.25,0.98,2.61
44894,15,14,2,2012,0.7016666666666667,4.82,1.33,3.04
44895,15,15,2,2012,1.4391666666666667,4.2700000000000005,1.76,3.3200000000000003
44896,15,16,2,2012,1.865,3.01,1.32,2.14
44897,15,17,2,2012,2.3591666666666664,1.45,1.37,1.38
44898,15,18,2,2012,2.9375,1.69,1.28,1.38
44899,15,19,2,2012,3.339166666666667,1.35,1.16,1.3
44900,15,20,2,2012,3.1908333333333334,4.98,2.95,4.03
44901,15,21,2,2012,2.4824999999999995,5.3100000000000005,2.92,3.99
44902,15,22,2,2012,1.8758333333333335,6.07,2.89,4.51
44903,15,23,2,2012,1.2283333333333333,7.24,3.83,5.45
44904,16,0,2,2012,0.12,7.21,4.3500000000000005,5.83
44905,16,1,2,2012,-0.6891666666666666,9.09,4.05,6.51
44906,16,2,2,2012,-0.5633333333333334,9.69,4.21,6.63
44907,16,3,2,2012,-0.2608333333333333,9.99,5.16,7.45
44908,16,4,2,2012,-0.7908333333333334,11.07,5.9,8.34
44909,16,5,2,2012,-0.8733333333333332,11.05,5.86,8.3
44910,16,6,2,2012,-0.9491666666666666,10.98,5.17,7.8
44911,16,7,2,2012,-0.8758333333333334,11.18,5.44,8.05
44912,16,8,2,2012,-1.1524999999999999,10.92,5.25,7.82
44913,16,9,2,2012,-1.5658333333333332,10.59,4.8100000000000005,7.52
44914,16,10,2,2012,-2.0241666666666664,10.09,4.53,7.1400000000000015
44915,16,11,2,2012,-2.44,9.36,4.28,6.96
44916,16,12,2,2012,-2.4141666666666666,8.64,4.28,6.8100000000000005
44917,16,13,2,2012,-2.1999999999999997,7.71,4.1,6.59
44918,16,14,2,2012,-1.0441666666666667,6.8,3.54,5.07
44919,16,15,2,2012,0.6141666666666666,6.0200000000000005,3.22,3.71
44920,16,16,2,2012,2.316666666666667,3.67,2.67,3.06
44921,16,17,2,2012,3.5491666666666664,3.27,2.65,3.08
44922,16,18,2,2012,4.458333333333333,3.29,2.6,3.0500000000000003
44923,16,19,2,2012,5.039166666666667,3.44,2.7,3.18
44924,16,20,2,2012,5.316666666666667,3.3200000000000003,2.59,3.06
44925,16,21,2,2012,5.335,3.5,2.45,2.92
44926,16,22,2,2012,4.493333333333333,4.3500000000000005,2.01,3.5700000000000003
44927,16,23,2,2012,2.818333333333333,5.11,2.38,4.41
44928,17,0,2,2012,1.8958333333333337,6.09,3.0700000000000003,5.34
44929,17,1,2,2012,1.663333333333333,7.63,4.0,6.99
44930,17,2,2,2012,1.9933333333333332,9.54,4.97,8.09
44931,17,3,2,2012,1.8183333333333331,9.95,5.1000000000000005,8.22
44932,17,4,2,2012,1.8133333333333337,10.17,4.88,8.02
44933,17,5,2,2012,1.4416666666666667,10.89,4.72,8.14
44934,17,6,2,2012,1.2833333333333334,11.0,4.8500000000000005,8.25
44935,17,7,2,2012,1.3925,12.28,5.66,9.0
44936,17,8,2,2012,1.776666666666667,12.8,6.18,9.51
44937,17,9,2,2012,1.5516666666666667,13.03,6.3100000000000005,9.6
44938,17,10,2,2012,1.4566666666666663,13.21,6.45,9.74
44939,17,11,2,2012,1.159166666666667,12.94,6.4,9.57
44940,17,12,2,2012,0.9791666666666669,13.07,6.42,9.56
44941,17,13,2,2012,0.8091666666666666,13.2,6.8900000000000015,9.62
44942,17,14,2,2012,1.6300000000000001,12.84,7.05,9.56
44943,17,15,2,2012,3.0641666666666665,10.92,6.33,8.58
44944,17,16,2,2012,4.179166666666667,7.29,5.38,6.42
44945,17,17,2,2012,5.129166666666667,6.2700000000000005,4.88,5.8100000000000005
44946,17,18,2,2012,5.766666666666667,4.55,3.51,4.18
44947,17,19,2,2012,6.1475,4.15,3.27,3.88
44948,17,20,2,2012,6.296666666666667,5.11,3.96,4.75
44949,17,21,2,2012,5.8933333333333335,5.25,4.04,4.84
44950,17,22,2,2012,5.038333333333333,6.46,3.95,5.33
44951,17,23,2,2012,2.954166666666667,7.21,3.58,5.86
44952,18,0,2,2012,1.5183333333333335,8.38,3.85,6.6000000000000005
44953,18,1,2,2012,0.8233333333333333,9.78,4.08,6.8900000000000015
44954,18,2,2,2012,0.6833333333333332,11.51,4.57,7.52
44955,18,3,2,2012,-0.037500000000000006,11.28,4.58,7.43
44956,18,4,2,2012,-0.2558333333333333,11.99,4.8,7.73
44957,18,5,2,2012,-0.5599999999999999,11.99,4.82,7.73
44958,18,6,2,2012,-0.9249999999999999,11.59,4.66,7.43
44959,18,7,2,2012,-1.32,10.89,4.61,7.15
44960,18,8,2,2012,-1.7991666666666666,9.6,4.3500000000000005,6.6000000000000005
44961,18,9,2,2012,-2.2700000000000005,8.02,3.81,5.62
44962,18,10,2,2012,-2.5241666666666673,6.92,3.29,4.7
44963,18,11,2,2012,-2.795833333333333,6.47,3.13,4.46
44964,18,12,2,2012,-3.0208333333333335,6.74,3.43,4.8
44965,18,13,2,2012,-3.2333333333333325,6.23,3.04,4.25
44966,18,14,2,2012,-2.561666666666666,5.8500000000000005,3.28,3.92
44967,18,15,2,2012,-1.4433333333333334,4.7,3.63,4.32
44968,18,16,2,2012,-0.3624999999999999,4.82,3.74,4.45
44969,18,17,2,2012,0.5475,4.53,3.54,4.19
44970,18,18,2,2012,1.2475,4.36,3.43,4.05
44971,18,19,2,2012,1.8133333333333335,4.51,3.5500000000000003,4.19
44972,18,20,2,2012,2.1275000000000004,4.54,3.5700000000000003,4.22
44973,18,21,2,2012,2.1749999999999994,4.25,3.28,3.92
44974,18,22,2,2012,1.7950000000000002,4.7,3.35,4.08
44975,18,23,2,2012,0.38166666666666665,5.49,2.7,4.53
44976,19,0,2,2012,-0.9866666666666667,5.58,2.38,4.66
44977,19,1,2,2012,-1.5233333333333334,5.48,1.69,4.54
44978,19,2,2,2012,-1.5475000000000003,5.19,1.17,3.58
44979,19,3,2,2012,-1.8191666666666666,5.75,1.02,3.39
44980,19,4,2,2012,-2.1233333333333335,4.89,0.99,3.38
44981,19,5,2,2012,-2.2183333333333333,4.47,0.8300000000000001,2.35
44982,19,6,2,2012,-2.2191666666666667,3.72,0.85,2.09
44983,19,7,2,2012,-2.2891666666666666,3.42,0.8,1.91
44984,19,8,2,2012,-2.3775000000000004,3.56,0.8200000000000001,1.99
44985,19,9,2,2012,-2.4475000000000002,3.59,0.78,2.0
44986,19,10,2,2012,-2.4916666666666667,3.8,0.88,2.18
44987,19,11,2,2012,-2.6916666666666664,4.23,0.9,2.5
44988,19,12,2,2012,-2.9058333333333333,4.46,0.9,2.7
44989,19,13,2,2012,-2.9433333333333334,4.5600000000000005,1.42,2.72
44990,19,14,2,2012,-1.5116666666666667,4.43,1.93,2.59
44991,19,15,2,2012,0.5008333333333334,3.63,2.22,2.6
44992,19,16,2,2012,2.16,3.59,2.84,3.35
44993,19,17,2,2012,3.3633333333333333,4.19,3.23,3.85
44994,19,18,2,2012,4.296666666666667,4.64,3.53,4.25
44995,19,19,2,2012,4.99,5.04,3.81,4.6000000000000005
44996,19,20,2,2012,5.470833333333334,5.8100000000000005,4.2700000000000005,5.23
44997,19,21,2,2012,5.627500000000001,6.2,4.4,5.51
44998,19,22,2,2012,4.8566666666666665,8.13,3.98,6.09
44999,19,23,2,2012,2.7825,11.26,4.32,8.33
45000,20,0,2,2012,1.7299999999999998,12.74,4.95,8.88
45001,20,1,2,2012,1.3275000000000001,13.41,5.28,9.1
45002,20,2,2,2012,0.8683333333333333,13.75,5.55,9.02
45003,20,3,2,2012,0.755,13.97,5.76,9.09
45004,20,4,2,2012,0.8158333333333333,13.23,5.66,8.8
45005,20,5,2,2012,1.0091666666666668,12.92,5.88,8.82
45006,20,6,2,2012,1.0841666666666667,13.08,6.18,9.15
45007,20,7,2,2012,0.9066666666666666,13.82,6.61,9.7
45008,20,8,2,2012,0.4216666666666667,13.54,6.17,9.18
45009,20,9,2,2012,0.48500000000000004,13.85,6.79,9.87
45010,20,10,2,2012,0.4583333333333333,14.4,7.73,10.81
45011,20,11,2,2012,0.8233333333333334,14.55,8.040000000000001,11.12
45012,20,12,2,2012,1.0133333333333334,15.5,8.3,11.69
45013,20,13,2,2012,1.2566666666666666,16.16,9.79,12.99
45014,20,14,2,2012,2.5191666666666666,15.87,10.31,13.32
45015,20,15,2,2012,3.959166666666667,15.06,9.35,11.74
45016,20,16,2,2012,5.346666666666668,13.23,9.29,11.59
45017,20,17,2,2012,6.304166666666667,13.5,9.51,11.94
45018,20,18,2,2012,7.228333333333333,14.32,9.89,12.45
45019,20,19,2,2012,7.9624999999999995,14.26,9.87,12.42
45020,20,20,2,2012,8.066666666666666,13.29,9.11,11.53
45021,20,21,2,2012,7.559166666666666,11.87,6.91,9.41
45022,20,22,2,2012,7.461666666666667,11.87,6.87,9.34
45023,20,23,2,2012,6.640000000000001,10.76,5.68,8.120000000000001
45024,21,0,2,2012,5.9975,10.6,4.29,7.26
45025,21,1,2,2012,5.617500000000001,10.65,5.62,8.0
45026,21,2,2,2012,5.396666666666667,10.64,5.59,7.99
45027,21,3,2,2012,5.558333333333334,10.98,5.32,7.68
45028,21,4,2,2012,5.852499999999999,11.55,5.74,8.61
45029,21,5,2,2012,5.385833333333333,9.99,6.0,8.040000000000001
45030,21,6,2,2012,3.8658333333333332,12.9,8.22,10.63
45031,21,7,2,2012,1.9558333333333333,14.81,8.97,11.97
45032,21,8,2,2012,1.2550000000000001,14.81,8.77,11.76
45033,21,9,2,2012,1.0433333333333332,13.63,7.41,10.25
45034,21,10,2,2012,0.5016666666666666,12.48,6.36,9.05
45035,21,11,2,2012,0.17,12.73,6.26,9.03
45036,21,12,2,2012,0.15250000000000002,12.88,6.38,9.19
45037,21,13,2,2012,0.3033333333333333,12.42,6.7700000000000005,9.0
45038,21,14,2,2012,1.8758333333333335,11.41,6.67,8.9
45039,21,15,2,2012,3.4566666666666657,7.87,5.55,6.79
45040,21,16,2,2012,5.168333333333333,7.58,5.57,6.79
45041,21,17,2,2012,6.5249999999999995,7.65,5.63,6.86
45042,21,18,2,2012,7.5325,6.99,5.16,6.2700000000000005
45043,21,19,2,2012,8.285833333333334,6.4,4.72,5.73
45044,21,20,2,2012,8.485833333333334,7.24,5.29,6.48
45045,21,21,2,2012,8.385,7.92,5.65,7.0200000000000005
45046,21,22,2,2012,8.16,7.71,5.45,6.8
45047,21,23,2,2012,6.615833333333335,6.41,2.64,4.68
45048,22,0,2,2012,5.339999999999999,4.99,2.16,3.9
45049,22,1,2,2012,5.0775,7.53,4.25,6.3900000000000015
45050,22,2,2,2012,5.1191666666666675,11.06,4.88,8.34
45051,22,3,2,2012,4.450833333333334,15.4,5.8100000000000005,9.83
45052,22,4,2,2012,4.225833333333334,15.66,6.22,10.2
45053,22,5,2,2012,3.5425,15.24,6.0,9.9
45054,22,6,2,2012,3.1774999999999998,16.23,6.92,10.88
45055,22,7,2,2012,3.293333333333333,16.27,7.1400000000000015,10.97
45056,22,8,2,2012,3.4150000000000005,16.240000000000002,7.56,11.33
45057,22,9,2,2012,3.0508333333333337,16.06,7.49,11.09
45058,22,10,2,2012,2.8816666666666664,15.85,7.51,11.1
45059,22,11,2,2012,2.9150000000000005,14.8,7.05,10.28
45060,22,12,2,2012,2.9258333333333333,13.38,6.49,9.49
45061,22,13,2,2012,2.8349999999999995,11.98,5.97,8.74
45062,22,14,2,2012,3.585833333333334,10.85,5.96,7.9
45063,22,15,2,2012,5.187500000000001,9.18,5.37,7.18
45064,22,16,2,2012,6.8258333333333345,6.41,5.1000000000000005,6.03
45065,22,17,2,2012,8.3825,6.21,4.93,5.83
45066,22,18,2,2012,9.773333333333333,5.57,4.25,5.08
45067,22,19,2,2012,10.680833333333332,5.8,4.3500000000000005,5.25
45068,22,20,2,2012,11.186666666666666,5.83,4.38,5.28
45069,22,21,2,2012,11.389166666666666,5.64,4.17,5.0600000000000005
45070,22,22,2,2012,11.204166666666666,5.29,3.85,4.71
45071,22,23,2,2012,9.771666666666667,5.82,2.23,4.43
45072,23,0,2,2012,8.598333333333334,5.34,2.04,4.3500000000000005
45073,23,1,2,2012,8.0275,2.62,0.9,1.9
45074,23,2,2,2012,7.516666666666667,1.85,1.54,1.84
45075,23,3,2,2012,7.9174999999999995,3.24,2.0,3.38
45076,23,4,2,2012,7.391666666666666,5.32,2.9,4.87
45077,23,5,2,2012,7.791666666666665,6.84,3.74,6.1400000000000015
45078,23,6,2,2012,7.848333333333334,7.33,4.04,6.71
45079,23,7,2,2012,7.2316666666666665,7.53,4.14,6.83
45080,23,8,2,2012,5.973333333333333,3.48,0.68,1.85
45081,23,9,2,2012,5.560833333333334,2.68,0.6,1.65
45082,23,10,2,2012,4.948333333333334,1.83,1.57,1.2
45083,23,11,2,2012,4.245833333333333,2.82,2.64,3.97
45084,23,12,2,2012,2.765833333333333,7.86,4.47,6.1000000000000005
45085,23,13,2,2012,2.1408333333333336,12.39,8.15,10.39
45086,23,14,2,2012,3.0375,13.04,8.26,10.62
45087,23,15,2,2012,5.385833333333333,11.89,8.74,10.72
45088,23,16,2,2012,6.493333333333332,12.15,8.89,10.9
45089,23,17,2,2012,7.324166666666668,12.53,9.11,11.2
45090,23,18,2,2012,8.176666666666664,12.45,8.8,10.92
45091,23,19,2,2012,8.434166666666668,13.62,9.56,11.89
45092,23,20,2,2012,8.525,14.82,10.38,12.96
45093,23,21,2,2012,8.345,15.79,10.95,13.77
45094,23,22,2,2012,6.950833333333332,16.240000000000002,11.15,14.08
45095,23,23,2,2012,5.4025,14.61,9.27,11.95
45096,24,0,2,2012,3.5749999999999997,14.89,9.34,12.26
45097,24,1,2,2012,2.501666666666667,14.86,9.57,12.39
45098,24,2,2,2012,1.965,14.13,9.04,11.71
45099,24,3,2,2012,1.4916666666666665,13.67,8.8,11.59
45100,24,4,2,2012,0.9858333333333333,14.93,9.57,12.42
45101,24,5,2,2012,0.6541666666666667,14.37,9.49,12.22
45102,24,6,2,2012,0.4491666666666667,13.84,9.01,11.66
45103,24,7,2,2012,0.395,12.98,8.09,10.68
45104,24,8,2,2012,0.505,13.21,8.2,10.83
45105,24,9,2,2012,1.850371707708594e-17,14.71,8.21,11.27
45106,24,10,2,2012,-0.7666666666666666,15.32,8.8,12.02
45107,24,11,2,2012,-1.1300000000000001,14.8,8.41,11.53
45108,24,12,2,2012,-1.5166666666666666,13.43,7.42,10.28
45109,24,13,2,2012,-1.2933333333333332,11.98,7.0200000000000005,9.44
45110,24,14,2,2012,-0.0816666666666667,11.46,8.01,10.05
45111,24,15,2,2012,1.0291666666666666,11.54,8.13,10.17
45112,24,16,2,2012,1.8,11.28,7.99,9.96
45113,24,17,2,2012,2.6733333333333333,11.01,7.83,9.74
45114,24,18,2,2012,3.473333333333334,11.3,8.0,9.96
45115,24,19,2,2012,4.174166666666667,10.53,7.47,9.27
45116,24,20,2,2012,4.795000000000001,11.21,7.9,9.83
45117,24,21,2,2012,5.114166666666667,11.27,7.86,9.86
45118,24,22,2,2012,5.324166666666667,11.11,7.59,9.61
45119,24,23,2,2012,4.279166666666668,9.68,5.18,7.0600000000000005
45120,25,0,2,2012,3.258333333333333,10.68,4.42,7.34
45121,25,1,2,2012,2.3249999999999997,12.0,4.37,7.74
45122,25,2,2,2012,1.780833333333333,12.72,5.69,8.870000000000003
45123,25,3,2,2012,1.7833333333333332,11.52,5.98,8.620000000000001
45124,25,4,2,2012,1.2308333333333334,10.51,4.95,7.25
45125,25,5,2,2012,0.38166666666666665,11.03,5.11,7.96
45126,25,6,2,2012,-0.6241666666666668,11.42,5.1000000000000005,7.8900000000000015
45127,25,7,2,2012,-1.2483333333333333,10.45,4.8500000000000005,7.44
45128,25,8,2,2012,-1.8641666666666667,11.65,6.78,9.37
45129,25,9,2,2012,-2.3225000000000002,11.85,6.8900000000000015,9.51
45130,25,10,2,2012,-2.915833333333334,8.57,4.42,6.34
45131,25,11,2,2012,-3.1824999999999997,8.89,3.37,5.44
45132,25,12,2,2012,-3.4041666666666663,8.96,4.43,6.3900000000000015
45133,25,13,2,2012,-3.4483333333333337,6.37,3.31,4.42
45134,25,14,2,2012,-2.959166666666667,4.19,3.12,3.77
45135,25,15,2,2012,-2.3675,2.96,2.39,2.79
45136,25,16,2,2012,-1.3533333333333333,1.64,1.46,1.62
45137,25,17,2,2012,-0.03166666666666668,3.44,2.71,3.18
45138,25,18,2,2012,1.3658333333333335,5.12,3.95,4.7
45139,25,19,2,2012,2.5566666666666666,6.86,5.16,6.23
45140,25,20,2,2012,3.4041666666666672,9.1,6.65,8.16
45141,25,21,2,2012,3.928333333333333,10.39,7.4,9.22
45142,25,22,2,2012,3.920833333333334,11.07,7.66,9.58
45143,25,23,2,2012,2.7949999999999995,13.31,6.5,9.47
45144,26,0,2,2012,2.060833333333333,14.53,7.03,10.39
45145,26,1,2,2012,1.996666666666667,15.32,7.92,11.33
45146,26,2,2,2012,1.8758333333333332,16.09,8.32,11.84
45147,26,3,2,2012,2.0883333333333334,16.57,8.76,12.34
45148,26,4,2,2012,2.433333333333333,17.73,9.67,13.49
45149,26,5,2,2012,3.3308333333333326,19.16,10.83,14.86
45150,26,6,2,2012,3.860833333333334,19.66,10.95,15.15
45151,26,7,2,2012,4.435833333333334,19.5,10.79,14.93
45152,26,8,2,2012,4.642499999999999,19.33,10.53,14.72
45153,26,9,2,2012,4.491666666666667,18.09,9.46,13.43
45154,26,10,2,2012,3.8333333333333335,17.44,8.41,12.38
45155,26,11,2,2012,3.026666666666666,16.97,8.22,12.11
45156,26,12,2,2012,1.6274999999999997,14.7,6.53,10.09
45157,26,13,2,2012,1.4858333333333331,13.18,6.32,9.43
45158,26,14,2,2012,3.4458333333333333,10.83,6.03,8.11
45159,26,15,2,2012,5.866666666666667,8.07,5.4,6.49
45160,26,16,2,2012,7.428333333333334,6.6000000000000005,4.99,6.01
45161,26,17,2,2012,8.753333333333334,6.55,4.98,5.98
45162,26,18,2,2012,9.723333333333334,6.51,4.94,5.94
45163,26,19,2,2012,10.560000000000002,5.89,4.47,5.36
45164,26,20,2,2012,11.132499999999999,6.08,4.53,5.46
45165,26,21,2,2012,11.376666666666667,6.2700000000000005,4.54,5.57
45166,26,22,2,2012,11.229999999999999,6.54,4.54,5.7
45167,26,23,2,2012,9.772499999999999,10.39,3.17,6.61
45168,27,0,2,2012,8.08,10.75,3.9,7.3900000000000015
45169,27,1,2,2012,7.0008333333333335,12.7,4.88,8.42
45170,27,2,2,2012,5.900833333333334,12.66,4.78,8.33
45171,27,3,2,2012,4.87,12.95,4.39,8.06
45172,27,4,2,2012,3.945833333333334,14.39,5.69,9.0
45173,27,5,2,2012,2.2325,12.22,4.82,8.06
45174,27,6,2,2012,0.7650000000000001,11.62,4.36,7.16
45175,27,7,2,2012,-0.28,11.27,4.96,7.71
45176,27,8,2,2012,-1.235,10.42,4.8,7.36
45177,27,9,2,2012,-1.8333333333333333,8.72,3.2,5.49
45178,27,10,2,2012,-2.215,9.4,2.8000000000000003,5.23
45179,27,11,2,2012,-2.3225,7.99,3.2,5.2
45180,27,12,2,2012,-2.865,9.44,5.43,7.31
45181,27,13,2,2012,-3.1508333333333334,8.68,5.21,6.8100000000000005
45182,27,14,2,2012,-2.5700000000000003,6.92,5.13,6.24
45183,27,15,2,2012,-1.72,6.38,4.83,5.82
45184,27,16,2,2012,-0.7183333333333333,5.8500000000000005,4.51,5.38
45185,27,17,2,2012,0.2233333333333333,5.82,4.5200000000000005,5.37
45186,27,18,2,2012,1.1508333333333334,4.28,3.39,3.98
45187,27,19,2,2012,2.0341666666666667,3.04,2.56,2.93
45188,27,20,2,2012,2.8225,2.68,2.3000000000000003,2.61
45189,27,21,2,2012,3.1950000000000003,2.99,2.44,2.84
45190,27,22,2,2012,3.3441666666666667,3.73,2.9,3.41
45191,27,23,2,2012,2.6600000000000006,5.7700000000000005,3.0500000000000003,5.14
45192,28,0,2,2012,1.2866666666666666,7.0200000000000005,3.29,5.66
45193,28,1,2,2012,0.3825,8.45,3.2,5.95
45194,28,2,2,2012,0.41333333333333333,9.54,3.72,6.43
45195,28,3,2,2012,0.011666666666666665,10.53,3.93,6.51
45196,28,4,2,2012,-0.20583333333333334,10.64,4.54,6.96
45197,28,5,2,2012,-0.12583333333333332,10.66,4.79,7.13
45198,28,6,2,2012,0.35250000000000004,10.33,5.23,7.32
45199,28,7,2,2012,0.9500000000000001,10.32,5.71,7.68
45200,28,8,2,2012,1.07,9.88,5.62,7.52
45201,28,9,2,2012,1.0041666666666667,11.55,5.8,8.19
45202,28,10,2,2012,1.0633333333333335,12.25,6.29,8.85
45203,28,11,2,2012,1.0574999999999999,13.39,6.83,9.72
45204,28,12,2,2012,1.0533333333333335,13.59,6.99,9.91
45205,28,13,2,2012,1.7166666666666668,12.45,6.96,9.37
45206,28,14,2,2012,2.629166666666667,12.29,6.87,9.37
45207,28,15,2,2012,3.6891666666666665,12.25,7.52,10.05
45208,28,16,2,2012,4.621666666666667,12.64,8.03,9.92
45209,28,17,2,2012,6.654166666666668,11.51,7.75,9.49
45210,28,18,2,2012,6.8166666666666655,12.96,8.19,10.53
45211,28,19,2,2012,8.094999999999999,12.51,9.05,11.08
45212,28,20,2,2012,8.239166666666668,13.63,8.870000000000003,11.15
45213,28,21,2,2012,10.231666666666667,14.0,9.42,11.74
45214,28,22,2,2012,10.694166666666668,14.55,9.35,12.16
45215,28,23,2,2012,10.766666666666667,13.99,8.620000000000001,11.36
45216,1,0,3,2012,6.234166666666667,12.25,5.75,8.73
45217,1,1,3,2012,5.427499999999999,12.26,5.39,8.5
45218,1,2,3,2012,5.187500000000001,13.65,6.05,9.33
45219,1,3,3,2012,4.513333333333334,13.24,5.49,8.72
45220,1,4,3,2012,3.2658333333333336,11.22,3.9,7.54
45221,1,5,3,2012,2.861666666666667,11.24,4.05,7.63
45222,1,6,3,2012,2.085,11.12,3.52,7.25
45223,1,7,3,2012,1.6208333333333333,9.57,2.43,6.01
45224,1,8,3,2012,1.0658333333333332,7.12,2.29,5.1000000000000005
45225,1,9,3,2012,0.44999999999999996,5.4,1.67,4.0200000000000005
45226,1,10,3,2012,-0.11583333333333334,6.3500000000000005,2.51,4.94
45227,1,11,3,2012,-0.5916666666666667,7.15,3.15,5.39
45228,1,12,3,2012,-0.7183333333333334,7.27,3.38,5.49
45229,1,13,3,2012,-0.31,7.42,4.04,5.48
45230,1,14,3,2012,0.8416666666666667,6.5600000000000005,4.03,4.73
45231,1,15,3,2012,2.989166666666667,5.94,4.74,5.5600000000000005
45232,1,16,3,2012,5.4383333333333335,6.69,5.21,6.18
45233,1,17,3,2012,7.659999999999999,7.47,5.8,6.9
45234,1,18,3,2012,9.015833333333335,7.79,6.07,7.22
45235,1,19,3,2012,10.261666666666667,7.12,5.5,6.55
45236,1,20,3,2012,11.508333333333333,5.64,4.29,5.12
45237,1,21,3,2012,12.36,4.25,3.25,3.85
45238,1,22,3,2012,12.58083333333333,5.15,3.48,4.57
45239,1,23,3,2012,10.554166666666665,8.47,4.15,6.5
45240,2,0,3,2012,8.543333333333333,9.39,4.16,6.8100000000000005
45241,2,1,3,2012,6.996666666666667,9.73,3.99,6.82
45242,2,2,3,2012,5.855,9.83,4.11,6.91
45243,2,3,3,2012,5.0633333333333335,9.64,4.43,7.11
45244,2,4,3,2012,3.7716666666666665,10.37,4.94,7.59
45245,2,5,3,2012,2.8383333333333334,10.97,5.3,7.97
45246,2,6,3,2012,3.045833333333334,10.5,6.43,8.43
45247,2,7,3,2012,2.895,10.57,6.74,8.72
45248,2,8,3,2012,2.441666666666667,9.73,6.01,7.87
45249,2,9,3,2012,1.4658333333333333,10.65,6.46,8.58
45250,2,10,3,2012,0.7758333333333333,12.05,7.57,9.9
45251,2,11,3,2012,0.7358333333333333,11.65,7.49,9.7
45252,2,12,3,2012,0.8191666666666667,11.21,6.6000000000000005,8.83
45253,2,13,3,2012,1.1775,10.86,6.74,8.81
45254,2,14,3,2012,1.9941666666666669,10.24,7.09,8.75
45255,2,15,3,2012,2.7175,8.17,6.07,7.41
45256,2,16,3,2012,3.918333333333333,8.120000000000001,6.0200000000000005,7.36
45257,2,17,3,2012,5.283333333333332,8.0,5.89,7.19
45258,2,18,3,2012,6.691666666666666,8.56,6.26,7.65
45259,2,19,3,2012,7.685833333333334,8.51,6.18,7.57
45260,2,20,3,2012,8.32,8.41,6.11,7.47
45261,2,21,3,2012,8.7525,8.98,6.37,7.9
45262,2,22,3,2012,8.7225,9.41,6.5600000000000005,8.23
45263,2,23,3,2012,7.822500000000002,8.88,6.0,7.63
45264,3,0,3,2012,6.420833333333332,12.04,5.05,8.15
45265,3,1,3,2012,4.976666666666667,12.1,5.08,8.22
45266,3,2,3,2012,3.7816666666666667,12.45,5.05,8.17
45267,3,3,3,2012,2.611666666666667,13.24,4.03,7.68
45268,3,4,3,2012,1.6441666666666663,11.15,4.01,6.83
45269,3,5,3,2012,0.985,14.9,7.22,10.65
45270,3,6,3,2012,0.5599999999999999,15.59,8.3,11.75
45271,3,7,3,2012,0.18833333333333335,13.76,7.09,10.13
45272,3,8,3,2012,-0.13666666666666666,12.23,6.2700000000000005,9.08
45273,3,9,3,2012,-0.6391666666666668,10.74,4.63,7.04
45274,3,10,3,2012,-0.7791666666666667,11.84,5.5200000000000005,8.19
45275,3,11,3,2012,-0.6241666666666666,12.38,6.53,9.22
45276,3,12,3,2012,-0.7608333333333333,12.35,6.61,9.29
45277,3,13,3,2012,-0.5241666666666667,11.11,6.47,8.540000000000001
45278,3,14,3,2012,0.3825,11.69,8.15,10.2
45279,3,15,3,2012,1.090833333333333,11.47,8.06,10.08
45280,3,16,3,2012,1.9000000000000001,10.36,7.34,9.11
45281,3,17,3,2012,2.7608333333333337,10.21,7.34,9.05
45282,3,18,3,2012,3.6175,10.67,7.61,9.43
45283,3,19,3,2012,4.453333333333334,11.19,7.8900000000000015,9.82
45284,3,20,3,2012,4.920833333333333,11.27,7.95,9.91
45285,3,21,3,2012,5.091666666666666,11.13,7.74,9.72
45286,3,22,3,2012,5.035833333333334,11.14,7.74,9.73
45287,3,23,3,2012,4.196666666666666,10.24,6.86,8.790000000000001
45288,4,0,3,2012,2.5783333333333336,8.22,3.2,6.09
45289,4,1,3,2012,1.9925,8.0,3.37,6.28
45290,4,2,3,2012,1.6775000000000002,6.0,3.12,5.65
45291,4,3,3,2012,1.0241666666666667,5.28,2.73,4.6000000000000005
45292,4,4,3,2012,0.6375000000000001,3.49,2.58,3.42
45293,4,5,3,2012,0.5858333333333334,4.73,2.85,4.29
45294,4,6,3,2012,0.28416666666666673,4.92,3.21,4.67
45295,4,7,3,2012,0.30249999999999994,5.3,3.49,5.17
45296,4,8,3,2012,0.25833333333333336,6.17,3.82,5.73
45297,4,9,3,2012,0.08083333333333335,7.01,3.96,6.17
45298,4,10,3,2012,-0.1366666666666667,6.63,3.34,5.54
45299,4,11,3,2012,-0.20166666666666666,5.47,2.84,4.1
45300,4,12,3,2012,-0.16416666666666668,4.87,2.41,3.93
45301,4,13,3,2012,0.235,5.3100000000000005,2.5500000000000003,3.9
45302,4,14,3,2012,2.5866666666666664,4.15,2.91,3.43
45303,4,15,3,2012,4.489166666666667,4.82,3.76,4.46
45304,4,16,3,2012,6.345833333333334,6.04,4.5200000000000005,5.44
45305,4,17,3,2012,8.641666666666667,9.29,6.54,8.11
45306,4,18,3,2012,10.475833333333332,11.62,8.28,10.22
45307,4,19,3,2012,11.319166666666668,13.14,9.2,11.57
45308,4,20,3,2012,11.918333333333335,14.9,10.29,12.96
45309,4,21,3,2012,11.8975,15.68,10.82,13.55
45310,4,22,3,2012,11.155833333333332,15.85,10.92,13.74
45311,4,23,3,2012,9.6975,15.63,9.64,12.67
45312,5,0,3,2012,7.609166666666666,14.57,7.38,10.62
45313,5,1,3,2012,6.16,14.5,7.44,10.64
45314,5,2,3,2012,4.611666666666666,13.23,6.44,9.44
45315,5,3,3,2012,3.3641666666666663,12.88,5.78,8.73
45316,5,4,3,2012,2.715,14.86,7.42,10.7
45317,5,5,3,2012,1.7383333333333335,12.44,6.23,8.92
45318,5,6,3,2012,0.46916666666666673,10.61,4.86,7.66
45319,5,7,3,2012,-0.5566666666666666,8.98,2.59,5.83
45320,5,8,3,2012,-0.5816666666666667,3.6,0.8300000000000001,1.75
45321,5,9,3,2012,-0.8891666666666668,4.1,0.95,2.73
45322,5,10,3,2012,-1.1583333333333332,1.87,0.6,1.07
45323,5,11,3,2012,-1.3275000000000001,3.19,2.18,3.26
45324,5,12,3,2012,-1.3908333333333334,4.62,2.73,4.23
45325,5,13,3,2012,-0.9475000000000002,5.4,3.72,4.39
45326,5,14,3,2012,0.6391666666666667,6.08,4.72,5.65
45327,5,15,3,2012,2.4466666666666668,5.98,4.63,5.54
45328,5,16,3,2012,4.149166666666667,7.33,5.58,6.71
45329,5,17,3,2012,5.854166666666667,8.15,6.11,7.4
45330,5,18,3,2012,7.448333333333333,9.23,6.87,8.36
45331,5,19,3,2012,8.740833333333333,10.08,7.37,9.03
45332,5,20,3,2012,9.946666666666667,11.21,8.09,10.0
45333,5,21,3,2012,10.971666666666666,11.9,8.4,10.5
45334,5,22,3,2012,11.610833333333334,12.02,8.47,10.6
45335,5,23,3,2012,10.970833333333333,13.45,6.75,9.45
45336,6,0,3,2012,9.531666666666668,14.05,6.11,9.66
45337,6,1,3,2012,9.076666666666666,15.37,7.25,10.88
45338,6,2,3,2012,9.361666666666666,16.9,8.4,12.21
45339,6,3,3,2012,9.825,17.64,9.08,12.94
45340,6,4,3,2012,9.827499999999999,18.48,9.53,13.52
45341,6,5,3,2012,9.823333333333332,18.49,9.49,13.48
45342,6,6,3,2012,9.685833333333333,18.02,8.67,12.7
45343,6,7,3,2012,9.348333333333334,17.61,8.38,12.3
45344,6,8,3,2012,10.007499999999999,18.12,8.91,12.96
45345,6,9,3,2012,10.262500000000001,18.35,9.13,13.19
45346,6,10,3,2012,10.015833333333333,18.61,9.37,13.45
45347,6,11,3,2012,9.676666666666668,18.57,9.33,13.4
45348,6,12,3,2012,9.355833333333335,18.47,9.53,13.52
45349,6,13,3,2012,9.918333333333335,18.49,10.99,14.46
45350,6,14,3,2012,12.080833333333333,18.44,12.45,15.86
45351,6,15,3,2012,13.354166666666664,16.27,11.76,14.56
45352,6,16,3,2012,15.082499999999998,16.41,11.92,14.74
45353,6,17,3,2012,16.668333333333337,15.76,11.46,14.16
45354,6,18,3,2012,18.174166666666668,15.29,11.08,13.69
45355,6,19,3,2012,19.263333333333332,14.84,10.59,13.19
45356,6,20,3,2012,19.970000000000002,15.24,10.57,13.3
45357,6,21,3,2012,20.389166666666664,16.17,11.12,14.14
45358,6,22,3,2012,20.236666666666668,16.61,11.42,14.53
45359,6,23,3,2012,19.085833333333333,14.65,9.22,12.2
45360,7,0,3,2012,17.694166666666664,15.67,8.05,11.69
45361,7,1,3,2012,16.678333333333335,16.66,8.83,12.53
45362,7,2,3,2012,15.6725,16.61,8.57,12.23
45363,7,3,3,2012,14.82166666666667,16.94,9.13,12.81
45364,7,4,3,2012,14.735833333333334,17.400000000000002,9.67,13.35
45365,7,5,3,2012,14.249999999999998,17.45,10.03,13.61
45366,7,6,3,2012,13.825000000000003,17.72,10.26,13.86
45367,7,7,3,2012,13.764166666666668,19.62,11.62,15.65
45368,7,8,3,2012,13.722499999999998,19.2,11.34,15.26
45369,7,9,3,2012,13.741666666666667,19.47,11.67,15.59
45370,7,10,3,2012,13.457500000000001,19.83,11.8,15.85
45371,7,11,3,2012,13.045833333333334,18.53,10.88,14.62
45372,7,12,3,2012,13.710833333333333,18.45,11.69,15.25
45373,7,13,3,2012,14.195,18.93,12.23,15.89
45374,7,14,3,2012,14.359166666666667,19.57,12.98,16.68
45375,7,15,3,2012,14.515833333333333,19.45,12.95,16.67
45376,7,16,3,2012,14.652500000000002,18.43,12.28,15.75
45377,7,17,3,2012,15.274166666666666,16.72,11.29,14.44
45378,7,18,3,2012,16.646666666666665,15.92,11.17,14.02
45379,7,19,3,2012,15.007499999999999,12.87,8.97,11.23
45380,7,20,3,2012,10.2925,8.49,6.49,7.86
45381,7,21,3,2012,9.18,8.45,6.45,7.82
45382,7,22,3,2012,8.850833333333332,6.6400000000000015,4.94,6.0200000000000005
45383,7,23,3,2012,8.941666666666668,6.5200000000000005,4.37,5.42
45384,8,0,3,2012,9.069166666666668,8.03,5.3100000000000005,6.76
45385,8,1,3,2012,8.333333333333334,11.56,7.1400000000000015,9.42
45386,8,2,3,2012,7.263333333333333,11.73,6.9,9.38
45387,8,3,3,2012,5.905000000000001,11.87,7.76,9.78
45388,8,4,3,2012,4.945,12.56,8.5,10.75
45389,8,5,3,2012,3.3375000000000004,11.57,7.1400000000000015,9.28
45390,8,6,3,2012,2.4258333333333333,10.56,6.15,8.25
45391,8,7,3,2012,1.7124999999999997,12.23,7.03,9.55
45392,8,8,3,2012,1.0225,11.36,5.6000000000000005,8.07
45393,8,9,3,2012,0.58,11.89,6.04,8.59
45394,8,10,3,2012,-0.1441666666666667,10.78,4.7700000000000005,7.29
45395,8,11,3,2012,-0.41416666666666674,10.95,5.1000000000000005,7.69
45396,8,12,3,2012,-0.6383333333333333,10.64,4.76,7.33
45397,8,13,3,2012,-0.1366666666666667,10.11,5.66,7.67
45398,8,14,3,2012,1.0425,8.11,5.73,7.01
45399,8,15,3,2012,2.6991666666666667,7.9,5.79,7.07
45400,8,16,3,2012,4.359166666666666,9.31,6.74,8.290000000000001
45401,8,17,3,2012,5.604166666666667,9.08,6.5600000000000005,8.06
45402,8,18,3,2012,6.609166666666666,9.05,6.5600000000000005,8.040000000000001
45403,8,19,3,2012,7.2299999999999995,8.16,6.0,7.3
45404,8,20,3,2012,7.759999999999999,7.21,5.32,6.47
45405,8,21,3,2012,8.180000000000001,6.3900000000000015,4.67,5.68
45406,8,22,3,2012,8.305,4.47,3.34,4.03
45407,8,23,3,2012,8.0275,5.03,2.72,4.13
45408,9,0,3,2012,6.945833333333334,4.65,2.02,4.08
45409,9,1,3,2012,6.045833333333333,5.22,2.59,4.8100000000000005
45410,9,2,3,2012,5.3691666666666675,7.22,3.5500000000000003,6.43
45411,9,3,3,2012,4.746666666666667,8.48,3.61,6.94
45412,9,4,3,2012,4.4941666666666675,8.66,4.2,7.4
45413,9,5,3,2012,4.136666666666668,9.61,4.66,7.66
45414,9,6,3,2012,3.7966666666666664,9.96,4.88,7.82
45415,9,7,3,2012,3.7208333333333328,10.68,5.12,8.33
45416,9,8,3,2012,3.231666666666666,10.56,4.95,8.33
45417,9,9,3,2012,2.9741666666666666,10.74,4.74,8.26
45418,9,10,3,2012,2.9833333333333325,9.92,4.08,8.24
45419,9,11,3,2012,2.741666666666667,9.13,4.04,7.58
45420,9,12,3,2012,1.2300000000000002,7.29,3.16,5.76
45421,9,13,3,2012,1.7683333333333333,5.23,2.53,4.23
45422,9,14,3,2012,3.2091666666666665,2.91,1.71,1.87
45423,9,15,3,2012,4.6066666666666665,1.41,1.34,1.47
45424,9,16,3,2012,6.6116666666666655,1.57,1.43,1.58
45425,9,17,3,2012,8.653333333333332,2.0,1.61,1.87
45426,9,18,3,2012,10.557500000000001,2.87,2.27,2.67
45427,9,19,3,2012,12.193333333333335,3.48,2.66,3.17
45428,9,20,3,2012,13.495833333333332,4.43,3.28,3.98
45429,9,21,3,2012,14.297500000000001,5.32,3.86,4.75
45430,9,22,3,2012,14.476666666666665,6.03,4.19,5.28
45431,9,23,3,2012,13.728333333333333,7.57,4.15,6.1000000000000005
45432,10,0,3,2012,12.002499999999998,9.83,4.23,7.6400000000000015
45433,10,1,3,2012,11.144166666666665,10.61,4.67,8.26
45434,10,2,3,2012,10.545833333333333,10.8,4.69,8.28
45435,10,3,3,2012,9.394166666666665,11.86,5.29,8.8
45436,10,4,3,2012,8.635833333333336,12.26,5.3500000000000005,8.85
45437,10,5,3,2012,8.433333333333332,14.11,6.09,9.96
45438,10,6,3,2012,7.794166666666666,13.68,6.01,9.66
45439,10,7,3,2012,7.252500000000001,13.95,6.03,9.71
45440,10,8,3,2012,7.307500000000001,14.35,6.51,10.33
45441,10,9,3,2012,6.885000000000001,14.57,6.6000000000000005,10.38
45442,10,10,3,2012,6.1866666666666665,14.52,6.37,10.13
45443,10,11,3,2012,5.691666666666666,14.61,6.5600000000000005,10.32
45444,10,12,3,2012,5.415833333333334,14.6,6.5600000000000005,10.33
45445,10,13,3,2012,6.305833333333333,14.38,7.28,10.24
45446,10,14,3,2012,8.260833333333332,11.9,7.21,9.59
45447,10,15,3,2012,10.040000000000001,9.05,6.46,7.91
45448,10,16,3,2012,12.110833333333332,10.11,7.19,8.94
45449,10,17,3,2012,13.72,10.9,7.77,9.67
45450,10,18,3,2012,14.774166666666668,10.53,7.57,9.38
45451,10,19,3,2012,15.788333333333334,10.17,7.29,9.05
45452,10,20,3,2012,16.49416666666667,10.39,7.41,9.23
45453,10,21,3,2012,16.810833333333335,10.31,7.27,9.13
45454,10,22,3,2012,16.772499999999997,10.04,7.0600000000000005,8.84
45455,10,23,3,2012,15.816666666666665,10.88,5.79,8.1
45456,11,0,3,2012,13.714166666666666,13.21,5.42,8.96
45457,11,1,3,2012,12.373333333333333,13.42,5.72,9.12
45458,11,2,3,2012,11.611666666666666,14.15,6.62,10.12
45459,11,3,3,2012,11.171666666666667,14.39,6.68,10.14
45460,11,4,3,2012,10.5725,14.61,6.26,9.96
45461,11,5,3,2012,9.884166666666665,13.97,5.73,9.44
45462,11,6,3,2012,9.704166666666667,13.54,5.67,9.16
45463,11,7,3,2012,9.574166666666667,12.63,5.58,8.97
45464,11,8,3,2012,7.980833333333333,11.79,4.99,8.05
45465,11,9,3,2012,8.119166666666668,11.81,5.13,8.03
45466,11,10,3,2012,8.655833333333334,11.54,5.72,8.23
45467,11,11,3,2012,8.404166666666667,11.19,5.95,8.39
45468,11,12,3,2012,7.29,10.7,5.67,7.97
45469,11,13,3,2012,6.888333333333333,9.42,5.94,7.79
45470,11,14,3,2012,7.0775,8.4,5.45,6.7
45471,11,15,3,2012,7.169166666666668,7.47,5.42,6.66
45472,11,16,3,2012,8.1975,7.8,5.73,7.04
45473,11,17,3,2012,8.205,8.22,6.03,7.45
45474,11,18,3,2012,8.6425,7.69,5.63,6.91
45475,11,19,3,2012,9.413333333333334,8.16,5.83,7.27
45476,11,20,3,2012,9.490833333333333,8.31,6.0,7.43
45477,11,21,3,2012,9.304166666666665,9.01,5.6000000000000005,7.41
45478,11,22,3,2012,9.206666666666667,9.45,6.07,7.9300000000000015
45479,11,23,3,2012,9.272499999999999,9.08,5.34,7.26
45480,12,0,3,2012,9.298333333333334,9.28,5.13,7.12
45481,12,1,3,2012,8.911666666666667,9.16,5.22,7.19
45482,12,2,3,2012,8.035000000000002,10.48,4.7700000000000005,7.41
45483,12,3,3,2012,7.935,9.67,5.25,7.22
45484,12,4,3,2012,7.891666666666668,9.07,4.97,7.0200000000000005
45485,12,5,3,2012,7.021666666666668,10.43,4.24,6.9
45486,12,6,3,2012,6.938333333333333,11.03,5.55,7.69
45487,12,7,3,2012,7.257499999999999,9.87,5.5200000000000005,7.6
45488,12,8,3,2012,7.043333333333334,11.63,6.59,8.84
45489,12,9,3,2012,7.608333333333334,10.7,6.21,8.42
45490,12,10,3,2012,7.3950000000000005,10.21,5.38,7.47
45491,12,11,3,2012,7.648333333333333,9.61,5.57,7.48
45492,12,12,3,2012,7.690833333333333,9.19,5.3100000000000005,7.16
45493,12,13,3,2012,7.6175,8.8,5.45,7.09
45494,12,14,3,2012,8.068333333333333,8.48,6.0600000000000005,7.42
45495,12,15,3,2012,9.97,8.16,6.11,7.43
45496,12,16,3,2012,11.729166666666666,8.33,6.22,7.57
45497,12,17,3,2012,13.441666666666665,8.01,6.07,7.34
45498,12,18,3,2012,15.159166666666664,7.96,5.93,7.19
45499,12,19,3,2012,16.288333333333338,8.25,6.15,7.46
45500,12,20,3,2012,17.28,7.53,5.63,6.82
45501,12,21,3,2012,18.533333333333335,6.98,5.14,6.26
45502,12,22,3,2012,19.485833333333336,5.97,4.24,5.2700000000000005
45503,12,23,3,2012,18.810833333333335,5.46,3.2,4.4
45504,13,0,3,2012,17.20416666666667,3.99,1.19,2.76
45505,13,1,3,2012,16.16416666666667,2.2,1.0,1.39
45506,13,2,3,2012,15.685833333333335,1.89,1.62,2.09
45507,13,3,3,2012,15.259166666666667,1.85,1.92,2.09
45508,13,4,3,2012,14.785833333333334,0.95,1.81,1.68
45509,13,5,3,2012,14.310833333333335,0.49,1.34,1.27
45510,13,6,3,2012,11.969999999999999,1.28,1.58,2.58
45511,13,7,3,2012,11.386666666666665,2.15,0.9,2.06
45512,13,8,3,2012,10.814166666666667,2.15,0.75,1.72
45513,13,9,3,2012,10.458333333333334,3.91,1.25,2.65
45514,13,10,3,2012,9.629166666666666,5.5200000000000005,1.87,3.77
45515,13,11,3,2012,8.104999999999999,7.27,2.5500000000000003,5.2700000000000005
45516,13,12,3,2012,7.546666666666667,9.47,3.61,7.0
45517,13,13,3,2012,9.936666666666667,11.04,5.6000000000000005,8.08
45518,13,14,3,2012,12.375000000000002,10.95,5.63,7.77
45519,13,15,3,2012,14.92,9.41,5.09,6.24
45520,13,16,3,2012,17.6525,7.27,5.2700000000000005,6.3100000000000005
45521,13,17,3,2012,20.198333333333334,7.61,5.58,6.82
45522,13,18,3,2012,22.14833333333333,8.74,6.47,7.91
45523,13,19,3,2012,23.25166666666667,9.03,6.65,8.15
45524,13,20,3,2012,24.139166666666668,9.78,7.12,8.790000000000001
45525,13,21,3,2012,24.331666666666667,10.1,7.19,8.98
45526,13,22,3,2012,24.030000000000005,10.5,7.35,9.28
45527,13,23,3,2012,22.63,11.8,6.3500000000000005,8.57
45528,14,0,3,2012,20.3475,13.26,5.65,9.32
45529,14,1,3,2012,19.42,14.67,6.0600000000000005,9.91
45530,14,2,3,2012,18.7925,15.53,6.75,10.67
45531,14,3,3,2012,17.81083333333333,15.31,6.74,10.57
45532,14,4,3,2012,16.500833333333333,14.69,6.3900000000000015,10.11
45533,14,5,3,2012,15.915000000000001,16.38,6.97,10.82
45534,14,6,3,2012,15.89583333333333,16.73,7.08,10.94
45535,14,7,3,2012,15.298333333333337,16.63,7.15,10.91
45536,14,8,3,2012,14.787500000000001,16.39,7.67,11.09
45537,14,9,3,2012,14.428333333333333,16.46,8.23,11.81
45538,14,10,3,2012,14.035833333333331,16.23,7.92,11.46
45539,14,11,3,2012,14.513333333333334,16.61,8.72,12.29
45540,14,12,3,2012,14.986666666666665,16.64,9.75,13.15
45541,14,13,3,2012,15.27833333333333,16.18,10.56,13.62
45542,14,14,3,2012,16.694166666666668,15.22,9.49,12.26
45543,14,15,3,2012,17.95,12.17,8.64,10.76
45544,14,16,3,2012,19.5975,9.42,6.8,8.39
45545,14,17,3,2012,21.510833333333334,9.36,6.76,8.34
45546,14,18,3,2012,23.07083333333333,8.3,6.0,7.38
45547,14,19,3,2012,24.1725,8.290000000000001,5.99,7.36
45548,14,20,3,2012,25.003333333333334,7.95,5.69,7.03
45549,14,21,3,2012,25.461666666666662,7.99,5.71,7.0600000000000005
45550,14,22,3,2012,25.625000000000004,7.95,5.5,6.92
45551,14,23,3,2012,24.401666666666667,6.6000000000000005,3.64,4.98
45552,15,0,3,2012,22.385,7.36,2.71,5.72
45553,15,1,3,2012,21.055833333333332,6.71,2.7,5.24
45554,15,2,3,2012,20.106666666666666,4.88,2.0,3.85
45555,15,3,3,2012,19.38416666666667,3.45,1.71,3.0700000000000003
45556,15,4,3,2012,18.435,2.91,2.26,2.77
45557,15,5,3,2012,17.72083333333333,4.13,2.64,3.97
45558,15,6,3,2012,17.840000000000003,7.56,2.81,5.49
45559,15,7,3,2012,17.155,8.950000000000003,4.17,7.27
45560,15,8,3,2012,16.29083333333333,10.85,5.01,8.49
45561,15,9,3,2012,16.57916666666667,10.84,5.03,8.47
45562,15,10,3,2012,16.21083333333333,10.95,4.91,8.15
45563,15,11,3,2012,15.88166666666667,10.71,4.8100000000000005,7.88
45564,15,12,3,2012,15.671666666666667,10.21,5.01,7.99
45565,15,13,3,2012,15.809166666666668,9.27,4.3500000000000005,6.97
45566,15,14,3,2012,16.70916666666667,6.28,3.09,3.92
45567,15,15,3,2012,18.630833333333335,3.27,2.32,2.75
45568,15,16,3,2012,20.532500000000002,2.45,2.07,2.36
45569,15,17,3,2012,22.164166666666663,4.09,3.21,3.79
45570,15,18,3,2012,23.382499999999997,4.46,3.44,4.09
45571,15,19,3,2012,24.194999999999997,4.3500000000000005,3.31,3.96
45572,15,20,3,2012,24.865,4.7700000000000005,3.63,4.3500000000000005
45573,15,21,3,2012,25.320833333333336,4.54,3.45,4.14
45574,15,22,3,2012,25.435833333333335,4.3500000000000005,3.0700000000000003,3.85
45575,15,23,3,2012,25.2475,3.85,1.86,2.43
45576,16,0,3,2012,23.701666666666664,4.47,0.96,2.72
45577,16,1,3,2012,22.785833333333333,6.2700000000000005,1.41,3.76
45578,16,2,3,2012,21.354166666666668,7.68,2.42,5.98
45579,16,3,3,2012,20.63416666666667,7.37,3.5700000000000003,6.96
45580,16,4,3,2012,19.414999999999996,7.49,3.18,6.51
45581,16,5,3,2012,18.557499999999997,5.72,3.34,5.41
45582,16,6,3,2012,17.774166666666666,5.94,4.1,6.68
45583,16,7,3,2012,17.01666666666667,10.69,5.22,8.290000000000001
45584,16,8,3,2012,16.830000000000002,11.38,5.64,8.76
45585,16,9,3,2012,16.18583333333334,11.44,5.91,8.85
45586,16,10,3,2012,15.664166666666667,11.43,6.04,8.78
45587,16,11,3,2012,15.623333333333333,10.82,5.9,8.66
45588,16,12,3,2012,15.139166666666666,11.5,6.16,8.67
45589,16,13,3,2012,15.469166666666665,11.53,6.4,8.78
45590,16,14,3,2012,16.848333333333333,9.38,6.07,7.61
45591,16,15,3,2012,18.869166666666665,6.92,5.2700000000000005,6.3500000000000005
45592,16,16,3,2012,20.62833333333333,6.92,5.14,6.25
45593,16,17,3,2012,22.11583333333333,7.51,5.48,6.71
45594,16,18,3,2012,23.624166666666664,7.72,5.62,6.8900000000000015
45595,16,19,3,2012,25.09166666666667,8.07,5.86,7.2
45596,16,20,3,2012,26.132499999999997,8.71,6.21,7.7
45597,16,21,3,2012,27.040000000000003,9.72,6.8,8.53
45598,16,22,3,2012,27.111666666666665,10.26,7.1400000000000015,9.0
45599,16,23,3,2012,26.174999999999997,9.97,6.76,8.65
45600,17,0,3,2012,24.03083333333333,11.74,4.7700000000000005,8.14
45601,17,1,3,2012,22.865,12.63,5.51,8.870000000000003
45602,17,2,3,2012,22.251666666666665,14.09,6.75,10.21
45603,17,3,3,2012,21.426666666666666,14.2,6.75,10.16
45604,17,4,3,2012,20.616666666666667,14.77,7.29,10.72
45605,17,5,3,2012,19.88333333333333,14.83,7.44,10.81
45606,17,6,3,2012,18.90666666666667,14.1,7.0200000000000005,10.23
45607,17,7,3,2012,18.434166666666673,14.26,7.41,10.56
45608,17,8,3,2012,18.02,14.22,7.53,10.7
45609,17,9,3,2012,17.497500000000002,13.99,7.62,10.74
45610,17,10,3,2012,16.99166666666667,14.7,8.23,11.45
45611,17,11,3,2012,16.80666666666667,16.15,9.09,12.58
45612,17,12,3,2012,17.155000000000005,17.5,9.92,13.61
45613,17,13,3,2012,18.479166666666664,17.46,10.4,13.75
45614,17,14,3,2012,19.591666666666665,14.34,8.91,12.26
45615,17,15,3,2012,20.4875,13.15,9.58,11.87
45616,17,16,3,2012,21.941666666666663,13.16,9.55,11.81
45617,17,17,3,2012,22.8175,14.4,10.28,12.81
45618,17,18,3,2012,24.120833333333334,14.55,10.35,12.95
45619,17,19,3,2012,25.025000000000002,14.12,10.06,12.5
45620,17,20,3,2012,25.299166666666668,14.21,10.05,12.54
45621,17,21,3,2012,25.397499999999997,14.43,10.15,12.73
45622,17,22,3,2012,25.615833333333338,13.46,9.39,11.84
45623,17,23,3,2012,24.75333333333333,13.17,9.1,11.57
45624,18,0,3,2012,23.4675,13.7,7.25,10.4
45625,18,1,3,2012,22.715833333333332,15.01,8.27,11.61
45626,18,2,3,2012,21.780833333333334,14.73,8.0,11.29
45627,18,3,3,2012,21.045833333333334,14.39,7.38,10.66
45628,18,4,3,2012,20.754166666666666,16.27,9.05,12.6
45629,18,5,3,2012,20.2475,15.63,8.65,12.08
45630,18,6,3,2012,19.335833333333333,14.92,7.95,11.26
45631,18,7,3,2012,18.83416666666667,15.38,8.69,12.03
45632,18,8,3,2012,18.140833333333333,14.94,8.2,11.44
45633,18,9,3,2012,17.980000000000004,15.16,8.22,11.55
45634,18,10,3,2012,17.34,14.76,8.16,11.37
45635,18,11,3,2012,16.801666666666666,14.53,7.9300000000000015,11.07
45636,18,12,3,2012,16.610833333333336,14.97,8.27,11.51
45637,18,13,3,2012,17.18916666666667,14.76,9.56,12.41
45638,18,14,3,2012,18.522500000000004,14.07,9.99,12.42
45639,18,15,3,2012,19.837500000000002,13.92,10.0,12.45
45640,18,16,3,2012,21.284166666666664,13.43,9.74,12.06
45641,18,17,3,2012,22.77,13.37,9.57,11.88
45642,18,18,3,2012,24.111666666666665,13.95,9.98,12.41
45643,18,19,3,2012,24.9725,15.44,10.92,13.65
45644,18,20,3,2012,25.250000000000004,17.18,12.11,15.18
45645,18,21,3,2012,23.519166666666663,19.57,13.84,17.39
45646,18,22,3,2012,21.076666666666664,17.86,11.78,15.08
45647,18,23,3,2012,19.87666666666667,16.02,10.29,13.21
45648,19,0,3,2012,19.82,15.27,9.6,12.63
45649,19,1,3,2012,18.85,15.15,9.74,12.75
45650,19,2,3,2012,18.35666666666667,14.15,8.45,11.39
45651,19,3,3,2012,18.40583333333333,14.83,8.74,11.8
45652,19,4,3,2012,18.638333333333332,16.61,10.31,13.64
45653,19,5,3,2012,17.986666666666668,14.86,8.18,11.36
45654,19,6,3,2012,17.573333333333334,14.24,8.77,11.65
45655,19,7,3,2012,17.772500000000004,14.48,9.24,12.1
45656,19,8,3,2012,17.98,13.9,8.700000000000001,11.52
45657,19,9,3,2012,17.956666666666667,14.31,9.12,11.95
45658,19,10,3,2012,17.870833333333337,14.3,9.11,11.95
45659,19,11,3,2012,17.815,13.03,8.21,10.8
45660,19,12,3,2012,17.70416666666667,12.79,8.0,10.61
45661,19,13,3,2012,17.736666666666668,12.66,8.08,10.61
45662,19,14,3,2012,18.039166666666674,12.72,8.19,10.68
45663,19,15,3,2012,17.915833333333335,10.76,7.15,9.25
45664,19,16,3,2012,19.518333333333327,11.37,8.21,10.19
45665,19,17,3,2012,18.018333333333334,16.21,11.62,14.32
45666,19,18,3,2012,15.890833333333333,11.17,7.72,9.78
45667,19,19,3,2012,16.51916666666667,12.05,8.47,10.63
45668,19,20,3,2012,16.334999999999997,11.38,8.08,10.1
45669,19,21,3,2012,16.645,12.35,8.74,10.93
45670,19,22,3,2012,16.345,12.94,8.19,10.72
45671,19,23,3,2012,15.555833333333338,14.9,9.66,12.47
45672,20,0,3,2012,15.107499999999996,14.51,9.09,12.0
45673,20,1,3,2012,15.109999999999998,14.57,9.07,12.06
45674,20,2,3,2012,15.025833333333333,13.86,8.55,11.42
45675,20,3,3,2012,15.028333333333336,13.38,8.36,11.08
45676,20,4,3,2012,14.724166666666667,13.17,8.14,10.81
45677,20,5,3,2012,14.799999999999999,13.23,7.61,10.44
45678,20,6,3,2012,14.780833333333332,14.22,8.58,11.63
45679,20,7,3,2012,14.405833333333334,10.01,5.58,7.73
45680,20,8,3,2012,13.887500000000003,10.26,5.54,7.77
45681,20,9,3,2012,13.845833333333333,9.85,5.37,7.51
45682,20,10,3,2012,13.926666666666668,7.83,4.33,5.93
45683,20,11,3,2012,13.776666666666666,7.27,3.17,4.86
45684,20,12,3,2012,13.485,5.95,2.87,4.3500000000000005
45685,20,13,3,2012,13.578333333333333,5.14,2.93,3.97
45686,20,14,3,2012,13.8175,4.0,2.26,3.06
45687,20,15,3,2012,14.335833333333333,2.36,1.73,2.1
45688,20,16,3,2012,14.260833333333332,3.0,2.24,2.71
45689,20,17,3,2012,13.795000000000002,6.36,4.99,6.0
45690,20,18,3,2012,12.6625,6.84,5.19,6.29
45691,20,19,3,2012,12.706666666666665,8.49,5.57,7.13
45692,20,20,3,2012,12.599166666666667,8.99,5.84,7.47
45693,20,21,3,2012,11.939166666666665,12.39,7.48,10.86
45694,20,22,3,2012,11.764166666666668,15.59,9.52,12.35
45695,20,23,3,2012,11.980833333333331,8.43,5.36,6.86
45696,21,0,3,2012,11.901666666666666,8.89,5.36,7.22
45697,21,1,3,2012,12.205,8.5,4.71,6.6000000000000005
45698,21,2,3,2012,12.213333333333333,6.07,2.93,4.32
45699,21,3,3,2012,12.054166666666667,4.5,2.97,4.01
45700,21,4,3,2012,11.7575,3.21,1.24,2.45
45701,21,5,3,2012,11.819166666666668,3.76,1.9,2.67
45702,21,6,3,2012,11.777499999999998,5.8,1.96,3.6
45703,21,7,3,2012,11.806666666666667,6.03,2.06,3.67
45704,21,8,3,2012,11.886666666666668,6.67,2.74,4.28
45705,21,9,3,2012,12.205833333333333,4.68,2.06,3.2
45706,21,10,3,2012,12.216666666666667,4.3,1.11,2.28
45707,21,11,3,2012,12.319999999999999,5.01,2.06,3.3000000000000003
45708,21,12,3,2012,12.595833333333331,4.33,1.88,3.03
45709,21,13,3,2012,12.671666666666667,4.6000000000000005,1.89,3.0
45710,21,14,3,2012,12.957500000000003,4.58,2.42,3.23
45711,21,15,3,2012,14.167500000000002,4.03,2.98,3.5700000000000003
45712,21,16,3,2012,15.207499999999998,4.28,3.33,4.0
45713,21,17,3,2012,15.792500000000002,7.65,5.84,7.1400000000000015
45714,21,18,3,2012,14.466666666666669,7.81,6.01,7.3
45715,21,19,3,2012,15.137499999999998,6.8900000000000015,5.19,6.3
45716,21,20,3,2012,15.748333333333333,7.33,4.61,6.05
45717,21,21,3,2012,15.549999999999999,8.66,5.4,7.16
45718,21,22,3,2012,16.219166666666666,10.01,6.47,8.42
45719,21,23,3,2012,15.958333333333334,8.870000000000003,5.28,7.12
45720,22,0,3,2012,15.763333333333334,9.6,6.2700000000000005,8.21
45721,22,1,3,2012,15.651666666666666,8.77,5.39,7.2
45722,22,2,3,2012,14.983333333333329,8.78,5.45,7.26
45723,22,3,3,2012,14.163333333333334,8.31,5.07,6.84
45724,22,4,3,2012,13.480833333333331,6.93,4.1,5.57
45725,22,5,3,2012,13.300833333333332,7.9300000000000015,5.0200000000000005,6.6400000000000015
45726,22,6,3,2012,13.108333333333334,8.09,5.16,6.8100000000000005
45727,22,7,3,2012,12.4525,10.25,6.37,8.43
45728,22,8,3,2012,11.812499999999998,7.51,4.48,5.88
45729,22,9,3,2012,11.479999999999999,7.41,4.55,5.84
45730,22,10,3,2012,10.353333333333333,7.26,4.24,5.64
45731,22,11,3,2012,9.730833333333335,5.72,2.91,4.72
45732,22,12,3,2012,9.737499999999999,5.59,4.29,5.21
45733,22,13,3,2012,8.777500000000002,5.63,4.25,5.18
45734,22,14,3,2012,8.340000000000002,4.6000000000000005,3.5500000000000003,4.14
45735,22,15,3,2012,10.518333333333334,4.62,3.42,4.18
45736,22,16,3,2012,12.788333333333334,4.82,3.65,4.41
45737,22,17,3,2012,14.068333333333333,5.28,3.93,4.79
45738,22,18,3,2012,15.170000000000002,6.57,4.87,5.96
45739,22,19,3,2012,15.881666666666668,6.6000000000000005,4.91,6.0
45740,22,20,3,2012,16.8,6.05,4.5,5.48
45741,22,21,3,2012,17.376666666666665,6.38,4.73,5.79
45742,22,22,3,2012,17.486666666666665,6.33,4.61,5.67
45743,22,23,3,2012,17.1525,8.53,4.5,6.86
45744,23,0,3,2012,11.362500000000002,14.58,10.12,12.96
45745,23,1,3,2012,10.900833333333333,8.47,5.57,7.01
45746,23,2,3,2012,10.563333333333334,8.18,5.26,6.61
45747,23,3,3,2012,10.703333333333333,5.25,2.02,2.28
45748,23,4,3,2012,10.744166666666667,5.87,3.75,4.8
45749,23,5,3,2012,10.42,5.32,3.75,4.6000000000000005
45750,23,6,3,2012,9.891666666666667,5.8,3.06,4.71
45751,23,7,3,2012,9.773333333333332,6.0600000000000005,3.27,4.61
45752,23,8,3,2012,10.293333333333333,5.88,3.25,4.5200000000000005
45753,23,9,3,2012,10.145000000000001,5.46,3.0700000000000003,4.18
45754,23,10,3,2012,10.094166666666666,5.39,2.93,4.0
45755,23,11,3,2012,10.002500000000001,5.91,3.29,4.45
45756,23,12,3,2012,9.613333333333333,5.82,3.26,4.61
45757,23,13,3,2012,9.667499999999999,5.87,3.64,4.64
45758,23,14,3,2012,10.855833333333335,4.68,3.62,4.34
45759,23,15,3,2012,12.426666666666668,4.67,3.61,4.33
45760,23,16,3,2012,13.899166666666666,3.96,3.04,3.64
45761,23,17,3,2012,15.197500000000003,4.5600000000000005,3.47,4.16
45762,23,18,3,2012,16.31416666666667,5.08,3.89,4.67
45763,23,19,3,2012,17.255,5.12,3.92,4.71
45764,23,20,3,2012,17.911666666666665,4.87,3.72,4.46
45765,23,21,3,2012,18.354166666666668,4.95,3.72,4.49
45766,23,22,3,2012,18.558333333333334,5.0200000000000005,3.74,4.55
45767,23,23,3,2012,18.295833333333334,4.8500000000000005,3.42,4.3
45768,24,0,3,2012,17.020833333333332,7.17,2.87,5.2
45769,24,1,3,2012,15.959166666666668,8.1,3.51,6.65
45770,24,2,3,2012,14.93,6.74,3.16,5.73
45771,24,3,3,2012,14.695833333333333,5.59,2.41,4.61
45772,24,4,3,2012,14.270000000000001,6.16,3.21,5.64
45773,24,5,3,2012,13.618333333333334,5.9,3.37,5.4
45774,24,6,3,2012,13.103333333333333,6.01,3.74,5.86
45775,24,7,3,2012,12.657499999999999,7.0600000000000005,4.07,6.16
45776,24,8,3,2012,12.000000000000002,7.73,4.09,6.3500000000000005
45777,24,9,3,2012,11.563333333333333,10.12,4.39,7.41
45778,24,10,3,2012,11.15333333333333,10.13,4.3500000000000005,7.91
45779,24,11,3,2012,10.782499999999999,10.22,4.39,7.8900000000000015
45780,24,12,3,2012,10.584999999999999,10.4,4.48,8.01
45781,24,13,3,2012,11.87,9.64,4.58,7.31
45782,24,14,3,2012,13.343333333333332,7.82,4.25,5.62
45783,24,15,3,2012,15.460833333333335,4.87,3.79,4.47
45784,24,16,3,2012,17.516666666666666,4.87,3.78,4.5
45785,24,17,3,2012,19.18583333333333,4.32,3.29,3.94
45786,24,18,3,2012,20.350833333333334,4.3,3.27,3.91
45787,24,19,3,2012,21.093333333333334,3.91,3.0,3.5700000000000003
45788,24,20,3,2012,21.635,3.43,2.63,3.13
45789,24,21,3,2012,21.968333333333334,3.16,2.43,2.88
45790,24,22,3,2012,22.03916666666667,3.0,2.31,2.75
45791,24,23,3,2012,21.6425,2.67,1.99,2.42
45792,25,0,3,2012,20.05416666666667,2.45,0.91,2.04
45793,25,1,3,2012,18.9375,2.01,0.63,1.26
45794,25,2,3,2012,18.272499999999997,1.23,0.85,0.97
45795,25,3,3,2012,17.760833333333334,1.39,1.07,1.37
45796,25,4,3,2012,17.134166666666665,1.86,1.99,2.58
45797,25,5,3,2012,16.465833333333332,2.49,2.37,3.39
45798,25,6,3,2012,15.932500000000003,3.0700000000000003,2.8000000000000003,4.05
45799,25,7,3,2012,15.443333333333335,3.27,3.1,4.46
45800,25,8,3,2012,14.558333333333332,3.45,3.22,4.62
45801,25,9,3,2012,13.423333333333332,4.08,2.92,4.34
45802,25,10,3,2012,12.463333333333333,3.9,2.51,4.11
45803,25,11,3,2012,12.148333333333333,2.81,1.32,2.08
45804,25,12,3,2012,11.994166666666667,2.3000000000000003,1.5,1.9
45805,25,13,3,2012,13.259166666666664,1.4,1.65,1.56
45806,25,14,3,2012,15.735000000000001,0.61,1.11,1.12
45807,25,15,3,2012,18.441666666666666,1.1,1.02,1.13
45808,25,16,3,2012,20.349166666666665,1.42,1.11,1.29
45809,25,17,3,2012,21.745,2.02,1.59,1.86
45810,25,18,3,2012,22.662499999999998,3.0,2.36,2.77
45811,25,19,3,2012,23.358333333333334,3.75,2.89,3.43
45812,25,20,3,2012,23.758333333333336,4.05,3.13,3.73
45813,25,21,3,2012,23.985,4.42,3.42,4.08
45814,25,22,3,2012,23.834166666666665,5.0,3.74,4.6000000000000005
45815,25,23,3,2012,23.1375,5.2700000000000005,3.67,4.51
45816,26,0,3,2012,21.18416666666667,6.9,2.7,5.45
45817,26,1,3,2012,20.106666666666666,7.83,3.58,6.83
45818,26,2,3,2012,19.456666666666667,8.47,3.75,7.03
45819,26,3,3,2012,18.605000000000004,8.540000000000001,3.76,7.12
45820,26,4,3,2012,17.758333333333336,8.72,3.95,7.35
45821,26,5,3,2012,16.97,9.73,4.3500000000000005,7.84
45822,26,6,3,2012,16.309166666666666,11.22,4.79,8.19
45823,26,7,3,2012,16.3025,11.32,5.15,8.43
45824,26,8,3,2012,16.260833333333334,12.11,6.23,9.1
45825,26,9,3,2012,16.565,11.92,6.3,9.06
45826,26,10,3,2012,15.778333333333336,12.13,5.75,8.56
45827,26,11,3,2012,14.613333333333337,12.56,6.03,9.02
45828,26,12,3,2012,14.477500000000001,13.33,6.93,9.75
45829,26,13,3,2012,15.493333333333332,12.92,7.25,9.84
45830,26,14,3,2012,16.6175,10.98,6.29,7.68
45831,26,15,3,2012,18.541666666666668,8.620000000000001,6.46,7.83
45832,26,16,3,2012,20.420833333333338,9.45,6.99,8.55
45833,26,17,3,2012,22.08,10.59,7.72,9.5
45834,26,18,3,2012,23.368333333333336,11.68,8.42,10.43
45835,26,19,3,2012,24.3125,12.44,8.870000000000003,11.05
45836,26,20,3,2012,25.011666666666667,12.63,8.950000000000003,11.19
45837,26,21,3,2012,25.252499999999998,13.14,9.26,11.63
45838,26,22,3,2012,24.9075,13.23,8.97,11.35
45839,26,23,3,2012,23.887500000000003,13.51,8.69,11.36
45840,27,0,3,2012,22.314999999999998,14.7,7.3900000000000015,10.92
45841,27,1,3,2012,20.970000000000002,14.68,7.2,10.64
45842,27,2,3,2012,20.573333333333334,15.38,7.75,11.25
45843,27,3,3,2012,20.047500000000003,16.3,8.55,12.19
45844,27,4,3,2012,19.585,16.52,8.8,12.46
45845,27,5,3,2012,18.940833333333334,16.28,8.65,12.24
45846,27,6,3,2012,18.875000000000004,16.64,9.04,12.61
45847,27,7,3,2012,18.535,17.27,9.93,13.52
45848,27,8,3,2012,18.396666666666665,17.82,10.32,14.04
45849,27,9,3,2012,18.10333333333333,15.19,8.620000000000001,11.79
45850,27,10,3,2012,17.393333333333334,17.44,9.86,13.61
45851,27,11,3,2012,17.4925,12.39,6.96,9.47
45852,27,12,3,2012,16.580833333333334,12.34,6.34,9.32
45853,27,13,3,2012,17.7075,11.65,6.76,9.22
45854,27,14,3,2012,19.125833333333333,9.46,6.62,8.290000000000001
45855,27,15,3,2012,19.949166666666667,9.77,6.94,8.64
45856,27,16,3,2012,20.709166666666665,8.49,6.19,7.59
45857,27,17,3,2012,21.727500000000003,6.32,4.74,5.72
45858,27,18,3,2012,22.905833333333334,5.78,4.3100000000000005,5.2
45859,27,19,3,2012,23.720000000000002,6.68,4.94,6.0
45860,27,20,3,2012,24.2775,6.94,5.09,6.22
45861,27,21,3,2012,24.515,6.87,5.0,6.13
45862,27,22,3,2012,24.359166666666667,7.53,5.39,6.72
45863,27,23,3,2012,23.38333333333333,7.54,4.14,5.5
45864,28,0,3,2012,21.271666666666665,8.57,3.41,7.0
45865,28,1,3,2012,19.714166666666667,8.14,3.25,6.46
45866,28,2,3,2012,18.470000000000002,7.97,2.86,6.0600000000000005
45867,28,3,3,2012,18.1125,8.4,3.51,6.78
45868,28,4,3,2012,17.74,10.14,4.23,8.69
45869,28,5,3,2012,16.870833333333334,7.48,3.88,7.6
45870,28,6,3,2012,15.489166666666668,6.4,3.22,5.97
45871,28,7,3,2012,14.907499999999999,4.51,1.97,3.73
45872,28,8,3,2012,14.191666666666665,3.92,1.94,3.31
45873,28,9,3,2012,13.231666666666667,2.8000000000000003,0.72,1.46
45874,28,10,3,2012,12.634166666666665,4.29,1.73,3.16
45875,28,11,3,2012,11.545000000000002,4.82,2.1,3.78
45876,28,12,3,2012,10.934166666666668,5.3,1.81,3.68
45877,28,13,3,2012,11.320833333333335,5.83,2.68,3.91
45878,28,14,3,2012,13.368333333333332,5.67,2.75,3.24
45879,28,15,3,2012,16.034166666666668,4.22,3.34,3.91
45880,28,16,3,2012,18.229166666666668,4.99,3.95,4.65
45881,28,17,3,2012,20.03333333333333,5.91,4.62,5.47
45882,28,18,3,2012,21.184166666666666,6.51,5.1000000000000005,6.05
45883,28,19,3,2012,22.088333333333335,6.8100000000000005,5.32,6.33
45884,28,20,3,2012,22.632499999999997,7.99,6.05,7.32
45885,28,21,3,2012,23.136666666666667,8.93,6.49,8.01
45886,28,22,3,2012,22.513333333333332,8.2,5.8100000000000005,7.32
45887,28,23,3,2012,20.325,9.4,6.41,8.14
45888,29,0,3,2012,18.41,9.01,3.63,6.18
45889,29,1,3,2012,17.072499999999998,10.75,4.83,7.35
45890,29,2,3,2012,15.874166666666667,11.93,5.68,8.34
45891,29,3,3,2012,16.0325,11.02,4.8100000000000005,6.99
45892,29,4,3,2012,15.843333333333335,9.84,4.93,6.88
45893,29,5,3,2012,15.433333333333332,10.39,4.9,7.44
45894,29,6,3,2012,14.787499999999996,10.48,4.71,7.25
45895,29,7,3,2012,14.801666666666668,7.75,4.3,5.89
45896,29,8,3,2012,14.77833333333333,9.4,5.36,7.27
45897,29,9,3,2012,14.564166666666665,9.63,5.23,7.12
45898,29,10,3,2012,14.110833333333332,8.78,5.22,6.91
45899,29,11,3,2012,14.565833333333336,9.13,5.5,7.31
45900,29,12,3,2012,14.4625,8.73,5.3100000000000005,7.03
45901,29,13,3,2012,14.841666666666663,7.21,4.84,5.88
45902,29,14,3,2012,16.734166666666667,8.35,6.24,7.59
45903,29,15,3,2012,17.952499999999997,9.18,6.75,8.26
45904,29,16,3,2012,19.2675,9.53,7.07,8.620000000000001
45905,29,17,3,2012,20.3025,9.81,7.25,8.85
45906,29,18,3,2012,21.460833333333337,10.72,7.84,9.62
45907,29,19,3,2012,21.992499999999996,10.79,7.81,9.63
45908,29,20,3,2012,22.4725,10.91,7.82,9.68
45909,29,21,3,2012,22.545,9.54,6.6400000000000015,8.36
45910,29,22,3,2012,23.579166666666666,10.99,6.5,8.92
45911,29,23,3,2012,23.915833333333335,10.61,5.44,7.85
45912,30,0,3,2012,22.472499999999997,12.45,5.93,9.1
45913,30,1,3,2012,21.387500000000003,13.55,7.37,10.33
45914,30,2,3,2012,20.76,17.37,10.55,14.26
45915,30,3,3,2012,20.32333333333333,15.58,10.66,13.65
45916,30,4,3,2012,19.0025,11.31,4.9,8.13
45917,30,5,3,2012,17.968333333333334,11.49,6.24,8.94
45918,30,6,3,2012,16.77916666666667,12.39,7.23,9.9
45919,30,7,3,2012,16.3075,9.29,5.48,7.51
45920,30,8,3,2012,15.035833333333334,10.16,5.64,7.94
45921,30,9,3,2012,14.451666666666668,9.95,5.39,7.68
45922,30,10,3,2012,13.804166666666667,9.94,4.98,7.51
45923,30,11,3,2012,13.234166666666667,9.06,4.28,6.88
45924,30,12,3,2012,12.8225,8.16,4.2700000000000005,6.34
45925,30,13,3,2012,13.765,7.79,4.28,5.97
45926,30,14,3,2012,15.0525,5.71,4.0200000000000005,4.79
45927,30,15,3,2012,16.554166666666664,4.75,3.74,4.44
45928,30,16,3,2012,18.188333333333336,3.69,2.89,3.42
45929,30,17,3,2012,19.786666666666665,3.89,3.04,3.59
45930,30,18,3,2012,21.17,3.21,2.5,2.94
45931,30,19,3,2012,22.280833333333334,1.79,1.44,1.66
45932,30,20,3,2012,23.000000000000004,1.68,1.39,1.59
45933,30,21,3,2012,23.36583333333333,3.96,3.27,3.79
45934,30,22,3,2012,23.565,5.19,3.94,4.72
45935,30,23,3,2012,23.189999999999998,5.36,3.21,4.45
45936,31,0,3,2012,21.638333333333332,6.8500000000000005,3.18,5.55
45937,31,1,3,2012,20.255000000000003,7.86,2.98,5.67
45938,31,2,3,2012,19.4225,8.99,4.17,7.1400000000000015
45939,31,3,3,2012,19.096666666666668,9.49,4.59,7.88
45940,31,4,3,2012,18.256666666666668,10.24,4.8100000000000005,8.120000000000001
45941,31,5,3,2012,17.295833333333334,10.61,4.62,7.85
45942,31,6,3,2012,16.830833333333334,11.32,5.2,8.39
45943,31,7,3,2012,16.755833333333335,12.07,6.0200000000000005,9.24
45944,31,8,3,2012,15.82416666666667,11.87,5.99,9.03
45945,31,9,3,2012,15.477500000000004,11.82,6.13,9.18
45946,31,10,3,2012,15.039166666666668,11.51,5.99,9.06
45947,31,11,3,2012,14.399166666666666,10.03,5.49,8.46
45948,31,12,3,2012,14.290833333333333,9.87,5.48,8.120000000000001
45949,31,13,3,2012,16.379166666666666,9.51,5.42,7.34
45950,31,14,3,2012,18.633333333333336,8.43,5.65,6.8100000000000005
45951,31,15,3,2012,20.666666666666668,7.47,5.64,6.8
45952,31,16,3,2012,22.873333333333335,8.02,5.89,7.21
45953,31,17,3,2012,24.82916666666667,9.78,7.11,8.77
45954,31,18,3,2012,26.24083333333333,9.91,7.21,8.870000000000003
45955,31,19,3,2012,27.49416666666667,9.96,7.17,8.870000000000003
45956,31,20,3,2012,28.427499999999995,10.11,7.22,8.96
45957,31,21,3,2012,28.81833333333333,9.93,6.96,8.74
45958,31,22,3,2012,28.689166666666676,9.74,6.78,8.55
45959,31,23,3,2012,27.710833333333337,8.91,5.23,7.0
45960,1,0,4,2012,25.815833333333334,11.24,4.39,8.17
45961,1,1,4,2012,24.8275,11.27,4.79,8.46
45962,1,2,4,2012,23.9975,12.71,5.08,8.94
45963,1,3,4,2012,23.268333333333334,12.89,5.32,9.2
45964,1,4,4,2012,22.639999999999997,13.69,5.72,9.57
45965,1,5,4,2012,21.83083333333333,14.24,5.96,9.84
45966,1,6,4,2012,21.2125,14.39,6.1000000000000005,9.93
45967,1,7,4,2012,20.382500000000004,14.24,6.24,9.89
45968,1,8,4,2012,20.033333333333335,14.44,6.43,10.15
45969,1,9,4,2012,19.646666666666665,14.55,6.51,10.18
45970,1,10,4,2012,19.120833333333334,14.79,6.5600000000000005,10.24
45971,1,11,4,2012,18.65416666666667,14.88,6.76,10.31
45972,1,12,4,2012,18.729166666666668,14.57,7.33,10.34
45973,1,13,4,2012,19.848333333333333,13.59,7.73,10.42
45974,1,14,4,2012,21.347499999999997,10.01,7.05,8.57
45975,1,15,4,2012,22.974166666666665,9.19,6.8900000000000015,8.38
45976,1,16,4,2012,24.5725,7.78,5.84,7.09
45977,1,17,4,2012,26.22583333333333,8.41,6.22,7.6
45978,1,18,4,2012,27.349166666666665,8.96,6.63,8.1
45979,1,19,4,2012,28.180833333333336,10.33,7.48,9.24
45980,1,20,4,2012,28.845000000000002,10.99,7.9300000000000015,9.84
45981,1,21,4,2012,29.271666666666665,10.88,7.77,9.68
45982,1,22,4,2012,29.48,10.86,7.52,9.54
45983,1,23,4,2012,28.980833333333333,10.83,7.34,9.41
45984,2,0,4,2012,26.71833333333333,12.8,4.86,8.49
45985,2,1,4,2012,25.144166666666667,14.56,5.93,9.74
45986,2,2,4,2012,24.395833333333332,14.62,6.2,9.9
45987,2,3,4,2012,23.753333333333334,14.41,6.32,9.99
45988,2,4,4,2012,23.3425,15.55,7.12,10.87
45989,2,5,4,2012,22.512500000000003,16.240000000000002,7.43,11.28
45990,2,6,4,2012,21.705833333333334,16.28,7.58,11.45
45991,2,7,4,2012,20.710833333333337,15.52,7.3900000000000015,11.02
45992,2,8,4,2012,19.9275,16.03,7.94,11.59
45993,2,9,4,2012,19.45583333333333,16.26,8.290000000000001,11.94
45994,2,10,4,2012,18.808333333333334,16.03,8.28,11.84
45995,2,11,4,2012,18.224999999999998,15.84,8.13,11.72
45996,2,12,4,2012,17.8725,15.76,8.14,11.65
45997,2,13,4,2012,19.43916666666666,14.49,8.51,11.44
45998,2,14,4,2012,21.629166666666663,11.95,7.81,9.72
45999,2,15,4,2012,23.546666666666667,11.94,8.58,10.69
46000,2,16,4,2012,25.408333333333335,12.05,8.74,10.84
46001,2,17,4,2012,26.924166666666675,11.95,8.63,10.72
46002,2,18,4,2012,28.343333333333334,11.24,8.120000000000001,10.09
46003,2,19,4,2012,29.60833333333333,10.06,7.1400000000000015,8.89
46004,2,20,4,2012,30.37,10.15,7.16,8.97
46005,2,21,4,2012,30.57666666666667,10.49,7.35,9.24
46006,2,22,4,2012,30.277499999999993,10.97,7.72,9.78
46007,2,23,4,2012,29.17833333333333,10.46,6.97,8.86
46008,3,0,4,2012,26.69333333333334,13.14,5.0,8.84
46009,3,1,4,2012,25.171666666666667,13.61,5.87,9.65
46010,3,2,4,2012,23.990833333333338,14.78,6.3900000000000015,10.21
46011,3,3,4,2012,23.155,16.01,7.17,11.24
46012,3,4,4,2012,22.334999999999997,15.59,6.91,10.95
46013,3,5,4,2012,20.248333333333335,13.87,7.19,9.96
46014,3,6,4,2012,17.4175,12.78,6.46,9.35
46015,3,7,4,2012,15.773333333333333,11.55,5.91,8.46
46016,3,8,4,2012,14.528333333333334,11.22,5.91,8.34
46017,3,9,4,2012,13.508333333333335,10.61,5.65,7.95
46018,3,10,4,2012,12.601666666666667,10.38,5.6000000000000005,7.8
46019,3,11,4,2012,11.714166666666666,10.79,6.0200000000000005,8.26
46020,3,12,4,2012,11.206666666666665,11.06,6.55,8.71
46021,3,13,4,2012,11.486666666666666,10.41,7.05,8.72
46022,3,14,4,2012,12.208333333333334,9.08,6.76,8.31
46023,3,15,4,2012,13.4125,9.15,6.8500000000000005,8.41
46024,3,16,4,2012,15.2325,7.86,5.88,7.16
46025,3,17,4,2012,17.18166666666667,7.34,5.55,6.71
46026,3,18,4,2012,18.849166666666665,7.43,5.62,6.79
46027,3,19,4,2012,20.223333333333333,7.05,5.33,6.43
46028,3,20,4,2012,21.167500000000004,7.24,5.48,6.63
46029,3,21,4,2012,21.6875,6.76,5.05,6.15
46030,3,22,4,2012,21.89916666666667,6.03,4.64,5.57
46031,3,23,4,2012,21.739166666666666,7.52,5.44,6.78
46032,4,0,4,2012,19.916666666666664,10.33,4.54,7.41
46033,4,1,4,2012,18.590833333333332,11.97,5.36,8.38
46034,4,2,4,2012,17.29666666666667,12.0,5.89,8.85
46035,4,3,4,2012,16.223333333333336,12.0,5.71,8.65
46036,4,4,4,2012,15.148333333333333,11.73,5.28,8.23
46037,4,5,4,2012,14.326666666666668,11.18,4.87,7.6
46038,4,6,4,2012,13.506666666666668,10.08,4.0600000000000005,6.78
46039,4,7,4,2012,12.781666666666666,9.52,3.97,6.38
46040,4,8,4,2012,12.20833333333333,9.7,4.2700000000000005,6.62
46041,4,9,4,2012,11.688333333333333,9.66,4.16,6.53
46042,4,10,4,2012,11.128333333333336,9.35,4.26,6.54
46043,4,11,4,2012,10.596666666666666,9.21,4.49,6.63
46044,4,12,4,2012,10.263333333333334,8.77,4.75,6.5200000000000005
46045,4,13,4,2012,11.138333333333334,8.11,4.87,6.0200000000000005
46046,4,14,4,2012,11.386666666666668,6.32,4.8500000000000005,5.83
46047,4,15,4,2012,11.620833333333332,6.94,5.37,6.49
46048,4,16,4,2012,11.734166666666665,7.43,5.74,6.93
46049,4,17,4,2012,10.880000000000003,6.48,4.99,6.03
46050,4,18,4,2012,10.4575,8.78,6.75,8.18
46051,4,19,4,2012,11.063333333333333,6.32,4.71,5.76
46052,4,20,4,2012,11.045833333333333,4.79,3.74,4.48
46053,4,21,4,2012,10.700000000000001,6.53,5.29,6.2
46054,4,22,4,2012,10.808333333333335,6.33,4.3,5.8
46055,4,23,4,2012,10.847500000000002,7.65,5.11,6.7
46056,5,0,4,2012,10.835833333333333,6.3900000000000015,3.7,5.08
46057,5,1,4,2012,11.017500000000004,8.02,5.29,6.87
46058,5,2,4,2012,11.090833333333334,7.94,5.15,6.75
46059,5,3,4,2012,10.7875,7.4,4.16,5.91
46060,5,4,4,2012,11.445,8.34,5.2,6.86
46061,5,5,4,2012,10.745833333333335,8.74,5.51,7.25
46062,5,6,4,2012,10.161666666666667,8.72,5.73,7.42
46063,5,7,4,2012,10.03,8.98,5.54,7.3
46064,5,8,4,2012,9.994166666666667,9.38,5.43,7.37
46065,5,9,4,2012,9.235833333333334,8.34,5.21,6.87
46066,5,10,4,2012,8.585833333333335,7.3900000000000015,5.24,6.5600000000000005
46067,5,11,4,2012,7.800833333333332,8.08,5.33,6.7
46068,5,12,4,2012,7.439999999999999,7.9,5.44,6.8
46069,5,13,4,2012,7.457500000000002,6.67,4.86,5.97
46070,5,14,4,2012,7.891666666666667,6.04,4.63,5.59
46071,5,15,4,2012,8.635833333333332,6.36,5.0200000000000005,5.97
46072,5,16,4,2012,9.9675,6.54,5.11,6.11
46073,5,17,4,2012,11.720833333333333,6.5200000000000005,5.0,6.0
46074,5,18,4,2012,13.121666666666664,5.66,4.33,5.19
46075,5,19,4,2012,14.479166666666666,5.89,4.53,5.42
46076,5,20,4,2012,15.366666666666667,6.46,4.93,5.94
46077,5,21,4,2012,15.8925,6.53,4.99,6.0
46078,5,22,4,2012,16.06166666666667,6.55,4.89,5.95
46079,5,23,4,2012,15.844166666666666,6.57,4.86,5.97
46080,6,0,4,2012,14.554166666666665,8.58,3.87,7.13
46081,6,1,4,2012,12.944999999999999,8.53,3.65,7.1400000000000015
46082,6,2,4,2012,11.630833333333335,8.950000000000003,2.36,5.17
46083,6,3,4,2012,10.963333333333333,9.38,1.87,5.39
46084,6,4,4,2012,9.888333333333334,7.92,1.93,5.32
46085,6,5,4,2012,8.981666666666666,5.08,1.44,3.33
46086,6,6,4,2012,8.395000000000001,7.28,1.86,4.7
46087,6,7,4,2012,7.760833333333334,9.9,1.99,5.59
46088,6,8,4,2012,7.109999999999999,12.61,2.51,6.88
46089,6,9,4,2012,6.013333333333333,13.16,2.3000000000000003,6.99
46090,6,10,4,2012,5.036666666666667,13.3,2.42,6.93
46091,6,11,4,2012,4.0441666666666665,12.77,2.47,6.78
46092,6,12,4,2012,3.985,11.91,5.33,7.4
46093,6,13,4,2012,5.918333333333334,9.81,5.38,7.45
46094,6,14,4,2012,7.553333333333334,6.74,5.04,6.09
46095,6,15,4,2012,9.437499999999998,6.37,4.9,5.87
46096,6,16,4,2012,11.2175,6.6400000000000015,5.07,6.09
46097,6,17,4,2012,12.705833333333336,7.0,5.3,6.38
46098,6,18,4,2012,14.026666666666669,7.49,5.64,6.8100000000000005
46099,6,19,4,2012,15.0925,7.67,5.72,6.94
46100,6,20,4,2012,15.905,8.290000000000001,6.09,7.45
46101,6,21,4,2012,16.354166666666668,8.540000000000001,6.24,7.68
46102,6,22,4,2012,16.453333333333337,9.46,6.79,8.44
46103,6,23,4,2012,16.113333333333333,9.44,6.72,8.39
46104,7,0,4,2012,14.719999999999999,11.45,5.21,8.31
46105,7,1,4,2012,13.549166666666666,11.81,5.41,8.52
46106,7,2,4,2012,12.405833333333332,12.05,5.01,8.120000000000001
46107,7,3,4,2012,11.569166666666666,12.05,4.82,7.84
46108,7,4,4,2012,10.947499999999998,12.02,4.3500000000000005,7.44
46109,7,5,4,2012,10.74,12.85,4.79,7.96
46110,7,6,4,2012,10.7125,13.15,5.58,8.69
46111,7,7,4,2012,10.294166666666667,12.94,5.74,8.73
46112,7,8,4,2012,10.213333333333333,13.0,6.09,9.04
46113,7,9,4,2012,10.014166666666666,12.45,5.39,8.28
46114,7,10,4,2012,9.910000000000002,12.24,5.32,8.07
46115,7,11,4,2012,9.995,11.02,5.94,8.1
46116,7,12,4,2012,9.823333333333334,10.21,6.1400000000000015,8.22
46117,7,13,4,2012,9.949166666666667,8.11,4.8100000000000005,6.36
46118,7,14,4,2012,11.059166666666664,7.97,4.6000000000000005,6.17
46119,7,15,4,2012,12.033333333333333,6.43,3.47,4.83
46120,7,16,4,2012,12.4525,6.26,3.18,4.48
46121,7,17,4,2012,13.137500000000001,7.5,4.82,6.21
46122,7,18,4,2012,14.991666666666667,8.66,6.2700000000000005,7.69
46123,7,19,4,2012,17.424166666666668,9.58,6.8100000000000005,8.41
46124,7,20,4,2012,18.284166666666668,10.24,7.38,9.1
46125,7,21,4,2012,18.365000000000002,10.88,7.68,9.63
46126,7,22,4,2012,17.75,10.88,7.86,9.78
46127,7,23,4,2012,16.479166666666668,10.61,7.42,9.34
46128,8,0,4,2012,14.245,12.2,5.38,8.71
46129,8,1,4,2012,12.579166666666666,12.16,4.41,8.84
46130,8,2,4,2012,11.748333333333335,11.94,4.39,8.67
46131,8,3,4,2012,11.045833333333334,10.92,4.21,8.32
46132,8,4,4,2012,10.315833333333334,10.9,3.6,7.34
46133,8,5,4,2012,10.037500000000001,10.88,3.0700000000000003,7.34
46134,8,6,4,2012,9.408333333333335,8.91,2.96,6.92
46135,8,7,4,2012,8.48166666666667,6.38,1.75,4.07
46136,8,8,4,2012,8.240833333333333,4.16,0.84,2.18
46137,8,9,4,2012,7.905833333333334,3.03,0.37,1.35
46138,8,10,4,2012,7.510833333333333,1.88,1.34,1.52
46139,8,11,4,2012,7.5025,3.09,2.01,3.04
46140,8,12,4,2012,7.465833333333333,3.96,2.94,4.23
46141,8,13,4,2012,9.160833333333334,4.55,3.0,4.25
46142,8,14,4,2012,11.809166666666668,4.67,3.14,3.74
46143,8,15,4,2012,13.549166666666665,4.79,3.74,4.45
46144,8,16,4,2012,14.735833333333334,4.6000000000000005,3.5,4.18
46145,8,17,4,2012,15.783333333333331,5.0600000000000005,3.81,4.57
46146,8,18,4,2012,16.6725,5.95,4.43,5.34
46147,8,19,4,2012,17.495833333333334,6.96,5.13,6.23
46148,8,20,4,2012,18.034166666666668,7.57,5.55,6.78
46149,8,21,4,2012,18.455000000000002,7.35,5.3100000000000005,6.53
46150,8,22,4,2012,18.7025,7.76,5.49,6.8500000000000005
46151,8,23,4,2012,18.285833333333333,7.68,4.94,6.19
46152,9,0,4,2012,16.395,7.77,3.44,6.34
46153,9,1,4,2012,15.174166666666666,9.78,4.04,7.12
46154,9,2,4,2012,14.795,9.39,4.9,8.27
46155,9,3,4,2012,14.227500000000001,10.32,5.0600000000000005,8.41
46156,9,4,4,2012,13.527500000000002,10.24,4.98,8.32
46157,9,5,4,2012,12.545833333333333,10.02,4.96,8.16
46158,9,6,4,2012,12.443333333333333,8.6,3.72,7.12
46159,9,7,4,2012,11.8225,10.5,2.66,6.12
46160,9,8,4,2012,10.635833333333332,10.17,2.57,6.0200000000000005
46161,9,9,4,2012,9.778333333333332,8.67,1.87,4.86
46162,9,10,4,2012,8.858333333333333,5.72,1.89,4.07
46163,9,11,4,2012,8.025,4.07,1.17,2.57
46164,9,12,4,2012,7.538333333333334,2.76,0.8300000000000001,1.46
46165,9,13,4,2012,9.031666666666666,2.18,1.38,1.65
46166,9,14,4,2012,11.025833333333333,1.84,1.75,1.93
46167,9,15,4,2012,13.19833333333333,1.77,1.68,1.85
46168,9,16,4,2012,15.249166666666667,1.49,1.26,1.43
46169,9,17,4,2012,16.622500000000002,2.04,1.71,1.95
46170,9,18,4,2012,17.438333333333336,2.15,1.74,1.99
46171,9,19,4,2012,18.164166666666667,2.75,2.14,2.52
46172,9,20,4,2012,18.68166666666667,3.72,2.92,3.44
46173,9,21,4,2012,18.902500000000003,4.44,3.42,4.07
46174,9,22,4,2012,18.825833333333332,4.75,3.61,4.3500000000000005
46175,9,23,4,2012,18.397499999999997,4.9,3.44,4.25
46176,10,0,4,2012,16.771666666666665,6.0200000000000005,2.96,5.14
46177,10,1,4,2012,15.689166666666663,9.08,2.36,5.29
46178,10,2,4,2012,14.082500000000001,11.37,4.14,8.24
46179,10,3,4,2012,12.480833333333335,9.8,3.78,7.59
46180,10,4,4,2012,11.155000000000001,11.45,3.34,7.0
46181,10,5,4,2012,10.0675,11.55,3.51,6.8500000000000005
46182,10,6,4,2012,8.823333333333334,12.3,3.89,7.48
46183,10,7,4,2012,7.844999999999999,12.48,4.42,7.94
46184,10,8,4,2012,6.895833333333333,11.97,4.25,7.6
46185,10,9,4,2012,5.956666666666667,9.85,2.85,6.08
46186,10,10,4,2012,5.453333333333334,8.48,3.12,5.87
46187,10,11,4,2012,4.696666666666666,7.19,2.5500000000000003,5.26
46188,10,12,4,2012,4.365,7.1400000000000015,2.6,5.29
46189,10,13,4,2012,5.4425,4.48,1.75,2.84
46190,10,14,4,2012,7.291666666666667,2.74,2.13,2.51
46191,10,15,4,2012,8.951666666666666,2.96,2.31,2.71
46192,10,16,4,2012,10.224166666666667,3.2,2.59,3.0
46193,10,17,4,2012,11.393333333333333,3.37,2.63,3.09
46194,10,18,4,2012,12.7175,3.83,2.99,3.52
46195,10,19,4,2012,13.665,4.16,3.29,3.87
46196,10,20,4,2012,14.335833333333333,4.2,3.28,3.86
46197,10,21,4,2012,14.755,4.58,3.56,4.24
46198,10,22,4,2012,14.973333333333331,5.23,4.03,4.84
46199,10,23,4,2012,14.8025,5.41,4.01,4.92
46200,11,0,4,2012,13.401666666666666,6.09,3.12,5.41
46201,11,1,4,2012,11.546666666666667,7.63,2.9,5.82
46202,11,2,4,2012,10.330833333333333,9.13,2.31,5.61
46203,11,3,4,2012,9.4475,10.16,2.24,5.98
46204,11,4,4,2012,8.706666666666667,10.47,2.69,6.37
46205,11,5,4,2012,7.731666666666668,11.55,3.42,6.88
46206,11,6,4,2012,6.178333333333334,11.39,3.09,6.5
46207,11,7,4,2012,4.9575000000000005,11.12,2.65,6.55
46208,11,8,4,2012,3.8158333333333325,10.88,2.4,6.0200000000000005
46209,11,9,4,2012,3.026666666666667,10.22,2.54,6.25
46210,11,10,4,2012,2.3449999999999998,9.22,2.66,5.98
46211,11,11,4,2012,1.7374999999999998,8.66,2.48,5.62
46212,11,12,4,2012,1.5316666666666665,8.44,3.5500000000000003,6.0
46213,11,13,4,2012,2.5475,5.51,3.99,4.73
46214,11,14,4,2012,3.9233333333333333,5.01,3.94,4.66
46215,11,15,4,2012,5.528333333333333,4.86,3.83,4.5200000000000005
46216,11,16,4,2012,6.980833333333333,4.0,3.24,3.77
46217,11,17,4,2012,8.304166666666667,3.61,2.95,3.41
46218,11,18,4,2012,9.546666666666665,3.33,2.75,3.16
46219,11,19,4,2012,10.6175,3.51,2.9,3.33
46220,11,20,4,2012,11.543333333333335,3.96,3.23,3.74
46221,11,21,4,2012,12.108333333333334,3.8,3.11,3.6
46222,11,22,4,2012,12.393333333333333,4.14,3.28,3.86
46223,11,23,4,2012,12.273333333333335,4.82,3.62,4.4
46224,12,0,4,2012,11.189166666666667,5.59,3.28,5.25
46225,12,1,4,2012,9.661666666666667,7.3900000000000015,3.19,5.8100000000000005
46226,12,2,4,2012,8.426666666666668,8.86,3.38,6.87
46227,12,3,4,2012,7.5975,10.09,3.5,6.96
46228,12,4,4,2012,7.088333333333334,10.3,3.85,7.38
46229,12,5,4,2012,6.715,10.66,4.09,7.47
46230,12,6,4,2012,6.456666666666667,11.04,4.08,7.28
46231,12,7,4,2012,6.569166666666668,11.44,4.91,7.72
46232,12,8,4,2012,6.528333333333333,11.09,5.11,7.68
46233,12,9,4,2012,7.635000000000001,9.3,5.18,7.13
46234,12,10,4,2012,7.545833333333333,9.35,5.37,7.3
46235,12,11,4,2012,7.475833333333333,9.39,5.5,7.4
46236,12,12,4,2012,7.575833333333332,9.03,5.37,7.17
46237,12,13,4,2012,8.002500000000001,9.18,5.84,7.43
46238,12,14,4,2012,8.278333333333334,8.96,5.7700000000000005,7.28
46239,12,15,4,2012,8.814166666666667,8.09,5.97,7.29
46240,12,16,4,2012,9.750833333333334,8.07,6.04,7.32
46241,12,17,4,2012,11.950833333333334,8.11,5.88,7.23
46242,12,18,4,2012,10.435,8.870000000000003,6.53,7.99
46243,12,19,4,2012,8.306666666666665,10.09,7.51,9.16
46244,12,20,4,2012,10.796666666666667,10.76,8.08,9.87
46245,12,21,4,2012,10.997499999999997,10.72,7.88,9.68
46246,12,22,4,2012,10.5375,9.85,7.09,8.76
46247,12,23,4,2012,10.16,9.55,5.91,7.86
46248,13,0,4,2012,10.181666666666667,11.77,6.54,8.870000000000003
46249,13,1,4,2012,9.5925,12.11,6.55,9.16
46250,13,2,4,2012,9.306666666666667,13.17,6.86,9.73
46251,13,3,4,2012,9.483333333333334,13.96,7.63,10.59
46252,13,4,4,2012,10.405833333333332,14.89,8.68,11.72
46253,13,5,4,2012,11.028333333333334,14.58,8.32,11.36
46254,13,6,4,2012,11.058333333333335,15.5,8.63,12.01
46255,13,7,4,2012,10.746666666666668,15.23,8.47,11.75
46256,13,8,4,2012,11.021666666666668,15.51,9.5,12.6
46257,13,9,4,2012,11.17,15.54,9.6,12.7
46258,13,10,4,2012,10.710833333333333,14.24,8.5,11.38
46259,13,11,4,2012,10.824166666666665,13.7,7.91,10.81
46260,13,12,4,2012,12.235833333333334,13.59,8.44,11.12
46261,13,13,4,2012,13.0225,14.8,9.76,12.63
46262,13,14,4,2012,13.53416666666667,13.98,10.02,12.47
46263,13,15,4,2012,13.977500000000001,12.56,9.08,11.19
46264,13,16,4,2012,15.828333333333338,11.95,8.870000000000003,10.86
46265,13,17,4,2012,18.32166666666667,11.44,8.46,10.4
46266,13,18,4,2012,19.806666666666665,11.19,8.13,10.08
46267,13,19,4,2012,21.819999999999997,11.16,8.18,10.09
46268,13,20,4,2012,24.3475,10.15,7.1400000000000015,8.93
46269,13,21,4,2012,24.745,10.39,7.31,9.15
46270,13,22,4,2012,24.629166666666666,9.44,6.5600000000000005,8.25
46271,13,23,4,2012,23.715,7.95,4.75,6.41
46272,14,0,4,2012,22.189166666666665,5.54,1.89,4.0200000000000005
46273,14,1,4,2012,21.294166666666666,3.0700000000000003,1.25,2.33
46274,14,2,4,2012,20.461666666666662,2.66,1.3,2.22
46275,14,3,4,2012,19.731666666666666,12.99,4.93,8.290000000000001
46276,14,4,4,2012,18.88083333333333,13.44,4.63,7.96
46277,14,5,4,2012,17.528333333333332,13.02,5.73,8.85
46278,14,6,4,2012,16.221666666666668,11.91,6.22,8.66
46279,14,7,4,2012,15.489166666666664,11.72,5.8500000000000005,8.34
46280,14,8,4,2012,14.620833333333332,10.75,5.82,8.21
46281,14,9,4,2012,13.794166666666667,10.12,5.62,7.76
46282,14,10,4,2012,13.99,9.72,5.57,7.43
46283,14,11,4,2012,14.464166666666664,8.56,5.05,6.65
46284,14,12,4,2012,14.660833333333334,8.01,4.69,6.33
46285,14,13,4,2012,14.9925,7.42,4.14,5.88
46286,14,14,4,2012,15.141666666666667,6.83,4.94,6.04
46287,14,15,4,2012,17.15666666666667,7.6,5.63,6.8500000000000005
46288,14,16,4,2012,18.559166666666666,9.21,6.54,8.2
46289,14,17,4,2012,18.0875,10.68,7.72,9.56
46290,14,18,4,2012,17.3125,13.34,9.99,12.25
46291,14,19,4,2012,16.349999999999998,16.04,11.47,14.25
46292,14,20,4,2012,16.8775,14.9,10.83,13.31
46293,14,21,4,2012,15.700000000000001,12.05,8.6,10.64
46294,14,22,4,2012,15.271666666666667,10.35,6.45,8.33
46295,14,23,4,2012,15.538333333333334,9.39,5.53,7.44
46296,15,0,4,2012,15.799999999999999,10.66,6.65,8.71
46297,15,1,4,2012,15.968333333333335,9.98,6.51,8.47
46298,15,2,4,2012,16.441666666666666,12.75,6.47,9.1
46299,15,3,4,2012,18.6525,14.23,7.57,10.61
46300,15,4,4,2012,19.166666666666668,17.11,9.6,13.21
46301,15,5,4,2012,18.9325,17.05,9.52,13.07
46302,15,6,4,2012,18.643333333333334,16.66,9.33,12.95
46303,15,7,4,2012,18.766666666666666,17.94,10.46,14.17
46304,15,8,4,2012,16.33833333333333,11.65,6.87,9.19
46305,15,9,4,2012,16.343333333333334,11.02,6.47,8.9
46306,15,10,4,2012,16.85666666666667,13.08,6.78,9.7
46307,15,11,4,2012,17.125833333333333,13.71,7.11,10.19
46308,15,12,4,2012,17.7725,16.48,10.09,13.32
46309,15,13,4,2012,18.320833333333336,16.94,11.07,14.32
46310,15,14,4,2012,19.022499999999997,15.82,11.0,13.86
46311,15,15,4,2012,19.998333333333335,16.490000000000002,11.53,14.46
46312,15,16,4,2012,21.1575,16.490000000000002,11.53,14.35
46313,15,17,4,2012,22.31,17.66,12.18,15.25
46314,15,18,4,2012,22.8425,18.9,13.02,16.4
46315,15,19,4,2012,21.98333333333333,19.32,13.3,16.85
46316,15,20,4,2012,21.008333333333333,19.12,13.09,16.53
46317,15,21,4,2012,20.400833333333335,19.42,13.2,16.7
46318,15,22,4,2012,19.876666666666665,19.4,13.12,16.75
46319,15,23,4,2012,19.158333333333335,17.5,11.65,15.01
46320,16,0,4,2012,15.5725,18.55,11.67,15.52
46321,16,1,4,2012,13.963333333333333,14.91,8.9,12.02
46322,16,2,4,2012,11.5,16.47,10.05,13.45
46323,16,3,4,2012,10.176666666666666,12.63,6.91,9.57
46324,16,4,4,2012,9.7775,15.16,8.86,11.95
46325,16,5,4,2012,8.22,18.22,11.66,15.18
46326,16,6,4,2012,7.541666666666667,17.77,11.28,14.75
46327,16,7,4,2012,7.299166666666668,16.76,11.1,14.15
46328,16,8,4,2012,7.046666666666667,15.4,9.12,12.25
46329,16,9,4,2012,6.952500000000001,14.78,8.41,11.53
46330,16,10,4,2012,7.127500000000001,15.59,8.92,12.23
46331,16,11,4,2012,7.035833333333333,15.41,8.76,12.04
46332,16,12,4,2012,7.165,14.52,8.64,11.44
46333,16,13,4,2012,8.295,12.73,8.72,11.01
46334,16,14,4,2012,9.328333333333335,11.82,8.35,10.43
46335,16,15,4,2012,10.385833333333334,11.12,7.9300000000000015,9.85
46336,16,16,4,2012,11.68,9.34,6.78,8.35
46337,16,17,4,2012,12.935833333333335,8.09,5.91,7.21
46338,16,18,4,2012,13.993333333333334,7.52,5.53,6.73
46339,16,19,4,2012,14.992499999999998,6.53,4.82,5.8500000000000005
46340,16,20,4,2012,15.855000000000004,6.53,4.78,5.83
46341,16,21,4,2012,16.316666666666666,6.78,4.99,6.07
46342,16,22,4,2012,16.493333333333336,6.44,4.66,5.72
46343,16,23,4,2012,16.49666666666667,6.58,4.5200000000000005,5.72
46344,17,0,4,2012,15.325833333333334,5.84,3.11,4.5600000000000005
46345,17,1,4,2012,14.554166666666669,6.46,2.45,5.82
46346,17,2,4,2012,13.026666666666666,6.6000000000000005,1.92,4.23
46347,17,3,4,2012,12.696666666666667,2.63,1.26,2.18
46348,17,4,4,2012,11.6475,0.92,1.33,1.07
46349,17,5,4,2012,10.999166666666666,1.86,1.21,1.43
46350,17,6,4,2012,10.276666666666667,2.32,1.23,2.23
46351,17,7,4,2012,10.0475,1.75,1.12,1.88
46352,17,8,4,2012,9.381666666666666,3.71,1.82,3.28
46353,17,9,4,2012,8.771666666666667,4.7700000000000005,2.3000000000000003,4.1
46354,17,10,4,2012,8.235833333333332,5.26,2.84,5.0200000000000005
46355,17,11,4,2012,8.003333333333334,6.83,3.62,6.0200000000000005
46356,17,12,4,2012,8.145833333333334,8.2,3.83,6.04
46357,17,13,4,2012,10.185833333333333,7.86,3.73,5.22
46358,17,14,4,2012,12.750833333333334,6.07,4.04,4.86
46359,17,15,4,2012,14.905833333333335,5.8100000000000005,4.43,5.33
46360,17,16,4,2012,16.848333333333333,6.46,4.8,5.84
46361,17,17,4,2012,18.3325,7.0,5.17,6.3
46362,17,18,4,2012,19.395,7.49,5.51,6.72
46363,17,19,4,2012,20.099166666666665,7.82,5.7,6.99
46364,17,20,4,2012,20.74083333333333,8.22,5.95,7.33
46365,17,21,4,2012,21.154166666666665,8.39,5.99,7.43
46366,17,22,4,2012,21.200000000000003,9.1,6.42,8.05
46367,17,23,4,2012,20.84166666666667,9.42,6.25,7.9300000000000015
46368,18,0,4,2012,19.083333333333332,10.11,5.04,7.5
46369,18,1,4,2012,17.2075,12.84,5.37,8.82
46370,18,2,4,2012,16.571666666666665,14.87,7.16,10.69
46371,18,3,4,2012,15.859166666666669,14.33,7.01,10.3
46372,18,4,4,2012,15.396666666666668,14.62,7.18,10.46
46373,18,5,4,2012,15.460833333333333,14.88,7.41,10.69
46374,18,6,4,2012,14.656666666666668,15.42,7.43,10.93
46375,18,7,4,2012,14.565833333333332,15.55,7.78,11.27
46376,18,8,4,2012,13.970833333333337,15.58,7.87,11.31
46377,18,9,4,2012,13.700833333333334,15.12,8.3,11.47
46378,18,10,4,2012,14.220833333333331,15.36,8.700000000000001,11.87
46379,18,11,4,2012,14.045000000000002,15.03,8.3,11.42
46380,18,12,4,2012,13.751666666666665,15.29,8.370000000000001,11.37
46381,18,13,4,2012,15.1575,14.21,8.98,11.67
46382,18,14,4,2012,16.67916666666667,10.25,7.27,8.99
46383,18,15,4,2012,18.52,9.67,7.0200000000000005,8.66
46384,18,16,4,2012,20.049166666666665,9.57,6.91,8.53
46385,18,17,4,2012,21.0825,9.44,6.76,8.370000000000001
46386,18,18,4,2012,21.7925,9.05,6.5,8.01
46387,18,19,4,2012,22.51,8.34,6.0200000000000005,7.41
46388,18,20,4,2012,23.330000000000002,7.73,5.5600000000000005,6.86
46389,18,21,4,2012,23.786666666666665,6.99,5.0600000000000005,6.19
46390,18,22,4,2012,23.829166666666666,7.91,5.68,7.04
46391,18,23,4,2012,23.519166666666667,7.79,5.21,6.55
46392,19,0,4,2012,22.260833333333334,8.120000000000001,4.0,6.41
46393,19,1,4,2012,20.677500000000002,7.68,3.09,6.47
46394,19,2,4,2012,19.570833333333336,8.96,2.76,6.8500000000000005
46395,19,3,4,2012,18.965833333333332,7.72,3.97,6.95
46396,19,4,4,2012,17.581666666666667,10.47,4.62,7.83
46397,19,5,4,2012,16.965000000000003,14.73,5.83,9.34
46398,19,6,4,2012,16.698333333333334,15.08,6.6000000000000005,10.03
46399,19,7,4,2012,16.485833333333332,14.85,6.75,10.14
46400,19,8,4,2012,16.06583333333333,14.94,7.4,10.72
46401,19,9,4,2012,15.598333333333331,15.13,7.68,11.03
46402,19,10,4,2012,15.112500000000002,14.88,7.55,10.82
46403,19,11,4,2012,15.395833333333334,14.22,8.24,11.04
46404,19,12,4,2012,15.388333333333335,13.68,8.01,10.6
46405,19,13,4,2012,16.29083333333333,13.27,8.370000000000001,10.94
46406,19,14,4,2012,17.424166666666668,11.38,8.01,9.91
46407,19,15,4,2012,18.701666666666668,10.73,7.72,9.57
46408,19,16,4,2012,19.975833333333334,10.55,7.56,9.36
46409,19,17,4,2012,21.12666666666667,9.95,7.16,8.83
46410,19,18,4,2012,21.7175,9.14,6.53,8.07
46411,19,19,4,2012,20.824166666666663,7.21,4.98,6.2700000000000005
46412,19,20,4,2012,22.76666666666667,7.69,5.45,6.72
46413,19,21,4,2012,22.1525,8.89,6.87,8.33
46414,19,22,4,2012,22.088333333333328,13.56,10.01,12.28
46415,19,23,4,2012,18.433333333333334,13.39,9.09,11.59
46416,20,0,4,2012,16.153333333333332,13.0,8.81,11.25
46417,20,1,4,2012,13.1775,12.62,7.84,10.41
46418,20,2,4,2012,10.665833333333333,12.57,8.870000000000003,11.15
46419,20,3,4,2012,8.890833333333333,12.77,9.06,11.38
46420,20,4,4,2012,8.121666666666668,11.8,8.370000000000001,10.49
46421,20,5,4,2012,7.115833333333335,11.38,6.98,9.26
46422,20,6,4,2012,6.6191666666666675,12.61,8.55,10.95
46423,20,7,4,2012,6.981666666666666,14.46,10.01,12.7
46424,20,8,4,2012,7.170833333333332,12.08,8.51,10.72
46425,20,9,4,2012,7.099999999999999,11.94,8.23,10.45
46426,20,10,4,2012,7.276666666666667,12.51,8.47,10.86
46427,20,11,4,2012,6.9700000000000015,13.48,9.28,11.8
46428,20,12,4,2012,6.210833333333333,11.94,7.66,9.9
46429,20,13,4,2012,6.766666666666666,11.66,8.22,10.3
46430,20,14,4,2012,7.760000000000001,11.34,8.1,10.1
46431,20,15,4,2012,8.949166666666667,10.56,7.6,9.42
46432,20,16,4,2012,10.143333333333334,10.26,7.48,9.22
46433,20,17,4,2012,11.35,9.84,7.2,8.85
46434,20,18,4,2012,12.346666666666666,9.43,6.95,8.51
46435,20,19,4,2012,13.1925,9.31,6.8900000000000015,8.44
46436,20,20,4,2012,13.745,8.99,6.7700000000000005,8.26
46437,20,21,4,2012,14.103333333333332,8.38,6.29,7.68
46438,20,22,4,2012,14.253333333333336,7.97,5.95,7.28
46439,20,23,4,2012,14.063333333333333,7.67,5.67,6.99
46440,21,0,4,2012,12.954166666666666,7.04,4.7700000000000005,6.19
46441,21,1,4,2012,11.220833333333333,7.03,2.74,5.45
46442,21,2,4,2012,10.125833333333334,7.33,2.01,4.69
46443,21,3,4,2012,9.306666666666667,7.87,1.19,4.74
46444,21,4,4,2012,8.4125,7.62,0.96,4.2700000000000005
46445,21,5,4,2012,7.787499999999998,6.86,1.61,4.34
46446,21,6,4,2012,7.098333333333333,6.42,2.29,5.18
46447,21,7,4,2012,6.5,5.76,2.9,5.37
46448,21,8,4,2012,6.095833333333334,5.72,3.52,5.62
46449,21,9,4,2012,5.859166666666667,5.92,3.68,5.79
46450,21,10,4,2012,5.304166666666667,6.92,3.82,6.2700000000000005
46451,21,11,4,2012,5.120833333333333,6.98,3.74,6.25
46452,21,12,4,2012,6.233333333333333,7.61,4.14,6.12
46453,21,13,4,2012,7.694166666666667,8.08,4.87,5.8
46454,21,14,4,2012,9.671666666666669,6.63,4.91,5.92
46455,21,15,4,2012,11.515,6.3500000000000005,4.8,5.8
46456,21,16,4,2012,13.12833333333333,5.94,4.45,5.37
46457,21,17,4,2012,14.986666666666666,6.5200000000000005,4.87,5.87
46458,21,18,4,2012,16.238333333333333,6.97,5.12,6.24
46459,21,19,4,2012,17.9525,8.1,5.89,7.19
46460,21,20,4,2012,19.263333333333335,8.22,5.98,7.32
46461,21,21,4,2012,20.519166666666667,8.21,5.78,7.2
46462,21,22,4,2012,21.116666666666667,9.88,6.74,8.4
46463,21,23,4,2012,20.3925,12.9,8.31,10.57
46464,22,0,4,2012,18.940833333333334,12.36,4.03,7.96
46465,22,1,4,2012,16.885833333333334,13.04,4.57,8.01
46466,22,2,4,2012,15.745833333333332,15.39,5.25,9.41
46467,22,3,4,2012,14.902500000000002,14.86,5.8100000000000005,9.82
46468,22,4,4,2012,13.651666666666666,14.41,5.39,9.29
46469,22,5,4,2012,12.771666666666667,14.27,5.51,9.42
46470,22,6,4,2012,11.747499999999997,16.19,6.96,10.89
46471,22,7,4,2012,10.781666666666666,16.080000000000002,7.3,11.16
46472,22,8,4,2012,9.355833333333335,16.52,7.74,11.6
46473,22,9,4,2012,8.530000000000001,16.63,8.86,12.46
46474,22,10,4,2012,7.735,15.68,8.24,11.56
46475,22,11,4,2012,7.048333333333335,14.72,7.68,10.93
46476,22,12,4,2012,6.819166666666667,14.05,8.1,11.46
46477,22,13,4,2012,7.853333333333333,13.79,9.7,12.2
46478,22,14,4,2012,8.809166666666666,12.89,9.15,11.45
46479,22,15,4,2012,9.810833333333333,12.59,9.04,11.22
46480,22,16,4,2012,10.924999999999999,11.89,8.56,10.6
46481,22,17,4,2012,11.918333333333335,13.36,9.67,11.98
46482,22,18,4,2012,12.618333333333334,13.39,9.67,11.98
46483,22,19,4,2012,13.193333333333333,12.68,9.14,11.35
46484,22,20,4,2012,13.406666666666666,10.88,7.98,9.82
46485,22,21,4,2012,13.694999999999999,10.07,7.38,9.09
46486,22,22,4,2012,13.796666666666665,9.9,7.17,8.91
46487,22,23,4,2012,13.134166666666667,9.68,6.94,8.65
46488,23,0,4,2012,11.589166666666666,8.82,6.24,7.82
46489,23,1,4,2012,9.35,8.64,3.8,6.41
46490,23,2,4,2012,8.06,7.0600000000000005,1.9,4.94
46491,23,3,4,2012,7.654166666666665,6.53,1.09,3.93
46492,23,4,4,2012,7.27,6.1000000000000005,0.97,3.3200000000000003
46493,23,5,4,2012,6.945833333333333,4.64,1.37,2.91
46494,23,6,4,2012,6.800833333333333,4.19,1.87,3.37
46495,23,7,4,2012,6.3450000000000015,4.15,2.24,3.78
46496,23,8,4,2012,5.865833333333334,4.39,2.33,4.09
46497,23,9,4,2012,5.594166666666667,4.48,2.75,4.5600000000000005
46498,23,10,4,2012,4.959166666666667,4.57,3.02,4.73
46499,23,11,4,2012,4.545000000000001,4.61,3.01,4.82
46500,23,12,4,2012,5.0633333333333335,4.64,3.02,4.7700000000000005
46501,23,13,4,2012,6.758333333333333,4.49,2.92,3.56
46502,23,14,4,2012,9.663333333333336,3.85,3.04,3.62
46503,23,15,4,2012,11.438333333333333,3.77,2.91,3.47
46504,23,16,4,2012,12.755,3.75,2.89,3.44
46505,23,17,4,2012,13.898333333333333,3.43,2.67,3.16
46506,23,18,4,2012,15.02416666666666,3.03,2.37,2.79
46507,23,19,4,2012,16.07,2.67,2.08,2.45
46508,23,20,4,2012,16.897500000000004,2.33,1.86,2.16
46509,23,21,4,2012,17.555833333333336,2.87,2.29,2.68
46510,23,22,4,2012,17.97416666666667,2.44,1.88,2.22
46511,23,23,4,2012,18.20333333333333,1.91,1.4,1.69
46512,24,0,4,2012,17.301666666666666,2.21,1.31,2.11
46513,24,1,4,2012,15.582500000000001,4.14,2.39,3.94
46514,24,2,4,2012,14.124166666666667,7.05,3.33,5.6000000000000005
46515,24,3,4,2012,13.502500000000003,8.88,4.23,7.74
46516,24,4,4,2012,13.685,9.66,4.6000000000000005,8.08
46517,24,5,4,2012,13.8225,10.75,5.0,8.56
46518,24,6,4,2012,13.408333333333333,11.9,5.55,9.05
46519,24,7,4,2012,13.046666666666669,13.32,6.59,10.01
46520,24,8,4,2012,12.801666666666668,14.61,7.2,10.67
46521,24,9,4,2012,12.615,15.4,7.8900000000000015,11.36
46522,24,10,4,2012,12.67,15.63,8.26,11.71
46523,24,11,4,2012,12.381666666666666,15.28,8.16,11.56
46524,24,12,4,2012,12.706666666666669,15.13,8.31,11.39
46525,24,13,4,2012,14.205,12.95,7.4,9.96
46526,24,14,4,2012,16.356666666666666,9.2,6.32,7.6
46527,24,15,4,2012,18.764166666666664,3.68,2.78,3.3200000000000003
46528,24,16,4,2012,21.33666666666667,3.76,2.87,3.42
46529,24,17,4,2012,23.592499999999998,4.57,3.41,4.11
46530,24,18,4,2012,25.78666666666666,4.97,3.68,4.44
46531,24,19,4,2012,27.807499999999994,5.5200000000000005,4.04,4.91
46532,24,20,4,2012,29.39166666666667,5.71,4.14,5.05
46533,24,21,4,2012,30.473333333333333,5.29,3.82,4.67
46534,24,22,4,2012,30.935833333333324,4.62,3.42,4.15
46535,24,23,4,2012,30.798333333333332,2.37,1.57,1.92
46536,25,0,4,2012,28.647500000000004,3.03,1.49,2.61
46537,25,1,4,2012,26.237499999999997,1.58,1.4,1.65
46538,25,2,4,2012,25.211666666666662,2.77,1.39,2.35
46539,25,3,4,2012,22.919999999999998,4.03,3.1,4.33
46540,25,4,4,2012,22.409999999999997,5.0200000000000005,2.83,4.92
46541,25,5,4,2012,22.049166666666668,7.08,3.5700000000000003,6.48
46542,25,6,4,2012,21.084999999999997,8.45,4.08,7.52
46543,25,7,4,2012,21.0375,9.46,4.94,8.08
46544,25,8,4,2012,19.63083333333333,12.63,6.68,9.44
46545,25,9,4,2012,18.953333333333333,10.7,5.0200000000000005,8.09
46546,25,10,4,2012,19.263333333333332,5.48,2.86,4.78
46547,25,11,4,2012,17.245,4.2,2.5500000000000003,4.39
46548,25,12,4,2012,17.043333333333333,3.11,3.12,4.21
46549,25,13,4,2012,18.936666666666664,4.51,3.46,4.4
46550,25,14,4,2012,22.1725,3.7,2.79,3.11
46551,25,15,4,2012,25.46083333333333,4.03,3.16,3.75
46552,25,16,4,2012,27.625833333333336,4.94,3.62,4.39
46553,25,17,4,2012,29.635833333333334,6.8,5.01,6.09
46554,25,18,4,2012,31.05333333333333,7.22,5.29,6.45
46555,25,19,4,2012,31.71916666666667,7.41,5.42,6.62
46556,25,20,4,2012,32.05666666666667,9.36,6.8100000000000005,8.4
46557,25,21,4,2012,31.931666666666672,9.4,6.74,8.34
46558,25,22,4,2012,32.01333333333333,10.28,7.1000000000000005,8.98
46559,25,23,4,2012,31.4025,11.12,7.31,9.52
46560,26,0,4,2012,28.965,12.88,4.46,8.35
46561,26,1,4,2012,26.717499999999998,13.56,5.43,9.43
46562,26,2,4,2012,25.515,13.52,5.58,9.44
46563,26,3,4,2012,23.945000000000004,13.68,4.51,8.42
46564,26,4,4,2012,22.70166666666667,14.94,4.99,9.12
46565,26,5,4,2012,21.325,15.06,4.36,8.58
46566,26,6,4,2012,20.425,12.55,3.09,7.33
46567,26,7,4,2012,19.77583333333333,11.81,2.95,7.26
46568,26,8,4,2012,19.105833333333333,10.66,2.83,6.43
46569,26,9,4,2012,18.257500000000004,10.28,2.93,6.4
46570,26,10,4,2012,17.255,9.79,2.68,5.92
46571,26,11,4,2012,16.205833333333334,7.58,2.5,5.19
46572,26,12,4,2012,16.526666666666667,7.21,3.3000000000000003,5.36
46573,26,13,4,2012,17.56,5.33,3.78,4.45
46574,26,14,4,2012,18.895,5.61,4.45,5.2700000000000005
46575,26,15,4,2012,20.286666666666665,5.86,4.62,5.48
46576,26,16,4,2012,21.755,6.3100000000000005,4.91,5.84
46577,26,17,4,2012,22.69583333333333,5.62,4.4,5.2
46578,26,18,4,2012,23.459999999999997,5.65,4.44,5.24
46579,26,19,4,2012,23.998333333333335,6.04,4.72,5.58
46580,26,20,4,2012,24.155,6.3500000000000005,4.96,5.89
46581,26,21,4,2012,24.095833333333335,6.5,4.96,5.94
46582,26,22,4,2012,23.279166666666665,7.61,5.3,6.69
46583,26,23,4,2012,22.59166666666667,8.25,5.41,7.01
46584,27,0,4,2012,21.382499999999997,9.49,5.21,7.34
46585,27,1,4,2012,20.349166666666665,11.02,6.79,9.02
46586,27,2,4,2012,19.400000000000002,10.95,6.59,8.82
46587,27,3,4,2012,18.3775,11.13,6.24,8.63
46588,27,4,4,2012,17.693333333333335,10.37,5.7,7.9
46589,27,5,4,2012,16.708333333333332,10.98,5.87,8.26
46590,27,6,4,2012,15.851666666666668,12.14,6.75,9.3
46591,27,7,4,2012,15.0175,12.47,6.76,9.5
46592,27,8,4,2012,14.090833333333334,12.63,7.05,9.65
46593,27,9,4,2012,13.301666666666668,14.04,8.67,11.42
46594,27,10,4,2012,12.790833333333332,14.35,9.06,11.86
46595,27,11,4,2012,12.756666666666666,14.75,9.41,12.27
46596,27,12,4,2012,12.672499999999998,11.97,6.68,9.23
46597,27,13,4,2012,12.464999999999998,6.7700000000000005,3.73,4.46
46598,27,14,4,2012,11.308333333333332,8.59,6.78,8.19
46599,27,15,4,2012,10.456666666666667,20.68,13.14,17.13
46600,27,16,4,2012,9.704166666666667,29.93,17.97,25.42
46601,27,17,4,2012,10.901666666666666,20.63,13.98,17.66
46602,27,18,4,2012,11.266666666666666,18.67,13.28,16.580000000000002
46603,27,19,4,2012,12.075833333333334,17.16,12.38,15.37
46604,27,20,4,2012,13.173333333333332,15.41,11.01,13.74
46605,27,21,4,2012,14.166666666666664,14.79,10.58,13.17
46606,27,22,4,2012,15.273333333333333,16.03,11.42,14.29
46607,27,23,4,2012,15.399999999999999,16.330000000000002,11.57,14.47
46608,28,0,4,2012,13.570833333333331,16.29,10.65,13.79
46609,28,1,4,2012,12.5375,14.55,10.03,12.45
46610,28,2,4,2012,12.618333333333334,15.93,10.38,13.48
46611,28,3,4,2012,12.066666666666668,13.02,8.700000000000001,11.14
46612,28,4,4,2012,12.315,12.2,7.87,10.28
46613,28,5,4,2012,12.165,8.71,5.83,7.43
46614,28,6,4,2012,12.167499999999999,4.84,2.94,3.87
46615,28,7,4,2012,12.149166666666666,1.65,1.74,1.89
46616,28,8,4,2012,11.829166666666666,3.46,2.03,2.31
46617,28,9,4,2012,11.701666666666666,5.55,2.43,3.71
46618,28,10,4,2012,11.745,7.49,4.4,5.89
46619,28,11,4,2012,11.321666666666665,8.89,5.44,7.26
46620,28,12,4,2012,10.783333333333333,8.16,4.53,5.98
46621,28,13,4,2012,11.012500000000001,6.7700000000000005,4.66,5.8
46622,28,14,4,2012,11.100833333333334,5.12,3.86,4.7
46623,28,15,4,2012,11.459166666666667,4.71,3.64,4.36
46624,28,16,4,2012,12.601666666666667,5.39,4.15,4.96
46625,28,17,4,2012,14.3175,5.73,4.4,5.26
46626,28,18,4,2012,15.775833333333333,5.86,4.55,5.43
46627,28,19,4,2012,16.98,5.26,4.07,4.83
46628,28,20,4,2012,17.931666666666665,5.09,3.95,4.7
46629,28,21,4,2012,18.5075,5.63,4.36,5.2
46630,28,22,4,2012,18.77,6.08,4.66,5.6000000000000005
46631,28,23,4,2012,18.590833333333332,6.48,4.75,5.83
46632,29,0,4,2012,17.8,7.09,4.3100000000000005,5.65
46633,29,1,4,2012,16.750833333333336,8.55,3.54,6.32
46634,29,2,4,2012,15.96583333333333,10.27,4.16,6.86
46635,29,3,4,2012,14.843333333333334,9.06,4.11,6.21
46636,29,4,4,2012,13.120833333333335,8.71,5.41,7.1400000000000015
46637,29,5,4,2012,12.1725,8.41,5.19,6.86
46638,29,6,4,2012,11.3675,8.31,5.28,6.71
46639,29,7,4,2012,10.845833333333333,7.9300000000000015,5.58,6.92
46640,29,8,4,2012,10.350833333333334,7.75,5.54,6.86
46641,29,9,4,2012,9.1175,8.790000000000001,4.99,6.8900000000000015
46642,29,10,4,2012,8.829166666666666,6.65,4.86,5.87
46643,29,11,4,2012,8.855833333333335,6.59,4.82,5.8100000000000005
46644,29,12,4,2012,8.898333333333335,6.17,4.37,5.25
46645,29,13,4,2012,9.245,5.83,4.32,5.19
46646,29,14,4,2012,9.434166666666664,5.95,4.54,5.5
46647,29,15,4,2012,9.659999999999998,5.97,4.68,5.6000000000000005
46648,29,16,4,2012,9.956666666666665,6.28,4.92,5.89
46649,29,17,4,2012,10.251666666666667,6.24,4.88,5.8500000000000005
46650,29,18,4,2012,10.400833333333333,6.12,4.86,5.79
46651,29,19,4,2012,10.591666666666667,5.11,4.21,4.91
46652,29,20,4,2012,10.836666666666668,4.8500000000000005,3.96,4.64
46653,29,21,4,2012,11.020000000000001,4.3100000000000005,3.5500000000000003,4.15
46654,29,22,4,2012,10.458333333333334,5.13,4.14,4.91
46655,29,23,4,2012,10.200833333333334,4.96,4.07,4.79
46656,30,0,4,2012,10.147499999999999,4.5,3.69,4.32
46657,30,1,4,2012,9.138333333333332,3.68,2.36,3.63
46658,30,2,4,2012,8.5375,3.77,2.17,3.75
46659,30,3,4,2012,8.376666666666667,3.4,1.41,2.73
46660,30,4,4,2012,9.44,3.5500000000000003,2.34,3.08
46661,30,5,4,2012,9.394166666666667,3.49,2.33,3.02
46662,30,6,4,2012,9.817499999999999,4.15,2.75,3.51
46663,30,7,4,2012,9.978333333333333,3.39,1.77,2.36
46664,30,8,4,2012,10.091666666666665,3.71,1.74,2.56
46665,30,9,4,2012,10.129166666666666,3.63,2.01,2.82
46666,30,10,4,2012,10.1025,2.38,1.25,1.52
46667,30,11,4,2012,10.073333333333334,1.74,0.88,0.97
46668,30,12,4,2012,10.235,2.1,0.96,1.09
46669,30,13,4,2012,10.63,2.32,1.64,1.9
46670,30,14,4,2012,11.339166666666666,1.7,1.29,1.5
46671,30,15,4,2012,12.070833333333333,1.46,1.21,1.39
46672,30,16,4,2012,13.714999999999998,1.1,1.11,1.18
46673,30,17,4,2012,15.506666666666666,1.28,1.24,1.33
46674,30,18,4,2012,17.125833333333333,1.61,1.39,1.57
46675,30,19,4,2012,18.615,2.44,2.04,2.33
46676,30,20,4,2012,19.763333333333335,3.48,2.88,3.3200000000000003
46677,30,21,4,2012,20.519166666666667,4.0200000000000005,3.23,3.76
46678,30,22,4,2012,20.87666666666667,4.53,3.42,4.11
46679,30,23,4,2012,21.023333333333333,4.79,3.48,4.2700000000000005
46680,1,0,5,2012,20.270833333333332,5.76,3.33,4.8500000000000005
46681,1,1,5,2012,18.536666666666665,7.4,3.48,6.24
46682,1,2,5,2012,17.902500000000003,9.39,4.3500000000000005,7.41
46683,1,3,5,2012,17.378333333333334,9.73,4.0,6.99
46684,1,4,5,2012,16.913333333333334,10.97,4.68,7.7
46685,1,5,5,2012,17.156666666666666,11.7,5.47,8.24
46686,1,6,5,2012,16.791666666666664,10.95,5.09,7.72
46687,1,7,5,2012,16.423333333333332,11.26,4.97,7.74
46688,1,8,5,2012,16.141666666666666,10.88,4.8500000000000005,7.53
46689,1,9,5,2012,15.579166666666667,10.47,4.86,7.47
46690,1,10,5,2012,15.069166666666666,10.07,5.25,7.78
46691,1,11,5,2012,14.725,10.3,5.2,7.69
46692,1,12,5,2012,15.58333333333333,9.86,5.45,7.55
46693,1,13,5,2012,17.18,8.4,5.49,6.6000000000000005
46694,1,14,5,2012,19.345,7.9,5.82,7.12
46695,1,15,5,2012,21.459166666666665,8.27,6.07,7.44
46696,1,16,5,2012,23.287499999999998,8.73,6.3900000000000015,7.84
46697,1,17,5,2012,24.861666666666665,9.9,7.24,8.88
46698,1,18,5,2012,26.0,10.34,7.47,9.22
46699,1,19,5,2012,27.325000000000003,11.34,8.11,10.06
46700,1,20,5,2012,28.455000000000002,12.35,8.72,10.89
46701,1,21,5,2012,28.735000000000003,12.99,8.700000000000001,11.24
46702,1,22,5,2012,28.0425,14.26,9.73,12.4
46703,1,23,5,2012,28.024999999999995,14.29,9.29,12.25
46704,2,0,5,2012,27.046666666666667,13.1,8.43,11.1
46705,2,1,5,2012,25.556666666666672,13.98,7.41,10.63
46706,2,2,5,2012,24.584166666666665,14.56,7.73,11.0
46707,2,3,5,2012,24.4675,14.68,8.19,11.41
46708,2,4,5,2012,23.30916666666667,14.16,7.87,10.96
46709,2,5,5,2012,22.34,14.28,7.96,11.0
46710,2,6,5,2012,21.960000000000004,14.27,7.9300000000000015,10.97
46711,2,7,5,2012,21.598333333333333,13.8,7.35,10.34
46712,2,8,5,2012,21.03333333333333,13.89,7.65,10.64
46713,2,9,5,2012,20.474166666666665,13.17,7.0200000000000005,9.86
46714,2,10,5,2012,20.233333333333334,14.19,7.58,10.68
46715,2,11,5,2012,19.751666666666665,13.72,6.98,10.02
46716,2,12,5,2012,19.5575,8.96,4.13,5.15
46717,2,13,5,2012,21.65833333333333,7.09,4.91,6.1400000000000015
46718,2,14,5,2012,23.126666666666665,8.49,6.15,7.58
46719,2,15,5,2012,24.376666666666665,8.69,6.34,7.79
46720,2,16,5,2012,25.71083333333333,8.67,6.3100000000000005,7.75
46721,2,17,5,2012,27.068333333333328,9.7,7.03,8.66
46722,2,18,5,2012,28.127499999999998,10.32,7.55,9.28
46723,2,19,5,2012,28.985833333333332,10.46,7.6,9.36
46724,2,20,5,2012,29.712499999999995,11.24,8.06,10.01
46725,2,21,5,2012,30.354166666666668,11.06,7.8900000000000015,9.81
46726,2,22,5,2012,30.407500000000002,11.67,8.08,10.2
46727,2,23,5,2012,28.927500000000006,12.68,8.81,11.14
46728,3,0,5,2012,28.008333333333336,12.53,8.52,10.9
46729,3,1,5,2012,26.75333333333333,12.5,6.17,9.17
46730,3,2,5,2012,25.8775,14.43,8.16,11.28
46731,3,3,5,2012,24.750833333333333,14.51,8.34,11.4
46732,3,4,5,2012,23.86583333333333,15.04,8.78,11.98
46733,3,5,5,2012,23.053333333333338,15.27,9.13,12.27
46734,3,6,5,2012,22.2675,14.35,8.23,11.25
46735,3,7,5,2012,21.841666666666665,14.16,8.13,11.08
46736,3,8,5,2012,17.956666666666667,10.99,8.06,9.69
46737,3,9,5,2012,17.258333333333333,6.66,4.17,5.13
46738,3,10,5,2012,17.250000000000004,7.28,4.5,5.58
46739,3,11,5,2012,16.95333333333333,8.61,4.0600000000000005,5.96
46740,3,12,5,2012,17.234166666666667,8.48,5.15,6.53
46741,3,13,5,2012,18.785833333333333,5.69,3.9,4.51
46742,3,14,5,2012,21.430833333333336,5.71,4.47,5.3100000000000005
46743,3,15,5,2012,23.8025,5.44,4.16,4.98
46744,3,16,5,2012,25.523333333333337,5.13,3.94,4.7
46745,3,17,5,2012,26.99416666666667,4.68,3.58,4.26
46746,3,18,5,2012,28.013333333333335,5.09,3.9,4.63
46747,3,19,5,2012,29.28833333333333,5.76,4.21,5.1000000000000005
46748,3,20,5,2012,30.416666666666668,7.3,5.46,6.61
46749,3,21,5,2012,31.010833333333334,7.52,5.65,6.8500000000000005
46750,3,22,5,2012,30.986666666666668,7.7,5.78,7.04
46751,3,23,5,2012,30.555000000000007,7.19,4.98,6.2
46752,4,0,5,2012,29.51833333333333,10.72,5.99,8.55
46753,4,1,5,2012,27.1725,13.04,7.87,10.68
46754,4,2,5,2012,25.757499999999997,10.83,6.8900000000000015,9.55
46755,4,3,5,2012,23.46666666666667,11.27,6.68,8.89
46756,4,4,5,2012,21.44083333333333,10.61,6.3500000000000005,8.84
46757,4,5,5,2012,20.870833333333334,11.06,4.55,7.35
46758,4,6,5,2012,20.928333333333338,9.05,4.16,7.49
46759,4,7,5,2012,20.0225,9.32,3.86,6.65
46760,4,8,5,2012,19.169166666666666,9.45,4.17,6.63
46761,4,9,5,2012,18.097499999999997,9.29,3.37,5.64
46762,4,10,5,2012,17.714166666666667,10.54,4.5,7.22
46763,4,11,5,2012,18.459999999999997,11.44,5.7700000000000005,8.38
46764,4,12,5,2012,19.29,7.83,3.37,5.48
46765,4,13,5,2012,21.023333333333333,5.16,4.14,4.89
46766,4,14,5,2012,23.663333333333338,5.75,4.44,5.32
46767,4,15,5,2012,25.897500000000004,5.45,4.19,5.0200000000000005
46768,4,16,5,2012,26.955833333333334,5.23,4.08,4.8500000000000005
46769,4,17,5,2012,28.139166666666668,5.62,4.32,5.16
46770,4,18,5,2012,29.468333333333337,6.78,5.11,6.17
46771,4,19,5,2012,30.388333333333335,7.29,5.44,6.6000000000000005
46772,4,20,5,2012,31.019166666666674,7.3,5.45,6.61
46773,4,21,5,2012,31.683333333333326,7.26,5.37,6.55
46774,4,22,5,2012,32.17916666666667,7.1400000000000015,5.21,6.44
46775,4,23,5,2012,32.01749999999999,7.21,5.12,6.43
46776,5,0,5,2012,30.56416666666667,8.41,4.41,6.49
46777,5,1,5,2012,28.19083333333333,10.28,3.66,6.98
46778,5,2,5,2012,27.048333333333332,11.6,4.5,7.97
46779,5,3,5,2012,26.078333333333333,12.14,4.44,7.85
46780,5,4,5,2012,25.060833333333335,11.26,4.41,7.47
46781,5,5,5,2012,24.379166666666674,11.45,4.84,8.24
46782,5,6,5,2012,23.749166666666667,12.77,5.47,8.77
46783,5,7,5,2012,22.866666666666664,12.63,5.64,8.84
46784,5,8,5,2012,22.028333333333336,12.96,5.95,9.25
46785,5,9,5,2012,21.505000000000006,13.08,6.22,9.53
46786,5,10,5,2012,21.055000000000003,11.84,5.29,8.51
46787,5,11,5,2012,21.285,11.36,5.45,8.44
46788,5,12,5,2012,22.124999999999996,10.1,5.41,7.82
46789,5,13,5,2012,23.22,7.98,4.99,6.18
46790,5,14,5,2012,25.30583333333333,6.4,4.79,5.79
46791,5,15,5,2012,26.883333333333336,4.63,3.56,4.2700000000000005
46792,5,16,5,2012,28.319166666666664,6.03,4.66,5.57
46793,5,17,5,2012,29.71083333333333,7.42,5.5600000000000005,6.74
46794,5,18,5,2012,30.71416666666667,8.58,6.36,7.76
46795,5,19,5,2012,31.458333333333332,9.3,6.82,8.370000000000001
46796,5,20,5,2012,31.9425,10.19,7.4,9.15
46797,5,21,5,2012,32.14416666666667,10.75,7.73,9.61
46798,5,22,5,2012,31.900833333333328,11.15,7.82,9.86
46799,5,23,5,2012,31.403333333333332,11.36,7.8900000000000015,10.01
46800,6,0,5,2012,30.18416666666667,11.88,7.15,9.32
46801,6,1,5,2012,28.118333333333336,11.77,5.2700000000000005,8.31
46802,6,2,5,2012,26.766666666666666,11.47,5.03,8.1
46803,6,3,5,2012,25.468333333333334,11.84,4.78,7.8900000000000015
46804,6,4,5,2012,24.362499999999997,13.04,4.68,8.08
46805,6,5,5,2012,23.793333333333337,13.34,5.18,8.51
46806,6,6,5,2012,23.37166666666667,13.02,5.61,8.81
46807,6,7,5,2012,22.670833333333334,12.65,5.32,8.5
46808,6,8,5,2012,21.95,12.32,4.95,8.07
46809,6,9,5,2012,21.117500000000003,11.72,3.89,7.12
46810,6,10,5,2012,21.10166666666667,11.75,5.4,8.28
46811,6,11,5,2012,20.68333333333333,11.03,4.86,7.62
46812,6,12,5,2012,21.530833333333334,9.63,4.25,6.29
46813,6,13,5,2012,23.094166666666666,5.88,4.5,5.39
46814,6,14,5,2012,24.99416666666667,4.24,3.2,3.85
46815,6,15,5,2012,26.199166666666667,3.43,2.66,3.15
46816,6,16,5,2012,26.914999999999996,3.38,2.65,3.14
46817,6,17,5,2012,26.923333333333336,6.75,5.45,6.43
46818,6,18,5,2012,26.337500000000002,10.69,8.3,9.97
46819,6,19,5,2012,24.268333333333334,10.45,8.09,9.48
46820,6,20,5,2012,19.46166666666667,11.51,8.96,10.86
46821,6,21,5,2012,18.833333333333332,10.48,7.69,9.34
46822,6,22,5,2012,19.369999999999994,7.43,5.75,6.93
46823,6,23,5,2012,19.059166666666666,5.5200000000000005,4.3500000000000005,5.18
46824,7,0,5,2012,19.621666666666673,5.8100000000000005,4.38,5.36
46825,7,1,5,2012,19.080833333333334,7.45,3.89,6.0200000000000005
46826,7,2,5,2012,18.94666666666667,7.13,3.52,5.65
46827,7,3,5,2012,18.971666666666668,7.56,3.83,5.78
46828,7,4,5,2012,19.200833333333332,8.5,4.49,6.38
46829,7,5,5,2012,19.0125,10.87,5.8,8.370000000000001
46830,7,6,5,2012,18.495833333333334,11.05,6.63,8.97
46831,7,7,5,2012,18.024166666666666,10.27,6.21,8.33
46832,7,8,5,2012,17.496666666666666,10.95,6.0600000000000005,8.42
46833,7,9,5,2012,17.17916666666667,10.64,5.98,8.32
46834,7,10,5,2012,16.45916666666667,10.97,6.34,8.76
46835,7,11,5,2012,15.800833333333335,11.7,6.34,8.97
46836,7,12,5,2012,15.109166666666667,12.23,6.6400000000000015,9.45
46837,7,13,5,2012,15.377499999999998,11.91,8.370000000000001,10.55
46838,7,14,5,2012,16.809166666666666,12.08,8.55,10.72
46839,7,15,5,2012,17.81,11.44,8.19,10.21
46840,7,16,5,2012,18.784166666666668,10.22,7.43,9.18
46841,7,17,5,2012,19.631666666666668,9.69,7.15,8.78
46842,7,18,5,2012,20.341666666666665,8.73,6.48,7.91
46843,7,19,5,2012,21.010833333333334,8.46,6.23,7.61
46844,7,20,5,2012,21.466666666666665,8.51,6.26,7.65
46845,7,21,5,2012,21.727500000000003,8.48,6.1400000000000015,7.58
46846,7,22,5,2012,21.799999999999997,8.59,6.22,7.7
46847,7,23,5,2012,21.450833333333332,9.34,6.63,8.4
46848,8,0,5,2012,20.400000000000002,10.22,5.5200000000000005,7.62
46849,8,1,5,2012,18.33666666666667,12.09,4.25,8.4
46850,8,2,5,2012,17.38416666666667,11.32,5.26,8.58
46851,8,3,5,2012,15.875,12.11,5.49,8.77
46852,8,4,5,2012,14.924166666666666,10.62,4.33,7.6400000000000015
46853,8,5,5,2012,14.274999999999999,10.09,4.65,8.24
46854,8,6,5,2012,13.7275,9.59,4.53,7.9300000000000015
46855,8,7,5,2012,12.930000000000001,9.49,3.75,7.33
46856,8,8,5,2012,12.695833333333331,7.77,3.45,6.6000000000000005
46857,8,9,5,2012,12.141666666666667,6.03,3.02,6.0
46858,8,10,5,2012,11.773333333333333,6.49,3.28,6.3500000000000005
46859,8,11,5,2012,11.387500000000001,6.4,3.65,5.97
46860,8,12,5,2012,12.119166666666667,7.21,3.89,5.66
46861,8,13,5,2012,14.407499999999999,6.9,4.1,4.98
46862,8,14,5,2012,16.640833333333333,6.34,4.63,5.65
46863,8,15,5,2012,18.281666666666666,7.9,5.67,6.96
46864,8,16,5,2012,19.2825,8.8,6.33,7.76
46865,8,17,5,2012,19.88583333333333,9.7,7.0,8.6
46866,8,18,5,2012,20.305,10.37,7.43,9.18
46867,8,19,5,2012,20.631666666666668,10.7,7.68,9.49
46868,8,20,5,2012,20.7525,10.62,7.62,9.4
46869,8,21,5,2012,20.689166666666665,10.13,7.26,8.97
46870,8,22,5,2012,20.475833333333338,9.15,6.47,8.03
46871,8,23,5,2012,20.090833333333332,9.39,6.54,8.26
46872,9,0,5,2012,18.91583333333333,9.34,6.13,7.88
46873,9,1,5,2012,16.609999999999996,10.23,3.78,7.31
46874,9,2,5,2012,14.905833333333332,10.91,3.48,6.99
46875,9,3,5,2012,13.686666666666667,12.21,3.96,7.72
46876,9,4,5,2012,12.880833333333333,12.37,4.28,8.15
46877,9,5,5,2012,12.013333333333335,10.61,3.78,7.24
46878,9,6,5,2012,10.964999999999998,10.31,3.1,6.5200000000000005
46879,9,7,5,2012,10.190833333333332,9.32,3.3000000000000003,6.5600000000000005
46880,9,8,5,2012,9.5275,9.15,3.41,6.44
46881,9,9,5,2012,8.849166666666667,7.65,3.58,6.2700000000000005
46882,9,10,5,2012,7.921666666666667,6.99,3.37,5.87
46883,9,11,5,2012,7.208333333333332,6.6400000000000015,3.21,5.82
46884,9,12,5,2012,8.321666666666667,6.55,3.08,5.2700000000000005
46885,9,13,5,2012,9.9975,3.67,2.4,2.9
46886,9,14,5,2012,11.609166666666665,3.5,2.72,3.23
46887,9,15,5,2012,13.219999999999999,3.53,2.73,3.24
46888,9,16,5,2012,14.5725,3.61,2.81,3.33
46889,9,17,5,2012,15.703333333333335,3.49,2.76,3.24
46890,9,18,5,2012,16.7425,3.23,2.6,3.03
46891,9,19,5,2012,17.784166666666668,2.93,2.29,2.67
46892,9,20,5,2012,18.680833333333332,3.35,2.63,3.1
46893,9,21,5,2012,19.26583333333333,3.24,2.53,2.99
46894,9,22,5,2012,19.62,2.77,2.17,2.5500000000000003
46895,9,23,5,2012,19.701666666666664,1.98,1.58,1.84
46896,10,0,5,2012,19.105833333333333,1.82,1.3,1.9
46897,10,1,5,2012,17.063333333333336,2.19,1.03,1.95
46898,10,2,5,2012,15.708333333333334,2.83,1.16,2.36
46899,10,3,5,2012,14.878333333333332,4.47,2.49,4.21
46900,10,4,5,2012,14.3025,5.68,3.23,5.51
46901,10,5,5,2012,13.665,7.0,3.86,6.74
46902,10,6,5,2012,13.100833333333332,8.6,4.3500000000000005,7.38
46903,10,7,5,2012,12.638333333333334,9.22,4.59,7.7
46904,10,8,5,2012,12.411666666666667,9.99,4.97,8.1
46905,10,9,5,2012,11.799166666666666,10.91,5.25,8.34
46906,10,10,5,2012,11.95583333333333,11.2,5.5200000000000005,8.64
46907,10,11,5,2012,11.684166666666664,11.51,5.76,8.83
46908,10,12,5,2012,12.459166666666667,11.03,5.95,8.26
46909,10,13,5,2012,14.396666666666667,9.65,5.2700000000000005,6.94
46910,10,14,5,2012,16.766666666666666,8.06,5.99,7.32
46911,10,15,5,2012,19.11333333333333,9.41,6.9,8.49
46912,10,16,5,2012,21.008333333333336,9.61,7.04,8.66
46913,10,17,5,2012,22.458333333333332,9.65,7.07,8.700000000000001
46914,10,18,5,2012,23.65833333333333,9.57,6.97,8.59
46915,10,19,5,2012,24.7675,9.45,6.88,8.47
46916,10,20,5,2012,25.650000000000002,9.91,7.26,8.950000000000003
46917,10,21,5,2012,26.169999999999998,9.92,7.19,8.94
46918,10,22,5,2012,26.469166666666666,9.98,7.2,8.97
46919,10,23,5,2012,26.343333333333337,10.13,7.1000000000000005,9.02
46920,11,0,5,2012,24.823333333333334,12.21,6.07,8.89
46921,11,1,5,2012,22.575,13.79,6.23,9.76
46922,11,2,5,2012,21.245833333333334,14.23,6.54,10.05
46923,11,3,5,2012,20.1925,15.02,7.05,10.61
46924,11,4,5,2012,19.47,15.27,7.22,10.78
46925,11,5,5,2012,18.704166666666666,15.1,7.21,10.75
46926,11,6,5,2012,17.887500000000003,14.68,6.68,10.15
46927,11,7,5,2012,17.236666666666665,14.4,6.33,9.8
46928,11,8,5,2012,16.597500000000004,14.45,6.15,9.64
46929,11,9,5,2012,15.9275,14.16,5.94,9.41
46930,11,10,5,2012,15.343333333333334,12.86,5.94,9.29
46931,11,11,5,2012,14.989166666666664,12.26,5.49,8.73
46932,11,12,5,2012,16.56083333333333,12.05,6.2700000000000005,8.73
46933,11,13,5,2012,18.21916666666667,9.65,5.83,7.6
46934,11,14,5,2012,19.933333333333334,6.5200000000000005,4.96,5.99
46935,11,15,5,2012,21.62,4.21,3.17,3.81
46936,11,16,5,2012,23.259166666666662,3.24,2.45,2.93
46937,11,17,5,2012,24.651666666666667,3.09,2.35,2.8000000000000003
46938,11,18,5,2012,25.615,3.06,2.46,2.87
46939,11,19,5,2012,26.219166666666666,3.54,2.82,3.31
46940,11,20,5,2012,26.595,3.76,3.01,3.52
46941,11,21,5,2012,26.83,3.49,2.76,3.24
46942,11,22,5,2012,25.700833333333335,12.3,9.5,11.98
46943,11,23,5,2012,22.06916666666667,9.62,8.06,10.28
46944,12,0,5,2012,22.756666666666664,3.45,2.47,3.45
46945,12,1,5,2012,19.989999999999995,9.23,4.8100000000000005,7.16
46946,12,2,5,2012,18.951666666666664,8.3,4.75,6.5600000000000005
46947,12,3,5,2012,18.129166666666666,10.47,6.04,8.24
46948,12,4,5,2012,16.625,11.55,6.79,9.27
46949,12,5,5,2012,15.886666666666665,10.41,6.44,8.57
46950,12,6,5,2012,14.598333333333331,10.11,6.62,8.52
46951,12,7,5,2012,14.053333333333333,10.38,6.69,8.78
46952,12,8,5,2012,13.571666666666665,10.41,6.72,8.82
46953,12,9,5,2012,12.724166666666667,9.22,5.84,7.72
46954,12,10,5,2012,11.652499999999998,10.02,6.53,8.47
46955,12,11,5,2012,11.243333333333334,10.09,6.51,8.49
46956,12,12,5,2012,11.29,8.41,6.17,7.6
46957,12,13,5,2012,11.504166666666668,8.44,6.37,7.78
46958,12,14,5,2012,12.081666666666665,8.2,6.25,7.59
46959,12,15,5,2012,12.110833333333332,7.59,5.96,7.13
46960,12,16,5,2012,11.754999999999997,6.7,5.2700000000000005,6.29
46961,12,17,5,2012,12.569166666666668,6.34,4.96,5.91
46962,12,18,5,2012,15.095833333333333,5.19,3.96,4.75
46963,12,19,5,2012,16.526666666666667,3.33,2.8000000000000003,3.21
46964,12,20,5,2012,17.66,3.28,2.87,3.21
46965,12,21,5,2012,17.993333333333332,1.89,1.71,1.9
46966,12,22,5,2012,19.31,3.04,2.04,2.56
46967,12,23,5,2012,20.375833333333336,5.63,4.07,5.08
46968,13,0,5,2012,20.202499999999997,6.37,4.23,5.73
46969,13,1,5,2012,18.339166666666667,6.3900000000000015,3.3200000000000003,6.3100000000000005
46970,13,2,5,2012,16.652499999999996,7.44,2.51,5.62
46971,13,3,5,2012,15.542499999999999,7.46,2.25,5.65
46972,13,4,5,2012,14.905000000000001,8.13,1.76,5.09
46973,13,5,5,2012,14.099166666666669,8.09,1.5,4.84
46974,13,6,5,2012,13.399999999999999,5.37,1.2,2.96
46975,13,7,5,2012,13.005,4.61,1.22,2.82
46976,13,8,5,2012,12.663333333333334,4.68,1.18,2.75
46977,13,9,5,2012,12.167499999999999,5.94,1.49,3.64
46978,13,10,5,2012,11.940833333333332,6.12,1.74,3.93
46979,13,11,5,2012,11.346666666666666,5.92,2.06,3.96
46980,13,12,5,2012,12.414166666666668,4.05,2.4,3.04
46981,13,13,5,2012,14.300000000000002,3.68,2.6,3.01
46982,13,14,5,2012,16.301666666666666,3.41,2.73,3.2
46983,13,15,5,2012,18.105,3.48,2.72,3.21
46984,13,16,5,2012,19.30666666666667,3.51,2.78,3.26
46985,13,17,5,2012,20.144166666666667,3.41,2.78,3.22
46986,13,18,5,2012,20.889166666666664,3.38,2.73,3.17
46987,13,19,5,2012,21.499166666666667,3.41,2.79,3.22
46988,13,20,5,2012,21.8875,3.17,2.67,3.0500000000000003
46989,13,21,5,2012,21.924999999999997,3.12,2.5500000000000003,2.95
46990,13,22,5,2012,21.965833333333336,3.18,2.51,2.97
46991,13,23,5,2012,21.858333333333334,3.09,2.48,2.92
46992,14,0,5,2012,21.270000000000003,4.07,2.12,3.76
46993,14,1,5,2012,19.54,3.71,2.16,3.76
46994,14,2,5,2012,18.531666666666666,2.75,1.48,2.66
46995,14,3,5,2012,18.06,2.42,1.19,2.23
46996,14,4,5,2012,17.5,1.71,0.98,1.64
46997,14,5,5,2012,16.605,2.19,2.02,2.54
46998,14,6,5,2012,15.710833333333333,2.24,2.08,2.61
46999,14,7,5,2012,14.151666666666664,0.84,0.59,0.89
47000,14,8,5,2012,13.830833333333336,1.57,1.5,1.93
47001,14,9,5,2012,13.550000000000002,2.95,2.53,3.42
47002,14,10,5,2012,12.573333333333332,3.99,2.22,3.5500000000000003
47003,14,11,5,2012,12.663333333333334,4.53,3.47,5.04
47004,14,12,5,2012,14.776666666666666,4.69,3.53,5.09
47005,14,13,5,2012,17.401666666666667,4.36,3.12,3.89
47006,14,14,5,2012,19.997500000000002,3.38,2.72,3.21
47007,14,15,5,2012,21.19,3.49,2.77,3.27
47008,14,16,5,2012,22.150000000000002,3.23,2.54,2.99
47009,14,17,5,2012,22.935,2.84,2.25,2.63
47010,14,18,5,2012,23.598333333333333,3.12,2.57,2.96
47011,14,19,5,2012,24.139166666666668,3.15,2.59,2.99
47012,14,20,5,2012,24.614999999999995,2.94,2.47,2.82
47013,14,21,5,2012,24.954166666666666,3.85,3.27,3.75
47014,14,22,5,2012,25.16,4.05,3.3200000000000003,3.87
47015,14,23,5,2012,25.08416666666666,3.43,2.72,3.21
47016,15,0,5,2012,24.29166666666667,3.65,2.08,3.34
47017,15,1,5,2012,22.049166666666668,4.22,2.39,3.9
47018,15,2,5,2012,20.6975,5.99,3.99,5.98
47019,15,3,5,2012,20.040833333333335,6.82,4.18,7.01
47020,15,4,5,2012,18.585,7.62,4.3,7.3900000000000015
47021,15,5,5,2012,17.226666666666663,9.55,4.64,8.34
47022,15,6,5,2012,17.067500000000003,10.63,4.86,8.53
47023,15,7,5,2012,16.422500000000003,12.34,5.4,9.11
47024,15,8,5,2012,16.140833333333337,12.88,5.62,9.48
47025,15,9,5,2012,15.757500000000002,12.78,5.98,9.65
47026,15,10,5,2012,15.335833333333335,12.54,6.16,9.73
47027,15,11,5,2012,15.130833333333333,11.51,6.19,9.52
47028,15,12,5,2012,15.989166666666664,11.02,6.3,8.870000000000003
47029,15,13,5,2012,18.055833333333336,10.09,5.8,7.4
47030,15,14,5,2012,20.74833333333333,8.09,5.84,7.04
47031,15,15,5,2012,23.3425,7.56,5.78,6.97
47032,15,16,5,2012,25.3575,7.25,5.44,6.61
47033,15,17,5,2012,26.660833333333333,6.0200000000000005,4.57,5.51
47034,15,18,5,2012,27.599999999999998,4.89,3.74,4.47
47035,15,19,5,2012,28.433333333333334,4.64,3.52,4.21
47036,15,20,5,2012,29.153333333333332,4.93,3.77,4.51
47037,15,21,5,2012,29.716666666666672,5.72,4.29,5.21
47038,15,22,5,2012,30.0925,5.69,4.3100000000000005,5.22
47039,15,23,5,2012,30.340833333333332,7.16,4.8,6.25
47040,16,0,5,2012,28.467500000000005,10.48,4.2700000000000005,7.5
47041,16,1,5,2012,25.161666666666665,12.13,4.19,8.290000000000001
47042,16,2,5,2012,23.069999999999993,13.53,4.55,8.74
47043,16,3,5,2012,21.660833333333333,14.2,4.71,9.13
47044,16,4,5,2012,20.223333333333333,14.28,4.72,9.25
47045,16,5,5,2012,18.343333333333334,12.38,3.6,8.03
47046,16,6,5,2012,17.273333333333333,10.84,3.24,7.13
47047,16,7,5,2012,16.10083333333333,10.78,3.34,7.09
47048,16,8,5,2012,14.96,11.09,3.76,7.37
47049,16,9,5,2012,13.857499999999996,11.04,3.8,7.38
47050,16,10,5,2012,12.605833333333335,10.9,3.65,7.1000000000000005
47051,16,11,5,2012,11.957500000000001,10.19,2.7,6.2700000000000005
47052,16,12,5,2012,12.885833333333336,9.06,3.02,5.32
47053,16,13,5,2012,14.555833333333332,4.8100000000000005,3.19,3.79
47054,16,14,5,2012,16.785,4.63,3.62,4.29
47055,16,15,5,2012,18.72416666666667,4.21,3.33,3.92
47056,16,16,5,2012,20.19,4.28,3.39,3.98
47057,16,17,5,2012,21.363333333333333,3.58,2.89,3.36
47058,16,18,5,2012,22.43166666666667,3.5,2.87,3.31
47059,16,19,5,2012,23.409166666666664,3.19,2.61,3.02
47060,16,20,5,2012,24.253333333333334,3.3200000000000003,2.75,3.17
47061,16,21,5,2012,24.84,3.52,2.84,3.3000000000000003
47062,16,22,5,2012,25.073333333333327,3.93,3.11,3.66
47063,16,23,5,2012,24.9875,4.98,3.68,4.5200000000000005
47064,17,0,5,2012,23.855,6.7,3.63,5.48
47065,17,1,5,2012,21.363333333333333,8.68,3.85,7.6400000000000015
47066,17,2,5,2012,19.77916666666667,10.4,4.2700000000000005,8.36
47067,17,3,5,2012,18.655833333333334,11.4,4.59,8.56
47068,17,4,5,2012,17.705000000000002,11.69,4.95,8.69
47069,17,5,5,2012,17.05333333333333,12.05,5.05,8.84
47070,17,6,5,2012,16.600833333333334,12.77,5.5,9.06
47071,17,7,5,2012,16.145,14.41,6.6400000000000015,10.16
47072,17,8,5,2012,15.795000000000002,14.82,7.2,10.7
47073,17,9,5,2012,15.354166666666666,14.99,7.49,10.91
47074,17,10,5,2012,15.189166666666665,15.19,7.87,11.26
47075,17,11,5,2012,14.965833333333334,15.16,8.51,11.62
47076,17,12,5,2012,15.691666666666668,14.66,8.73,11.62
47077,17,13,5,2012,17.290000000000003,13.1,7.35,9.4
47078,17,14,5,2012,19.906666666666666,9.95,7.3900000000000015,9.0
47079,17,15,5,2012,22.458333333333332,10.1,7.54,9.22
47080,17,16,5,2012,24.421666666666663,10.39,7.73,9.45
47081,17,17,5,2012,26.1575,10.47,7.76,9.52
47082,17,18,5,2012,27.500833333333333,9.98,7.29,8.96
47083,17,19,5,2012,28.535833333333333,10.21,7.42,9.15
47084,17,20,5,2012,29.214166666666667,11.15,8.0,9.94
47085,17,21,5,2012,29.47,11.29,8.040000000000001,10.03
47086,17,22,5,2012,29.431666666666672,11.83,8.24,10.42
47087,17,23,5,2012,28.866666666666664,12.01,8.290000000000001,10.57
47088,18,0,5,2012,27.325000000000003,12.56,7.82,10.13
47089,18,1,5,2012,25.025000000000002,14.33,7.11,10.51
47090,18,2,5,2012,23.37833333333333,14.4,7.3,10.68
47091,18,3,5,2012,22.158333333333335,14.49,7.16,10.53
47092,18,4,5,2012,21.083333333333332,15.45,7.45,11.02
47093,18,5,5,2012,20.276666666666667,15.43,7.54,11.07
47094,18,6,5,2012,19.715833333333332,15.77,7.28,10.89
47095,18,7,5,2012,19.22666666666667,15.63,7.91,11.44
47096,18,8,5,2012,18.876666666666665,15.64,7.96,11.54
47097,18,9,5,2012,17.981666666666666,14.91,7.69,11.08
47098,18,10,5,2012,17.884166666666665,15.32,8.3,11.67
47099,18,11,5,2012,17.78666666666667,15.49,8.73,11.94
47100,18,12,5,2012,18.967499999999998,15.09,8.870000000000003,11.89
47101,18,13,5,2012,20.285833333333333,11.4,7.07,8.67
47102,18,14,5,2012,22.729166666666668,9.92,7.3,8.98
47103,18,15,5,2012,24.765,10.49,7.62,9.42
47104,18,16,5,2012,26.367499999999996,12.44,9.0,11.17
47105,18,17,5,2012,27.756666666666664,12.81,9.25,11.49
47106,18,18,5,2012,28.803333333333327,13.11,9.34,11.65
47107,18,19,5,2012,29.498333333333335,13.39,9.53,11.91
47108,18,20,5,2012,29.795,13.19,9.4,11.73
47109,18,21,5,2012,29.914166666666663,14.0,9.85,12.39
47110,18,22,5,2012,29.670833333333334,13.92,9.78,12.32
47111,18,23,5,2012,29.055000000000003,13.51,9.28,11.8
47112,19,0,5,2012,27.69333333333333,14.22,8.55,11.32
47113,19,1,5,2012,25.68166666666667,14.25,7.68,11.0
47114,19,2,5,2012,24.400000000000002,13.95,6.71,10.04
47115,19,3,5,2012,23.64833333333333,14.87,7.44,10.9
47116,19,4,5,2012,23.013333333333335,15.34,7.99,11.45
47117,19,5,5,2012,22.637500000000003,15.72,8.25,11.78
47118,19,6,5,2012,21.81083333333333,15.44,8.19,11.62
47119,19,7,5,2012,21.1675,15.62,8.620000000000001,12.05
47120,19,8,5,2012,20.771666666666665,15.42,8.25,11.66
47121,19,9,5,2012,20.3575,15.16,8.07,11.42
47122,19,10,5,2012,19.924166666666668,14.67,8.58,11.66
47123,19,11,5,2012,20.48333333333333,15.3,9.24,12.42
47124,19,12,5,2012,21.31916666666667,15.63,9.78,12.94
47125,19,13,5,2012,22.635,14.9,10.41,13.07
47126,19,14,5,2012,24.092499999999998,17.96,12.73,15.95
47127,19,15,5,2012,24.607499999999998,17.830000000000005,12.66,15.85
47128,19,16,5,2012,25.51,16.53,11.8,14.74
47129,19,17,5,2012,26.40166666666667,16.92,11.81,14.91
47130,19,18,5,2012,27.153333333333332,16.16,11.39,14.32
47131,19,19,5,2012,27.684166666666666,15.79,11.25,14.05
47132,19,20,5,2012,29.06666666666666,15.95,11.25,14.13
47133,19,21,5,2012,29.600000000000005,15.92,11.3,14.18
47134,19,22,5,2012,29.03,15.5,10.89,13.74
47135,19,23,5,2012,28.951666666666664,15.44,10.58,13.51
47136,20,0,5,2012,27.785,14.76,9.67,12.65
47137,20,1,5,2012,23.841666666666665,14.74,9.89,12.6
47138,20,2,5,2012,20.695833333333336,11.07,6.3,8.64
47139,20,3,5,2012,20.22666666666667,12.71,7.34,10.01
47140,20,4,5,2012,20.0425,9.13,4.93,7.12
47141,20,5,5,2012,19.393333333333334,4.38,2.9,3.75
47142,20,6,5,2012,19.102499999999996,2.73,1.76,1.85
47143,20,7,5,2012,18.709999999999997,4.67,2.19,3.82
47144,20,8,5,2012,18.680833333333336,4.84,3.0500000000000003,4.61
47145,20,9,5,2012,17.663333333333338,9.07,4.18,6.96
47146,20,10,5,2012,17.48,8.3,5.01,6.72
47147,20,11,5,2012,16.2175,10.4,6.51,8.63
47148,20,12,5,2012,15.205000000000004,9.31,6.38,7.9
47149,20,13,5,2012,15.690833333333332,9.31,6.84,8.4
47150,20,14,5,2012,16.809166666666666,9.09,6.6400000000000015,8.16
47151,20,15,5,2012,18.084166666666665,8.370000000000001,6.13,7.5
47152,20,16,5,2012,19.11916666666667,7.88,5.8,7.07
47153,20,17,5,2012,20.285833333333333,7.33,5.46,6.62
47154,20,18,5,2012,21.3325,8.11,6.05,7.34
47155,20,19,5,2012,21.986666666666668,7.77,5.8100000000000005,7.04
47156,20,20,5,2012,22.608333333333334,6.66,4.97,6.01
47157,20,21,5,2012,22.91416666666667,7.56,5.71,6.92
47158,20,22,5,2012,22.811666666666664,7.76,5.83,7.08
47159,20,23,5,2012,22.550833333333333,7.33,5.38,6.63
47160,21,0,5,2012,21.81916666666667,7.68,5.21,6.6000000000000005
47161,21,1,5,2012,19.50916666666667,8.53,3.45,6.1000000000000005
47162,21,2,5,2012,17.941666666666666,9.75,3.34,7.44
47163,21,3,5,2012,16.492500000000003,9.03,2.99,7.0200000000000005
47164,21,4,5,2012,15.1325,9.89,2.62,6.68
47165,21,5,5,2012,14.579999999999998,10.21,2.89,7.28
47166,21,6,5,2012,13.829166666666666,10.09,2.96,6.99
47167,21,7,5,2012,12.832500000000001,9.93,2.96,6.72
47168,21,8,5,2012,11.675833333333335,10.07,2.47,5.92
47169,21,9,5,2012,10.733333333333334,8.17,1.35,4.66
47170,21,10,5,2012,10.304166666666667,5.07,1.14,2.89
47171,21,11,5,2012,10.041666666666666,3.98,1.02,2.47
47172,21,12,5,2012,11.2725,3.99,1.54,2.47
47173,21,13,5,2012,13.315,3.15,2.42,2.87
47174,21,14,5,2012,15.232500000000002,3.37,2.62,3.1
47175,21,15,5,2012,17.01416666666667,3.5,2.74,3.23
47176,21,16,5,2012,18.284166666666668,3.41,2.77,3.21
47177,21,17,5,2012,19.4225,3.18,2.62,3.02
47178,21,18,5,2012,20.470833333333335,2.89,2.43,2.77
47179,21,19,5,2012,21.36583333333333,2.69,2.32,2.62
47180,21,20,5,2012,22.156666666666666,2.2,1.98,2.19
47181,21,21,5,2012,22.79416666666667,2.14,1.82,2.06
47182,21,22,5,2012,23.045833333333334,2.69,2.3000000000000003,2.62
47183,21,23,5,2012,22.954166666666662,2.99,2.3000000000000003,2.76
47184,22,0,5,2012,22.349166666666672,3.0500000000000003,2.33,3.27
47185,22,1,5,2012,20.0975,6.2,3.34,5.91
47186,22,2,5,2012,18.760833333333334,5.75,3.56,6.04
47187,22,3,5,2012,17.895833333333332,7.95,4.01,7.31
47188,22,4,5,2012,16.813333333333333,8.76,4.48,7.6
47189,22,5,5,2012,15.804166666666665,9.94,4.79,7.98
47190,22,6,5,2012,15.574166666666665,9.3,4.54,7.82
47191,22,7,5,2012,14.892500000000004,10.23,4.96,8.1
47192,22,8,5,2012,14.606666666666667,10.8,5.32,8.48
47193,22,9,5,2012,14.201666666666668,11.46,5.76,8.870000000000003
47194,22,10,5,2012,13.604999999999999,11.82,5.61,8.88
47195,22,11,5,2012,13.199999999999998,11.58,5.88,8.83
47196,22,12,5,2012,14.4525,10.98,5.98,8.19
47197,22,13,5,2012,16.299166666666665,9.74,5.55,6.84
47198,22,14,5,2012,18.919166666666666,7.8900000000000015,5.8500000000000005,7.16
47199,22,15,5,2012,20.928333333333335,8.65,6.41,7.83
47200,22,16,5,2012,22.610833333333332,8.58,6.36,7.76
47201,22,17,5,2012,24.099999999999994,9.1,6.71,8.21
47202,22,18,5,2012,25.149166666666662,9.47,6.98,8.55
47203,22,19,5,2012,26.183333333333334,9.78,7.1400000000000015,8.77
47204,22,20,5,2012,26.8875,10.03,7.26,8.98
47205,22,21,5,2012,27.331666666666667,10.55,7.54,9.39
47206,22,22,5,2012,27.394999999999996,11.6,8.14,10.28
47207,22,23,5,2012,27.12833333333333,11.77,8.27,10.46
47208,23,0,5,2012,25.9075,12.32,7.18,9.36
47209,23,1,5,2012,23.566666666666663,13.63,6.19,9.71
47210,23,2,5,2012,21.900000000000002,13.78,6.32,9.78
47211,23,3,5,2012,20.474166666666665,14.59,6.97,10.38
47212,23,4,5,2012,19.919166666666666,15.21,7.99,11.39
47213,23,5,5,2012,19.690833333333334,16.04,8.6,12.13
47214,23,6,5,2012,19.451666666666668,16.31,8.93,12.47
47215,23,7,5,2012,18.881666666666664,16.23,9.12,12.57
47216,23,8,5,2012,18.674166666666665,16.39,9.24,12.71
47217,23,9,5,2012,18.35833333333333,16.3,9.24,12.67
47218,23,10,5,2012,18.147499999999997,16.45,9.46,12.92
47219,23,11,5,2012,18.011666666666667,16.76,9.94,13.32
47220,23,12,5,2012,19.26583333333333,16.68,10.45,13.79
47221,23,13,5,2012,20.93833333333333,15.22,10.43,13.06
47222,23,14,5,2012,22.851666666666663,14.68,10.51,13.12
47223,23,15,5,2012,24.764166666666664,15.41,11.02,13.76
47224,23,16,5,2012,26.531666666666663,15.66,11.18,13.96
47225,23,17,5,2012,28.208333333333332,16.85,11.87,14.89
47226,23,18,5,2012,29.4475,17.44,12.25,15.4
47227,23,19,5,2012,30.380000000000006,17.63,12.33,15.52
47228,23,20,5,2012,30.93583333333334,18.06,12.55,15.86
47229,23,21,5,2012,31.00833333333333,18.28,12.7,16.080000000000002
47230,23,22,5,2012,30.819999999999997,17.73,12.32,15.55
47231,23,23,5,2012,30.08666666666667,17.31,11.83,15.12
47232,24,0,5,2012,28.840833333333332,16.9,11.05,14.44
47233,24,1,5,2012,27.26750000000001,16.43,9.86,13.32
47234,24,2,5,2012,26.24333333333333,17.16,10.11,13.73
47235,24,3,5,2012,25.38,16.73,9.75,13.31
47236,24,4,5,2012,24.439166666666665,15.09,8.44,11.73
47237,24,5,5,2012,23.65833333333333,16.85,10.02,13.54
47238,24,6,5,2012,22.927500000000006,16.92,10.13,13.63
47239,24,7,5,2012,22.350833333333338,15.17,8.67,11.88
47240,24,8,5,2012,21.86333333333333,15.31,8.73,11.98
47241,24,9,5,2012,21.015,13.97,7.3900000000000015,10.49
47242,24,10,5,2012,19.285833333333333,10.35,3.44,6.51
47243,24,11,5,2012,19.62666666666667,12.36,7.1400000000000015,9.72
47244,24,12,5,2012,21.34166666666667,12.56,7.35,9.86
47245,24,13,5,2012,22.200833333333335,11.93,7.65,9.79
47246,24,14,5,2012,23.025000000000002,12.06,8.61,10.69
47247,24,15,5,2012,24.539999999999996,11.46,8.17,10.15
47248,24,16,5,2012,24.65416666666667,10.4,7.12,9.05
47249,24,17,5,2012,22.689999999999998,7.28,5.37,6.46
47250,24,18,5,2012,22.915000000000003,5.8500000000000005,4.5600000000000005,5.42
47251,24,19,5,2012,25.451666666666668,4.83,3.71,4.39
47252,24,20,5,2012,26.942500000000006,5.53,3.99,4.91
47253,24,21,5,2012,27.819999999999997,6.74,5.12,6.1400000000000015
47254,24,22,5,2012,27.63333333333334,6.63,5.01,6.0200000000000005
47255,24,23,5,2012,27.07666666666667,6.38,4.83,5.8100000000000005
47256,25,0,5,2012,26.375833333333333,5.63,4.23,5.12
47257,25,1,5,2012,23.790000000000003,7.61,3.4,6.6400000000000015
47258,25,2,5,2012,21.915833333333335,8.5,3.23,6.58
47259,25,3,5,2012,20.704166666666666,9.43,3.5500000000000003,7.12
47260,25,4,5,2012,19.409166666666668,10.24,3.7,7.04
47261,25,5,5,2012,18.441666666666674,10.83,4.05,7.49
47262,25,6,5,2012,17.625,8.21,2.14,5.5200000000000005
47263,25,7,5,2012,16.239166666666666,7.72,2.37,5.16
47264,25,8,5,2012,15.431666666666665,8.72,2.44,5.46
47265,25,9,5,2012,14.813333333333333,7.96,2.71,5.78
47266,25,10,5,2012,14.594166666666665,7.68,3.36,5.66
47267,25,11,5,2012,15.024999999999999,5.91,3.39,4.48
47268,25,12,5,2012,15.376666666666665,6.23,3.5500000000000003,4.68
47269,25,13,5,2012,17.750833333333333,6.54,5.01,6.04
47270,25,14,5,2012,19.65416666666667,7.28,5.67,6.7700000000000005
47271,25,15,5,2012,20.791666666666668,8.63,6.45,7.8
47272,25,16,5,2012,22.671666666666667,10.38,7.49,9.24
47273,25,17,5,2012,23.00166666666667,11.99,8.76,10.78
47274,25,18,5,2012,22.8125,11.4,8.33,10.29
47275,25,19,5,2012,23.97916666666667,11.31,8.33,10.11
47276,25,20,5,2012,23.706666666666667,10.56,8.08,9.83
47277,25,21,5,2012,24.638333333333332,9.44,7.25,8.74
47278,25,22,5,2012,26.156666666666666,8.96,6.4,7.92
47279,25,23,5,2012,26.243333333333336,8.47,5.7700000000000005,7.35
47280,26,0,5,2012,25.86583333333333,9.22,5.22,7.45
47281,26,1,5,2012,24.999166666666667,10.26,5.69,8.0
47282,26,2,5,2012,24.02083333333333,9.87,4.69,7.09
47283,26,3,5,2012,23.989166666666666,11.63,5.19,7.76
47284,26,4,5,2012,24.730833333333333,13.32,7.24,10.04
47285,26,5,5,2012,23.877499999999998,13.14,7.32,10.23
47286,26,6,5,2012,24.96666666666667,14.81,8.8,12.05
47287,26,7,5,2012,24.030833333333334,11.51,4.84,8.2
47288,26,8,5,2012,22.885,7.27,3.25,3.38
47289,26,9,5,2012,21.1875,7.67,4.72,6.45
47290,26,10,5,2012,20.304166666666667,10.46,7.43,9.48
47291,26,11,5,2012,19.130833333333335,9.23,4.23,6.7
47292,26,12,5,2012,19.574166666666663,6.29,3.78,4.6000000000000005
47293,26,13,5,2012,21.379166666666666,5.74,4.8,5.58
47294,26,14,5,2012,23.41,6.93,5.19,6.3500000000000005
47295,26,15,5,2012,26.281666666666666,9.31,6.76,8.36
47296,26,16,5,2012,27.912499999999994,10.53,7.8,9.47
47297,26,17,5,2012,28.733333333333334,15.73,11.15,13.95
47298,26,18,5,2012,30.249166666666664,14.88,11.08,13.59
47299,26,19,5,2012,33.34083333333333,11.43,8.11,10.11
47300,26,20,5,2012,33.494166666666665,10.79,7.75,9.61
47301,26,21,5,2012,33.65083333333333,11.93,8.52,10.58
47302,26,22,5,2012,33.83166666666666,12.28,8.76,10.93
47303,26,23,5,2012,33.4525,12.89,8.91,11.35
47304,27,0,5,2012,32.265,12.89,8.88,11.31
47305,27,1,5,2012,30.40416666666667,13.96,7.58,10.74
47306,27,2,5,2012,29.096666666666675,14.84,8.26,11.56
47307,27,3,5,2012,27.905,16.57,9.7,13.2
47308,27,4,5,2012,26.507499999999997,15.88,9.19,12.57
47309,27,5,5,2012,25.30416666666667,16.02,8.77,12.29
47310,27,6,5,2012,24.541666666666668,15.4,8.55,11.8
47311,27,7,5,2012,23.75166666666667,14.35,7.35,10.51
47312,27,8,5,2012,23.290833333333335,14.36,7.68,10.82
47313,27,9,5,2012,22.360833333333332,14.33,7.69,10.78
47314,27,10,5,2012,22.513333333333335,16.01,9.03,12.33
47315,27,11,5,2012,22.859166666666667,15.39,8.75,11.88
47316,27,12,5,2012,24.009166666666662,16.45,10.57,13.77
47317,27,13,5,2012,25.278333333333332,14.31,9.76,12.36
47318,27,14,5,2012,26.44333333333333,14.47,9.98,12.63
47319,27,15,5,2012,27.701666666666668,14.01,9.83,12.32
47320,27,16,5,2012,29.22583333333333,14.27,10.03,12.58
47321,27,17,5,2012,30.3425,13.52,9.52,11.93
47322,27,18,5,2012,31.192499999999995,13.45,9.55,11.91
47323,27,19,5,2012,31.795833333333334,13.84,9.8,12.24
47324,27,20,5,2012,32.20583333333333,13.96,9.88,12.36
47325,27,21,5,2012,32.29,15.74,11.07,13.95
47326,27,22,5,2012,31.92083333333333,15.98,11.22,14.15
47327,27,23,5,2012,31.344999999999995,16.66,11.65,14.78
47328,28,0,5,2012,30.218333333333334,16.53,10.81,14.12
47329,28,1,5,2012,28.198333333333334,15.52,9.26,12.61
47330,28,2,5,2012,26.79166666666666,15.23,8.57,11.84
47331,28,3,5,2012,25.070000000000004,13.71,8.91,11.29
47332,28,4,5,2012,22.520833333333332,8.5,2.75,5.24
47333,28,5,5,2012,23.38,12.22,5.5600000000000005,8.42
47334,28,6,5,2012,24.32166666666667,13.24,7.01,9.91
47335,28,7,5,2012,23.903333333333332,13.72,7.55,10.61
47336,28,8,5,2012,23.2825,13.77,6.88,10.08
47337,28,9,5,2012,20.65666666666667,5.62,3.19,5.13
47338,28,10,5,2012,20.13333333333333,6.4,1.45,3.92
47339,28,11,5,2012,19.9775,3.38,2.17,2.62
47340,28,12,5,2012,21.4525,4.23,2.86,3.29
47341,28,13,5,2012,23.638333333333335,5.42,4.14,4.97
47342,28,14,5,2012,24.610833333333332,5.93,4.45,5.37
47343,28,15,5,2012,25.31833333333334,6.11,4.62,5.55
47344,28,16,5,2012,26.449166666666667,5.51,4.25,5.05
47345,28,17,5,2012,27.706666666666667,5.98,4.57,5.46
47346,28,18,5,2012,28.539999999999996,5.95,4.57,5.44
47347,28,19,5,2012,29.153333333333332,6.24,4.76,5.66
47348,28,20,5,2012,29.802499999999995,7.09,5.33,6.43
47349,28,21,5,2012,30.11666666666667,6.78,5.03,6.12
47350,28,22,5,2012,30.20916666666666,7.79,5.67,6.98
47351,28,23,5,2012,29.739166666666662,7.99,5.71,7.1400000000000015
47352,29,0,5,2012,28.299166666666675,8.620000000000001,5.11,6.5200000000000005
47353,29,1,5,2012,25.263333333333325,9.1,3.39,7.44
47354,29,2,5,2012,23.55,9.21,3.46,7.75
47355,29,3,5,2012,22.36916666666667,9.22,3.19,7.1400000000000015
47356,29,4,5,2012,20.78083333333333,5.64,2.16,4.32
47357,29,5,5,2012,20.219166666666666,3.3200000000000003,0.61,1.82
47358,29,6,5,2012,19.545,3.63,1.37,2.72
47359,29,7,5,2012,19.035,3.0700000000000003,1.31,2.4
47360,29,8,5,2012,17.651666666666667,2.96,0.92,2.02
47361,29,9,5,2012,17.08416666666667,3.1,1.86,3.12
47362,29,10,5,2012,16.240833333333335,2.54,1.84,2.51
47363,29,11,5,2012,13.519166666666669,4.5,3.15,4.97
47364,29,12,5,2012,15.276666666666666,6.67,4.16,5.29
47365,29,13,5,2012,17.0275,5.8,4.26,5.19
47366,29,14,5,2012,19.4425,7.38,5.55,6.72
47367,29,15,5,2012,21.173333333333336,7.69,5.8,7.01
47368,29,16,5,2012,22.395833333333332,7.22,5.49,6.59
47369,29,17,5,2012,23.587500000000006,6.3500000000000005,4.91,5.8500000000000005
47370,29,18,5,2012,24.514166666666664,6.07,4.69,5.6000000000000005
47371,29,19,5,2012,25.3125,5.2,4.0200000000000005,4.78
47372,29,20,5,2012,25.796666666666667,5.53,4.26,5.07
47373,29,21,5,2012,26.23,5.76,4.39,5.26
47374,29,22,5,2012,26.334166666666665,6.1000000000000005,4.5600000000000005,5.5200000000000005
47375,29,23,5,2012,26.05333333333333,5.84,4.33,5.26
47376,30,0,5,2012,25.136666666666667,7.51,4.49,5.9
47377,30,1,5,2012,22.436666666666667,10.32,3.9,7.91
47378,30,2,5,2012,20.134166666666662,11.31,3.84,8.02
47379,30,3,5,2012,18.49,11.7,3.88,8.01
47380,30,4,5,2012,16.955000000000002,11.77,2.97,7.25
47381,30,5,5,2012,16.205000000000002,11.15,2.63,6.88
47382,30,6,5,2012,15.324999999999998,10.6,2.42,6.48
47383,30,7,5,2012,14.4125,9.84,2.44,6.38
47384,30,8,5,2012,13.411666666666667,9.35,2.2,5.91
47385,30,9,5,2012,12.539166666666667,9.09,2.44,6.05
47386,30,10,5,2012,11.83,8.89,2.31,5.95
47387,30,11,5,2012,11.462499999999999,8.950000000000003,3.02,5.92
47388,30,12,5,2012,12.595833333333331,8.55,3.75,5.67
47389,30,13,5,2012,14.643333333333333,5.84,4.5,5.36
47390,30,14,5,2012,16.692500000000003,5.8100000000000005,4.54,5.39
47391,30,15,5,2012,18.520833333333336,6.24,4.86,5.76
47392,30,16,5,2012,20.117500000000003,5.55,4.3500000000000005,5.14
47393,30,17,5,2012,21.402500000000003,5.68,4.49,5.28
47394,30,18,5,2012,22.714166666666667,5.82,4.5600000000000005,5.38
47395,30,19,5,2012,23.85166666666667,5.65,4.5,5.28
47396,30,20,5,2012,24.75583333333333,5.17,4.0,4.75
47397,30,21,5,2012,25.408333333333335,4.96,3.82,4.54
47398,30,22,5,2012,25.79666666666667,6.92,5.21,6.3100000000000005
47399,30,23,5,2012,26.16916666666667,6.84,5.09,6.16
47400,31,0,5,2012,25.522499999999997,6.65,4.8,5.92
47401,31,1,5,2012,23.11,6.3900000000000015,3.43,5.22
47402,31,2,5,2012,22.4875,5.78,3.69,5.45
47403,31,3,5,2012,19.918333333333333,8.34,6.45,8.01
47404,31,4,5,2012,16.213333333333335,10.23,7.46,9.37
47405,31,5,5,2012,15.120000000000003,6.37,3.93,5.01
47406,31,6,5,2012,13.825000000000001,7.79,3.65,5.55
47407,31,7,5,2012,13.761666666666665,7.28,4.11,5.14
47408,31,8,5,2012,13.49,6.53,4.3,5.58
47409,31,9,5,2012,13.470833333333333,7.74,4.67,6.3900000000000015
47410,31,10,5,2012,13.484166666666667,7.71,4.8,6.3
47411,31,11,5,2012,13.459999999999999,7.17,4.61,5.96
47412,31,12,5,2012,12.958333333333334,11.55,7.86,9.99
47413,31,13,5,2012,12.690833333333332,11.05,7.86,9.83
47414,31,14,5,2012,13.285833333333331,11.03,7.9,9.79
47415,31,15,5,2012,13.491666666666665,12.54,9.13,11.22
47416,31,16,5,2012,13.766666666666667,13.37,9.68,11.94
47417,31,17,5,2012,14.105833333333335,12.81,9.09,11.37
47418,31,18,5,2012,13.783333333333333,13.05,9.2,11.55
47419,31,19,5,2012,13.921666666666667,11.81,8.34,10.43
47420,31,20,5,2012,14.551666666666668,12.66,9.28,11.41
47421,31,21,5,2012,15.29916666666667,11.36,7.92,9.96
47422,31,22,5,2012,14.954166666666666,12.67,9.14,11.36
47423,31,23,5,2012,14.680833333333332,10.81,7.91,9.8
47424,1,0,6,2012,14.130833333333333,8.98,6.41,8.05
47425,1,1,6,2012,13.005000000000003,8.63,3.99,6.67
47426,1,2,6,2012,11.365,8.17,3.69,6.5200000000000005
47427,1,3,6,2012,10.246666666666668,7.9300000000000015,2.93,5.62
47428,1,4,6,2012,9.724166666666667,5.7,2.17,4.66
47429,1,5,6,2012,9.200833333333334,6.46,2.96,5.2700000000000005
47430,1,6,6,2012,8.906666666666668,6.63,3.23,5.73
47431,1,7,6,2012,8.440833333333334,6.71,2.99,5.74
47432,1,8,6,2012,8.013333333333334,5.78,2.68,5.22
47433,1,9,6,2012,7.6125,4.45,2.54,4.15
47434,1,10,6,2012,7.234166666666667,3.87,2.46,3.85
47435,1,11,6,2012,7.300833333333333,3.8,2.85,4.14
47436,1,12,6,2012,9.356666666666666,3.44,2.45,3.66
47437,1,13,6,2012,11.669166666666667,2.88,2.32,2.72
47438,1,14,6,2012,13.311666666666667,3.0,2.4,2.82
47439,1,15,6,2012,14.732500000000002,2.17,1.73,2.01
47440,1,16,6,2012,15.927500000000002,2.37,1.95,2.24
47441,1,17,6,2012,16.923333333333332,2.62,2.1,2.44
47442,1,18,6,2012,17.913333333333334,3.22,2.58,3.01
47443,1,19,6,2012,18.804166666666664,3.23,2.57,3.0
47444,1,20,6,2012,19.668333333333333,3.75,2.9,3.42
47445,1,21,6,2012,20.23083333333333,3.86,2.98,3.52
47446,1,22,6,2012,20.636666666666667,4.73,3.54,4.26
47447,1,23,6,2012,20.81416666666667,4.7700000000000005,3.45,4.25
47448,2,0,6,2012,20.36916666666666,8.14,4.64,6.58
47449,2,1,6,2012,17.709166666666665,11.58,5.74,8.39
47450,2,2,6,2012,16.270833333333336,11.49,5.53,8.43
47451,2,3,6,2012,16.018333333333334,10.47,5.8,7.74
47452,2,4,6,2012,15.944999999999999,10.96,6.61,8.78
47453,2,5,6,2012,14.391666666666666,11.75,6.54,9.0
47454,2,6,6,2012,13.732500000000002,12.32,6.79,9.39
47455,2,7,6,2012,13.289166666666668,12.49,6.91,9.52
47456,2,8,6,2012,12.985833333333334,12.51,6.8500000000000005,9.45
47457,2,9,6,2012,12.723333333333334,12.52,7.1000000000000005,9.64
47458,2,10,6,2012,12.428333333333335,12.42,6.49,9.11
47459,2,11,6,2012,12.998333333333335,12.41,6.3,8.56
47460,2,12,6,2012,14.61916666666667,10.43,6.2,8.2
47461,2,13,6,2012,17.315,9.06,5.1000000000000005,6.22
47462,2,14,6,2012,19.62833333333333,5.48,4.28,5.09
47463,2,15,6,2012,22.060833333333335,6.8500000000000005,4.96,6.03
47464,2,16,6,2012,23.305000000000003,7.05,5.17,6.3
47465,2,17,6,2012,24.217499999999998,6.88,5.08,6.17
47466,2,18,6,2012,25.045833333333334,6.8500000000000005,5.1000000000000005,6.18
47467,2,19,6,2012,25.79083333333334,6.72,4.97,6.04
47468,2,20,6,2012,26.325833333333335,6.34,4.71,5.7
47469,2,21,6,2012,26.77916666666667,5.73,4.24,5.14
47470,2,22,6,2012,27.040833333333335,4.79,3.53,4.2700000000000005
47471,2,23,6,2012,27.005,4.33,3.13,3.85
47472,3,0,6,2012,26.189166666666665,3.74,2.75,3.41
47473,3,1,6,2012,24.01583333333333,2.8000000000000003,0.64,1.78
47474,3,2,6,2012,22.241666666666664,2.64,0.88,2.13
47475,3,3,6,2012,21.632500000000004,4.24,2.23,3.82
47476,3,4,6,2012,20.8325,4.09,2.17,3.74
47477,3,5,6,2012,19.68166666666667,5.9,2.85,5.04
47478,3,6,6,2012,18.063333333333333,6.45,3.0700000000000003,5.46
47479,3,7,6,2012,17.958333333333332,9.16,4.41,7.32
47480,3,8,6,2012,17.5825,9.5,4.62,7.6400000000000015
47481,3,9,6,2012,17.48166666666667,10.07,4.8,7.86
47482,3,10,6,2012,17.1825,10.57,5.39,8.21
47483,3,11,6,2012,17.100833333333338,10.43,5.29,8.11
47484,3,12,6,2012,18.875000000000004,8.17,4.15,5.66
47485,3,13,6,2012,21.105833333333333,7.48,5.0200000000000005,6.1000000000000005
47486,3,14,6,2012,23.245,7.43,5.49,6.7
47487,3,15,6,2012,25.26166666666667,7.46,5.48,6.72
47488,3,16,6,2012,26.983333333333338,8.120000000000001,5.91,7.26
47489,3,17,6,2012,28.247500000000002,8.09,6.0,7.32
47490,3,18,6,2012,29.185000000000002,7.67,5.72,6.97
47491,3,19,6,2012,30.136666666666667,7.5,5.5600000000000005,6.7700000000000005
47492,3,20,6,2012,30.908333333333328,6.79,5.08,6.16
47493,3,21,6,2012,31.638333333333335,6.74,5.13,6.16
47494,3,22,6,2012,31.46166666666667,6.69,5.1000000000000005,6.18
47495,3,23,6,2012,31.206666666666674,4.97,3.74,4.54
47496,4,0,6,2012,30.882500000000004,5.6000000000000005,3.85,4.91
47497,4,1,6,2012,29.184166666666666,5.48,2.67,5.01
47498,4,2,6,2012,27.64833333333333,6.82,3.81,6.29
47499,4,3,6,2012,26.594166666666666,8.75,4.93,7.97
47500,4,4,6,2012,25.609166666666667,10.28,5.15,8.63
47501,4,5,6,2012,25.288333333333338,12.38,5.6000000000000005,8.97
47502,4,6,6,2012,24.174166666666668,14.92,6.88,10.3
47503,4,7,6,2012,23.33916666666667,14.58,7.0,10.21
47504,4,8,6,2012,22.501666666666665,13.8,6.29,9.4
47505,4,9,6,2012,21.778333333333336,12.63,5.87,8.91
47506,4,10,6,2012,21.024166666666666,11.26,4.5,7.04
47507,4,11,6,2012,21.240833333333338,8.23,3.62,6.26
47508,4,12,6,2012,23.328333333333333,7.66,4.2700000000000005,5.64
47509,4,13,6,2012,24.669999999999998,7.26,5.4,6.6000000000000005
47510,4,14,6,2012,25.915000000000003,7.52,5.66,6.9
47511,4,15,6,2012,27.260833333333338,7.99,5.87,7.21
47512,4,16,6,2012,28.34166666666667,8.06,6.03,7.34
47513,4,17,6,2012,29.164166666666663,7.82,5.83,7.1000000000000005
47514,4,18,6,2012,29.860833333333336,7.65,5.7,6.91
47515,4,19,6,2012,30.551666666666666,7.3,5.44,6.59
47516,4,20,6,2012,31.04166666666666,8.03,6.04,7.36
47517,4,21,6,2012,31.28833333333333,7.8900000000000015,5.8100000000000005,7.15
47518,4,22,6,2012,31.211666666666662,8.35,6.1000000000000005,7.57
47519,4,23,6,2012,30.9175,8.24,6.01,7.45
47520,5,0,6,2012,29.842499999999998,7.82,5.37,6.8500000000000005
47521,5,1,6,2012,27.330000000000002,10.39,3.16,7.78
47522,5,2,6,2012,25.534166666666668,10.38,3.19,7.7
47523,5,3,6,2012,23.977499999999996,8.93,2.66,6.22
47524,5,4,6,2012,23.10166666666667,9.04,1.86,5.11
47525,5,5,6,2012,22.28916666666667,8.790000000000001,1.23,4.28
47526,5,6,6,2012,21.450833333333335,8.91,1.37,4.46
47527,5,7,6,2012,20.74,10.15,2.05,5.93
47528,5,8,6,2012,20.00916666666667,10.65,2.32,6.3500000000000005
47529,5,9,6,2012,19.249166666666667,10.48,2.34,6.34
47530,5,10,6,2012,18.825,10.27,3.33,7.1000000000000005
47531,5,11,6,2012,19.166666666666664,9.6,4.53,6.96
47532,5,12,6,2012,20.3225,8.1,4.9,6.46
47533,5,13,6,2012,21.935000000000002,5.83,4.3500000000000005,5.29
47534,5,14,6,2012,23.192499999999995,4.64,3.5700000000000003,4.28
47535,5,15,6,2012,24.67583333333333,4.87,3.77,4.49
47536,5,16,6,2012,25.8625,4.62,3.58,4.26
47537,5,17,6,2012,26.701666666666664,4.5600000000000005,3.62,4.26
47538,5,18,6,2012,27.353333333333328,4.37,3.49,4.08
47539,5,19,6,2012,27.787500000000005,4.0200000000000005,3.31,3.82
47540,5,20,6,2012,28.102500000000003,3.66,2.87,3.39
47541,5,21,6,2012,28.439166666666665,3.87,3.0500000000000003,3.59
47542,5,22,6,2012,28.480833333333333,4.39,3.56,4.15
47543,5,23,6,2012,28.202499999999997,5.08,3.97,4.72
47544,6,0,6,2012,27.596666666666668,6.23,3.3200000000000003,4.88
47545,6,1,6,2012,25.67833333333333,6.76,3.22,5.84
47546,6,2,6,2012,24.342499999999998,9.57,4.16,7.29
47547,6,3,6,2012,23.05916666666667,10.45,4.62,7.76
47548,6,4,6,2012,22.3475,11.29,5.22,8.4
47549,6,5,6,2012,21.62666666666667,11.61,5.39,8.59
47550,6,6,6,2012,21.281666666666666,10.96,5.25,8.44
47551,6,7,6,2012,20.890833333333333,11.06,5.49,8.59
47552,6,8,6,2012,20.322499999999998,11.68,5.41,8.65
47553,6,9,6,2012,19.713333333333335,11.59,5.13,8.47
47554,6,10,6,2012,19.253333333333334,11.75,5.29,8.63
47555,6,11,6,2012,19.036666666666665,11.96,5.7,8.76
47556,6,12,6,2012,19.540833333333335,10.41,5.62,7.88
47557,6,13,6,2012,20.7475,7.07,4.78,5.7700000000000005
47558,6,14,6,2012,22.593333333333334,6.05,4.61,5.5600000000000005
47559,6,15,6,2012,24.250833333333333,5.96,4.5,5.44
47560,6,16,6,2012,25.605833333333333,5.78,4.3500000000000005,5.26
47561,6,17,6,2012,26.5825,5.58,4.23,5.08
47562,6,18,6,2012,27.355,5.7,4.32,5.18
47563,6,19,6,2012,27.898333333333337,6.44,4.95,5.91
47564,6,20,6,2012,28.159999999999997,6.4,4.93,5.9
47565,6,21,6,2012,28.325833333333332,6.09,4.61,5.5600000000000005
47566,6,22,6,2012,28.242500000000003,6.05,4.59,5.54
47567,6,23,6,2012,28.001666666666665,6.2700000000000005,4.48,5.6000000000000005
47568,7,0,6,2012,27.279166666666665,7.28,4.79,6.09
47569,7,1,6,2012,25.500833333333336,9.96,4.25,7.52
47570,7,2,6,2012,23.726666666666663,10.46,4.01,6.98
47571,7,3,6,2012,23.164166666666663,11.24,5.01,7.88
47572,7,4,6,2012,22.0125,11.0,4.68,7.59
47573,7,5,6,2012,21.245,10.73,4.11,6.92
47574,7,6,6,2012,20.473333333333333,10.93,4.45,7.28
47575,7,7,6,2012,19.6275,11.41,4.04,7.23
47576,7,8,6,2012,19.185,12.1,5.0,8.11
47577,7,9,6,2012,18.69083333333333,11.8,5.0200000000000005,8.08
47578,7,10,6,2012,18.370833333333334,11.88,5.38,8.4
47579,7,11,6,2012,18.095000000000002,11.92,5.79,8.39
47580,7,12,6,2012,18.72083333333333,9.96,5.66,7.77
47581,7,13,6,2012,20.296666666666663,7.05,4.82,5.84
47582,7,14,6,2012,22.19083333333333,6.55,4.93,5.97
47583,7,15,6,2012,23.78583333333333,6.2700000000000005,4.75,5.74
47584,7,16,6,2012,24.953333333333333,5.87,4.46,5.38
47585,7,17,6,2012,25.815,5.08,3.91,4.67
47586,7,18,6,2012,26.519999999999996,4.75,3.67,4.37
47587,7,19,6,2012,27.170833333333334,5.28,4.08,4.8500000000000005
47588,7,20,6,2012,27.54416666666667,5.32,4.17,4.94
47589,7,21,6,2012,27.755000000000006,5.69,4.36,5.23
47590,7,22,6,2012,27.765833333333337,5.8100000000000005,4.43,5.32
47591,7,23,6,2012,27.566666666666663,6.23,4.68,5.69
47592,8,0,6,2012,26.852500000000003,7.29,4.3500000000000005,5.58
47593,8,1,6,2012,24.441666666666663,9.08,3.77,7.19
47594,8,2,6,2012,22.89083333333333,10.24,4.34,7.95
47595,8,3,6,2012,21.99,10.57,4.71,8.3
47596,8,4,6,2012,21.24416666666667,11.35,4.93,8.64
47597,8,5,6,2012,20.39083333333333,11.12,5.11,8.66
47598,8,6,6,2012,19.590833333333332,11.19,5.44,8.81
47599,8,7,6,2012,18.932500000000005,11.05,5.18,8.65
47600,8,8,6,2012,18.701666666666664,11.23,5.2700000000000005,8.71
47601,8,9,6,2012,18.232499999999998,10.52,4.92,8.43
47602,8,10,6,2012,17.895,10.28,4.97,8.41
47603,8,11,6,2012,17.733333333333334,10.53,5.46,8.45
47604,8,12,6,2012,19.0325,10.14,5.7,7.68
47605,8,13,6,2012,20.631666666666664,7.47,4.99,6.0600000000000005
47606,8,14,6,2012,22.809166666666666,6.86,5.09,6.23
47607,8,15,6,2012,24.24416666666667,6.62,4.95,6.0200000000000005
47608,8,16,6,2012,25.25,6.33,4.75,5.76
47609,8,17,6,2012,26.132499999999997,5.79,4.46,5.34
47610,8,18,6,2012,26.930833333333336,5.87,4.53,5.42
47611,8,19,6,2012,27.61916666666667,6.25,4.78,5.75
47612,8,20,6,2012,28.27916666666667,6.74,5.03,6.1000000000000005
47613,8,21,6,2012,28.655833333333334,6.87,5.15,6.26
47614,8,22,6,2012,28.726666666666663,7.45,5.53,6.7700000000000005
47615,8,23,6,2012,28.49,8.19,5.71,7.26
47616,9,0,6,2012,27.65166666666666,8.38,5.87,7.45
47617,9,1,6,2012,25.28833333333333,9.86,3.99,7.25
47618,9,2,6,2012,23.6275,12.88,5.09,8.6
47619,9,3,6,2012,22.53833333333333,13.05,5.36,8.8
47620,9,4,6,2012,21.20416666666667,13.23,5.43,8.83
47621,9,5,6,2012,20.509999999999998,13.44,6.08,9.37
47622,9,6,6,2012,19.72666666666667,12.87,6.1000000000000005,9.33
47623,9,7,6,2012,18.81583333333333,12.47,5.36,8.49
47624,9,8,6,2012,18.35083333333333,12.74,5.37,8.65
47625,9,9,6,2012,17.911666666666665,12.6,5.4,8.81
47626,9,10,6,2012,17.371666666666666,12.52,5.51,8.94
47627,9,11,6,2012,17.719166666666663,12.65,5.86,9.13
47628,9,12,6,2012,18.889166666666664,10.5,5.73,7.95
47629,9,13,6,2012,21.02,8.32,5.01,6.09
47630,9,14,6,2012,23.55333333333333,9.29,6.65,8.27
47631,9,15,6,2012,25.326666666666668,9.92,7.18,8.9
47632,9,16,6,2012,26.509166666666662,10.27,7.42,9.2
47633,9,17,6,2012,27.580833333333334,10.18,7.38,9.13
47634,9,18,6,2012,28.635833333333338,10.86,7.87,9.74
47635,9,19,6,2012,29.459166666666672,11.8,8.63,10.69
47636,9,20,6,2012,29.87666666666667,12.38,8.86,11.06
47637,9,21,6,2012,30.27916666666667,12.64,8.94,11.22
47638,9,22,6,2012,30.330833333333334,12.96,9.17,11.54
47639,9,23,6,2012,30.050833333333333,13.0,8.99,11.47
47640,10,0,6,2012,29.131666666666664,12.45,8.25,10.65
47641,10,1,6,2012,27.25833333333333,13.3,6.34,9.42
47642,10,2,6,2012,25.460833333333337,13.31,5.38,8.870000000000003
47643,10,3,6,2012,24.639166666666668,13.67,6.09,9.38
47644,10,4,6,2012,24.230833333333333,13.97,6.5200000000000005,9.85
47645,10,5,6,2012,23.929166666666664,14.13,7.16,10.34
47646,10,6,6,2012,23.265,14.23,7.81,10.96
47647,10,7,6,2012,22.666666666666668,14.84,8.25,11.44
47648,10,8,6,2012,22.05666666666666,14.99,8.56,11.78
47649,10,9,6,2012,21.71166666666667,15.06,8.64,11.86
47650,10,10,6,2012,21.3025,14.4,8.14,11.24
47651,10,11,6,2012,21.2175,14.59,8.94,11.92
47652,10,12,6,2012,22.255,14.87,8.77,11.61
47653,10,13,6,2012,23.30583333333333,12.7,9.0,11.3
47654,10,14,6,2012,24.675833333333333,12.7,9.09,11.34
47655,10,15,6,2012,25.953333333333333,12.99,9.29,11.58
47656,10,16,6,2012,27.56833333333334,13.33,9.5,11.85
47657,10,17,6,2012,29.059166666666666,13.87,9.87,12.32
47658,10,18,6,2012,30.046666666666663,13.91,9.91,12.38
47659,10,19,6,2012,30.69083333333333,13.71,9.77,12.19
47660,10,20,6,2012,30.375833333333333,13.26,9.18,11.59
47661,10,21,6,2012,31.02333333333333,14.61,10.73,13.2
47662,10,22,6,2012,30.138333333333332,14.69,10.19,13.19
47663,10,23,6,2012,30.48416666666667,13.12,9.18,11.63
47664,11,0,6,2012,30.220000000000002,13.15,8.77,11.29
47665,11,1,6,2012,28.86,12.33,7.31,10.02
47666,11,2,6,2012,23.726666666666663,15.47,10.6,13.43
47667,11,3,6,2012,19.66166666666667,10.76,7.86,9.83
47668,11,4,6,2012,19.187499999999996,7.16,5.3100000000000005,6.4
47669,11,5,6,2012,19.00916666666667,5.5,4.5200000000000005,5.36
47670,11,6,6,2012,19.002499999999998,4.88,4.41,5.28
47671,11,7,6,2012,18.986666666666665,2.32,1.61,1.9
47672,11,8,6,2012,18.665833333333328,1.19,0.31,0.52
47673,11,9,6,2012,18.141666666666666,1.75,0.33,0.81
47674,11,10,6,2012,17.615833333333338,3.51,1.73,3.21
47675,11,11,6,2012,17.284166666666664,3.46,2.02,3.38
47676,11,12,6,2012,16.594166666666666,5.24,3.46,4.07
47677,11,13,6,2012,17.1925,6.65,3.62,4.16
47678,11,14,6,2012,21.420833333333334,5.59,4.25,5.08
47679,11,15,6,2012,24.249166666666664,5.89,4.5,5.4
47680,11,16,6,2012,26.101666666666663,6.09,4.57,5.5200000000000005
47681,11,17,6,2012,27.23333333333333,6.7700000000000005,5.05,6.1000000000000005
47682,11,18,6,2012,28.0925,6.99,5.22,6.3100000000000005
47683,11,19,6,2012,28.6125,7.04,5.26,6.3500000000000005
47684,11,20,6,2012,28.77333333333333,7.43,5.36,6.5600000000000005
47685,11,21,6,2012,28.790000000000003,8.72,6.34,7.8
47686,11,22,6,2012,28.210833333333337,8.790000000000001,6.4,7.8900000000000015
47687,11,23,6,2012,27.5825,8.49,5.88,7.44
47688,12,0,6,2012,26.49416666666667,8.76,5.98,7.65
47689,12,1,6,2012,24.195833333333336,9.03,3.47,6.54
47690,12,2,6,2012,22.80333333333333,10.3,4.14,7.98
47691,12,3,6,2012,21.659166666666668,11.28,4.23,7.67
47692,12,4,6,2012,20.41,11.3,3.93,7.75
47693,12,5,6,2012,19.599999999999998,10.48,3.95,7.59
47694,12,6,6,2012,18.9525,9.86,4.09,7.44
47695,12,7,6,2012,17.71166666666667,10.43,3.38,7.13
47696,12,8,6,2012,16.905833333333334,9.51,2.72,6.3500000000000005
47697,12,9,6,2012,15.80916666666667,6.7700000000000005,1.93,4.43
47698,12,10,6,2012,14.740833333333335,6.33,1.58,3.98
47699,12,11,6,2012,14.282499999999999,5.8,1.75,3.81
47700,12,12,6,2012,15.551666666666668,5.38,2.25,3.5500000000000003
47701,12,13,6,2012,17.354166666666668,3.85,2.98,3.52
47702,12,14,6,2012,19.311666666666667,4.82,3.81,4.49
47703,12,15,6,2012,20.59166666666667,4.41,3.48,4.1
47704,12,16,6,2012,21.745,3.86,3.09,3.6
47705,12,17,6,2012,22.709166666666665,2.76,2.31,2.64
47706,12,18,6,2012,23.634999999999994,1.84,1.65,1.83
47707,12,19,6,2012,24.477499999999996,1.38,1.29,1.4
47708,12,20,6,2012,25.213333333333335,1.64,1.57,1.69
47709,12,21,6,2012,25.781666666666666,2.48,2.31,2.54
47710,12,22,6,2012,25.97333333333333,2.85,2.44,2.78
47711,12,23,6,2012,25.875833333333333,3.08,2.65,3.02
47712,13,0,6,2012,25.255,5.62,3.06,4.64
47713,13,1,6,2012,23.136666666666667,6.18,3.02,5.55
47714,13,2,6,2012,21.381666666666664,5.8500000000000005,2.44,4.67
47715,13,3,6,2012,20.220833333333335,8.46,3.56,7.1000000000000005
47716,13,4,6,2012,20.031666666666666,8.89,4.05,7.61
47717,13,5,6,2012,19.41416666666667,10.66,4.68,8.23
47718,13,6,6,2012,18.814999999999998,11.64,4.79,8.23
47719,13,7,6,2012,17.7025,12.22,5.04,8.26
47720,13,8,6,2012,17.275833333333335,12.57,5.44,8.56
47721,13,9,6,2012,17.109166666666663,12.88,6.15,9.11
47722,13,10,6,2012,16.04666666666667,11.75,4.3100000000000005,7.73
47723,13,11,6,2012,16.18583333333333,12.71,6.68,9.36
47724,13,12,6,2012,17.704166666666666,12.37,7.03,9.47
47725,13,13,6,2012,18.853333333333328,10.47,6.88,8.55
47726,13,14,6,2012,20.7725,8.92,6.58,8.05
47727,13,15,6,2012,22.543333333333337,9.05,6.65,8.16
47728,13,16,6,2012,24.110833333333332,9.2,6.75,8.27
47729,13,17,6,2012,25.4975,9.26,6.78,8.31
47730,13,18,6,2012,26.73833333333333,9.51,6.94,8.51
47731,13,19,6,2012,27.605833333333333,9.63,7.01,8.620000000000001
47732,13,20,6,2012,28.26833333333334,10.16,7.38,9.09
47733,13,21,6,2012,28.885,9.77,6.99,8.67
47734,13,22,6,2012,29.195833333333336,10.24,7.19,9.02
47735,13,23,6,2012,29.09416666666667,10.15,7.1000000000000005,8.92
47736,14,0,6,2012,28.16916666666667,10.2,6.68,8.53
47737,14,1,6,2012,25.97083333333333,12.48,5.13,8.53
47738,14,2,6,2012,24.864166666666662,13.26,6.13,9.39
47739,14,3,6,2012,24.171666666666667,13.43,6.49,9.67
47740,14,4,6,2012,23.524999999999995,13.11,6.72,9.78
47741,14,5,6,2012,22.88083333333333,12.72,6.47,9.42
47742,14,6,6,2012,22.287499999999998,13.12,6.88,9.81
47743,14,7,6,2012,21.72583333333333,13.72,7.36,10.4
47744,14,8,6,2012,21.073333333333334,13.32,6.8500000000000005,9.86
47745,14,9,6,2012,20.490833333333335,13.28,6.69,9.75
47746,14,10,6,2012,19.736666666666668,12.65,6.71,9.6
47747,14,11,6,2012,19.955000000000002,13.21,8.2,10.82
47748,14,12,6,2012,21.346666666666668,13.14,8.28,10.94
47749,14,13,6,2012,22.648333333333337,10.98,7.82,9.75
47750,14,14,6,2012,23.885833333333334,11.52,8.21,10.25
47751,14,15,6,2012,25.419166666666666,11.19,8.06,9.99
47752,14,16,6,2012,26.85416666666667,11.64,8.370000000000001,10.39
47753,14,17,6,2012,28.153333333333332,10.8,7.84,9.7
47754,14,18,6,2012,29.24666666666667,10.88,7.91,9.78
47755,14,19,6,2012,30.137499999999992,10.69,7.85,9.67
47756,14,20,6,2012,30.864166666666662,10.24,7.43,9.19
47757,14,21,6,2012,31.30666666666666,10.83,7.76,9.68
47758,14,22,6,2012,31.410833333333333,11.12,7.88,9.92
47759,14,23,6,2012,31.12416666666667,12.89,9.11,11.55
47760,15,0,6,2012,30.433333333333334,13.02,8.66,11.19
47761,15,1,6,2012,28.71083333333333,11.25,6.3,8.86
47762,15,2,6,2012,27.590833333333336,12.41,6.0200000000000005,9.07
47763,15,3,6,2012,26.875833333333333,13.06,6.46,9.53
47764,15,4,6,2012,22.90416666666667,14.22,9.61,12.13
47765,15,5,6,2012,19.5425,14.59,9.28,12.08
47766,15,6,6,2012,18.5825,13.36,8.08,11.18
47767,15,7,6,2012,18.625,10.81,6.69,9.09
47768,15,8,6,2012,18.715,8.16,5.42,6.82
47769,15,9,6,2012,18.778333333333332,5.14,3.49,4.11
47770,15,10,6,2012,18.854166666666664,6.07,4.4,5.37
47771,15,11,6,2012,19.07,4.69,3.08,3.85
47772,15,12,6,2012,19.72,6.67,3.74,5.09
47773,15,13,6,2012,21.482499999999998,6.79,3.84,5.11
47774,15,14,6,2012,23.339166666666667,5.5200000000000005,4.18,5.04
47775,15,15,6,2012,24.41416666666667,4.17,3.31,3.89
47776,15,16,6,2012,25.09583333333333,3.3000000000000003,3.08,3.4
47777,15,17,6,2012,26.003333333333334,3.0700000000000003,2.79,3.1
47778,15,18,6,2012,27.02166666666666,1.57,1.32,1.51
47779,15,19,6,2012,27.936666666666664,2.18,1.88,2.12
47780,15,20,6,2012,27.30416666666667,9.48,7.73,9.16
47781,15,21,6,2012,27.109999999999996,6.87,5.12,6.2700000000000005
47782,15,22,6,2012,27.88166666666667,4.26,3.59,4.14
47783,15,23,6,2012,27.985000000000003,3.49,2.87,3.34
47784,16,0,6,2012,27.09,8.19,6.0200000000000005,7.41
47785,16,1,6,2012,24.565,8.06,4.3,6.09
47786,16,2,6,2012,23.128333333333334,10.53,5.36,7.8
47787,16,3,6,2012,22.57083333333333,10.51,5.08,7.43
47788,16,4,6,2012,22.078333333333333,11.23,5.72,8.19
47789,16,5,6,2012,21.684166666666666,11.3,5.62,8.11
47790,16,6,6,2012,21.051666666666666,11.12,5.76,8.26
47791,16,7,6,2012,20.671666666666667,11.22,5.88,8.16
47792,16,8,6,2012,21.983333333333334,11.32,6.11,8.43
47793,16,9,6,2012,21.959999999999997,13.45,7.74,10.64
47794,16,10,6,2012,20.825833333333332,7.65,3.46,5.67
47795,16,11,6,2012,20.978333333333335,7.23,3.48,5.12
47796,16,12,6,2012,21.482499999999998,4.07,1.38,2.32
47797,16,13,6,2012,22.767500000000002,3.3000000000000003,2.57,3.12
47798,16,14,6,2012,21.68166666666667,8.4,6.0,7.41
47799,16,15,6,2012,20.480833333333333,6.09,4.16,5.05
47800,16,16,6,2012,23.976666666666663,3.88,2.95,3.53
47801,16,17,6,2012,25.305000000000003,4.86,3.61,4.37
47802,16,18,6,2012,25.710000000000008,7.28,5.69,6.7700000000000005
47803,16,19,6,2012,26.3025,6.09,4.62,5.54
47804,16,20,6,2012,27.1975,5.68,4.48,5.29
47805,16,21,6,2012,28.152500000000003,3.91,3.03,3.6
47806,16,22,6,2012,28.792500000000004,3.79,3.01,3.56
47807,16,23,6,2012,27.888333333333332,8.18,6.36,7.68
47808,17,0,6,2012,27.089166666666667,6.3,4.8100000000000005,5.84
47809,17,1,6,2012,25.786666666666672,5.2700000000000005,2.92,4.37
47810,17,2,6,2012,24.325,4.96,1.05,2.72
47811,17,3,6,2012,23.33916666666667,5.12,0.76,2.92
47812,17,4,6,2012,22.524999999999995,4.8,0.94,3.04
47813,17,5,6,2012,21.935833333333335,2.69,1.28,2.4
47814,17,6,6,2012,21.355,4.04,2.5,4.22
47815,17,7,6,2012,21.03833333333333,3.6,2.89,4.37
47816,17,8,6,2012,20.945,3.74,3.19,4.74
47817,17,9,6,2012,20.985833333333336,3.38,2.4,3.78
47818,17,10,6,2012,20.674166666666665,5.12,3.14,4.99
47819,17,11,6,2012,20.31,6.47,3.24,5.26
47820,17,12,6,2012,21.469166666666666,7.11,3.94,5.01
47821,17,13,6,2012,23.512499999999992,6.0,4.62,5.55
47822,17,14,6,2012,24.601666666666663,6.46,4.99,6.0
47823,17,15,6,2012,26.141666666666666,6.63,4.99,6.03
47824,17,16,6,2012,27.48166666666667,6.7700000000000005,5.11,6.18
47825,17,17,6,2012,29.257499999999997,7.19,5.3,6.46
47826,17,18,6,2012,30.58083333333333,8.14,5.8500000000000005,7.21
47827,17,19,6,2012,31.833333333333332,9.77,6.98,8.65
47828,17,20,6,2012,32.495000000000005,11.74,8.36,10.45
47829,17,21,6,2012,32.654999999999994,12.53,8.85,11.11
47830,17,22,6,2012,32.6875,13.71,9.56,12.11
47831,17,23,6,2012,32.1175,14.02,9.63,12.31
47832,18,0,6,2012,31.271666666666665,13.16,8.55,11.19
47833,18,1,6,2012,30.102500000000003,14.28,7.54,10.8
47834,18,2,6,2012,29.03,15.13,8.03,11.4
47835,18,3,6,2012,28.3575,16.46,9.38,12.92
47836,18,4,6,2012,27.563333333333336,17.150000000000002,10.09,13.68
47837,18,5,6,2012,26.9575,16.79,9.87,13.43
47838,18,6,6,2012,26.521666666666665,16.76,9.88,13.37
47839,18,7,6,2012,26.132500000000004,16.53,9.63,13.12
47840,18,8,6,2012,25.75,16.53,9.67,13.14
47841,18,9,6,2012,25.415000000000003,16.73,9.85,13.35
47842,18,10,6,2012,25.09166666666667,16.76,9.88,13.39
47843,18,11,6,2012,24.63416666666667,17.43,10.92,14.41
47844,18,12,6,2012,25.34833333333334,17.73,11.44,14.93
47845,18,13,6,2012,26.118333333333336,16.580000000000002,11.48,14.47
47846,18,14,6,2012,27.44416666666667,16.38,11.54,14.53
47847,18,15,6,2012,28.810000000000002,15.23,10.76,13.52
47848,18,16,6,2012,30.374166666666664,14.74,10.38,13.03
47849,18,17,6,2012,31.915833333333335,14.08,9.9,12.42
47850,18,18,6,2012,33.12916666666667,13.83,9.74,12.21
47851,18,19,6,2012,34.035,13.37,9.39,11.77
47852,18,20,6,2012,34.65166666666667,13.04,9.11,11.46
47853,18,21,6,2012,34.858333333333334,13.58,9.47,11.95
47854,18,22,6,2012,34.491666666666674,14.12,9.76,12.4
47855,18,23,6,2012,33.82416666666668,14.0,9.63,12.27
47856,19,0,6,2012,32.498333333333335,14.28,8.870000000000003,11.53
47857,19,1,6,2012,30.642500000000002,15.42,8.73,12.15
47858,19,2,6,2012,29.194166666666664,15.35,8.75,12.13
47859,19,3,6,2012,27.833333333333332,15.31,8.82,12.13
47860,19,4,6,2012,26.977500000000006,16.330000000000002,9.69,13.14
47861,19,5,6,2012,26.103333333333335,16.01,9.39,12.78
47862,19,6,6,2012,25.447500000000005,15.48,8.92,12.25
47863,19,7,6,2012,24.884166666666662,15.63,8.99,12.34
47864,19,8,6,2012,24.381666666666664,15.43,8.67,12.02
47865,19,9,6,2012,23.875833333333333,15.6,8.84,12.21
47866,19,10,6,2012,23.350833333333338,15.43,8.76,12.08
47867,19,11,6,2012,22.873333333333335,15.62,9.81,12.96
47868,19,12,6,2012,23.799166666666668,15.69,9.89,13.04
47869,19,13,6,2012,24.720833333333335,14.07,9.94,12.49
47870,19,14,6,2012,25.937499999999996,14.48,10.17,12.82
47871,19,15,6,2012,27.189166666666665,14.38,10.14,12.75
47872,19,16,6,2012,28.490833333333338,14.31,10.14,12.72
47873,19,17,6,2012,29.4275,14.73,10.35,13.0
47874,19,18,6,2012,29.974999999999998,15.9,11.3,14.19
47875,19,19,6,2012,30.323333333333334,16.54,11.83,14.83
47876,19,20,6,2012,30.460833333333337,16.75,11.87,14.96
47877,19,21,6,2012,30.436666666666667,16.61,11.79,14.85
47878,19,22,6,2012,30.3025,17.46,12.28,15.59
47879,19,23,6,2012,29.942499999999995,17.31,12.17,15.45
47880,20,0,6,2012,29.119166666666672,16.64,10.94,14.33
47881,20,1,6,2012,27.897500000000004,15.74,9.88,13.17
47882,20,2,6,2012,27.05916666666667,14.83,8.48,11.72
47883,20,3,6,2012,26.229166666666668,15.16,8.78,12.05
47884,20,4,6,2012,25.70916666666666,14.83,8.55,11.77
47885,20,5,6,2012,25.235,14.44,8.27,11.41
47886,20,6,6,2012,24.9425,15.09,8.71,11.96
47887,20,7,6,2012,24.535,15.34,8.790000000000001,12.1
47888,20,8,6,2012,24.059166666666666,15.11,8.69,11.95
47889,20,9,6,2012,23.43916666666667,15.66,9.16,12.5
47890,20,10,6,2012,22.912499999999998,15.81,9.38,12.74
47891,20,11,6,2012,22.66416666666667,15.92,10.16,13.35
47892,20,12,6,2012,23.409166666666668,16.3,10.46,13.74
47893,20,13,6,2012,24.176666666666666,13.28,9.25,11.68
47894,20,14,6,2012,25.525833333333335,13.22,9.28,11.67
47895,20,15,6,2012,26.986666666666668,13.28,9.34,11.73
47896,20,16,6,2012,28.224166666666665,12.94,9.09,11.41
47897,20,17,6,2012,29.136666666666667,12.53,8.88,11.1
47898,20,18,6,2012,29.965833333333332,12.58,8.950000000000003,11.16
47899,20,19,6,2012,30.374166666666667,12.98,9.22,11.52
47900,20,20,6,2012,31.14333333333333,13.89,9.61,12.19
47901,20,21,6,2012,30.917499999999993,14.84,10.23,13.1
47902,20,22,6,2012,30.832500000000007,14.79,9.98,12.85
47903,20,23,6,2012,30.82833333333333,13.5,9.11,11.73
47904,21,0,6,2012,28.450833333333332,14.27,9.44,12.24
47905,21,1,6,2012,19.260000000000005,18.28,12.1,15.37
47906,21,2,6,2012,18.56833333333333,13.7,8.19,10.76
47907,21,3,6,2012,17.666666666666668,12.35,7.7,9.92
47908,21,4,6,2012,16.512500000000003,12.2,8.36,10.59
47909,21,5,6,2012,15.945833333333333,10.95,6.69,8.65
47910,21,6,6,2012,16.31583333333333,8.41,5.3100000000000005,7.0
47911,21,7,6,2012,16.107499999999998,9.48,5.69,7.72
47912,21,8,6,2012,15.487500000000002,9.92,5.46,7.62
47913,21,9,6,2012,14.784999999999998,9.98,5.3,7.65
47914,21,10,6,2012,14.322499999999998,9.93,4.89,7.44
47915,21,11,6,2012,14.184166666666668,9.99,5.03,7.63
47916,21,12,6,2012,15.046666666666667,8.290000000000001,4.6000000000000005,6.34
47917,21,13,6,2012,16.73333333333333,5.98,4.04,4.82
47918,21,14,6,2012,19.05666666666667,5.23,3.98,4.7700000000000005
47919,21,15,6,2012,20.975833333333334,4.72,3.58,4.3
47920,21,16,6,2012,22.603333333333328,4.46,3.35,4.03
47921,21,17,6,2012,23.99416666666667,5.0,3.82,4.57
47922,21,18,6,2012,25.1275,4.97,3.76,4.5
47923,21,19,6,2012,25.998333333333335,5.13,3.9,4.67
47924,21,20,6,2012,26.5675,5.37,4.07,4.89
47925,21,21,6,2012,26.825833333333335,5.62,4.3500000000000005,5.2
47926,21,22,6,2012,26.78833333333333,5.58,4.29,5.14
47927,21,23,6,2012,26.67333333333333,5.14,3.91,4.75
47928,22,0,6,2012,26.139166666666657,3.65,2.66,3.23
47929,22,1,6,2012,24.06166666666667,5.07,2.12,4.29
47930,22,2,6,2012,22.228333333333335,5.3500000000000005,1.19,2.92
47931,22,3,6,2012,21.395833333333332,3.53,0.72,2.01
47932,22,4,6,2012,20.7025,3.14,0.61,1.8
47933,22,5,6,2012,19.87,3.71,0.67,1.95
47934,22,6,6,2012,19.145,3.97,1.04,2.45
47935,22,7,6,2012,18.471666666666668,3.96,1.03,2.4
47936,22,8,6,2012,17.891666666666666,4.11,1.14,2.52
47937,22,9,6,2012,17.25666666666667,4.16,1.25,2.7
47938,22,10,6,2012,16.919999999999998,4.54,1.47,3.0700000000000003
47939,22,11,6,2012,17.203333333333333,4.14,1.92,3.2
47940,22,12,6,2012,18.94,3.93,1.94,3.12
47941,22,13,6,2012,21.14416666666667,2.88,2.12,2.49
47942,22,14,6,2012,22.72583333333333,3.11,2.51,2.92
47943,22,15,6,2012,23.785833333333333,3.41,2.75,3.2
47944,22,16,6,2012,24.771666666666665,3.45,2.74,3.21
47945,22,17,6,2012,25.762500000000003,3.54,2.82,3.29
47946,22,18,6,2012,26.721666666666675,3.93,3.06,3.62
47947,22,19,6,2012,27.539999999999996,4.25,3.31,3.92
47948,22,20,6,2012,28.296666666666667,4.55,3.49,4.16
47949,22,21,6,2012,28.893333333333334,5.23,3.96,4.76
47950,22,22,6,2012,29.1675,5.8500000000000005,4.3500000000000005,5.3100000000000005
47951,22,23,6,2012,29.00333333333333,6.83,4.97,6.17
47952,23,0,6,2012,27.98333333333333,7.48,4.72,6.0
47953,23,1,6,2012,25.165000000000003,10.42,3.91,7.52
47954,23,2,6,2012,23.686666666666667,12.48,5.08,8.72
47955,23,3,6,2012,23.01666666666667,12.96,5.21,8.91
47956,23,4,6,2012,21.92833333333333,13.15,5.36,8.88
47957,23,5,6,2012,21.418333333333333,13.1,5.44,8.89
47958,23,6,6,2012,21.395,12.67,5.48,8.63
47959,23,7,6,2012,20.7575,13.03,5.55,8.92
47960,23,8,6,2012,20.458333333333332,12.95,5.8,8.93
47961,23,9,6,2012,20.345000000000002,7.85,4.18,5.93
47962,23,10,6,2012,20.18,12.64,7.29,10.03
47963,23,11,6,2012,19.930833333333332,11.0,6.38,8.72
47964,23,12,6,2012,19.766666666666666,11.82,6.8100000000000005,8.950000000000003
47965,23,13,6,2012,19.815,13.52,8.5,11.28
47966,23,14,6,2012,19.991666666666664,9.01,5.89,7.35
47967,23,15,6,2012,22.33,8.92,6.5,7.95
47968,23,16,6,2012,23.951666666666664,9.22,6.83,8.32
47969,23,17,6,2012,27.024166666666662,9.73,7.21,8.8
47970,23,18,6,2012,29.58666666666667,10.58,7.57,9.38
47971,23,19,6,2012,31.0525,11.0,7.9300000000000015,9.81
47972,23,20,6,2012,32.23416666666667,10.47,7.51,9.29
47973,23,21,6,2012,33.012499999999996,10.2,7.25,8.99
47974,23,22,6,2012,33.30833333333334,10.16,7.35,9.13
47975,23,23,6,2012,33.23833333333334,9.29,6.03,7.84
47976,24,0,6,2012,32.64000000000001,10.53,6.22,8.4
47977,24,1,6,2012,30.968333333333334,11.94,5.68,8.44
47978,24,2,6,2012,30.070833333333336,13.03,6.12,9.25
47979,24,3,6,2012,29.395,13.68,6.88,10.03
47980,24,4,6,2012,28.680833333333336,14.11,7.3,10.47
47981,24,5,6,2012,27.886666666666667,14.24,7.4,10.59
47982,24,6,6,2012,27.149999999999995,14.95,7.87,11.13
47983,24,7,6,2012,26.784166666666664,14.87,7.94,11.18
47984,24,8,6,2012,26.194999999999997,14.75,8.03,11.22
47985,24,9,6,2012,26.119166666666672,15.7,8.65,12.03
47986,24,10,6,2012,26.13833333333334,15.84,8.63,12.03
47987,24,11,6,2012,26.031666666666666,15.82,8.52,11.89
47988,24,12,6,2012,27.275833333333328,14.67,9.11,12.01
47989,24,13,6,2012,28.3225,12.02,7.82,9.97
47990,24,14,6,2012,29.486666666666665,10.82,7.69,9.6
47991,24,15,6,2012,31.154999999999998,10.03,7.25,9.0
47992,24,16,6,2012,32.8075,8.55,6.2,7.6400000000000015
47993,24,17,6,2012,34.215,6.7,4.9,5.99
47994,24,18,6,2012,35.505,5.87,4.32,5.25
47995,24,19,6,2012,36.54833333333333,6.07,4.51,5.48
47996,24,20,6,2012,37.4475,6.12,4.54,5.5200000000000005
47997,24,21,6,2012,38.151666666666664,5.54,4.07,4.96
47998,24,22,6,2012,38.583333333333336,5.4,4.0200000000000005,4.9
47999,24,23,6,2012,38.64833333333333,5.41,3.89,4.83
48000,25,0,6,2012,37.843333333333334,6.99,3.4,5.51
48001,25,1,6,2012,35.3425,6.62,2.59,5.41
48002,25,2,6,2012,33.18000000000001,13.51,4.7,8.790000000000001
48003,25,3,6,2012,32.605000000000004,13.55,5.38,9.23
48004,25,4,6,2012,31.59166666666667,13.78,5.21,8.97
48005,25,5,6,2012,30.414999999999992,14.1,5.7,9.35
48006,25,6,6,2012,28.939999999999998,13.44,5.37,9.1
48007,25,7,6,2012,27.33666666666667,7.13,2.81,4.18
48008,25,8,6,2012,26.590833333333336,5.87,2.3000000000000003,3.24
48009,25,9,6,2012,25.778333333333336,5.62,1.97,3.91
48010,25,10,6,2012,26.0275,5.73,2.37,4.3
48011,25,11,6,2012,26.45,4.78,3.0,4.18
48012,25,12,6,2012,26.731666666666666,3.85,2.57,3.77
48013,25,13,6,2012,26.639166666666664,5.03,4.29,4.96
48014,25,14,6,2012,28.094166666666666,5.98,4.86,5.73
48015,25,15,6,2012,29.533333333333335,6.54,5.13,6.12
48016,25,16,6,2012,31.239166666666662,6.16,4.8100000000000005,5.73
48017,25,17,6,2012,32.340833333333336,6.0600000000000005,4.8,5.67
48018,25,18,6,2012,33.345833333333324,5.97,4.67,5.53
48019,25,19,6,2012,33.681666666666665,8.35,6.49,7.78
48020,25,20,6,2012,33.46,8.74,6.72,8.08
48021,25,21,6,2012,33.92166666666666,8.19,6.33,7.63
48022,25,22,6,2012,33.16916666666667,8.97,6.69,8.16
48023,25,23,6,2012,32.28916666666667,10.47,7.6,9.48
48024,26,0,6,2012,31.035,10.67,7.66,9.62
48025,26,1,6,2012,29.3,11.17,6.86,9.4
48026,26,2,6,2012,27.59,10.89,4.89,7.61
48027,26,3,6,2012,26.453333333333337,11.18,5.04,7.75
48028,26,4,6,2012,25.43583333333333,10.96,4.9,7.59
48029,26,5,6,2012,24.53,11.3,5.26,7.94
48030,26,6,6,2012,23.700000000000003,11.49,5.4,8.08
48031,26,7,6,2012,22.96666666666667,11.78,5.63,8.34
48032,26,8,6,2012,22.320000000000004,11.83,5.86,8.55
48033,26,9,6,2012,21.594999999999995,11.48,5.47,8.09
48034,26,10,6,2012,21.0275,11.84,5.89,8.53
48035,26,11,6,2012,20.630000000000003,11.68,6.84,9.19
48036,26,12,6,2012,21.420833333333334,11.7,7.13,9.57
48037,26,13,6,2012,22.808333333333334,10.0,7.29,8.98
48038,26,14,6,2012,24.409166666666664,9.2,6.8900000000000015,8.41
48039,26,15,6,2012,26.150833333333328,9.62,7.22,8.8
48040,26,16,6,2012,27.98,9.9,7.35,8.99
48041,26,17,6,2012,29.82833333333333,9.84,7.26,8.89
48042,26,18,6,2012,31.414166666666663,9.89,7.28,8.93
48043,26,19,6,2012,32.77166666666667,10.34,7.58,9.33
48044,26,20,6,2012,33.86333333333333,10.81,7.81,9.67
48045,26,21,6,2012,34.480000000000004,11.72,8.36,10.44
48046,26,22,6,2012,34.78,12.25,8.66,10.87
48047,26,23,6,2012,34.6975,12.34,8.620000000000001,10.89
48048,27,0,6,2012,33.68833333333333,12.01,8.18,10.49
48049,27,1,6,2012,31.938333333333333,14.14,7.33,10.64
48050,27,2,6,2012,30.910833333333333,14.58,7.78,11.11
48051,27,3,6,2012,30.043333333333333,15.03,8.28,11.64
48052,27,4,6,2012,29.444166666666664,15.08,8.33,11.7
48053,27,5,6,2012,28.831666666666674,15.9,8.93,12.41
48054,27,6,6,2012,28.560000000000002,16.34,9.41,12.94
48055,27,7,6,2012,28.169999999999998,17.11,9.8,13.48
48056,27,8,6,2012,27.606666666666666,16.79,9.58,13.18
48057,27,9,6,2012,27.086666666666662,16.240000000000002,9.2,12.7
48058,27,10,6,2012,26.785833333333333,16.59,9.51,13.06
48059,27,11,6,2012,26.54833333333333,16.23,9.44,12.78
48060,27,12,6,2012,28.080833333333334,15.93,10.28,13.47
48061,27,13,6,2012,29.174999999999997,13.9,9.73,12.12
48062,27,14,6,2012,30.842499999999998,13.43,9.77,12.1
48063,27,15,6,2012,32.660000000000004,13.46,9.77,12.12
48064,27,16,6,2012,34.59916666666666,12.96,9.32,11.57
48065,27,17,6,2012,36.59166666666667,12.95,9.31,11.56
48066,27,18,6,2012,38.4175,12.2,8.73,10.84
48067,27,19,6,2012,39.7875,11.97,8.5,10.59
48068,27,20,6,2012,40.78833333333334,11.85,8.36,10.43
48069,27,21,6,2012,41.56583333333334,12.15,8.55,10.71
48070,27,22,6,2012,41.94166666666667,13.0,8.98,11.39
48071,27,23,6,2012,41.510000000000005,13.9,9.43,12.12
48072,28,0,6,2012,39.64833333333333,14.09,8.44,10.96
48073,28,1,6,2012,37.11833333333333,15.71,8.11,11.75
48074,28,2,6,2012,35.2025,16.36,8.67,12.38
48075,28,3,6,2012,33.236666666666665,16.740000000000002,9.31,12.93
48076,28,4,6,2012,31.694166666666664,16.68,9.31,12.93
48077,28,5,6,2012,30.495000000000005,15.59,8.24,11.67
48078,28,6,6,2012,29.751666666666665,16.990000000000002,9.23,12.92
48079,28,7,6,2012,29.27416666666667,16.78,9.14,12.75
48080,28,8,6,2012,28.41,14.62,7.27,10.66
48081,28,9,6,2012,28.349999999999998,15.37,8.43,11.82
48082,28,10,6,2012,28.39,16.15,9.01,12.53
48083,28,11,6,2012,27.795,15.43,8.69,11.81
48084,28,12,6,2012,28.58333333333334,15.79,9.88,13.0
48085,28,13,6,2012,30.008333333333336,13.59,8.27,10.62
48086,28,14,6,2012,31.69333333333334,11.23,8.19,10.1
48087,28,15,6,2012,33.42083333333333,10.77,7.85,9.7
48088,28,16,6,2012,35.13583333333334,9.05,6.58,8.09
48089,28,17,6,2012,36.64000000000001,7.92,5.75,7.05
48090,28,18,6,2012,37.888333333333335,6.53,4.82,5.8500000000000005
48091,28,19,6,2012,38.88,5.84,4.37,5.2700000000000005
48092,28,20,6,2012,39.735,5.73,4.24,5.13
48093,28,21,6,2012,40.39916666666667,5.0600000000000005,3.68,4.49
48094,28,22,6,2012,40.974999999999994,7.41,5.22,6.53
48095,28,23,6,2012,40.979166666666664,7.76,5.45,6.8500000000000005
48096,29,0,6,2012,39.58166666666666,8.45,3.96,6.46
48097,29,1,6,2012,29.485,10.99,7.55,9.75
48098,29,2,6,2012,29.14,9.78,6.26,7.15
48099,29,3,6,2012,29.225833333333338,8.64,3.39,4.64
48100,29,4,6,2012,28.990833333333327,9.54,4.82,7.08
48101,29,5,6,2012,28.054166666666664,9.42,4.25,6.6000000000000005
48102,29,6,6,2012,29.1275,11.39,5.8500000000000005,8.58
48103,29,7,6,2012,27.576666666666668,8.33,1.9,4.72
48104,29,8,6,2012,29.385833333333334,13.32,6.98,9.99
48105,29,9,6,2012,28.417499999999993,13.37,6.84,9.93
48106,29,10,6,2012,27.581666666666667,8.620000000000001,3.6,6.45
48107,29,11,6,2012,26.58583333333333,3.88,1.41,2.76
48108,29,12,6,2012,28.569999999999997,8.25,5.0200000000000005,6.74
48109,29,13,6,2012,29.649166666666662,7.59,5.46,6.73
48110,29,14,6,2012,31.1825,9.42,6.67,8.33
48111,29,15,6,2012,32.42166666666666,9.0,6.55,8.06
48112,29,16,6,2012,33.21083333333333,8.620000000000001,6.2700000000000005,7.69
48113,29,17,6,2012,31.926666666666666,14.05,10.19,12.63
48114,29,18,6,2012,29.06416666666667,19.96,13.88,17.8
48115,29,19,6,2012,32.28416666666667,11.89,8.31,10.43
48116,29,20,6,2012,32.969166666666666,12.33,8.81,10.98
48117,29,21,6,2012,35.877500000000005,7.65,5.57,6.83
48118,29,22,6,2012,35.94416666666667,9.08,6.26,7.96
48119,29,23,6,2012,31.736666666666668,13.31,9.18,11.75
48120,30,0,6,2012,29.338333333333335,9.09,6.62,8.040000000000001
48121,30,1,6,2012,28.013333333333335,10.12,5.29,7.44
48122,30,2,6,2012,27.578333333333333,11.02,4.62,7.65
48123,30,3,6,2012,27.816666666666666,13.32,4.0600000000000005,8.65
48124,30,4,6,2012,27.915833333333328,13.69,6.03,9.22
48125,30,5,6,2012,27.680000000000003,16.54,11.03,14.6
48126,30,6,6,2012,23.665833333333335,19.35,12.41,16.19
48127,30,7,6,2012,24.75666666666667,21.93,14.7,19.03
48128,30,8,6,2012,27.84583333333333,22.9,15.54,20.11
48129,30,9,6,2012,32.73,10.3,3.67,6.83
48130,30,10,6,2012,25.57166666666667,13.64,8.33,11.32
48131,30,11,6,2012,23.993333333333336,8.11,2.91,5.4
48132,30,12,6,2012,25.02416666666667,6.67,3.3200000000000003,4.45
48133,30,13,6,2012,26.83666666666667,3.73,2.89,3.43
48134,30,14,6,2012,28.389166666666668,4.83,3.66,4.4
48135,30,15,6,2012,30.05333333333333,4.41,3.31,3.98
48136,30,16,6,2012,31.975000000000005,2.29,1.71,2.04
48137,30,17,6,2012,33.60666666666666,2.25,1.71,2.03
48138,30,18,6,2012,35.09916666666667,2.8000000000000003,2.17,2.56
48139,30,19,6,2012,36.24750000000001,3.69,2.88,3.41
48140,30,20,6,2012,37.32416666666666,3.96,3.09,3.66
48141,30,21,6,2012,37.89416666666667,3.85,2.92,3.49
48142,30,22,6,2012,37.45499999999999,4.49,3.24,4.0200000000000005
48143,30,23,6,2012,26.6775,15.88,9.47,12.52
48144,1,0,7,2012,20.884166666666665,10.74,5.5,7.65
48145,1,1,7,2012,23.093333333333334,15.29,10.13,13.16
48146,1,2,7,2012,24.184166666666666,15.42,9.55,12.75
48147,1,3,7,2012,23.90416666666667,10.78,5.22,7.88
48148,1,4,7,2012,24.0425,10.43,3.86,6.69
48149,1,5,7,2012,25.63083333333333,14.06,7.33,10.49
48150,1,6,7,2012,24.426666666666666,11.9,6.74,9.19
48151,1,7,7,2012,24.43916666666667,9.2,4.71,7.28
48152,1,8,7,2012,22.784999999999997,7.13,3.45,5.73
48153,1,9,7,2012,22.664166666666663,8.700000000000001,4.24,6.88
48154,1,10,7,2012,22.41083333333333,7.66,3.01,5.64
48155,1,11,7,2012,22.19583333333333,4.05,1.92,4.01
48156,1,12,7,2012,24.024166666666662,3.99,2.86,3.26
48157,1,13,7,2012,26.014999999999997,4.65,3.61,4.29
48158,1,14,7,2012,28.07083333333333,4.2,3.16,3.8
48159,1,15,7,2012,29.926666666666662,5.09,3.76,4.57
48160,1,16,7,2012,31.326666666666668,5.5600000000000005,4.12,5.01
48161,1,17,7,2012,32.51916666666667,6.48,4.84,5.87
48162,1,18,7,2012,33.3075,6.91,5.13,6.25
48163,1,19,7,2012,33.98833333333334,7.77,5.88,7.13
48164,1,20,7,2012,34.49250000000001,8.43,6.36,7.75
48165,1,21,7,2012,34.737500000000004,8.05,5.99,7.35
48166,1,22,7,2012,34.73833333333333,8.74,6.2,7.81
48167,1,23,7,2012,34.37500000000001,8.96,6.28,7.96
48168,2,0,7,2012,33.451666666666675,9.98,5.68,7.42
48169,2,1,7,2012,31.4525,10.75,4.3500000000000005,8.15
48170,2,2,7,2012,29.862499999999997,13.32,5.15,8.65
48171,2,3,7,2012,29.439999999999998,13.65,6.3100000000000005,9.67
48172,2,4,7,2012,28.80666666666666,13.73,6.41,9.75
48173,2,5,7,2012,27.676666666666673,13.08,5.18,8.64
48174,2,6,7,2012,26.84,13.46,5.69,9.03
48175,2,7,7,2012,26.151666666666667,13.22,5.45,8.76
48176,2,8,7,2012,25.779999999999998,13.25,5.69,8.9
48177,2,9,7,2012,25.389166666666664,13.09,5.91,9.06
48178,2,10,7,2012,24.7325,12.91,5.76,8.91
48179,2,11,7,2012,24.824166666666667,12.39,6.05,8.59
48180,2,12,7,2012,26.078333333333333,10.73,5.94,8.08
48181,2,13,7,2012,27.198333333333334,8.16,6.1000000000000005,7.45
48182,2,14,7,2012,28.545833333333334,6.96,5.23,6.36
48183,2,15,7,2012,29.996666666666666,7.35,5.4,6.62
48184,2,16,7,2012,31.24,7.42,5.45,6.68
48185,2,17,7,2012,32.23583333333334,7.51,5.5,6.73
48186,2,18,7,2012,32.84166666666666,7.46,5.48,6.71
48187,2,19,7,2012,33.35666666666666,7.8900000000000015,5.91,7.18
48188,2,20,7,2012,33.76416666666667,8.24,6.13,7.49
48189,2,21,7,2012,34.015833333333326,8.78,6.57,8.040000000000001
48190,2,22,7,2012,34.00333333333334,8.21,5.91,7.32
48191,2,23,7,2012,33.845,7.76,5.42,6.88
48192,3,0,7,2012,33.044166666666676,8.56,5.54,7.09
48193,3,1,7,2012,31.177500000000006,11.87,4.63,8.17
48194,3,2,7,2012,29.971666666666664,12.05,5.2,8.39
48195,3,3,7,2012,29.108333333333334,12.48,5.54,8.620000000000001
48196,3,4,7,2012,28.309166666666666,12.81,5.88,9.02
48197,3,5,7,2012,27.751666666666665,13.34,6.33,9.48
48198,3,6,7,2012,27.177499999999995,13.3,6.25,9.36
48199,3,7,7,2012,26.9575,13.17,5.95,9.1
48200,3,8,7,2012,26.428333333333327,12.73,5.22,8.39
48201,3,9,7,2012,25.9675,13.55,5.63,8.89
48202,3,10,7,2012,25.653333333333332,13.28,5.3100000000000005,8.52
48203,3,11,7,2012,25.46166666666667,13.45,5.5600000000000005,8.700000000000001
48204,3,12,7,2012,26.685833333333335,12.08,6.66,9.22
48205,3,13,7,2012,28.08916666666666,10.93,7.08,8.99
48206,3,14,7,2012,29.635000000000005,9.41,6.88,8.51
48207,3,15,7,2012,31.248333333333335,8.68,6.38,7.86
48208,3,16,7,2012,32.63916666666666,8.75,6.3500000000000005,7.85
48209,3,17,7,2012,33.71083333333333,8.41,6.11,7.53
48210,3,18,7,2012,34.47083333333333,7.9,5.76,7.1000000000000005
48211,3,19,7,2012,35.193333333333335,7.81,5.67,6.97
48212,3,20,7,2012,35.68583333333333,8.19,6.0,7.38
48213,3,21,7,2012,35.77916666666667,8.59,6.2,7.71
48214,3,22,7,2012,35.850833333333334,8.31,5.93,7.41
48215,3,23,7,2012,35.557500000000005,8.6,5.97,7.61
48216,4,0,7,2012,34.38333333333333,9.29,5.24,6.98
48217,4,1,7,2012,31.89583333333333,11.17,4.09,7.96
48218,4,2,7,2012,30.634166666666662,13.36,5.55,9.34
48219,4,3,7,2012,29.698333333333327,14.19,5.88,9.63
48220,4,4,7,2012,29.72333333333334,14.71,6.3900000000000015,10.1
48221,4,5,7,2012,28.589166666666667,14.26,6.0,9.54
48222,4,6,7,2012,27.705,13.86,5.72,9.2
48223,4,7,7,2012,26.980833333333333,14.19,5.54,9.21
48224,4,8,7,2012,26.611666666666665,14.61,5.45,9.33
48225,4,9,7,2012,25.819166666666664,15.18,5.75,9.73
48226,4,10,7,2012,25.233333333333334,15.0,5.49,9.59
48227,4,11,7,2012,25.064999999999998,15.08,6.41,9.98
48228,4,12,7,2012,26.75916666666667,14.54,7.1400000000000015,10.03
48229,4,13,7,2012,28.333333333333332,11.03,6.49,8.38
48230,4,14,7,2012,29.714999999999993,8.73,6.32,7.82
48231,4,15,7,2012,31.477499999999996,8.71,6.3100000000000005,7.81
48232,4,16,7,2012,32.9675,9.05,6.49,8.06
48233,4,17,7,2012,34.199999999999996,9.01,6.5,8.040000000000001
48234,4,18,7,2012,35.23916666666667,9.31,6.68,8.28
48235,4,19,7,2012,35.865833333333335,9.19,6.6400000000000015,8.21
48236,4,20,7,2012,36.237500000000004,9.16,6.59,8.17
48237,4,21,7,2012,36.51083333333333,9.32,6.6000000000000005,8.25
48238,4,22,7,2012,36.33083333333334,10.24,7.19,9.07
48239,4,23,7,2012,35.9675,10.39,7.15,9.17
48240,5,0,7,2012,34.67666666666667,11.1,5.19,7.77
48241,5,1,7,2012,32.23500000000001,12.07,4.88,8.38
48242,5,2,7,2012,31.173333333333332,12.81,5.05,8.78
48243,5,3,7,2012,29.939999999999998,13.66,5.78,9.33
48244,5,4,7,2012,29.69333333333333,14.51,7.05,10.44
48245,5,5,7,2012,29.093333333333344,13.53,6.3500000000000005,9.6
48246,5,6,7,2012,28.446666666666662,13.42,6.03,9.27
48247,5,7,7,2012,28.031666666666666,13.53,6.1400000000000015,9.38
48248,5,8,7,2012,27.465,13.81,6.22,9.53
48249,5,9,7,2012,26.9725,13.81,6.33,9.66
48250,5,10,7,2012,26.760833333333334,13.93,6.91,10.17
48251,5,11,7,2012,26.454166666666666,13.8,6.88,10.08
48252,5,12,7,2012,27.45,12.5,6.96,9.48
48253,5,13,7,2012,28.666666666666668,9.72,6.69,8.26
48254,5,14,7,2012,30.193333333333328,8.05,5.98,7.32
48255,5,15,7,2012,31.810833333333335,7.45,5.45,6.7
48256,5,16,7,2012,33.12916666666667,6.76,4.99,6.1000000000000005
48257,5,17,7,2012,34.26166666666666,6.1400000000000015,4.5600000000000005,5.54
48258,5,18,7,2012,35.06416666666667,5.76,4.3100000000000005,5.21
48259,5,19,7,2012,35.58416666666667,5.79,4.47,5.36
48260,5,20,7,2012,36.00416666666666,6.63,5.05,6.1000000000000005
48261,5,21,7,2012,36.185833333333335,6.6400000000000015,5.1000000000000005,6.1400000000000015
48262,5,22,7,2012,36.120000000000005,6.74,5.1000000000000005,6.2
48263,5,23,7,2012,35.899166666666666,6.38,4.71,5.79
48264,6,0,7,2012,34.89166666666667,9.27,4.7700000000000005,7.1400000000000015
48265,6,1,7,2012,32.675000000000004,10.29,4.39,7.42
48266,6,2,7,2012,31.424166666666668,11.07,4.58,8.19
48267,6,3,7,2012,30.090000000000003,10.84,4.68,7.82
48268,6,4,7,2012,29.251666666666665,12.34,5.15,8.39
48269,6,5,7,2012,28.586666666666662,12.96,5.3,8.68
48270,6,6,7,2012,27.910000000000007,12.97,5.39,8.82
48271,6,7,7,2012,27.625833333333333,12.85,5.62,9.01
48272,6,8,7,2012,27.38333333333333,12.73,5.62,8.94
48273,6,9,7,2012,27.41083333333334,13.03,5.8500000000000005,9.29
48274,6,10,7,2012,26.963333333333335,12.81,5.83,9.19
48275,6,11,7,2012,26.787500000000005,12.41,5.76,8.82
48276,6,12,7,2012,28.075833333333335,11.34,5.92,8.25
48277,6,13,7,2012,29.403333333333336,8.07,5.61,6.84
48278,6,14,7,2012,30.92583333333333,7.21,5.45,6.62
48279,6,15,7,2012,32.49583333333334,7.04,5.2,6.36
48280,6,16,7,2012,33.93583333333333,6.91,5.08,6.22
48281,6,17,7,2012,35.02916666666666,6.24,4.64,5.64
48282,6,18,7,2012,35.73583333333334,6.2700000000000005,4.69,5.69
48283,6,19,7,2012,36.2275,5.92,4.45,5.4
48284,6,20,7,2012,36.553333333333335,6.49,5.03,6.0600000000000005
48285,6,21,7,2012,36.815,6.38,5.0,5.98
48286,6,22,7,2012,37.02,6.17,4.68,5.69
48287,6,23,7,2012,36.9375,4.8500000000000005,3.67,4.48
48288,7,0,7,2012,36.09583333333333,5.66,3.38,4.2700000000000005
48289,7,1,7,2012,34.24916666666667,6.3100000000000005,2.86,5.34
48290,7,2,7,2012,32.42916666666667,8.24,3.89,7.21
48291,7,3,7,2012,31.57833333333333,10.27,4.5,8.19
48292,7,4,7,2012,30.584166666666665,12.08,4.9,8.68
48293,7,5,7,2012,29.953333333333333,12.96,5.48,8.94
48294,7,6,7,2012,29.4875,13.03,4.99,8.84
48295,7,7,7,2012,29.335833333333337,12.96,5.58,9.32
48296,7,8,7,2012,29.2525,13.21,5.75,9.37
48297,7,9,7,2012,28.758333333333336,13.18,5.57,9.19
48298,7,10,7,2012,28.464166666666667,12.78,5.89,9.23
48299,7,11,7,2012,28.36583333333333,12.78,5.97,9.3
48300,7,12,7,2012,29.170833333333334,11.77,5.91,8.51
48301,7,13,7,2012,30.606666666666666,8.620000000000001,5.0600000000000005,6.59
48302,7,14,7,2012,32.336666666666666,5.97,4.5600000000000005,5.51
48303,7,15,7,2012,33.729166666666664,4.38,3.39,4.04
48304,7,16,7,2012,34.65833333333333,3.71,2.91,3.44
48305,7,17,7,2012,35.81250000000001,2.35,1.84,2.16
48306,7,18,7,2012,36.9725,1.61,1.33,1.53
48307,7,19,7,2012,37.61083333333333,1.49,1.27,1.43
48308,7,20,7,2012,37.01166666666667,7.22,4.8500000000000005,6.5
48309,7,21,7,2012,35.074999999999996,11.6,9.33,11.68
48310,7,22,7,2012,31.08916666666667,13.08,9.12,11.61
48311,7,23,7,2012,32.20333333333333,8.52,5.76,7.79
48312,8,0,7,2012,31.727499999999996,4.28,3.15,4.14
48313,8,1,7,2012,31.88333333333333,3.08,1.64,3.08
48314,8,2,7,2012,30.77666666666667,8.26,6.16,8.44
48315,8,3,7,2012,30.46416666666666,5.55,5.0600000000000005,6.0200000000000005
48316,8,4,7,2012,29.64083333333333,6.71,3.27,5.9
48317,8,5,7,2012,27.902499999999993,5.87,2.04,4.25
48318,8,6,7,2012,27.38,4.3100000000000005,1.85,3.16
48319,8,7,7,2012,26.449166666666667,3.58,2.02,2.5
48320,8,8,7,2012,24.08583333333333,5.67,3.51,5.45
48321,8,9,7,2012,23.56833333333333,7.47,3.16,6.34
48322,8,10,7,2012,23.44666666666667,9.49,4.1,7.1000000000000005
48323,8,11,7,2012,23.10083333333333,8.8,3.91,6.21
48324,8,12,7,2012,24.002499999999998,6.98,4.74,5.8100000000000005
48325,8,13,7,2012,24.911666666666665,6.6400000000000015,5.05,6.11
48326,8,14,7,2012,24.944166666666664,5.59,3.38,4.62
48327,8,15,7,2012,25.506666666666664,4.91,3.99,4.76
48328,8,16,7,2012,24.346666666666664,4.8100000000000005,4.34,4.93
48329,8,17,7,2012,25.846666666666668,4.71,4.04,4.64
48330,8,18,7,2012,27.275000000000002,9.94,7.85,9.45
48331,8,19,7,2012,25.713333333333328,9.77,7.56,9.14
48332,8,20,7,2012,27.015833333333337,5.71,4.54,5.3500000000000005
48333,8,21,7,2012,27.984166666666667,5.53,4.43,5.23
48334,8,22,7,2012,25.99083333333333,7.0200000000000005,5.14,6.1400000000000015
48335,8,23,7,2012,26.890833333333333,4.44,3.35,4.05
48336,9,0,7,2012,27.811666666666667,7.1000000000000005,5.14,6.45
48337,9,1,7,2012,26.393333333333334,5.46,3.0500000000000003,4.43
48338,9,2,7,2012,24.784166666666664,6.11,2.13,3.76
48339,9,3,7,2012,23.74916666666667,6.18,1.54,3.13
48340,9,4,7,2012,23.074166666666667,6.48,0.58,2.81
48341,9,5,7,2012,22.617500000000003,5.65,0.98,2.95
48342,9,6,7,2012,22.150833333333328,4.86,1.03,2.56
48343,9,7,7,2012,21.799166666666665,5.45,2.05,4.12
48344,9,8,7,2012,21.271666666666665,5.73,2.05,4.1
48345,9,9,7,2012,20.78833333333333,6.48,1.99,4.22
48346,9,10,7,2012,20.545833333333334,6.11,2.08,4.0200000000000005
48347,9,11,7,2012,20.477500000000003,6.25,1.44,3.61
48348,9,12,7,2012,21.44,4.38,2.57,2.97
48349,9,13,7,2012,22.642500000000002,3.52,2.46,2.88
48350,9,14,7,2012,25.0,4.44,3.46,4.11
48351,9,15,7,2012,25.859166666666667,4.76,3.67,4.39
48352,9,16,7,2012,24.841666666666665,4.37,2.65,2.94
48353,9,17,7,2012,24.61083333333333,5.43,4.08,5.08
48354,9,18,7,2012,22.474999999999998,4.83,4.3,4.76
48355,9,19,7,2012,25.485833333333332,2.64,2.66,2.95
48356,9,20,7,2012,27.301666666666666,1.07,1.41,1.39
48357,9,21,7,2012,28.49416666666667,2.81,2.3000000000000003,2.68
48358,9,22,7,2012,29.962500000000006,7.03,5.17,6.3500000000000005
48359,9,23,7,2012,30.054999999999996,7.6,5.44,6.8100000000000005
48360,10,0,7,2012,29.13083333333333,7.1000000000000005,4.92,6.2
48361,10,1,7,2012,26.828333333333333,7.03,2.54,5.24
48362,10,2,7,2012,25.0175,6.73,1.46,3.88
48363,10,3,7,2012,24.455833333333334,4.1,0.74,2.16
48364,10,4,7,2012,23.906666666666666,4.3,2.5500000000000003,4.21
48365,10,5,7,2012,23.046666666666667,4.03,2.04,3.63
48366,10,6,7,2012,22.705833333333334,4.67,1.08,2.73
48367,10,7,7,2012,22.265,5.25,1.47,3.27
48368,10,8,7,2012,20.961666666666662,4.73,1.99,3.77
48369,10,9,7,2012,20.048333333333332,6.18,3.3200000000000003,5.3100000000000005
48370,10,10,7,2012,19.51,7.5,3.59,6.21
48371,10,11,7,2012,19.04,6.91,3.46,5.48
48372,10,12,7,2012,20.223333333333333,6.72,3.52,5.0
48373,10,13,7,2012,21.98,4.61,3.47,4.03
48374,10,14,7,2012,24.089166666666667,4.8500000000000005,3.82,4.53
48375,10,15,7,2012,25.925833333333333,4.97,3.84,4.58
48376,10,16,7,2012,27.054999999999996,5.17,3.98,4.75
48377,10,17,7,2012,27.939166666666665,5.33,4.13,4.92
48378,10,18,7,2012,28.69083333333333,5.2700000000000005,4.14,4.9
48379,10,19,7,2012,29.16666666666666,5.57,4.28,5.11
48380,10,20,7,2012,29.486666666666675,4.9,3.82,4.51
48381,10,21,7,2012,29.587499999999995,5.58,4.3100000000000005,5.17
48382,10,22,7,2012,29.506666666666664,5.59,4.34,5.19
48383,10,23,7,2012,29.210833333333337,5.92,4.5200000000000005,5.48
48384,11,0,7,2012,28.320000000000007,6.2700000000000005,3.63,5.25
48385,11,1,7,2012,25.814166666666665,7.75,2.49,5.98
48386,11,2,7,2012,23.9075,7.15,2.41,6.33
48387,11,3,7,2012,22.834999999999997,6.3900000000000015,1.62,4.95
48388,11,4,7,2012,22.135,5.95,1.5,3.93
48389,11,5,7,2012,20.908333333333335,4.54,2.15,3.92
48390,11,6,7,2012,20.338333333333335,4.91,2.04,3.72
48391,11,7,7,2012,19.895,4.53,2.16,3.66
48392,11,8,7,2012,18.862499999999997,4.46,2.43,4.22
48393,11,9,7,2012,17.85666666666667,4.54,2.37,4.28
48394,11,10,7,2012,17.1325,4.7700000000000005,2.08,4.0200000000000005
48395,11,11,7,2012,16.9575,4.72,1.85,3.58
48396,11,12,7,2012,18.584166666666665,4.97,2.51,2.99
48397,11,13,7,2012,21.039999999999996,3.47,2.71,3.2
48398,11,14,7,2012,23.014166666666664,3.74,3.0500000000000003,3.56
48399,11,15,7,2012,24.9475,3.02,2.49,2.88
48400,11,16,7,2012,26.84,2.9,2.38,2.75
48401,11,17,7,2012,28.228333333333335,2.08,1.82,2.03
48402,11,18,7,2012,29.124166666666667,1.9,1.72,1.89
48403,11,19,7,2012,29.770833333333332,1.86,1.55,1.76
48404,11,20,7,2012,30.32833333333333,3.84,3.65,4.0200000000000005
48405,11,21,7,2012,30.345,4.78,4.51,5.0
48406,11,22,7,2012,30.579999999999995,3.26,2.93,3.29
48407,11,23,7,2012,30.586666666666673,3.27,2.67,3.13
48408,12,0,7,2012,30.096666666666668,4.91,2.39,3.88
48409,12,1,7,2012,27.75666666666667,6.24,2.29,4.97
48410,12,2,7,2012,25.9375,8.49,2.85,5.59
48411,12,3,7,2012,24.87666666666667,9.05,2.36,5.93
48412,12,4,7,2012,24.030833333333334,8.89,2.92,5.68
48413,12,5,7,2012,24.331666666666667,9.44,3.6,6.79
48414,12,6,7,2012,23.863333333333333,9.65,3.67,6.72
48415,12,7,7,2012,23.68833333333333,10.84,3.67,7.09
48416,12,8,7,2012,24.002499999999998,10.47,4.18,7.07
48417,12,9,7,2012,22.708333333333332,8.33,3.2,5.96
48418,12,10,7,2012,21.0,7.41,2.07,4.82
48419,12,11,7,2012,20.661666666666665,8.25,3.11,4.94
48420,12,12,7,2012,22.951666666666664,7.68,4.29,5.2
48421,12,13,7,2012,25.105833333333333,7.32,4.63,5.66
48422,12,14,7,2012,27.551666666666666,6.47,4.83,5.89
48423,12,15,7,2012,29.6825,6.09,4.54,5.53
48424,12,16,7,2012,31.19583333333333,5.59,4.15,5.05
48425,12,17,7,2012,31.984166666666667,5.15,3.92,4.71
48426,12,18,7,2012,32.57916666666667,5.22,4.1,4.87
48427,12,19,7,2012,33.1425,5.1000000000000005,3.98,4.73
48428,12,20,7,2012,32.94083333333332,7.34,5.6000000000000005,6.87
48429,12,21,7,2012,26.854166666666668,14.32,10.59,13.2
48430,12,22,7,2012,26.3625,10.55,7.4,9.62
48431,12,23,7,2012,28.89666666666666,10.05,7.07,8.88
48432,13,0,7,2012,27.591666666666665,8.69,5.8,7.5
48433,13,1,7,2012,25.37,7.98,3.49,5.8
48434,13,2,7,2012,24.455,8.35,3.5700000000000003,6.37
48435,13,3,7,2012,24.269166666666667,10.56,4.96,7.8900000000000015
48436,13,4,7,2012,24.89583333333334,9.95,4.8,7.73
48437,13,5,7,2012,25.270833333333332,9.93,4.68,7.69
48438,13,6,7,2012,25.146666666666665,11.03,5.15,8.31
48439,13,7,7,2012,24.513333333333335,10.86,4.95,8.08
48440,13,8,7,2012,23.804999999999996,10.51,4.9,7.9300000000000015
48441,13,9,7,2012,21.950833333333332,9.4,3.4,5.68
48442,13,10,7,2012,23.419999999999998,11.48,6.5,9.36
48443,13,11,7,2012,25.090000000000003,14.51,9.09,12.2
48444,13,12,7,2012,23.170833333333334,14.72,9.43,12.46
48445,13,13,7,2012,22.484166666666667,13.87,8.59,11.63
48446,13,14,7,2012,23.896666666666665,16.23,10.8,14.09
48447,13,15,7,2012,22.801666666666666,14.95,9.27,12.4
48448,13,16,7,2012,24.232499999999998,12.83,9.09,11.02
48449,13,17,7,2012,28.52083333333334,10.44,7.8900000000000015,9.6
48450,13,18,7,2012,30.995,8.790000000000001,6.69,8.11
48451,13,19,7,2012,31.74333333333334,5.55,4.45,5.28
48452,13,20,7,2012,32.57416666666666,0.63,0.47,0.56
48453,13,21,7,2012,33.06666666666667,1.18,1.2,1.27
48454,13,22,7,2012,33.30333333333334,4.01,3.36,3.91
48455,13,23,7,2012,32.69583333333333,9.29,6.3100000000000005,8.14
48456,14,0,7,2012,30.734999999999996,9.2,6.09,7.91
48457,14,1,7,2012,26.605,20.62,12.83,17.39
48458,14,2,7,2012,21.288333333333334,20.2,13.57,17.580000000000002
48459,14,3,7,2012,23.13083333333333,10.35,7.11,9.92
48460,14,4,7,2012,24.0475,11.15,5.96,8.97
48461,14,5,7,2012,23.301666666666666,11.33,4.2700000000000005,7.8900000000000015
48462,14,6,7,2012,22.868333333333336,8.84,3.99,7.25
48463,14,7,7,2012,22.3625,6.74,3.41,6.09
48464,14,8,7,2012,21.191666666666666,5.49,2.98,5.03
48465,14,9,7,2012,21.366666666666664,5.5,3.15,5.18
48466,14,10,7,2012,20.763333333333335,5.15,2.88,4.89
48467,14,11,7,2012,20.868333333333336,5.43,2.92,4.88
48468,14,12,7,2012,22.37166666666667,4.74,2.63,4.22
48469,14,13,7,2012,24.4425,3.53,1.89,1.98
48470,14,14,7,2012,26.892500000000002,1.7,1.21,1.48
48471,14,15,7,2012,29.27916666666667,1.92,1.44,1.73
48472,14,16,7,2012,30.6375,1.43,1.11,1.31
48473,14,17,7,2012,31.597499999999993,0.67,0.76,0.77
48474,14,18,7,2012,32.3225,1.24,1.29,1.35
48475,14,19,7,2012,32.948333333333345,1.34,1.38,1.46
48476,14,20,7,2012,33.42666666666667,1.84,1.8,1.94
48477,14,21,7,2012,33.72083333333334,2.22,1.94,2.18
48478,14,22,7,2012,33.776666666666664,1.97,1.84,2.02
48479,14,23,7,2012,33.74583333333334,2.38,2.01,2.34
48480,15,0,7,2012,32.964999999999996,5.26,2.65,4.54
48481,15,1,7,2012,30.99083333333333,5.03,2.75,4.89
48482,15,2,7,2012,29.880833333333328,7.37,3.67,6.53
48483,15,3,7,2012,29.097499999999997,7.8,3.51,6.69
48484,15,4,7,2012,28.664999999999996,8.06,4.26,7.11
48485,15,5,7,2012,27.900000000000006,9.73,4.46,7.69
48486,15,6,7,2012,27.3275,11.98,5.25,8.56
48487,15,7,7,2012,26.638333333333335,11.96,5.0600000000000005,8.67
48488,15,8,7,2012,25.947500000000005,11.88,5.33,8.82
48489,15,9,7,2012,25.413333333333327,11.54,5.5200000000000005,8.78
48490,15,10,7,2012,24.7025,11.24,5.44,8.51
48491,15,11,7,2012,24.160833333333333,10.96,5.64,8.4
48492,15,12,7,2012,24.9575,10.27,5.49,7.69
48493,15,13,7,2012,27.07083333333333,8.42,5.53,6.7
48494,15,14,7,2012,29.11583333333333,6.79,5.16,6.25
48495,15,15,7,2012,31.004999999999995,6.33,4.69,5.74
48496,15,16,7,2012,32.17250000000001,5.87,4.3500000000000005,5.3100000000000005
48497,15,17,7,2012,32.9525,5.54,4.26,5.12
48498,15,18,7,2012,33.54416666666667,5.87,4.53,5.43
48499,15,19,7,2012,33.94833333333334,6.25,4.88,5.82
48500,15,20,7,2012,34.32833333333334,6.58,4.86,5.95
48501,15,21,7,2012,34.4425,7.33,5.46,6.66
48502,15,22,7,2012,34.23833333333334,8.620000000000001,6.4,7.9
48503,15,23,7,2012,34.01833333333333,7.35,5.2700000000000005,6.5600000000000005
48504,16,0,7,2012,32.762499999999996,9.21,5.22,7.15
48505,16,1,7,2012,30.30416666666666,10.71,4.36,7.9
48506,16,2,7,2012,28.92,12.46,5.39,8.94
48507,16,3,7,2012,27.877499999999998,12.44,5.64,9.07
48508,16,4,7,2012,26.825,12.26,5.59,8.99
48509,16,5,7,2012,26.140833333333337,12.43,5.55,9.01
48510,16,6,7,2012,25.224999999999998,14.08,6.22,9.78
48511,16,7,7,2012,24.242499999999996,14.06,6.34,9.8
48512,16,8,7,2012,23.42916666666667,14.02,6.41,9.79
48513,16,9,7,2012,22.82166666666667,12.63,4.86,8.24
48514,16,10,7,2012,22.42833333333333,12.22,5.0200000000000005,8.0
48515,16,11,7,2012,22.271666666666665,11.43,5.22,8.0
48516,16,12,7,2012,23.686666666666667,9.25,5.14,6.96
48517,16,13,7,2012,25.454166666666666,6.8500000000000005,5.09,6.2
48518,16,14,7,2012,27.11666666666667,6.37,4.69,5.76
48519,16,15,7,2012,28.41333333333333,6.6400000000000015,4.9,5.98
48520,16,16,7,2012,29.584999999999997,6.61,4.86,5.95
48521,16,17,7,2012,30.459999999999994,6.44,4.84,5.87
48522,16,18,7,2012,31.17833333333333,7.0600000000000005,5.34,6.47
48523,16,19,7,2012,31.662500000000005,8.49,6.04,7.57
48524,16,20,7,2012,31.714166666666667,8.39,6.48,7.87
48525,16,21,7,2012,32.56249999999999,7.28,5.36,6.55
48526,16,22,7,2012,32.64833333333333,8.870000000000003,6.45,8.03
48527,16,23,7,2012,32.56333333333334,8.27,5.8500000000000005,7.28
48528,17,0,7,2012,31.97666666666667,8.45,5.83,7.5
48529,17,1,7,2012,30.0525,10.8,4.07,7.55
48530,17,2,7,2012,29.00083333333333,11.86,4.67,7.84
48531,17,3,7,2012,28.245000000000005,12.36,5.13,8.290000000000001
48532,17,4,7,2012,27.957499999999996,12.49,5.69,8.76
48533,17,5,7,2012,27.191666666666666,12.7,5.67,8.76
48534,17,6,7,2012,26.4575,12.65,5.48,8.63
48535,17,7,7,2012,25.965833333333336,12.43,5.26,8.36
48536,17,8,7,2012,25.310833333333335,12.5,5.21,8.34
48537,17,9,7,2012,24.660833333333333,12.13,5.25,8.26
48538,17,10,7,2012,24.278333333333325,12.53,5.74,8.72
48539,17,11,7,2012,23.9875,12.49,6.26,8.89
48540,17,12,7,2012,25.781666666666666,11.61,6.55,8.86
48541,17,13,7,2012,27.478333333333335,8.71,6.44,7.9
48542,17,14,7,2012,29.008333333333326,8.19,6.09,7.45
48543,17,15,7,2012,30.5725,8.47,6.21,7.65
48544,17,16,7,2012,31.775833333333328,7.61,5.61,6.87
48545,17,17,7,2012,32.96333333333333,6.7,4.94,6.0200000000000005
48546,17,18,7,2012,33.80166666666666,6.3,4.69,5.69
48547,17,19,7,2012,34.51916666666667,6.12,4.54,5.5200000000000005
48548,17,20,7,2012,35.08916666666667,5.98,4.44,5.39
48549,17,21,7,2012,35.64666666666667,5.8500000000000005,4.3,5.23
48550,17,22,7,2012,35.794999999999995,7.0600000000000005,5.18,6.38
48551,17,23,7,2012,35.658333333333324,6.78,4.9,6.1000000000000005
48552,18,0,7,2012,34.69666666666667,8.540000000000001,3.86,6.58
48553,18,1,7,2012,32.582499999999996,10.61,4.46,8.0
48554,18,2,7,2012,31.194166666666664,11.88,4.72,8.58
48555,18,3,7,2012,29.98166666666667,12.42,5.11,8.77
48556,18,4,7,2012,29.297500000000003,13.06,6.09,9.4
48557,18,5,7,2012,28.315833333333334,13.67,5.5200000000000005,9.09
48558,18,6,7,2012,27.79416666666667,13.92,5.47,8.96
48559,18,7,7,2012,27.571666666666662,14.24,6.34,9.79
48560,18,8,7,2012,27.327500000000004,13.8,5.99,9.33
48561,18,9,7,2012,26.9475,14.22,6.4,9.75
48562,18,10,7,2012,26.71916666666667,14.92,6.8900000000000015,10.42
48563,18,11,7,2012,27.02416666666667,15.48,8.01,11.47
48564,18,12,7,2012,28.41,14.26,8.25,10.9
48565,18,13,7,2012,29.590000000000003,11.91,7.52,9.3
48566,18,14,7,2012,31.154999999999998,10.39,7.65,9.42
48567,18,15,7,2012,32.87250000000001,10.54,7.71,9.51
48568,18,16,7,2012,34.419999999999995,9.99,7.3,8.99
48569,18,17,7,2012,35.69333333333334,10.04,7.34,9.05
48570,18,18,7,2012,36.77166666666667,9.98,7.2,8.91
48571,18,19,7,2012,35.62916666666667,9.07,6.8900000000000015,8.35
48572,18,20,7,2012,37.759166666666665,8.55,6.17,7.67
48573,18,21,7,2012,31.834166666666665,15.1,9.8,12.56
48574,18,22,7,2012,27.3125,16.02,10.38,13.67
48575,18,23,7,2012,31.45916666666666,14.67,10.2,13.57
48576,19,0,7,2012,31.581666666666663,9.87,5.61,8.35
48577,19,1,7,2012,29.60666666666667,11.63,4.17,7.41
48578,19,2,7,2012,28.7325,14.42,6.95,11.04
48579,19,3,7,2012,28.44,13.9,7.03,10.72
48580,19,4,7,2012,27.573333333333338,12.54,5.61,9.5
48581,19,5,7,2012,26.995833333333334,9.89,4.8,7.86
48582,19,6,7,2012,27.048333333333332,8.83,4.54,7.35
48583,19,7,7,2012,26.77583333333334,8.13,4.6000000000000005,7.19
48584,19,8,7,2012,25.682499999999994,5.98,3.96,5.87
48585,19,9,7,2012,25.54416666666667,6.45,2.99,5.54
48586,19,10,7,2012,25.23166666666667,5.39,2.33,4.58
48587,19,11,7,2012,24.00666666666667,4.43,1.76,3.17
48588,19,12,7,2012,25.235,4.09,2.3000000000000003,3.09
48589,19,13,7,2012,27.349166666666665,3.12,2.78,3.16
48590,19,14,7,2012,28.6875,3.49,2.92,3.4
48591,19,15,7,2012,30.49166666666667,3.95,3.16,3.71
48592,19,16,7,2012,32.29500000000001,3.99,3.14,3.71
48593,19,17,7,2012,33.556666666666665,4.64,3.62,4.28
48594,19,18,7,2012,34.75833333333334,5.18,4.0,4.7700000000000005
48595,19,19,7,2012,35.58916666666667,5.22,4.05,4.8100000000000005
48596,19,20,7,2012,36.26666666666666,5.7,4.42,5.28
48597,19,21,7,2012,36.585,5.57,4.3,5.14
48598,19,22,7,2012,36.638333333333335,5.26,3.96,4.8
48599,19,23,7,2012,36.22833333333333,5.36,4.0600000000000005,4.93
48600,20,0,7,2012,34.91416666666667,6.07,3.54,4.89
48601,20,1,7,2012,32.152499999999996,7.32,2.17,4.75
48602,20,2,7,2012,29.73333333333333,8.05,1.69,4.8500000000000005
48603,20,3,7,2012,28.712500000000002,8.8,1.76,5.08
48604,20,4,7,2012,27.669999999999998,8.44,1.99,5.25
48605,20,5,7,2012,26.454166666666666,7.09,1.83,4.87
48606,20,6,7,2012,25.117500000000003,6.43,1.74,4.24
48607,20,7,7,2012,24.11916666666667,6.61,1.8,4.2
48608,20,8,7,2012,23.06833333333333,6.65,2.03,4.73
48609,20,9,7,2012,22.195833333333336,6.8900000000000015,2.05,4.68
48610,20,10,7,2012,21.90166666666667,5.64,1.86,3.96
48611,20,11,7,2012,21.47333333333333,6.07,1.9,4.51
48612,20,12,7,2012,22.090000000000003,5.61,2.8000000000000003,3.88
48613,20,13,7,2012,24.265833333333337,4.22,3.16,3.75
48614,20,14,7,2012,26.093333333333334,3.9,3.17,3.69
48615,20,15,7,2012,27.611666666666665,3.85,3.16,3.67
48616,20,16,7,2012,29.164999999999996,3.9,3.22,3.73
48617,20,17,7,2012,30.418333333333337,5.14,4.18,4.88
48618,20,18,7,2012,31.401666666666667,4.64,3.72,4.36
48619,20,19,7,2012,32.37833333333334,4.86,3.85,4.54
48620,20,20,7,2012,33.1925,4.87,3.83,4.53
48621,20,21,7,2012,33.82583333333333,5.16,4.01,4.7700000000000005
48622,20,22,7,2012,33.955,5.93,4.63,5.5600000000000005
48623,20,23,7,2012,33.5525,6.1400000000000015,4.59,5.69
48624,21,0,7,2012,32.005,7.01,4.12,5.54
48625,21,1,7,2012,29.03916666666666,8.51,3.16,6.95
48626,21,2,7,2012,27.084999999999994,9.2,3.78,7.65
48627,21,3,7,2012,26.044999999999998,8.99,3.89,7.78
48628,21,4,7,2012,25.4075,9.66,4.03,7.94
48629,21,5,7,2012,24.275000000000006,10.44,3.89,7.96
48630,21,6,7,2012,23.57833333333333,10.47,4.26,7.9
48631,21,7,7,2012,23.13416666666667,10.37,4.57,8.26
48632,21,8,7,2012,22.484166666666667,10.2,4.54,8.05
48633,21,9,7,2012,22.02,10.93,4.9,8.23
48634,21,10,7,2012,21.464166666666667,10.23,4.73,8.3
48635,21,11,7,2012,20.730833333333333,10.0,4.51,7.7
48636,21,12,7,2012,21.578333333333333,9.31,4.6000000000000005,6.54
48637,21,13,7,2012,23.715833333333336,6.5200000000000005,3.89,4.71
48638,21,14,7,2012,25.916666666666668,5.26,3.93,4.7700000000000005
48639,21,15,7,2012,27.945000000000004,4.92,3.78,4.53
48640,21,16,7,2012,29.819999999999997,5.13,3.92,4.72
48641,21,17,7,2012,31.3475,4.61,3.51,4.21
48642,21,18,7,2012,32.67166666666667,4.14,3.19,3.8
48643,21,19,7,2012,33.98000000000001,4.67,3.58,4.28
48644,21,20,7,2012,34.845000000000006,4.83,3.65,4.39
48645,21,21,7,2012,35.61166666666667,5.36,4.15,4.97
48646,21,22,7,2012,35.891666666666666,5.7700000000000005,4.3,5.2700000000000005
48647,21,23,7,2012,35.64833333333334,6.69,4.7,5.96
48648,22,0,7,2012,34.21,7.0200000000000005,4.29,5.65
48649,22,1,7,2012,31.4325,10.49,4.36,8.51
48650,22,2,7,2012,29.85083333333333,11.17,4.45,8.5
48651,22,3,7,2012,28.971666666666664,11.47,4.95,8.72
48652,22,4,7,2012,28.36333333333333,12.46,5.64,9.32
48653,22,5,7,2012,27.699166666666667,12.58,5.86,9.41
48654,22,6,7,2012,27.19333333333333,12.74,6.1400000000000015,9.55
48655,22,7,7,2012,26.469166666666666,12.58,5.72,9.26
48656,22,8,7,2012,25.886666666666667,12.38,5.6000000000000005,9.15
48657,22,9,7,2012,25.345833333333335,12.51,5.8500000000000005,9.34
48658,22,10,7,2012,24.797500000000003,12.15,5.79,9.13
48659,22,11,7,2012,24.820833333333336,11.69,5.78,9.1
48660,22,12,7,2012,25.563333333333333,10.87,5.72,7.95
48661,22,13,7,2012,27.6925,7.55,4.19,5.01
48662,22,14,7,2012,30.38333333333333,5.8500000000000005,4.38,5.29
48663,22,15,7,2012,32.741666666666674,6.0200000000000005,4.4,5.39
48664,22,16,7,2012,34.2275,6.21,4.63,5.63
48665,22,17,7,2012,35.52916666666666,6.16,4.61,5.58
48666,22,18,7,2012,36.546666666666674,5.93,4.43,5.37
48667,22,19,7,2012,37.346666666666664,5.57,4.26,5.11
48668,22,20,7,2012,37.876666666666665,6.93,5.28,6.3900000000000015
48669,22,21,7,2012,38.208333333333336,7.58,5.59,6.86
48670,22,22,7,2012,38.1925,7.75,5.86,7.1400000000000015
48671,22,23,7,2012,37.8975,7.38,5.14,6.53
48672,23,0,7,2012,36.669999999999995,10.57,5.16,8.27
48673,23,1,7,2012,34.122499999999995,12.75,5.14,8.97
48674,23,2,7,2012,32.45666666666667,13.76,5.95,9.65
48675,23,3,7,2012,31.591666666666665,14.34,6.5,10.11
48676,23,4,7,2012,30.840000000000003,14.29,6.36,9.99
48677,23,5,7,2012,29.976666666666663,14.12,6.13,9.83
48678,23,6,7,2012,29.077499999999997,13.95,5.7,9.47
48679,23,7,7,2012,28.75916666666667,14.0,5.95,9.76
48680,23,8,7,2012,28.22833333333334,13.11,5.64,9.46
48681,23,9,7,2012,27.57416666666666,12.95,5.7,9.45
48682,23,10,7,2012,26.293333333333337,12.44,5.67,9.21
48683,23,11,7,2012,26.154999999999998,12.11,5.92,9.31
48684,23,12,7,2012,27.15416666666667,10.63,5.32,8.16
48685,23,13,7,2012,28.76,8.27,5.17,6.34
48686,23,14,7,2012,30.918333333333333,5.91,4.61,5.49
48687,23,15,7,2012,32.815000000000005,6.21,4.71,5.7
48688,23,16,7,2012,34.682500000000005,6.16,4.57,5.5600000000000005
48689,23,17,7,2012,35.723333333333336,6.05,4.5,5.47
48690,23,18,7,2012,36.490833333333335,6.2700000000000005,4.69,5.68
48691,23,19,7,2012,37.055,6.08,4.55,5.51
48692,23,20,7,2012,37.74166666666667,7.6400000000000015,5.79,6.99
48693,23,21,7,2012,38.24,8.07,6.03,7.37
48694,23,22,7,2012,38.21000000000001,8.11,6.12,7.49
48695,23,23,7,2012,37.795833333333334,8.43,6.03,7.56
48696,24,0,7,2012,36.3975,9.6,5.28,6.79
48697,24,1,7,2012,33.56166666666666,12.19,4.78,8.85
48698,24,2,7,2012,32.2175,13.68,5.94,9.73
48699,24,3,7,2012,31.4425,14.58,6.3500000000000005,10.24
48700,24,4,7,2012,30.133333333333336,13.97,5.89,9.66
48701,24,5,7,2012,29.29416666666667,14.0,5.54,9.19
48702,24,6,7,2012,28.809166666666666,13.98,5.58,9.26
48703,24,7,7,2012,28.249999999999996,14.12,5.2,9.01
48704,24,8,7,2012,27.560000000000002,13.88,5.0200000000000005,8.81
48705,24,9,7,2012,26.905833333333334,13.43,5.08,8.63
48706,24,10,7,2012,26.08,12.85,5.3100000000000005,8.73
48707,24,11,7,2012,25.72,12.81,5.51,8.86
48708,24,12,7,2012,27.134166666666673,11.98,6.44,8.86
48709,24,13,7,2012,28.742500000000003,8.42,6.23,7.6400000000000015
48710,24,14,7,2012,30.54166666666666,7.57,5.64,6.88
48711,24,15,7,2012,32.37916666666667,7.47,5.48,6.73
48712,24,16,7,2012,33.78833333333332,7.84,5.74,7.03
48713,24,17,7,2012,35.03083333333334,7.94,5.8100000000000005,7.12
48714,24,18,7,2012,35.9025,7.33,5.3500000000000005,6.54
48715,24,19,7,2012,36.693333333333335,7.66,5.63,6.88
48716,24,20,7,2012,37.07083333333333,9.04,6.7700000000000005,8.26
48717,24,21,7,2012,37.25666666666666,8.58,6.41,7.83
48718,24,22,7,2012,37.40083333333333,8.93,6.4,7.99
48719,24,23,7,2012,37.13166666666666,9.65,6.6000000000000005,8.49
48720,25,0,7,2012,36.14666666666667,10.15,6.7,8.59
48721,25,1,7,2012,33.73416666666667,12.7,4.99,8.74
48722,25,2,7,2012,31.91,14.68,6.1000000000000005,9.8
48723,25,3,7,2012,31.402500000000003,14.9,7.04,10.55
48724,25,4,7,2012,30.320000000000004,14.84,7.1400000000000015,10.61
48725,25,5,7,2012,29.49083333333333,14.61,7.26,10.65
48726,25,6,7,2012,29.040833333333335,14.95,7.47,10.91
48727,25,7,7,2012,28.534999999999997,14.77,7.36,10.73
48728,25,8,7,2012,27.962499999999995,14.8,7.37,10.78
48729,25,9,7,2012,27.444166666666664,14.26,6.94,10.22
48730,25,10,7,2012,26.823333333333334,14.33,6.84,10.15
48731,25,11,7,2012,26.491666666666664,14.23,7.46,10.52
48732,25,12,7,2012,27.986666666666665,13.9,8.49,11.21
48733,25,13,7,2012,29.590000000000003,11.62,8.36,10.43
48734,25,14,7,2012,31.22666666666666,11.52,8.34,10.35
48735,25,15,7,2012,32.99,10.73,7.76,9.63
48736,25,16,7,2012,34.722500000000004,10.31,7.44,9.22
48737,25,17,7,2012,36.2275,10.16,7.35,9.07
48738,25,18,7,2012,37.52333333333333,10.08,7.28,8.99
48739,25,19,7,2012,38.51916666666667,9.48,6.8500000000000005,8.44
48740,25,20,7,2012,39.13666666666666,9.54,6.88,8.5
48741,25,21,7,2012,39.49333333333333,9.42,6.78,8.38
48742,25,22,7,2012,39.59583333333334,9.24,6.5,8.120000000000001
48743,25,23,7,2012,39.37166666666667,9.33,6.43,8.120000000000001
48744,26,0,7,2012,38.14833333333333,10.96,6.2700000000000005,8.14
48745,26,1,7,2012,35.6775,13.78,5.34,9.51
48746,26,2,7,2012,35.37166666666667,13.31,6.16,9.88
48747,26,3,7,2012,32.842499999999994,13.14,7.1000000000000005,9.82
48748,26,4,7,2012,29.013333333333335,11.07,6.57,8.55
48749,26,5,7,2012,26.435833333333335,8.16,4.46,6.3500000000000005
48750,26,6,7,2012,26.479166666666668,11.84,6.43,9.16
48751,26,7,7,2012,26.223333333333333,15.05,9.61,12.63
48752,26,8,7,2012,24.851666666666663,11.67,7.37,9.73
48753,26,9,7,2012,24.331666666666663,9.27,5.61,7.46
48754,26,10,7,2012,23.792500000000004,7.34,4.05,5.76
48755,26,11,7,2012,22.939166666666665,7.69,4.47,6.11
48756,26,12,7,2012,23.661666666666665,6.24,3.67,4.9
48757,26,13,7,2012,24.29166666666666,5.21,4.0,4.82
48758,26,14,7,2012,25.679166666666664,4.93,3.85,4.58
48759,26,15,7,2012,27.631666666666664,4.87,3.69,4.43
48760,26,16,7,2012,29.424999999999997,4.5200000000000005,3.43,4.11
48761,26,17,7,2012,31.095,4.59,3.52,4.19
48762,26,18,7,2012,32.78416666666667,5.08,3.93,4.68
48763,26,19,7,2012,33.97833333333333,4.91,3.78,4.5
48764,26,20,7,2012,34.68333333333334,5.41,4.17,4.97
48765,26,21,7,2012,35.1525,5.88,4.32,5.26
48766,26,22,7,2012,35.27250000000001,6.6000000000000005,4.96,6.01
48767,26,23,7,2012,35.29,6.8,4.92,6.11
48768,27,0,7,2012,34.137499999999996,5.34,3.23,4.1
48769,27,1,7,2012,31.200833333333335,5.97,2.62,4.82
48770,27,2,7,2012,29.669166666666666,6.45,2.87,6.04
48771,27,3,7,2012,28.485000000000003,6.51,2.92,5.65
48772,27,4,7,2012,27.995,7.42,3.18,6.1400000000000015
48773,27,5,7,2012,26.660000000000007,8.05,4.0200000000000005,6.91
48774,27,6,7,2012,25.436666666666664,9.23,4.54,7.94
48775,27,7,7,2012,23.959166666666665,10.1,4.5600000000000005,7.84
48776,27,8,7,2012,23.569166666666664,9.92,3.58,7.1400000000000015
48777,27,9,7,2012,22.675833333333333,10.15,4.09,7.38
48778,27,10,7,2012,21.529999999999998,10.32,3.85,7.11
48779,27,11,7,2012,21.171666666666667,10.12,4.54,7.57
48780,27,12,7,2012,21.74166666666667,9.86,4.61,6.88
48781,27,13,7,2012,23.10083333333333,6.5600000000000005,4.93,5.97
48782,27,14,7,2012,24.429166666666664,7.61,5.66,6.8900000000000015
48783,27,15,7,2012,25.715,7.18,5.37,6.51
48784,27,16,7,2012,26.905,7.01,5.28,6.38
48785,27,17,7,2012,27.98333333333333,5.91,4.54,5.44
48786,27,18,7,2012,29.242500000000003,5.04,3.89,4.64
48787,27,19,7,2012,30.507499999999997,5.01,3.83,4.57
48788,27,20,7,2012,31.325833333333335,5.0200000000000005,3.84,4.59
48789,27,21,7,2012,31.889999999999997,5.08,3.88,4.65
48790,27,22,7,2012,32.071666666666665,5.18,3.95,4.74
48791,27,23,7,2012,31.84833333333334,5.0,3.83,4.61
48792,28,0,7,2012,30.766666666666666,4.49,3.02,3.95
48793,28,1,7,2012,27.005,5.6000000000000005,2.11,3.85
48794,28,2,7,2012,24.467500000000005,6.33,1.27,4.0
48795,28,3,7,2012,23.554166666666664,5.54,1.54,3.49
48796,28,4,7,2012,22.735,5.17,1.54,3.43
48797,28,5,7,2012,21.8775,5.3,1.51,3.38
48798,28,6,7,2012,20.553333333333335,6.51,1.97,4.43
48799,28,7,7,2012,19.331666666666667,9.23,2.3000000000000003,5.97
48800,28,8,7,2012,18.953333333333337,10.46,3.0,6.71
48801,28,9,7,2012,19.390833333333337,10.3,3.69,7.15
48802,28,10,7,2012,19.13583333333333,10.02,3.62,7.2
48803,28,11,7,2012,18.54583333333333,9.67,3.93,6.95
48804,28,12,7,2012,20.44666666666667,9.32,4.3500000000000005,6.45
48805,28,13,7,2012,22.03916666666667,6.2700000000000005,4.68,5.66
48806,28,14,7,2012,24.916666666666668,6.36,4.78,5.78
48807,28,15,7,2012,27.424999999999997,5.64,4.29,5.15
48808,28,16,7,2012,29.284166666666664,5.36,4.12,4.91
48809,28,17,7,2012,30.78916666666667,5.5,4.2700000000000005,5.0600000000000005
48810,28,18,7,2012,32.3025,5.16,3.96,4.72
48811,28,19,7,2012,33.46750000000001,5.39,4.11,4.91
48812,28,20,7,2012,34.55083333333334,6.16,4.65,5.59
48813,28,21,7,2012,35.26583333333334,6.69,5.0200000000000005,6.07
48814,28,22,7,2012,35.66,7.71,5.61,6.92
48815,28,23,7,2012,35.54333333333334,9.58,6.63,8.44
48816,29,0,7,2012,34.30666666666667,10.7,6.69,8.55
48817,29,1,7,2012,31.605,14.08,7.1000000000000005,10.46
48818,29,2,7,2012,29.96083333333333,14.83,7.58,10.97
48819,29,3,7,2012,28.767500000000002,14.59,7.53,10.87
48820,29,4,7,2012,28.0575,14.96,7.57,10.96
48821,29,5,7,2012,28.00083333333333,15.16,8.61,11.63
48822,29,6,7,2012,27.600000000000005,15.44,8.41,11.61
48823,29,7,7,2012,26.769166666666667,15.29,8.14,11.45
48824,29,8,7,2012,26.274166666666662,15.18,7.82,11.04
48825,29,9,7,2012,25.78333333333333,13.89,6.9,10.02
48826,29,10,7,2012,25.459999999999997,12.43,6.44,9.38
48827,29,11,7,2012,24.91083333333333,12.06,6.28,9.02
48828,29,12,7,2012,27.24083333333333,11.58,5.71,8.43
48829,29,13,7,2012,30.0025,9.2,5.59,6.96
48830,29,14,7,2012,32.75916666666667,8.27,6.07,7.44
48831,29,15,7,2012,34.52166666666667,7.85,5.8,7.08
48832,29,16,7,2012,36.02583333333333,6.75,4.99,6.0600000000000005
48833,29,17,7,2012,37.07833333333333,4.99,3.79,4.53
48834,29,18,7,2012,38.092499999999994,4.46,3.37,4.03
48835,29,19,7,2012,38.805,4.9,3.79,4.5
48836,29,20,7,2012,39.42250000000001,5.13,3.95,4.7
48837,29,21,7,2012,39.63,5.8,4.49,5.36
48838,29,22,7,2012,39.69416666666667,5.58,4.28,5.14
48839,29,23,7,2012,39.33916666666668,5.75,4.1,5.15
48840,30,0,7,2012,37.49083333333334,7.88,3.98,6.2700000000000005
48841,30,1,7,2012,33.568333333333335,9.82,3.45,6.97
48842,30,2,7,2012,30.309166666666666,9.57,2.6,6.7700000000000005
48843,30,3,7,2012,28.996666666666666,9.32,2.28,6.49
48844,30,4,7,2012,28.351666666666663,8.97,2.33,6.19
48845,30,5,7,2012,27.393333333333334,7.69,1.95,5.21
48846,30,6,7,2012,26.254166666666666,6.3900000000000015,1.94,4.29
48847,30,7,7,2012,25.929166666666664,6.78,2.46,4.51
48848,30,8,7,2012,25.526666666666667,8.07,4.79,6.49
48849,30,9,7,2012,24.879166666666666,6.76,2.6,4.66
48850,30,10,7,2012,23.61916666666667,8.21,3.67,6.16
48851,30,11,7,2012,22.86,4.83,1.2,2.79
48852,30,12,7,2012,23.895,4.69,2.2,2.98
48853,30,13,7,2012,25.83916666666667,4.43,2.58,2.99
48854,30,14,7,2012,28.150833333333335,3.98,3.22,3.77
48855,30,15,7,2012,29.553333333333338,4.71,3.83,4.47
48856,30,16,7,2012,31.25166666666667,4.0600000000000005,3.24,3.79
48857,30,17,7,2012,32.95333333333333,3.94,3.3000000000000003,3.79
48858,30,18,7,2012,34.45333333333333,3.12,2.77,3.1
48859,30,19,7,2012,35.54500000000001,2.95,2.67,2.97
48860,30,20,7,2012,36.47,3.27,2.83,3.21
48861,30,21,7,2012,36.4575,6.3100000000000005,5.36,6.22
48862,30,22,7,2012,36.745000000000005,3.22,2.57,3.0
48863,30,23,7,2012,36.69,4.45,3.46,4.15
48864,31,0,7,2012,35.4725,5.45,3.24,5.05
48865,31,1,7,2012,33.086666666666666,5.1000000000000005,3.21,5.16
48866,31,2,7,2012,30.602500000000006,2.89,1.81,3.01
48867,31,3,7,2012,29.43916666666667,2.67,1.36,2.43
48868,31,4,7,2012,29.004166666666666,4.3,2.27,4.26
48869,31,5,7,2012,28.824166666666667,3.85,2.14,3.73
48870,31,6,7,2012,27.46416666666666,5.15,2.63,4.82
48871,31,7,7,2012,26.33,4.94,2.72,4.94
48872,31,8,7,2012,24.7675,2.56,0.8,1.77
48873,31,9,7,2012,22.784166666666664,1.64,1.32,1.96
48874,31,10,7,2012,22.56416666666667,2.98,1.69,3.13
48875,31,11,7,2012,22.995,3.44,2.12,3.47
48876,31,12,7,2012,25.471666666666668,2.76,1.99,3.01
48877,31,13,7,2012,27.093333333333334,2.5500000000000003,2.4,2.67
48878,31,14,7,2012,28.55333333333333,2.62,2.39,2.68
48879,31,15,7,2012,30.84,3.49,2.87,3.33
48880,31,16,7,2012,32.405,4.18,3.39,3.95
48881,31,17,7,2012,33.81250000000001,4.63,3.69,4.32
48882,31,18,7,2012,35.33166666666667,4.8500000000000005,3.81,4.47
48883,31,19,7,2012,36.432500000000005,4.8100000000000005,3.75,4.42
48884,31,20,7,2012,37.15583333333333,4.93,3.85,4.54
48885,31,21,7,2012,37.501666666666665,5.0,3.93,4.64
48886,31,22,7,2012,37.64333333333334,5.2,4.03,4.79
48887,31,23,7,2012,37.583333333333336,5.04,3.82,4.58
48888,1,0,8,2012,36.12166666666666,6.09,3.65,4.82
48889,1,1,8,2012,32.473333333333336,8.73,3.2,7.0600000000000005
48890,1,2,8,2012,30.182500000000005,9.67,2.67,6.53
48891,1,3,8,2012,28.899166666666662,9.54,2.69,6.59
48892,1,4,8,2012,28.168333333333333,7.36,2.77,5.91
48893,1,5,8,2012,27.581666666666663,7.58,2.78,5.97
48894,1,6,8,2012,26.274166666666662,6.46,1.95,4.51
48895,1,7,8,2012,24.933333333333334,7.76,2.23,5.0
48896,1,8,8,2012,24.241666666666664,8.77,2.03,5.3500000000000005
48897,1,9,8,2012,23.560000000000002,9.04,2.13,5.44
48898,1,10,8,2012,22.650000000000002,9.42,2.09,5.73
48899,1,11,8,2012,22.108333333333334,9.68,2.59,5.23
48900,1,12,8,2012,23.396666666666672,9.04,3.69,5.54
48901,1,13,8,2012,25.87166666666667,6.84,4.11,4.93
48902,1,14,8,2012,28.35166666666667,6.28,4.71,5.7
48903,1,15,8,2012,30.47583333333333,6.98,5.23,6.33
48904,1,16,8,2012,32.24,7.11,5.32,6.44
48905,1,17,8,2012,33.50083333333333,7.35,5.49,6.66
48906,1,18,8,2012,34.39666666666667,7.54,5.63,6.82
48907,1,19,8,2012,34.95,8.02,5.95,7.25
48908,1,20,8,2012,35.25416666666667,8.05,5.92,7.24
48909,1,21,8,2012,35.344166666666666,8.1,5.95,7.29
48910,1,22,8,2012,35.11166666666667,8.08,5.8500000000000005,7.22
48911,1,23,8,2012,34.626666666666665,8.33,5.89,7.44
48912,2,0,8,2012,33.305,8.93,5.3500000000000005,7.12
48913,2,1,8,2012,31.53833333333333,11.0,4.17,7.54
48914,2,2,8,2012,30.442500000000006,11.04,3.82,7.18
48915,2,3,8,2012,29.438333333333333,11.05,4.0600000000000005,7.16
48916,2,4,8,2012,28.45166666666667,12.05,3.45,7.0200000000000005
48917,2,5,8,2012,28.235,12.16,4.8,7.96
48918,2,6,8,2012,27.235,10.46,4.22,6.96
48919,2,7,8,2012,26.90416666666667,10.22,4.23,7.17
48920,2,8,8,2012,23.235833333333336,17.18,12.29,15.74
48921,2,9,8,2012,20.33416666666667,11.0,5.62,8.01
48922,2,10,8,2012,20.401666666666667,6.0600000000000005,4.3100000000000005,5.38
48923,2,11,8,2012,20.384166666666665,5.96,3.7,5.08
48924,2,12,8,2012,20.738333333333333,6.32,4.1,5.58
48925,2,13,8,2012,22.190833333333334,3.69,3.08,3.58
48926,2,14,8,2012,23.515833333333333,4.13,3.43,4.0
48927,2,15,8,2012,25.579166666666666,2.65,2.14,2.49
48928,2,16,8,2012,27.464166666666667,2.54,2.07,2.39
48929,2,17,8,2012,28.846666666666668,3.16,2.53,2.95
48930,2,18,8,2012,29.88166666666667,3.49,2.81,3.27
48931,2,19,8,2012,30.489166666666666,3.97,3.21,3.74
48932,2,20,8,2012,30.990833333333338,4.22,3.38,3.97
48933,2,21,8,2012,31.320000000000004,4.0,3.23,3.77
48934,2,22,8,2012,31.524166666666662,3.56,2.87,3.35
48935,2,23,8,2012,31.396666666666665,3.64,2.91,3.44
48936,3,0,8,2012,30.50166666666667,4.0,2.88,3.86
48937,3,1,8,2012,28.252499999999998,5.28,2.28,4.55
48938,3,2,8,2012,26.778333333333325,4.95,1.47,3.69
48939,3,3,8,2012,26.132500000000004,4.2,1.31,2.87
48940,3,4,8,2012,26.038333333333338,4.3100000000000005,1.16,2.65
48941,3,5,8,2012,25.43083333333334,4.0,1.39,2.88
48942,3,6,8,2012,25.038333333333338,3.04,0.56,1.6
48943,3,7,8,2012,24.930833333333336,3.39,0.96,2.14
48944,3,8,8,2012,24.72,3.89,1.28,2.68
48945,3,9,8,2012,23.52333333333333,4.5,2.23,3.74
48946,3,10,8,2012,23.1975,4.32,1.98,3.5
48947,3,11,8,2012,23.392500000000002,4.03,2.3000000000000003,3.1
48948,3,12,8,2012,24.2475,5.3500000000000005,4.04,5.0
48949,3,13,8,2012,25.195833333333336,5.25,2.83,3.99
48950,3,14,8,2012,25.898333333333337,3.39,2.87,3.34
48951,3,15,8,2012,25.3325,4.42,3.35,3.81
48952,3,16,8,2012,27.628333333333334,3.23,2.45,2.91
48953,3,17,8,2012,29.763333333333335,3.61,2.76,3.28
48954,3,18,8,2012,31.31416666666667,3.95,3.17,3.72
48955,3,19,8,2012,32.74833333333333,4.53,3.51,4.16
48956,3,20,8,2012,33.77583333333334,6.88,5.22,6.32
48957,3,21,8,2012,33.75083333333333,7.18,5.5,6.63
48958,3,22,8,2012,33.72083333333333,7.73,5.54,6.95
48959,3,23,8,2012,33.16250000000001,7.5,5.37,6.7
48960,4,0,8,2012,31.528333333333336,7.9,4.5,6.25
48961,4,1,8,2012,29.482499999999998,10.33,4.48,7.55
48962,4,2,8,2012,27.766666666666666,11.14,3.12,6.61
48963,4,3,8,2012,27.68416666666667,12.62,5.23,8.48
48964,4,4,8,2012,27.882500000000004,12.73,4.83,8.05
48965,4,5,8,2012,27.36916666666666,12.99,4.99,8.3
48966,4,6,8,2012,27.150833333333328,12.6,4.79,8.07
48967,4,7,8,2012,27.184166666666666,12.48,7.26,9.81
48968,4,8,8,2012,26.666666666666668,9.07,4.79,7.19
48969,4,9,8,2012,26.575833333333332,14.55,8.47,11.54
48970,4,10,8,2012,23.308333333333334,12.58,8.11,10.83
48971,4,11,8,2012,21.356666666666666,11.23,5.71,8.15
48972,4,12,8,2012,22.069999999999997,8.44,3.39,5.33
48973,4,13,8,2012,23.88,6.87,5.33,6.42
48974,4,14,8,2012,24.514166666666668,10.18,7.73,9.43
48975,4,15,8,2012,24.824166666666667,9.3,6.88,8.42
48976,4,16,8,2012,26.034999999999997,9.49,7.0600000000000005,8.620000000000001
48977,4,17,8,2012,27.236666666666665,8.91,6.61,8.06
48978,4,18,8,2012,27.697499999999994,10.83,7.99,9.8
48979,4,19,8,2012,27.79416666666667,10.14,7.46,9.16
48980,4,20,8,2012,26.411666666666665,9.31,6.8900000000000015,8.43
48981,4,21,8,2012,25.331666666666667,9.08,6.86,8.33
48982,4,22,8,2012,26.319166666666664,8.05,5.69,7.2
48983,4,23,8,2012,26.253333333333334,9.65,5.36,7.59
48984,5,0,8,2012,25.265833333333333,10.67,7.07,9.26
48985,5,1,8,2012,23.9725,9.23,4.17,6.8100000000000005
48986,5,2,8,2012,22.718333333333334,9.36,4.1,6.84
48987,5,3,8,2012,21.935000000000002,8.01,3.63,6.65
48988,5,4,8,2012,20.984166666666663,7.95,3.73,6.6400000000000015
48989,5,5,8,2012,20.12,7.86,3.67,6.68
48990,5,6,8,2012,19.256666666666664,6.18,3.17,5.73
48991,5,7,8,2012,18.749166666666667,6.09,3.18,5.5
48992,5,8,8,2012,18.37,7.62,3.87,6.37
48993,5,9,8,2012,17.32166666666667,8.950000000000003,3.81,7.0
48994,5,10,8,2012,16.258333333333336,8.120000000000001,3.21,6.62
48995,5,11,8,2012,15.793333333333335,7.46,3.33,5.9
48996,5,12,8,2012,16.923333333333332,6.42,3.01,4.58
48997,5,13,8,2012,18.6425,5.44,2.63,3.12
48998,5,14,8,2012,20.57,3.53,2.78,3.27
48999,5,15,8,2012,22.140833333333333,3.84,2.99,3.5500000000000003
49000,5,16,8,2012,23.59,4.63,3.63,4.3100000000000005
49001,5,17,8,2012,24.69583333333333,4.73,3.68,4.38
49002,5,18,8,2012,25.80083333333334,5.63,4.33,5.19
49003,5,19,8,2012,26.659999999999997,5.47,4.18,5.0200000000000005
49004,5,20,8,2012,27.32083333333333,5.12,3.92,4.7
49005,5,21,8,2012,27.51,5.0200000000000005,3.88,4.64
49006,5,22,8,2012,27.465,4.65,3.62,4.33
49007,5,23,8,2012,27.103333333333335,4.2,3.0500000000000003,3.78
49008,6,0,8,2012,25.575833333333335,4.3100000000000005,2.9,3.72
49009,6,1,8,2012,22.790833333333335,4.82,1.73,3.62
49010,6,2,8,2012,21.209999999999997,4.8500000000000005,1.19,2.98
49011,6,3,8,2012,20.819166666666668,4.39,1.41,3.03
49012,6,4,8,2012,20.509999999999998,4.53,1.52,3.2
49013,6,5,8,2012,20.2075,4.83,1.85,3.62
49014,6,6,8,2012,19.680833333333336,5.18,2.05,3.99
49015,6,7,8,2012,18.760833333333334,5.62,2.33,4.3500000000000005
49016,6,8,8,2012,18.656666666666666,5.57,2.24,4.15
49017,6,9,8,2012,18.397500000000004,6.09,2.76,4.91
49018,6,10,8,2012,17.874166666666667,6.84,2.95,5.66
49019,6,11,8,2012,17.732499999999998,7.6,3.5,6.25
49020,6,12,8,2012,19.73,8.03,4.0,6.19
49021,6,13,8,2012,21.748333333333335,7.12,3.42,4.39
49022,6,14,8,2012,23.894166666666667,5.3100000000000005,4.14,4.92
49023,6,15,8,2012,26.17333333333333,5.14,3.93,4.72
49024,6,16,8,2012,27.97916666666667,5.34,4.1,4.92
49025,6,17,8,2012,29.439166666666665,4.73,3.63,4.34
49026,6,18,8,2012,30.640833333333333,4.68,3.5700000000000003,4.2700000000000005
49027,6,19,8,2012,31.60000000000001,4.84,3.68,4.41
49028,6,20,8,2012,32.267500000000005,5.0,3.79,4.55
49029,6,21,8,2012,32.64416666666667,5.2700000000000005,3.95,4.8
49030,6,22,8,2012,32.6475,5.57,4.08,5.0200000000000005
49031,6,23,8,2012,32.22666666666667,6.01,4.18,5.3100000000000005
49032,7,0,8,2012,30.335000000000004,8.99,3.85,7.32
49033,7,1,8,2012,27.854166666666668,11.19,4.54,8.38
49034,7,2,8,2012,27.0475,11.98,5.2700000000000005,8.9
49035,7,3,8,2012,26.235833333333332,12.34,5.54,9.11
49036,7,4,8,2012,25.625833333333333,12.27,5.86,9.36
49037,7,5,8,2012,25.359166666666667,12.75,6.24,9.64
49038,7,6,8,2012,25.3575,12.73,6.12,9.56
49039,7,7,8,2012,25.0275,12.09,5.68,9.15
49040,7,8,8,2012,24.593333333333337,12.04,5.66,9.02
49041,7,9,8,2012,23.881666666666664,11.35,5.2,8.64
49042,7,10,8,2012,23.768333333333334,11.23,5.23,8.620000000000001
49043,7,11,8,2012,23.270833333333332,10.84,5.29,8.31
49044,7,12,8,2012,24.1675,10.15,5.01,7.8900000000000015
49045,7,13,8,2012,25.860833333333332,8.97,4.66,6.48
49046,7,14,8,2012,28.728333333333335,7.68,4.01,4.73
49047,7,15,8,2012,31.24333333333333,6.09,4.65,5.6000000000000005
49048,7,16,8,2012,32.9325,5.59,4.28,5.15
49049,7,17,8,2012,34.119166666666665,5.29,3.98,4.8
49050,7,18,8,2012,33.84583333333334,9.49,6.84,8.63
49051,7,19,8,2012,32.387499999999996,9.77,7.2,8.88
49052,7,20,8,2012,32.73416666666667,8.94,6.5600000000000005,8.07
49053,7,21,8,2012,33.49,6.82,5.04,6.15
49054,7,22,8,2012,33.919999999999995,5.38,4.0,4.88
49055,7,23,8,2012,33.85166666666667,3.87,2.83,3.47
49056,8,0,8,2012,29.59833333333333,18.03,11.95,15.2
49057,8,1,8,2012,22.973333333333333,11.18,6.67,8.98
49058,8,2,8,2012,21.7825,8.28,4.5200000000000005,6.43
49059,8,3,8,2012,22.213333333333335,13.1,8.48,11.44
49060,8,4,8,2012,23.224999999999998,10.1,6.45,8.5
49061,8,5,8,2012,21.336666666666662,9.07,6.11,8.2
49062,8,6,8,2012,22.769999999999996,9.88,6.49,8.870000000000003
49063,8,7,8,2012,22.415833333333335,11.38,6.96,9.28
49064,8,8,8,2012,21.963333333333335,11.25,5.19,7.96
49065,8,9,8,2012,22.625833333333333,12.03,7.13,9.78
49066,8,10,8,2012,22.866666666666664,11.86,7.38,10.2
49067,8,11,8,2012,23.724999999999998,11.0,5.91,8.84
49068,8,12,8,2012,22.263333333333332,9.99,5.62,8.55
49069,8,13,8,2012,22.9575,8.96,5.07,6.86
49070,8,14,8,2012,23.835833333333337,3.69,3.22,3.76
49071,8,15,8,2012,26.399999999999995,2.47,1.89,2.25
49072,8,16,8,2012,27.56583333333333,5.61,4.63,5.37
49073,8,17,8,2012,26.950833333333332,5.38,4.66,5.3100000000000005
49074,8,18,8,2012,27.360000000000003,9.23,7.17,8.58
49075,8,19,8,2012,26.63333333333333,9.1,7.0600000000000005,8.47
49076,8,20,8,2012,27.310833333333335,9.53,7.58,8.98
49077,8,21,8,2012,29.099166666666672,3.79,3.04,3.5500000000000003
49078,8,22,8,2012,29.779166666666665,6.09,4.61,5.59
49079,8,23,8,2012,29.74333333333333,7.08,5.15,6.38
49080,9,0,8,2012,28.179166666666664,8.35,4.46,6.0200000000000005
49081,9,1,8,2012,25.049999999999997,14.82,11.08,13.48
49082,9,2,8,2012,20.030833333333334,8.82,4.76,6.62
49083,9,3,8,2012,19.26666666666667,6.13,3.65,5.33
49084,9,4,8,2012,18.26583333333333,5.91,2.87,4.3500000000000005
49085,9,5,8,2012,19.105833333333333,3.09,2.59,4.23
49086,9,6,8,2012,18.949166666666663,3.37,2.4,3.14
49087,9,7,8,2012,18.593333333333337,6.36,3.46,5.58
49088,9,8,8,2012,18.68916666666667,8.01,4.2,6.63
49089,9,9,8,2012,17.660833333333336,6.84,2.76,5.13
49090,9,10,8,2012,17.805833333333332,7.44,3.47,5.7700000000000005
49091,9,11,8,2012,17.836666666666666,9.63,4.61,6.97
49092,9,12,8,2012,18.260833333333334,8.72,5.07,6.32
49093,9,13,8,2012,18.724999999999998,7.79,5.57,6.93
49094,9,14,8,2012,18.495,8.2,5.66,7.0600000000000005
49095,9,15,8,2012,19.334166666666665,8.13,5.8100000000000005,7.23
49096,9,16,8,2012,20.271666666666665,8.65,6.28,7.79
49097,9,17,8,2012,21.566666666666666,8.6,6.26,7.79
49098,9,18,8,2012,23.3175,8.58,6.29,7.71
49099,9,19,8,2012,24.334999999999997,8.68,6.42,7.87
49100,9,20,8,2012,24.919999999999998,8.58,6.22,7.72
49101,9,21,8,2012,25.232499999999998,8.65,6.41,7.8900000000000015
49102,9,22,8,2012,25.33583333333333,8.94,6.58,8.15
49103,9,23,8,2012,25.00583333333333,8.84,6.36,7.95
49104,10,0,8,2012,23.844166666666666,9.68,5.55,7.42
49105,10,1,8,2012,21.56833333333333,9.34,4.04,7.41
49106,10,2,8,2012,20.35333333333333,9.23,2.37,6.1400000000000015
49107,10,3,8,2012,20.026666666666664,8.67,2.16,6.07
49108,10,4,8,2012,19.528333333333332,6.66,2.54,4.79
49109,10,5,8,2012,19.44333333333333,6.2700000000000005,2.93,5.22
49110,10,6,8,2012,18.8075,7.34,3.48,5.91
49111,10,7,8,2012,17.801666666666662,8.82,3.62,6.36
49112,10,8,8,2012,17.053333333333335,9.34,3.44,6.54
49113,10,9,8,2012,16.396666666666665,9.2,3.59,6.62
49114,10,10,8,2012,15.618333333333332,8.57,3.8,6.43
49115,10,11,8,2012,14.4775,9.08,3.66,6.34
49116,10,12,8,2012,14.34083333333333,9.7,4.69,6.91
49117,10,13,8,2012,15.7475,7.13,4.14,4.9
49118,10,14,8,2012,17.739166666666666,5.67,4.3,5.19
49119,10,15,8,2012,19.54666666666667,6.15,4.65,5.62
49120,10,16,8,2012,20.674166666666665,6.66,5.0200000000000005,6.07
49121,10,17,8,2012,21.598333333333333,6.4,4.86,5.8500000000000005
49122,10,18,8,2012,22.338333333333335,6.41,4.88,5.86
49123,10,19,8,2012,22.94,6.3100000000000005,4.83,5.79
49124,10,20,8,2012,23.43416666666666,5.91,4.54,5.44
49125,10,21,8,2012,23.60166666666667,6.08,4.61,5.58
49126,10,22,8,2012,23.375,5.99,4.54,5.48
49127,10,23,8,2012,22.935,5.8,4.29,5.24
49128,11,0,8,2012,21.618333333333336,6.03,4.17,5.71
49129,11,1,8,2012,19.215,6.38,2.9,5.68
49130,11,2,8,2012,17.80333333333333,5.99,1.46,4.29
49131,11,3,8,2012,17.230833333333333,5.21,1.55,3.34
49132,11,4,8,2012,16.53916666666667,4.5,1.21,2.75
49133,11,5,8,2012,16.033333333333335,4.2,1.45,3.0
49134,11,6,8,2012,15.707500000000001,4.28,1.38,2.95
49135,11,7,8,2012,15.306666666666665,4.01,1.04,2.51
49136,11,8,8,2012,14.610833333333332,4.2,1.26,2.77
49137,11,9,8,2012,13.987499999999999,4.12,1.15,2.7
49138,11,10,8,2012,13.47916666666667,3.85,1.01,2.42
49139,11,11,8,2012,12.809166666666668,4.04,1.06,2.54
49140,11,12,8,2012,13.998333333333333,4.07,1.7,2.47
49141,11,13,8,2012,16.103333333333335,3.89,1.85,2.22
49142,11,14,8,2012,19.21083333333333,3.27,2.57,3.03
49143,11,15,8,2012,21.38166666666667,3.3000000000000003,2.6,3.0700000000000003
49144,11,16,8,2012,22.701666666666664,3.23,2.54,2.99
49145,11,17,8,2012,23.653333333333332,3.43,2.75,3.22
49146,11,18,8,2012,24.56916666666667,3.5700000000000003,2.86,3.3200000000000003
49147,11,19,8,2012,25.338333333333335,3.72,3.01,3.5
49148,11,20,8,2012,26.089166666666667,4.2,3.37,3.95
49149,11,21,8,2012,26.5425,4.25,3.39,3.98
49150,11,22,8,2012,26.7825,4.92,3.76,4.5200000000000005
49151,11,23,8,2012,26.6575,5.34,4.0200000000000005,4.92
49152,12,0,8,2012,25.16,6.19,2.79,5.38
49153,12,1,8,2012,23.14,8.02,3.31,5.75
49154,12,2,8,2012,22.5525,8.82,3.38,5.75
49155,12,3,8,2012,21.94666666666667,10.61,5.23,7.65
49156,12,4,8,2012,22.782500000000002,11.65,6.79,9.24
49157,12,5,8,2012,22.12166666666667,11.92,7.34,9.77
49158,12,6,8,2012,20.8775,9.63,3.78,6.21
49159,12,7,8,2012,19.7525,9.08,4.03,6.46
49160,12,8,8,2012,18.329166666666666,10.82,5.7700000000000005,8.11
49161,12,9,8,2012,18.310000000000002,11.14,6.29,8.69
49162,12,10,8,2012,17.251666666666665,10.51,4.8100000000000005,7.28
49163,12,11,8,2012,16.885833333333334,10.73,5.28,7.54
49164,12,12,8,2012,17.41916666666667,9.89,6.08,8.06
49165,12,13,8,2012,18.90666666666667,9.72,5.91,7.86
49166,12,14,8,2012,21.206666666666663,7.16,5.19,6.3900000000000015
49167,12,15,8,2012,23.882500000000004,7.44,5.46,6.67
49168,12,16,8,2012,26.08916666666666,7.44,5.48,6.69
49169,12,17,8,2012,27.754999999999995,7.15,5.24,6.4
49170,12,18,8,2012,28.980833333333337,7.96,6.0600000000000005,7.32
49171,12,19,8,2012,29.082499999999996,8.77,6.49,7.92
49172,12,20,8,2012,28.875833333333336,8.58,6.32,7.72
49173,12,21,8,2012,28.209166666666665,10.75,7.28,9.47
49174,12,22,8,2012,27.757500000000004,10.4,7.24,9.09
49175,12,23,8,2012,26.2525,12.66,8.78,11.15
49176,13,0,8,2012,25.205000000000002,9.86,6.67,8.55
49177,13,1,8,2012,23.4325,11.77,5.24,8.33
49178,13,2,8,2012,21.83,12.38,5.98,8.96
49179,13,3,8,2012,20.345000000000002,12.65,6.7,9.6
49180,13,4,8,2012,18.874166666666664,10.76,5.05,7.71
49181,13,5,8,2012,17.409166666666668,10.98,5.66,8.21
49182,13,6,8,2012,16.208333333333332,12.69,7.05,9.82
49183,13,7,8,2012,14.965833333333336,13.14,7.58,10.34
49184,13,8,8,2012,14.110000000000001,12.94,7.32,10.06
49185,13,9,8,2012,13.482499999999996,12.52,7.22,9.83
49186,13,10,8,2012,13.961666666666668,11.3,6.69,9.02
49187,13,11,8,2012,14.853333333333333,8.82,5.72,7.33
49188,13,12,8,2012,15.332500000000001,8.93,5.75,7.26
49189,13,13,8,2012,15.829166666666666,8.16,5.82,7.2
49190,13,14,8,2012,16.16166666666667,8.4,6.16,7.61
49191,13,15,8,2012,17.274166666666666,8.26,6.11,7.51
49192,13,16,8,2012,19.12,7.83,5.82,7.1000000000000005
49193,13,17,8,2012,20.485833333333336,7.19,5.22,6.46
49194,13,18,8,2012,21.795,7.1400000000000015,5.2700000000000005,6.43
49195,13,19,8,2012,22.56833333333333,6.82,5.15,6.22
49196,13,20,8,2012,22.618333333333336,6.41,4.93,5.94
49197,13,21,8,2012,23.224166666666665,6.0600000000000005,4.57,5.51
49198,13,22,8,2012,23.2975,5.64,4.36,5.22
49199,13,23,8,2012,22.946666666666673,5.58,4.23,5.12
49200,14,0,8,2012,21.80333333333333,5.54,3.34,4.71
49201,14,1,8,2012,19.345833333333335,5.72,2.35,4.87
49202,14,2,8,2012,18.375000000000004,3.29,1.28,2.87
49203,14,3,8,2012,18.06,2.05,0.5700000000000001,1.14
49204,14,4,8,2012,18.364166666666666,1.51,1.32,1.63
49205,14,5,8,2012,18.298333333333332,3.03,2.16,3.19
49206,14,6,8,2012,17.655,3.8,2.6,4.15
49207,14,7,8,2012,17.365,3.48,2.63,4.0600000000000005
49208,14,8,8,2012,17.365833333333335,3.09,2.51,3.6
49209,14,9,8,2012,16.981666666666666,4.5600000000000005,3.39,4.95
49210,14,10,8,2012,16.721666666666664,5.91,3.8,5.65
49211,14,11,8,2012,16.245,6.0,3.68,5.57
49212,14,12,8,2012,17.205833333333334,5.69,3.31,5.07
49213,14,13,8,2012,19.395,5.64,3.0700000000000003,4.14
49214,14,14,8,2012,21.43583333333333,6.21,4.5,5.54
49215,14,15,8,2012,22.717499999999998,6.48,4.71,5.79
49216,14,16,8,2012,23.632500000000004,5.66,4.25,5.14
49217,14,17,8,2012,24.543333333333333,4.92,3.75,4.5
49218,14,18,8,2012,25.549166666666668,3.89,2.96,3.53
49219,14,19,8,2012,26.445000000000004,3.5500000000000003,2.71,3.23
49220,14,20,8,2012,26.33583333333333,4.7,3.65,4.44
49221,14,21,8,2012,26.829166666666666,5.86,4.58,5.46
49222,14,22,8,2012,27.250833333333336,4.19,3.18,3.82
49223,14,23,8,2012,27.27333333333333,4.87,3.42,4.34
49224,15,0,8,2012,25.96166666666667,8.28,3.15,6.19
49225,15,1,8,2012,24.317500000000006,8.290000000000001,3.82,7.07
49226,15,2,8,2012,22.920833333333334,7.76,3.96,6.97
49227,15,3,8,2012,21.603333333333335,9.16,4.0600000000000005,6.99
49228,15,4,8,2012,20.468333333333334,9.61,4.26,6.88
49229,15,5,8,2012,19.7175,10.53,4.24,7.11
49230,15,6,8,2012,19.255,10.82,4.41,7.54
49231,15,7,8,2012,19.046666666666667,10.8,4.96,7.76
49232,15,8,8,2012,18.378333333333334,10.26,4.3100000000000005,7.16
49233,15,9,8,2012,18.135833333333338,10.66,4.69,7.38
49234,15,10,8,2012,17.795,11.26,5.36,8.01
49235,15,11,8,2012,17.3225,10.98,5.19,7.77
49236,15,12,8,2012,17.925833333333333,10.54,5.44,7.4
49237,15,13,8,2012,19.5075,8.85,5.86,7.18
49238,15,14,8,2012,21.554166666666664,7.95,5.95,7.26
49239,15,15,8,2012,23.600833333333338,8.38,6.21,7.6
49240,15,16,8,2012,25.640833333333333,8.52,6.28,7.71
49241,15,17,8,2012,27.4525,8.99,6.5600000000000005,8.08
49242,15,18,8,2012,29.16333333333333,9.11,6.63,8.17
49243,15,19,8,2012,30.74416666666667,8.46,6.13,7.57
49244,15,20,8,2012,31.864166666666666,8.8,6.38,7.9
49245,15,21,8,2012,32.465833333333336,8.86,6.4,7.9300000000000015
49246,15,22,8,2012,32.69166666666667,9.91,6.98,8.82
49247,15,23,8,2012,32.69166666666666,9.22,6.45,8.15
49248,16,0,8,2012,30.974999999999998,10.63,4.73,7.63
49249,16,1,8,2012,29.141666666666666,13.81,5.93,9.71
49250,16,2,8,2012,28.7175,14.36,6.62,10.29
49251,16,3,8,2012,28.185000000000002,14.65,6.75,10.39
49252,16,4,8,2012,26.882500000000004,15.46,10.25,13.04
49253,16,5,8,2012,24.007499999999997,13.29,7.59,10.17
49254,16,6,8,2012,23.15166666666667,22.39,15.31,19.63
49255,16,7,8,2012,26.489166666666662,8.63,5.82,8.1
49256,16,8,8,2012,26.74166666666667,9.94,5.13,8.41
49257,16,9,8,2012,21.771666666666665,9.73,4.91,7.86
49258,16,10,8,2012,20.42,7.19,2.51,4.68
49259,16,11,8,2012,19.9325,9.44,5.54,7.56
49260,16,12,8,2012,19.074166666666667,11.19,6.62,8.82
49261,16,13,8,2012,19.4275,13.83,9.88,12.35
49262,16,14,8,2012,19.6975,13.9,9.94,12.4
49263,16,15,8,2012,19.103333333333335,12.57,9.27,11.39
49264,16,16,8,2012,19.151666666666667,10.34,7.53,9.31
49265,16,17,8,2012,20.31166666666667,7.04,5.44,6.5200000000000005
49266,16,18,8,2012,21.35083333333333,9.41,7.01,8.53
49267,16,19,8,2012,22.69416666666667,10.44,7.74,9.46
49268,16,20,8,2012,23.448333333333334,8.66,6.45,7.83
49269,16,21,8,2012,22.5325,9.92,7.1000000000000005,8.78
49270,16,22,8,2012,21.458333333333332,8.36,6.2700000000000005,7.66
49271,16,23,8,2012,22.237499999999997,7.04,4.7700000000000005,6.15
49272,17,0,8,2012,21.493333333333336,7.71,4.71,6.01
49273,17,1,8,2012,19.077499999999997,11.02,3.83,7.58
49274,17,2,8,2012,17.735833333333332,12.04,4.6000000000000005,8.44
49275,17,3,8,2012,16.350833333333334,10.74,3.98,7.97
49276,17,4,8,2012,14.903333333333334,10.18,2.76,6.73
49277,17,5,8,2012,14.247500000000002,10.7,2.5500000000000003,6.37
49278,17,6,8,2012,13.690833333333336,8.08,3.13,6.38
49279,17,7,8,2012,12.813333333333333,8.1,2.93,6.19
49280,17,8,8,2012,12.195,7.41,2.65,5.48
49281,17,9,8,2012,11.849166666666667,7.6,2.7,5.61
49282,17,10,8,2012,11.454166666666667,5.9,2.64,4.83
49283,17,11,8,2012,10.639999999999999,5.11,2.37,4.3500000000000005
49284,17,12,8,2012,11.018333333333333,4.7,2.84,4.42
49285,17,13,8,2012,12.954166666666666,4.45,2.53,2.93
49286,17,14,8,2012,15.813333333333334,2.69,2.3000000000000003,2.64
49287,17,15,8,2012,18.608333333333334,3.48,2.77,3.25
49288,17,16,8,2012,20.2075,3.77,2.96,3.49
49289,17,17,8,2012,21.2,3.74,2.93,3.45
49290,17,18,8,2012,22.087500000000002,3.21,2.5500000000000003,2.97
49291,17,19,8,2012,22.81583333333333,3.67,3.0,3.48
49292,17,20,8,2012,23.33083333333333,3.3200000000000003,2.67,3.12
49293,17,21,8,2012,23.650833333333335,3.52,2.82,3.3000000000000003
49294,17,22,8,2012,23.69916666666667,3.48,2.7,3.2
49295,17,23,8,2012,23.279999999999998,3.92,2.87,3.46
49296,18,0,8,2012,21.368333333333336,4.84,2.39,3.96
49297,18,1,8,2012,18.1675,5.71,1.64,3.59
49298,18,2,8,2012,16.945833333333336,5.74,1.2,2.8000000000000003
49299,18,3,8,2012,16.450833333333332,4.7700000000000005,1.17,2.85
49300,18,4,8,2012,15.981666666666667,4.69,1.13,2.79
49301,18,5,8,2012,15.498333333333333,4.25,1.06,2.62
49302,18,6,8,2012,14.769166666666665,4.68,1.53,3.27
49303,18,7,8,2012,13.527500000000002,4.93,1.33,3.13
49304,18,8,8,2012,13.429999999999998,4.65,1.26,2.91
49305,18,9,8,2012,13.175000000000002,4.36,1.15,2.75
49306,18,10,8,2012,12.408333333333333,3.67,0.79,2.08
49307,18,11,8,2012,11.245833333333335,3.63,0.89,2.33
49308,18,12,8,2012,12.0675,5.0,2.09,3.58
49309,18,13,8,2012,15.161666666666667,4.57,1.56,2.88
49310,18,14,8,2012,18.587499999999995,3.45,2.32,2.64
49311,18,15,8,2012,21.699166666666667,3.13,2.38,2.84
49312,18,16,8,2012,23.175,2.98,2.41,2.8000000000000003
49313,18,17,8,2012,24.117500000000003,2.82,2.33,2.68
49314,18,18,8,2012,24.816666666666663,2.83,2.33,2.67
49315,18,19,8,2012,24.985833333333332,5.36,4.43,5.12
49316,18,20,8,2012,25.19083333333333,4.44,3.63,4.21
49317,18,21,8,2012,24.817499999999995,10.43,7.95,9.67
49318,18,22,8,2012,22.749166666666667,10.13,7.7,9.34
49319,18,23,8,2012,21.436666666666664,8.69,6.51,7.97
49320,19,0,8,2012,19.177500000000002,6.78,4.72,5.99
49321,19,1,8,2012,18.301666666666666,6.8500000000000005,3.0500000000000003,4.8100000000000005
49322,19,2,8,2012,17.5175,2.9,0.77,1.32
49323,19,3,8,2012,17.411666666666665,5.12,2.94,4.46
49324,19,4,8,2012,15.321666666666667,7.87,3.68,5.95
49325,19,5,8,2012,14.177500000000002,9.23,3.74,6.6000000000000005
49326,19,6,8,2012,14.146666666666668,9.52,4.01,6.55
49327,19,7,8,2012,14.073333333333336,7.87,4.05,5.7
49328,19,8,8,2012,13.037500000000001,7.8,3.63,6.0200000000000005
49329,19,9,8,2012,12.980833333333337,6.87,3.2,5.39
49330,19,10,8,2012,12.1175,7.0200000000000005,3.4,5.3100000000000005
49331,19,11,8,2012,12.059166666666668,6.62,3.99,5.3500000000000005
49332,19,12,8,2012,10.82583333333333,6.97,4.05,5.94
49333,19,13,8,2012,12.331666666666669,6.22,3.88,4.54
49334,19,14,8,2012,15.105833333333331,4.9,3.86,4.5200000000000005
49335,19,15,8,2012,17.565833333333334,4.47,3.5500000000000003,4.2
49336,19,16,8,2012,19.35833333333333,4.36,3.46,4.09
49337,19,17,8,2012,20.790833333333335,4.48,3.5,4.14
49338,19,18,8,2012,22.01,4.57,3.56,4.22
49339,19,19,8,2012,22.918333333333333,4.6000000000000005,3.5700000000000003,4.24
49340,19,20,8,2012,23.443333333333328,4.17,3.27,3.86
49341,19,21,8,2012,23.765833333333333,3.87,3.03,3.58
49342,19,22,8,2012,23.8925,3.69,2.88,3.4
49343,19,23,8,2012,23.749166666666667,3.69,2.72,3.3200000000000003
49344,20,0,8,2012,22.041666666666668,3.34,1.71,2.7
49345,20,1,8,2012,19.6975,2.39,0.56,1.59
49346,20,2,8,2012,19.125833333333333,1.51,1.35,1.66
49347,20,3,8,2012,18.708333333333332,5.44,2.4,4.58
49348,20,4,8,2012,15.571666666666665,6.8,3.5500000000000003,5.95
49349,20,5,8,2012,15.270000000000001,5.37,1.25,4.46
49350,20,6,8,2012,15.485,3.35,1.18,2.45
49351,20,7,8,2012,14.9425,3.41,1.7,3.0700000000000003
49352,20,8,8,2012,15.309166666666664,3.41,2.39,3.78
49353,20,9,8,2012,14.800833333333335,4.46,3.04,4.86
49354,20,10,8,2012,14.769166666666669,4.82,3.19,5.04
49355,20,11,8,2012,15.023333333333335,4.19,2.84,4.41
49356,20,12,8,2012,15.416666666666666,5.1000000000000005,3.43,4.93
49357,20,13,8,2012,16.735000000000003,5.3500000000000005,3.0500000000000003,4.42
49358,20,14,8,2012,19.628333333333334,3.95,2.64,3.0700000000000003
49359,20,15,8,2012,21.844166666666666,3.15,2.4,2.87
49360,20,16,8,2012,24.004166666666663,4.2,3.3000000000000003,3.92
49361,20,17,8,2012,25.183333333333337,3.88,2.93,3.51
49362,20,18,8,2012,26.1575,3.42,2.62,3.12
49363,20,19,8,2012,26.953333333333333,3.28,2.58,3.04
49364,20,20,8,2012,27.573333333333338,3.33,2.53,3.02
49365,20,21,8,2012,27.977500000000003,3.5500000000000003,2.77,3.27
49366,20,22,8,2012,28.12666666666667,2.73,2.16,2.53
49367,20,23,8,2012,27.93583333333334,2.88,1.98,2.51
49368,21,0,8,2012,25.93916666666667,2.65,1.09,1.92
49369,21,1,8,2012,23.42833333333333,2.47,1.33,1.85
49370,21,2,8,2012,22.930833333333336,3.0500000000000003,2.23,3.14
49371,21,3,8,2012,22.699166666666667,5.34,3.43,5.38
49372,21,4,8,2012,21.633333333333336,8.98,4.63,7.37
49373,21,5,8,2012,19.596666666666668,10.72,3.89,8.16
49374,21,6,8,2012,19.709999999999997,11.29,4.01,7.82
49375,21,7,8,2012,19.382500000000004,10.22,4.74,7.44
49376,21,8,8,2012,17.1075,6.93,3.18,5.7
49377,21,9,8,2012,18.56083333333333,6.3100000000000005,3.52,5.73
49378,21,10,8,2012,17.265,4.63,2.66,4.32
49379,21,11,8,2012,17.1125,4.3500000000000005,2.73,4.44
49380,21,12,8,2012,17.611666666666668,4.64,3.45,4.98
49381,21,13,8,2012,19.5,4.17,2.26,3.58
49382,21,14,8,2012,22.584999999999997,2.18,1.42,1.67
49383,21,15,8,2012,25.3075,1.61,1.13,1.38
49384,21,16,8,2012,27.453333333333337,2.69,2.07,2.45
49385,21,17,8,2012,28.789999999999996,3.42,2.64,3.13
49386,21,18,8,2012,29.8625,3.91,2.99,3.58
49387,21,19,8,2012,30.544166666666666,4.3500000000000005,3.42,4.0600000000000005
49388,21,20,8,2012,31.0525,4.34,3.42,4.04
49389,21,21,8,2012,31.464999999999993,4.41,3.44,4.08
49390,21,22,8,2012,31.500000000000004,4.21,3.27,3.91
49391,21,23,8,2012,31.185833333333335,4.51,2.9,3.87
49392,22,0,8,2012,29.2825,5.18,2.17,3.82
49393,22,1,8,2012,26.537499999999998,6.8100000000000005,3.43,6.3500000000000005
49394,22,2,8,2012,26.054166666666664,8.23,3.99,7.21
49395,22,3,8,2012,25.819166666666664,8.36,4.49,7.6400000000000015
49396,22,4,8,2012,24.65833333333333,7.69,4.16,6.8900000000000015
49397,22,5,8,2012,23.481666666666666,8.700000000000001,4.53,7.51
49398,22,6,8,2012,22.69583333333333,10.1,4.93,8.13
49399,22,7,8,2012,22.79166666666667,10.46,5.86,9.26
49400,22,8,8,2012,22.271666666666665,12.52,5.79,9.49
49401,22,9,8,2012,21.613333333333333,13.21,5.94,9.6
49402,22,10,8,2012,21.240000000000002,13.1,5.9,9.61
49403,22,11,8,2012,20.592499999999998,12.11,5.76,9.33
49404,22,12,8,2012,20.74,12.12,6.18,9.27
49405,22,13,8,2012,22.166666666666668,10.48,5.93,8.040000000000001
49406,22,14,8,2012,24.769166666666663,9.36,5.62,6.83
49407,22,15,8,2012,27.295,6.96,5.08,6.23
49408,22,16,8,2012,29.085000000000004,8.27,5.97,7.37
49409,22,17,8,2012,30.095,8.870000000000003,6.4,7.91
49410,22,18,8,2012,30.705,9.36,6.74,8.33
49411,22,19,8,2012,31.2225,9.79,7.04,8.73
49412,22,20,8,2012,31.629166666666666,9.52,6.8100000000000005,8.44
49413,22,21,8,2012,31.650833333333335,10.27,7.36,9.17
49414,22,22,8,2012,31.625,9.93,6.9,8.74
49415,22,23,8,2012,31.018333333333327,9.9,6.49,8.27
49416,23,0,8,2012,28.611666666666665,10.06,4.75,7.5
49417,23,1,8,2012,27.048333333333332,11.22,4.5,8.18
49418,23,2,8,2012,26.489166666666666,12.79,5.16,9.19
49419,23,3,8,2012,24.371666666666666,12.8,5.5200000000000005,9.01
49420,23,4,8,2012,25.25,14.15,6.6400000000000015,10.2
49421,23,5,8,2012,23.874166666666667,15.18,6.54,10.31
49422,23,6,8,2012,23.74,15.23,6.95,10.69
49423,23,7,8,2012,23.070833333333336,14.58,6.46,9.98
49424,23,8,8,2012,23.109166666666667,14.61,6.44,10.0
49425,23,9,8,2012,22.1425,14.42,5.72,9.38
49426,23,10,8,2012,21.9825,14.5,6.04,9.55
49427,23,11,8,2012,21.22333333333333,14.97,6.3900000000000015,10.0
49428,23,12,8,2012,21.583333333333332,14.58,7.85,10.53
49429,23,13,8,2012,23.97666666666667,12.78,7.74,10.36
49430,23,14,8,2012,25.536666666666665,10.07,7.15,8.92
49431,23,15,8,2012,27.296666666666663,10.74,7.59,9.49
49432,23,16,8,2012,28.771666666666675,11.34,8.040000000000001,10.04
49433,23,17,8,2012,29.71666666666667,11.57,8.22,10.25
49434,23,18,8,2012,30.572499999999994,11.68,8.3,10.35
49435,23,19,8,2012,31.2,11.18,7.96,9.91
49436,23,20,8,2012,31.8475,10.6,7.56,9.38
49437,23,21,8,2012,32.04583333333333,12.52,8.47,10.91
49438,23,22,8,2012,31.788333333333338,12.84,8.88,11.38
49439,23,23,8,2012,30.88666666666667,9.46,6.21,8.120000000000001
49440,24,0,8,2012,29.55416666666666,7.95,3.12,5.49
49441,24,1,8,2012,28.951666666666668,11.0,5.54,8.38
49442,24,2,8,2012,27.930000000000003,11.21,5.71,8.46
49443,24,3,8,2012,26.660000000000007,12.5,5.7700000000000005,9.17
49444,24,4,8,2012,25.22583333333333,11.15,4.83,7.74
49445,24,5,8,2012,25.330000000000002,12.01,5.32,8.290000000000001
49446,24,6,8,2012,24.551666666666666,12.45,5.61,8.57
49447,24,7,8,2012,24.36583333333333,12.7,6.25,9.22
49448,24,8,8,2012,22.51833333333333,11.3,6.38,8.82
49449,24,9,8,2012,22.138333333333332,11.1,6.4,8.72
49450,24,10,8,2012,21.710833333333337,9.99,5.93,8.040000000000001
49451,24,11,8,2012,21.27416666666667,10.61,6.67,8.8
49452,24,12,8,2012,20.825833333333332,10.83,6.8500000000000005,9.03
49453,24,13,8,2012,20.43916666666667,10.05,6.44,8.13
49454,24,14,8,2012,20.8475,9.2,6.33,7.88
49455,24,15,8,2012,21.397499999999997,10.01,7.32,9.03
49456,24,16,8,2012,21.73,10.33,7.46,9.25
49457,24,17,8,2012,21.3,10.04,7.31,9.03
49458,24,18,8,2012,20.61583333333333,8.870000000000003,6.25,7.78
49459,24,19,8,2012,20.734166666666663,7.8,5.58,6.92
49460,24,20,8,2012,21.562500000000004,6.24,4.69,5.72
49461,24,21,8,2012,23.611666666666665,9.3,5.78,7.78
49462,24,22,8,2012,23.51,7.67,4.3100000000000005,5.91
49463,24,23,8,2012,23.67833333333333,11.54,7.51,9.81
49464,25,0,8,2012,21.464166666666667,10.25,6.68,8.67
49465,25,1,8,2012,21.310833333333335,11.18,4.91,7.65
49466,25,2,8,2012,20.941666666666666,13.01,6.44,9.56
49467,25,3,8,2012,21.129166666666666,13.2,6.46,9.53
49468,25,4,8,2012,21.40166666666666,14.22,6.91,10.27
49469,25,5,8,2012,21.909999999999997,14.54,7.54,10.87
49470,25,6,8,2012,21.865,13.57,7.1000000000000005,10.12
49471,25,7,8,2012,21.57916666666667,13.35,6.93,9.94
49472,25,8,8,2012,21.429999999999996,13.8,7.6400000000000015,10.65
49473,25,9,8,2012,20.869166666666665,12.43,7.15,9.89
49474,25,10,8,2012,20.620833333333334,10.32,5.5,7.87
49475,25,11,8,2012,20.224166666666665,8.3,3.83,5.96
49476,25,12,8,2012,20.380833333333335,9.66,5.12,7.32
49477,25,13,8,2012,20.765,8.370000000000001,4.92,6.61
49478,25,14,8,2012,21.1325,6.42,4.47,5.55
49479,25,15,8,2012,21.900833333333335,7.17,5.25,6.47
49480,25,16,8,2012,22.554166666666664,6.84,4.96,6.1400000000000015
49481,25,17,8,2012,24.325,7.57,5.67,6.91
49482,25,18,8,2012,25.72,8.74,6.1400000000000015,7.75
49483,25,19,8,2012,26.510833333333334,9.04,6.8100000000000005,8.28
49484,25,20,8,2012,27.141666666666666,8.55,6.38,7.79
49485,25,21,8,2012,27.982499999999998,7.37,5.43,6.6400000000000015
49486,25,22,8,2012,28.16333333333333,6.72,4.93,6.0600000000000005
49487,25,23,8,2012,27.555000000000003,5.48,3.71,4.71
49488,26,0,8,2012,23.394999999999996,7.77,5.09,6.6400000000000015
49489,26,1,8,2012,21.62,3.27,2.18,2.9
49490,26,2,8,2012,21.515833333333333,3.69,2.26,2.95
49491,26,3,8,2012,21.200833333333335,4.65,2.63,3.9
49492,26,4,8,2012,20.724999999999998,4.0600000000000005,2.22,3.25
49493,26,5,8,2012,20.333333333333332,3.98,1.81,3.1
49494,26,6,8,2012,20.18416666666667,3.16,0.88,2.22
49495,26,7,8,2012,20.26833333333333,1.97,0.78,1.15
49496,26,8,8,2012,20.105,1.03,0.5700000000000001,0.62
49497,26,9,8,2012,19.935,2.08,1.31,1.5
49498,26,10,8,2012,19.895833333333332,2.18,1.18,1.36
49499,26,11,8,2012,19.986666666666668,2.66,1.75,2.21
49500,26,12,8,2012,19.712500000000002,3.78,2.57,3.33
49501,26,13,8,2012,20.0425,3.6,2.25,2.76
49502,26,14,8,2012,20.55,4.61,3.33,4.13
49503,26,15,8,2012,20.898333333333333,6.28,4.82,5.83
49504,26,16,8,2012,21.256666666666664,5.95,4.46,5.45
49505,26,17,8,2012,22.7675,5.96,4.43,5.42
49506,26,18,8,2012,24.28333333333333,5.41,3.97,4.86
49507,26,19,8,2012,25.718333333333334,7.73,6.18,7.37
49508,26,20,8,2012,26.334999999999997,5.03,3.77,4.63
49509,26,21,8,2012,27.223333333333333,5.11,3.77,4.72
49510,26,22,8,2012,27.501666666666665,5.18,3.96,4.88
49511,26,23,8,2012,27.399999999999995,4.73,3.5,4.3
49512,27,0,8,2012,26.27416666666667,5.6000000000000005,2.37,4.68
49513,27,1,8,2012,24.230833333333333,6.33,2.56,5.11
49514,27,2,8,2012,22.94,6.17,1.83,4.82
49515,27,3,8,2012,22.445000000000004,6.45,1.49,4.7
49516,27,4,8,2012,21.830833333333334,5.53,1.46,3.91
49517,27,5,8,2012,21.294166666666666,4.16,1.16,2.56
49518,27,6,8,2012,20.463333333333335,4.0600000000000005,1.28,2.76
49519,27,7,8,2012,19.9375,3.77,1.36,2.61
49520,27,8,8,2012,19.435,2.76,1.28,2.36
49521,27,9,8,2012,18.966666666666665,2.35,1.48,2.51
49522,27,10,8,2012,18.465833333333332,2.32,0.92,1.9
49523,27,11,8,2012,18.168333333333337,2.71,0.64,1.6
49524,27,12,8,2012,18.331666666666667,2.87,0.84,1.56
49525,27,13,8,2012,19.6825,2.62,1.36,1.47
49526,27,14,8,2012,20.895,2.24,1.49,1.51
49527,27,15,8,2012,23.440833333333334,2.15,2.01,2.21
49528,27,16,8,2012,25.330833333333334,2.56,2.16,2.47
49529,27,17,8,2012,26.776666666666667,2.91,2.37,2.74
49530,27,18,8,2012,28.124166666666667,3.29,2.62,3.0700000000000003
49531,27,19,8,2012,29.23833333333333,3.0700000000000003,2.49,2.89
49532,27,20,8,2012,29.964166666666667,2.89,2.36,2.72
49533,27,21,8,2012,30.52333333333333,2.87,2.39,2.75
49534,27,22,8,2012,30.604166666666668,3.18,2.5,2.95
49535,27,23,8,2012,30.224166666666665,4.07,2.74,3.64
49536,28,0,8,2012,28.465833333333332,5.37,2.28,4.74
49537,28,1,8,2012,26.249166666666667,5.94,3.16,6.19
49538,28,2,8,2012,25.504166666666666,6.21,3.09,6.04
49539,28,3,8,2012,24.47,7.59,3.92,7.1000000000000005
49540,28,4,8,2012,24.069999999999997,7.6,4.04,7.22
49541,28,5,8,2012,23.660833333333333,7.56,4.25,6.9
49542,28,6,8,2012,22.849999999999998,7.3900000000000015,4.1,6.66
49543,28,7,8,2012,22.249166666666667,8.03,4.22,6.99
49544,28,8,8,2012,21.8925,8.69,4.51,7.44
49545,28,9,8,2012,21.3175,8.13,4.32,7.1400000000000015
49546,28,10,8,2012,20.337499999999995,9.06,4.39,7.52
49547,28,11,8,2012,19.705000000000002,9.09,4.3500000000000005,7.7
49548,28,12,8,2012,20.363333333333333,9.42,4.68,7.97
49549,28,13,8,2012,22.56583333333333,8.94,4.2700000000000005,6.34
49550,28,14,8,2012,25.280833333333334,7.11,4.21,5.08
49551,28,15,8,2012,28.014166666666664,7.1400000000000015,5.28,6.47
49552,28,16,8,2012,29.543333333333333,7.11,5.24,6.42
49553,28,17,8,2012,30.525833333333328,6.4,4.75,5.79
49554,28,18,8,2012,31.426666666666673,6.48,4.82,5.87
49555,28,19,8,2012,32.221666666666664,6.43,4.78,5.8100000000000005
49556,28,20,8,2012,32.855000000000004,6.3,4.7,5.73
49557,28,21,8,2012,33.204166666666666,6.51,4.87,5.94
49558,28,22,8,2012,33.2675,6.16,4.49,5.53
49559,28,23,8,2012,32.4025,7.08,4.3500000000000005,5.55
49560,29,0,8,2012,29.434166666666666,9.78,3.39,7.26
49561,29,1,8,2012,26.976666666666663,11.41,4.6000000000000005,8.6
49562,29,2,8,2012,25.78916666666667,12.15,5.0600000000000005,8.8
49563,29,3,8,2012,25.150000000000006,12.78,5.44,9.31
49564,29,4,8,2012,24.968333333333334,12.23,5.38,9.1
49565,29,5,8,2012,24.7975,12.26,5.48,9.23
49566,29,6,8,2012,24.46083333333333,12.08,5.15,9.04
49567,29,7,8,2012,23.977499999999992,12.12,5.24,9.09
49568,29,8,8,2012,23.24666666666667,11.58,5.08,8.9
49569,29,9,8,2012,22.262500000000003,11.03,4.83,8.6
49570,29,10,8,2012,21.723333333333333,11.09,4.89,8.68
49571,29,11,8,2012,20.7575,10.43,4.74,8.3
49572,29,12,8,2012,20.864166666666666,9.48,4.88,7.61
49573,29,13,8,2012,24.10916666666667,9.62,4.86,7.11
49574,29,14,8,2012,26.92083333333333,8.5,5.07,6.15
49575,29,15,8,2012,29.150000000000002,8.620000000000001,6.21,7.7
49576,29,16,8,2012,30.59583333333333,8.55,6.18,7.65
49577,29,17,8,2012,31.629166666666663,7.95,5.8,7.13
49578,29,18,8,2012,32.51416666666666,7.67,5.59,6.87
49579,29,19,8,2012,33.30416666666667,7.25,5.32,6.5200000000000005
49580,29,20,8,2012,34.005833333333335,7.05,5.12,6.3100000000000005
49581,29,21,8,2012,34.265,7.09,5.17,6.36
49582,29,22,8,2012,34.1725,7.13,5.11,6.3500000000000005
49583,29,23,8,2012,33.40333333333333,7.91,4.76,6.08
49584,30,0,8,2012,30.733333333333338,9.81,3.76,7.6400000000000015
49585,30,1,8,2012,28.171666666666667,10.86,3.99,7.72
49586,30,2,8,2012,26.508333333333336,12.27,4.54,8.21
49587,30,3,8,2012,25.604166666666668,12.8,5.2700000000000005,8.86
49588,30,4,8,2012,25.570833333333336,13.0,5.57,9.15
49589,30,5,8,2012,25.227500000000003,12.93,5.5200000000000005,9.14
49590,30,6,8,2012,24.376666666666665,12.63,5.3,8.78
49591,30,7,8,2012,23.62166666666667,12.35,5.48,9.05
49592,30,8,8,2012,23.289999999999996,12.2,5.48,8.98
49593,30,9,8,2012,22.423333333333332,12.94,5.84,9.43
49594,30,10,8,2012,21.74166666666667,12.97,5.84,9.43
49595,30,11,8,2012,21.360833333333332,12.4,5.87,9.32
49596,30,12,8,2012,21.385,11.95,5.73,9.04
49597,30,13,8,2012,22.899999999999995,10.61,5.79,8.01
49598,30,14,8,2012,25.390833333333333,8.5,5.19,6.23
49599,30,15,8,2012,28.43416666666667,7.37,5.49,6.71
49600,30,16,8,2012,30.552500000000006,7.62,5.66,6.92
49601,30,17,8,2012,32.030833333333334,6.25,4.67,5.67
49602,30,18,8,2012,33.10750000000001,6.51,4.9,5.95
49603,30,19,8,2012,33.86166666666667,5.43,4.17,5.0
49604,30,20,8,2012,34.41166666666667,5.04,3.83,4.61
49605,30,21,8,2012,34.584166666666675,5.29,4.01,4.87
49606,30,22,8,2012,34.4975,5.72,4.12,5.18
49607,30,23,8,2012,33.490833333333335,7.41,4.07,5.92
49608,31,0,8,2012,30.685000000000002,8.950000000000003,3.86,7.28
49609,31,1,8,2012,28.2975,10.65,4.91,8.83
49610,31,2,8,2012,27.080833333333334,10.53,4.93,8.870000000000003
49611,31,3,8,2012,26.235833333333332,9.13,4.43,8.13
49612,31,4,8,2012,25.955833333333334,9.47,4.78,8.31
49613,31,5,8,2012,25.659166666666668,11.02,4.72,8.59
49614,31,6,8,2012,25.224999999999998,11.17,5.05,8.84
49615,31,7,8,2012,24.34833333333333,14.03,5.21,9.38
49616,31,8,8,2012,23.493333333333336,14.07,5.83,9.77
49617,31,9,8,2012,22.66416666666667,13.23,6.03,9.67
49618,31,10,8,2012,21.44333333333333,11.27,5.13,8.55
49619,31,11,8,2012,20.294166666666666,8.64,3.64,7.11
49620,31,12,8,2012,19.921666666666667,5.86,2.18,4.51
49621,31,13,8,2012,21.125,3.52,1.4,1.51
49622,31,14,8,2012,23.361666666666668,2.62,2.16,2.51
49623,31,15,8,2012,25.566666666666666,4.46,3.5700000000000003,4.21
49624,31,16,8,2012,27.125833333333336,5.49,4.28,5.1000000000000005
49625,31,17,8,2012,28.3625,5.74,4.43,5.29
49626,31,18,8,2012,29.386666666666667,6.3,4.91,5.86
49627,31,19,8,2012,30.18416666666667,6.8500000000000005,5.17,6.26
49628,31,20,8,2012,30.741666666666664,8.51,6.34,7.76
49629,31,21,8,2012,30.533333333333342,8.85,6.54,8.01
49630,31,22,8,2012,29.31,9.6,7.42,9.08
49631,31,23,8,2012,25.290833333333335,8.61,6.51,7.97
49632,1,0,9,2012,23.486666666666668,7.8,5.59,7.01
49633,1,1,9,2012,22.99083333333333,8.97,2.53,4.6000000000000005
49634,1,2,9,2012,22.455000000000002,10.78,1.71,5.14
49635,1,3,9,2012,22.395,10.86,6.48,8.78
49636,1,4,9,2012,22.28,7.71,4.33,6.09
49637,1,5,9,2012,21.910833333333333,8.11,3.94,5.87
49638,1,6,9,2012,21.53833333333333,8.6,4.95,6.91
49639,1,7,9,2012,21.578333333333333,9.79,5.55,7.73
49640,1,8,9,2012,21.510833333333334,9.87,5.61,7.82
49641,1,9,9,2012,21.416666666666668,10.47,5.87,8.25
49642,1,10,9,2012,21.065,10.73,5.88,8.25
49643,1,11,9,2012,20.686666666666664,10.67,5.79,8.19
49644,1,12,9,2012,20.520833333333332,10.35,5.43,7.74
49645,1,13,9,2012,21.77333333333333,9.04,5.61,7.13
49646,1,14,9,2012,23.350833333333338,7.61,5.71,6.98
49647,1,15,9,2012,24.963333333333328,8.07,5.94,7.3
49648,1,16,9,2012,26.531666666666666,8.31,6.11,7.5
49649,1,17,9,2012,27.858333333333334,8.22,6.03,7.41
49650,1,18,9,2012,28.982499999999998,7.88,5.8100000000000005,7.12
49651,1,19,9,2012,29.72,7.65,5.66,6.93
49652,1,20,9,2012,30.210000000000004,7.37,5.46,6.66
49653,1,21,9,2012,30.284999999999997,6.58,4.89,5.95
49654,1,22,9,2012,30.17166666666667,6.48,4.74,5.8500000000000005
49655,1,23,9,2012,29.616666666666664,6.4,4.66,5.79
49656,2,0,9,2012,27.824166666666667,8.17,3.19,6.3500000000000005
49657,2,1,9,2012,25.462500000000002,7.69,2.56,6.22
49658,2,2,9,2012,24.206666666666667,8.34,1.52,4.91
49659,2,3,9,2012,22.900833333333328,7.72,1.25,4.21
49660,2,4,9,2012,22.080000000000002,6.95,1.75,4.36
49661,2,5,9,2012,21.50916666666667,5.5200000000000005,1.79,4.36
49662,2,6,9,2012,20.780833333333334,4.93,1.44,3.34
49663,2,7,9,2012,20.06,4.43,1.33,3.03
49664,2,8,9,2012,19.590833333333336,3.84,1.02,2.39
49665,2,9,9,2012,18.99,3.3000000000000003,0.74,1.91
49666,2,10,9,2012,18.42,2.86,0.65,1.77
49667,2,11,9,2012,17.757500000000004,3.59,1.1,2.44
49668,2,12,9,2012,17.599999999999998,3.52,0.92,2.24
49669,2,13,9,2012,19.4525,2.47,0.95,1.17
49670,2,14,9,2012,21.420833333333334,1.63,1.43,1.61
49671,2,15,9,2012,23.4875,2.54,2.13,2.45
49672,2,16,9,2012,25.330833333333334,2.47,2.08,2.39
49673,2,17,9,2012,26.865000000000006,2.86,2.38,2.74
49674,2,18,9,2012,28.328333333333333,3.12,2.51,2.92
49675,2,19,9,2012,29.358333333333334,2.86,2.38,2.74
49676,2,20,9,2012,30.25833333333333,2.89,2.32,2.71
49677,2,21,9,2012,30.849999999999994,3.08,2.44,2.87
49678,2,22,9,2012,30.981666666666666,3.99,3.02,3.65
49679,2,23,9,2012,30.36916666666666,5.23,3.23,4.36
49680,3,0,9,2012,27.876666666666665,7.55,3.47,6.68
49681,3,1,9,2012,25.8925,9.01,3.9,7.36
49682,3,2,9,2012,24.995833333333334,10.0,4.43,7.82
49683,3,3,9,2012,24.351666666666663,10.05,4.55,7.83
49684,3,4,9,2012,23.991666666666664,10.12,4.72,7.9300000000000015
49685,3,5,9,2012,23.769166666666663,10.88,4.65,8.02
49686,3,6,9,2012,23.28666666666666,11.28,4.68,7.98
49687,3,7,9,2012,22.50916666666667,11.66,4.76,8.0
49688,3,8,9,2012,22.23,11.73,5.11,8.2
49689,3,9,9,2012,22.116666666666664,11.63,5.38,8.19
49690,3,10,9,2012,21.885,11.94,5.65,8.46
49691,3,11,9,2012,21.45583333333333,11.67,7.67,9.23
49692,3,12,9,2012,20.8275,8.76,4.48,6.74
49693,3,13,9,2012,22.80916666666667,6.34,3.82,4.8500000000000005
49694,3,14,9,2012,24.253333333333334,5.43,4.34,5.12
49695,3,15,9,2012,25.565833333333334,6.8500000000000005,5.37,6.3900000000000015
49696,3,16,9,2012,27.315,7.7,5.89,7.07
49697,3,17,9,2012,29.11333333333333,7.98,6.0,7.25
49698,3,18,9,2012,30.50916666666667,8.44,6.3,7.66
49699,3,19,9,2012,31.38166666666666,8.35,6.22,7.56
49700,3,20,9,2012,31.790000000000003,7.98,5.89,7.23
49701,3,21,9,2012,32.267500000000005,7.4,5.5,6.69
49702,3,22,9,2012,31.946666666666673,8.6,5.34,7.12
49703,3,23,9,2012,31.07916666666667,8.8,5.72,7.27
49704,4,0,9,2012,29.393333333333327,10.21,4.8,7.25
49705,4,1,9,2012,28.57083333333333,11.51,5.74,8.63
49706,4,2,9,2012,27.695000000000004,11.03,5.36,8.16
49707,4,3,9,2012,26.87833333333333,15.43,9.17,12.16
49708,4,4,9,2012,22.364166666666666,13.68,9.16,11.94
49709,4,5,9,2012,22.025000000000002,9.76,6.34,8.22
49710,4,6,9,2012,21.52916666666667,7.97,4.05,5.7700000000000005
49711,4,7,9,2012,20.639999999999997,9.21,4.14,6.3500000000000005
49712,4,8,9,2012,21.24083333333333,9.51,5.53,7.72
49713,4,9,9,2012,21.249999999999996,9.26,4.83,6.8900000000000015
49714,4,10,9,2012,20.638333333333335,6.08,3.9,5.47
49715,4,11,9,2012,20.740833333333335,7.98,3.27,5.44
49716,4,12,9,2012,21.296666666666667,9.9,4.0600000000000005,5.99
49717,4,13,9,2012,22.090833333333332,8.26,4.11,5.62
49718,4,14,9,2012,23.375833333333333,4.99,3.79,4.53
49719,4,15,9,2012,25.397500000000004,3.44,2.68,3.16
49720,4,16,9,2012,27.58416666666666,2.67,2.1,2.47
49721,4,17,9,2012,29.590833333333325,3.63,2.83,3.34
49722,4,18,9,2012,31.054166666666664,4.03,3.19,3.75
49723,4,19,9,2012,32.04333333333334,4.93,3.8,4.5200000000000005
49724,4,20,9,2012,32.814166666666665,5.59,4.25,5.11
49725,4,21,9,2012,33.20083333333333,6.8900000000000015,5.08,6.23
49726,4,22,9,2012,33.33583333333333,7.97,5.59,7.13
49727,4,23,9,2012,24.9225,29.27,19.09,25.27
49728,5,0,9,2012,21.4975,28.17,19.38,24.28
49729,5,1,9,2012,22.695833333333336,17.25,8.74,12.76
49730,5,2,9,2012,22.061666666666667,16.330000000000002,9.63,13.23
49731,5,3,9,2012,21.554166666666664,13.32,7.57,10.26
49732,5,4,9,2012,22.543333333333333,20.48,14.84,18.33
49733,5,5,9,2012,22.066666666666666,9.85,4.91,7.59
49734,5,6,9,2012,20.88666666666667,8.58,4.14,6.0200000000000005
49735,5,7,9,2012,20.833333333333332,11.28,5.34,8.26
49736,5,8,9,2012,21.118333333333336,11.27,5.55,8.51
49737,5,9,9,2012,21.315833333333334,12.94,5.78,9.03
49738,5,10,9,2012,21.24166666666667,12.22,5.7,8.83
49739,5,11,9,2012,21.543333333333333,12.44,6.04,9.16
49740,5,12,9,2012,21.50583333333333,12.17,5.71,8.86
49741,5,13,9,2012,22.242499999999996,7.94,3.53,5.28
49742,5,14,9,2012,23.885833333333334,7.54,5.42,6.69
49743,5,15,9,2012,25.101666666666663,8.120000000000001,5.9,7.28
49744,5,16,9,2012,25.663333333333338,5.99,4.62,5.51
49745,5,17,9,2012,26.44,4.8,3.74,4.43
49746,5,18,9,2012,27.460833333333337,6.12,4.63,5.57
49747,5,19,9,2012,28.437499999999996,6.87,5.13,6.2
49748,5,20,9,2012,29.207499999999996,7.9,5.7700000000000005,7.07
49749,5,21,9,2012,29.429166666666664,8.98,6.5,8.02
49750,5,22,9,2012,28.944999999999997,8.52,6.09,7.57
49751,5,23,9,2012,27.889999999999997,7.73,5.42,6.84
49752,6,0,9,2012,25.769999999999996,9.26,3.97,7.2
49753,6,1,9,2012,24.465833333333336,12.78,6.58,9.69
49754,6,2,9,2012,22.4175,12.14,4.74,8.01
49755,6,3,9,2012,21.094166666666663,12.02,4.46,8.13
49756,6,4,9,2012,19.868333333333336,11.9,4.24,7.97
49757,6,5,9,2012,18.958333333333332,10.45,3.76,7.29
49758,6,6,9,2012,18.23416666666667,10.3,4.04,7.45
49759,6,7,9,2012,17.375,9.46,2.84,6.41
49760,6,8,9,2012,16.64333333333333,8.07,2.89,6.01
49761,6,9,9,2012,15.568333333333333,7.88,3.17,5.96
49762,6,10,9,2012,14.799166666666666,7.03,2.31,4.86
49763,6,11,9,2012,14.539166666666665,6.96,2.45,5.04
49764,6,12,9,2012,14.273333333333332,6.53,2.18,4.51
49765,6,13,9,2012,16.082500000000003,5.62,2.28,3.39
49766,6,14,9,2012,18.915,5.01,2.68,3.12
49767,6,15,9,2012,21.64,4.37,3.43,4.05
49768,6,16,9,2012,24.137500000000003,5.43,4.21,5.01
49769,6,17,9,2012,26.212500000000006,5.07,3.89,4.64
49770,6,18,9,2012,27.683333333333337,5.47,4.08,4.92
49771,6,19,9,2012,28.987499999999997,6.6000000000000005,4.91,5.96
49772,6,20,9,2012,29.7975,7.25,5.28,6.45
49773,6,21,9,2012,30.285833333333333,8.26,5.91,7.32
49774,6,22,9,2012,30.308333333333334,8.35,5.9,7.36
49775,6,23,9,2012,29.794999999999998,8.08,5.57,7.07
49776,7,0,9,2012,27.61916666666667,9.06,3.3200000000000003,6.16
49777,7,1,9,2012,26.195833333333336,10.53,3.41,6.83
49778,7,2,9,2012,25.925000000000008,11.69,5.03,8.18
49779,7,3,9,2012,26.0925,12.71,5.95,9.08
49780,7,4,9,2012,25.894166666666667,13.04,6.54,9.62
49781,7,5,9,2012,25.595000000000002,13.2,6.34,9.45
49782,7,6,9,2012,24.202499999999997,8.92,3.5,7.07
49783,7,7,9,2012,22.975000000000005,6.86,2.37,4.82
49784,7,8,9,2012,23.174166666666668,7.52,3.64,6.17
49785,7,9,9,2012,22.081666666666667,10.97,3.85,7.04
49786,7,10,9,2012,21.27333333333333,14.14,6.05,9.34
49787,7,11,9,2012,20.8525,12.27,5.39,8.53
49788,7,12,9,2012,19.508333333333333,9.72,3.25,5.99
49789,7,13,9,2012,20.05,8.5,6.38,7.75
49790,7,14,9,2012,21.025833333333335,11.25,8.02,9.95
49791,7,15,9,2012,20.794999999999998,13.31,9.6,11.92
49792,7,16,9,2012,21.314166666666665,13.97,9.99,12.45
49793,7,17,9,2012,19.910833333333333,14.07,9.98,12.49
49794,7,18,9,2012,17.1825,10.36,6.8,8.72
49795,7,19,9,2012,17.515,9.65,6.99,8.67
49796,7,20,9,2012,17.107499999999998,9.97,7.0200000000000005,8.77
49797,7,21,9,2012,18.064166666666665,9.5,6.58,8.290000000000001
49798,7,22,9,2012,19.346666666666668,10.61,7.17,9.16
49799,7,23,9,2012,19.544166666666666,9.39,6.51,8.2
49800,8,0,9,2012,18.835833333333333,11.15,3.96,7.31
49801,8,1,9,2012,17.614166666666666,13.76,4.89,8.45
49802,8,2,9,2012,16.478333333333335,14.18,5.67,9.38
49803,8,3,9,2012,15.438333333333333,13.51,5.21,8.76
49804,8,4,9,2012,14.396666666666668,12.64,4.7,8.290000000000001
49805,8,5,9,2012,13.659999999999998,12.03,4.51,8.05
49806,8,6,9,2012,13.3575,11.64,4.34,7.9
49807,8,7,9,2012,12.4325,9.37,3.41,6.8500000000000005
49808,8,8,9,2012,11.664166666666667,7.68,3.28,6.2
49809,8,9,9,2012,11.135833333333336,6.58,3.36,5.89
49810,8,10,9,2012,10.765833333333333,5.8100000000000005,3.47,6.0
49811,8,11,9,2012,10.346666666666664,5.78,3.44,6.26
49812,8,12,9,2012,10.3575,6.16,3.76,6.21
49813,8,13,9,2012,11.924166666666665,6.05,3.34,4.92
49814,8,14,9,2012,14.54,5.38,3.27,3.75
49815,8,15,9,2012,16.9875,5.0,3.69,4.49
49816,8,16,9,2012,18.893333333333334,5.82,4.3100000000000005,5.24
49817,8,17,9,2012,20.145,6.18,4.54,5.54
49818,8,18,9,2012,21.26,6.41,4.73,5.76
49819,8,19,9,2012,22.235,6.7,4.93,6.0200000000000005
49820,8,20,9,2012,23.12,7.21,5.26,6.46
49821,8,21,9,2012,23.734166666666667,7.5,5.3,6.62
49822,8,22,9,2012,24.05916666666667,7.65,5.33,6.74
49823,8,23,9,2012,23.424166666666668,6.95,4.64,5.97
49824,9,0,9,2012,21.224999999999998,8.58,3.31,6.83
49825,9,1,9,2012,20.02916666666667,8.620000000000001,3.59,7.1000000000000005
49826,9,2,9,2012,18.5825,8.53,3.95,6.95
49827,9,3,9,2012,17.7225,8.540000000000001,3.73,7.33
49828,9,4,9,2012,17.620833333333334,10.42,4.21,7.96
49829,9,5,9,2012,17.1525,12.17,5.14,8.8
49830,9,6,9,2012,16.25583333333333,14.85,6.03,9.58
49831,9,7,9,2012,14.842500000000001,11.54,4.33,7.8900000000000015
49832,9,8,9,2012,13.660833333333331,11.26,4.39,7.98
49833,9,9,9,2012,12.405000000000001,10.08,4.0600000000000005,7.63
49834,9,10,9,2012,11.415833333333332,9.99,3.97,7.53
49835,9,11,9,2012,10.145,9.55,3.96,7.32
49836,9,12,9,2012,9.594999999999997,9.07,4.39,6.99
49837,9,13,9,2012,10.565,7.99,4.14,5.88
49838,9,14,9,2012,12.675833333333335,5.16,3.59,4.29
49839,9,15,9,2012,14.771666666666667,4.88,3.7,4.46
49840,9,16,9,2012,16.495,4.67,3.5700000000000003,4.28
49841,9,17,9,2012,17.779166666666665,4.54,3.52,4.19
49842,9,18,9,2012,18.88,4.14,3.23,3.82
49843,9,19,9,2012,19.7625,3.67,2.92,3.43
49844,9,20,9,2012,20.506666666666668,3.29,2.6,3.0500000000000003
49845,9,21,9,2012,20.948333333333334,3.36,2.7,3.16
49846,9,22,9,2012,20.982499999999998,2.51,2.07,2.4
49847,9,23,9,2012,20.599999999999998,2.53,1.91,2.32
49848,10,0,9,2012,18.65583333333333,2.73,1.14,2.03
49849,10,1,9,2012,17.120833333333334,2.95,0.91,2.03
49850,10,2,9,2012,16.595000000000002,3.45,1.46,2.73
49851,10,3,9,2012,16.18583333333334,4.34,1.96,3.64
49852,10,4,9,2012,15.816666666666668,6.46,3.21,5.63
49853,10,5,9,2012,14.885833333333332,7.83,3.89,6.58
49854,10,6,9,2012,14.762499999999998,8.4,4.32,7.1400000000000015
49855,10,7,9,2012,14.4225,8.58,4.36,7.27
49856,10,8,9,2012,13.764166666666668,8.99,4.39,7.42
49857,10,9,9,2012,13.249166666666666,9.54,4.64,7.8
49858,10,10,9,2012,12.674166666666665,10.3,4.93,8.17
49859,10,11,9,2012,12.179166666666667,11.02,5.0600000000000005,8.5
49860,10,12,9,2012,12.275833333333333,11.55,5.88,8.78
49861,10,13,9,2012,13.526666666666666,11.04,5.84,8.19
49862,10,14,9,2012,15.74,9.9,5.72,6.97
49863,10,15,9,2012,18.400833333333335,8.97,6.55,8.08
49864,10,16,9,2012,20.500833333333336,9.33,6.8500000000000005,8.44
49865,10,17,9,2012,22.103333333333328,9.21,6.7700000000000005,8.33
49866,10,18,9,2012,23.326666666666668,9.29,6.83,8.4
49867,10,19,9,2012,24.429166666666664,8.93,6.5200000000000005,8.040000000000001
49868,10,20,9,2012,25.278333333333336,9.02,6.53,8.1
49869,10,21,9,2012,25.6825,9.51,6.87,8.55
49870,10,22,9,2012,25.653333333333336,9.81,6.9,8.72
49871,10,23,9,2012,24.55916666666666,11.54,6.24,8.55
49872,11,0,9,2012,22.1075,14.2,6.36,10.14
49873,11,1,9,2012,20.89833333333333,14.82,6.57,10.32
49874,11,2,9,2012,19.857499999999998,15.65,7.59,11.24
49875,11,3,9,2012,19.263333333333335,16.1,8.03,11.69
49876,11,4,9,2012,19.044999999999998,16.17,8.18,11.84
49877,11,5,9,2012,18.926666666666666,16.35,8.28,11.96
49878,11,6,9,2012,18.459166666666665,16.29,8.01,11.66
49879,11,7,9,2012,18.348333333333333,16.47,8.17,11.86
49880,11,8,9,2012,17.898333333333333,15.95,7.8900000000000015,11.41
49881,11,9,9,2012,17.501666666666665,15.99,8.040000000000001,11.6
49882,11,10,9,2012,17.108333333333338,16.07,7.99,11.6
49883,11,11,9,2012,16.404166666666665,15.8,7.51,11.1
49884,11,12,9,2012,16.21166666666667,15.14,7.68,10.71
49885,11,13,9,2012,18.599999999999998,14.17,8.19,11.02
49886,11,14,9,2012,20.984166666666667,11.3,7.0200000000000005,8.58
49887,11,15,9,2012,23.257499999999997,9.8,7.23,8.85
49888,11,16,9,2012,25.673333333333336,10.36,7.53,9.32
49889,11,17,9,2012,27.583333333333332,11.59,8.33,10.38
49890,11,18,9,2012,28.917500000000008,11.98,8.6,10.73
49891,11,19,9,2012,30.175,11.89,8.39,10.53
49892,11,20,9,2012,30.6425,12.09,8.51,10.68
49893,11,21,9,2012,30.700000000000003,12.27,8.48,10.77
49894,11,22,9,2012,30.24416666666666,13.26,8.97,11.58
49895,11,23,9,2012,28.55333333333333,13.66,7.69,10.61
49896,12,0,9,2012,26.102500000000006,15.6,6.8100000000000005,10.8
49897,12,1,9,2012,25.150833333333335,15.86,7.13,11.08
49898,12,2,9,2012,24.111666666666665,15.11,7.16,10.77
49899,12,3,9,2012,23.41333333333333,15.38,7.81,11.34
49900,12,4,9,2012,22.751666666666665,15.49,7.88,11.34
49901,12,5,9,2012,22.389166666666668,15.42,7.81,11.26
49902,12,6,9,2012,21.83916666666667,14.52,6.96,10.35
49903,12,7,9,2012,21.169999999999998,14.45,6.7700000000000005,10.13
49904,12,8,9,2012,20.79583333333333,15.0,7.8,11.14
49905,12,9,9,2012,20.533333333333335,15.41,8.46,11.82
49906,12,10,9,2012,20.27916666666667,15.14,8.09,11.44
49907,12,11,9,2012,20.13583333333333,11.48,5.3500000000000005,8.15
49908,12,12,9,2012,19.590833333333336,7.35,3.73,5.4
49909,12,13,9,2012,19.625833333333336,8.43,4.61,6.34
49910,12,14,9,2012,20.4325,8.76,5.13,6.88
49911,12,15,9,2012,21.506666666666664,6.78,4.96,6.05
49912,12,16,9,2012,23.100833333333338,7.4,5.45,6.67
49913,12,17,9,2012,24.445833333333336,8.44,6.47,7.83
49914,12,18,9,2012,25.010833333333334,7.25,5.47,6.63
49915,12,19,9,2012,26.6275,6.83,5.21,6.2700000000000005
49916,12,20,9,2012,27.849999999999994,6.46,4.87,5.9
49917,12,21,9,2012,28.089166666666667,5.69,4.2700000000000005,5.17
49918,12,22,9,2012,27.7775,5.36,2.91,4.17
49919,12,23,9,2012,27.198333333333334,7.78,6.18,7.6
49920,13,0,9,2012,21.160833333333333,14.24,8.67,11.34
49921,13,1,9,2012,18.995,11.31,7.88,9.92
49922,13,2,9,2012,17.09,11.75,8.290000000000001,10.36
49923,13,3,9,2012,16.083333333333336,12.09,8.15,10.47
49924,13,4,9,2012,15.713333333333331,12.68,8.46,11.05
49925,13,5,9,2012,13.636666666666668,14.08,9.33,11.91
49926,13,6,9,2012,12.049999999999999,15.91,10.12,13.78
49927,13,7,9,2012,11.515,13.11,7.87,10.52
49928,13,8,9,2012,10.737500000000002,14.0,9.14,11.72
49929,13,9,9,2012,10.7025,12.54,7.78,9.96
49930,13,10,9,2012,10.829166666666667,11.04,6.91,8.83
49931,13,11,9,2012,10.969999999999999,10.85,7.09,8.96
49932,13,12,9,2012,11.0225,9.31,6.16,7.78
49933,13,13,9,2012,10.8375,8.99,5.72,7.29
49934,13,14,9,2012,10.796666666666667,8.72,5.5,6.99
49935,13,15,9,2012,11.063333333333333,6.76,4.83,5.98
49936,13,16,9,2012,11.485,6.42,4.86,5.91
49937,13,17,9,2012,12.612499999999999,6.74,5.01,6.1000000000000005
49938,13,18,9,2012,14.310833333333333,6.17,4.55,5.55
49939,13,19,9,2012,15.530833333333334,5.72,4.26,5.17
49940,13,20,9,2012,16.499166666666667,5.13,3.82,4.63
49941,13,21,9,2012,17.275833333333335,5.46,3.96,4.89
49942,13,22,9,2012,17.360833333333332,5.87,4.28,5.3100000000000005
49943,13,23,9,2012,16.998333333333335,4.32,3.0700000000000003,3.87
49944,14,0,9,2012,16.055000000000003,4.24,1.43,2.99
49945,14,1,9,2012,15.073333333333332,6.32,1.9,4.36
49946,14,2,9,2012,14.326666666666666,6.58,2.39,5.57
49947,14,3,9,2012,13.704999999999998,6.68,2.35,5.3500000000000005
49948,14,4,9,2012,13.247500000000002,6.0200000000000005,1.82,4.68
49949,14,5,9,2012,12.665833333333333,4.38,1.26,2.79
49950,14,6,9,2012,12.115,3.53,0.85,2.13
49951,14,7,9,2012,11.62,2.81,0.4,1.35
49952,14,8,9,2012,11.111666666666666,2.41,0.73,1.23
49953,14,9,9,2012,10.54166666666667,1.91,0.76,1.21
49954,14,10,9,2012,10.334999999999999,1.92,0.85,1.64
49955,14,11,9,2012,10.184166666666668,1.7,1.12,1.68
49956,14,12,9,2012,10.019999999999998,2.48,1.64,2.7
49957,14,13,9,2012,10.9375,2.29,1.65,2.51
49958,14,14,9,2012,13.375833333333333,1.9,1.19,1.31
49959,14,15,9,2012,15.266666666666667,1.62,1.43,1.61
49960,14,16,9,2012,16.945833333333336,1.74,1.48,1.66
49961,14,17,9,2012,18.52916666666667,2.25,1.89,2.16
49962,14,18,9,2012,19.814999999999998,2.53,2.12,2.43
49963,14,19,9,2012,20.8425,2.82,2.28,2.65
49964,14,20,9,2012,21.603333333333328,3.23,2.54,2.99
49965,14,21,9,2012,22.066666666666666,3.47,2.73,3.22
49966,14,22,9,2012,22.073333333333334,3.4,2.7,3.2
49967,14,23,9,2012,21.40833333333333,3.92,2.37,2.95
49968,15,0,9,2012,19.007499999999997,5.22,1.7,4.12
49969,15,1,9,2012,17.56,6.48,2.84,6.21
49970,15,2,9,2012,16.74833333333333,6.75,3.25,6.65
49971,15,3,9,2012,15.788333333333336,6.7700000000000005,3.23,6.53
49972,15,4,9,2012,14.971666666666664,6.6400000000000015,3.04,6.09
49973,15,5,9,2012,14.354166666666664,6.86,2.82,5.98
49974,15,6,9,2012,13.675833333333332,6.86,2.74,5.92
49975,15,7,9,2012,13.090833333333334,7.27,2.97,6.04
49976,15,8,9,2012,12.457499999999998,7.1400000000000015,2.7,5.75
49977,15,9,9,2012,11.991666666666667,6.6000000000000005,2.53,5.17
49978,15,10,9,2012,11.589166666666669,7.0200000000000005,2.96,5.79
49979,15,11,9,2012,10.881666666666666,6.98,2.94,5.75
49980,15,12,9,2012,10.333333333333332,5.87,2.26,4.3
49981,15,13,9,2012,12.025833333333333,6.03,2.59,4.28
49982,15,14,9,2012,14.574166666666665,4.99,2.37,2.76
49983,15,15,9,2012,16.94916666666667,4.05,3.04,3.66
49984,15,16,9,2012,18.746666666666666,4.78,3.75,4.45
49985,15,17,9,2012,20.158333333333335,5.04,3.82,4.59
49986,15,18,9,2012,21.1175,5.5600000000000005,4.3100000000000005,5.15
49987,15,19,9,2012,21.525833333333328,5.65,4.3500000000000005,5.22
49988,15,20,9,2012,21.294166666666666,5.88,4.62,5.51
49989,15,21,9,2012,20.765833333333333,5.44,4.28,5.11
49990,15,22,9,2012,20.4675,5.55,4.28,5.22
49991,15,23,9,2012,19.615000000000002,5.23,3.3200000000000003,4.3500000000000005
49992,16,0,9,2012,18.186666666666667,5.16,3.18,4.39
49993,16,1,9,2012,17.075833333333335,5.26,1.84,3.86
49994,16,2,9,2012,16.599999999999998,5.3,2.06,4.3
49995,16,3,9,2012,16.135833333333338,5.01,2.49,4.47
49996,16,4,9,2012,16.125000000000004,5.33,3.0500000000000003,5.01
49997,16,5,9,2012,15.930833333333334,6.73,3.51,5.8
49998,16,6,9,2012,15.44833333333333,7.13,3.53,6.0
49999,16,7,9,2012,14.974166666666664,7.22,3.45,6.08
50000,16,8,9,2012,14.725,6.38,3.49,6.2
50001,16,9,9,2012,14.405,6.34,3.59,6.0
50002,16,10,9,2012,14.160833333333334,6.6400000000000015,3.62,6.0200000000000005
50003,16,11,9,2012,14.137500000000001,6.5200000000000005,3.47,5.76
50004,16,12,9,2012,14.085833333333333,6.43,3.37,5.68
50005,16,13,9,2012,13.586666666666666,6.25,3.18,4.88
50006,16,14,9,2012,15.086666666666666,5.61,2.15,3.58
50007,16,15,9,2012,18.707499999999996,3.3200000000000003,2.58,3.08
50008,16,16,9,2012,19.066666666666666,3.49,2.86,3.34
50009,16,17,9,2012,20.045833333333334,3.0700000000000003,2.58,3.0
50010,16,18,9,2012,20.7875,3.82,2.96,3.5500000000000003
50011,16,19,9,2012,21.325,4.97,4.01,4.8
50012,16,20,9,2012,21.73166666666667,5.6000000000000005,4.51,5.39
50013,16,21,9,2012,22.3325,4.88,3.74,4.47
50014,16,22,9,2012,22.198333333333338,6.36,4.54,5.69
50015,16,23,9,2012,21.76833333333333,6.34,3.82,5.5
50016,17,0,9,2012,19.985,7.51,3.58,6.8
50017,17,1,9,2012,18.735000000000003,8.03,3.73,7.03
50018,17,2,9,2012,17.758333333333333,8.52,3.62,6.57
50019,17,3,9,2012,16.924166666666668,9.78,4.22,7.43
50020,17,4,9,2012,16.657500000000002,9.98,4.26,7.42
50021,17,5,9,2012,16.514166666666664,9.48,4.11,7.24
50022,17,6,9,2012,16.355,8.950000000000003,4.03,7.0200000000000005
50023,17,7,9,2012,15.891666666666666,8.0,3.87,6.69
50024,17,8,9,2012,15.434999999999997,7.09,3.46,6.13
50025,17,9,9,2012,15.079166666666666,6.96,3.53,6.1400000000000015
50026,17,10,9,2012,14.503333333333332,6.51,3.1,4.8100000000000005
50027,17,11,9,2012,14.159166666666664,5.68,2.51,3.94
50028,17,12,9,2012,14.606666666666667,5.05,2.48,3.29
50029,17,13,9,2012,14.614999999999997,3.31,1.39,1.61
50030,17,14,9,2012,14.776666666666666,1.88,1.46,1.65
50031,17,15,9,2012,15.044166666666667,4.69,3.73,4.39
50032,17,16,9,2012,15.553333333333333,4.7700000000000005,3.33,4.1
50033,17,17,9,2012,17.747500000000002,8.36,6.42,7.82
50034,17,18,9,2012,16.103333333333335,11.15,8.33,10.2
50035,17,19,9,2012,15.271666666666667,11.0,7.88,9.85
50036,17,20,9,2012,15.792500000000002,11.31,8.17,10.15
50037,17,21,9,2012,14.144999999999998,11.34,8.370000000000001,10.33
50038,17,22,9,2012,15.461666666666666,8.67,6.26,7.78
50039,17,23,9,2012,15.939166666666665,8.08,5.69,7.1400000000000015
50040,18,0,9,2012,14.410000000000002,8.17,2.81,5.28
50041,18,1,9,2012,13.603333333333333,9.1,2.88,6.72
50042,18,2,9,2012,12.565833333333332,12.89,3.65,7.9300000000000015
50043,18,3,9,2012,11.709999999999999,13.16,4.19,8.99
50044,18,4,9,2012,10.923333333333332,10.66,3.58,7.77
50045,18,5,9,2012,10.453333333333333,8.84,3.26,7.04
50046,18,6,9,2012,9.532499999999999,6.12,2.99,5.2700000000000005
50047,18,7,9,2012,9.329999999999998,6.0,3.61,5.8
50048,18,8,9,2012,8.669166666666667,6.54,3.83,6.33
50049,18,9,9,2012,8.589166666666666,7.48,4.08,7.0200000000000005
50050,18,10,9,2012,7.619166666666666,7.37,4.07,6.91
50051,18,11,9,2012,6.8516666666666675,6.58,3.59,6.53
50052,18,12,9,2012,6.3275,7.3900000000000015,3.59,6.66
50053,18,13,9,2012,7.754166666666666,7.42,3.66,5.61
50054,18,14,9,2012,9.422500000000001,5.11,3.25,3.81
50055,18,15,9,2012,11.6625,3.77,2.95,3.49
50056,18,16,9,2012,13.7525,3.2,2.53,2.98
50057,18,17,9,2012,15.305833333333332,2.48,1.97,2.3000000000000003
50058,18,18,9,2012,16.524166666666666,2.29,1.79,2.1
50059,18,19,9,2012,17.480833333333333,2.34,1.78,2.11
50060,18,20,9,2012,18.286666666666665,2.51,1.84,2.22
50061,18,21,9,2012,18.9175,2.48,1.84,2.21
50062,18,22,9,2012,19.38,2.79,1.9,2.39
50063,18,23,9,2012,19.066666666666666,3.96,1.94,3.13
50064,19,0,9,2012,17.080833333333334,5.41,2.71,4.97
50065,19,1,9,2012,16.045833333333334,8.03,4.12,6.91
50066,19,2,9,2012,15.07583333333333,8.77,4.37,7.37
50067,19,3,9,2012,14.485833333333334,11.78,5.78,8.9
50068,19,4,9,2012,14.330833333333333,13.44,6.8900000000000015,10.1
50069,19,5,9,2012,14.363333333333335,13.73,7.28,10.41
50070,19,6,9,2012,14.055833333333332,14.35,7.79,10.95
50071,19,7,9,2012,14.06,14.96,8.11,11.34
50072,19,8,9,2012,14.2875,15.69,8.64,11.98
50073,19,9,9,2012,14.476666666666668,16.03,8.870000000000003,12.24
50074,19,10,9,2012,14.225,15.67,8.61,11.87
50075,19,11,9,2012,14.142499999999998,16.04,8.65,12.04
50076,19,12,9,2012,13.9925,16.05,8.85,12.09
50077,19,13,9,2012,15.344999999999999,15.7,9.25,12.11
50078,19,14,9,2012,17.395833333333332,13.52,8.620000000000001,10.64
50079,19,15,9,2012,19.705000000000002,11.37,8.51,10.34
50080,19,16,9,2012,22.183333333333334,10.57,8.1,9.78
50081,19,17,9,2012,24.463333333333335,10.37,7.83,9.51
50082,19,18,9,2012,26.179999999999996,10.39,7.67,9.4
50083,19,19,9,2012,27.618333333333336,10.45,7.72,9.46
50084,19,20,9,2012,28.733333333333334,10.31,7.44,9.21
50085,19,21,9,2012,29.55416666666667,9.66,6.8500000000000005,8.51
50086,19,22,9,2012,29.745000000000005,8.01,5.5,6.94
50087,19,23,9,2012,27.84166666666667,14.73,7.11,10.67
50088,20,0,9,2012,24.164166666666663,14.75,6.78,10.29
50089,20,1,9,2012,21.960833333333337,14.32,5.87,9.73
50090,20,2,9,2012,20.24833333333333,12.13,4.62,8.11
50091,20,3,9,2012,18.61,12.54,4.12,8.09
50092,20,4,9,2012,17.768333333333334,12.15,4.1,7.96
50093,20,5,9,2012,16.849999999999998,9.78,3.52,6.72
50094,20,6,9,2012,16.06083333333333,9.31,2.5500000000000003,5.87
50095,20,7,9,2012,15.435000000000002,8.49,2.91,5.92
50096,20,8,9,2012,15.14,7.1400000000000015,2.46,5.14
50097,20,9,9,2012,14.755,4.99,1.93,3.7
50098,20,10,9,2012,14.313333333333334,4.16,2.01,3.62
50099,20,11,9,2012,13.538333333333332,3.94,1.96,3.61
50100,20,12,9,2012,12.601666666666667,3.28,1.86,3.11
50101,20,13,9,2012,13.379166666666665,2.7,2.11,2.82
50102,20,14,9,2012,15.854999999999999,2.61,2.18,2.51
50103,20,15,9,2012,18.093333333333334,2.8000000000000003,2.32,2.68
50104,20,16,9,2012,19.64916666666667,3.12,2.47,2.9
50105,20,17,9,2012,20.644166666666667,3.42,2.67,3.15
50106,20,18,9,2012,21.290833333333335,3.5500000000000003,2.74,3.24
50107,20,19,9,2012,21.838333333333335,3.51,2.7,3.19
50108,20,20,9,2012,22.16333333333333,3.42,2.64,3.14
50109,20,21,9,2012,22.27083333333333,3.23,2.56,3.01
50110,20,22,9,2012,22.331666666666667,2.09,1.65,1.93
50111,20,23,9,2012,21.63333333333333,0.94,0.6900000000000001,0.8300000000000001
50112,21,0,9,2012,20.00583333333333,1.27,0.49,1.28
50113,21,1,9,2012,19.343333333333334,2.31,1.1,2.21
50114,21,2,9,2012,19.095000000000002,3.81,1.85,3.3200000000000003
50115,21,3,9,2012,18.7725,5.98,3.06,5.24
50116,21,4,9,2012,18.499166666666664,8.09,3.85,6.34
50117,21,5,9,2012,18.094166666666666,9.78,4.43,7.18
50118,21,6,9,2012,17.493333333333332,9.98,4.82,7.51
50119,21,7,9,2012,16.903333333333336,11.48,5.41,8.18
50120,21,8,9,2012,16.595833333333335,12.51,5.57,8.75
50121,21,9,9,2012,16.415000000000003,12.65,5.74,8.97
50122,21,10,9,2012,15.902500000000002,12.24,5.55,8.76
50123,21,11,9,2012,15.519166666666665,11.56,5.82,8.89
50124,21,12,9,2012,15.25333333333333,12.33,6.19,9.23
50125,21,13,9,2012,15.656666666666672,12.33,6.72,9.01
50126,21,14,9,2012,17.45416666666667,10.09,6.59,8.31
50127,21,15,9,2012,19.315833333333334,9.26,6.73,8.27
50128,21,16,9,2012,21.46666666666667,11.71,8.290000000000001,10.35
50129,21,17,9,2012,22.3275,13.13,9.19,11.51
50130,21,18,9,2012,22.729166666666668,13.34,9.43,11.79
50131,21,19,9,2012,22.867500000000003,13.22,9.33,11.66
50132,21,20,9,2012,22.911666666666665,12.13,8.59,10.75
50133,21,21,9,2012,22.780833333333334,11.4,8.06,10.08
50134,21,22,9,2012,22.473333333333333,10.64,7.41,9.38
50135,21,23,9,2012,21.259999999999998,10.72,6.37,8.35
50136,22,0,9,2012,18.517500000000002,10.88,4.25,7.79
50137,22,1,9,2012,17.36,11.12,4.04,8.02
50138,22,2,9,2012,16.53916666666667,10.43,3.84,7.51
50139,22,3,9,2012,15.980833333333337,8.91,3.48,7.1400000000000015
50140,22,4,9,2012,15.6075,6.2700000000000005,3.18,6.15
50141,22,5,9,2012,15.16916666666667,5.62,2.84,4.79
50142,22,6,9,2012,14.444166666666668,5.7,3.58,5.96
50143,22,7,9,2012,13.471666666666666,8.47,3.94,7.32
50144,22,8,9,2012,12.375,10.28,4.82,8.18
50145,22,9,9,2012,11.805833333333332,11.17,4.6000000000000005,8.07
50146,22,10,9,2012,10.808333333333332,10.75,4.2700000000000005,7.62
50147,22,11,9,2012,9.909166666666666,12.72,4.43,8.08
50148,22,12,9,2012,8.557500000000001,12.62,4.96,8.19
50149,22,13,9,2012,8.506666666666666,11.95,6.58,8.290000000000001
50150,22,14,9,2012,9.253333333333332,9.6,7.25,8.81
50151,22,15,9,2012,9.945000000000002,9.21,6.93,8.45
50152,22,16,9,2012,10.7975,8.9,6.71,8.14
50153,22,17,9,2012,12.031666666666666,7.57,5.71,6.88
50154,22,18,9,2012,13.2175,7.46,5.61,6.76
50155,22,19,9,2012,14.134166666666665,7.09,5.33,6.44
50156,22,20,9,2012,14.77083333333333,6.43,4.87,5.86
50157,22,21,9,2012,15.122499999999997,6.44,4.83,5.84
50158,22,22,9,2012,15.073333333333336,5.97,4.43,5.4
50159,22,23,9,2012,14.071666666666667,5.69,4.08,5.05
50160,23,0,9,2012,11.645000000000001,6.75,2.04,4.38
50161,23,1,9,2012,10.435833333333333,6.6000000000000005,1.39,4.58
50162,23,2,9,2012,9.378333333333334,6.63,1.26,4.14
50163,23,3,9,2012,8.795833333333334,5.3100000000000005,1.25,3.13
50164,23,4,9,2012,8.334166666666667,3.88,0.65,1.91
50165,23,5,9,2012,7.984166666666666,4.1,0.85,2.28
50166,23,6,9,2012,7.554166666666667,3.13,0.49,1.61
50167,23,7,9,2012,7.2441666666666675,2.91,0.4,1.47
50168,23,8,9,2012,6.685,2.99,0.56,1.69
50169,23,9,9,2012,5.886666666666668,3.03,0.59,1.78
50170,23,10,9,2012,5.691666666666666,3.13,0.6,1.79
50171,23,11,9,2012,5.7775,3.17,0.51,1.65
50172,23,12,9,2012,5.209166666666667,2.74,0.54,1.45
50173,23,13,9,2012,6.220833333333334,2.34,0.53,0.96
50174,23,14,9,2012,8.481666666666667,1.61,1.28,1.28
50175,23,15,9,2012,11.108333333333334,1.42,1.54,1.61
50176,23,16,9,2012,13.870000000000003,1.81,1.49,1.71
50177,23,17,9,2012,15.361666666666666,2.05,1.78,2.0
50178,23,18,9,2012,16.403333333333332,2.4,2.11,2.36
50179,23,19,9,2012,17.2925,2.56,2.23,2.51
50180,23,20,9,2012,17.988333333333333,2.57,2.15,2.46
50181,23,21,9,2012,18.370833333333334,3.09,2.5500000000000003,2.95
50182,23,22,9,2012,18.5075,3.25,2.5,3.01
50183,23,23,9,2012,17.710833333333333,4.07,2.57,3.44
50184,24,0,9,2012,15.604166666666664,5.76,2.26,4.74
50185,24,1,9,2012,14.631666666666668,7.26,3.2,6.21
50186,24,2,9,2012,14.040833333333337,8.43,3.65,7.11
50187,24,3,9,2012,13.403333333333334,8.64,4.0200000000000005,7.46
50188,24,4,9,2012,12.771666666666667,9.01,4.21,7.72
50189,24,5,9,2012,12.585833333333335,9.69,4.46,7.97
50190,24,6,9,2012,12.152500000000002,9.9,4.5200000000000005,7.8900000000000015
50191,24,7,9,2012,11.68916666666667,10.31,4.43,7.67
50192,24,8,9,2012,11.513333333333334,11.64,4.8500000000000005,8.17
50193,24,9,9,2012,11.319166666666668,11.85,5.3100000000000005,8.48
50194,24,10,9,2012,10.954166666666667,12.22,5.47,8.59
50195,24,11,9,2012,10.797500000000001,12.57,6.96,9.49
50196,24,12,9,2012,10.292499999999999,12.43,6.23,8.53
50197,24,13,9,2012,10.923333333333332,11.85,5.88,8.27
50198,24,14,9,2012,12.795833333333333,7.58,5.39,6.5
50199,24,15,9,2012,15.525833333333331,7.58,5.7700000000000005,6.93
50200,24,16,9,2012,18.014166666666664,7.05,5.29,6.4
50201,24,17,9,2012,20.0125,6.28,4.71,5.7
50202,24,18,9,2012,21.590000000000003,5.59,4.2700000000000005,5.11
50203,24,19,9,2012,22.629166666666666,5.8100000000000005,4.42,5.33
50204,24,20,9,2012,23.297500000000003,5.95,4.5,5.43
50205,24,21,9,2012,23.809166666666666,8.38,6.2,7.6
50206,24,22,9,2012,23.736666666666665,8.84,6.43,7.97
50207,24,23,9,2012,22.72583333333333,6.01,2.05,4.01
50208,25,0,9,2012,21.64,6.99,3.82,5.59
50209,25,1,9,2012,19.2,6.08,3.79,5.88
50210,25,2,9,2012,17.544999999999998,7.97,3.18,5.92
50211,25,3,9,2012,18.575,6.94,3.73,6.1400000000000015
50212,25,4,9,2012,18.564166666666665,7.32,2.87,5.34
50213,25,5,9,2012,16.956666666666667,7.9300000000000015,2.11,5.1000000000000005
50214,25,6,9,2012,16.2925,10.36,3.69,7.36
50215,25,7,9,2012,16.470000000000002,10.62,4.84,8.31
50216,25,8,9,2012,15.367499999999998,4.04,2.51,3.16
50217,25,9,9,2012,15.3525,5.29,2.9,4.82
50218,25,10,9,2012,14.31666666666667,5.92,3.14,4.97
50219,25,11,9,2012,14.155,3.92,1.13,2.48
50220,25,12,9,2012,14.199166666666665,5.24,2.24,4.09
50221,25,13,9,2012,14.930833333333334,4.53,2.45,3.49
50222,25,14,9,2012,16.710833333333333,4.66,3.47,3.94
50223,25,15,9,2012,18.7175,4.78,3.8,4.49
50224,25,16,9,2012,20.878333333333337,4.33,3.4,4.0200000000000005
50225,25,17,9,2012,22.453333333333333,3.19,2.63,3.02
50226,25,18,9,2012,23.81583333333333,3.33,2.68,3.12
50227,25,19,9,2012,24.865833333333338,3.56,2.87,3.34
50228,25,20,9,2012,25.485833333333332,3.03,2.5500000000000003,2.91
50229,25,21,9,2012,25.79416666666667,2.95,2.47,2.84
50230,25,22,9,2012,25.887500000000003,2.54,2.03,2.38
50231,25,23,9,2012,25.295833333333334,2.62,1.85,2.49
50232,26,0,9,2012,23.573333333333327,3.63,1.09,2.42
50233,26,1,9,2012,21.88166666666667,5.6000000000000005,2.0,4.11
50234,26,2,9,2012,21.300833333333333,5.73,1.98,4.3500000000000005
50235,26,3,9,2012,20.69833333333333,5.41,2.08,4.0600000000000005
50236,26,4,9,2012,19.014166666666664,6.3500000000000005,2.43,4.63
50237,26,5,9,2012,18.20583333333333,6.34,1.66,4.1
50238,26,6,9,2012,18.305833333333336,5.96,1.9,3.11
50239,26,7,9,2012,18.569166666666664,6.3100000000000005,3.21,4.7
50240,26,8,9,2012,17.791666666666668,4.5600000000000005,1.64,3.44
50241,26,9,9,2012,16.466666666666665,4.43,2.67,4.3500000000000005
50242,26,10,9,2012,15.025833333333333,6.37,3.3000000000000003,5.38
50243,26,11,9,2012,14.751666666666667,8.43,4.2700000000000005,6.48
50244,26,12,9,2012,13.875833333333333,7.65,2.99,5.14
50245,26,13,9,2012,14.050833333333332,4.97,3.24,3.68
50246,26,14,9,2012,15.200000000000001,5.0,3.54,4.0200000000000005
50247,26,15,9,2012,17.066666666666663,3.8,3.14,3.65
50248,26,16,9,2012,19.39666666666667,5.01,3.96,4.69
50249,26,17,9,2012,21.40416666666667,5.23,4.09,4.86
50250,26,18,9,2012,22.770833333333332,3.98,3.14,3.7
50251,26,19,9,2012,23.875,4.39,3.4,4.04
50252,26,20,9,2012,24.655833333333334,4.61,3.52,4.22
50253,26,21,9,2012,25.02666666666667,5.62,4.2700000000000005,5.16
50254,26,22,9,2012,24.855833333333337,5.91,4.29,5.33
50255,26,23,9,2012,23.56083333333333,7.53,4.25,5.76
50256,27,0,9,2012,20.919999999999998,10.96,3.54,7.8
50257,27,1,9,2012,18.746666666666666,11.02,3.04,7.26
50258,27,2,9,2012,17.264166666666664,8.89,2.53,6.01
50259,27,3,9,2012,16.13416666666667,9.54,2.54,5.62
50260,27,4,9,2012,15.334166666666668,9.13,1.85,5.18
50261,27,5,9,2012,14.629166666666668,8.4,1.92,5.05
50262,27,6,9,2012,13.914166666666665,7.62,2.02,4.47
50263,27,7,9,2012,13.200000000000001,5.74,1.95,3.82
50264,27,8,9,2012,12.530833333333334,5.63,2.12,4.0600000000000005
50265,27,9,9,2012,11.512500000000001,5.08,2.1,3.89
50266,27,10,9,2012,10.575000000000001,5.26,2.43,4.36
50267,27,11,9,2012,9.5425,5.1000000000000005,2.28,4.14
50268,27,12,9,2012,8.765000000000002,4.64,2.19,3.8
50269,27,13,9,2012,9.165,4.82,2.48,3.7
50270,27,14,9,2012,11.802500000000002,5.16,2.92,3.33
50271,27,15,9,2012,15.143333333333333,3.38,2.75,3.19
50272,27,16,9,2012,17.84333333333333,3.58,2.94,3.41
50273,27,17,9,2012,19.778333333333332,3.87,3.11,3.64
50274,27,18,9,2012,21.228333333333335,3.5500000000000003,2.87,3.34
50275,27,19,9,2012,22.1925,3.36,2.76,3.18
50276,27,20,9,2012,22.833333333333332,2.5,2.12,2.41
50277,27,21,9,2012,23.125833333333333,2.26,1.93,2.19
50278,27,22,9,2012,23.085833333333337,2.5,1.97,2.38
50279,27,23,9,2012,21.959166666666665,3.16,1.96,2.9
50280,28,0,9,2012,19.575,4.46,1.4,3.01
50281,28,1,9,2012,18.388333333333332,4.3500000000000005,1.18,2.8000000000000003
50282,28,2,9,2012,17.37,3.82,1.1,2.36
50283,28,3,9,2012,16.353333333333335,3.92,1.05,2.28
50284,28,4,9,2012,15.67583333333333,5.2700000000000005,1.22,3.02
50285,28,5,9,2012,14.707500000000001,5.36,1.4,3.1
50286,28,6,9,2012,13.816666666666665,4.64,1.39,3.0
50287,28,7,9,2012,13.239166666666664,4.21,1.47,3.13
50288,28,8,9,2012,13.038333333333334,4.29,1.43,2.99
50289,28,9,9,2012,13.076666666666666,3.86,1.16,2.48
50290,28,10,9,2012,12.078333333333333,3.37,1.01,2.22
50291,28,11,9,2012,11.035833333333334,3.36,1.01,2.3000000000000003
50292,28,12,9,2012,10.810833333333333,3.23,0.89,1.93
50293,28,13,9,2012,10.969166666666666,4.66,2.17,2.83
50294,28,14,9,2012,13.1425,5.08,2.37,2.74
50295,28,15,9,2012,16.453333333333333,2.87,2.24,2.6
50296,28,16,9,2012,18.913333333333338,3.35,2.73,3.17
50297,28,17,9,2012,20.363333333333333,3.39,2.78,3.21
50298,28,18,9,2012,21.3875,3.42,2.77,3.21
50299,28,19,9,2012,22.128333333333334,3.91,3.11,3.63
50300,28,20,9,2012,22.5,4.09,3.34,3.88
50301,28,21,9,2012,22.6825,3.47,2.92,3.34
50302,28,22,9,2012,22.549166666666665,3.67,2.96,3.51
50303,28,23,9,2012,21.551666666666666,5.0600000000000005,3.42,5.41
50304,29,0,9,2012,18.805000000000003,6.61,3.22,5.26
50305,29,1,9,2012,17.0875,8.23,2.37,5.67
50306,29,2,9,2012,16.044166666666666,9.3,3.09,6.96
50307,29,3,9,2012,15.450000000000001,9.31,3.31,7.15
50308,29,4,9,2012,15.019166666666669,8.11,3.04,6.97
50309,29,5,9,2012,14.405833333333334,7.42,2.8000000000000003,6.34
50310,29,6,9,2012,13.831666666666663,6.01,2.7,5.01
50311,29,7,9,2012,13.565833333333332,5.59,2.66,4.91
50312,29,8,9,2012,13.155833333333334,5.83,2.74,5.07
50313,29,9,9,2012,12.501666666666665,5.25,2.62,4.59
50314,29,10,9,2012,11.759166666666667,4.82,2.24,3.94
50315,29,11,9,2012,10.635833333333336,3.49,0.67,1.86
50316,29,12,9,2012,9.805833333333334,2.76,0.46,1.32
50317,29,13,9,2012,10.939166666666665,2.73,0.47,1.3
50318,29,14,9,2012,13.449166666666668,2.15,1.14,1.16
50319,29,15,9,2012,16.029999999999998,1.86,1.63,1.83
50320,29,16,9,2012,18.47833333333333,2.39,1.98,2.27
50321,29,17,9,2012,19.860000000000003,3.11,2.6,2.98
50322,29,18,9,2012,20.760833333333334,3.16,2.63,3.02
50323,29,19,9,2012,21.5425,2.91,2.42,2.78
50324,29,20,9,2012,22.191666666666666,2.96,2.44,2.82
50325,29,21,9,2012,22.49666666666667,2.98,2.51,2.86
50326,29,22,9,2012,22.524166666666662,2.95,2.37,2.81
50327,29,23,9,2012,21.349999999999998,2.87,2.25,2.91
50328,30,0,9,2012,19.154999999999998,2.83,1.23,2.52
50329,30,1,9,2012,18.114166666666662,2.29,0.21,1.18
50330,30,2,9,2012,17.665,2.04,0.13,0.85
50331,30,3,9,2012,17.512500000000003,2.14,0.36,0.92
50332,30,4,9,2012,17.081666666666667,1.62,0.29,0.73
50333,30,5,9,2012,16.248333333333335,1.58,0.44,1.14
50334,30,6,9,2012,15.236666666666666,1.43,0.46,1.03
50335,30,7,9,2012,14.6825,1.29,1.16,1.62
50336,30,8,9,2012,14.393333333333336,1.66,1.52,2.26
50337,30,9,9,2012,14.192500000000003,2.26,1.8,2.85
50338,30,10,9,2012,13.925833333333335,2.44,1.73,2.74
50339,30,11,9,2012,13.620833333333332,3.27,2.13,3.5
50340,30,12,9,2012,13.090000000000002,3.75,2.34,3.92
50341,30,13,9,2012,13.324999999999998,3.87,2.49,4.07
50342,30,14,9,2012,15.274166666666668,3.5700000000000003,2.14,2.84
50343,30,15,9,2012,17.888333333333332,2.77,2.06,2.34
50344,30,16,9,2012,20.404999999999998,2.21,1.86,2.14
50345,30,17,9,2012,22.086666666666662,2.33,1.98,2.27
50346,30,18,9,2012,23.0725,2.23,1.9,2.17
50347,30,19,9,2012,23.921666666666663,1.79,1.49,1.71
50348,30,20,9,2012,24.470833333333335,1.59,1.36,1.53
50349,30,21,9,2012,24.73,1.44,1.23,1.39
50350,30,22,9,2012,24.705833333333334,1.76,1.43,1.68
50351,30,23,9,2012,23.62833333333333,1.55,0.85,1.43
50352,1,0,10,2012,22.105833333333337,1.1,0.41,0.77
50353,1,1,10,2012,21.278333333333332,1.66,0.8200000000000001,1.37
50354,1,2,10,2012,20.810833333333335,2.93,1.61,2.79
50355,1,3,10,2012,20.37666666666667,3.5,1.87,3.24
50356,1,4,10,2012,19.4475,3.63,2.17,3.65
50357,1,5,10,2012,18.67166666666667,4.91,3.14,4.8
50358,1,6,10,2012,18.30333333333333,5.45,3.26,5.19
50359,1,7,10,2012,17.790833333333335,5.94,3.42,5.58
50360,1,8,10,2012,17.55416666666667,6.66,3.45,6.07
50361,1,9,10,2012,17.016666666666666,7.28,3.41,6.13
50362,1,10,10,2012,16.400000000000002,7.84,3.58,6.47
50363,1,11,10,2012,15.761666666666665,9.46,4.5,7.24
50364,1,12,10,2012,15.0025,9.67,4.15,7.01
50365,1,13,10,2012,15.1625,9.02,3.9,6.5200000000000005
50366,1,14,10,2012,15.991666666666667,7.55,4.92,5.93
50367,1,15,10,2012,17.583333333333332,8.040000000000001,6.11,7.42
50368,1,16,10,2012,19.13416666666667,10.22,7.43,9.2
50369,1,17,10,2012,20.99083333333333,11.72,8.41,10.46
50370,1,18,10,2012,22.019166666666663,12.42,8.85,11.04
50371,1,19,10,2012,22.4275,12.76,9.12,11.38
50372,1,20,10,2012,21.97083333333333,13.04,9.34,11.68
50373,1,21,10,2012,21.771666666666672,12.24,8.64,10.88
50374,1,22,10,2012,21.128333333333334,12.03,8.48,10.67
50375,1,23,10,2012,20.286666666666665,11.63,7.7,10.04
50376,2,0,10,2012,19.069166666666664,12.72,5.86,9.04
50377,2,1,10,2012,17.713333333333335,13.26,6.15,9.5
50378,2,2,10,2012,16.715,13.62,6.44,9.84
50379,2,3,10,2012,15.489166666666664,12.95,5.59,9.01
50380,2,4,10,2012,14.477500000000001,12.43,4.91,8.32
50381,2,5,10,2012,13.576666666666668,12.02,5.3,8.39
50382,2,6,10,2012,12.619166666666667,11.57,5.17,8.23
50383,2,7,10,2012,11.714999999999998,11.51,4.98,8.11
50384,2,8,10,2012,11.0175,11.55,4.93,8.05
50385,2,9,10,2012,10.265833333333335,10.82,4.72,7.86
50386,2,10,10,2012,9.535833333333334,10.22,4.65,7.68
50387,2,11,10,2012,8.926666666666668,9.31,4.34,7.29
50388,2,12,10,2012,7.969166666666667,8.57,4.18,7.27
50389,2,13,10,2012,8.6925,8.51,4.65,7.22
50390,2,14,10,2012,10.574999999999998,7.22,4.03,5.09
50391,2,15,10,2012,13.359166666666667,4.96,3.61,4.25
50392,2,16,10,2012,15.736666666666666,4.19,3.34,3.95
50393,2,17,10,2012,17.735833333333332,3.84,3.01,3.58
50394,2,18,10,2012,19.017500000000002,3.54,2.76,3.28
50395,2,19,10,2012,19.909166666666664,2.91,2.31,2.72
50396,2,20,10,2012,20.500833333333336,2.5500000000000003,2.02,2.37
50397,2,21,10,2012,20.846666666666668,2.23,1.79,2.09
50398,2,22,10,2012,20.82916666666667,1.81,1.53,1.75
50399,2,23,10,2012,19.4525,1.04,0.8200000000000001,1.0
50400,3,0,10,2012,17.195000000000004,0.34,0.65,0.38
50401,3,1,10,2012,16.4225,1.31,0.78,1.28
50402,3,2,10,2012,16.01666666666667,2.47,1.55,2.38
50403,3,3,10,2012,15.735833333333332,3.26,2.15,3.35
50404,3,4,10,2012,15.332500000000001,4.0200000000000005,2.53,3.99
50405,3,5,10,2012,14.884166666666665,4.64,2.77,4.53
50406,3,6,10,2012,13.913333333333334,4.88,3.34,5.12
50407,3,7,10,2012,13.292500000000002,5.8,3.44,5.51
50408,3,8,10,2012,12.565,6.17,3.63,5.79
50409,3,9,10,2012,12.3375,6.3500000000000005,3.53,5.64
50410,3,10,10,2012,11.711666666666666,6.97,4.25,6.29
50411,3,11,10,2012,11.228333333333333,7.13,4.01,6.2
50412,3,12,10,2012,10.370833333333332,8.46,4.29,7.52
50413,3,13,10,2012,11.017499999999998,9.08,4.64,7.59
50414,3,14,10,2012,14.026666666666666,8.73,4.3,6.3100000000000005
50415,3,15,10,2012,17.21666666666667,7.01,4.5,5.41
50416,3,16,10,2012,19.727500000000003,8.06,5.72,7.1000000000000005
50417,3,17,10,2012,21.208333333333332,8.98,6.5,8.03
50418,3,18,10,2012,22.227500000000003,9.23,6.7,8.28
50419,3,19,10,2012,22.940833333333334,9.34,6.74,8.35
50420,3,20,10,2012,23.587500000000006,9.68,6.95,8.65
50421,3,21,10,2012,23.735833333333336,9.96,7.03,8.84
50422,3,22,10,2012,23.481666666666666,10.02,7.0600000000000005,8.88
50423,3,23,10,2012,21.558333333333334,10.43,4.7,7.84
50424,4,0,10,2012,19.206666666666667,12.84,5.04,8.790000000000001
50425,4,1,10,2012,18.17166666666667,13.74,5.66,9.26
50426,4,2,10,2012,18.649166666666666,13.63,7.13,9.96
50427,4,3,10,2012,19.388333333333335,13.12,7.22,10.02
50428,4,4,10,2012,18.805833333333336,12.96,6.6400000000000015,9.31
50429,4,5,10,2012,18.6125,14.32,6.55,9.76
50430,4,6,10,2012,18.13583333333333,13.93,6.67,9.88
50431,4,7,10,2012,16.41916666666667,13.57,6.5,9.56
50432,4,8,10,2012,13.825000000000003,14.03,7.9300000000000015,10.62
50433,4,9,10,2012,11.972499999999998,12.29,6.75,9.34
50434,4,10,10,2012,11.414999999999997,11.91,6.44,8.99
50435,4,11,10,2012,11.210833333333333,10.64,6.29,8.26
50436,4,12,10,2012,10.7325,13.21,8.13,10.83
50437,4,13,10,2012,9.685,12.07,8.290000000000001,10.36
50438,4,14,10,2012,9.0925,12.74,9.0,11.26
50439,4,15,10,2012,7.544166666666666,11.59,8.45,10.35
50440,4,16,10,2012,6.766666666666667,8.01,5.91,7.25
50441,4,17,10,2012,6.926666666666666,8.58,6.17,7.66
50442,4,18,10,2012,7.188333333333333,8.620000000000001,6.21,7.7
50443,4,19,10,2012,8.577499999999999,6.51,4.68,5.7700000000000005
50444,4,20,10,2012,10.479166666666666,6.67,4.92,5.98
50445,4,21,10,2012,11.788333333333332,6.74,4.7700000000000005,5.93
50446,4,22,10,2012,12.565833333333332,7.07,5.21,6.36
50447,4,23,10,2012,11.998333333333335,6.69,4.2,5.21
50448,5,0,10,2012,11.706666666666665,7.25,4.1,5.64
50449,5,1,10,2012,11.240833333333335,6.3100000000000005,3.13,4.5
50450,5,2,10,2012,10.879999999999997,8.06,4.91,6.44
50451,5,3,10,2012,9.855000000000002,9.26,6.41,8.040000000000001
50452,5,4,10,2012,7.453333333333332,8.85,6.18,7.72
50453,5,5,10,2012,6.475833333333334,5.97,3.82,4.6000000000000005
50454,5,6,10,2012,6.695833333333334,4.22,1.6,1.92
50455,5,7,10,2012,7.011666666666667,5.11,2.11,2.83
50456,5,8,10,2012,7.211666666666666,5.78,3.25,4.41
50457,5,9,10,2012,7.245833333333333,5.92,3.17,4.44
50458,5,10,10,2012,6.849166666666666,7.6,3.21,5.71
50459,5,11,10,2012,6.156666666666667,7.59,3.54,5.7
50460,5,12,10,2012,5.937500000000001,6.4,3.3000000000000003,4.75
50461,5,13,10,2012,5.925833333333333,6.1000000000000005,3.34,4.73
50462,5,14,10,2012,6.013333333333333,5.9,4.34,5.3
50463,5,15,10,2012,6.289166666666667,5.75,4.28,5.21
50464,5,16,10,2012,6.8475,6.01,4.51,5.46
50465,5,17,10,2012,8.098333333333334,6.22,4.7,5.64
50466,5,18,10,2012,9.181666666666665,8.3,6.18,7.5
50467,5,19,10,2012,9.14,8.23,6.1400000000000015,7.46
50468,5,20,10,2012,9.882499999999999,6.2,4.58,5.55
50469,5,21,10,2012,10.313333333333334,7.54,5.67,6.86
50470,5,22,10,2012,10.190833333333334,6.37,4.74,5.74
50471,5,23,10,2012,9.578333333333335,5.44,3.82,4.76
50472,6,0,10,2012,8.178333333333333,5.55,2.22,4.41
50473,6,1,10,2012,7.475833333333331,6.18,2.37,4.68
50474,6,2,10,2012,6.7058333333333335,9.78,3.68,7.54
50475,6,3,10,2012,6.0200000000000005,10.69,3.85,7.47
50476,6,4,10,2012,5.161666666666666,11.27,4.12,7.5
50477,6,5,10,2012,4.635000000000001,10.9,3.97,7.3900000000000015
50478,6,6,10,2012,4.199166666666667,8.97,3.86,6.73
50479,6,7,10,2012,3.7033333333333336,8.3,3.86,6.48
50480,6,8,10,2012,2.9091666666666662,9.01,3.82,6.5
50481,6,9,10,2012,2.5900000000000003,8.03,3.66,5.98
50482,6,10,10,2012,2.733333333333333,8.21,3.67,6.01
50483,6,11,10,2012,2.294166666666667,7.61,3.46,5.24
50484,6,12,10,2012,1.8458333333333334,6.75,3.47,4.7700000000000005
50485,6,13,10,2012,1.706666666666667,6.78,3.77,5.0600000000000005
50486,6,14,10,2012,2.4558333333333335,6.43,4.64,5.7
50487,6,15,10,2012,3.496666666666666,7.31,5.43,6.59
50488,6,16,10,2012,4.430000000000001,7.0600000000000005,5.25,6.37
50489,6,17,10,2012,5.544999999999999,6.98,5.24,6.32
50490,6,18,10,2012,6.5233333333333325,6.88,5.14,6.21
50491,6,19,10,2012,7.333333333333335,5.86,4.43,5.32
50492,6,20,10,2012,7.975833333333333,6.42,4.79,5.8100000000000005
50493,6,21,10,2012,8.228333333333333,6.8100000000000005,5.04,6.13
50494,6,22,10,2012,8.277500000000002,6.6000000000000005,4.8100000000000005,5.88
50495,6,23,10,2012,7.884166666666666,6.61,4.58,5.76
50496,7,0,10,2012,7.290833333333334,7.16,3.35,4.87
50497,7,1,10,2012,6.7425,7.72,3.34,5.42
50498,7,2,10,2012,5.558333333333334,8.16,2.9,5.73
50499,7,3,10,2012,4.7925,7.67,2.45,5.39
50500,7,4,10,2012,4.3575,7.55,2.56,5.12
50501,7,5,10,2012,3.4808333333333334,5.94,2.45,5.08
50502,7,6,10,2012,2.5933333333333337,5.29,2.57,5.16
50503,7,7,10,2012,2.1383333333333336,5.12,2.56,4.98
50504,7,8,10,2012,1.7675,4.37,2.5,4.3
50505,7,9,10,2012,1.0083333333333333,4.04,2.58,3.9
50506,7,10,10,2012,0.19416666666666668,4.59,3.08,4.54
50507,7,11,10,2012,-0.3233333333333333,5.74,3.72,5.4
50508,7,12,10,2012,-0.755,6.33,3.98,5.7
50509,7,13,10,2012,-0.4083333333333332,6.84,4.08,5.8
50510,7,14,10,2012,2.49,6.78,3.89,4.86
50511,7,15,10,2012,5.524166666666666,4.45,3.34,4.01
50512,7,16,10,2012,7.39,4.65,3.5,4.21
50513,7,17,10,2012,8.636666666666668,5.28,3.97,4.79
50514,7,18,10,2012,9.49,5.58,4.21,5.07
50515,7,19,10,2012,10.172500000000001,5.7,4.2700000000000005,5.15
50516,7,20,10,2012,10.716666666666669,5.86,4.32,5.24
50517,7,21,10,2012,11.112500000000002,7.18,5.18,6.4
50518,7,22,10,2012,11.08,7.66,5.29,6.68
50519,7,23,10,2012,9.862500000000002,8.38,5.29,6.75
50520,8,0,10,2012,8.1625,10.23,4.05,7.54
50521,8,1,10,2012,7.5858333333333325,11.05,4.51,7.96
50522,8,2,10,2012,7.165833333333333,11.96,4.88,8.42
50523,8,3,10,2012,6.975833333333334,11.89,5.04,8.5
50524,8,4,10,2012,6.699999999999999,13.56,5.74,9.23
50525,8,5,10,2012,6.284166666666667,13.93,6.1000000000000005,9.56
50526,8,6,10,2012,6.090833333333333,14.24,6.38,9.8
50527,8,7,10,2012,5.748333333333332,14.56,6.58,10.0
50528,8,8,10,2012,5.134166666666666,14.66,6.7,10.1
50529,8,9,10,2012,4.6225,14.64,7.1000000000000005,10.39
50530,8,10,10,2012,4.381666666666668,14.94,7.38,10.7
50531,8,11,10,2012,4.427499999999999,15.36,7.79,11.11
50532,8,12,10,2012,4.5166666666666675,15.25,7.77,11.07
50533,8,13,10,2012,4.987500000000001,14.73,8.55,11.1
50534,8,14,10,2012,6.55,12.29,7.81,10.56
50535,8,15,10,2012,8.805000000000001,9.84,7.38,8.94
50536,8,16,10,2012,11.350833333333332,10.71,7.84,9.63
50537,8,17,10,2012,13.44416666666667,11.44,8.27,10.21
50538,8,18,10,2012,14.960833333333335,11.76,8.43,10.44
50539,8,19,10,2012,16.13916666666667,11.94,8.540000000000001,10.59
50540,8,20,10,2012,16.839166666666667,12.31,8.75,10.91
50541,8,21,10,2012,17.081666666666667,12.5,8.83,11.05
50542,8,22,10,2012,16.892500000000002,12.7,8.91,11.2
50543,8,23,10,2012,15.521666666666667,13.53,7.38,10.1
50544,9,0,10,2012,13.842500000000001,15.03,7.86,11.19
50545,9,1,10,2012,12.933333333333332,15.77,8.63,12.01
50546,9,2,10,2012,12.395833333333334,16.43,9.22,12.66
50547,9,3,10,2012,11.76,16.85,9.51,12.99
50548,9,4,10,2012,11.138333333333335,16.84,9.52,12.98
50549,9,5,10,2012,10.443333333333333,17.150000000000002,9.74,13.23
50550,9,6,10,2012,10.023333333333333,17.21,9.74,13.25
50551,9,7,10,2012,9.634166666666664,16.93,9.61,13.04
50552,9,8,10,2012,9.496666666666664,16.830000000000002,9.55,12.91
50553,9,9,10,2012,9.501666666666667,16.19,9.54,12.7
50554,9,10,10,2012,9.258333333333333,14.7,8.67,11.55
50555,9,11,10,2012,9.0025,14.22,8.45,11.23
50556,9,12,10,2012,8.483333333333334,12.51,7.35,9.82
50557,9,13,10,2012,8.5625,11.04,6.58,8.540000000000001
50558,9,14,10,2012,9.695833333333335,9.61,6.11,7.97
50559,9,15,10,2012,11.456666666666669,6.95,5.26,6.34
50560,9,16,10,2012,13.275,5.57,4.26,5.09
50561,9,17,10,2012,14.553333333333333,5.88,4.5,5.38
50562,9,18,10,2012,15.219166666666666,7.9,5.89,7.11
50563,9,19,10,2012,14.892499999999998,8.78,6.42,7.9
50564,9,20,10,2012,14.100833333333334,10.77,7.61,9.57
50565,9,21,10,2012,14.49916666666667,8.6,6.17,7.63
50566,9,22,10,2012,14.641666666666666,9.58,6.83,8.56
50567,9,23,10,2012,12.972500000000002,9.3,6.67,8.32
50568,10,0,10,2012,11.074166666666668,11.28,3.95,7.43
50569,10,1,10,2012,10.120833333333334,11.08,4.32,7.74
50570,10,2,10,2012,8.859166666666667,12.64,4.55,8.09
50571,10,3,10,2012,7.704999999999999,13.1,4.18,7.99
50572,10,4,10,2012,7.169999999999998,12.66,4.42,7.95
50573,10,5,10,2012,6.362500000000001,10.65,3.95,7.27
50574,10,6,10,2012,5.565,10.72,3.92,7.56
50575,10,7,10,2012,4.780833333333334,9.72,3.49,7.19
50576,10,8,10,2012,4.480833333333333,7.95,3.37,6.88
50577,10,9,10,2012,4.1016666666666675,5.69,2.62,5.42
50578,10,10,10,2012,3.5766666666666667,4.05,2.43,3.98
50579,10,11,10,2012,2.7808333333333333,3.83,3.82,4.69
50580,10,12,10,2012,2.119166666666666,5.16,3.95,5.53
50581,10,13,10,2012,2.3275,6.69,4.39,6.1000000000000005
50582,10,14,10,2012,4.991666666666667,7.21,4.21,5.91
50583,10,15,10,2012,8.0475,5.99,3.89,4.44
50584,10,16,10,2012,10.5675,4.67,3.65,4.3100000000000005
50585,10,17,10,2012,12.281666666666666,3.95,3.01,3.59
50586,10,18,10,2012,13.47916666666667,3.66,2.78,3.31
50587,10,19,10,2012,14.294166666666667,4.3,3.3000000000000003,3.92
50588,10,20,10,2012,14.804999999999998,5.47,4.14,4.97
50589,10,21,10,2012,15.071666666666665,5.95,4.39,5.33
50590,10,22,10,2012,15.1875,6.13,4.42,5.45
50591,10,23,10,2012,13.6825,8.23,3.82,6.72
50592,11,0,10,2012,12.146666666666667,8.64,3.97,6.98
50593,11,1,10,2012,11.511666666666668,10.47,4.47,7.54
50594,11,2,10,2012,10.724166666666664,12.21,4.87,8.14
50595,11,3,10,2012,10.256666666666668,13.71,6.11,9.4
50596,11,4,10,2012,10.324166666666667,14.33,6.7700000000000005,10.07
50597,11,5,10,2012,9.695,14.31,6.79,10.07
50598,11,6,10,2012,9.346666666666666,14.51,7.01,10.23
50599,11,7,10,2012,8.980833333333333,14.19,6.47,9.67
50600,11,8,10,2012,9.01,14.14,6.15,9.4
50601,11,9,10,2012,9.016666666666667,14.08,6.47,9.65
50602,11,10,10,2012,8.833333333333336,13.92,6.3,9.49
50603,11,11,10,2012,8.648333333333332,13.73,5.91,9.09
50604,11,12,10,2012,8.225833333333332,12.81,5.74,8.56
50605,11,13,10,2012,9.019166666666667,12.42,6.4,8.700000000000001
50606,11,14,10,2012,11.46,10.55,5.51,7.6
50607,11,15,10,2012,13.900833333333333,6.13,4.58,5.51
50608,11,16,10,2012,15.985833333333332,5.41,4.07,4.89
50609,11,17,10,2012,17.492500000000003,3.92,3.01,3.5700000000000003
50610,11,18,10,2012,18.659166666666664,1.94,1.53,1.78
50611,11,19,10,2012,19.535833333333336,2.77,2.4,2.73
50612,11,20,10,2012,19.9575,3.51,2.93,3.37
50613,11,21,10,2012,20.029999999999998,4.32,3.49,4.09
50614,11,22,10,2012,19.733333333333334,5.76,4.19,5.22
50615,11,23,10,2012,18.334166666666665,7.82,4.28,6.21
50616,12,0,10,2012,17.00833333333333,10.45,6.1400000000000015,8.21
50617,12,1,10,2012,16.38083333333333,12.96,8.52,10.91
50618,12,2,10,2012,13.905,12.15,8.18,10.39
50619,12,3,10,2012,12.691666666666668,11.51,7.91,9.92
50620,12,4,10,2012,11.7525,10.61,7.55,9.39
50621,12,5,10,2012,10.97166666666667,9.98,7.25,8.950000000000003
50622,12,6,10,2012,10.163333333333332,10.22,7.29,9.01
50623,12,7,10,2012,9.751666666666667,10.09,7.3,9.05
50624,12,8,10,2012,9.396666666666667,10.11,7.32,9.05
50625,12,9,10,2012,9.090833333333334,9.5,6.88,8.5
50626,12,10,10,2012,8.804166666666669,9.41,6.8100000000000005,8.42
50627,12,11,10,2012,8.433333333333334,10.07,7.3,9.03
50628,12,12,10,2012,7.9316666666666675,9.97,7.22,8.93
50629,12,13,10,2012,7.850000000000001,8.55,6.28,7.72
50630,12,14,10,2012,7.7925,8.44,6.2,7.63
50631,12,15,10,2012,7.7441666666666675,8.33,6.22,7.59
50632,12,16,10,2012,7.9941666666666675,8.16,6.1400000000000015,7.46
50633,12,17,10,2012,8.245833333333334,8.02,6.0600000000000005,7.35
50634,12,18,10,2012,8.561666666666666,7.43,5.63,6.8100000000000005
50635,12,19,10,2012,9.208333333333334,7.29,5.57,6.72
50636,12,20,10,2012,9.958333333333334,7.04,5.2700000000000005,6.42
50637,12,21,10,2012,10.508333333333333,6.86,5.11,6.24
50638,12,22,10,2012,10.618333333333334,7.0600000000000005,5.2,6.38
50639,12,23,10,2012,10.484166666666665,7.21,4.0,5.45
50640,13,0,10,2012,11.241666666666665,6.67,3.91,5.21
50641,13,1,10,2012,11.695,7.15,3.96,5.44
50642,13,2,10,2012,12.014999999999999,7.73,4.73,6.23
50643,13,3,10,2012,12.264166666666666,8.61,5.19,6.88
50644,13,4,10,2012,12.46,9.32,5.12,6.84
50645,13,5,10,2012,12.963333333333331,9.46,5.67,7.53
50646,13,6,10,2012,12.959166666666667,10.51,5.98,8.11
50647,13,7,10,2012,14.215833333333334,11.51,6.95,9.23
50648,13,8,10,2012,14.597500000000002,11.94,6.8100000000000005,9.19
50649,13,9,10,2012,15.479166666666666,12.84,7.76,10.37
50650,13,10,10,2012,16.515000000000004,13.29,8.15,10.8
50651,13,11,10,2012,17.5725,13.32,8.05,10.75
50652,13,12,10,2012,18.383333333333333,14.03,8.6,11.37
50653,13,13,10,2012,17.004166666666666,9.02,5.09,6.88
50654,13,14,10,2012,17.66333333333333,10.95,6.9,9.05
50655,13,15,10,2012,17.463333333333335,12.42,7.77,10.18
50656,13,16,10,2012,17.78666666666667,11.73,7.62,9.74
50657,13,17,10,2012,18.084166666666665,13.01,9.02,11.12
50658,13,18,10,2012,18.3175,11.86,8.69,10.68
50659,13,19,10,2012,19.035,10.81,7.9,9.7
50660,13,20,10,2012,20.2725,11.11,8.09,9.99
50661,13,21,10,2012,19.876666666666665,11.57,8.55,10.5
50662,13,22,10,2012,19.724999999999998,11.33,8.17,10.09
50663,13,23,10,2012,18.895833333333332,10.55,6.8100000000000005,8.84
50664,14,0,10,2012,18.8025,9.12,5.17,7.23
50665,14,1,10,2012,19.211666666666662,8.16,4.51,6.22
50666,14,2,10,2012,17.483333333333334,18.41,12.53,15.84
50667,14,3,10,2012,18.564166666666665,7.9300000000000015,5.89,7.51
50668,14,4,10,2012,17.539166666666667,4.88,3.14,4.83
50669,14,5,10,2012,15.972500000000002,5.11,3.02,4.93
50670,14,6,10,2012,15.605833333333331,5.87,3.16,4.45
50671,14,7,10,2012,15.984166666666665,7.8900000000000015,4.74,6.8500000000000005
50672,14,8,10,2012,15.361666666666666,9.71,4.54,7.66
50673,14,9,10,2012,15.261666666666668,9.21,5.97,7.9300000000000015
50674,14,10,10,2012,14.87166666666667,10.81,7.25,9.5
50675,14,11,10,2012,14.908333333333331,13.02,7.66,10.4
50676,14,12,10,2012,14.074166666666663,14.4,8.08,11.24
50677,14,13,10,2012,12.798333333333332,14.61,8.71,11.58
50678,14,14,10,2012,13.006666666666668,14.91,9.72,12.59
50679,14,15,10,2012,13.405833333333334,14.13,9.93,12.5
50680,14,16,10,2012,14.583333333333334,13.14,9.3,11.63
50681,14,17,10,2012,15.723333333333336,12.74,9.12,11.33
50682,14,18,10,2012,16.790000000000003,12.62,9.03,11.21
50683,14,19,10,2012,17.7125,12.29,8.73,10.87
50684,14,20,10,2012,18.255,11.65,8.22,10.25
50685,14,21,10,2012,18.521666666666665,10.53,7.35,9.22
50686,14,22,10,2012,18.464166666666667,10.11,6.99,8.84
50687,14,23,10,2012,16.96333333333333,9.02,4.01,6.78
50688,15,0,10,2012,15.890833333333333,10.16,3.97,7.53
50689,15,1,10,2012,15.293333333333331,9.47,3.86,7.31
50690,15,2,10,2012,14.826666666666666,9.87,3.53,7.17
50691,15,3,10,2012,13.943333333333335,9.62,3.58,7.17
50692,15,4,10,2012,13.325000000000001,6.86,2.92,5.86
50693,15,5,10,2012,12.902500000000003,4.69,2.08,4.14
50694,15,6,10,2012,12.04166666666667,3.59,1.8,2.91
50695,15,7,10,2012,11.576666666666668,2.38,1.55,2.17
50696,15,8,10,2012,11.154166666666667,1.15,1.11,1.29
50697,15,9,10,2012,10.844999999999999,1.17,0.76,1.33
50698,15,10,10,2012,10.596666666666664,1.89,0.45,1.3
50699,15,11,10,2012,10.104999999999999,2.98,0.74,1.8
50700,15,12,10,2012,9.624166666666667,3.95,1.37,2.67
50701,15,13,10,2012,9.9825,5.26,2.46,3.87
50702,15,14,10,2012,11.915833333333333,5.46,2.29,3.63
50703,15,15,10,2012,14.465833333333334,4.72,2.93,3.42
50704,15,16,10,2012,16.38166666666667,3.82,3.06,3.59
50705,15,17,10,2012,17.96916666666667,4.43,3.56,4.18
50706,15,18,10,2012,19.3075,4.58,3.62,4.28
50707,15,19,10,2012,20.489166666666666,4.7700000000000005,3.76,4.45
50708,15,20,10,2012,21.3325,4.55,3.56,4.22
50709,15,21,10,2012,21.763333333333335,5.54,4.12,5.04
50710,15,22,10,2012,21.50333333333333,6.41,4.17,5.14
50711,15,23,10,2012,19.760833333333334,8.84,3.77,7.01
50712,16,0,10,2012,18.414166666666667,10.26,4.41,7.71
50713,16,1,10,2012,17.71,11.26,4.61,8.040000000000001
50714,16,2,10,2012,17.2525,13.44,6.01,9.42
50715,16,3,10,2012,17.022499999999997,14.2,7.0600000000000005,10.43
50716,16,4,10,2012,16.560000000000006,13.83,6.97,10.29
50717,16,5,10,2012,15.584999999999999,12.81,6.48,9.55
50718,16,6,10,2012,15.360833333333332,12.88,6.29,9.32
50719,16,7,10,2012,15.790833333333333,13.88,6.83,10.06
50720,16,8,10,2012,15.476666666666667,13.68,7.12,10.25
50721,16,9,10,2012,14.920000000000002,14.66,7.28,10.58
50722,16,10,10,2012,15.213333333333331,15.91,7.98,11.58
50723,16,11,10,2012,15.261666666666668,16.23,8.2,11.83
50724,16,12,10,2012,15.159999999999998,16.51,8.61,12.22
50725,16,13,10,2012,15.095833333333333,15.85,8.84,12.01
50726,16,14,10,2012,15.791666666666666,14.81,9.13,11.78
50727,16,15,10,2012,17.460000000000004,13.14,8.41,10.45
50728,16,16,10,2012,19.355,10.84,8.15,9.86
50729,16,17,10,2012,21.2625,9.86,7.52,9.09
50730,16,18,10,2012,22.7075,9.16,6.87,8.35
50731,16,19,10,2012,23.709166666666672,7.5,5.66,6.84
50732,16,20,10,2012,24.405833333333334,6.6400000000000015,4.97,6.0
50733,16,21,10,2012,24.6525,6.0200000000000005,4.3500000000000005,5.39
50734,16,22,10,2012,24.209166666666665,6.36,4.42,5.54
50735,16,23,10,2012,22.4425,8.2,3.85,6.8100000000000005
50736,17,0,10,2012,21.06833333333334,10.39,4.71,8.08
50737,17,1,10,2012,20.460833333333333,11.12,5.08,8.49
50738,17,2,10,2012,20.114166666666666,11.69,5.11,8.74
50739,17,3,10,2012,19.802500000000002,13.18,5.76,9.15
50740,17,4,10,2012,19.320833333333333,13.32,5.66,9.03
50741,17,5,10,2012,18.53,13.76,7.0200000000000005,10.18
50742,17,6,10,2012,19.115,17.94,11.41,14.91
50743,17,7,10,2012,19.1075,11.72,6.12,9.05
50744,17,8,10,2012,18.399166666666666,11.94,6.2700000000000005,9.06
50745,17,9,10,2012,17.4025,12.93,7.27,9.96
50746,17,10,10,2012,17.4,12.63,7.22,9.79
50747,17,11,10,2012,16.919166666666666,11.44,6.34,8.76
50748,17,12,10,2012,16.905,13.93,8.25,11.08
50749,17,13,10,2012,14.699999999999998,14.72,9.42,12.31
50750,17,14,10,2012,13.7725,12.12,7.33,9.67
50751,17,15,10,2012,13.209166666666667,6.3500000000000005,3.67,4.53
50752,17,16,10,2012,14.589166666666666,11.91,8.41,10.53
50753,17,17,10,2012,15.285833333333334,13.79,9.88,12.29
50754,17,18,10,2012,15.56416666666667,13.02,9.29,11.55
50755,17,19,10,2012,16.14666666666667,12.64,8.93,11.11
50756,17,20,10,2012,16.581666666666667,13.52,9.37,11.8
50757,17,21,10,2012,16.470000000000002,14.09,9.73,12.3
50758,17,22,10,2012,15.891666666666667,14.21,9.63,12.28
50759,17,23,10,2012,14.613333333333335,14.19,8.34,11.16
50760,18,0,10,2012,13.367499999999998,15.68,6.8900000000000015,10.5
50761,18,1,10,2012,12.519166666666663,14.9,7.24,10.71
50762,18,2,10,2012,11.820833333333333,15.43,7.55,11.08
50763,18,3,10,2012,10.980833333333335,15.3,7.58,11.02
50764,18,4,10,2012,10.639166666666666,16.97,8.75,12.51
50765,18,5,10,2012,10.001666666666667,17.57,9.2,13.11
50766,18,6,10,2012,9.3425,16.88,8.96,12.57
50767,18,7,10,2012,9.27,18.53,10.59,14.52
50768,18,8,10,2012,8.604166666666668,17.07,9.81,13.44
50769,18,9,10,2012,8.118333333333336,16.830000000000002,9.18,12.82
50770,18,10,10,2012,7.751666666666666,17.76,10.16,13.92
50771,18,11,10,2012,7.379166666666666,17.31,9.88,13.51
50772,18,12,10,2012,7.108333333333334,16.92,9.71,13.28
50773,18,13,10,2012,6.925833333333333,17.3,10.88,14.3
50774,18,14,10,2012,7.9891666666666685,18.25,11.95,15.51
50775,18,15,10,2012,9.013333333333334,18.61,12.75,16.23
50776,18,16,10,2012,9.889166666666666,18.69,12.86,16.29
50777,18,17,10,2012,10.656666666666668,18.19,12.54,15.87
50778,18,18,10,2012,11.103333333333333,17.740000000000006,12.19,15.45
50779,18,19,10,2012,11.2525,17.93,12.22,15.56
50780,18,20,10,2012,10.987500000000002,17.89,12.21,15.52
50781,18,21,10,2012,10.906666666666666,17.44,11.7,15.03
50782,18,22,10,2012,9.854999999999999,18.24,12.38,15.83
50783,18,23,10,2012,9.848333333333334,14.39,9.39,12.1
50784,19,0,10,2012,9.594999999999999,14.7,9.39,12.3
50785,19,1,10,2012,9.332499999999998,15.01,9.27,12.37
50786,19,2,10,2012,9.2325,16.35,10.3,13.63
50787,19,3,10,2012,9.068333333333333,16.27,10.48,13.75
50788,19,4,10,2012,8.623333333333333,16.37,10.68,13.94
50789,19,5,10,2012,8.278333333333332,15.85,10.26,13.44
50790,19,6,10,2012,7.875,15.31,9.7,12.81
50791,19,7,10,2012,7.45,13.8,8.08,11.01
50792,19,8,10,2012,7.036666666666665,13.48,7.69,10.6
50793,19,9,10,2012,6.476666666666667,13.53,7.5,10.5
50794,19,10,10,2012,6.170833333333333,13.9,7.84,10.87
50795,19,11,10,2012,5.780000000000001,13.55,7.56,10.53
50796,19,12,10,2012,5.474166666666666,13.46,7.45,10.35
50797,19,13,10,2012,5.326666666666667,13.93,8.6,11.37
50798,19,14,10,2012,6.048333333333333,13.89,9.49,12.03
50799,19,15,10,2012,6.873333333333334,13.58,9.56,12.01
50800,19,16,10,2012,7.868333333333333,13.07,9.3,11.66
50801,19,17,10,2012,9.010833333333334,11.8,8.39,10.46
50802,19,18,10,2012,10.11,10.77,7.73,9.54
50803,19,19,10,2012,11.103333333333333,10.38,7.5,9.24
50804,19,20,10,2012,11.814999999999998,9.27,6.7,8.26
50805,19,21,10,2012,12.426666666666668,8.33,5.93,7.33
50806,19,22,10,2012,12.529166666666667,8.34,5.83,7.31
50807,19,23,10,2012,11.476666666666667,7.08,4.09,5.48
50808,20,0,10,2012,10.240833333333333,6.57,2.68,5.23
50809,20,1,10,2012,9.761666666666665,8.22,3.22,6.19
50810,20,2,10,2012,8.880833333333333,7.16,2.81,5.8
50811,20,3,10,2012,8.394999999999998,6.3100000000000005,2.54,5.19
50812,20,4,10,2012,7.895,6.53,2.51,5.64
50813,20,5,10,2012,7.1275,5.34,2.19,4.72
50814,20,6,10,2012,6.283333333333334,3.25,1.1,2.66
50815,20,7,10,2012,5.732500000000001,2.18,0.27,1.1
50816,20,8,10,2012,5.335000000000001,1.74,1.39,2.26
50817,20,9,10,2012,5.327500000000001,2.08,1.59,2.65
50818,20,10,10,2012,5.243333333333333,3.44,2.37,3.97
50819,20,11,10,2012,5.158333333333334,3.8,2.66,4.5
50820,20,12,10,2012,5.038333333333334,5.29,3.28,5.41
50821,20,13,10,2012,4.998333333333334,6.19,3.5,5.78
50822,20,14,10,2012,7.148333333333333,6.6000000000000005,3.13,4.88
50823,20,15,10,2012,9.548333333333334,5.34,3.7,4.39
50824,20,16,10,2012,11.785000000000002,5.32,4.13,4.9
50825,20,17,10,2012,13.964999999999998,5.41,4.2,5.0
50826,20,18,10,2012,15.777500000000002,6.0,4.57,5.49
50827,20,19,10,2012,16.982499999999998,6.05,4.5600000000000005,5.49
50828,20,20,10,2012,17.89333333333333,6.55,4.88,5.94
50829,20,21,10,2012,18.224166666666665,7.32,5.3,6.57
50830,20,22,10,2012,17.923333333333332,7.46,5.38,6.66
50831,20,23,10,2012,15.990000000000002,9.18,3.65,6.86
50832,21,0,10,2012,14.237499999999997,11.33,3.88,7.4
50833,21,1,10,2012,13.410000000000002,12.4,4.2,7.81
50834,21,2,10,2012,12.968333333333334,12.53,4.17,7.65
50835,21,3,10,2012,12.770833333333334,13.33,5.11,8.53
50836,21,4,10,2012,12.405833333333332,13.18,5.04,8.45
50837,21,5,10,2012,11.963333333333331,12.12,4.94,8.2
50838,21,6,10,2012,11.879999999999997,11.46,4.89,7.99
50839,21,7,10,2012,11.985000000000001,11.91,5.3100000000000005,8.42
50840,21,8,10,2012,11.985000000000001,11.76,5.13,8.22
50841,21,9,10,2012,11.828333333333333,10.97,4.9,8.0
50842,21,10,10,2012,11.643333333333333,10.98,4.9,8.040000000000001
50843,21,11,10,2012,11.422500000000001,10.83,4.78,7.9
50844,21,12,10,2012,11.459999999999999,10.82,4.8,7.8900000000000015
50845,21,13,10,2012,12.188333333333334,11.67,6.22,8.55
50846,21,14,10,2012,13.157499999999999,11.71,6.21,8.51
50847,21,15,10,2012,15.6025,10.52,5.48,7.2
50848,21,16,10,2012,18.790000000000003,6.8500000000000005,5.26,6.28
50849,21,17,10,2012,20.94,6.8500000000000005,5.18,6.25
50850,21,18,10,2012,22.667500000000004,8.5,6.25,7.66
50851,21,19,10,2012,23.685000000000002,9.28,6.79,8.35
50852,21,20,10,2012,24.088333333333335,10.98,7.91,9.84
50853,21,21,10,2012,22.489166666666666,11.11,8.08,10.01
50854,21,22,10,2012,21.760833333333327,8.36,6.03,7.47
50855,21,23,10,2012,21.4175,9.15,5.42,7.32
50856,22,0,10,2012,20.863333333333333,9.57,5.14,7.2
50857,22,1,10,2012,20.714999999999996,10.25,6.05,8.13
50858,22,2,10,2012,20.49333333333333,10.38,5.95,8.01
50859,22,3,10,2012,20.6875,9.93,5.59,7.62
50860,22,4,10,2012,20.47083333333333,10.77,5.58,7.79
50861,22,5,10,2012,20.5825,11.19,5.55,8.09
50862,22,6,10,2012,20.556666666666665,11.19,6.1000000000000005,8.52
50863,22,7,10,2012,20.135833333333334,12.56,6.91,9.69
50864,22,8,10,2012,19.77083333333333,12.32,6.72,9.46
50865,22,9,10,2012,19.429166666666667,12.09,6.67,9.34
50866,22,10,10,2012,19.1925,10.56,5.8,8.22
50867,22,11,10,2012,18.617500000000003,8.43,4.22,6.16
50868,22,12,10,2012,18.544166666666666,7.51,3.79,5.53
50869,22,13,10,2012,18.507499999999997,6.22,4.05,5.28
50870,22,14,10,2012,18.457500000000003,7.19,4.6000000000000005,6.08
50871,22,15,10,2012,19.374166666666664,7.13,4.48,5.71
50872,22,16,10,2012,19.65666666666667,5.96,4.63,5.5200000000000005
50873,22,17,10,2012,19.67166666666667,4.0,2.89,3.54
50874,22,18,10,2012,21.491666666666664,4.97,3.5500000000000003,4.3500000000000005
50875,22,19,10,2012,23.705833333333334,5.8100000000000005,4.23,5.15
50876,22,20,10,2012,24.2825,5.86,4.22,5.2
50877,22,21,10,2012,24.2025,7.19,5.28,6.49
50878,22,22,10,2012,22.49,6.0600000000000005,4.33,5.36
50879,22,23,10,2012,19.473333333333333,8.17,4.37,6.47
50880,23,0,10,2012,18.415000000000003,8.22,4.39,6.66
50881,23,1,10,2012,18.206666666666667,6.25,2.92,5.22
50882,23,2,10,2012,17.770833333333332,5.14,2.37,5.03
50883,23,3,10,2012,16.99833333333333,3.81,1.88,3.67
50884,23,4,10,2012,16.66416666666667,2.82,0.99,1.98
50885,23,5,10,2012,15.881666666666668,2.72,1.07,2.2
50886,23,6,10,2012,16.085833333333337,4.16,1.93,3.56
50887,23,7,10,2012,15.308333333333335,6.8100000000000005,3.14,4.45
50888,23,8,10,2012,15.245833333333332,9.85,4.12,6.23
50889,23,9,10,2012,15.448333333333332,9.78,3.99,6.63
50890,23,10,10,2012,16.51583333333333,9.43,5.24,7.3900000000000015
50891,23,11,10,2012,16.970833333333335,10.72,6.19,8.4
50892,23,12,10,2012,17.672500000000003,10.59,6.18,8.39
50893,23,13,10,2012,17.785833333333333,10.69,6.2700000000000005,8.49
50894,23,14,10,2012,17.78916666666667,8.65,5.12,6.83
50895,23,15,10,2012,18.700833333333332,8.89,5.08,6.84
50896,23,16,10,2012,20.205833333333334,7.57,5.47,6.73
50897,23,17,10,2012,22.406666666666666,8.61,6.25,7.68
50898,23,18,10,2012,23.59583333333333,9.23,6.6400000000000015,8.21
50899,23,19,10,2012,24.813333333333336,9.64,6.87,8.51
50900,23,20,10,2012,25.908333333333335,10.06,7.1000000000000005,8.84
50901,23,21,10,2012,26.803333333333338,10.17,7.07,8.81
50902,23,22,10,2012,26.810000000000002,9.95,6.82,8.65
50903,23,23,10,2012,24.909166666666668,10.77,4.32,6.96
50904,24,0,10,2012,23.430833333333336,13.86,7.13,10.34
50905,24,1,10,2012,21.935833333333335,13.74,7.23,10.25
50906,24,2,10,2012,21.334166666666672,13.85,7.71,10.67
50907,24,3,10,2012,21.114166666666666,14.43,7.8900000000000015,10.97
50908,24,4,10,2012,20.897499999999997,13.92,7.43,10.45
50909,24,5,10,2012,20.396666666666665,13.2,7.1400000000000015,10.0
50910,24,6,10,2012,20.210000000000004,13.84,7.48,10.43
50911,24,7,10,2012,20.134166666666665,13.97,7.5,10.47
50912,24,8,10,2012,19.868333333333332,13.44,7.29,10.18
50913,24,9,10,2012,19.49833333333333,13.49,7.3,10.23
50914,24,10,10,2012,18.479166666666668,11.59,5.54,8.26
50915,24,11,10,2012,18.499166666666664,11.58,5.98,8.59
50916,24,12,10,2012,18.279166666666665,12.28,6.6400000000000015,9.3
50917,24,13,10,2012,18.1575,12.44,7.0200000000000005,9.41
50918,24,14,10,2012,19.091666666666665,11.73,7.17,9.5
50919,24,15,10,2012,20.279166666666665,9.96,6.79,8.49
50920,24,16,10,2012,21.922499999999996,9.52,6.8500000000000005,8.47
50921,24,17,10,2012,23.31833333333333,9.54,6.88,8.49
50922,24,18,10,2012,24.287500000000005,10.0,7.16,8.9
50923,24,19,10,2012,25.421666666666667,9.99,7.1400000000000015,8.83
50924,24,20,10,2012,25.891666666666666,11.13,7.85,9.82
50925,24,21,10,2012,25.915833333333335,10.69,7.41,9.28
50926,24,22,10,2012,25.935833333333335,10.71,7.35,9.3
50927,24,23,10,2012,24.549999999999997,9.79,4.54,6.68
50928,25,0,10,2012,19.16416666666667,5.67,4.47,5.26
50929,25,1,10,2012,16.720000000000002,6.07,4.72,5.5600000000000005
50930,25,2,10,2012,15.350833333333334,5.83,4.5600000000000005,5.4
50931,25,3,10,2012,14.236666666666665,7.12,5.61,6.6000000000000005
50932,25,4,10,2012,13.3925,10.82,7.62,9.46
50933,25,5,10,2012,12.4225,9.2,6.8900000000000015,8.33
50934,25,6,10,2012,11.9525,10.19,7.41,9.06
50935,25,7,10,2012,11.1025,9.02,6.3500000000000005,7.77
50936,25,8,10,2012,10.789166666666667,11.78,7.8900000000000015,9.89
50937,25,9,10,2012,8.907499999999999,13.14,9.15,11.5
50938,25,10,10,2012,7.7200000000000015,14.81,10.25,12.92
50939,25,11,10,2012,6.447500000000001,13.07,9.2,11.54
50940,25,12,10,2012,5.743333333333333,13.12,9.08,11.44
50941,25,13,10,2012,5.5075,14.58,10.15,12.77
50942,25,14,10,2012,4.624166666666668,13.94,9.68,12.14
50943,25,15,10,2012,3.949166666666667,14.27,9.83,12.46
50944,25,16,10,2012,3.4583333333333335,14.17,9.86,12.41
50945,25,17,10,2012,3.314166666666667,13.51,9.52,11.92
50946,25,18,10,2012,4.726666666666667,12.97,9.17,11.4
50947,25,19,10,2012,6.447499999999999,12.9,9.15,11.37
50948,25,20,10,2012,7.265,12.3,8.73,10.86
50949,25,21,10,2012,7.6883333333333335,11.79,8.3,10.37
50950,25,22,10,2012,7.558333333333333,11.39,7.9,9.95
50951,25,23,10,2012,6.308333333333334,9.76,5.36,7.33
50952,26,0,10,2012,5.194166666666667,10.05,4.21,6.96
50953,26,1,10,2012,4.724166666666667,11.35,5.62,8.38
50954,26,2,10,2012,4.035833333333334,12.51,5.76,8.74
50955,26,3,10,2012,3.2374999999999994,11.94,5.45,8.290000000000001
50956,26,4,10,2012,2.5533333333333332,11.84,5.08,8.040000000000001
50957,26,5,10,2012,1.9016666666666664,11.47,4.68,7.61
50958,26,6,10,2012,1.5400000000000003,11.9,4.84,7.88
50959,26,7,10,2012,1.291666666666667,12.08,5.61,8.61
50960,26,8,10,2012,0.6966666666666667,11.78,5.08,8.13
50961,26,9,10,2012,0.23083333333333336,11.47,5.15,8.06
50962,26,10,10,2012,0.049999999999999996,11.47,5.37,8.23
50963,26,11,10,2012,-0.37250000000000005,11.23,5.1000000000000005,7.87
50964,26,12,10,2012,-0.6066666666666666,10.73,4.64,7.36
50965,26,13,10,2012,-0.3391666666666666,9.78,4.55,6.8100000000000005
50966,26,14,10,2012,0.4308333333333334,8.42,4.3,6.01
50967,26,15,10,2012,1.9175000000000002,7.08,5.18,6.3500000000000005
50968,26,16,10,2012,3.0416666666666665,7.37,5.4,6.61
50969,26,17,10,2012,3.880833333333334,6.73,4.99,6.07
50970,26,18,10,2012,4.6325,6.22,4.65,5.63
50971,26,19,10,2012,5.2508333333333335,6.07,4.5600000000000005,5.51
50972,26,20,10,2012,5.685,5.73,4.3100000000000005,5.21
50973,26,21,10,2012,5.875,5.6000000000000005,4.18,5.07
50974,26,22,10,2012,5.66,6.11,4.42,5.48
50975,26,23,10,2012,4.549166666666667,6.0200000000000005,3.4,5.11
50976,27,0,10,2012,3.650833333333333,5.59,2.79,4.87
50977,27,1,10,2012,3.0416666666666665,5.68,2.4,4.93
50978,27,2,10,2012,2.4724999999999997,6.6400000000000015,2.4,4.82
50979,27,3,10,2012,1.9041666666666668,7.13,2.24,5.97
50980,27,4,10,2012,1.2133333333333332,5.87,2.23,5.15
50981,27,5,10,2012,0.8041666666666667,4.7700000000000005,1.94,3.61
50982,27,6,10,2012,0.2891666666666666,4.98,1.58,3.3200000000000003
50983,27,7,10,2012,-0.18583333333333332,4.6000000000000005,1.53,3.17
50984,27,8,10,2012,-0.3833333333333333,3.76,1.35,2.58
50985,27,9,10,2012,-0.6075,2.93,0.93,1.95
50986,27,10,10,2012,-0.7091666666666668,2.39,0.29,1.04
50987,27,11,10,2012,-0.8116666666666666,2.24,0.34,1.11
50988,27,12,10,2012,-0.9774999999999999,1.8,0.08,0.64
50989,27,13,10,2012,-1.0208333333333333,1.89,0.42,0.85
50990,27,14,10,2012,0.165,1.86,0.85,1.02
50991,27,15,10,2012,1.7783333333333333,1.46,1.28,1.42
50992,27,16,10,2012,2.705,1.2,1.15,1.23
50993,27,17,10,2012,3.539166666666667,1.26,1.22,1.31
50994,27,18,10,2012,4.3625,1.19,1.19,1.26
50995,27,19,10,2012,5.1225,1.17,1.14,1.22
50996,27,20,10,2012,5.68,1.58,1.37,1.54
50997,27,21,10,2012,5.966666666666668,1.83,1.62,1.81
50998,27,22,10,2012,5.892500000000001,2.36,1.76,2.29
50999,27,23,10,2012,5.265833333333334,2.67,1.71,2.71
51000,28,0,10,2012,4.915833333333334,3.03,1.6,2.93
51001,28,1,10,2012,4.477499999999999,3.09,1.3,2.65
51002,28,2,10,2012,3.8225,4.0600000000000005,0.93,2.61
51003,28,3,10,2012,3.505833333333334,4.1,0.86,3.03
51004,28,4,10,2012,3.0991666666666666,3.87,1.0,3.02
51005,28,5,10,2012,2.599166666666666,3.63,1.04,2.53
51006,28,6,10,2012,2.4499999999999997,3.23,1.29,2.51
51007,28,7,10,2012,1.7558333333333334,4.19,1.79,3.27
51008,28,8,10,2012,1.2525000000000002,4.28,1.83,3.34
51009,28,9,10,2012,1.0075,4.54,2.04,3.88
51010,28,10,10,2012,1.0758333333333336,5.0200000000000005,2.56,4.45
51011,28,11,10,2012,1.064166666666667,5.14,2.61,4.54
51012,28,12,10,2012,0.8483333333333333,4.99,2.68,4.54
51013,28,13,10,2012,0.6733333333333333,5.24,2.93,4.65
51014,28,14,10,2012,2.1624999999999996,5.3,2.74,4.22
51015,28,15,10,2012,4.184166666666667,4.39,3.02,3.64
51016,28,16,10,2012,5.445833333333334,3.79,2.96,3.52
51017,28,17,10,2012,6.386666666666667,3.48,2.77,3.25
51018,28,18,10,2012,7.193333333333335,3.37,2.69,3.16
51019,28,19,10,2012,7.9366666666666665,3.42,2.71,3.19
51020,28,20,10,2012,8.4475,3.8,2.96,3.52
51021,28,21,10,2012,8.659166666666666,4.13,3.14,3.78
51022,28,22,10,2012,8.425833333333333,5.12,3.37,4.26
51023,28,23,10,2012,7.025833333333334,6.5600000000000005,3.39,6.0200000000000005
51024,29,0,10,2012,6.121666666666667,7.08,3.42,6.26
51025,29,1,10,2012,5.264166666666668,8.290000000000001,3.46,6.63
51026,29,2,10,2012,5.041666666666667,9.48,4.04,6.99
51027,29,3,10,2012,4.652500000000001,10.47,4.2,7.26
51028,29,4,10,2012,3.932499999999999,10.45,4.17,7.49
51029,29,5,10,2012,3.5708333333333333,11.04,4.39,7.59
51030,29,6,10,2012,3.1466666666666665,11.68,4.97,8.11
51031,29,7,10,2012,3.2825,12.05,5.75,8.6
51032,29,8,10,2012,3.061666666666667,12.41,5.8,8.68
51033,29,9,10,2012,2.920833333333333,12.54,5.99,8.93
51034,29,10,10,2012,2.6775,12.62,6.24,9.12
51035,29,11,10,2012,2.4758333333333336,12.73,6.37,9.19
51036,29,12,10,2012,2.5833333333333335,12.68,6.47,9.16
51037,29,13,10,2012,2.695,12.55,7.0600000000000005,9.49
51038,29,14,10,2012,3.444999999999999,11.88,6.99,9.38
51039,29,15,10,2012,5.059166666666667,9.83,6.28,7.63
51040,29,16,10,2012,7.0675,8.69,6.49,7.9
51041,29,17,10,2012,8.84083333333333,8.98,6.67,8.16
51042,29,18,10,2012,10.2075,9.17,6.73,8.27
51043,29,19,10,2012,11.217500000000001,9.09,6.67,8.19
51044,29,20,10,2012,11.918333333333335,8.71,6.33,7.8
51045,29,21,10,2012,12.346666666666666,8.03,5.79,7.17
51046,29,22,10,2012,12.018333333333333,7.21,5.08,6.37
51047,29,23,10,2012,10.019166666666665,10.45,3.64,7.1400000000000015
51048,30,0,10,2012,8.648333333333333,10.58,3.64,7.12
51049,30,1,10,2012,7.7225,11.61,3.94,7.49
51050,30,2,10,2012,7.485833333333333,11.89,4.19,7.73
51051,30,3,10,2012,6.8900000000000015,11.9,4.18,7.68
51052,30,4,10,2012,6.321666666666665,11.54,4.09,7.44
51053,30,5,10,2012,5.745000000000001,11.04,3.81,7.1400000000000015
51054,30,6,10,2012,5.004166666666667,10.67,3.73,6.93
51055,30,7,10,2012,4.363333333333332,10.72,3.68,6.78
51056,30,8,10,2012,3.7674999999999996,10.56,3.63,6.63
51057,30,9,10,2012,3.2725000000000004,10.53,3.59,6.57
51058,30,10,10,2012,2.9083333333333337,10.58,4.05,6.6400000000000015
51059,30,11,10,2012,3.4783333333333335,9.83,4.8,6.5200000000000005
51060,30,12,10,2012,3.293333333333333,9.71,4.87,6.55
51061,30,13,10,2012,2.8266666666666667,9.67,4.9,6.69
51062,30,14,10,2012,3.685,8.790000000000001,4.8100000000000005,6.48
51063,30,15,10,2012,5.528333333333333,6.2,4.55,5.41
51064,30,16,10,2012,7.486666666666668,5.72,4.43,5.28
51065,30,17,10,2012,9.2025,5.26,4.14,4.9
51066,30,18,10,2012,10.559166666666668,5.12,4.03,4.7700000000000005
51067,30,19,10,2012,11.49,5.0,3.97,4.68
51068,30,20,10,2012,12.099166666666664,4.24,3.39,3.98
51069,30,21,10,2012,12.365,3.51,2.82,3.3000000000000003
51070,30,22,10,2012,12.094166666666666,3.65,2.6,3.24
51071,30,23,10,2012,10.575833333333334,4.25,2.09,3.92
51072,31,0,10,2012,9.42,3.51,1.64,3.46
51073,31,1,10,2012,8.595833333333333,3.34,1.04,2.23
51074,31,2,10,2012,7.827500000000001,3.85,1.31,2.7
51075,31,3,10,2012,6.981666666666666,4.05,1.45,2.88
51076,31,4,10,2012,6.107499999999999,4.33,1.45,3.0500000000000003
51077,31,5,10,2012,5.406666666666666,3.96,1.11,2.48
51078,31,6,10,2012,4.65,4.1,1.17,2.61
51079,31,7,10,2012,3.998333333333333,3.73,0.99,2.31
51080,31,8,10,2012,3.4574999999999996,3.63,0.92,2.21
51081,31,9,10,2012,2.955,3.46,0.87,2.1
51082,31,10,10,2012,2.5633333333333335,2.9,0.78,1.83
51083,31,11,10,2012,2.133333333333333,2.56,0.6900000000000001,1.67
51084,31,12,10,2012,1.755,2.64,1.05,1.89
51085,31,13,10,2012,1.9116666666666664,2.2,1.2,1.97
51086,31,14,10,2012,3.4441666666666664,1.82,1.22,1.72
51087,31,15,10,2012,5.955833333333332,1.34,1.0,1.03
51088,31,16,10,2012,8.134166666666667,1.03,0.76,0.92
51089,31,17,10,2012,10.078333333333331,1.5,1.22,1.41
51090,31,18,10,2012,11.436666666666667,1.85,1.52,1.75
51091,31,19,10,2012,12.475833333333334,2.09,1.7,1.97
51092,31,20,10,2012,13.220833333333337,2.08,1.69,1.97
51093,31,21,10,2012,13.648333333333332,2.21,1.72,2.04
51094,31,22,10,2012,13.5,2.15,1.65,1.97
51095,31,23,10,2012,12.021666666666668,2.23,0.68,1.51
51096,1,0,11,2012,10.94,3.35,1.48,2.7
51097,1,1,11,2012,10.6475,4.0600000000000005,2.32,3.77
51098,1,2,11,2012,10.321666666666665,4.0600000000000005,2.66,4.14
51099,1,3,11,2012,10.0375,4.45,3.02,4.73
51100,1,4,11,2012,9.796666666666667,4.84,3.5,5.25
51101,1,5,11,2012,9.449166666666667,5.08,3.9,5.58
51102,1,6,11,2012,9.126666666666667,5.46,4.13,6.01
51103,1,7,11,2012,8.975833333333332,6.3100000000000005,4.29,6.44
51104,1,8,11,2012,8.820833333333333,6.4,4.26,6.4
51105,1,9,11,2012,8.411666666666667,7.17,4.33,6.73
51106,1,10,11,2012,8.239166666666668,7.84,4.63,7.37
51107,1,11,11,2012,8.451666666666666,8.41,4.92,7.63
51108,1,12,11,2012,7.9875,8.59,4.8,7.34
51109,1,13,11,2012,8.098333333333334,9.33,5.46,7.8900000000000015
51110,1,14,11,2012,9.5775,9.35,5.5600000000000005,7.83
51111,1,15,11,2012,11.041666666666666,8.19,4.29,5.5200000000000005
51112,1,16,11,2012,12.176666666666668,5.38,4.18,5.0
51113,1,17,11,2012,12.845833333333331,5.43,4.26,5.07
51114,1,18,11,2012,13.963333333333333,5.48,4.22,5.04
51115,1,19,11,2012,15.045833333333334,5.61,4.34,5.18
51116,1,20,11,2012,15.944166666666666,5.65,4.28,5.15
51117,1,21,11,2012,16.09416666666667,5.61,4.25,5.14
51118,1,22,11,2012,15.476666666666665,5.72,4.21,5.16
51119,1,23,11,2012,13.486666666666665,7.1000000000000005,3.18,6.23
51120,2,0,11,2012,11.989166666666664,8.4,3.29,6.5200000000000005
51121,2,1,11,2012,10.774166666666668,8.74,3.48,6.87
51122,2,2,11,2012,9.6,8.57,2.84,6.01
51123,2,3,11,2012,8.819166666666668,8.52,2.37,5.57
51124,2,4,11,2012,7.856666666666668,10.09,2.7,6.34
51125,2,5,11,2012,6.810833333333334,10.66,2.92,6.55
51126,2,6,11,2012,5.931666666666668,10.93,3.62,6.78
51127,2,7,11,2012,5.096666666666667,10.25,3.85,6.47
51128,2,8,11,2012,4.4191666666666665,10.55,4.25,6.8
51129,2,9,11,2012,3.733333333333333,10.9,4.78,7.1000000000000005
51130,2,10,11,2012,3.0108333333333337,10.59,4.8100000000000005,7.09
51131,2,11,11,2012,2.3433333333333333,10.61,4.28,6.7
51132,2,12,11,2012,1.8658333333333335,10.25,4.59,6.78
51133,2,13,11,2012,1.5483333333333331,10.18,5.22,7.22
51134,2,14,11,2012,2.5091666666666668,9.83,5.73,7.65
51135,2,15,11,2012,4.255833333333334,7.6400000000000015,5.86,7.01
51136,2,16,11,2012,6.226666666666667,7.35,5.75,6.8500000000000005
51137,2,17,11,2012,8.094166666666666,7.7,5.98,7.1400000000000015
51138,2,18,11,2012,9.639166666666666,7.82,6.03,7.22
51139,2,19,11,2012,10.901666666666666,7.84,6.01,7.22
51140,2,20,11,2012,11.709166666666667,7.84,5.97,7.2
51141,2,21,11,2012,12.0325,7.68,5.7700000000000005,7.0
51142,2,22,11,2012,11.626666666666667,7.61,5.08,6.43
51143,2,23,11,2012,9.981666666666666,8.0,3.19,6.09
51144,3,0,11,2012,8.435833333333335,8.85,3.38,6.3100000000000005
51145,3,1,11,2012,7.3258333333333345,9.5,3.27,6.6000000000000005
51146,3,2,11,2012,6.466666666666665,9.38,3.2,6.23
51147,3,3,11,2012,5.780833333333334,9.34,3.65,6.3900000000000015
51148,3,4,11,2012,4.899166666666667,9.13,3.29,6.05
51149,3,5,11,2012,4.2125,8.49,3.47,6.01
51150,3,6,11,2012,3.5975,7.94,3.52,6.13
51151,3,7,11,2012,3.3641666666666663,7.67,3.65,6.21
51152,3,8,11,2012,3.3266666666666667,7.71,3.97,6.47
51153,3,9,11,2012,2.6725,8.74,4.32,6.95
51154,3,10,11,2012,1.9500000000000002,9.39,4.3100000000000005,7.07
51155,3,11,11,2012,1.4425000000000001,9.42,4.3100000000000005,7.0200000000000005
51156,3,12,11,2012,0.9391666666666666,8.96,3.93,6.65
51157,3,13,11,2012,0.46749999999999997,8.870000000000003,4.04,6.5600000000000005
51158,3,14,11,2012,1.2741666666666664,8.03,3.89,5.73
51159,3,15,11,2012,3.275,5.54,3.5,4.18
51160,3,16,11,2012,5.314166666666666,4.99,3.86,4.6000000000000005
51161,3,17,11,2012,7.023333333333333,5.11,3.95,4.71
51162,3,18,11,2012,8.465833333333332,5.03,3.87,4.61
51163,3,19,11,2012,9.571666666666667,4.59,3.51,4.19
51164,3,20,11,2012,10.2575,4.44,3.41,4.07
51165,3,21,11,2012,10.5675,4.22,3.24,3.87
51166,3,22,11,2012,10.284166666666666,3.91,2.95,3.56
51167,3,23,11,2012,8.851666666666668,3.75,1.8,3.45
51168,4,0,11,2012,7.683333333333333,3.87,1.29,2.96
51169,4,1,11,2012,6.977499999999999,3.08,0.78,1.8
51170,4,2,11,2012,6.560833333333332,3.03,0.58,1.67
51171,4,3,11,2012,6.191666666666666,2.9,0.43,1.46
51172,4,4,11,2012,5.728333333333334,2.53,0.32,1.24
51173,4,5,11,2012,5.656666666666667,2.29,0.45,1.31
51174,4,6,11,2012,5.610833333333332,2.0,1.12,1.91
51175,4,7,11,2012,5.378333333333334,2.64,1.73,2.69
51176,4,8,11,2012,5.2525,2.67,1.93,2.87
51177,4,9,11,2012,5.155,3.3200000000000003,2.01,3.38
51178,4,10,11,2012,4.69,4.18,2.67,4.33
51179,4,11,11,2012,4.468333333333334,4.07,2.6,4.26
51180,4,12,11,2012,4.474166666666666,4.93,3.0700000000000003,5.25
51181,4,13,11,2012,4.620833333333334,5.66,3.8,5.84
51182,4,14,11,2012,6.149166666666667,6.54,3.76,5.8500000000000005
51183,4,15,11,2012,8.164166666666667,6.37,3.3000000000000003,4.5200000000000005
51184,4,16,11,2012,10.376666666666667,5.64,4.36,5.23
51185,4,17,11,2012,11.620833333333332,5.6000000000000005,4.29,5.13
51186,4,18,11,2012,12.699166666666668,6.28,4.69,5.69
51187,4,19,11,2012,13.566666666666665,6.71,4.95,6.05
51188,4,20,11,2012,14.025833333333333,7.2,5.25,6.45
51189,4,21,11,2012,14.009166666666667,7.24,5.19,6.44
51190,4,22,11,2012,13.5,6.92,4.0,5.26
51191,4,23,11,2012,12.5925,7.99,2.78,4.97
51192,5,0,11,2012,12.289166666666667,8.38,3.31,5.44
51193,5,1,11,2012,11.719166666666666,6.6000000000000005,1.5,3.92
51194,5,2,11,2012,11.739166666666668,6.15,2.77,5.21
51195,5,3,11,2012,11.777499999999998,9.5,4.61,6.7700000000000005
51196,5,4,11,2012,10.503333333333336,11.02,5.91,8.43
51197,5,5,11,2012,9.119166666666665,11.09,6.49,8.56
51198,5,6,11,2012,8.109166666666669,10.72,5.48,7.98
51199,5,7,11,2012,7.808333333333336,10.54,5.53,7.7
51200,5,8,11,2012,7.7825,9.95,6.11,8.16
51201,5,9,11,2012,7.385833333333333,10.69,6.18,8.22
51202,5,10,11,2012,6.2891666666666675,10.77,6.29,8.56
51203,5,11,11,2012,5.964166666666666,11.43,7.19,9.43
51204,5,12,11,2012,5.235,12.01,7.3,9.64
51205,5,13,11,2012,4.820833333333334,11.69,6.8900000000000015,9.1
51206,5,14,11,2012,4.968333333333334,11.7,7.15,9.13
51207,5,15,11,2012,5.255,10.38,7.3,9.13
51208,5,16,11,2012,5.612500000000001,9.84,7.1400000000000015,8.88
51209,5,17,11,2012,6.105,9.41,6.84,8.51
51210,5,18,11,2012,6.316666666666667,8.85,6.41,7.99
51211,5,19,11,2012,6.265833333333333,8.28,6.01,7.51
51212,5,20,11,2012,5.893333333333332,8.51,6.2700000000000005,7.76
51213,5,21,11,2012,5.6241666666666665,8.03,5.98,7.44
51214,5,22,11,2012,5.4433333333333325,6.49,4.88,6.01
51215,5,23,11,2012,5.299166666666667,6.38,4.86,5.97
51216,6,0,11,2012,5.170833333333333,4.87,3.67,4.5200000000000005
51217,6,1,11,2012,5.092499999999999,4.55,3.38,4.13
51218,6,2,11,2012,5.009166666666666,2.87,2.19,2.64
51219,6,3,11,2012,4.944166666666667,1.32,1.2,1.35
51220,6,4,11,2012,4.909999999999999,0.78,0.66,0.65
51221,6,5,11,2012,4.950833333333333,2.14,1.72,2.03
51222,6,6,11,2012,4.850833333333333,3.83,2.27,3.13
51223,6,7,11,2012,4.6258333333333335,5.2,3.02,4.15
51224,6,8,11,2012,4.553333333333333,6.2,3.6,4.93
51225,6,9,11,2012,4.094166666666665,7.7,4.6000000000000005,6.13
51226,6,10,11,2012,3.573333333333334,9.79,5.25,7.44
51227,6,11,11,2012,3.1316666666666673,11.27,6.04,8.43
51228,6,12,11,2012,2.8000000000000003,12.83,7.29,9.89
51229,6,13,11,2012,2.8508333333333336,13.6,8.03,10.72
51230,6,14,11,2012,4.525,13.21,8.31,10.82
51231,6,15,11,2012,6.422499999999999,12.57,8.49,10.57
51232,6,16,11,2012,7.613333333333334,11.1,8.19,10.09
51233,6,17,11,2012,8.806666666666667,10.92,8.01,9.89
51234,6,18,11,2012,10.23,10.76,7.73,9.62
51235,6,19,11,2012,11.138333333333335,11.05,7.82,9.68
51236,6,20,11,2012,11.723333333333334,11.86,8.32,10.42
51237,6,21,11,2012,11.893333333333336,11.92,8.31,10.45
51238,6,22,11,2012,11.469166666666666,11.84,8.16,10.37
51239,6,23,11,2012,9.7125,11.22,4.71,7.7
51240,7,0,11,2012,9.035833333333334,12.35,5.45,8.96
51241,7,1,11,2012,8.500833333333334,12.31,5.68,9.09
51242,7,2,11,2012,8.063333333333333,13.12,5.8100000000000005,9.24
51243,7,3,11,2012,7.552500000000001,14.43,6.96,10.53
51244,7,4,11,2012,7.336666666666669,14.0,6.8100000000000005,10.27
51245,7,5,11,2012,6.729166666666668,13.99,6.84,10.28
51246,7,6,11,2012,6.075,14.16,7.0600000000000005,10.48
51247,7,7,11,2012,5.3725,13.2,6.57,9.83
51248,7,8,11,2012,4.786666666666667,13.05,6.57,9.8
51249,7,9,11,2012,3.5416666666666665,13.01,6.5200000000000005,9.73
51250,7,10,11,2012,2.2466666666666666,10.94,5.03,8.09
51251,7,11,11,2012,2.2566666666666673,10.75,4.87,7.86
51252,7,12,11,2012,1.6208333333333336,10.47,4.49,7.59
51253,7,13,11,2012,0.8258333333333332,8.16,3.52,6.68
51254,7,14,11,2012,2.1625,7.9300000000000015,3.88,5.95
51255,7,15,11,2012,3.7741666666666664,4.69,2.69,3.13
51256,7,16,11,2012,5.493333333333333,3.16,2.44,2.9
51257,7,17,11,2012,6.866666666666667,2.91,2.3000000000000003,2.71
51258,7,18,11,2012,7.821666666666666,2.53,2.13,2.44
51259,7,19,11,2012,8.631666666666668,1.78,1.59,1.77
51260,7,20,11,2012,9.373333333333335,1.08,1.04,1.12
51261,7,21,11,2012,9.897499999999999,1.7,1.4,1.62
51262,7,22,11,2012,9.791666666666666,3.06,1.97,2.7
51263,7,23,11,2012,8.316666666666668,5.24,3.0500000000000003,4.99
51264,8,0,11,2012,7.357500000000001,6.1000000000000005,3.02,5.44
51265,8,1,11,2012,6.6325,7.83,3.44,6.32
51266,8,2,11,2012,6.077500000000001,8.84,3.81,6.99
51267,8,3,11,2012,5.821666666666666,10.63,4.68,7.69
51268,8,4,11,2012,5.5325,11.56,5.1000000000000005,8.13
51269,8,5,11,2012,5.279166666666667,12.04,5.54,8.47
51270,8,6,11,2012,5.0575,12.52,5.95,8.89
51271,8,7,11,2012,4.967499999999999,13.35,6.59,9.58
51272,8,8,11,2012,4.716666666666667,13.68,6.83,9.82
51273,8,9,11,2012,4.4875,14.04,7.1000000000000005,10.16
51274,8,10,11,2012,4.425,14.21,7.28,10.32
51275,8,11,11,2012,4.2266666666666675,14.44,7.44,10.52
51276,8,12,11,2012,4.489999999999999,14.67,7.68,10.81
51277,8,13,11,2012,4.355,14.63,7.91,10.93
51278,8,14,11,2012,5.389166666666667,14.24,8.49,11.31
51279,8,15,11,2012,6.978333333333333,10.8,6.19,8.01
51280,8,16,11,2012,9.362499999999999,7.95,5.8500000000000005,7.11
51281,8,17,11,2012,11.593333333333334,7.71,5.82,7.04
51282,8,18,11,2012,13.701666666666668,7.97,5.91,7.21
51283,8,19,11,2012,15.001666666666665,7.99,5.91,7.23
51284,8,20,11,2012,15.917499999999999,7.98,5.82,7.17
51285,8,21,11,2012,16.325833333333332,7.84,5.68,7.0200000000000005
51286,8,22,11,2012,15.722499999999998,7.95,5.0600000000000005,6.38
51287,8,23,11,2012,13.560833333333333,9.45,3.03,6.51
51288,9,0,11,2012,12.5525,10.18,3.49,7.08
51289,9,1,11,2012,11.876666666666667,11.74,4.3500000000000005,7.95
51290,9,2,11,2012,11.972500000000004,12.84,5.4,8.78
51291,9,3,11,2012,11.766666666666666,13.33,5.66,9.15
51292,9,4,11,2012,11.588333333333331,13.51,6.01,9.4
51293,9,5,11,2012,11.065833333333332,13.21,5.95,9.25
51294,9,6,11,2012,10.792499999999999,13.26,6.18,9.3
51295,9,7,11,2012,10.548333333333334,13.09,6.08,9.16
51296,9,8,11,2012,10.363333333333333,12.66,6.05,8.94
51297,9,9,11,2012,10.3575,12.2,6.11,8.86
51298,9,10,11,2012,10.228333333333335,11.57,5.74,8.34
51299,9,11,11,2012,10.035,11.53,5.67,8.25
51300,9,12,11,2012,9.825833333333332,11.32,5.42,8.02
51301,9,13,11,2012,9.556666666666668,11.31,5.44,8.040000000000001
51302,9,14,11,2012,10.034999999999998,10.68,5.5,7.42
51303,9,15,11,2012,11.612500000000002,8.72,4.86,6.08
51304,9,16,11,2012,13.749166666666667,5.65,4.39,5.23
51305,9,17,11,2012,15.849166666666667,5.59,4.32,5.16
51306,9,18,11,2012,17.4475,8.0,5.89,7.21
51307,9,19,11,2012,19.019166666666667,8.77,6.47,7.9300000000000015
51308,9,20,11,2012,19.925833333333333,8.83,6.3,7.84
51309,9,21,11,2012,20.831666666666667,9.05,6.42,8.03
51310,9,22,11,2012,20.53833333333333,9.58,5.1000000000000005,6.9
51311,9,23,11,2012,18.869166666666665,12.52,5.18,8.51
51312,10,0,11,2012,18.0125,13.77,6.76,9.94
51313,10,1,11,2012,17.228333333333335,13.99,7.09,10.2
51314,10,2,11,2012,16.77416666666667,13.43,7.2,10.12
51315,10,3,11,2012,16.575833333333335,14.5,7.79,10.93
51316,10,4,11,2012,16.68083333333333,15.16,8.19,11.49
51317,10,5,11,2012,16.56,15.08,8.19,11.47
51318,10,6,11,2012,16.293333333333333,15.26,8.1,11.42
51319,10,7,11,2012,16.13416666666667,15.33,8.1,11.42
51320,10,8,11,2012,16.046666666666667,15.59,8.14,11.53
51321,10,9,11,2012,16.14166666666667,15.68,8.19,11.62
51322,10,10,11,2012,15.914166666666665,15.58,8.23,11.62
51323,10,11,11,2012,15.964999999999998,15.81,8.290000000000001,11.68
51324,10,12,11,2012,15.8925,16.61,9.17,12.74
51325,10,13,11,2012,15.43166666666667,16.37,9.05,12.58
51326,10,14,11,2012,16.365833333333335,16.25,10.19,13.36
51327,10,15,11,2012,18.3875,15.9,9.43,12.63
51328,10,16,11,2012,19.66083333333333,15.41,10.84,13.61
51329,10,17,11,2012,21.0025,16.330000000000002,11.64,14.57
51330,10,18,11,2012,22.235833333333336,15.97,11.25,14.08
51331,10,19,11,2012,22.170833333333334,16.44,11.51,14.43
51332,10,20,11,2012,21.131666666666664,18.1,12.78,16.080000000000002
51333,10,21,11,2012,20.420833333333334,17.47,12.23,15.43
51334,10,22,11,2012,19.330833333333334,16.76,10.87,14.03
51335,10,23,11,2012,18.532500000000002,15.63,9.15,12.4
51336,11,0,11,2012,18.0925,17.06,10.18,13.64
51337,11,1,11,2012,17.74916666666667,18.45,11.08,14.79
51338,11,2,11,2012,17.7025,18.45,11.17,14.88
51339,11,3,11,2012,17.705000000000002,18.5,11.27,15.0
51340,11,4,11,2012,17.395833333333332,18.25,11.55,15.17
51341,11,5,11,2012,15.528333333333334,19.14,11.85,15.54
51342,11,6,11,2012,15.235,14.91,9.45,12.35
51343,11,7,11,2012,15.344166666666666,14.82,9.44,12.31
51344,11,8,11,2012,15.335,12.91,7.68,10.29
51345,11,9,11,2012,13.925833333333335,11.59,8.49,10.5
51346,11,10,11,2012,6.765833333333332,11.71,8.620000000000001,10.65
51347,11,11,11,2012,4.3325,13.1,9.58,11.81
51348,11,12,11,2012,2.9441666666666673,12.39,8.86,10.99
51349,11,13,11,2012,1.8041666666666665,11.17,8.0,9.92
51350,11,14,11,2012,0.24666666666666667,12.63,9.09,11.3
51351,11,15,11,2012,-0.5316666666666666,11.33,8.23,10.22
51352,11,16,11,2012,-0.5033333333333334,12.16,8.870000000000003,10.94
51353,11,17,11,2012,0.003333333333333325,11.58,8.42,10.36
51354,11,18,11,2012,0.44833333333333325,10.16,7.41,9.09
51355,11,19,11,2012,0.805,10.26,7.5,9.21
51356,11,20,11,2012,1.3216666666666668,9.45,6.8900000000000015,8.47
51357,11,21,11,2012,1.68,9.27,6.63,8.24
51358,11,22,11,2012,1.3399999999999999,9.96,7.1000000000000005,8.870000000000003
51359,11,23,11,2012,0.34333333333333343,10.14,5.63,7.9
51360,12,0,11,2012,-0.4383333333333334,11.61,6.21,8.75
51361,12,1,11,2012,-0.975,12.26,6.03,8.77
51362,12,2,11,2012,-1.1475000000000002,12.1,6.37,9.02
51363,12,3,11,2012,-1.455,11.3,6.09,8.53
51364,12,4,11,2012,-1.5716666666666665,9.77,5.0200000000000005,7.16
51365,12,5,11,2012,-1.4641666666666666,9.73,5.12,7.24
51366,12,6,11,2012,-1.3766666666666667,8.96,4.71,6.72
51367,12,7,11,2012,-1.3858333333333335,8.67,4.51,6.49
51368,12,8,11,2012,-1.3716666666666668,9.3,4.5600000000000005,6.68
51369,12,9,11,2012,-1.4866666666666666,9.09,4.3100000000000005,6.5
51370,12,10,11,2012,-1.9083333333333332,8.86,4.32,6.3
51371,12,11,11,2012,-2.0974999999999997,9.21,4.73,6.8
51372,12,12,11,2012,-2.03,9.18,4.68,6.75
51373,12,13,11,2012,-2.2741666666666664,9.58,5.22,7.22
51374,12,14,11,2012,-1.4941666666666666,10.14,6.4,7.92
51375,12,15,11,2012,-0.0716666666666667,8.83,6.2700000000000005,7.68
51376,12,16,11,2012,1.1975,7.85,5.68,7.0
51377,12,17,11,2012,2.65,8.64,6.22,7.69
51378,12,18,11,2012,3.5258333333333334,8.790000000000001,6.33,7.82
51379,12,19,11,2012,4.1450000000000005,8.55,6.15,7.6
51380,12,20,11,2012,4.555833333333333,8.44,6.0200000000000005,7.47
51381,12,21,11,2012,4.780833333333333,7.86,5.54,6.92
51382,12,22,11,2012,3.905,7.61,4.55,6.05
51383,12,23,11,2012,2.1300000000000003,8.13,2.95,6.19
51384,13,0,11,2012,1.4549999999999998,7.27,2.97,6.12
51385,13,1,11,2012,1.1983333333333333,6.01,2.61,5.08
51386,13,2,11,2012,0.66,5.0,2.62,4.26
51387,13,3,11,2012,0.8258333333333333,4.83,2.43,3.9
51388,13,4,11,2012,0.27416666666666667,4.45,2.8000000000000003,3.97
51389,13,5,11,2012,0.5258333333333333,3.98,2.97,4.39
51390,13,6,11,2012,0.9966666666666666,3.71,2.62,4.0200000000000005
51391,13,7,11,2012,0.6091666666666667,2.92,2.65,3.56
51392,13,8,11,2012,-0.27083333333333337,2.33,2.5500000000000003,3.38
51393,13,9,11,2012,0.25166666666666665,4.28,3.36,4.98
51394,13,10,11,2012,-0.08333333333333333,4.92,3.67,5.39
51395,13,11,11,2012,0.8416666666666665,5.2700000000000005,3.6,5.33
51396,13,12,11,2012,0.4141666666666668,5.93,3.88,6.22
51397,13,13,11,2012,0.22,7.62,4.64,7.33
51398,13,14,11,2012,0.8866666666666667,8.07,4.8,7.08
51399,13,15,11,2012,3.2191666666666663,7.7,4.13,5.8500000000000005
51400,13,16,11,2012,5.306666666666667,5.2,3.11,3.62
51401,13,17,11,2012,6.8708333333333345,4.55,3.63,4.29
51402,13,18,11,2012,8.415833333333333,5.8100000000000005,4.46,5.36
51403,13,19,11,2012,9.709166666666667,5.79,4.43,5.33
51404,13,20,11,2012,9.988333333333332,5.93,4.32,5.2700000000000005
51405,13,21,11,2012,9.195833333333333,7.33,3.73,5.58
51406,13,22,11,2012,7.721666666666668,9.88,4.6000000000000005,7.8
51407,13,23,11,2012,6.977499999999999,11.16,5.36,8.57
51408,14,0,11,2012,6.840833333333333,11.66,5.8500000000000005,9.0
51409,14,1,11,2012,6.898333333333333,11.85,5.8,8.94
51410,14,2,11,2012,7.068333333333334,12.07,5.69,8.81
51411,14,3,11,2012,6.898333333333333,12.39,5.17,8.34
51412,14,4,11,2012,6.910833333333335,12.36,5.22,8.370000000000001
51413,14,5,11,2012,6.900000000000001,12.87,5.89,8.98
51414,14,6,11,2012,6.485,13.09,5.73,8.83
51415,14,7,11,2012,6.164166666666667,13.06,5.4,8.82
51416,14,8,11,2012,5.339166666666667,12.3,4.92,8.540000000000001
51417,14,9,11,2012,4.2991666666666655,12.25,4.68,8.620000000000001
51418,14,10,11,2012,3.8249999999999997,11.69,5.16,8.620000000000001
51419,14,11,11,2012,3.4450000000000003,11.64,5.39,8.83
51420,14,12,11,2012,2.975833333333334,11.35,5.55,8.85
51421,14,13,11,2012,2.903333333333333,11.09,5.74,8.950000000000003
51422,14,14,11,2012,3.658333333333333,10.79,5.8,8.78
51423,14,15,11,2012,5.1241666666666665,9.25,5.29,7.15
51424,14,16,11,2012,7.107500000000001,7.6,5.15,6.11
51425,14,17,11,2012,8.774166666666668,6.48,5.04,6.01
51426,14,18,11,2012,9.9825,6.04,4.63,5.55
51427,14,19,11,2012,10.918333333333335,6.08,4.5200000000000005,5.5
51428,14,20,11,2012,11.296666666666667,6.73,4.96,6.08
51429,14,21,11,2012,11.044166666666667,7.13,5.19,6.43
51430,14,22,11,2012,10.145833333333332,7.61,4.37,5.95
51431,14,23,11,2012,8.464166666666666,10.85,4.51,7.84
51432,15,0,11,2012,7.4925,12.48,5.24,8.66
51433,15,1,11,2012,7.3175,12.86,5.8500000000000005,8.81
51434,15,2,11,2012,7.3549999999999995,12.92,6.3100000000000005,9.23
51435,15,3,11,2012,7.086666666666666,12.92,6.3100000000000005,9.23
51436,15,4,11,2012,6.9174999999999995,12.83,6.33,9.08
51437,15,5,11,2012,6.717500000000001,11.98,5.93,8.51
51438,15,6,11,2012,6.741666666666666,11.82,5.96,8.45
51439,15,7,11,2012,6.865000000000001,11.77,6.01,8.47
51440,15,8,11,2012,7.140000000000001,12.3,6.67,9.16
51441,15,9,11,2012,7.079999999999999,10.07,4.59,6.88
51442,15,10,11,2012,6.465833333333333,8.16,2.17,4.33
51443,15,11,11,2012,6.1866666666666665,8.44,3.06,5.04
51444,15,12,11,2012,6.338333333333334,9.71,5.05,7.16
51445,15,13,11,2012,6.335833333333333,9.82,5.19,7.34
51446,15,14,11,2012,6.310833333333332,8.61,3.96,5.95
51447,15,15,11,2012,6.8950000000000005,6.51,3.84,5.07
51448,15,16,11,2012,8.003333333333332,3.75,3.02,3.54
51449,15,17,11,2012,9.1425,2.98,2.47,2.87
51450,15,18,11,2012,10.161666666666667,2.4,1.92,2.24
51451,15,19,11,2012,11.300833333333332,2.37,1.89,2.21
51452,15,20,11,2012,12.225,2.69,1.97,2.4
51453,15,21,11,2012,12.906666666666666,4.29,3.0700000000000003,3.84
51454,15,22,11,2012,12.097499999999998,5.95,3.16,5.0600000000000005
51455,15,23,11,2012,10.361666666666666,5.87,2.77,5.22
51456,16,0,11,2012,9.352499999999997,8.65,2.67,6.53
51457,16,1,11,2012,8.316666666666668,9.53,3.23,7.1400000000000015
51458,16,2,11,2012,7.368333333333333,11.77,3.49,7.67
51459,16,3,11,2012,6.319166666666668,11.38,3.88,7.75
51460,16,4,11,2012,5.484999999999999,11.14,3.77,7.52
51461,16,5,11,2012,4.8225,10.8,3.91,7.49
51462,16,6,11,2012,4.145833333333333,10.34,4.0200000000000005,7.52
51463,16,7,11,2012,3.3541666666666665,9.12,3.7,6.98
51464,16,8,11,2012,2.630833333333334,8.22,3.15,6.1400000000000015
51465,16,9,11,2012,1.99,7.76,2.49,5.43
51466,16,10,11,2012,1.3391666666666666,6.78,2.45,5.2700000000000005
51467,16,11,11,2012,0.6083333333333333,5.54,2.19,4.55
51468,16,12,11,2012,0.04750000000000001,4.73,2.05,4.0600000000000005
51469,16,13,11,2012,-0.18999999999999995,4.04,1.08,2.5
51470,16,14,11,2012,0.6266666666666666,4.55,1.9,3.0700000000000003
51471,16,15,11,2012,2.5641666666666665,4.32,1.85,2.15
51472,16,16,11,2012,4.741666666666667,2.47,1.9,2.16
51473,16,17,11,2012,6.904166666666668,2.6,2.07,2.42
51474,16,18,11,2012,8.886666666666665,3.13,2.56,2.97
51475,16,19,11,2012,10.225833333333334,3.5700000000000003,2.79,3.31
51476,16,20,11,2012,11.285833333333334,4.53,3.37,4.09
51477,16,21,11,2012,11.859166666666667,5.32,3.91,4.82
51478,16,22,11,2012,10.938333333333333,6.84,3.56,5.67
51479,16,23,11,2012,9.248333333333333,7.81,3.42,6.57
51480,17,0,11,2012,8.440833333333336,10.42,4.05,7.51
51481,17,1,11,2012,7.831666666666667,10.92,4.51,7.9
51482,17,2,11,2012,7.3275,11.61,4.93,8.38
51483,17,3,11,2012,7.016666666666666,11.77,5.1000000000000005,8.55
51484,17,4,11,2012,6.728333333333333,13.25,5.72,9.26
51485,17,5,11,2012,6.360833333333333,13.48,5.96,9.52
51486,17,6,11,2012,6.2075000000000005,13.03,6.12,9.61
51487,17,7,11,2012,6.0075,13.4,6.26,9.74
51488,17,8,11,2012,5.765833333333334,13.43,6.28,9.78
51489,17,9,11,2012,5.160833333333334,13.4,5.98,9.32
51490,17,10,11,2012,5.274166666666667,13.52,6.45,9.85
51491,17,11,11,2012,5.344166666666667,13.8,6.65,10.08
51492,17,12,11,2012,4.8425,14.09,6.62,9.95
51493,17,13,11,2012,4.424166666666666,14.13,6.69,10.0
51494,17,14,11,2012,4.833333333333333,13.71,7.35,9.78
51495,17,15,11,2012,6.2875000000000005,12.17,6.54,9.0
51496,17,16,11,2012,8.676666666666668,10.93,6.78,8.3
51497,17,17,11,2012,10.5,9.73,7.2,8.790000000000001
51498,17,18,11,2012,11.681666666666665,10.7,7.8,9.63
51499,17,19,11,2012,12.71583333333333,11.24,8.08,10.04
51500,17,20,11,2012,13.262499999999998,11.51,8.11,10.17
51501,17,21,11,2012,13.224166666666664,11.55,8.13,10.21
51502,17,22,11,2012,12.088333333333333,11.62,6.86,9.0
51503,17,23,11,2012,10.452499999999999,13.24,6.4,9.55
51504,18,0,11,2012,9.8225,13.9,6.73,9.97
51505,18,1,11,2012,9.245,13.97,6.79,10.04
51506,18,2,11,2012,8.342500000000001,13.83,6.67,9.84
51507,18,3,11,2012,7.860833333333333,14.33,6.88,10.12
51508,18,4,11,2012,7.486666666666667,14.24,6.86,10.07
51509,18,5,11,2012,6.965833333333333,14.2,6.68,9.86
51510,18,6,11,2012,6.739999999999999,14.37,6.7,9.89
51511,18,7,11,2012,6.398333333333333,13.95,6.7700000000000005,9.85
51512,18,8,11,2012,6.154166666666668,14.27,6.96,10.11
51513,18,9,11,2012,5.658333333333334,13.9,6.7,9.77
51514,18,10,11,2012,5.232500000000001,13.45,6.71,9.63
51515,18,11,11,2012,5.081666666666667,13.34,6.48,9.4
51516,18,12,11,2012,4.794999999999999,13.39,6.74,9.61
51517,18,13,11,2012,4.308333333333333,13.39,6.8500000000000005,9.73
51518,18,14,11,2012,5.2316666666666665,13.2,7.69,10.25
51519,18,15,11,2012,7.443333333333334,12.19,6.59,9.25
51520,18,16,11,2012,9.079166666666667,9.09,6.5200000000000005,8.01
51521,18,17,11,2012,10.6575,8.73,6.49,7.9
51522,18,18,11,2012,12.115833333333333,8.94,6.61,8.08
51523,18,19,11,2012,13.016666666666666,9.9,7.25,8.92
51524,18,20,11,2012,13.654166666666669,10.26,7.41,9.2
51525,18,21,11,2012,13.630000000000003,10.1,7.19,8.97
51526,18,22,11,2012,12.803333333333333,10.75,5.46,7.86
51527,18,23,11,2012,12.042499999999999,12.18,6.46,9.16
51528,19,0,11,2012,11.8025,12.97,7.03,9.86
51529,19,1,11,2012,11.488333333333335,12.92,7.1400000000000015,9.89
51530,19,2,11,2012,11.3375,13.3,7.42,10.23
51531,19,3,11,2012,10.975,13.4,7.22,10.1
51532,19,4,11,2012,10.311666666666667,13.25,6.2700000000000005,9.38
51533,19,5,11,2012,9.860833333333334,13.32,6.1000000000000005,9.28
51534,19,6,11,2012,9.458333333333334,13.85,6.6400000000000015,9.87
51535,19,7,11,2012,8.9775,14.15,7.08,10.26
51536,19,8,11,2012,8.598333333333333,14.82,7.82,11.08
51537,19,9,11,2012,8.498333333333335,15.15,8.3,11.52
51538,19,10,11,2012,8.227500000000001,15.12,8.290000000000001,11.49
51539,19,11,11,2012,9.194166666666668,12.57,7.91,10.35
51540,19,12,11,2012,9.517499999999998,11.85,7.27,9.62
51541,19,13,11,2012,9.64,11.21,6.78,9.02
51542,19,14,11,2012,9.921666666666665,11.01,6.65,8.86
51543,19,15,11,2012,10.560833333333333,10.24,6.53,8.51
51544,19,16,11,2012,11.251666666666667,8.870000000000003,5.69,7.21
51545,19,17,11,2012,11.960833333333333,7.85,5.54,6.86
51546,19,18,11,2012,12.456666666666669,8.18,5.98,7.35
51547,19,19,11,2012,13.457500000000001,7.73,5.65,6.94
51548,19,20,11,2012,14.408333333333333,6.87,5.15,6.24
51549,19,21,11,2012,15.000833333333333,5.53,4.0200000000000005,4.96
51550,19,22,11,2012,14.265833333333333,5.65,3.67,5.19
51551,19,23,11,2012,12.576666666666666,6.45,2.97,5.61
51552,20,0,11,2012,11.6575,7.09,3.11,6.29
51553,20,1,11,2012,10.874166666666666,7.42,3.61,6.7
51554,20,2,11,2012,9.659166666666666,8.51,4.07,7.04
51555,20,3,11,2012,7.871666666666667,8.65,3.48,6.26
51556,20,4,11,2012,6.946666666666666,9.84,3.84,6.73
51557,20,5,11,2012,6.281666666666666,10.43,4.01,7.04
51558,20,6,11,2012,5.465833333333333,10.3,4.0,6.8100000000000005
51559,20,7,11,2012,5.303333333333334,10.41,4.53,7.3900000000000015
51560,20,8,11,2012,4.663333333333334,10.04,4.43,7.32
51561,20,9,11,2012,3.8550000000000004,9.66,4.15,7.04
51562,20,10,11,2012,3.2791666666666663,8.8,4.0,6.57
51563,20,11,11,2012,3.0216666666666665,9.0,4.11,6.69
51564,20,12,11,2012,2.6866666666666674,8.67,3.76,6.45
51565,20,13,11,2012,2.3541666666666665,8.540000000000001,3.45,6.33
51566,20,14,11,2012,3.1941666666666664,8.26,4.0600000000000005,6.3500000000000005
51567,20,15,11,2012,4.781666666666667,6.79,3.31,4.39
51568,20,16,11,2012,6.928333333333335,4.39,2.75,3.13
51569,20,17,11,2012,9.098333333333334,3.21,2.66,3.0500000000000003
51570,20,18,11,2012,10.985,2.79,2.43,2.77
51571,20,19,11,2012,12.4675,1.82,1.63,1.83
51572,20,20,11,2012,13.459166666666667,1.17,1.09,1.2
51573,20,21,11,2012,13.930833333333332,0.86,0.63,0.73
51574,20,22,11,2012,13.054166666666667,2.4,0.72,1.65
51575,20,23,11,2012,11.484166666666667,3.92,1.74,3.22
51576,21,0,11,2012,10.925833333333335,5.38,2.79,4.89
51577,21,1,11,2012,10.598333333333331,6.67,3.68,6.1000000000000005
51578,21,2,11,2012,10.309166666666668,8.05,4.3500000000000005,7.29
51579,21,3,11,2012,10.237499999999999,8.53,4.6000000000000005,7.67
51580,21,4,11,2012,9.699999999999998,10.28,5.25,8.59
51581,21,5,11,2012,10.004166666666668,11.58,6.26,9.62
51582,21,6,11,2012,10.286666666666667,12.34,6.86,10.22
51583,21,7,11,2012,10.152500000000002,12.48,6.7700000000000005,10.13
51584,21,8,11,2012,9.575833333333334,13.58,7.17,10.63
51585,21,9,11,2012,9.151666666666667,13.56,7.16,10.62
51586,21,10,11,2012,8.49,13.85,6.93,10.26
51587,21,11,11,2012,8.334999999999999,14.14,7.05,10.42
51588,21,12,11,2012,8.44,14.35,6.91,10.45
51589,21,13,11,2012,8.321666666666667,14.45,6.8,10.38
51590,21,14,11,2012,9.299999999999999,14.47,7.54,10.25
51591,21,15,11,2012,12.390833333333335,13.39,7.9,10.47
51592,21,16,11,2012,13.974166666666667,11.86,6.93,8.96
51593,21,17,11,2012,15.545833333333334,9.9,7.21,8.8
51594,21,18,11,2012,17.348333333333333,10.11,7.41,9.09
51595,21,19,11,2012,18.57166666666667,10.55,7.54,9.38
51596,21,20,11,2012,19.30166666666667,11.09,7.91,9.86
51597,21,21,11,2012,19.39166666666667,12.11,7.49,9.55
51598,21,22,11,2012,17.986666666666668,12.86,6.93,9.64
51599,21,23,11,2012,16.245833333333334,15.09,7.46,11.12
51600,22,0,11,2012,15.208333333333334,16.080000000000002,8.27,11.93
51601,22,1,11,2012,14.5575,16.44,8.5,12.18
51602,22,2,11,2012,14.101666666666665,16.59,8.77,12.42
51603,22,3,11,2012,13.770000000000001,16.66,8.91,12.53
51604,22,4,11,2012,13.5475,16.8,9.07,12.69
51605,22,5,11,2012,12.771666666666667,16.03,8.44,11.91
51606,22,6,11,2012,12.523333333333333,16.56,8.92,12.42
51607,22,7,11,2012,12.569999999999999,16.9,9.22,12.7
51608,22,8,11,2012,13.282499999999999,16.51,8.71,12.26
51609,22,9,11,2012,13.338333333333333,15.65,8.17,11.56
51610,22,10,11,2012,13.255833333333335,15.24,7.8900000000000015,11.23
51611,22,11,11,2012,13.255,15.04,7.6400000000000015,10.97
51612,22,12,11,2012,13.22,14.77,7.49,10.75
51613,22,13,11,2012,13.735,14.15,7.13,10.31
51614,22,14,11,2012,14.455833333333333,15.05,9.07,12.09
51615,22,15,11,2012,15.4225,15.01,9.09,12.1
51616,22,16,11,2012,16.727500000000003,11.64,7.62,9.54
51617,22,17,11,2012,17.543333333333337,10.5,7.57,9.34
51618,22,18,11,2012,16.905833333333334,8.71,6.38,7.82
51619,22,19,11,2012,15.914166666666667,9.38,6.79,8.35
51620,22,20,11,2012,15.759166666666665,10.96,7.79,9.71
51621,22,21,11,2012,14.998333333333335,12.78,8.9,11.22
51622,22,22,11,2012,13.354166666666664,12.78,8.4,10.61
51623,22,23,11,2012,11.691666666666665,15.1,9.0,12.16
51624,23,0,11,2012,10.386666666666665,15.8,9.45,12.7
51625,23,1,11,2012,9.079166666666667,14.93,7.18,10.21
51626,23,2,11,2012,8.064166666666667,13.78,7.34,10.3
51627,23,3,11,2012,7.201666666666667,13.3,6.96,9.87
51628,23,4,11,2012,6.334166666666668,11.49,4.12,6.84
51629,23,5,11,2012,5.394166666666667,10.81,4.47,7.24
51630,23,6,11,2012,5.204166666666667,13.46,6.72,9.8
51631,23,7,11,2012,5.0425,15.59,9.23,12.47
51632,23,8,11,2012,3.8408333333333338,17.91,10.58,14.23
51633,23,9,11,2012,1.9558333333333335,15.73,9.17,12.37
51634,23,10,11,2012,0.16583333333333336,12.5,7.49,10.06
51635,23,11,11,2012,-0.9116666666666666,13.22,7.87,10.53
51636,23,12,11,2012,-1.6500000000000004,13.49,8.28,11.01
51637,23,13,11,2012,-2.7183333333333333,16.15,10.37,13.54
51638,23,14,11,2012,-3.0233333333333334,13.02,8.77,11.17
51639,23,15,11,2012,-2.749166666666667,11.99,8.46,10.58
51640,23,16,11,2012,-2.220833333333333,12.13,8.59,10.72
51641,23,17,11,2012,-1.4400000000000002,11.05,7.87,9.79
51642,23,18,11,2012,-0.6691666666666668,10.22,7.35,9.11
51643,23,19,11,2012,0.005833333333333329,9.73,7.01,8.66
51644,23,20,11,2012,0.5483333333333333,9.52,6.8500000000000005,8.49
51645,23,21,11,2012,0.8483333333333332,8.83,6.32,7.85
51646,23,22,11,2012,0.46833333333333343,8.14,5.73,7.17
51647,23,23,11,2012,-0.96,7.15,3.12,5.6000000000000005
51648,24,0,11,2012,-1.3183333333333336,8.620000000000001,3.26,6.1400000000000015
51649,24,1,11,2012,-1.8333333333333337,8.73,3.34,6.13
51650,24,2,11,2012,-2.0883333333333334,8.61,3.34,6.08
51651,24,3,11,2012,-2.283333333333333,9.38,3.72,6.34
51652,24,4,11,2012,-2.5833333333333335,9.31,3.64,6.25
51653,24,5,11,2012,-2.9141666666666666,7.24,2.62,4.75
51654,24,6,11,2012,-3.3533333333333335,5.54,2.09,3.94
51655,24,7,11,2012,-3.8174999999999994,5.12,1.88,3.56
51656,24,8,11,2012,-4.118333333333333,5.0,0.91,2.94
51657,24,9,11,2012,-4.2733333333333325,2.4,0.75,1.93
51658,24,10,11,2012,-4.423333333333333,3.44,1.66,3.27
51659,24,11,11,2012,-4.509166666666666,5.9,3.09,4.73
51660,24,12,11,2012,-4.551666666666667,7.36,3.6,5.43
51661,24,13,11,2012,-4.44,8.64,4.3100000000000005,6.23
51662,24,14,11,2012,-3.7791666666666663,8.72,4.91,6.49
51663,24,15,11,2012,-2.1700000000000004,8.2,5.39,6.49
51664,24,16,11,2012,-0.20666666666666675,7.6,5.82,7.01
51665,24,17,11,2012,1.6483333333333334,8.1,6.15,7.44
51666,24,18,11,2012,3.324166666666667,8.83,6.59,8.02
51667,24,19,11,2012,4.613333333333333,9.23,6.8100000000000005,8.35
51668,24,20,11,2012,5.5825000000000005,9.5,6.92,8.52
51669,24,21,11,2012,5.742500000000001,9.21,6.63,8.22
51670,24,22,11,2012,4.130833333333333,11.67,4.3100000000000005,7.99
51671,24,23,11,2012,2.7358333333333333,13.39,5.5200000000000005,9.03
51672,25,0,11,2012,2.2808333333333333,13.93,6.25,9.49
51673,25,1,11,2012,2.855,13.42,6.24,9.32
51674,25,2,11,2012,3.4641666666666673,12.21,5.92,8.68
51675,25,3,11,2012,4.015000000000001,12.5,6.32,8.98
51676,25,4,11,2012,4.400833333333332,13.29,6.58,9.43
51677,25,5,11,2012,3.7425,13.33,6.37,9.4
51678,25,6,11,2012,3.3575,13.13,6.1000000000000005,9.31
51679,25,7,11,2012,2.975,11.44,5.43,8.51
51680,25,8,11,2012,1.855833333333333,9.66,4.82,7.51
51681,25,9,11,2012,1.0441666666666667,9.99,3.72,7.5
51682,25,10,11,2012,1.945833333333333,9.68,4.41,7.74
51683,25,11,11,2012,1.1316666666666666,9.6,3.82,7.18
51684,25,12,11,2012,0.5608333333333333,9.54,4.03,7.03
51685,25,13,11,2012,0.6750000000000002,11.31,4.34,7.4
51686,25,14,11,2012,1.0233333333333334,11.63,5.89,8.08
51687,25,15,11,2012,1.835,9.56,5.53,6.91
51688,25,16,11,2012,3.0566666666666666,6.12,4.73,5.63
51689,25,17,11,2012,4.314166666666668,5.69,4.49,5.32
51690,25,18,11,2012,5.4375,5.91,4.67,5.53
51691,25,19,11,2012,6.246666666666666,5.76,4.51,5.36
51692,25,20,11,2012,6.674166666666667,5.43,4.22,5.04
51693,25,21,11,2012,6.6675,6.13,4.61,5.62
51694,25,22,11,2012,5.908333333333334,7.41,4.64,5.8500000000000005
51695,25,23,11,2012,4.344166666666667,9.7,4.13,6.74
51696,26,0,11,2012,3.1333333333333333,10.14,4.11,6.98
51697,26,1,11,2012,2.1791666666666667,9.81,4.51,7.1000000000000005
51698,26,2,11,2012,1.346666666666667,9.9,4.5,7.1000000000000005
51699,26,3,11,2012,0.3875,10.01,3.98,6.76
51700,26,4,11,2012,-0.27666666666666667,9.95,4.19,6.86
51701,26,5,11,2012,-0.8158333333333334,10.07,4.13,6.79
51702,26,6,11,2012,-1.2175,9.95,4.3500000000000005,6.75
51703,26,7,11,2012,-1.3975000000000002,10.55,4.94,7.49
51704,26,8,11,2012,-1.425833333333333,10.59,5.0,7.53
51705,26,9,11,2012,-1.4675000000000002,10.39,4.58,7.21
51706,26,10,11,2012,-1.365,10.33,4.86,7.57
51707,26,11,11,2012,-1.0508333333333333,10.29,5.0200000000000005,7.55
51708,26,12,11,2012,-0.215,8.98,5.03,6.8
51709,26,13,11,2012,-0.036666666666666674,8.28,5.21,6.75
51710,26,14,11,2012,-0.006666666666666667,8.97,6.32,7.84
51711,26,15,11,2012,-0.13333333333333333,9.21,6.8,8.33
51712,26,16,11,2012,0.3433333333333333,9.48,7.05,8.620000000000001
51713,26,17,11,2012,1.03,9.46,7.04,8.56
51714,26,18,11,2012,1.5525,9.47,7.04,8.57
51715,26,19,11,2012,1.8008333333333333,8.700000000000001,6.49,7.88
51716,26,20,11,2012,1.8758333333333332,8.24,6.13,7.47
51717,26,21,11,2012,1.6233333333333333,7.71,5.67,6.94
51718,26,22,11,2012,0.5491666666666667,8.82,5.57,7.22
51719,26,23,11,2012,-0.9908333333333332,9.64,4.86,7.46
51720,27,0,11,2012,-2.0025,9.64,4.54,7.35
51721,27,1,11,2012,-2.7249999999999996,8.89,4.07,6.97
51722,27,2,11,2012,-3.203333333333333,8.71,3.8,6.91
51723,27,3,11,2012,-3.6766666666666663,8.39,3.14,6.33
51724,27,4,11,2012,-4.036666666666667,7.54,2.31,5.39
51725,27,5,11,2012,-4.3075,6.2,1.62,4.4
51726,27,6,11,2012,-4.514166666666667,4.2,0.96,3.02
51727,27,7,11,2012,-4.840833333333333,2.29,0.48,1.4
51728,27,8,11,2012,-5.17,1.0,0.23,0.55
51729,27,9,11,2012,-5.436666666666667,1.07,0.73,1.56
51730,27,10,11,2012,-5.697500000000001,1.93,1.39,2.59
51731,27,11,11,2012,-5.975833333333334,3.27,2.41,3.83
51732,27,12,11,2012,-6.160833333333333,4.42,2.75,4.48
51733,27,13,11,2012,-6.153333333333333,5.75,3.25,5.14
51734,27,14,11,2012,-5.434166666666666,6.3100000000000005,3.61,5.17
51735,27,15,11,2012,-3.549166666666667,6.1400000000000015,3.95,4.72
51736,27,16,11,2012,-1.7108333333333334,5.69,4.41,5.2700000000000005
51737,27,17,11,2012,0.0033333333333333084,6.23,4.7,5.68
51738,27,18,11,2012,1.3516666666666668,6.41,4.84,5.86
51739,27,19,11,2012,2.3249999999999997,7.18,5.3100000000000005,6.47
51740,27,20,11,2012,3.098333333333333,8.2,5.98,7.36
51741,27,21,11,2012,3.1824999999999997,8.22,5.99,7.38
51742,27,22,11,2012,1.8758333333333335,9.56,4.24,7.3900000000000015
51743,27,23,11,2012,0.8316666666666667,11.68,5.07,8.64
51744,28,0,11,2012,0.48999999999999994,12.08,5.16,8.700000000000001
51745,28,1,11,2012,-0.2333333333333333,12.05,4.97,8.540000000000001
51746,28,2,11,2012,-0.5316666666666666,12.21,4.87,8.39
51747,28,3,11,2012,-0.36166666666666664,11.82,5.0200000000000005,8.5
51748,28,4,11,2012,-0.2616666666666667,10.83,5.24,8.620000000000001
51749,28,5,11,2012,-0.3858333333333334,10.47,5.26,8.620000000000001
51750,28,6,11,2012,-0.98,9.19,4.91,7.8900000000000015
51751,28,7,11,2012,-1.3283333333333334,7.95,4.69,7.48
51752,28,8,11,2012,-1.7966666666666666,6.7,4.03,6.7
51753,28,9,11,2012,-1.7258333333333333,5.45,3.43,5.4
51754,28,10,11,2012,-1.9399999999999997,4.54,2.94,4.94
51755,28,11,11,2012,-2.2383333333333333,3.94,2.75,4.5200000000000005
51756,28,12,11,2012,-3.1016666666666666,3.62,2.24,3.96
51757,28,13,11,2012,-3.5616666666666674,1.95,0.3,0.88
51758,28,14,11,2012,-2.975,2.4,0.49,1.29
51759,28,15,11,2012,-0.9016666666666667,2.41,0.93,0.95
51760,28,16,11,2012,1.7899999999999998,2.5500000000000003,2.03,2.38
51761,28,17,11,2012,4.029166666666666,3.56,2.9,3.38
51762,28,18,11,2012,5.4025,3.93,3.15,3.7
51763,28,19,11,2012,6.315,4.84,3.75,4.49
51764,28,20,11,2012,7.013333333333333,5.09,3.89,4.7
51765,28,21,11,2012,7.068333333333334,6.5600000000000005,4.0200000000000005,5.0200000000000005
51766,28,22,11,2012,5.505833333333334,9.24,3.97,7.36
51767,28,23,11,2012,3.8649999999999998,10.44,4.75,7.99
51768,29,0,11,2012,3.2866666666666666,12.46,5.65,8.870000000000003
51769,29,1,11,2012,2.9591666666666665,13.68,6.2700000000000005,9.61
51770,29,2,11,2012,2.903333333333333,14.37,6.41,9.82
51771,29,3,11,2012,3.249166666666667,14.6,6.59,10.08
51772,29,4,11,2012,2.7416666666666667,14.6,6.36,9.87
51773,29,5,11,2012,1.9541666666666664,14.36,5.07,8.66
51774,29,6,11,2012,1.7566666666666668,13.67,4.62,8.24
51775,29,7,11,2012,1.4508333333333334,13.37,4.65,8.11
51776,29,8,11,2012,1.1450000000000002,12.59,4.49,7.8
51777,29,9,11,2012,1.0625,12.27,4.86,7.8900000000000015
51778,29,10,11,2012,1.57,12.29,5.63,8.74
51779,29,11,11,2012,1.9083333333333334,11.96,5.62,8.69
51780,29,12,11,2012,1.6916666666666664,11.18,5.93,8.65
51781,29,13,11,2012,1.635,11.08,5.89,8.56
51782,29,14,11,2012,2.4766666666666666,10.54,6.1000000000000005,8.19
51783,29,15,11,2012,4.1883333333333335,10.47,5.93,8.01
51784,29,16,11,2012,6.236666666666667,8.44,5.03,6.07
51785,29,17,11,2012,7.850833333333334,5.63,4.26,5.13
51786,29,18,11,2012,9.184166666666668,4.23,3.25,3.89
51787,29,19,11,2012,10.173333333333334,3.61,2.78,3.31
51788,29,20,11,2012,10.823333333333332,4.17,3.2,3.84
51789,29,21,11,2012,10.763333333333334,5.08,3.7,4.51
51790,29,22,11,2012,9.448333333333334,6.54,3.35,5.78
51791,29,23,11,2012,8.090833333333334,6.98,3.24,5.89
51792,30,0,11,2012,7.535833333333333,7.69,3.53,6.8900000000000015
51793,30,1,11,2012,7.578333333333333,8.21,4.07,7.6
51794,30,2,11,2012,6.979166666666667,7.69,4.0200000000000005,7.1400000000000015
51795,30,3,11,2012,6.365833333333334,8.98,4.07,6.92
51796,30,4,11,2012,6.353333333333333,10.05,4.64,7.62
51797,30,5,11,2012,5.478333333333334,9.99,4.37,7.44
51798,30,6,11,2012,4.859166666666667,11.64,5.61,8.77
51799,30,7,11,2012,5.868333333333333,12.47,6.91,9.9
51800,30,8,11,2012,5.533333333333334,12.41,6.8900000000000015,9.85
51801,30,9,11,2012,4.820833333333333,11.99,6.25,8.98
51802,30,10,11,2012,4.220833333333333,11.87,5.74,8.81
51803,30,11,11,2012,3.3524999999999996,10.76,4.99,7.79
51804,30,12,11,2012,2.5441666666666665,11.08,4.5200000000000005,7.9
51805,30,13,11,2012,1.4141666666666668,10.83,4.04,7.27
51806,30,14,11,2012,1.3691666666666666,10.05,5.01,7.1400000000000015
51807,30,15,11,2012,2.271666666666667,7.84,4.07,5.61
51808,30,16,11,2012,3.7158333333333338,2.48,1.89,2.19
51809,30,17,11,2012,5.663333333333334,2.06,1.89,2.11
51810,30,18,11,2012,7.215833333333333,2.07,1.98,2.19
51811,30,19,11,2012,8.0775,2.25,2.15,2.38
51812,30,20,11,2012,8.705,1.76,1.76,1.91
51813,30,21,11,2012,9.191666666666668,2.06,1.77,2.02
51814,30,22,11,2012,8.465833333333332,3.45,1.91,3.34
51815,30,23,11,2012,6.785,4.58,1.97,3.52
51816,1,0,12,2012,5.540833333333333,5.54,1.74,4.01
51817,1,1,12,2012,4.8758333333333335,7.1000000000000005,2.17,4.8500000000000005
51818,1,2,12,2012,4.330833333333334,7.74,2.1,5.03
51819,1,3,12,2012,4.163333333333333,7.9300000000000015,2.08,5.12
51820,1,4,12,2012,4.345,9.96,3.37,6.66
51821,1,5,12,2012,5.903333333333333,10.72,5.2700000000000005,7.53
51822,1,6,12,2012,7.166666666666667,10.34,4.6000000000000005,6.92
51823,1,7,12,2012,7.825833333333332,9.88,4.4,6.66
51824,1,8,12,2012,8.7025,10.01,4.94,7.27
51825,1,9,12,2012,8.898333333333333,9.15,3.63,5.71
51826,1,10,12,2012,9.0975,8.83,3.76,5.84
51827,1,11,12,2012,9.665,9.73,4.89,7.01
51828,1,12,12,2012,10.080833333333333,10.01,4.92,7.08
51829,1,13,12,2012,10.552500000000004,10.28,5.22,7.41
51830,1,14,12,2012,10.863333333333335,10.11,5.03,7.18
51831,1,15,12,2012,11.204166666666666,8.82,4.24,6.25
51832,1,16,12,2012,11.906666666666666,8.48,4.43,6.18
51833,1,17,12,2012,12.657499999999999,7.59,4.3100000000000005,5.91
51834,1,18,12,2012,14.221666666666666,4.91,2.88,3.71
51835,1,19,12,2012,14.921666666666667,4.7700000000000005,2.5500000000000003,3.27
51836,1,20,12,2012,15.928333333333335,5.22,3.75,4.62
51837,1,21,12,2012,15.309166666666664,3.83,2.48,3.19
51838,1,22,12,2012,14.462500000000004,3.79,1.73,3.46
51839,1,23,12,2012,13.270833333333334,4.24,1.71,3.4
51840,2,0,12,2012,12.4225,4.84,2.02,4.5
51841,2,1,12,2012,11.51,6.04,2.8000000000000003,5.2700000000000005
51842,2,2,12,2012,10.265833333333335,5.82,2.67,4.92
51843,2,3,12,2012,9.925833333333333,6.36,3.78,4.91
51844,2,4,12,2012,9.675833333333333,6.8500000000000005,4.1,5.34
51845,2,5,12,2012,9.513333333333334,7.6400000000000015,4.87,6.2700000000000005
51846,2,6,12,2012,9.075833333333334,7.66,5.18,6.72
51847,2,7,12,2012,8.020833333333334,7.29,4.5600000000000005,6.3100000000000005
51848,2,8,12,2012,7.034166666666667,6.33,3.53,4.28
51849,2,9,12,2012,6.006666666666667,7.8,3.76,4.7
51850,2,10,12,2012,5.1499999999999995,6.96,3.16,3.75
51851,2,11,12,2012,4.725000000000001,4.64,2.4,2.72
51852,2,12,12,2012,4.245833333333333,4.14,2.37,2.7
51853,2,13,12,2012,3.794166666666667,3.06,1.82,2.05
51854,2,14,12,2012,3.736666666666667,2.44,1.54,1.72
51855,2,15,12,2012,3.5374999999999996,1.8,1.26,1.38
51856,2,16,12,2012,3.456666666666667,0.67,0.73,0.74
51857,2,17,12,2012,5.228333333333333,1.9,1.44,1.69
51858,2,18,12,2012,7.664166666666667,3.11,2.93,3.27
51859,2,19,12,2012,7.359166666666667,3.7,3.5,3.88
51860,2,20,12,2012,9.499166666666667,3.22,2.53,2.91
51861,2,21,12,2012,11.084166666666667,4.8100000000000005,2.93,3.45
51862,2,22,12,2012,9.995,7.07,2.73,5.0600000000000005
51863,2,23,12,2012,8.5375,11.89,5.68,8.61
51864,3,0,12,2012,8.930000000000001,12.37,5.89,8.870000000000003
51865,3,1,12,2012,8.935,13.02,6.63,9.78
51866,3,2,12,2012,8.1925,12.57,7.65,10.06
51867,3,3,12,2012,9.431666666666667,12.69,7.68,10.13
51868,3,4,12,2012,10.3025,12.51,7.48,9.86
51869,3,5,12,2012,10.799999999999999,11.86,6.66,8.98
51870,3,6,12,2012,11.203333333333333,11.91,7.09,9.48
51871,3,7,12,2012,11.024166666666666,12.72,7.19,9.63
51872,3,8,12,2012,11.333333333333334,14.76,8.44,11.57
51873,3,9,12,2012,12.917499999999999,14.98,8.66,11.81
51874,3,10,12,2012,13.681666666666667,14.62,8.64,11.63
51875,3,11,12,2012,13.875000000000002,14.85,8.700000000000001,11.76
51876,3,12,12,2012,13.659166666666666,15.39,8.83,12.06
51877,3,13,12,2012,13.501666666666667,15.43,8.84,12.07
51878,3,14,12,2012,13.520833333333334,14.74,9.06,11.94
51879,3,15,12,2012,14.125833333333334,14.38,8.98,11.81
51880,3,16,12,2012,14.660833333333334,11.83,8.21,10.27
51881,3,17,12,2012,15.074999999999998,10.04,7.18,8.9
51882,3,18,12,2012,14.290833333333333,6.49,5.08,6.01
51883,3,19,12,2012,13.4475,6.65,5.1000000000000005,6.13
51884,3,20,12,2012,13.380833333333333,8.77,6.51,7.98
51885,3,21,12,2012,13.111666666666665,8.67,6.32,7.79
51886,3,22,12,2012,12.856666666666667,7.8,5.2700000000000005,6.7
51887,3,23,12,2012,12.914166666666667,9.92,5.01,7.32
51888,4,0,12,2012,12.638333333333334,12.12,5.8,8.65
51889,4,1,12,2012,12.01,12.66,6.65,9.4
51890,4,2,12,2012,10.728333333333333,12.41,6.73,9.32
51891,4,3,12,2012,9.828333333333333,12.54,6.5600000000000005,9.23
51892,4,4,12,2012,8.715,12.41,5.69,8.4
51893,4,5,12,2012,7.492500000000001,12.8,5.18,8.48
51894,4,6,12,2012,6.722499999999999,12.56,5.0600000000000005,8.39
51895,4,7,12,2012,5.895,10.97,4.38,7.75
51896,4,8,12,2012,5.275833333333334,9.72,3.85,7.26
51897,4,9,12,2012,4.788333333333333,8.74,3.58,6.99
51898,4,10,12,2012,4.3308333333333335,6.69,3.23,6.12
51899,4,11,12,2012,3.9008333333333334,5.55,3.56,5.64
51900,4,12,12,2012,2.943333333333333,6.63,3.84,6.36
51901,4,13,12,2012,2.9891666666666663,6.8500000000000005,3.96,6.71
51902,4,14,12,2012,3.3683333333333336,6.29,4.19,6.38
51903,4,15,12,2012,5.100833333333333,6.1400000000000015,3.97,5.49
51904,4,16,12,2012,7.034166666666667,5.48,3.08,3.46
51905,4,17,12,2012,9.1575,4.41,3.35,3.88
51906,4,18,12,2012,10.884166666666665,4.08,3.33,3.89
51907,4,19,12,2012,11.893333333333333,4.49,3.58,4.23
51908,4,20,12,2012,12.674166666666666,4.97,3.87,4.63
51909,4,21,12,2012,12.639166666666668,5.3100000000000005,3.79,4.55
51910,4,22,12,2012,10.814166666666665,5.69,2.69,4.92
51911,4,23,12,2012,9.445833333333333,6.4,3.23,6.09
51912,5,0,12,2012,9.276666666666666,7.36,4.01,6.6000000000000005
51913,5,1,12,2012,8.550833333333335,7.29,3.99,6.46
51914,5,2,12,2012,7.260000000000001,6.37,3.47,5.64
51915,5,3,12,2012,6.392499999999999,3.81,1.67,3.06
51916,5,4,12,2012,6.318333333333334,2.57,1.7,2.37
51917,5,5,12,2012,5.978333333333334,1.34,1.38,1.55
51918,5,6,12,2012,5.639166666666667,0.68,0.88,0.67
51919,5,7,12,2012,4.630833333333334,1.83,0.27,0.78
51920,5,8,12,2012,4.1725,2.85,0.91,2.03
51921,5,9,12,2012,3.5475,3.86,1.31,2.74
51922,5,10,12,2012,2.6300000000000003,5.76,2.95,5.12
51923,5,11,12,2012,3.749166666666667,7.3,4.24,6.6400000000000015
51924,5,12,12,2012,4.2225,8.98,4.83,7.79
51925,5,13,12,2012,3.223333333333333,9.17,4.83,7.9
51926,5,14,12,2012,3.419166666666667,10.57,4.89,7.44
51927,5,15,12,2012,6.317499999999999,10.43,5.5600000000000005,7.57
51928,5,16,12,2012,8.315833333333334,9.39,4.99,6.6400000000000015
51929,5,17,12,2012,10.105833333333333,7.84,5.53,6.7
51930,5,18,12,2012,11.713333333333336,8.27,6.1000000000000005,7.46
51931,5,19,12,2012,12.748333333333333,9.58,6.8900000000000015,8.55
51932,5,20,12,2012,13.403333333333334,10.75,7.5,9.44
51933,5,21,12,2012,13.341666666666669,10.84,7.55,9.52
51934,5,22,12,2012,11.904166666666667,13.95,6.45,9.94
51935,5,23,12,2012,10.786666666666667,15.1,7.42,10.99
51936,6,0,12,2012,9.891666666666667,15.48,7.87,11.41
51937,6,1,12,2012,9.545833333333334,15.56,8.07,11.52
51938,6,2,12,2012,9.008333333333335,15.78,8.89,12.2
51939,6,3,12,2012,9.4425,15.72,8.94,12.21
51940,6,4,12,2012,9.128333333333332,15.23,8.82,11.93
51941,6,5,12,2012,8.790000000000001,14.26,8.09,11.05
51942,6,6,12,2012,8.426666666666666,12.72,7.1000000000000005,9.76
51943,6,7,12,2012,8.391666666666666,12.74,7.15,9.78
51944,6,8,12,2012,8.371666666666666,12.98,7.35,10.03
51945,6,9,12,2012,8.046666666666667,12.43,7.09,9.64
51946,6,10,12,2012,7.887500000000002,11.39,6.46,8.81
51947,6,11,12,2012,7.726666666666666,10.2,5.67,7.8
51948,6,12,12,2012,7.630833333333332,9.59,5.3100000000000005,7.32
51949,6,13,12,2012,7.634166666666666,9.44,5.15,7.12
51950,6,14,12,2012,7.545833333333334,8.44,4.36,6.2
51951,6,15,12,2012,7.9675,7.73,4.21,5.76
51952,6,16,12,2012,8.535833333333334,6.23,4.0200000000000005,4.99
51953,6,17,12,2012,9.0525,4.7,3.56,4.29
51954,6,18,12,2012,9.451666666666666,3.45,2.67,3.18
51955,6,19,12,2012,9.343333333333334,4.95,3.95,4.73
51956,6,20,12,2012,7.547499999999999,5.45,4.51,5.3100000000000005
51957,6,21,12,2012,7.267500000000001,5.23,3.91,4.7700000000000005
51958,6,22,12,2012,7.071666666666665,5.72,4.2,5.13
51959,6,23,12,2012,6.384166666666666,7.21,5.29,6.51
51960,7,0,12,2012,5.802500000000001,6.0,4.19,5.19
51961,7,1,12,2012,5.581666666666667,6.43,3.69,4.99
51962,7,2,12,2012,5.776666666666667,7.2,4.68,6.01
51963,7,3,12,2012,5.398333333333333,7.91,4.69,6.15
51964,7,4,12,2012,4.974166666666666,7.72,4.48,6.18
51965,7,5,12,2012,4.875833333333334,7.17,4.42,5.86
51966,7,6,12,2012,4.859166666666668,6.67,4.14,5.29
51967,7,7,12,2012,5.010000000000001,6.24,3.35,4.68
51968,7,8,12,2012,5.0525,6.17,4.07,5.18
51969,7,9,12,2012,4.644166666666667,6.7700000000000005,3.78,5.49
51970,7,10,12,2012,4.201666666666667,6.38,3.52,5.39
51971,7,11,12,2012,3.839166666666667,7.72,3.73,5.94
51972,7,12,12,2012,3.078333333333333,5.3500000000000005,2.91,4.51
51973,7,13,12,2012,2.6891666666666665,5.01,2.5500000000000003,4.22
51974,7,14,12,2012,2.555,5.03,3.06,4.48
51975,7,15,12,2012,3.0666666666666664,4.51,2.8000000000000003,3.52
51976,7,16,12,2012,4.203333333333334,3.26,2.63,3.08
51977,7,17,12,2012,5.2625,2.35,1.93,2.23
51978,7,18,12,2012,6.2475,1.94,1.74,1.94
51979,7,19,12,2012,6.927500000000001,2.35,2.04,2.31
51980,7,20,12,2012,7.3116666666666665,2.75,2.24,2.6
51981,7,21,12,2012,7.413333333333334,3.29,2.5500000000000003,3.04
51982,7,22,12,2012,7.125,3.67,2.65,3.23
51983,7,23,12,2012,6.505,3.99,2.34,3.27
51984,8,0,12,2012,6.05,4.42,2.5,3.72
51985,8,1,12,2012,4.6825,4.41,1.94,3.85
51986,8,2,12,2012,3.5816666666666666,5.05,2.62,4.46
51987,8,3,12,2012,2.8274999999999992,5.04,2.58,4.57
51988,8,4,12,2012,2.2116666666666664,5.73,2.81,4.92
51989,8,5,12,2012,1.5316666666666665,6.97,3.5,5.8500000000000005
51990,8,6,12,2012,0.8516666666666667,7.07,3.52,6.08
51991,8,7,12,2012,0.12250000000000001,7.26,3.71,6.1400000000000015
51992,8,8,12,2012,-0.03583333333333333,7.27,3.61,6.0200000000000005
51993,8,9,12,2012,-0.7666666666666666,6.3100000000000005,3.12,5.48
51994,8,10,12,2012,-1.5158333333333331,5.69,2.33,4.49
51995,8,11,12,2012,-1.6933333333333331,5.1000000000000005,2.11,4.0600000000000005
51996,8,12,12,2012,-1.8716666666666668,4.95,2.36,4.28
51997,8,13,12,2012,-2.1741666666666664,4.55,1.99,3.91
51998,8,14,12,2012,-1.7999999999999998,3.87,1.67,3.13
51999,8,15,12,2012,-0.13750000000000004,3.09,1.38,1.54
52000,8,16,12,2012,1.6091666666666666,2.5,2.04,2.35
52001,8,17,12,2012,3.0925,3.06,2.51,2.88
52002,8,18,12,2012,4.030833333333334,3.41,2.79,3.23
52003,8,19,12,2012,4.824166666666667,3.68,2.87,3.37
52004,8,20,12,2012,5.480833333333333,4.26,3.29,3.92
52005,8,21,12,2012,5.641666666666668,4.38,3.33,4.0
52006,8,22,12,2012,5.134999999999999,6.4,3.26,5.1000000000000005
52007,8,23,12,2012,4.151666666666667,7.12,3.0700000000000003,5.58
52008,9,0,12,2012,3.695833333333334,8.32,2.73,5.24
52009,9,1,12,2012,3.001666666666667,10.1,3.5,6.57
52010,9,2,12,2012,2.445,10.01,3.19,6.41
52011,9,3,12,2012,1.695,10.48,3.23,6.55
52012,9,4,12,2012,0.9266666666666666,10.27,2.56,6.13
52013,9,5,12,2012,0.9374999999999999,8.35,1.88,4.51
52014,9,6,12,2012,2.3708333333333336,6.36,2.46,3.89
52015,9,7,12,2012,2.6258333333333335,5.64,1.65,3.22
52016,9,8,12,2012,2.6658333333333335,5.19,2.22,3.71
52017,9,9,12,2012,2.4441666666666673,4.07,1.26,2.68
52018,9,10,12,2012,2.0766666666666667,1.79,1.14,1.73
52019,9,11,12,2012,1.58,3.0700000000000003,1.46,2.69
52020,9,12,12,2012,0.7008333333333333,6.19,2.81,4.78
52021,9,13,12,2012,0.5983333333333333,8.56,4.3500000000000005,6.3
52022,9,14,12,2012,1.1425,10.24,5.98,7.99
52023,9,15,12,2012,1.7983333333333331,11.34,7.9,9.84
52024,9,16,12,2012,1.655,11.28,8.17,10.04
52025,9,17,12,2012,1.2025,11.22,8.13,9.99
52026,9,18,12,2012,0.7408333333333333,11.62,8.45,10.41
52027,9,19,12,2012,0.4716666666666667,11.56,8.34,10.29
52028,9,20,12,2012,-0.059166666666666666,12.26,8.69,10.82
52029,9,21,12,2012,-0.8783333333333333,12.66,9.02,11.2
52030,9,22,12,2012,-2.0941666666666667,13.65,9.62,12.01
52031,9,23,12,2012,-3.311666666666667,14.37,9.94,12.54
52032,10,0,12,2012,-4.67,15.22,10.62,13.35
52033,10,1,12,2012,-6.233333333333333,15.92,11.17,13.97
52034,10,2,12,2012,-7.198333333333334,14.93,10.5,13.09
52035,10,3,12,2012,-7.940000000000001,13.61,9.42,11.86
52036,10,4,12,2012,-8.369166666666667,13.06,9.06,11.42
52037,10,5,12,2012,-8.729166666666666,13.03,9.04,11.37
52038,10,6,12,2012,-9.11,13.19,9.15,11.5
52039,10,7,12,2012,-9.493333333333334,12.2,8.43,10.63
52040,10,8,12,2012,-9.852500000000001,11.85,8.08,10.25
52041,10,9,12,2012,-10.049999999999999,11.38,7.72,9.76
52042,10,10,12,2012,-10.085,10.26,6.62,8.51
52043,10,11,12,2012,-10.365833333333333,10.55,6.67,8.69
52044,10,12,12,2012,-10.760833333333332,10.25,6.34,8.540000000000001
52045,10,13,12,2012,-11.151666666666669,9.4,5.83,7.66
52046,10,14,12,2012,-11.1975,8.85,5.6000000000000005,7.1400000000000015
52047,10,15,12,2012,-10.485000000000001,7.28,5.39,6.58
52048,10,16,12,2012,-9.290000000000001,5.92,4.5600000000000005,5.48
52049,10,17,12,2012,-7.716666666666665,5.04,3.9,4.67
52050,10,18,12,2012,-6.194166666666667,3.98,3.09,3.68
52051,10,19,12,2012,-4.969166666666667,3.86,2.99,3.5500000000000003
52052,10,20,12,2012,-3.919166666666666,3.89,3.0,3.58
52053,10,21,12,2012,-3.329166666666667,4.05,2.96,3.66
52054,10,22,12,2012,-3.878333333333334,5.83,3.02,4.96
52055,10,23,12,2012,-4.686666666666667,7.66,3.43,6.09
52056,11,0,12,2012,-4.724166666666666,10.0,4.93,7.58
52057,11,1,12,2012,-4.519166666666668,11.2,5.39,8.290000000000001
52058,11,2,12,2012,-4.211666666666667,11.67,5.44,8.43
52059,11,3,12,2012,-4.275,12.5,5.98,9.06
52060,11,4,12,2012,-4.293333333333334,12.87,6.2,9.21
52061,11,5,12,2012,-4.461666666666667,12.78,6.15,9.17
52062,11,6,12,2012,-4.668333333333333,12.25,6.11,9.01
52063,11,7,12,2012,-4.935,11.6,6.01,8.76
52064,11,8,12,2012,-5.137499999999999,10.74,5.44,8.15
52065,11,9,12,2012,-5.305,9.69,5.03,7.52
52066,11,10,12,2012,-5.302499999999999,9.62,4.76,7.56
52067,11,11,12,2012,-5.418333333333334,10.42,4.66,7.49
52068,11,12,12,2012,-5.588333333333334,9.76,4.53,7.46
52069,11,13,12,2012,-5.774166666666666,8.53,4.6000000000000005,6.99
52070,11,14,12,2012,-5.08,8.290000000000001,4.7,7.04
52071,11,15,12,2012,-3.2975,7.67,4.2700000000000005,6.09
52072,11,16,12,2012,-0.8941666666666666,7.29,4.36,5.01
52073,11,17,12,2012,1.0116666666666667,5.83,4.1,4.74
52074,11,18,12,2012,2.5908333333333333,5.23,4.09,4.86
52075,11,19,12,2012,3.774166666666666,5.26,3.93,4.76
52076,11,20,12,2012,4.356666666666667,5.97,4.36,5.38
52077,11,21,12,2012,4.108333333333333,6.8500000000000005,4.46,5.55
52078,11,22,12,2012,2.5458333333333334,9.76,4.4,7.92
52079,11,23,12,2012,1.1624999999999999,11.88,5.26,9.02
52080,12,0,12,2012,0.3475,12.67,5.57,9.41
52081,12,1,12,2012,0.4775,13.37,5.58,9.46
52082,12,2,12,2012,0.5816666666666668,13.45,5.68,9.59
52083,12,3,12,2012,0.31583333333333335,13.31,5.53,9.43
52084,12,4,12,2012,-0.29333333333333333,13.92,5.76,9.66
52085,12,5,12,2012,-0.14083333333333334,13.83,5.78,9.63
52086,12,6,12,2012,-0.30166666666666675,14.23,5.62,9.54
52087,12,7,12,2012,-0.3858333333333333,14.9,6.07,9.88
52088,12,8,12,2012,-0.19833333333333333,15.15,6.37,10.13
52089,12,9,12,2012,-0.3858333333333333,15.11,6.04,9.81
52090,12,10,12,2012,-0.7766666666666667,15.17,6.3100000000000005,9.84
52091,12,11,12,2012,-1.1541666666666666,15.02,6.46,9.85
52092,12,12,12,2012,-1.0916666666666668,15.65,6.82,10.4
52093,12,13,12,2012,-0.7958333333333334,15.7,7.13,10.69
52094,12,14,12,2012,-0.4800000000000002,15.11,7.73,10.52
52095,12,15,12,2012,2.085833333333333,13.63,8.51,11.13
52096,12,16,12,2012,3.1441666666666666,12.02,8.09,9.99
52097,12,17,12,2012,4.664166666666666,10.69,7.8,9.55
52098,12,18,12,2012,6.255833333333334,11.48,8.22,10.23
52099,12,19,12,2012,7.145833333333333,12.05,8.59,10.71
52100,12,20,12,2012,7.6925,11.88,8.4,10.5
52101,12,21,12,2012,7.161666666666668,12.35,7.54,9.91
52102,12,22,12,2012,5.3825,14.88,7.24,10.77
52103,12,23,12,2012,4.395833333333333,16.53,9.07,12.65
52104,13,0,12,2012,3.741666666666666,16.73,9.14,12.7
52105,13,1,12,2012,3.000833333333334,17.09,9.23,12.81
52106,13,2,12,2012,2.478333333333334,17.11,9.25,12.83
52107,13,3,12,2012,2.313333333333333,17.69,9.88,13.54
52108,13,4,12,2012,2.049166666666667,17.740000000000006,9.92,13.58
52109,13,5,12,2012,1.4274999999999995,17.05,9.41,12.91
52110,13,6,12,2012,0.7025,15.08,7.7,10.9
52111,13,7,12,2012,1.5408333333333335,16.87,9.2,12.72
52112,13,8,12,2012,1.5483333333333336,16.95,9.36,12.86
52113,13,9,12,2012,1.2566666666666666,15.8,8.3,11.66
52114,13,10,12,2012,1.0174999999999998,15.28,7.6,10.9
52115,13,11,12,2012,0.9658333333333332,15.59,8.14,11.42
52116,13,12,12,2012,0.835,15.57,8.17,11.46
52117,13,13,12,2012,0.49333333333333335,15.4,8.13,11.37
52118,13,14,12,2012,0.7141666666666667,14.33,8.07,10.54
52119,13,15,12,2012,2.2916666666666665,12.63,7.9300000000000015,10.29
52120,13,16,12,2012,3.6341666666666668,8.76,6.19,7.6
52121,13,17,12,2012,5.061666666666667,7.27,5.46,6.61
52122,13,18,12,2012,6.386666666666667,6.04,4.66,5.58
52123,13,19,12,2012,7.566666666666666,5.72,4.34,5.22
52124,13,20,12,2012,8.158333333333333,5.3100000000000005,4.0200000000000005,4.86
52125,13,21,12,2012,8.164166666666667,5.08,3.81,4.63
52126,13,22,12,2012,6.864999999999999,7.04,3.13,6.23
52127,13,23,12,2012,5.486666666666667,7.28,3.34,6.38
52128,14,0,12,2012,4.873333333333334,8.370000000000001,3.52,7.03
52129,14,1,12,2012,4.765,10.04,4.07,8.11
52130,14,2,12,2012,4.409166666666667,10.84,4.3100000000000005,8.64
52131,14,3,12,2012,3.7458333333333336,10.64,4.67,8.82
52132,14,4,12,2012,3.448333333333333,10.45,4.95,8.92
52133,14,5,12,2012,2.795833333333333,9.57,4.88,8.52
52134,14,6,12,2012,2.5916666666666672,10.16,4.65,8.040000000000001
52135,14,7,12,2012,2.1158333333333332,11.17,4.5600000000000005,7.92
52136,14,8,12,2012,1.3616666666666666,11.05,4.43,7.57
52137,14,9,12,2012,0.6833333333333335,12.17,4.59,7.9300000000000015
52138,14,10,12,2012,1.11,12.5,4.8500000000000005,8.13
52139,14,11,12,2012,1.195,13.15,5.55,8.85
52140,14,12,12,2012,1.8999999999999997,13.72,6.36,9.61
52141,14,13,12,2012,1.7166666666666668,13.86,6.42,9.61
52142,14,14,12,2012,2.1475,13.84,7.6400000000000015,10.08
52143,14,15,12,2012,4.496666666666667,13.02,7.61,10.2
52144,14,16,12,2012,6.605833333333334,11.67,7.0600000000000005,9.64
52145,14,17,12,2012,7.930833333333333,9.1,6.6400000000000015,7.99
52146,14,18,12,2012,9.2675,8.370000000000001,6.2,7.52
52147,14,19,12,2012,10.1175,9.52,6.95,8.51
52148,14,20,12,2012,10.3775,10.58,7.53,9.31
52149,14,21,12,2012,10.223333333333333,10.98,7.1400000000000015,9.12
52150,14,22,12,2012,8.987499999999999,12.62,7.26,9.9
52151,14,23,12,2012,7.958333333333333,13.15,7.79,10.5
52152,15,0,12,2012,7.774166666666667,13.52,8.53,11.15
52153,15,1,12,2012,7.5616666666666665,13.6,8.870000000000003,11.5
52154,15,2,12,2012,6.565833333333334,13.16,8.620000000000001,11.12
52155,15,3,12,2012,5.604166666666667,12.81,8.48,10.91
52156,15,4,12,2012,5.727500000000002,12.94,8.66,11.08
52157,15,5,12,2012,5.843333333333334,12.64,8.31,10.69
52158,15,6,12,2012,5.8566666666666665,13.45,8.61,11.24
52159,15,7,12,2012,6.055,12.55,7.84,10.35
52160,15,8,12,2012,6.156666666666667,12.58,7.74,10.28
52161,15,9,12,2012,6.248333333333334,12.63,7.84,10.37
52162,15,10,12,2012,5.8675,12.43,7.46,9.95
52163,15,11,12,2012,6.3425,13.37,7.71,10.5
52164,15,12,12,2012,6.319166666666667,13.37,7.79,10.53
52165,15,13,12,2012,5.984166666666667,12.65,6.92,9.63
52166,15,14,12,2012,6.28,12.03,6.37,8.99
52167,15,15,12,2012,7.2558333333333325,9.99,5.96,7.94
52168,15,16,12,2012,7.933333333333333,8.78,5.84,7.23
52169,15,17,12,2012,8.604999999999999,8.31,6.09,7.46
52170,15,18,12,2012,7.745833333333334,7.8900000000000015,5.8,7.13
52171,15,19,12,2012,7.654166666666666,7.49,5.6000000000000005,6.8
52172,15,20,12,2012,7.765833333333334,9.81,6.46,8.31
52173,15,21,12,2012,7.374166666666667,10.21,6.62,8.55
52174,15,22,12,2012,6.663333333333334,8.48,5.51,7.13
52175,15,23,12,2012,6.300000000000001,8.65,4.19,6.5
52176,16,0,12,2012,5.6433333333333335,10.29,4.51,6.5600000000000005
52177,16,1,12,2012,4.777500000000001,10.41,4.34,7.07
52178,16,2,12,2012,3.9791666666666665,9.67,3.21,6.32
52179,16,3,12,2012,3.260833333333334,10.42,2.6,6.1000000000000005
52180,16,4,12,2012,3.1475000000000004,11.68,5.24,8.14
52181,16,5,12,2012,2.6399999999999992,11.11,4.97,8.02
52182,16,6,12,2012,2.0483333333333333,10.37,4.39,7.75
52183,16,7,12,2012,1.185,8.84,3.08,6.17
52184,16,8,12,2012,0.1683333333333333,8.790000000000001,3.56,6.1400000000000015
52185,16,9,12,2012,-0.6716666666666667,8.88,4.05,6.45
52186,16,10,12,2012,-1.125,8.5,3.9,6.12
52187,16,11,12,2012,-1.4491666666666667,7.9300000000000015,3.67,5.8500000000000005
52188,16,12,12,2012,-1.620833333333333,7.3900000000000015,3.62,5.6000000000000005
52189,16,13,12,2012,-1.7516666666666667,7.33,3.61,5.51
52190,16,14,12,2012,-1.6958333333333335,7.36,4.05,5.59
52191,16,15,12,2012,-1.0383333333333333,6.6400000000000015,4.11,5.13
52192,16,16,12,2012,0.12916666666666668,5.01,3.86,4.63
52193,16,17,12,2012,1.1375,4.78,3.74,4.45
52194,16,18,12,2012,1.8691666666666666,4.54,3.58,4.24
52195,16,19,12,2012,2.566666666666667,3.66,2.88,3.41
52196,16,20,12,2012,3.000833333333334,4.08,3.14,3.77
52197,16,21,12,2012,2.9599999999999995,4.29,3.29,3.97
52198,16,22,12,2012,2.143333333333333,5.03,2.99,4.62
52199,16,23,12,2012,1.0041666666666667,5.63,2.65,5.11
52200,17,0,12,2012,0.26333333333333325,6.41,2.16,5.0600000000000005
52201,17,1,12,2012,-0.2575,6.0600000000000005,2.57,5.36
52202,17,2,12,2012,-0.595,5.65,2.97,5.54
52203,17,3,12,2012,-1.0991666666666666,4.99,2.43,4.66
52204,17,4,12,2012,-1.4283333333333335,4.8,2.48,4.62
52205,17,5,12,2012,-1.6483333333333334,3.81,2.08,3.82
52206,17,6,12,2012,-1.7475000000000003,3.22,1.91,3.38
52207,17,7,12,2012,-1.7933333333333332,2.98,1.79,3.04
52208,17,8,12,2012,-1.7108333333333328,2.46,1.32,2.14
52209,17,9,12,2012,-1.6091666666666669,1.84,1.11,1.59
52210,17,10,12,2012,-1.6500000000000001,1.85,1.48,2.31
52211,17,11,12,2012,-1.9083333333333334,2.96,2.04,3.11
52212,17,12,12,2012,-1.9974999999999998,4.67,2.59,4.32
52213,17,13,12,2012,-2.0566666666666666,5.63,3.44,5.16
52214,17,14,12,2012,-1.8025000000000002,6.03,3.52,5.12
52215,17,15,12,2012,-0.5516666666666666,6.0,3.77,4.46
52216,17,16,12,2012,0.6575000000000001,4.8,3.78,4.47
52217,17,17,12,2012,2.1033333333333335,4.7700000000000005,3.71,4.42
52218,17,18,12,2012,3.5316666666666676,4.93,3.78,4.53
52219,17,19,12,2012,4.521666666666666,4.72,3.5700000000000003,4.3
52220,17,20,12,2012,4.998333333333333,4.68,3.53,4.2700000000000005
52221,17,21,12,2012,4.805000000000001,4.22,3.01,3.68
52222,17,22,12,2012,3.3491666666666657,5.45,2.67,4.83
52223,17,23,12,2012,2.2175000000000002,5.76,3.15,5.3500000000000005
52224,18,0,12,2012,2.1041666666666665,6.79,3.64,6.5200000000000005
52225,18,1,12,2012,0.9216666666666665,7.43,3.94,7.0600000000000005
52226,18,2,12,2012,1.7741666666666662,9.67,4.75,7.8
52227,18,3,12,2012,1.8016666666666665,11.73,5.82,9.05
52228,18,4,12,2012,2.043333333333333,13.17,6.29,9.36
52229,18,5,12,2012,2.1725,14.36,7.07,10.26
52230,18,6,12,2012,2.0216666666666665,15.09,7.38,10.66
52231,18,7,12,2012,2.1158333333333337,15.33,7.54,10.83
52232,18,8,12,2012,2.4525,15.32,7.7,11.19
52233,18,9,12,2012,2.3091666666666666,15.33,8.07,11.4
52234,18,10,12,2012,1.866666666666667,15.05,7.75,11.0
52235,18,11,12,2012,1.6391666666666669,13.97,7.6,10.65
52236,18,12,12,2012,1.7591666666666665,14.32,7.17,10.15
52237,18,13,12,2012,2.0933333333333333,15.48,7.35,10.68
52238,18,14,12,2012,2.7566666666666664,14.69,7.23,10.14
52239,18,15,12,2012,5.135000000000001,13.99,7.42,10.03
52240,18,16,12,2012,6.4816666666666665,11.33,6.5,8.69
52241,18,17,12,2012,7.291666666666667,7.97,5.71,6.96
52242,18,18,12,2012,7.9025,7.75,5.69,6.92
52243,18,19,12,2012,8.574166666666667,7.57,5.6000000000000005,6.84
52244,18,20,12,2012,8.8725,7.6,5.45,6.67
52245,18,21,12,2012,8.603333333333333,7.66,5.4,6.71
52246,18,22,12,2012,7.057499999999998,7.67,3.64,6.17
52247,18,23,12,2012,5.7749999999999995,8.120000000000001,3.98,6.69
52248,19,0,12,2012,4.9366666666666665,7.83,3.48,6.51
52249,19,1,12,2012,4.376666666666666,6.32,2.88,5.39
52250,19,2,12,2012,4.095833333333334,5.29,2.91,5.05
52251,19,3,12,2012,3.648333333333333,4.73,2.72,4.43
52252,19,4,12,2012,2.771666666666667,3.94,1.82,3.46
52253,19,5,12,2012,2.3033333333333332,4.3,1.41,2.89
52254,19,6,12,2012,1.8966666666666667,5.01,1.49,3.15
52255,19,7,12,2012,1.6758333333333335,5.51,1.49,3.45
52256,19,8,12,2012,1.3975,6.19,1.7,3.89
52257,19,9,12,2012,1.0283333333333333,7.07,2.15,4.2700000000000005
52258,19,10,12,2012,0.8858333333333334,7.88,3.13,4.79
52259,19,11,12,2012,0.8283333333333335,8.540000000000001,3.9,5.5600000000000005
52260,19,12,12,2012,1.0416666666666665,9.36,4.7,6.53
52261,19,13,12,2012,1.3275000000000001,11.19,6.68,8.790000000000001
52262,19,14,12,2012,1.5941666666666665,11.76,7.36,9.53
52263,19,15,12,2012,2.1783333333333337,11.36,7.25,9.33
52264,19,16,12,2012,2.0825,10.09,7.27,8.88
52265,19,17,12,2012,2.045833333333333,8.97,6.48,7.88
52266,19,18,12,2012,2.3133333333333335,9.47,7.15,8.63
52267,19,19,12,2012,3.1133333333333337,10.44,7.81,9.52
52268,19,20,12,2012,3.56,12.21,9.03,11.03
52269,19,21,12,2012,2.8775,11.73,8.52,10.5
52270,19,22,12,2012,2.333333333333333,9.24,6.54,8.11
52271,19,23,12,2012,1.7333333333333336,9.81,6.8900000000000015,8.55
52272,20,0,12,2012,1.4008333333333336,9.64,6.72,8.34
52273,20,1,12,2012,1.2366666666666668,9.32,6.03,7.62
52274,20,2,12,2012,0.5491666666666667,13.18,7.99,10.39
52275,20,3,12,2012,-0.28250000000000003,15.96,9.18,12.08
52276,20,4,12,2012,-0.4808333333333334,15.93,9.27,12.7
52277,20,5,12,2012,-0.5341666666666668,15.25,8.82,12.73
52278,20,6,12,2012,-1.0491666666666668,18.37,9.66,15.18
52279,20,7,12,2012,-0.8816666666666668,18.45,9.13,14.96
52280,20,8,12,2012,-1.9541666666666664,20.49,14.04,17.93
52281,20,9,12,2012,-2.965,19.74,12.95,16.86
52282,20,10,12,2012,-3.5925,18.68,10.72,15.63
52283,20,11,12,2012,-4.340833333333334,19.85,13.32,17.080000000000002
52284,20,12,12,2012,-5.1883333333333335,19.27,12.89,16.52
52285,20,13,12,2012,-5.861666666666667,18.29,11.97,15.49
52286,20,14,12,2012,-7.0491666666666655,18.5,11.89,15.46
52287,20,15,12,2012,-7.249166666666667,18.5,11.98,15.51
52288,20,16,12,2012,-6.9675,17.12,11.73,14.79
52289,20,17,12,2012,-6.4325,16.19,11.24,14.11
52290,20,18,12,2012,-5.576666666666668,15.48,10.81,13.62
52291,20,19,12,2012,-5.195833333333334,15.93,11.29,14.15
52292,20,20,12,2012,-4.9766666666666675,14.66,10.14,12.81
52293,20,21,12,2012,-4.681666666666667,13.64,8.71,11.34
52294,20,22,12,2012,-4.7825,15.06,8.06,11.46
52295,20,23,12,2012,-4.949166666666667,15.37,8.11,11.52
52296,21,0,12,2012,-4.916666666666667,15.21,8.040000000000001,11.42
52297,21,1,12,2012,-4.958333333333333,14.33,7.42,10.73
52298,21,2,12,2012,-4.635,13.97,7.36,10.63
52299,21,3,12,2012,-5.036666666666668,13.18,6.67,9.8
52300,21,4,12,2012,-5.34,12.78,6.03,9.22
52301,21,5,12,2012,-5.758333333333334,12.61,6.0,9.15
52302,21,6,12,2012,-6.36,11.9,5.22,8.28
52303,21,7,12,2012,-6.846666666666668,10.98,4.67,7.6400000000000015
52304,21,8,12,2012,-6.850833333333334,10.96,4.78,7.9
52305,21,9,12,2012,-6.9941666666666675,10.38,4.5600000000000005,7.75
52306,21,10,12,2012,-7.541666666666665,10.23,4.46,7.6
52307,21,11,12,2012,-8.021666666666667,8.81,3.98,7.04
52308,21,12,12,2012,-8.3475,8.05,4.03,6.76
52309,21,13,12,2012,-8.738333333333333,7.74,3.87,6.6000000000000005
52310,21,14,12,2012,-8.528333333333334,6.34,3.31,5.94
52311,21,15,12,2012,-7.23,5.91,2.98,4.38
52312,21,16,12,2012,-6.0825,2.84,1.21,1.42
52313,21,17,12,2012,-4.448333333333333,1.16,0.77,0.89
52314,21,18,12,2012,-2.9666666666666663,0.64,0.44,0.5700000000000001
52315,21,19,12,2012,-2.2775,0.74,0.84,0.87
52316,21,20,12,2012,-1.86,1.82,1.5,1.73
52317,21,21,12,2012,-1.7074999999999998,2.92,1.59,2.12
52318,21,22,12,2012,-3.2183333333333337,3.73,1.28,2.72
52319,21,23,12,2012,-4.555,5.3100000000000005,2.18,4.3100000000000005
52320,22,0,12,2012,-4.929166666666668,6.23,2.78,5.2700000000000005
52321,22,1,12,2012,-4.983333333333333,7.41,3.3200000000000003,6.36
52322,22,2,12,2012,-4.9725,8.74,3.68,7.03
52323,22,3,12,2012,-4.769166666666667,9.63,4.03,7.42
52324,22,4,12,2012,-4.346666666666667,10.35,4.38,7.81
52325,22,5,12,2012,-4.218333333333334,11.29,4.78,8.15
52326,22,6,12,2012,-4.0925,11.66,4.95,8.290000000000001
52327,22,7,12,2012,-4.0825000000000005,12.07,5.29,8.59
52328,22,8,12,2012,-4.069999999999999,12.23,5.32,8.67
52329,22,9,12,2012,-3.9408333333333334,12.34,5.3100000000000005,8.66
52330,22,10,12,2012,-4.0616666666666665,12.22,4.83,8.35
52331,22,11,12,2012,-4.422499999999999,11.04,4.75,8.24
52332,22,12,12,2012,-5.548333333333333,10.31,3.64,7.47
52333,22,13,12,2012,-6.109166666666667,10.34,3.25,7.21
52334,22,14,12,2012,-5.690000000000001,10.24,2.7,6.71
52335,22,15,12,2012,-2.7825,8.38,3.24,5.19
52336,22,16,12,2012,-1.0475,5.87,2.33,3.52
52337,22,17,12,2012,0.24749999999999997,3.85,1.59,1.83
52338,22,18,12,2012,1.1049999999999998,2.36,1.24,1.44
52339,22,19,12,2012,1.7533333333333336,3.16,2.04,2.31
52340,22,20,12,2012,2.1566666666666667,4.17,2.46,3.0500000000000003
52341,22,21,12,2012,1.7283333333333333,3.35,0.94,1.98
52342,22,22,12,2012,-0.10583333333333333,4.6000000000000005,1.01,3.17
52343,22,23,12,2012,-1.3525,4.66,2.64,4.29
52344,23,0,12,2012,-1.490833333333333,4.89,3.14,4.9
52345,23,1,12,2012,-2.851666666666667,5.92,3.65,5.76
52346,23,2,12,2012,-4.5391666666666675,7.61,3.85,6.34
52347,23,3,12,2012,-5.4975,9.32,4.33,6.69
52348,23,4,12,2012,-5.732500000000001,10.99,5.22,7.83
52349,23,5,12,2012,-5.980833333333334,11.16,5.5,7.9
52350,23,6,12,2012,-6.520833333333333,11.07,5.68,7.96
52351,23,7,12,2012,-7.0775,10.79,5.7,7.95
52352,23,8,12,2012,-7.713333333333334,10.57,5.5200000000000005,7.73
52353,23,9,12,2012,-8.235000000000001,10.35,5.37,7.59
52354,23,10,12,2012,-8.807500000000001,10.31,5.33,7.5
52355,23,11,12,2012,-9.578333333333335,10.37,5.6000000000000005,7.68
52356,23,12,12,2012,-10.401666666666666,10.07,5.5600000000000005,7.61
52357,23,13,12,2012,-11.096666666666666,9.81,5.33,7.31
52358,23,14,12,2012,-11.371666666666668,9.34,5.12,6.95
52359,23,15,12,2012,-10.886666666666665,7.21,4.67,5.63
52360,23,16,12,2012,-9.965,5.44,4.29,5.04
52361,23,17,12,2012,-8.937499999999998,4.76,3.9,4.57
52362,23,18,12,2012,-7.969166666666666,4.8,3.91,4.6000000000000005
52363,23,19,12,2012,-7.245833333333334,5.16,4.11,4.88
52364,23,20,12,2012,-6.880833333333334,5.19,4.12,4.89
52365,23,21,12,2012,-6.927500000000001,5.37,4.14,5.0
52366,23,22,12,2012,-7.289166666666667,6.78,4.13,5.36
52367,23,23,12,2012,-7.531666666666666,6.74,3.96,5.32
52368,24,0,12,2012,-7.578333333333333,6.79,4.14,5.43
52369,24,1,12,2012,-7.602499999999999,6.87,4.16,5.39
52370,24,2,12,2012,-7.569166666666667,7.16,4.21,5.66
52371,24,3,12,2012,-8.136666666666665,7.96,4.28,6.09
52372,24,4,12,2012,-8.885833333333334,8.24,4.5200000000000005,6.55
52373,24,5,12,2012,-9.391666666666666,8.67,4.54,6.5600000000000005
52374,24,6,12,2012,-9.690833333333334,8.950000000000003,4.54,6.61
52375,24,7,12,2012,-9.783333333333333,9.19,5.0,7.0200000000000005
52376,24,8,12,2012,-9.938333333333333,9.75,5.28,7.38
52377,24,9,12,2012,-10.015833333333335,10.49,5.84,8.03
52378,24,10,12,2012,-10.298333333333334,10.46,5.67,7.86
52379,24,11,12,2012,-10.493333333333334,10.87,5.8,8.09
52380,24,12,12,2012,-10.640000000000002,11.04,5.83,8.15
52381,24,13,12,2012,-10.914166666666667,10.86,5.36,7.71
52382,24,14,12,2012,-11.125,10.86,6.55,8.55
52383,24,15,12,2012,-11.15416666666667,10.27,6.44,7.9
52384,24,16,12,2012,-10.903333333333334,8.77,6.49,7.91
52385,24,17,12,2012,-10.603333333333335,7.44,5.66,6.84
52386,24,18,12,2012,-10.310833333333333,7.37,5.6000000000000005,6.78
52387,24,19,12,2012,-10.084166666666667,7.31,5.55,6.73
52388,24,20,12,2012,-10.049999999999999,7.23,5.5,6.66
52389,24,21,12,2012,-10.130833333333333,6.96,5.23,6.37
52390,24,22,12,2012,-10.309166666666666,6.87,5.08,6.21
52391,24,23,12,2012,-10.389999999999999,7.45,5.44,6.71
52392,25,0,12,2012,-10.385,8.11,5.93,7.3
52393,25,1,12,2012,-10.258333333333333,8.040000000000001,5.87,7.23
52394,25,2,12,2012,-10.010833333333332,7.94,5.66,6.98
52395,25,3,12,2012,-9.75,9.03,6.4,7.94
52396,25,4,12,2012,-9.524166666666666,10.35,7.5,9.27
52397,25,5,12,2012,-9.418333333333335,10.71,7.8,9.63
52398,25,6,12,2012,-9.636666666666668,9.01,6.48,8.040000000000001
52399,25,7,12,2012,-10.044166666666667,8.15,6.0,7.38
52400,25,8,12,2012,-10.505,8.370000000000001,6.2,7.63
52401,25,9,12,2012,-10.975,8.63,6.3900000000000015,7.87
52402,25,10,12,2012,-11.582499999999998,9.12,6.75,8.3
52403,25,11,12,2012,-12.13,9.45,7.0,8.620000000000001
52404,25,12,12,2012,-12.814166666666667,9.99,7.37,9.09
52405,25,13,12,2012,-13.337499999999999,9.78,7.23,8.91
52406,25,14,12,2012,-13.747500000000002,9.63,7.17,8.8
52407,25,15,12,2012,-13.991666666666665,10.03,7.53,9.22
52408,25,16,12,2012,-13.805,9.99,7.59,9.25
52409,25,17,12,2012,-13.56166666666667,9.56,7.33,8.9
52410,25,18,12,2012,-13.016666666666666,9.56,7.29,8.86
52411,25,19,12,2012,-12.509999999999998,9.37,7.1000000000000005,8.65
52412,25,20,12,2012,-12.159999999999998,9.9,7.42,9.09
52413,25,21,12,2012,-12.14,10.02,7.49,9.19
52414,25,22,12,2012,-12.363333333333332,10.21,7.29,9.06
52415,25,23,12,2012,-12.40916666666667,10.3,6.96,8.8
52416,26,0,12,2012,-12.325000000000001,10.51,6.98,8.96
52417,26,1,12,2012,-12.055,10.39,6.96,8.83
52418,26,2,12,2012,-11.978333333333332,9.81,6.79,8.56
52419,26,3,12,2012,-12.116666666666665,9.73,6.23,8.05
52420,26,4,12,2012,-12.920833333333334,10.54,5.86,8.03
52421,26,5,12,2012,-13.507499999999999,10.29,5.68,7.8900000000000015
52422,26,6,12,2012,-13.8525,10.45,5.84,8.07
52423,26,7,12,2012,-14.254166666666665,10.32,5.62,7.82
52424,26,8,12,2012,-14.589166666666666,10.11,5.32,7.47
52425,26,9,12,2012,-14.915000000000001,9.88,5.21,7.31
52426,26,10,12,2012,-15.223333333333334,9.62,4.92,6.96
52427,26,11,12,2012,-15.461666666666668,9.35,4.7700000000000005,6.7700000000000005
52428,26,12,12,2012,-15.710833333333335,8.98,4.5200000000000005,6.49
52429,26,13,12,2012,-15.9475,8.63,4.19,6.0600000000000005
52430,26,14,12,2012,-15.898333333333335,8.43,4.23,5.93
52431,26,15,12,2012,-15.219999999999999,6.22,3.92,4.75
52432,26,16,12,2012,-13.966666666666669,4.43,3.68,4.28
52433,26,17,12,2012,-12.680833333333334,4.42,3.67,4.2700000000000005
52434,26,18,12,2012,-11.588333333333333,3.52,2.9,3.38
52435,26,19,12,2012,-10.729166666666666,3.41,2.85,3.31
52436,26,20,12,2012,-10.157499999999997,2.81,2.36,2.73
52437,26,21,12,2012,-10.004999999999999,2.73,2.32,2.68
52438,26,22,12,2012,-10.735833333333334,3.38,2.03,3.2
52439,26,23,12,2012,-11.3925,3.92,2.28,3.7
52440,27,0,12,2012,-11.770000000000001,3.71,2.38,3.63
52441,27,1,12,2012,-11.960833333333333,3.48,2.29,3.0
52442,27,2,12,2012,-12.47166666666667,3.95,2.1,3.1
52443,27,3,12,2012,-12.918333333333335,4.7700000000000005,1.43,3.08
52444,27,4,12,2012,-13.012500000000001,5.41,1.55,3.3000000000000003
52445,27,5,12,2012,-12.911666666666669,6.07,1.58,3.69
52446,27,6,12,2012,-12.82416666666667,7.08,1.54,4.48
52447,27,7,12,2012,-12.639999999999999,8.23,1.95,5.44
52448,27,8,12,2012,-12.5775,9.07,2.32,5.87
52449,27,9,12,2012,-12.8675,9.33,2.23,5.8
52450,27,10,12,2012,-13.110000000000001,9.54,2.05,5.26
52451,27,11,12,2012,-11.464166666666669,9.49,3.94,5.66
52452,27,12,12,2012,-10.184166666666668,8.33,4.2,6.05
52453,27,13,12,2012,-9.602500000000001,8.31,4.37,6.2
52454,27,14,12,2012,-8.905,8.0,4.3100000000000005,5.97
52455,27,15,12,2012,-8.206666666666665,7.72,4.7700000000000005,5.75
52456,27,16,12,2012,-7.2700000000000005,6.42,4.9,5.89
52457,27,17,12,2012,-6.226666666666667,6.5,4.95,5.96
52458,27,18,12,2012,-5.135833333333333,6.45,4.91,5.91
52459,27,19,12,2012,-4.2250000000000005,6.11,4.58,5.53
52460,27,20,12,2012,-3.6874999999999996,5.76,4.26,5.19
52461,27,21,12,2012,-3.8108333333333335,5.26,3.79,4.68
52462,27,22,12,2012,-5.129166666666666,5.79,2.26,4.46
52463,27,23,12,2012,-6.578333333333333,5.75,1.97,4.12
52464,28,0,12,2012,-7.2575,6.13,1.19,4.0600000000000005
52465,28,1,12,2012,-7.578333333333333,7.0,1.48,4.83
52466,28,2,12,2012,-7.460000000000001,7.34,1.41,4.75
52467,28,3,12,2012,-7.696666666666666,7.0,1.4,4.0200000000000005
52468,28,4,12,2012,-7.5441666666666665,4.57,1.61,3.13
52469,28,5,12,2012,-8.371666666666668,4.03,1.92,3.13
52470,28,6,12,2012,-8.817499999999999,3.3000000000000003,2.26,3.5700000000000003
52471,28,7,12,2012,-8.942499999999999,3.71,2.49,3.81
52472,28,8,12,2012,-9.1625,4.04,2.7,4.29
52473,28,9,12,2012,-9.236666666666666,4.5,2.93,4.87
52474,28,10,12,2012,-9.471666666666668,5.43,3.15,5.28
52475,28,11,12,2012,-10.010833333333332,5.91,3.63,5.96
52476,28,12,12,2012,-10.285,7.04,4.17,6.44
52477,28,13,12,2012,-10.770833333333334,8.09,4.13,6.66
52478,28,14,12,2012,-10.65,8.53,4.67,6.45
52479,28,15,12,2012,-9.99,7.81,3.98,5.66
52480,28,16,12,2012,-8.760833333333332,6.61,3.66,4.2700000000000005
52481,28,17,12,2012,-7.5133333333333345,4.7,3.6,4.28
52482,28,18,12,2012,-6.526666666666666,5.29,4.0200000000000005,4.8500000000000005
52483,28,19,12,2012,-5.943333333333334,6.0,4.46,5.45
52484,28,20,12,2012,-5.913333333333333,6.38,4.7,5.79
52485,28,21,12,2012,-6.326666666666667,7.22,4.96,6.18
52486,28,22,12,2012,-7.315833333333333,8.86,4.32,6.45
52487,28,23,12,2012,-7.692500000000002,9.13,5.05,7.08
52488,29,0,12,2012,-7.841666666666668,9.59,5.29,7.35
52489,29,1,12,2012,-7.990833333333334,10.16,5.34,7.53
52490,29,2,12,2012,-8.313333333333334,10.99,5.74,8.2
52491,29,3,12,2012,-8.707499999999998,11.36,6.07,8.53
52492,29,4,12,2012,-9.347500000000002,11.43,5.84,8.42
52493,29,5,12,2012,-9.791666666666666,10.98,5.69,8.1
52494,29,6,12,2012,-10.381666666666668,10.76,5.43,7.87
52495,29,7,12,2012,-10.664166666666668,10.32,4.96,7.3900000000000015
52496,29,8,12,2012,-10.805,10.16,5.16,7.51
52497,29,9,12,2012,-11.346666666666666,9.4,4.83,7.09
52498,29,10,12,2012,-11.86,8.81,4.34,6.57
52499,29,11,12,2012,-12.289166666666667,7.9,4.14,6.23
52500,29,12,12,2012,-12.910833333333331,8.18,3.77,5.92
52501,29,13,12,2012,-12.644166666666665,8.66,4.61,6.67
52502,29,14,12,2012,-12.207499999999998,7.8900000000000015,4.61,6.67
52503,29,15,12,2012,-11.121666666666668,7.51,4.13,5.72
52504,29,16,12,2012,-9.4825,6.73,3.91,4.5600000000000005
52505,29,17,12,2012,-7.784166666666667,5.65,4.3100000000000005,5.03
52506,29,18,12,2012,-6.229166666666667,5.39,4.23,4.95
52507,29,19,12,2012,-4.729166666666666,5.61,4.36,5.18
52508,29,20,12,2012,-3.625833333333333,6.08,4.39,5.22
52509,29,21,12,2012,-3.226666666666667,8.34,4.37,6.34
52510,29,22,12,2012,-3.6158333333333332,10.0,5.19,8.0
52511,29,23,12,2012,-3.725,10.7,5.66,8.59
52512,30,0,12,2012,-3.8241666666666667,12.11,5.9,9.11
52513,30,1,12,2012,-3.9275,12.35,5.89,9.18
52514,30,2,12,2012,-3.984166666666667,12.25,5.68,8.96
52515,30,3,12,2012,-4.226666666666667,11.74,5.55,8.69
52516,30,4,12,2012,-4.399166666666666,10.68,5.66,8.61
52517,30,5,12,2012,-4.085833333333333,10.68,5.76,8.69
52518,30,6,12,2012,-4.445833333333334,10.62,5.7700000000000005,8.72
52519,30,7,12,2012,-4.654166666666668,10.06,5.01,7.98
52520,30,8,12,2012,-3.748333333333333,10.86,5.84,8.82
52521,30,9,12,2012,-3.5850000000000004,11.49,6.04,9.2
52522,30,10,12,2012,-3.705833333333333,11.72,5.86,9.33
52523,30,11,12,2012,-3.4741666666666666,14.57,6.86,10.31
52524,30,12,12,2012,-2.9691666666666663,14.6,7.29,10.66
52525,30,13,12,2012,-4.642500000000001,13.42,5.44,9.37
52526,30,14,12,2012,-3.8733333333333326,14.13,7.15,9.92
52527,30,15,12,2012,-1.6933333333333336,13.24,7.25,9.81
52528,30,16,12,2012,0.2841666666666667,12.57,7.69,10.1
52529,30,17,12,2012,1.3949999999999998,13.74,8.69,11.23
52530,30,18,12,2012,2.5691666666666664,12.64,7.83,10.23
52531,30,19,12,2012,2.8699999999999997,12.26,7.23,9.59
52532,30,20,12,2012,3.1208333333333336,12.53,6.73,9.26
52533,30,21,12,2012,3.055,13.84,6.45,9.51
52534,30,22,12,2012,2.5408333333333335,14.17,5.98,9.39
52535,30,23,12,2012,2.138333333333333,14.48,6.37,9.79
52536,31,0,12,2012,2.0274999999999994,14.93,6.99,10.33
52537,31,1,12,2012,1.9649999999999999,14.97,7.07,10.42
52538,31,2,12,2012,1.8175,14.61,7.15,10.28
52539,31,3,12,2012,1.4475,13.8,6.71,9.7
52540,31,4,12,2012,0.8358333333333334,11.97,5.87,8.51
52541,31,5,12,2012,0.5991666666666667,10.38,5.0,7.46
52542,31,6,12,2012,0.06833333333333334,8.26,4.32,6.47
52543,31,7,12,2012,-0.6083333333333334,7.52,2.96,5.21
52544,31,8,12,2012,-1.6541666666666668,8.33,3.87,5.62
52545,31,9,12,2012,-2.685,7.9300000000000015,3.88,5.54
52546,31,10,12,2012,-3.4858333333333325,6.8900000000000015,4.03,5.3100000000000005
52547,31,11,12,2012,-4.333333333333334,8.05,4.69,6.12
52548,31,12,12,2012,-4.730833333333334,7.09,4.38,5.66
52549,31,13,12,2012,-5.175,6.08,4.5,5.48
52550,31,14,12,2012,-5.734166666666668,6.8100000000000005,5.1000000000000005,6.18
52551,31,15,12,2012,-5.865833333333334,7.2,5.5,6.63
52552,31,16,12,2012,-5.6499999999999995,7.19,5.49,6.61
52553,31,17,12,2012,-5.334166666666666,6.8500000000000005,5.2700000000000005,6.33
52554,31,18,12,2012,-5.098333333333334,6.84,5.33,6.38
52555,31,19,12,2012,-5.03,6.62,5.11,6.16
52556,31,20,12,2012,-5.492500000000001,7.44,5.66,6.86
52557,31,21,12,2012,-5.9925,7.6,5.59,6.8100000000000005
52558,31,22,12,2012,-6.392500000000001,7.82,5.4,6.69
52559,31,23,12,2012,-6.616666666666667,8.19,5.69,7.11
52560,1,0,1,2013,-3.603333333333333,7.22,5.0600000000000005,6.28
52561,1,1,1,2013,-3.809166666666666,7.12,5.01,6.22
52562,1,2,1,2013,-3.946666666666666,6.9,4.95,6.11
52563,1,3,1,2013,-3.9075,6.55,4.7,5.79
52564,1,4,1,2013,-3.5466666666666664,6.4,3.88,4.86
52565,1,5,1,2013,-3.4225000000000008,7.48,4.45,5.8500000000000005
52566,1,6,1,2013,-3.998333333333333,7.8,4.29,6.07
52567,1,7,1,2013,-4.479166666666667,8.17,4.13,6.04
52568,1,8,1,2013,-4.803333333333334,8.41,4.21,6.32
52569,1,9,1,2013,-5.265833333333334,8.84,4.32,6.5
52570,1,10,1,2013,-5.775000000000001,8.74,4.2,6.41
52571,1,11,1,2013,-6.028333333333332,8.19,3.95,6.0200000000000005
52572,1,12,1,2013,-6.364999999999999,8.040000000000001,3.98,6.0
52573,1,13,1,2013,-6.764166666666667,7.82,3.74,5.73
52574,1,14,1,2013,-6.843333333333334,7.29,3.85,5.25
52575,1,15,1,2013,-6.376666666666668,5.19,3.8,4.65
52576,1,16,1,2013,-5.6225,3.77,2.99,3.54
52577,1,17,1,2013,-4.691666666666666,2.76,2.21,2.59
52578,1,18,1,2013,-3.8049999999999993,2.28,1.91,2.2
52579,1,19,1,2013,-3.0158333333333336,2.05,1.73,1.98
52580,1,20,1,2013,-2.345,3.02,2.44,2.87
52581,1,21,1,2013,-2.2183333333333337,3.35,2.63,3.13
52582,1,22,1,2013,-2.8375,4.2,2.25,3.16
52583,1,23,1,2013,-3.7533333333333325,7.34,3.49,6.2700000000000005
52584,2,0,1,2013,-4.075,7.9300000000000015,3.85,6.36
52585,2,1,1,2013,-3.9766666666666666,10.04,4.86,7.56
52586,2,2,1,2013,-4.3691666666666675,10.56,5.79,8.24
52587,2,3,1,2013,-4.9675,11.11,6.28,8.66
52588,2,4,1,2013,-5.299166666666666,11.36,6.47,8.85
52589,2,5,1,2013,-5.4366666666666665,11.89,6.93,9.34
52590,2,6,1,2013,-5.569166666666667,12.51,7.15,9.7
52591,2,7,1,2013,-5.202500000000001,12.67,7.41,9.99
52592,2,8,1,2013,-5.5075,12.45,7.04,9.54
52593,2,9,1,2013,-5.755833333333334,12.25,6.83,9.3
52594,2,10,1,2013,-5.851666666666667,12.41,6.3100000000000005,8.85
52595,2,11,1,2013,-5.8725,12.85,7.04,9.67
52596,2,12,1,2013,-5.806666666666666,12.97,7.18,9.81
52597,2,13,1,2013,-5.909166666666667,12.76,7.16,9.76
52598,2,14,1,2013,-5.621666666666667,12.67,7.51,9.74
52599,2,15,1,2013,-4.740833333333334,11.69,7.15,9.47
52600,2,16,1,2013,-3.5091666666666668,8.76,6.48,7.71
52601,2,17,1,2013,-1.9866666666666664,7.23,5.73,6.79
52602,2,18,1,2013,-0.5208333333333333,5.61,4.3100000000000005,5.17
52603,2,19,1,2013,0.5541666666666667,5.34,3.98,4.82
52604,2,20,1,2013,1.3283333333333334,5.5600000000000005,4.12,5.0200000000000005
52605,2,21,1,2013,1.6066666666666667,5.75,4.01,5.0
52606,2,22,1,2013,1.0033333333333332,7.21,3.15,5.22
52607,2,23,1,2013,0.24416666666666667,7.63,3.49,5.84
52608,3,0,1,2013,-0.5416666666666666,10.06,4.32,7.46
52609,3,1,1,2013,-1.4541666666666666,9.73,4.18,7.1400000000000015
52610,3,2,1,2013,-1.8116666666666672,10.29,4.24,7.3
52611,3,3,1,2013,-1.9416666666666664,10.43,4.54,7.5
52612,3,4,1,2013,-2.4625,10.76,4.14,7.16
52613,3,5,1,2013,-2.804166666666667,10.21,3.9,6.8500000000000005
52614,3,6,1,2013,-2.9475000000000002,9.93,3.99,6.86
52615,3,7,1,2013,-3.285,9.53,3.96,6.59
52616,3,8,1,2013,-3.7016666666666667,9.8,3.97,6.65
52617,3,9,1,2013,-3.9450000000000007,10.27,3.67,6.58
52618,3,10,1,2013,-4.485,10.03,3.52,6.54
52619,3,11,1,2013,-4.722500000000001,10.82,4.0,7.1000000000000005
52620,3,12,1,2013,-4.694999999999999,11.53,4.48,7.53
52621,3,13,1,2013,-4.740000000000001,11.05,5.13,7.8900000000000015
52622,3,14,1,2013,-5.053333333333334,10.86,5.0,7.7
52623,3,15,1,2013,-4.738333333333334,8.120000000000001,5.54,6.8100000000000005
52624,3,16,1,2013,-4.215833333333333,7.35,5.43,6.68
52625,3,17,1,2013,-3.56,5.92,4.43,5.4
52626,3,18,1,2013,-2.8433333333333337,5.7700000000000005,4.3500000000000005,5.29
52627,3,19,1,2013,-2.2624999999999997,5.41,4.08,4.95
52628,3,20,1,2013,-1.7841666666666667,4.72,3.5,4.28
52629,3,21,1,2013,-1.6583333333333334,4.91,3.56,4.42
52630,3,22,1,2013,-2.4316666666666666,4.82,2.7,3.68
52631,3,23,1,2013,-3.47,5.76,2.41,5.05
52632,4,0,1,2013,-3.9991666666666674,5.86,2.59,5.33
52633,4,1,1,2013,-4.373333333333334,5.98,2.78,5.94
52634,4,2,1,2013,-4.8025,6.46,3.08,5.72
52635,4,3,1,2013,-5.238333333333333,6.63,3.3000000000000003,5.86
52636,4,4,1,2013,-5.618333333333333,7.25,3.74,6.24
52637,4,5,1,2013,-5.959166666666667,8.3,4.21,6.78
52638,4,6,1,2013,-6.1325,9.5,4.51,7.15
52639,4,7,1,2013,-6.094999999999999,10.64,5.14,7.83
52640,4,8,1,2013,-6.079999999999998,11.57,5.68,8.45
52641,4,9,1,2013,-6.19,12.01,5.98,8.74
52642,4,10,1,2013,-6.263333333333333,12.7,6.66,9.43
52643,4,11,1,2013,-6.3625,12.88,7.01,9.74
52644,4,12,1,2013,-6.4941666666666675,12.88,7.22,9.92
52645,4,13,1,2013,-6.618333333333332,12.88,7.22,9.93
52646,4,14,1,2013,-6.369166666666666,12.68,7.1000000000000005,9.68
52647,4,15,1,2013,-5.235833333333334,11.25,6.33,8.72
52648,4,16,1,2013,-3.4875000000000003,9.53,5.5600000000000005,6.76
52649,4,17,1,2013,-1.5833333333333333,7.09,5.3500000000000005,6.4
52650,4,18,1,2013,0.12416666666666666,6.71,5.09,6.16
52651,4,19,1,2013,1.469166666666667,6.71,5.1000000000000005,6.17
52652,4,20,1,2013,2.2808333333333333,6.45,4.88,5.94
52653,4,21,1,2013,1.8008333333333333,7.57,4.7,6.0
52654,4,22,1,2013,-0.12750000000000003,11.11,5.45,8.55
52655,4,23,1,2013,-1.4716666666666667,12.38,6.25,9.29
52656,5,0,1,2013,-1.8925,13.13,6.61,9.69
52657,5,1,1,2013,-1.8841666666666665,13.71,7.1400000000000015,10.24
52658,5,2,1,2013,-1.7366666666666666,13.74,7.1400000000000015,10.23
52659,5,3,1,2013,-1.6075000000000002,13.89,7.33,10.4
52660,5,4,1,2013,-1.5041666666666667,14.14,7.52,10.63
52661,5,5,1,2013,-1.0525,13.72,7.47,10.41
52662,5,6,1,2013,-1.3125,13.21,6.75,9.68
52663,5,7,1,2013,-1.3608333333333331,13.26,6.34,9.54
52664,5,8,1,2013,-1.6366666666666667,13.59,6.24,9.57
52665,5,9,1,2013,-1.7008333333333334,14.17,6.5200000000000005,9.83
52666,5,10,1,2013,-1.32,14.2,6.55,9.84
52667,5,11,1,2013,-0.5841666666666666,13.09,6.5,9.38
52668,5,12,1,2013,-0.15,13.33,7.38,10.2
52669,5,13,1,2013,-0.44083333333333335,14.12,8.05,10.94
52670,5,14,1,2013,-0.245,13.83,8.4,11.0
52671,5,15,1,2013,0.7908333333333334,13.3,8.370000000000001,10.96
52672,5,16,1,2013,1.9266666666666665,11.52,7.97,9.88
52673,5,17,1,2013,2.7274999999999996,10.79,7.82,9.68
52674,5,18,1,2013,3.4200000000000004,10.17,7.42,9.16
52675,5,19,1,2013,3.7758333333333334,9.83,7.11,8.8
52676,5,20,1,2013,4.114999999999999,9.64,7.01,8.66
52677,5,21,1,2013,3.8499999999999996,9.9,6.8,8.55
52678,5,22,1,2013,2.2383333333333333,10.98,5.4,8.65
52679,5,23,1,2013,0.7558333333333334,11.8,5.36,8.6
52680,6,0,1,2013,-0.13499999999999998,12.25,5.37,8.69
52681,6,1,1,2013,-0.49333333333333335,13.35,5.6000000000000005,8.84
52682,6,2,1,2013,0.075,14.37,5.91,9.45
52683,6,3,1,2013,-0.2316666666666667,13.75,6.21,9.45
52684,6,4,1,2013,-0.12833333333333333,16.43,8.67,12.29
52685,6,5,1,2013,-1.1083333333333334,18.71,11.0,15.02
52686,6,6,1,2013,-2.0841666666666665,18.12,9.63,13.48
52687,6,7,1,2013,-2.8625000000000007,13.82,7.08,10.3
52688,6,8,1,2013,-3.2216666666666662,13.5,7.1400000000000015,10.14
52689,6,9,1,2013,-3.8425,11.44,5.66,8.09
52690,6,10,1,2013,-3.75,12.32,6.79,9.46
52691,6,11,1,2013,-4.044166666666668,9.95,4.72,7.04
52692,6,12,1,2013,-4.4316666666666675,9.86,4.14,6.6000000000000005
52693,6,13,1,2013,-4.610833333333333,9.64,4.1,6.57
52694,6,14,1,2013,-4.133333333333334,8.98,4.22,6.01
52695,6,15,1,2013,-3.0258333333333334,6.9,4.12,5.08
52696,6,16,1,2013,-1.6466666666666665,5.22,3.96,4.74
52697,6,17,1,2013,-0.18750000000000003,4.51,3.5500000000000003,4.22
52698,6,18,1,2013,1.0633333333333332,3.86,3.06,3.62
52699,6,19,1,2013,2.105,3.42,2.6,3.12
52700,6,20,1,2013,2.9125,4.49,3.38,4.11
52701,6,21,1,2013,2.9416666666666664,5.62,3.58,4.5200000000000005
52702,6,22,1,2013,1.6033333333333333,7.18,3.68,6.41
52703,6,23,1,2013,0.5166666666666666,9.65,4.78,7.9300000000000015
52704,7,0,1,2013,-0.5625,9.29,5.16,8.290000000000001
52705,7,1,1,2013,-0.9350000000000002,11.5,5.43,8.56
52706,7,2,1,2013,-1.2316666666666667,11.67,5.49,8.57
52707,7,3,1,2013,-1.4000000000000001,12.55,6.01,8.9
52708,7,4,1,2013,-1.3133333333333332,12.71,6.22,9.18
52709,7,5,1,2013,-1.2508333333333332,14.12,6.62,9.78
52710,7,6,1,2013,-0.8766666666666668,14.75,7.52,10.8
52711,7,7,1,2013,-0.9908333333333333,15.56,8.11,11.41
52712,7,8,1,2013,-0.3491666666666667,16.59,9.08,12.58
52713,7,9,1,2013,-0.8608333333333335,16.15,8.55,11.89
52714,7,10,1,2013,-0.21833333333333335,16.97,8.96,12.64
52715,7,11,1,2013,-0.425,17.900000000000006,9.86,13.58
52716,7,12,1,2013,0.054166666666666675,17.3,9.41,13.13
52717,7,13,1,2013,0.24166666666666667,18.2,10.27,14.1
52718,7,14,1,2013,0.41583333333333333,18.22,11.36,14.95
52719,7,15,1,2013,2.63,18.45,11.98,15.53
52720,7,16,1,2013,3.1266666666666665,16.9,10.32,13.2
52721,7,17,1,2013,4.276666666666666,14.89,10.02,12.63
52722,7,18,1,2013,5.535833333333334,13.18,9.12,11.46
52723,7,19,1,2013,6.175,12.32,8.69,10.85
52724,7,20,1,2013,6.385833333333334,11.43,7.83,9.77
52725,7,21,1,2013,5.828333333333334,11.45,7.35,9.61
52726,7,22,1,2013,4.384166666666666,12.73,5.88,9.34
52727,7,23,1,2013,3.708333333333334,12.74,6.11,9.41
52728,8,0,1,2013,3.1391666666666667,13.25,5.57,8.950000000000003
52729,8,1,1,2013,2.3666666666666667,12.79,4.97,8.32
52730,8,2,1,2013,2.1300000000000003,13.35,5.3100000000000005,8.72
52731,8,3,1,2013,1.6775000000000002,13.62,5.76,9.17
52732,8,4,1,2013,1.1591666666666665,13.34,5.68,8.98
52733,8,5,1,2013,1.2733333333333334,14.07,6.41,9.66
52734,8,6,1,2013,1.5200000000000002,14.09,6.43,9.66
52735,8,7,1,2013,1.19,12.81,5.29,8.39
52736,8,8,1,2013,0.6350000000000001,12.54,5.33,8.31
52737,8,9,1,2013,0.8541666666666666,12.82,5.92,8.870000000000003
52738,8,10,1,2013,1.3708333333333336,13.49,6.78,9.77
52739,8,11,1,2013,1.2908333333333333,13.31,6.53,9.48
52740,8,12,1,2013,1.17,13.2,6.36,9.28
52741,8,13,1,2013,1.3966666666666665,12.97,6.62,9.41
52742,8,14,1,2013,1.9566666666666668,13.25,7.82,10.52
52743,8,15,1,2013,3.535,13.9,8.790000000000001,11.52
52744,8,16,1,2013,4.449166666666667,12.09,7.92,9.96
52745,8,17,1,2013,5.392500000000001,11.99,8.64,10.73
52746,8,18,1,2013,6.749166666666667,12.09,8.700000000000001,10.8
52747,8,19,1,2013,7.3,10.9,7.86,9.77
52748,8,20,1,2013,7.697500000000001,10.78,7.76,9.64
52749,8,21,1,2013,7.560000000000002,10.36,7.28,9.13
52750,8,22,1,2013,6.515000000000001,11.17,5.24,7.95
52751,8,23,1,2013,5.463333333333334,11.76,5.92,8.57
52752,9,0,1,2013,4.825833333333333,12.86,6.93,9.75
52753,9,1,1,2013,4.165,12.92,6.88,9.7
52754,9,2,1,2013,3.4783333333333335,12.56,6.63,9.52
52755,9,3,1,2013,2.759166666666667,11.34,6.23,9.07
52756,9,4,1,2013,2.263333333333333,11.51,5.76,8.76
52757,9,5,1,2013,1.83,10.27,4.96,7.88
52758,9,6,1,2013,1.991666666666667,13.61,5.18,8.51
52759,9,7,1,2013,1.6091666666666666,12.15,5.3,8.09
52760,9,8,1,2013,1.7716666666666667,9.4,4.89,7.3900000000000015
52761,9,9,1,2013,1.1141666666666667,7.37,4.28,6.67
52762,9,10,1,2013,1.1808333333333334,8.13,5.08,7.45
52763,9,11,1,2013,1.1966666666666668,8.24,5.15,7.68
52764,9,12,1,2013,0.6275000000000001,7.7,4.69,7.45
52765,9,13,1,2013,0.5366666666666667,6.54,3.74,6.28
52766,9,14,1,2013,2.006666666666667,5.96,3.13,5.25
52767,9,15,1,2013,3.9299999999999997,5.76,2.94,4.41
52768,9,16,1,2013,5.664999999999999,5.88,2.97,3.4
52769,9,17,1,2013,7.037500000000001,4.22,2.76,3.15
52770,9,18,1,2013,8.01,2.41,2.06,2.34
52771,9,19,1,2013,8.721666666666668,2.04,1.83,2.06
52772,9,20,1,2013,8.883333333333335,2.33,2.17,2.38
52773,9,21,1,2013,8.351666666666667,2.05,2.02,2.19
52774,9,22,1,2013,7.185,3.0700000000000003,1.83,3.38
52775,9,23,1,2013,5.653333333333333,4.43,2.49,4.3
52776,10,0,1,2013,4.8825,6.0,2.7,5.29
52777,10,1,1,2013,4.190833333333333,7.72,3.66,6.96
52778,10,2,1,2013,4.067500000000001,9.62,4.24,7.74
52779,10,3,1,2013,3.8600000000000008,10.15,4.22,7.85
52780,10,4,1,2013,4.026666666666667,11.54,5.03,8.82
52781,10,5,1,2013,3.666666666666666,11.65,4.94,8.76
52782,10,6,1,2013,3.138333333333333,12.71,4.62,8.56
52783,10,7,1,2013,3.684166666666666,12.81,5.0600000000000005,8.49
52784,10,8,1,2013,3.393333333333333,12.49,5.04,8.19
52785,10,9,1,2013,3.5541666666666667,12.85,5.71,8.700000000000001
52786,10,10,1,2013,3.3816666666666664,12.48,5.64,8.41
52787,10,11,1,2013,3.4924999999999997,12.24,6.66,9.16
52788,10,12,1,2013,3.1975000000000002,12.74,7.15,9.78
52789,10,13,1,2013,3.0883333333333343,12.27,7.03,9.5
52790,10,14,1,2013,2.504166666666667,12.67,8.15,10.59
52791,10,15,1,2013,2.265833333333333,12.62,8.13,10.56
52792,10,16,1,2013,2.109166666666667,10.33,6.8100000000000005,8.56
52793,10,17,1,2013,2.06,8.23,5.39,6.7
52794,10,18,1,2013,2.2225,6.44,4.11,5.04
52795,10,19,1,2013,2.2325000000000004,6.15,3.3000000000000003,4.79
52796,10,20,1,2013,2.2708333333333335,5.93,3.27,4.44
52797,10,21,1,2013,2.52,5.92,3.52,4.62
52798,10,22,1,2013,2.6008333333333336,6.6400000000000015,3.85,5.14
52799,10,23,1,2013,2.6833333333333336,7.15,4.29,5.68
52800,11,0,1,2013,2.7724999999999995,7.21,4.2,5.65
52801,11,1,1,2013,2.9666666666666663,6.13,2.56,3.9
52802,11,2,1,2013,3.2075,6.57,2.9,4.29
52803,11,3,1,2013,3.2175,6.11,2.69,4.03
52804,11,4,1,2013,3.4633333333333334,6.57,2.74,4.19
52805,11,5,1,2013,3.9366666666666674,7.17,2.91,4.5200000000000005
52806,11,6,1,2013,4.339166666666667,7.62,3.45,5.11
52807,11,7,1,2013,4.81,8.47,4.11,5.92
52808,11,8,1,2013,5.150833333333334,9.48,4.98,6.97
52809,11,9,1,2013,5.726666666666667,10.07,5.5600000000000005,7.6400000000000015
52810,11,10,1,2013,6.176666666666666,11.58,6.53,8.96
52811,11,11,1,2013,6.453333333333333,11.44,6.53,8.91
52812,11,12,1,2013,6.197499999999999,12.6,7.48,10.05
52813,11,13,1,2013,6.275833333333334,14.52,8.82,11.76
52814,11,14,1,2013,6.322500000000001,14.84,9.47,12.32
52815,11,15,1,2013,6.784166666666667,14.47,9.55,12.28
52816,11,16,1,2013,8.096666666666666,14.28,9.13,11.49
52817,11,17,1,2013,10.056666666666667,14.01,9.73,12.09
52818,11,18,1,2013,11.735000000000001,14.87,10.38,12.92
52819,11,19,1,2013,12.599166666666669,14.52,10.06,12.59
52820,11,20,1,2013,12.58083333333333,13.88,9.73,12.1
52821,11,21,1,2013,12.180833333333334,13.37,8.620000000000001,11.12
52822,11,22,1,2013,11.431666666666667,14.37,7.45,10.54
52823,11,23,1,2013,10.919166666666667,15.34,7.85,11.13
52824,12,0,1,2013,11.368333333333334,17.27,9.39,13.06
52825,12,1,1,2013,11.554166666666667,17.78,9.83,13.5
52826,12,2,1,2013,11.648333333333333,17.8,9.9,13.58
52827,12,3,1,2013,10.720833333333333,17.09,9.12,12.92
52828,12,4,1,2013,9.048333333333332,14.85,7.56,10.92
52829,12,5,1,2013,2.7325,12.33,7.86,10.43
52830,12,6,1,2013,0.8474999999999998,10.57,6.65,8.6
52831,12,7,1,2013,-0.7191666666666667,11.21,6.69,8.9
52832,12,8,1,2013,-1.0866666666666667,8.870000000000003,5.45,7.1400000000000015
52833,12,9,1,2013,-1.6908333333333336,10.81,6.54,8.57
52834,12,10,1,2013,-2.4324999999999997,10.55,6.82,8.73
52835,12,11,1,2013,-2.7708333333333335,10.24,6.82,8.66
52836,12,12,1,2013,-3.0283333333333338,9.76,6.65,8.370000000000001
52837,12,13,1,2013,-3.291666666666666,9.51,6.61,8.26
52838,12,14,1,2013,-3.700000000000001,9.69,6.84,8.51
52839,12,15,1,2013,-3.7991666666666664,10.0,7.28,8.96
52840,12,16,1,2013,-3.6191666666666666,8.370000000000001,6.13,7.49
52841,12,17,1,2013,-3.3475,7.72,5.76,7.0
52842,12,18,1,2013,-3.015,7.49,5.57,6.7700000000000005
52843,12,19,1,2013,-2.565,6.96,5.15,6.28
52844,12,20,1,2013,-2.3433333333333333,7.0200000000000005,5.26,6.38
52845,12,21,1,2013,-2.5625000000000004,7.29,5.46,6.66
52846,12,22,1,2013,-3.1008333333333336,8.21,6.0,7.41
52847,12,23,1,2013,-3.6625,9.51,6.8500000000000005,8.51
52848,13,0,1,2013,-4.208333333333333,9.68,6.94,8.620000000000001
52849,13,1,1,2013,-4.796666666666667,9.26,6.82,8.42
52850,13,2,1,2013,-5.616666666666666,9.16,6.47,8.09
52851,13,3,1,2013,-5.9383333333333335,9.18,6.69,8.25
52852,13,4,1,2013,-6.303333333333334,10.12,7.24,9.03
52853,13,5,1,2013,-6.863333333333333,9.63,6.88,8.56
52854,13,6,1,2013,-7.841666666666666,9.39,6.6400000000000015,8.32
52855,13,7,1,2013,-8.593333333333334,9.49,6.72,8.41
52856,13,8,1,2013,-9.479166666666666,9.75,7.0,8.72
52857,13,9,1,2013,-10.346666666666666,10.21,7.3,9.1
52858,13,10,1,2013,-10.838333333333331,9.54,6.71,8.4
52859,13,11,1,2013,-10.995000000000003,8.57,6.08,7.58
52860,13,12,1,2013,-11.264999999999999,8.81,6.17,7.76
52861,13,13,1,2013,-11.383333333333335,7.53,5.08,6.46
52862,13,14,1,2013,-11.2425,7.9,5.67,7.03
52863,13,15,1,2013,-10.798333333333334,7.54,5.47,6.74
52864,13,16,1,2013,-10.025833333333333,6.9,5.12,6.23
52865,13,17,1,2013,-9.275,6.67,4.99,6.05
52866,13,18,1,2013,-8.363333333333332,6.68,4.97,6.04
52867,13,19,1,2013,-7.493333333333333,6.1400000000000015,4.58,5.55
52868,13,20,1,2013,-6.794999999999999,6.03,4.43,5.4
52869,13,21,1,2013,-6.428333333333334,6.05,4.39,5.38
52870,13,22,1,2013,-6.495000000000001,6.09,4.37,5.4
52871,13,23,1,2013,-7.035833333333333,5.75,2.3000000000000003,3.92
52872,14,0,1,2013,-7.267499999999999,6.05,2.41,4.43
52873,14,1,1,2013,-7.404166666666666,6.76,2.71,4.9
52874,14,2,1,2013,-7.665,6.63,2.66,5.08
52875,14,3,1,2013,-7.895833333333335,6.94,2.82,5.16
52876,14,4,1,2013,-8.308333333333334,6.3900000000000015,2.7,5.08
52877,14,5,1,2013,-8.578333333333331,7.01,2.98,5.78
52878,14,6,1,2013,-8.761666666666667,7.01,3.13,5.83
52879,14,7,1,2013,-9.135833333333334,6.15,2.69,5.29
52880,14,8,1,2013,-9.205,5.5600000000000005,2.71,5.2
52881,14,9,1,2013,-9.34,4.89,2.29,4.68
52882,14,10,1,2013,-9.365,3.83,2.01,3.76
52883,14,11,1,2013,-9.709999999999999,2.93,1.99,2.93
52884,14,12,1,2013,-9.991666666666667,2.72,2.18,3.19
52885,14,13,1,2013,-10.211666666666666,2.76,2.31,3.3200000000000003
52886,14,14,1,2013,-9.785,2.56,2.5,3.3000000000000003
52887,14,15,1,2013,-8.211666666666666,2.69,2.23,2.86
52888,14,16,1,2013,-6.835,2.27,1.94,2.23
52889,14,17,1,2013,-5.915000000000002,2.28,1.84,2.14
52890,14,18,1,2013,-5.055000000000001,2.36,1.9,2.21
52891,14,19,1,2013,-4.355833333333333,2.19,1.77,2.05
52892,14,20,1,2013,-3.8841666666666668,1.64,1.34,1.54
52893,14,21,1,2013,-3.6616666666666666,1.23,1.01,1.16
52894,14,22,1,2013,-3.8958333333333326,0.88,0.68,0.8
52895,14,23,1,2013,-4.745833333333334,1.02,0.27,0.72
52896,15,0,1,2013,-5.256666666666667,1.43,0.07,0.5700000000000001
52897,15,1,1,2013,-5.448333333333334,2.79,0.61,1.6
52898,15,2,1,2013,-5.490000000000001,3.85,1.93,3.6
52899,15,3,1,2013,-5.4558333333333335,4.57,2.8000000000000003,4.68
52900,15,4,1,2013,-5.680000000000001,4.58,2.77,4.66
52901,15,5,1,2013,-5.994166666666666,4.74,2.76,4.5
52902,15,6,1,2013,-6.113333333333333,5.09,3.0700000000000003,4.78
52903,15,7,1,2013,-6.32,5.0200000000000005,2.92,4.69
52904,15,8,1,2013,-6.390000000000001,4.29,2.53,4.24
52905,15,9,1,2013,-6.805833333333333,4.16,2.5,4.15
52906,15,10,1,2013,-7.0133333333333345,4.04,2.86,4.16
52907,15,11,1,2013,-7.255833333333334,4.18,2.95,4.36
52908,15,12,1,2013,-7.59,4.0600000000000005,2.75,4.5
52909,15,13,1,2013,-7.824166666666667,4.23,3.06,4.51
52910,15,14,1,2013,-7.225833333333334,4.26,3.11,4.53
52911,15,15,1,2013,-5.641666666666666,4.01,2.42,3.38
52912,15,16,1,2013,-3.9291666666666667,2.89,2.28,2.69
52913,15,17,1,2013,-2.8808333333333334,3.13,2.45,2.89
52914,15,18,1,2013,-2.0866666666666664,3.09,2.41,2.85
52915,15,19,1,2013,-1.5258333333333336,2.99,2.34,2.76
52916,15,20,1,2013,-1.1550000000000002,3.0,2.34,2.76
52917,15,21,1,2013,-1.0525000000000002,3.77,2.81,3.42
52918,15,22,1,2013,-1.7283333333333333,5.8,2.85,4.97
52919,15,23,1,2013,-2.8241666666666667,7.46,3.66,6.26
52920,16,0,1,2013,-3.3941666666666666,8.9,4.2,6.8100000000000005
52921,16,1,1,2013,-3.736666666666667,9.32,4.2700000000000005,6.8500000000000005
52922,16,2,1,2013,-3.8241666666666667,10.11,4.68,7.35
52923,16,3,1,2013,-3.8466666666666662,10.82,4.89,7.6400000000000015
52924,16,4,1,2013,-3.976666666666667,11.17,5.07,7.85
52925,16,5,1,2013,-4.096666666666665,11.86,5.48,8.33
52926,16,6,1,2013,-4.118333333333333,12.89,6.24,9.2
52927,16,7,1,2013,-4.170833333333334,13.28,6.53,9.53
52928,16,8,1,2013,-4.3308333333333335,13.73,6.87,9.89
52929,16,9,1,2013,-4.462500000000001,14.51,7.56,10.65
52930,16,10,1,2013,-4.576666666666667,14.5,7.56,10.64
52931,16,11,1,2013,-4.590000000000001,14.55,7.72,10.76
52932,16,12,1,2013,-4.635833333333333,14.37,7.75,10.74
52933,16,13,1,2013,-4.785833333333333,13.76,7.55,10.4
52934,16,14,1,2013,-4.384166666666667,13.0,7.36,9.75
52935,16,15,1,2013,-2.606666666666667,10.69,6.4,8.620000000000001
52936,16,16,1,2013,-0.5233333333333333,8.69,5.3,6.26
52937,16,17,1,2013,1.62,6.5,5.14,6.05
52938,16,18,1,2013,3.7366666666666677,6.5200000000000005,5.11,6.08
52939,16,19,1,2013,5.159166666666667,6.22,4.9,5.84
52940,16,20,1,2013,6.113333333333333,6.42,4.8100000000000005,5.86
52941,16,21,1,2013,6.321666666666666,8.4,4.7,6.45
52942,16,22,1,2013,5.3,9.74,4.5200000000000005,7.96
52943,16,23,1,2013,4.498333333333333,10.43,4.8,8.35
52944,17,0,1,2013,3.4499999999999997,12.71,5.48,9.23
52945,17,1,1,2013,3.4241666666666664,13.89,5.7,9.94
52946,17,2,1,2013,3.1350000000000002,14.55,6.0600000000000005,10.04
52947,17,3,1,2013,2.3641666666666663,14.76,5.66,9.7
52948,17,4,1,2013,1.5075,14.39,5.76,9.86
52949,17,5,1,2013,0.855,12.78,5.88,9.4
52950,17,6,1,2013,0.15750000000000006,12.2,5.2,8.56
52951,17,7,1,2013,-0.2558333333333333,10.77,4.98,7.84
52952,17,8,1,2013,-0.68,10.22,4.86,7.7
52953,17,9,1,2013,-1.2700000000000002,8.76,4.38,6.83
52954,17,10,1,2013,-1.6816666666666666,7.99,4.32,6.6400000000000015
52955,17,11,1,2013,-2.1416666666666666,7.83,4.07,6.2700000000000005
52956,17,12,1,2013,-2.6166666666666667,7.75,3.63,6.03
52957,17,13,1,2013,-2.769166666666667,7.03,3.5,5.61
52958,17,14,1,2013,-2.4458333333333333,7.0600000000000005,3.66,5.58
52959,17,15,1,2013,-1.2449999999999999,4.61,2.33,2.71
52960,17,16,1,2013,0.3125,1.82,1.39,1.62
52961,17,17,1,2013,1.6174999999999997,1.52,1.26,1.44
52962,17,18,1,2013,2.7741666666666664,1.93,1.52,1.79
52963,17,19,1,2013,3.714166666666667,2.51,1.99,2.34
52964,17,20,1,2013,4.3133333333333335,2.51,1.99,2.34
52965,17,21,1,2013,4.656666666666666,3.5,1.99,2.66
52966,17,22,1,2013,3.6908333333333325,4.33,1.72,3.69
52967,17,23,1,2013,2.4033333333333338,4.55,2.51,4.3100000000000005
52968,18,0,1,2013,2.021666666666667,5.04,3.26,5.32
52969,18,1,1,2013,1.36,7.16,3.87,6.91
52970,18,2,1,2013,1.549166666666667,8.96,4.38,7.69
52971,18,3,1,2013,1.7383333333333333,10.55,4.78,8.11
52972,18,4,1,2013,1.5766666666666669,10.6,5.15,8.24
52973,18,5,1,2013,1.8200000000000003,11.43,5.46,8.56
52974,18,6,1,2013,1.4691666666666665,13.19,6.3100000000000005,9.43
52975,18,7,1,2013,1.7825,14.83,7.38,10.72
52976,18,8,1,2013,1.8933333333333333,15.85,8.040000000000001,11.5
52977,18,9,1,2013,1.7908333333333335,15.71,8.01,11.45
52978,18,10,1,2013,1.8833333333333335,16.06,8.4,11.82
52979,18,11,1,2013,2.2233333333333336,17.57,9.2,12.92
52980,18,12,1,2013,2.773333333333334,17.900000000000006,9.59,13.31
52981,18,13,1,2013,2.8433333333333337,18.57,10.22,14.05
52982,18,14,1,2013,3.643333333333334,18.55,11.1,14.53
52983,18,15,1,2013,5.967500000000001,17.66,11.53,14.84
52984,18,16,1,2013,7.254166666666667,16.56,11.15,13.97
52985,18,17,1,2013,8.081666666666665,15.88,11.2,13.96
52986,18,18,1,2013,9.304166666666665,15.15,10.88,13.51
52987,18,19,1,2013,10.1,15.12,10.85,13.48
52988,18,20,1,2013,10.520833333333334,15.15,10.72,13.4
52989,18,21,1,2013,10.613333333333333,14.67,10.19,12.83
52990,18,22,1,2013,9.811666666666667,15.65,8.85,12.02
52991,18,23,1,2013,8.785000000000002,16.35,8.89,12.51
52992,19,0,1,2013,8.049166666666666,16.52,8.950000000000003,12.59
52993,19,1,1,2013,7.260000000000001,16.3,8.86,12.43
52994,19,2,1,2013,6.604166666666667,15.95,8.76,12.23
52995,19,3,1,2013,5.925833333333333,16.07,8.45,11.83
52996,19,4,1,2013,5.484166666666668,16.21,8.370000000000001,11.86
52997,19,5,1,2013,5.001666666666668,15.52,8.120000000000001,11.54
52998,19,6,1,2013,4.391666666666667,14.92,8.07,11.34
52999,19,7,1,2013,3.9175,15.04,8.18,11.43
53000,19,8,1,2013,3.464166666666667,15.27,8.370000000000001,11.58
53001,19,9,1,2013,3.1041666666666665,15.25,8.44,11.62
53002,19,10,1,2013,2.5241666666666664,15.05,8.31,11.52
53003,19,11,1,2013,2.09,14.64,8.06,11.19
53004,19,12,1,2013,1.554166666666667,14.15,7.42,10.6
53005,19,13,1,2013,1.2016666666666669,12.94,6.1400000000000015,9.2
53006,19,14,1,2013,2.3108333333333335,12.22,6.12,9.11
53007,19,15,1,2013,3.5116666666666667,9.97,5.73,7.97
53008,19,16,1,2013,5.845,8.77,5.37,6.51
53009,19,17,1,2013,8.044166666666666,8.120000000000001,6.08,7.36
53010,19,18,1,2013,9.135833333333336,7.97,5.99,7.26
53011,19,19,1,2013,10.295833333333333,8.06,6.01,7.31
53012,19,20,1,2013,11.030833333333334,8.33,6.0200000000000005,7.4
53013,19,21,1,2013,11.079166666666666,9.42,6.58,8.23
53014,19,22,1,2013,9.772499999999999,9.83,4.84,7.2
53015,19,23,1,2013,7.9816666666666665,10.74,4.3500000000000005,7.61
53016,20,0,1,2013,6.713333333333332,11.19,4.45,7.65
53017,20,1,1,2013,4.9608333333333325,11.4,3.98,7.5
53018,20,2,1,2013,3.591666666666667,12.75,4.18,7.7
53019,20,3,1,2013,2.91,12.99,4.84,8.370000000000001
53020,20,4,1,2013,1.6941666666666666,10.84,4.3100000000000005,7.27
53021,20,5,1,2013,0.2875,12.37,5.26,8.38
53022,20,6,1,2013,-1.4750000000000003,14.26,8.32,11.31
53023,20,7,1,2013,-2.731666666666667,12.71,7.27,9.85
53024,20,8,1,2013,-3.276666666666667,9.44,5.53,7.4
53025,20,9,1,2013,-3.8416666666666672,9.54,5.59,7.6400000000000015
53026,20,10,1,2013,-4.5325000000000015,9.65,5.94,7.91
53027,20,11,1,2013,-4.9316666666666675,6.3900000000000015,4.04,5.09
53028,20,12,1,2013,-5.1883333333333335,5.13,3.49,4.37
53029,20,13,1,2013,-5.773333333333333,6.57,4.72,5.73
53030,20,14,1,2013,-6.288333333333334,7.29,5.47,6.61
53031,20,15,1,2013,-5.8308333333333335,6.08,4.74,5.65
53032,20,16,1,2013,-5.0075,4.87,3.89,4.57
53033,20,17,1,2013,-4.0925,4.72,3.74,4.41
53034,20,18,1,2013,-3.2208333333333328,5.17,4.07,4.8100000000000005
53035,20,19,1,2013,-2.660833333333333,5.4,4.18,4.97
53036,20,20,1,2013,-2.355833333333333,5.49,4.24,5.04
53037,20,21,1,2013,-2.4066666666666667,5.59,4.24,5.08
53038,20,22,1,2013,-2.9658333333333338,5.99,4.33,5.33
53039,20,23,1,2013,-4.141666666666667,6.71,3.93,5.43
53040,21,0,1,2013,-5.416666666666667,6.4,3.48,5.0600000000000005
53041,21,1,1,2013,-5.940833333333333,7.53,3.89,5.51
53042,21,2,1,2013,-6.150000000000001,7.74,4.2,5.7700000000000005
53043,21,3,1,2013,-6.319999999999999,6.74,3.49,4.86
53044,21,4,1,2013,-6.408333333333334,6.29,3.4,4.68
53045,21,5,1,2013,-6.349166666666666,6.32,3.58,4.87
53046,21,6,1,2013,-6.557499999999998,9.24,4.93,6.88
53047,21,7,1,2013,-7.1375,10.11,5.75,7.77
53048,21,8,1,2013,-7.721666666666668,8.08,4.5,6.07
53049,21,9,1,2013,-8.78,8.4,4.58,6.0200000000000005
53050,21,10,1,2013,-9.934166666666666,7.01,4.32,5.5
53051,21,11,1,2013,-10.260833333333334,7.53,4.26,5.74
53052,21,12,1,2013,-10.500833333333334,10.68,6.78,8.91
53053,21,13,1,2013,-11.042499999999999,10.25,6.9,8.78
53054,21,14,1,2013,-11.624166666666667,5.87,4.55,5.48
53055,21,15,1,2013,-11.535833333333334,6.49,4.8,5.83
53056,21,16,1,2013,-11.135833333333332,6.63,4.92,5.98
53057,21,17,1,2013,-10.469166666666665,6.8100000000000005,5.08,6.16
53058,21,18,1,2013,-9.778333333333334,6.2700000000000005,4.69,5.66
53059,21,19,1,2013,-9.1625,5.89,4.4,5.3
53060,21,20,1,2013,-8.691666666666668,5.13,3.85,4.64
53061,21,21,1,2013,-8.415833333333333,4.51,3.4,4.08
53062,21,22,1,2013,-8.355000000000002,3.88,2.91,3.5
53063,21,23,1,2013,-8.478333333333333,3.2,2.39,2.89
53064,22,0,1,2013,-8.663333333333332,2.71,2.2,2.59
53065,22,1,1,2013,-9.033333333333333,2.73,2.29,2.66
53066,22,2,1,2013,-9.32,2.32,1.95,2.27
53067,22,3,1,2013,-9.565,2.12,1.88,2.13
53068,22,4,1,2013,-9.892499999999998,2.03,1.89,2.12
53069,22,5,1,2013,-10.024999999999999,2.09,1.9,2.15
53070,22,6,1,2013,-10.013333333333334,2.23,1.95,2.22
53071,22,7,1,2013,-10.039999999999997,2.47,2.12,2.43
53072,22,8,1,2013,-10.13,2.76,2.35,2.7
53073,22,9,1,2013,-10.311666666666666,2.94,2.5,2.87
53074,22,10,1,2013,-10.550833333333333,2.98,2.56,2.94
53075,22,11,1,2013,-10.910833333333334,3.36,2.8000000000000003,3.25
53076,22,12,1,2013,-11.143333333333333,3.73,3.02,3.5500000000000003
53077,22,13,1,2013,-11.299166666666666,3.82,3.1,3.65
53078,22,14,1,2013,-11.359166666666667,4.0200000000000005,3.28,3.83
53079,22,15,1,2013,-10.835833333333333,3.97,3.24,3.78
53080,22,16,1,2013,-9.807500000000001,3.5500000000000003,2.89,3.36
53081,22,17,1,2013,-8.590833333333334,3.4,2.74,3.19
53082,22,18,1,2013,-7.403333333333333,3.17,2.57,2.98
53083,22,19,1,2013,-6.27,3.04,2.43,2.83
53084,22,20,1,2013,-5.424166666666667,3.06,2.45,2.85
53085,22,21,1,2013,-4.947500000000001,3.0,2.38,2.79
53086,22,22,1,2013,-4.888333333333333,3.19,2.29,2.76
53087,22,23,1,2013,-5.471666666666667,3.77,1.81,2.88
53088,23,0,1,2013,-5.843333333333334,4.73,2.04,3.53
53089,23,1,1,2013,-6.035833333333334,5.29,2.27,3.91
53090,23,2,1,2013,-6.458333333333335,5.48,2.3000000000000003,3.95
53091,23,3,1,2013,-6.685833333333334,5.99,2.73,4.72
53092,23,4,1,2013,-6.766666666666666,6.0,3.0500000000000003,5.12
53093,23,5,1,2013,-6.933333333333334,5.69,3.15,5.42
53094,23,6,1,2013,-7.032499999999999,5.95,3.37,5.69
53095,23,7,1,2013,-7.135833333333333,6.73,3.49,5.9
53096,23,8,1,2013,-6.918333333333333,7.09,3.75,6.22
53097,23,9,1,2013,-6.724999999999999,6.99,3.78,6.21
53098,23,10,1,2013,-6.699166666666667,7.29,4.2700000000000005,6.55
53099,23,11,1,2013,-6.8425,8.040000000000001,4.67,7.01
53100,23,12,1,2013,-6.803333333333334,8.39,4.71,7.07
53101,23,13,1,2013,-6.575,8.39,4.59,7.05
53102,23,14,1,2013,-5.695,8.44,4.8,6.84
53103,23,15,1,2013,-3.8375,7.73,3.78,5.3500000000000005
53104,23,16,1,2013,-1.9624999999999997,4.84,3.23,3.8
53105,23,17,1,2013,-0.49750000000000005,5.15,4.03,4.7700000000000005
53106,23,18,1,2013,0.8016666666666667,5.99,4.59,5.5
53107,23,19,1,2013,1.4416666666666667,6.3500000000000005,4.91,5.87
53108,23,20,1,2013,1.2383333333333335,6.28,4.64,5.66
53109,23,21,1,2013,0.9950000000000001,7.05,5.29,6.43
53110,23,22,1,2013,-0.3225,7.81,4.91,6.0200000000000005
53111,23,23,1,2013,-2.1558333333333333,10.94,5.4,8.26
53112,24,0,1,2013,-2.9249999999999994,12.87,7.26,10.07
53113,24,1,1,2013,-4.1258333333333335,12.71,7.56,10.17
53114,24,2,1,2013,-5.183333333333333,12.77,7.63,10.21
53115,24,3,1,2013,-5.98,11.85,6.96,9.28
53116,24,4,1,2013,-6.559166666666665,10.54,6.43,8.47
53117,24,5,1,2013,-7.105,9.1,5.42,7.3
53118,24,6,1,2013,-8.227500000000001,10.04,6.76,8.55
53119,24,7,1,2013,-9.545,8.72,6.16,7.66
53120,24,8,1,2013,-10.213333333333333,8.22,5.89,7.26
53121,24,9,1,2013,-11.071666666666667,8.15,5.82,7.19
53122,24,10,1,2013,-11.469166666666666,7.55,5.58,6.8500000000000005
53123,24,11,1,2013,-12.1225,6.78,5.03,6.15
53124,24,12,1,2013,-12.848333333333331,6.93,5.24,6.36
53125,24,13,1,2013,-13.35666666666667,7.05,5.32,6.45
53126,24,14,1,2013,-13.498333333333335,6.93,5.33,6.4
53127,24,15,1,2013,-12.968333333333334,6.1400000000000015,4.73,5.67
53128,24,16,1,2013,-12.0875,5.8100000000000005,4.61,5.43
53129,24,17,1,2013,-10.909999999999998,5.66,4.48,5.28
53130,24,18,1,2013,-9.495,5.36,4.25,5.0
53131,24,19,1,2013,-8.268333333333333,5.32,4.18,4.93
53132,24,20,1,2013,-7.249166666666667,5.67,4.39,5.23
53133,24,21,1,2013,-6.7825,5.72,4.32,5.19
53134,24,22,1,2013,-6.6000000000000005,6.07,4.45,5.47
53135,24,23,1,2013,-6.571666666666666,6.13,4.53,5.55
53136,25,0,1,2013,-6.6225,6.51,4.74,5.84
53137,25,1,1,2013,-6.8475,6.6400000000000015,4.87,5.98
53138,25,2,1,2013,-7.173333333333333,6.09,3.74,4.94
53139,25,3,1,2013,-7.48,5.89,3.12,4.38
53140,25,4,1,2013,-7.8183333333333325,5.41,2.03,3.51
53141,25,5,1,2013,-8.135833333333332,5.53,2.11,3.66
53142,25,6,1,2013,-8.3375,5.17,1.66,3.9
53143,25,7,1,2013,-8.3825,5.07,2.27,4.44
53144,25,8,1,2013,-8.1325,5.21,2.45,4.67
53145,25,9,1,2013,-8.0,5.54,3.0,4.79
53146,25,10,1,2013,-8.050833333333333,6.5,3.52,5.53
53147,25,11,1,2013,-7.8975,6.79,3.78,6.0200000000000005
53148,25,12,1,2013,-7.791666666666667,8.27,4.5200000000000005,7.03
53149,25,13,1,2013,-7.527500000000001,9.84,5.18,7.76
53150,25,14,1,2013,-6.155833333333333,9.96,5.74,7.81
53151,25,15,1,2013,-4.519166666666667,8.25,4.84,6.3100000000000005
53152,25,16,1,2013,-2.27,4.75,3.01,3.44
53153,25,17,1,2013,-0.06916666666666667,3.2,2.52,2.97
53154,25,18,1,2013,1.8716666666666664,3.34,2.62,3.09
53155,25,19,1,2013,3.415833333333333,3.48,2.74,3.23
53156,25,20,1,2013,4.376666666666667,3.4,2.69,3.18
53157,25,21,1,2013,4.696666666666667,4.22,2.73,3.59
53158,25,22,1,2013,3.6275,5.24,2.43,4.43
53159,25,23,1,2013,2.2016666666666667,5.7,2.92,5.05
53160,26,0,1,2013,1.6233333333333333,5.8,3.22,5.5200000000000005
53161,26,1,1,2013,1.5358333333333336,5.96,3.38,5.48
53162,26,2,1,2013,1.465833333333333,5.43,3.18,5.11
53163,26,3,1,2013,1.1591666666666667,5.16,3.09,4.8500000000000005
53164,26,4,1,2013,1.47,3.77,2.31,3.52
53165,26,5,1,2013,0.15333333333333332,2.91,1.36,2.47
53166,26,6,1,2013,-1.2891666666666666,3.78,1.45,2.83
53167,26,7,1,2013,-2.6175,6.41,1.94,4.53
53168,26,8,1,2013,-3.2650000000000006,7.59,2.68,5.96
53169,26,9,1,2013,-3.2433333333333336,8.35,3.6,6.41
53170,26,10,1,2013,-3.5849999999999995,9.61,4.22,6.7
53171,26,11,1,2013,-3.7341666666666664,9.83,4.13,6.53
53172,26,12,1,2013,-3.93,9.56,3.83,6.23
53173,26,13,1,2013,-4.195833333333334,9.78,4.08,6.17
53174,26,14,1,2013,-3.424166666666667,9.71,5.2700000000000005,7.03
53175,26,15,1,2013,-1.825,8.98,5.29,6.3100000000000005
53176,26,16,1,2013,0.25166666666666665,7.0600000000000005,5.2700000000000005,6.28
53177,26,17,1,2013,2.0825,6.75,5.23,6.24
53178,26,18,1,2013,3.7583333333333333,7.03,5.4,6.47
53179,26,19,1,2013,5.075833333333334,7.49,5.68,6.86
53180,26,20,1,2013,5.929166666666667,7.8,5.8100000000000005,7.09
53181,26,21,1,2013,6.049166666666667,8.370000000000001,5.84,7.12
53182,26,22,1,2013,4.6083333333333325,10.88,4.7,7.78
53183,26,23,1,2013,2.4258333333333333,12.67,4.99,8.57
53184,27,0,1,2013,1.6900000000000002,14.12,6.18,9.57
53185,27,1,1,2013,1.0566666666666669,14.17,6.3,9.66
53186,27,2,1,2013,0.48,13.98,6.2700000000000005,9.44
53187,27,3,1,2013,0.5708333333333334,14.15,6.43,9.58
53188,27,4,1,2013,0.43,13.74,6.61,9.6
53189,27,5,1,2013,0.7825000000000001,13.12,6.48,9.28
53190,27,6,1,2013,1.8875000000000002,12.93,6.93,9.66
53191,27,7,1,2013,2.8516666666666666,13.02,7.34,10.02
53192,27,8,1,2013,2.273333333333333,12.09,6.68,9.19
53193,27,9,1,2013,1.7908333333333333,12.23,7.41,9.81
53194,27,10,1,2013,1.5599999999999998,12.94,8.44,10.84
53195,27,11,1,2013,1.8466666666666665,13.36,8.620000000000001,11.18
53196,27,12,1,2013,2.2416666666666667,11.4,6.44,8.77
53197,27,13,1,2013,1.9758333333333338,11.53,6.93,9.23
53198,27,14,1,2013,2.1116666666666664,11.56,6.95,9.25
53199,27,15,1,2013,2.7000000000000006,12.33,7.75,10.17
53200,27,16,1,2013,3.4558333333333326,12.38,7.81,10.22
53201,27,17,1,2013,4.265833333333333,12.19,7.71,10.16
53202,27,18,1,2013,5.2716666666666665,11.54,6.8900000000000015,9.32
53203,27,19,1,2013,6.470833333333332,10.36,5.8500000000000005,8.02
53204,27,20,1,2013,7.844999999999999,11.14,6.73,8.91
53205,27,21,1,2013,8.680000000000001,11.42,6.92,9.18
53206,27,22,1,2013,9.135,10.27,5.19,7.55
53207,27,23,1,2013,9.669166666666666,10.87,4.88,7.6
53208,28,0,1,2013,9.200000000000001,11.25,4.7700000000000005,7.98
53209,28,1,1,2013,9.855833333333333,12.85,4.83,8.47
53210,28,2,1,2013,9.391666666666666,11.57,4.42,6.63
53211,28,3,1,2013,9.625,7.09,3.22,5.01
53212,28,4,1,2013,8.83,5.84,3.02,5.09
53213,28,5,1,2013,7.05,5.46,2.86,4.55
53214,28,6,1,2013,6.841666666666666,5.33,2.3000000000000003,4.15
53215,28,7,1,2013,5.2058333333333335,4.2,2.14,2.61
53216,28,8,1,2013,3.8625000000000003,3.21,2.03,2.42
53217,28,9,1,2013,3.2874999999999996,2.58,1.9,2.17
53218,28,10,1,2013,2.8208333333333333,2.32,1.93,2.19
53219,28,11,1,2013,2.658333333333333,2.85,2.32,2.68
53220,28,12,1,2013,2.450833333333333,3.06,2.44,2.86
53221,28,13,1,2013,2.1750000000000003,3.64,2.72,3.26
53222,28,14,1,2013,2.3858333333333333,3.94,2.45,3.2
53223,28,15,1,2013,2.5033333333333334,4.95,2.92,3.59
53224,28,16,1,2013,3.15,5.75,2.94,3.85
53225,28,17,1,2013,4.708333333333334,5.99,3.16,3.6
53226,28,18,1,2013,7.340833333333335,6.9,3.02,3.28
53227,28,19,1,2013,9.955833333333333,7.1400000000000015,3.59,4.21
53228,28,20,1,2013,13.209166666666667,7.46,4.25,5.03
53229,28,21,1,2013,15.461666666666668,8.870000000000003,5.01,6.8500000000000005
53230,28,22,1,2013,14.825833333333334,11.84,4.03,7.44
53231,28,23,1,2013,14.64333333333333,13.67,6.0200000000000005,9.5
53232,29,0,1,2013,14.740833333333335,16.17,8.1,11.67
53233,29,1,1,2013,14.793333333333335,15.97,8.15,11.58
53234,29,2,1,2013,15.278333333333334,16.42,8.89,12.36
53235,29,3,1,2013,15.439166666666667,15.43,8.49,11.72
53236,29,4,1,2013,15.914166666666665,15.09,8.370000000000001,11.52
53237,29,5,1,2013,16.03,14.98,8.33,11.44
53238,29,6,1,2013,16.249166666666667,15.18,8.58,11.72
53239,29,7,1,2013,16.085833333333333,14.42,8.16,11.13
53240,29,8,1,2013,15.895000000000001,14.75,8.34,11.36
53241,29,9,1,2013,15.320833333333335,14.23,7.81,10.83
53242,29,10,1,2013,11.558333333333332,12.48,6.61,9.22
53243,29,11,1,2013,5.475833333333334,8.11,6.09,7.33
53244,29,12,1,2013,4.26,7.35,5.64,6.7700000000000005
53245,29,13,1,2013,3.4950000000000006,7.23,5.61,6.74
53246,29,14,1,2013,2.9008333333333334,5.96,4.61,5.53
53247,29,15,1,2013,2.3733333333333335,7.04,5.34,6.49
53248,29,16,1,2013,1.8916666666666668,7.24,5.49,6.66
53249,29,17,1,2013,1.5999999999999999,6.96,5.37,6.45
53250,29,18,1,2013,2.0949999999999998,6.4,4.92,5.91
53251,29,19,1,2013,3.3925,7.67,5.99,7.22
53252,29,20,1,2013,2.77,7.58,5.84,7.03
53253,29,21,1,2013,2.5883333333333343,8.48,6.19,7.66
53254,29,22,1,2013,2.1525,8.77,6.19,7.75
53255,29,23,1,2013,1.6283333333333332,9.06,6.2,7.87
53256,30,0,1,2013,1.2833333333333334,9.74,6.44,8.2
53257,30,1,1,2013,0.7624999999999998,10.56,6.5200000000000005,8.58
53258,30,2,1,2013,0.4841666666666667,11.04,6.79,9.2
53259,30,3,1,2013,0.16333333333333336,11.35,7.43,9.58
53260,30,4,1,2013,-0.09166666666666667,10.8,6.28,8.78
53261,30,5,1,2013,-0.4083333333333334,11.86,7.18,9.39
53262,30,6,1,2013,-1.1008333333333333,14.48,8.48,11.21
53263,30,7,1,2013,-1.9666666666666666,16.32,9.15,12.04
53264,30,8,1,2013,-2.358333333333333,13.82,8.24,10.63
53265,30,9,1,2013,-2.805,14.36,9.04,11.67
53266,30,10,1,2013,-3.6133333333333333,17.490000000000002,10.87,14.04
53267,30,11,1,2013,-4.315,18.95,11.74,15.27
53268,30,12,1,2013,-5.080000000000001,17.47,11.23,14.45
53269,30,13,1,2013,-5.640000000000001,19.77,12.04,15.7
53270,30,14,1,2013,-5.835000000000001,16.5,11.14,14.23
53271,30,15,1,2013,-6.096666666666668,16.62,11.63,14.63
53272,30,16,1,2013,-6.114166666666667,15.77,11.15,14.01
53273,30,17,1,2013,-5.948333333333333,14.63,10.41,13.03
53274,30,18,1,2013,-5.5325,15.04,10.74,13.43
53275,30,19,1,2013,-4.992500000000001,13.62,9.8,12.2
53276,30,20,1,2013,-4.7525,13.12,9.34,11.68
53277,30,21,1,2013,-4.797499999999999,12.34,8.6,10.89
53278,30,22,1,2013,-5.1691666666666665,12.38,8.65,10.94
53279,30,23,1,2013,-6.026666666666667,10.94,5.3,8.05
53280,31,0,1,2013,-6.2441666666666675,11.24,5.28,8.01
53281,31,1,1,2013,-6.254166666666666,11.3,5.78,8.540000000000001
53282,31,2,1,2013,-6.739166666666667,10.04,4.78,7.5
53283,31,3,1,2013,-7.265,7.9,3.14,5.6000000000000005
53284,31,4,1,2013,-7.510833333333334,6.92,2.9,4.86
53285,31,5,1,2013,-7.670833333333333,6.24,2.81,4.75
53286,31,6,1,2013,-7.837500000000001,6.05,2.49,4.79
53287,31,7,1,2013,-7.8516666666666675,5.48,2.01,4.33
53288,31,8,1,2013,-7.8950000000000005,5.91,2.02,4.2700000000000005
53289,31,9,1,2013,-8.424166666666666,6.45,1.46,3.89
53290,31,10,1,2013,-8.948333333333332,7.3,4.5600000000000005,6.05
53291,31,11,1,2013,-9.520833333333334,8.19,4.62,6.5600000000000005
53292,31,12,1,2013,-10.144166666666667,9.25,5.16,6.91
53293,31,13,1,2013,-10.715833333333334,11.31,6.86,9.04
53294,31,14,1,2013,-11.258333333333335,11.54,7.17,9.26
53295,31,15,1,2013,-11.004166666666668,9.62,7.0,8.59
53296,31,16,1,2013,-10.387500000000001,10.76,7.79,9.59
53297,31,17,1,2013,-10.010833333333334,13.46,9.67,11.99
53298,31,18,1,2013,-10.096666666666666,13.68,9.72,12.09
53299,31,19,1,2013,-10.17,13.73,9.71,12.1
53300,31,20,1,2013,-9.945833333333335,12.43,8.85,10.97
53301,31,21,1,2013,-10.149166666666668,12.32,8.72,10.86
53302,31,22,1,2013,-10.951666666666666,12.28,8.4,10.62
53303,31,23,1,2013,-11.795833333333333,12.85,7.18,9.94
53304,1,0,2,2013,-12.433333333333335,13.15,7.55,10.31
53305,1,1,2,2013,-13.017500000000004,10.44,5.42,7.78
53306,1,2,2,2013,-13.511666666666665,10.61,5.16,7.67
53307,1,3,2,2013,-13.749166666666667,10.61,5.14,7.65
53308,1,4,2,2013,-14.090000000000002,9.77,4.78,7.19
53309,1,5,2,2013,-14.680000000000001,7.2,2.1,4.8
53310,1,6,2,2013,-14.847499999999998,7.55,1.99,5.0200000000000005
53311,1,7,2,2013,-15.037500000000001,6.28,1.92,4.91
53312,1,8,2,2013,-15.240000000000004,3.7,1.61,3.64
53313,1,9,2,2013,-15.289166666666667,3.78,1.62,3.5
53314,1,10,2,2013,-15.219166666666666,2.85,1.52,2.81
53315,1,11,2,2013,-15.208333333333334,2.11,1.45,1.95
53316,1,12,2,2013,-15.176666666666668,3.75,2.9,4.3100000000000005
53317,1,13,2,2013,-14.950833333333334,6.32,3.72,5.18
53318,1,14,2,2013,-13.7525,6.5200000000000005,4.0,5.29
53319,1,15,2,2013,-12.049166666666665,5.34,3.93,4.66
53320,1,16,2,2013,-10.1825,5.69,4.46,5.3
53321,1,17,2,2013,-8.436666666666666,6.45,4.86,5.88
53322,1,18,2,2013,-6.7475,7.19,5.4,6.55
53323,1,19,2,2013,-5.425000000000001,8.08,5.96,7.29
53324,1,20,2,2013,-4.006666666666667,8.620000000000001,6.24,7.71
53325,1,21,2,2013,-3.044166666666666,8.84,6.29,7.78
53326,1,22,2,2013,-2.829166666666667,9.29,5.54,7.28
53327,1,23,2,2013,-2.9866666666666664,10.42,4.5600000000000005,7.15
53328,2,0,2,2013,-2.829166666666666,12.22,6.23,8.99
53329,2,1,2,2013,-2.305833333333333,13.03,7.0,9.81
53330,2,2,2,2013,-1.9100000000000001,13.05,6.92,9.77
53331,2,3,2,2013,-1.8266666666666669,14.75,8.25,11.32
53332,2,4,2,2013,-1.1224999999999998,15.01,8.75,11.76
53333,2,5,2,2013,-1.2058333333333333,14.55,8.23,11.18
53334,2,6,2,2013,-1.774166666666667,16.03,7.86,11.41
53335,2,7,2,2013,-2.4241666666666664,15.81,7.78,11.34
53336,2,8,2,2013,-3.0208333333333335,14.1,7.3,10.64
53337,2,9,2,2013,-3.616666666666667,11.17,6.18,8.96
53338,2,10,2,2013,-4.030833333333333,9.76,4.98,7.74
53339,2,11,2,2013,-3.813333333333333,8.22,4.22,7.09
53340,2,12,2,2013,-3.671666666666667,7.19,3.63,6.67
53341,2,13,2,2013,-4.434166666666666,6.6400000000000015,3.23,6.26
53342,2,14,2,2013,-3.39,6.71,2.91,5.48
53343,2,15,2,2013,-1.7141666666666664,5.48,2.54,3.14
53344,2,16,2,2013,-0.8583333333333333,3.16,2.4,2.81
53345,2,17,2,2013,-0.26666666666666666,2.33,1.9,2.2
53346,2,18,2,2013,0.5941666666666666,2.28,1.77,2.08
53347,2,19,2,2013,1.4150000000000003,3.54,2.69,3.21
53348,2,20,2,2013,2.2674999999999996,4.34,3.1,3.7
53349,2,21,2,2013,3.3691666666666666,5.78,3.44,4.54
53350,2,22,2,2013,2.7616666666666667,8.49,3.3200000000000003,6.05
53351,2,23,2,2013,3.1616666666666666,11.95,5.47,8.71
53352,3,0,2,2013,3.2358333333333333,12.99,5.63,9.08
53353,3,1,2,2013,2.4658333333333338,13.77,5.28,8.6
53354,3,2,2,2013,2.24,15.27,6.07,9.96
53355,3,3,2,2013,2.535833333333333,16.97,7.53,11.54
53356,3,4,2,2013,2.495,18.07,8.07,12.15
53357,3,5,2,2013,1.6850000000000003,16.67,7.35,11.16
53358,3,6,2,2013,0.8008333333333333,15.17,6.62,10.42
53359,3,7,2,2013,0.41416666666666674,15.25,6.98,10.71
53360,3,8,2,2013,0.32833333333333337,15.87,7.76,11.44
53361,3,9,2,2013,0.17166666666666672,16.36,8.49,12.2
53362,3,10,2,2013,-1.0141666666666669,15.28,7.03,10.68
53363,3,11,2,2013,-1.581666666666667,13.93,6.16,9.68
53364,3,12,2,2013,-2.5366666666666666,11.74,5.05,8.31
53365,3,13,2,2013,-3.361666666666667,9.99,4.34,7.16
53366,3,14,2,2013,-2.4875000000000003,8.49,3.6,5.5200000000000005
53367,3,15,2,2013,-0.5316666666666667,5.93,3.08,4.0600000000000005
53368,3,16,2,2013,0.6316666666666668,3.12,2.23,2.68
53369,3,17,2,2013,1.625,3.1,2.41,2.86
53370,3,18,2,2013,2.698333333333333,5.44,4.05,4.92
53371,3,19,2,2013,3.756666666666666,6.41,4.68,5.76
53372,3,20,2,2013,4.5325,6.66,4.66,5.8100000000000005
53373,3,21,2,2013,4.569166666666667,8.71,4.43,6.28
53374,3,22,2,2013,3.5475000000000008,10.45,4.47,7.76
53375,3,23,2,2013,2.94,13.05,5.99,9.5
53376,4,0,2,2013,3.3700000000000006,14.34,7.42,11.05
53377,4,1,2,2013,3.7608333333333337,14.55,7.5,11.14
53378,4,2,2,2013,3.445833333333333,14.83,7.43,10.99
53379,4,3,2,2013,3.4533333333333336,15.5,7.46,11.12
53380,4,4,2,2013,3.189166666666667,15.02,7.01,10.59
53381,4,5,2,2013,3.0600000000000005,15.17,6.95,10.6
53382,4,6,2,2013,3.2916666666666665,15.12,7.21,10.84
53383,4,7,2,2013,3.2350000000000008,14.63,7.21,10.84
53384,4,8,2,2013,2.6749999999999994,13.94,6.69,10.17
53385,4,9,2,2013,2.2500000000000004,13.03,6.29,9.92
53386,4,10,2,2013,1.4791666666666667,12.97,5.97,9.45
53387,4,11,2,2013,0.5741666666666666,12.1,5.2,8.63
53388,4,12,2,2013,0.09083333333333334,12.6,5.5200000000000005,8.74
53389,4,13,2,2013,-0.7025,13.44,7.1400000000000015,9.97
53390,4,14,2,2013,-1.21,12.41,7.23,9.48
53391,4,15,2,2013,-1.1633333333333333,8.89,6.49,7.9300000000000015
53392,4,16,2,2013,-0.8891666666666665,7.67,5.78,7.0
53393,4,17,2,2013,-0.34833333333333333,6.37,4.86,5.86
53394,4,18,2,2013,0.02916666666666667,5.9,4.54,5.44
53395,4,19,2,2013,0.2991666666666667,5.89,4.59,5.48
53396,4,20,2,2013,0.6183333333333333,5.29,4.0600000000000005,4.87
53397,4,21,2,2013,0.6974999999999999,4.09,3.19,3.8
53398,4,22,2,2013,0.1808333333333334,3.09,2.36,2.85
53399,4,23,2,2013,-1.3016666666666667,2.69,1.42,2.77
53400,5,0,2,2013,-2.3941666666666666,2.17,0.56,1.44
53401,5,1,2,2013,-2.9808333333333334,1.26,0.77,1.39
53402,5,2,2,2013,-3.4166666666666665,2.18,1.14,2.15
53403,5,3,2,2013,-3.6991666666666663,3.65,2.09,3.68
53404,5,4,2,2013,-3.808333333333333,4.84,2.65,4.3500000000000005
53405,5,5,2,2013,-3.67,7.09,3.92,5.65
53406,5,6,2,2013,-3.578333333333333,8.370000000000001,4.03,5.91
53407,5,7,2,2013,-3.3591666666666664,9.13,4.05,5.98
53408,5,8,2,2013,-2.555833333333333,11.08,5.92,8.27
53409,5,9,2,2013,-1.8624999999999998,11.74,6.3,8.790000000000001
53410,5,10,2,2013,-1.3383333333333332,12.14,6.47,9.0
53411,5,11,2,2013,-0.6525,13.91,7.65,10.53
53412,5,12,2,2013,0.15916666666666668,13.54,7.51,10.32
53413,5,13,2,2013,-0.025833333333333333,12.63,6.42,9.27
53414,5,14,2,2013,1.1783333333333332,11.66,5.91,7.96
53415,5,15,2,2013,4.096666666666667,9.92,5.49,7.3900000000000015
53416,5,16,2,2013,4.980833333333334,7.09,4.71,5.79
53417,5,17,2,2013,6.147500000000001,5.9,4.47,5.38
53418,5,18,2,2013,7.153333333333333,5.76,4.36,5.25
53419,5,19,2,2013,7.8725,5.39,4.0200000000000005,4.89
53420,5,20,2,2013,8.259166666666667,5.46,4.0600000000000005,4.95
53421,5,21,2,2013,7.961666666666667,6.28,3.68,5.12
53422,5,22,2,2013,6.666666666666667,6.4,3.08,5.44
53423,5,23,2,2013,5.060833333333332,6.0600000000000005,2.68,5.05
53424,6,0,2,2013,4.114999999999999,4.36,1.89,3.35
53425,6,1,2,2013,4.090000000000001,4.42,1.86,3.4
53426,6,2,2,2013,3.43,4.17,1.68,3.16
53427,6,3,2,2013,2.3733333333333335,4.15,1.66,3.13
53428,6,4,2,2013,1.9008333333333336,3.0700000000000003,0.74,1.84
53429,6,5,2,2013,1.6483333333333332,4.61,2.18,3.7
53430,6,6,2,2013,1.0999999999999999,5.89,2.7,4.78
53431,6,7,2,2013,0.7341666666666667,6.55,2.88,5.22
53432,6,8,2,2013,-0.34,8.33,3.36,5.9
53433,6,9,2,2013,0.030833333333333313,9.54,4.64,6.72
53434,6,10,2,2013,0.35000000000000003,9.46,4.98,6.74
53435,6,11,2,2013,0.6616666666666667,9.96,5.67,7.56
53436,6,12,2,2013,0.15666666666666665,11.67,6.1000000000000005,8.22
53437,6,13,2,2013,0.305,12.11,6.65,9.1
53438,6,14,2,2013,1.633333333333333,12.03,7.07,9.38
53439,6,15,2,2013,2.7875,11.44,6.16,8.89
53440,6,16,2,2013,4.4825,9.85,6.01,7.42
53441,6,17,2,2013,5.983333333333333,8.15,6.05,7.35
53442,6,18,2,2013,7.232500000000001,8.15,6.01,7.32
53443,6,19,2,2013,8.139166666666666,7.46,5.58,6.7700000000000005
53444,6,20,2,2013,8.938333333333333,7.28,5.28,6.42
53445,6,21,2,2013,9.469166666666665,8.22,5.12,6.49
53446,6,22,2,2013,8.81,10.26,4.34,7.56
53447,6,23,2,2013,8.3275,12.08,5.48,8.64
53448,7,0,2,2013,8.389999999999999,13.37,6.5200000000000005,9.77
53449,7,1,2,2013,8.329166666666666,12.27,6.13,9.01
53450,7,2,2,2013,7.799166666666668,12.29,5.65,8.790000000000001
53451,7,3,2,2013,7.745833333333333,11.7,4.88,7.7
53452,7,4,2,2013,7.881666666666665,12.3,5.58,8.49
53453,7,5,2,2013,7.959166666666667,10.97,4.8100000000000005,7.62
53454,7,6,2,2013,7.583333333333333,9.72,4.38,7.15
53455,7,7,2,2013,7.954166666666666,9.11,4.69,7.37
53456,7,8,2,2013,8.46,9.2,5.1000000000000005,7.54
53457,7,9,2,2013,7.108333333333334,7.99,4.05,6.07
53458,7,10,2,2013,5.908333333333332,6.0600000000000005,2.81,4.03
53459,7,11,2,2013,5.718333333333334,8.98,5.08,6.95
53460,7,12,2,2013,5.113333333333334,10.22,6.09,8.11
53461,7,13,2,2013,4.4025,11.29,6.84,9.05
53462,7,14,2,2013,4.1499999999999995,11.3,6.8500000000000005,9.05
53463,7,15,2,2013,4.219166666666667,10.91,7.04,8.63
53464,7,16,2,2013,5.150833333333333,9.74,7.22,8.84
53465,7,17,2,2013,6.1225,10.21,7.5,9.23
53466,7,18,2,2013,6.616666666666666,10.28,7.49,9.24
53467,7,19,2,2013,7.249166666666667,9.94,7.2,8.89
53468,7,20,2,2013,7.334166666666666,9.93,7.22,8.89
53469,7,21,2,2013,7.104166666666667,9.43,6.78,8.43
53470,7,22,2,2013,6.434166666666666,10.39,6.67,8.35
53471,7,23,2,2013,5.064166666666666,11.86,5.43,8.290000000000001
53472,8,0,2,2013,4.072499999999999,11.33,5.84,8.76
53473,8,1,2,2013,2.7733333333333334,11.15,5.05,7.99
53474,8,2,2,2013,1.9116666666666664,12.99,5.63,8.94
53475,8,3,2,2013,0.6783333333333333,12.69,5.54,8.75
53476,8,4,2,2013,-0.6275000000000001,11.93,5.6000000000000005,8.53
53477,8,5,2,2013,-1.5675,10.43,5.72,7.99
53478,8,6,2,2013,-2.0741666666666667,9.45,5.34,7.44
53479,8,7,2,2013,-2.5441666666666665,8.370000000000001,5.04,6.82
53480,8,8,2,2013,-2.811666666666666,7.29,3.73,5.26
53481,8,9,2,2013,-2.9608333333333334,6.72,3.52,4.96
53482,8,10,2,2013,-3.070833333333334,5.79,2.97,4.28
53483,8,11,2,2013,-3.200833333333333,5.33,2.49,4.0200000000000005
53484,8,12,2,2013,-3.310833333333333,4.5200000000000005,2.33,3.61
53485,8,13,2,2013,-3.4091666666666662,3.68,2.24,3.0700000000000003
53486,8,14,2,2013,-3.2241666666666666,3.16,2.32,2.79
53487,8,15,2,2013,-2.38,2.84,2.37,2.73
53488,8,16,2,2013,-1.215,2.5500000000000003,2.14,2.45
53489,8,17,2,2013,0.05749999999999999,2.33,1.98,2.26
53490,8,18,2,2013,1.4349999999999998,2.94,2.36,2.76
53491,8,19,2,2013,2.424166666666667,3.36,2.66,3.13
53492,8,20,2,2013,3.206666666666667,4.22,3.25,3.88
53493,8,21,2,2013,3.5558333333333336,5.37,4.01,4.89
53494,8,22,2,2013,2.9908333333333332,6.11,3.99,4.91
53495,8,23,2,2013,1.2283333333333333,8.620000000000001,3.74,6.66
53496,9,0,2,2013,0.5783333333333334,10.67,4.6000000000000005,7.66
53497,9,1,2,2013,0.23916666666666664,10.98,5.08,7.96
53498,9,2,2,2013,-0.21166666666666667,11.28,5.08,7.87
53499,9,3,2,2013,-0.007500000000000023,12.54,6.63,9.38
53500,9,4,2,2013,-0.04916666666666667,12.62,6.75,9.48
53501,9,5,2,2013,-0.20916666666666664,11.4,6.2700000000000005,8.620000000000001
53502,9,6,2,2013,-0.5575,11.3,5.36,8.01
53503,9,7,2,2013,-0.5483333333333333,12.4,6.43,9.11
53504,9,8,2,2013,-0.4091666666666667,12.69,6.72,9.41
53505,9,9,2,2013,-0.39083333333333337,12.01,6.1400000000000015,8.72
53506,9,10,2,2013,-0.45,11.77,6.07,8.56
53507,9,11,2,2013,-0.5,12.22,6.38,8.99
53508,9,12,2,2013,-0.49000000000000005,12.12,6.48,9.03
53509,9,13,2,2013,0.33416666666666667,14.1,8.71,11.43
53510,9,14,2,2013,1.2099999999999997,14.37,9.21,11.9
53511,9,15,2,2013,2.1916666666666664,13.66,9.47,11.68
53512,9,16,2,2013,3.374166666666667,12.77,9.31,11.41
53513,9,17,2,2013,4.646666666666667,10.53,7.76,9.51
53514,9,18,2,2013,5.640000000000001,10.53,7.76,9.5
53515,9,19,2,2013,6.534166666666668,10.53,7.65,9.42
53516,9,20,2,2013,6.8775,10.45,7.56,9.34
53517,9,21,2,2013,6.7441666666666675,11.26,7.57,9.52
53518,9,22,2,2013,6.120833333333333,12.09,6.6000000000000005,9.3
53519,9,23,2,2013,5.526666666666667,13.71,7.43,10.38
53520,10,0,2,2013,5.340833333333333,15.09,8.77,11.95
53521,10,1,2,2013,4.846666666666667,14.53,8.32,11.35
53522,10,2,2,2013,4.5825,13.39,7.68,10.46
53523,10,3,2,2013,3.815833333333334,13.01,7.36,10.09
53524,10,4,2,2013,3.250833333333333,12.59,6.74,9.58
53525,10,5,2,2013,3.2399999999999998,12.69,6.84,9.66
53526,10,6,2,2013,3.793333333333333,12.44,7.65,10.1
53527,10,7,2,2013,4.153333333333332,13.5,8.36,11.05
53528,10,8,2,2013,4.4,14.15,8.64,11.47
53529,10,9,2,2013,4.1883333333333335,14.34,8.64,11.53
53530,10,10,2,2013,4.1825,13.87,8.290000000000001,11.11
53531,10,11,2,2013,4.251666666666668,13.73,7.69,10.58
53532,10,12,2,2013,4.8133333333333335,13.92,7.82,10.85
53533,10,13,2,2013,6.029166666666668,14.17,8.6,11.36
53534,10,14,2,2013,6.650833333333334,14.48,9.02,11.8
53535,10,15,2,2013,7.512499999999999,14.99,10.43,13.06
53536,10,16,2,2013,8.030000000000001,15.59,11.0,13.68
53537,10,17,2,2013,8.091666666666667,16.080000000000002,11.38,14.29
53538,10,18,2,2013,7.549166666666667,17.54,12.3,15.56
53539,10,19,2,2013,5.829999999999999,19.49,13.75,17.35
53540,10,20,2,2013,4.613333333333333,19.11,13.25,16.8
53541,10,21,2,2013,4.491666666666667,18.49,12.72,16.13
53542,10,22,2,2013,3.678333333333333,17.55,11.91,15.12
53543,10,23,2,2013,3.3691666666666666,17.92,11.04,14.65
53544,11,0,2,2013,2.5733333333333333,15.42,9.01,12.23
53545,11,1,2,2013,1.6858333333333337,16.91,10.2,13.5
53546,11,2,2,2013,0.8391666666666665,17.5,10.66,14.15
53547,11,3,2,2013,0.21750000000000005,16.72,10.07,13.46
53548,11,4,2,2013,-0.09250000000000001,15.41,9.07,12.25
53549,11,5,2,2013,0.13583333333333333,15.4,9.04,12.2
53550,11,6,2,2013,0.21583333333333332,15.79,9.78,12.9
53551,11,7,2,2013,-0.04416666666666667,16.080000000000002,9.76,12.92
53552,11,8,2,2013,-0.37250000000000005,15.48,9.42,12.45
53553,11,9,2,2013,-0.7341666666666667,14.89,9.12,12.0
53554,11,10,2,2013,-1.0691666666666666,15.26,9.39,12.35
53555,11,11,2,2013,-1.3591666666666666,14.23,8.700000000000001,11.46
53556,11,12,2,2013,-1.5666666666666664,14.11,8.63,11.37
53557,11,13,2,2013,-1.6675000000000004,13.15,8.15,10.58
53558,11,14,2,2013,-1.1925000000000001,12.57,7.66,9.6
53559,11,15,2,2013,-0.41500000000000004,11.34,8.23,10.17
53560,11,16,2,2013,0.4366666666666667,10.84,7.84,9.68
53561,11,17,2,2013,1.3708333333333333,9.88,7.16,8.790000000000001
53562,11,18,2,2013,2.2208333333333328,9.1,6.61,8.09
53563,11,19,2,2013,2.901666666666667,7.8900000000000015,5.76,7.0200000000000005
53564,11,20,2,2013,3.341666666666667,7.55,5.5,6.74
53565,11,21,2,2013,3.4491666666666667,7.52,5.44,6.68
53566,11,22,2,2013,3.0258333333333334,6.61,4.64,5.8100000000000005
53567,11,23,2,2013,1.3891666666666669,6.34,2.22,4.53
53568,12,0,2,2013,0.6208333333333332,7.97,2.86,6.3500000000000005
53569,12,1,2,2013,0.43583333333333335,8.01,3.22,6.79
53570,12,2,2,2013,-0.29083333333333333,7.65,2.75,6.15
53571,12,3,2,2013,-0.5808333333333334,6.55,2.7,5.7700000000000005
53572,12,4,2,2013,-0.7608333333333334,5.6000000000000005,2.29,5.1000000000000005
53573,12,5,2,2013,-0.9575,4.76,2.02,3.99
53574,12,6,2,2013,-1.1624999999999999,4.01,1.67,3.17
53575,12,7,2,2013,-1.1775,4.01,1.75,3.3200000000000003
53576,12,8,2,2013,-1.3516666666666666,3.6,1.57,3.01
53577,12,9,2,2013,-1.4816666666666667,2.79,1.23,2.08
53578,12,10,2,2013,-1.7824999999999998,1.61,1.22,1.78
53579,12,11,2,2013,-2.0341666666666667,2.62,1.6,2.63
53580,12,12,2,2013,-2.0358333333333336,3.43,2.34,3.5
53581,12,13,2,2013,-1.8866666666666667,4.12,2.8000000000000003,3.9
53582,12,14,2,2013,-0.8099999999999999,4.88,3.0500000000000003,3.98
53583,12,15,2,2013,1.0391666666666666,4.01,2.81,3.3000000000000003
53584,12,16,2,2013,2.8358333333333334,5.04,3.91,4.66
53585,12,17,2,2013,4.125000000000001,5.22,4.04,4.82
53586,12,18,2,2013,5.2075000000000005,4.82,3.67,4.39
53587,12,19,2,2013,5.944166666666665,4.6000000000000005,3.48,4.17
53588,12,20,2,2013,6.3424999999999985,4.84,3.58,4.36
53589,12,21,2,2013,6.427500000000001,4.88,3.52,4.3500000000000005
53590,12,22,2,2013,5.785,5.59,2.77,4.36
53591,12,23,2,2013,4.049166666666666,7.07,3.02,5.66
53592,13,0,2,2013,3.008333333333333,7.17,3.35,5.98
53593,13,1,2,2013,2.705833333333333,7.28,3.89,6.48
53594,13,2,2,2013,2.3766666666666665,9.09,4.26,7.28
53595,13,3,2,2013,1.7108333333333334,10.66,4.36,7.63
53596,13,4,2,2013,1.0083333333333333,10.56,4.49,7.88
53597,13,5,2,2013,0.6366666666666666,8.56,3.95,6.83
53598,13,6,2,2013,0.4116666666666666,7.79,3.48,6.0
53599,13,7,2,2013,0.24333333333333332,7.5,3.42,6.21
53600,13,8,2,2013,0.036666666666666674,7.8,3.77,6.3100000000000005
53601,13,9,2,2013,-0.15916666666666665,8.08,4.21,6.78
53602,13,10,2,2013,-0.3166666666666667,8.2,4.3,6.93
53603,13,11,2,2013,-0.7066666666666666,8.77,4.33,6.74
53604,13,12,2,2013,-0.8791666666666668,8.620000000000001,4.36,6.8100000000000005
53605,13,13,2,2013,-0.7716666666666666,8.41,4.44,6.6000000000000005
53606,13,14,2,2013,0.21000000000000005,7.9300000000000015,4.38,6.09
53607,13,15,2,2013,2.1208333333333336,6.05,4.62,5.41
53608,13,16,2,2013,4.161666666666666,5.98,4.8,5.64
53609,13,17,2,2013,6.094166666666666,6.0200000000000005,4.78,5.66
53610,13,18,2,2013,7.723333333333333,6.32,4.82,5.8
53611,13,19,2,2013,8.784166666666666,6.32,4.79,5.7700000000000005
53612,13,20,2,2013,9.181666666666667,6.65,4.93,6.0200000000000005
53613,13,21,2,2013,9.369166666666667,6.88,4.89,6.08
53614,13,22,2,2013,8.679166666666665,8.49,4.55,6.45
53615,13,23,2,2013,6.9675,9.59,4.12,7.31
53616,14,0,2,2013,5.96,10.73,4.7,7.79
53617,14,1,2,2013,5.420000000000001,12.97,5.36,8.69
53618,14,2,2,2013,4.791666666666666,13.93,5.29,9.11
53619,14,3,2,2013,4.281666666666667,14.22,5.46,9.34
53620,14,4,2,2013,3.8158333333333334,13.43,5.19,8.94
53621,14,5,2,2013,3.580833333333334,14.93,5.61,9.55
53622,14,6,2,2013,3.1658333333333335,14.5,5.43,9.32
53623,14,7,2,2013,2.5341666666666667,14.56,5.29,9.23
53624,14,8,2,2013,2.5091666666666668,13.86,5.5,8.92
53625,14,9,2,2013,1.9224999999999997,13.43,5.3500000000000005,8.75
53626,14,10,2,2013,1.5199999999999998,13.22,5.11,8.64
53627,14,11,2,2013,0.9291666666666668,12.59,4.53,7.87
53628,14,12,2,2013,0.55,12.87,4.46,7.6400000000000015
53629,14,13,2,2013,0.59,13.04,5.34,7.79
53630,14,14,2,2013,2.2558333333333334,11.67,6.76,8.99
53631,14,15,2,2013,3.4458333333333333,9.32,6.8100000000000005,8.370000000000001
53632,14,16,2,2013,4.3758333333333335,9.23,6.7700000000000005,8.3
53633,14,17,2,2013,5.1241666666666665,8.870000000000003,6.49,7.92
53634,14,18,2,2013,5.778333333333333,8.77,6.44,7.84
53635,14,19,2,2013,6.296666666666666,9.58,6.88,8.47
53636,14,20,2,2013,6.585000000000001,9.78,7.0,8.65
53637,14,21,2,2013,6.631666666666668,10.61,7.41,9.29
53638,14,22,2,2013,6.254166666666666,10.75,7.41,9.35
53639,14,23,2,2013,5.338333333333334,13.48,7.71,10.59
53640,15,0,2,2013,3.805833333333334,13.82,6.7700000000000005,9.8
53641,15,1,2,2013,2.618333333333333,13.57,6.95,10.0
53642,15,2,2,2013,1.543333333333333,13.72,7.09,10.14
53643,15,3,2,2013,0.505,13.03,6.74,9.6
53644,15,4,2,2013,-0.32583333333333336,11.45,7.0200000000000005,9.23
53645,15,5,2,2013,-1.3150000000000002,13.21,7.47,10.32
53646,15,6,2,2013,-2.6666666666666665,15.07,9.43,12.46
53647,15,7,2,2013,-3.516666666666667,12.15,7.25,9.68
53648,15,8,2,2013,-3.765,9.4,5.67,7.46
53649,15,9,2,2013,-4.129166666666666,9.55,5.99,7.86
53650,15,10,2,2013,-4.5600000000000005,8.870000000000003,5.1000000000000005,7.08
53651,15,11,2,2013,-4.838333333333334,8.18,4.61,6.23
53652,15,12,2,2013,-4.941666666666667,7.59,4.21,5.58
53653,15,13,2,2013,-4.9675,7.11,4.78,6.04
53654,15,14,2,2013,-4.499166666666666,7.12,5.05,6.25
53655,15,15,2,2013,-3.5316666666666667,6.82,4.94,6.08
53656,15,16,2,2013,-2.5058333333333334,6.43,4.7,5.74
53657,15,17,2,2013,-1.4475000000000005,6.93,5.09,6.22
53658,15,18,2,2013,-0.5666666666666667,7.44,5.48,6.69
53659,15,19,2,2013,-0.01749999999999999,7.27,5.36,6.53
53660,15,20,2,2013,0.3691666666666667,7.0200000000000005,5.15,6.29
53661,15,21,2,2013,0.4808333333333333,6.68,4.93,6.0200000000000005
53662,15,22,2,2013,0.415,5.45,3.95,4.87
53663,15,23,2,2013,-0.39833333333333326,4.39,2.18,3.31
53664,16,0,2,2013,-0.8725,6.32,4.78,6.08
53665,16,1,2,2013,-2.2883333333333336,3.17,2.56,3.02
53666,16,2,2,2013,-2.7433333333333336,3.15,2.46,2.97
53667,16,3,2,2013,-3.0741666666666667,6.5600000000000005,4.78,5.9
53668,16,4,2,2013,-3.676666666666667,7.83,5.63,6.95
53669,16,5,2,2013,-3.8491666666666657,5.2700000000000005,3.68,4.63
53670,16,6,2,2013,-4.666666666666667,5.29,2.35,4.17
53671,16,7,2,2013,-5.351666666666667,6.59,3.09,4.64
53672,16,8,2,2013,-5.858333333333334,5.42,2.94,4.2700000000000005
53673,16,9,2,2013,-6.175833333333333,4.73,2.62,4.11
53674,16,10,2,2013,-6.273333333333333,4.46,2.61,3.92
53675,16,11,2,2013,-6.3475,3.95,2.35,3.13
53676,16,12,2,2013,-6.1225,4.43,2.6,3.06
53677,16,13,2,2013,-5.865000000000001,4.48,2.61,3.08
53678,16,14,2,2013,-4.910000000000001,3.78,2.89,3.47
53679,16,15,2,2013,-3.730833333333333,4.46,3.41,4.09
53680,16,16,2,2013,-2.7125000000000004,5.3,4.0,4.83
53681,16,17,2,2013,-1.4933333333333332,5.58,4.19,5.0600000000000005
53682,16,18,2,2013,-0.25833333333333336,5.87,4.39,5.32
53683,16,19,2,2013,0.8025000000000001,5.89,4.38,5.33
53684,16,20,2,2013,1.6875,5.96,4.34,5.34
53685,16,21,2,2013,2.1250000000000004,6.53,4.66,5.79
53686,16,22,2,2013,1.7908333333333328,6.5200000000000005,4.64,5.78
53687,16,23,2,2013,0.6716666666666667,5.5600000000000005,2.59,4.65
53688,17,0,2,2013,-0.25416666666666665,6.2,3.31,5.72
53689,17,1,2,2013,-0.9041666666666668,8.33,3.46,6.65
53690,17,2,2,2013,-1.4458333333333335,9.2,3.39,6.78
53691,17,3,2,2013,-1.5475,9.81,3.96,7.17
53692,17,4,2,2013,-1.7066666666666668,9.66,4.26,7.17
53693,17,5,2,2013,-1.7908333333333335,9.44,4.43,7.28
53694,17,6,2,2013,-1.91,7.33,4.43,7.22
53695,17,7,2,2013,-2.074166666666667,5.18,4.07,6.66
53696,17,8,2,2013,-2.2775,5.37,3.86,6.32
53697,17,9,2,2013,-2.215,4.32,3.17,5.43
53698,17,10,2,2013,-2.6216666666666666,5.0600000000000005,3.5700000000000003,5.82
53699,17,11,2,2013,-2.1650000000000005,3.67,2.96,4.84
53700,17,12,2,2013,-2.828333333333333,6.61,3.45,5.91
53701,17,13,2,2013,-2.3400000000000003,8.040000000000001,4.07,6.29
53702,17,14,2,2013,-0.7591666666666668,7.58,3.94,5.1000000000000005
53703,17,15,2,2013,1.2133333333333334,7.03,4.04,4.74
53704,17,16,2,2013,3.6,5.7700000000000005,4.59,5.42
53705,17,17,2,2013,5.331666666666666,6.68,5.25,6.24
53706,17,18,2,2013,7.074166666666667,7.6400000000000015,5.84,7.04
53707,17,19,2,2013,8.425833333333335,8.370000000000001,6.3,7.66
53708,17,20,2,2013,9.299166666666666,9.41,6.84,8.44
53709,17,21,2,2013,9.347499999999998,10.24,6.82,8.5
53710,17,22,2,2013,8.609166666666667,12.97,6.0200000000000005,9.12
53711,17,23,2,2013,7.435833333333334,15.77,7.55,11.48
53712,18,0,2,2013,7.0566666666666675,17.14,8.51,12.46
53713,18,1,2,2013,6.5475,18.12,9.0,13.05
53714,18,2,2,2013,6.513333333333333,18.12,9.34,13.26
53715,18,3,2,2013,5.997500000000001,17.19,8.66,12.47
53716,18,4,2,2013,5.932500000000001,17.5,8.16,12.09
53717,18,5,2,2013,6.864166666666667,18.51,9.01,13.13
53718,18,6,2,2013,7.454166666666667,18.88,9.9,14.02
53719,18,7,2,2013,7.150833333333332,18.81,9.9,13.98
53720,18,8,2,2013,6.548333333333335,18.31,9.23,13.27
53721,18,9,2,2013,6.2749999999999995,17.55,8.6,12.61
53722,18,10,2,2013,4.640833333333334,15.07,6.12,9.93
53723,18,11,2,2013,4.2941666666666665,11.3,4.75,8.02
53724,18,12,2,2013,2.5908333333333333,11.2,5.7700000000000005,8.39
53725,18,13,2,2013,1.7391666666666665,13.27,7.77,10.37
53726,18,14,2,2013,2.8258333333333336,14.1,9.75,12.27
53727,18,15,2,2013,3.5749999999999997,14.31,10.2,12.74
53728,18,16,2,2013,4.054166666666666,14.53,10.32,12.89
53729,18,17,2,2013,4.489166666666667,14.43,10.26,12.8
53730,18,18,2,2013,3.079166666666666,14.42,10.45,12.98
53731,18,19,2,2013,3.495833333333333,14.09,9.98,12.49
53732,18,20,2,2013,4.0375,14.82,10.49,13.14
53733,18,21,2,2013,3.279166666666667,15.69,11.13,13.94
53734,18,22,2,2013,2.441666666666667,15.24,10.58,13.39
53735,18,23,2,2013,1.2049999999999998,13.06,8.66,11.15
53736,19,0,2,2013,-0.32083333333333336,16.16,9.58,12.96
53737,19,1,2,2013,-1.0174999999999998,12.26,6.63,9.26
53738,19,2,2,2013,-1.5008333333333335,12.11,6.62,9.09
53739,19,3,2,2013,-1.8958333333333333,15.64,9.3,12.35
53740,19,4,2,2013,-2.3041666666666667,13.79,8.540000000000001,11.23
53741,19,5,2,2013,-2.4483333333333337,12.63,7.49,10.02
53742,19,6,2,2013,-2.7466666666666666,17.46,11.29,14.7
53743,19,7,2,2013,-3.1908333333333325,15.29,9.98,12.93
53744,19,8,2,2013,-3.6550000000000007,14.58,9.36,12.18
53745,19,9,2,2013,-4.328333333333334,13.34,8.8,11.4
53746,19,10,2,2013,-4.9775,12.68,8.43,10.9
53747,19,11,2,2013,-5.795833333333334,9.06,5.55,7.32
53748,19,12,2,2013,-6.531666666666667,14.39,8.69,11.52
53749,19,13,2,2013,-7.262499999999999,14.33,8.67,11.57
53750,19,14,2,2013,-7.195833333333334,9.86,7.08,8.77
53751,19,15,2,2013,-7.259999999999999,10.32,7.48,9.27
53752,19,16,2,2013,-6.716666666666666,9.88,7.17,8.85
53753,19,17,2,2013,-5.922499999999999,8.950000000000003,6.6000000000000005,8.06
53754,19,18,2,2013,-5.5133333333333345,10.4,7.7,9.42
53755,19,19,2,2013,-4.820833333333334,9.11,6.67,8.16
53756,19,20,2,2013,-4.284166666666667,8.71,6.42,7.84
53757,19,21,2,2013,-4.016666666666667,7.53,5.5600000000000005,6.78
53758,19,22,2,2013,-4.1258333333333335,6.45,4.75,5.82
53759,19,23,2,2013,-4.965,6.29,4.04,5.0600000000000005
53760,20,0,2,2013,-5.988333333333332,8.03,3.49,6.0600000000000005
53761,20,1,2,2013,-6.489166666666667,7.82,3.42,5.84
53762,20,2,2,2013,-6.91,7.8,3.65,5.57
53763,20,3,2,2013,-7.475833333333334,7.42,3.5700000000000003,5.29
53764,20,4,2,2013,-7.984999999999999,7.54,3.7,5.36
53765,20,5,2,2013,-8.623333333333333,6.2700000000000005,4.14,5.16
53766,20,6,2,2013,-9.754166666666666,6.91,4.69,5.89
53767,20,7,2,2013,-10.495833333333332,7.55,5.11,6.38
53768,20,8,2,2013,-10.875833333333333,5.9,4.48,5.43
53769,20,9,2,2013,-11.301666666666664,5.83,4.4,5.34
53770,20,10,2,2013,-11.738333333333332,5.45,4.2,5.0600000000000005
53771,20,11,2,2013,-11.9975,4.95,3.85,4.61
53772,20,12,2,2013,-12.330833333333336,5.12,4.0,4.8
53773,20,13,2,2013,-12.488333333333335,4.84,3.87,4.57
53774,20,14,2,2013,-12.005833333333333,5.38,4.3500000000000005,5.11
53775,20,15,2,2013,-10.918333333333335,5.18,4.17,4.9
53776,20,16,2,2013,-9.544166666666667,4.76,3.86,4.5200000000000005
53777,20,17,2,2013,-7.970833333333334,5.37,4.3,5.0600000000000005
53778,20,18,2,2013,-6.605833333333334,5.96,4.79,5.64
53779,20,19,2,2013,-5.371666666666666,6.11,4.82,5.7
53780,20,20,2,2013,-4.3691666666666675,6.48,5.07,6.03
53781,20,21,2,2013,-3.6874999999999996,6.45,4.96,5.95
53782,20,22,2,2013,-3.6225,7.09,5.33,6.5200000000000005
53783,20,23,2,2013,-4.1325,8.39,6.3100000000000005,7.75
53784,21,0,2,2013,-4.564166666666667,8.51,6.3900000000000015,7.84
53785,21,1,2,2013,-4.875,8.76,6.4,7.9
53786,21,2,2,2013,-5.153333333333333,8.950000000000003,6.5,8.05
53787,21,3,2,2013,-5.338333333333332,8.97,6.1400000000000015,7.71
53788,21,4,2,2013,-5.550833333333333,8.82,6.08,7.59
53789,21,5,2,2013,-5.636666666666667,9.25,6.63,8.22
53790,21,6,2,2013,-5.658333333333334,9.34,6.8500000000000005,8.43
53791,21,7,2,2013,-5.890833333333333,10.01,7.31,8.99
53792,21,8,2,2013,-6.422499999999999,10.21,7.32,9.07
53793,21,9,2,2013,-6.8725,10.35,7.16,8.96
53794,21,10,2,2013,-7.099166666666668,9.96,6.98,8.66
53795,21,11,2,2013,-7.135833333333334,10.01,7.33,9.02
53796,21,12,2,2013,-7.086666666666666,9.34,6.8500000000000005,8.45
53797,21,13,2,2013,-7.108333333333333,9.72,7.09,8.74
53798,21,14,2,2013,-7.228333333333334,10.93,8.05,9.88
53799,21,15,2,2013,-7.835000000000001,10.65,7.75,9.57
53800,21,16,2,2013,-7.552499999999999,9.89,7.35,8.98
53801,21,17,2,2013,-7.151666666666667,11.18,8.26,10.14
53802,21,18,2,2013,-6.676666666666667,11.66,8.66,10.6
53803,21,19,2,2013,-6.243333333333335,10.97,8.09,9.93
53804,21,20,2,2013,-5.7541666666666655,10.2,7.56,9.24
53805,21,21,2,2013,-5.299166666666667,9.17,6.74,8.26
53806,21,22,2,2013,-5.2475,8.33,5.76,7.11
53807,21,23,2,2013,-5.5441666666666665,9.13,6.0600000000000005,7.74
53808,22,0,2,2013,-5.649166666666666,8.81,5.96,7.58
53809,22,1,2,2013,-5.7558333333333325,8.69,5.91,7.5
53810,22,2,2,2013,-5.799166666666667,7.91,5.36,6.79
53811,22,3,2,2013,-5.8625,6.98,4.72,5.98
53812,22,4,2,2013,-5.961666666666667,5.26,3.35,4.3100000000000005
53813,22,5,2,2013,-5.987500000000001,4.37,2.68,3.52
53814,22,6,2,2013,-6.095,4.13,2.54,3.51
53815,22,7,2,2013,-7.098333333333334,4.2,2.6,4.21
53816,22,8,2,2013,-8.305000000000001,6.36,4.17,6.58
53817,22,9,2,2013,-8.663333333333334,7.9300000000000015,4.5200000000000005,7.29
53818,22,10,2,2013,-8.070000000000002,10.72,4.99,7.6
53819,22,11,2,2013,-7.841666666666666,11.65,5.8500000000000005,8.61
53820,22,12,2,2013,-8.161666666666667,12.04,6.36,9.05
53821,22,13,2,2013,-8.60416666666667,11.91,6.16,8.83
53822,22,14,2,2013,-8.185833333333333,10.08,5.91,7.97
53823,22,15,2,2013,-7.330000000000001,8.33,5.54,6.8500000000000005
53824,22,16,2,2013,-6.539166666666667,7.23,5.51,6.63
53825,22,17,2,2013,-5.788333333333334,7.81,5.94,7.15
53826,22,18,2,2013,-5.1033333333333335,7.24,5.47,6.6000000000000005
53827,22,19,2,2013,-4.576666666666666,6.96,5.2,6.3
53828,22,20,2,2013,-4.196666666666666,6.33,4.72,5.72
53829,22,21,2,2013,-4.033333333333334,6.04,4.46,5.44
53830,22,22,2,2013,-4.365,6.51,4.17,5.21
53831,22,23,2,2013,-6.107499999999999,7.19,3.72,6.37
53832,23,0,2,2013,-7.129166666666667,7.85,4.25,6.9
53833,23,1,2,2013,-7.9624999999999995,7.98,4.3100000000000005,6.91
53834,23,2,2,2013,-9.582500000000001,8.11,4.11,7.09
53835,23,3,2,2013,-10.103333333333332,7.55,3.51,6.7700000000000005
53836,23,4,2,2013,-9.823333333333332,7.4,4.49,7.28
53837,23,5,2,2013,-10.459166666666667,7.46,4.3,7.21
53838,23,6,2,2013,-10.753333333333336,7.3,4.2,6.97
53839,23,7,2,2013,-11.044166666666667,6.54,4.23,6.6400000000000015
53840,23,8,2,2013,-11.369166666666667,6.66,4.32,6.43
53841,23,9,2,2013,-12.117499999999998,6.5600000000000005,4.13,6.3900000000000015
53842,23,10,2,2013,-12.549166666666666,7.1000000000000005,4.18,6.7
53843,23,11,2,2013,-12.929999999999998,7.7,4.5600000000000005,7.15
53844,23,12,2,2013,-12.723333333333334,8.040000000000001,4.88,7.38
53845,23,13,2,2013,-12.0875,8.15,5.22,7.43
53846,23,14,2,2013,-10.628333333333336,8.08,5.14,6.62
53847,23,15,2,2013,-8.320833333333335,7.84,4.3100000000000005,5.7700000000000005
53848,23,16,2,2013,-5.666666666666667,7.54,4.2,4.89
53849,23,17,2,2013,-3.18,5.88,4.25,4.96
53850,23,18,2,2013,-1.7716666666666667,5.4,4.28,5.08
53851,23,19,2,2013,-1.3241666666666667,6.3500000000000005,4.97,5.94
53852,23,20,2,2013,-1.0958333333333334,6.87,5.25,6.3100000000000005
53853,23,21,2,2013,-0.9508333333333332,8.09,5.36,6.54
53854,23,22,2,2013,-1.2075,8.69,5.25,6.8100000000000005
53855,23,23,2,2013,-2.2975,11.25,6.2,8.98
53856,24,0,2,2013,-2.7375000000000003,12.13,6.98,9.75
53857,24,1,2,2013,-3.5533333333333332,12.46,6.93,9.68
53858,24,2,2,2013,-4.201666666666667,12.86,7.0,9.82
53859,24,3,2,2013,-4.825833333333334,13.18,6.88,9.71
53860,24,4,2,2013,-4.9191666666666665,13.14,7.08,9.91
53861,24,5,2,2013,-4.785833333333333,13.06,7.24,10.05
53862,24,6,2,2013,-5.074166666666667,12.24,6.66,9.37
53863,24,7,2,2013,-5.795833333333333,11.53,5.84,8.620000000000001
53864,24,8,2,2013,-5.78,10.98,5.5200000000000005,8.27
53865,24,9,2,2013,-5.815833333333333,9.22,5.14,7.77
53866,24,10,2,2013,-5.599166666666668,8.870000000000003,4.6000000000000005,7.36
53867,24,11,2,2013,-6.0825,6.36,3.84,5.73
53868,24,12,2,2013,-5.9425,5.92,3.44,5.57
53869,24,13,2,2013,-6.570833333333334,5.2,2.78,4.59
53870,24,14,2,2013,-7.291666666666667,5.69,1.68,3.33
53871,24,15,2,2013,-4.175833333333332,4.96,1.84,2.4
53872,24,16,2,2013,-2.1999999999999997,3.7,2.06,2.34
53873,24,17,2,2013,-0.8475000000000001,2.97,2.12,2.41
53874,24,18,2,2013,0.22916666666666666,3.01,2.57,2.92
53875,24,19,2,2013,0.8183333333333334,3.89,3.13,3.67
53876,24,20,2,2013,1.4325,4.23,3.34,3.97
53877,24,21,2,2013,1.6033333333333335,4.2,3.3000000000000003,3.93
53878,24,22,2,2013,1.1658333333333335,5.37,2.8000000000000003,4.57
53879,24,23,2,2013,-0.4116666666666667,7.03,3.0700000000000003,5.7
53880,25,0,2,2013,-0.8641666666666667,6.86,2.66,5.22
53881,25,1,2,2013,-2.0866666666666664,7.77,2.2,6.01
53882,25,2,2,2013,-2.7441666666666666,7.34,2.18,5.88
53883,25,3,2,2013,-2.9758333333333327,7.23,2.53,5.6000000000000005
53884,25,4,2,2013,-3.5174999999999996,7.18,2.78,5.46
53885,25,5,2,2013,-3.273333333333334,6.5200000000000005,3.19,5.3500000000000005
53886,25,6,2,2013,-3.063333333333333,6.3500000000000005,3.53,5.23
53887,25,7,2,2013,-2.8074999999999997,6.04,3.7,4.87
53888,25,8,2,2013,-2.65,6.53,3.94,5.4
53889,25,9,2,2013,-2.8208333333333333,7.42,4.2,5.92
53890,25,10,2,2013,-2.7091666666666665,7.66,4.72,6.24
53891,25,11,2,2013,-2.7783333333333338,7.69,4.46,5.98
53892,25,12,2,2013,-2.731666666666667,7.66,4.18,5.75
53893,25,13,2,2013,-2.938333333333334,7.84,4.46,6.11
53894,25,14,2,2013,-2.8691666666666666,7.63,4.3500000000000005,5.94
53895,25,15,2,2013,-2.1725000000000003,7.5,4.96,6.13
53896,25,16,2,2013,-0.8741666666666666,6.95,5.41,6.51
53897,25,17,2,2013,0.4266666666666667,8.120000000000001,6.22,7.55
53898,25,18,2,2013,1.5533333333333335,7.9,6.05,7.33
53899,25,19,2,2013,2.3041666666666667,8.28,6.17,7.59
53900,25,20,2,2013,2.829166666666667,8.28,6.16,7.59
53901,25,21,2,2013,3.065833333333334,8.44,5.8,7.25
53902,25,22,2,2013,2.825833333333333,8.790000000000001,5.28,7.17
53903,25,23,2,2013,2.024166666666667,9.47,4.32,7.03
53904,26,0,2,2013,1.4533333333333334,10.28,5.2700000000000005,7.65
53905,26,1,2,2013,1.1425,10.24,5.23,7.59
53906,26,2,2,2013,0.6675,9.4,5.2700000000000005,7.27
53907,26,3,2,2013,0.29083333333333333,9.23,5.3,7.24
53908,26,4,2,2013,0.056666666666666664,9.24,6.04,7.85
53909,26,5,2,2013,-0.13916666666666666,9.62,6.34,8.22
53910,26,6,2,2013,-0.24666666666666667,9.77,6.38,8.31
53911,26,7,2,2013,-0.24166666666666667,9.8,6.4,8.32
53912,26,8,2,2013,-0.28583333333333333,10.68,7.0,9.07
53913,26,9,2,2013,-0.6550000000000001,10.88,6.97,9.13
53914,26,10,2,2013,-0.9841666666666665,11.08,7.26,9.42
53915,26,11,2,2013,-1.1691666666666667,11.87,7.57,9.95
53916,26,12,2,2013,-1.3766666666666667,12.63,8.28,10.78
53917,26,13,2,2013,-1.6758333333333333,12.78,8.48,10.98
53918,26,14,2,2013,-1.9308333333333334,12.45,7.47,10.53
53919,26,15,2,2013,-1.7225000000000004,11.76,7.87,9.9
53920,26,16,2,2013,-1.3,11.35,7.9300000000000015,9.96
53921,26,17,2,2013,-0.9225000000000002,10.75,7.69,9.59
53922,26,18,2,2013,-0.5033333333333333,10.43,7.43,9.27
53923,26,19,2,2013,-0.18416666666666667,10.51,7.45,9.34
53924,26,20,2,2013,-0.0825,10.31,7.32,9.16
53925,26,21,2,2013,-0.06750000000000002,10.17,7.1000000000000005,8.92
53926,26,22,2,2013,-0.19500000000000003,10.71,6.46,8.57
53927,26,23,2,2013,-0.4675,10.73,6.97,9.08
53928,27,0,2,2013,-0.6991666666666667,11.37,7.28,9.55
53929,27,1,2,2013,-0.6908333333333333,10.7,6.67,8.81
53930,27,2,2,2013,-0.7466666666666667,10.1,6.3900000000000015,8.4
53931,27,3,2,2013,-0.9324999999999998,10.63,6.74,8.86
53932,27,4,2,2013,-1.0208333333333333,9.72,6.28,8.17
53933,27,5,2,2013,-1.1666666666666667,9.51,6.07,7.9300000000000015
53934,27,6,2,2013,-1.4566666666666668,9.52,6.05,7.9300000000000015
53935,27,7,2,2013,-1.8299999999999998,9.34,5.84,7.7
53936,27,8,2,2013,-2.144166666666667,9.34,5.75,7.63
53937,27,9,2,2013,-2.4475,9.56,5.78,7.67
53938,27,10,2,2013,-2.6916666666666664,10.18,6.12,8.21
53939,27,11,2,2013,-2.841666666666667,10.6,6.46,8.61
53940,27,12,2,2013,-3.0758333333333336,10.7,6.46,8.63
53941,27,13,2,2013,-3.1950000000000003,11.38,7.11,9.35
53942,27,14,2,2013,-2.8525000000000005,11.36,7.42,9.4
53943,27,15,2,2013,-2.4374999999999996,11.31,8.06,10.08
53944,27,16,2,2013,-1.8825,11.42,8.22,10.24
53945,27,17,2,2013,-1.1591666666666665,11.43,8.23,10.26
53946,27,18,2,2013,-0.3083333333333334,11.57,8.16,10.26
53947,27,19,2,2013,0.5058333333333334,11.51,8.11,10.21
53948,27,20,2,2013,1.2133333333333334,11.31,7.79,9.9
53949,27,21,2,2013,1.7983333333333331,10.69,6.88,8.98
53950,27,22,2,2013,1.9433333333333331,11.21,6.01,8.53
53951,27,23,2,2013,1.490833333333333,12.06,5.71,8.69
53952,28,0,2,2013,0.9333333333333335,12.55,6.01,9.1
53953,28,1,2,2013,0.28750000000000003,15.0,7.34,10.92
53954,28,2,2,2013,-0.5375,15.16,7.33,10.93
53955,28,3,2,2013,-1.0991666666666666,15.03,7.63,11.1
53956,28,4,2,2013,-1.6966666666666665,15.0,7.61,11.04
53957,28,5,2,2013,-2.0091666666666668,14.38,7.67,10.81
53958,28,6,2,2013,-2.4358333333333335,13.61,7.33,10.31
53959,28,7,2,2013,-2.9783333333333335,12.6,6.49,9.33
53960,28,8,2,2013,-3.4566666666666666,11.86,5.98,8.77
53961,28,9,2,2013,-3.8808333333333334,11.18,5.59,8.23
53962,28,10,2,2013,-4.175,11.37,5.66,8.26
53963,28,11,2,2013,-4.384166666666667,11.5,5.87,8.47
53964,28,12,2,2013,-4.661666666666668,11.06,5.45,7.96
53965,28,13,2,2013,-4.6608333333333345,10.94,5.37,7.72
53966,28,14,2,2013,-3.9475000000000002,9.08,6.1400000000000015,7.61
53967,28,15,2,2013,-3.1016666666666666,8.58,6.26,7.74
53968,28,16,2,2013,-2.2616666666666667,8.47,6.21,7.66
53969,28,17,2,2013,-1.4783333333333333,8.19,5.92,7.35
53970,28,18,2,2013,-0.82,7.94,5.7,7.1000000000000005
53971,28,19,2,2013,-0.27999999999999997,7.9,5.64,7.04
53972,28,20,2,2013,0.17333333333333334,7.91,5.6000000000000005,7.03
53973,28,21,2,2013,0.26999999999999996,7.63,5.39,6.75
53974,28,22,2,2013,0.0825,6.98,4.2,5.65
53975,28,23,2,2013,-0.8741666666666666,6.88,3.11,5.26
53976,1,0,3,2013,-1.7858333333333334,8.46,3.34,6.19
53977,1,1,3,2013,-1.8691666666666666,10.11,3.89,7.04
53978,1,2,3,2013,-1.7158333333333333,10.31,4.72,7.18
53979,1,3,3,2013,-2.424166666666667,10.65,4.04,6.97
53980,1,4,3,2013,-2.6666666666666674,10.17,4.44,7.0600000000000005
53981,1,5,3,2013,-2.671666666666667,9.7,4.71,6.97
53982,1,6,3,2013,-2.8816666666666673,8.84,4.32,6.41
53983,1,7,3,2013,-3.2183333333333333,7.9,4.0,5.8500000000000005
53984,1,8,3,2013,-3.4625,7.83,3.85,5.66
53985,1,9,3,2013,-3.3958333333333326,7.69,3.96,5.73
53986,1,10,3,2013,-3.5366666666666666,7.97,4.13,5.97
53987,1,11,3,2013,-3.67,8.72,4.63,6.63
53988,1,12,3,2013,-3.839166666666666,8.700000000000001,5.12,6.91
53989,1,13,3,2013,-3.924166666666667,8.55,5.73,7.2
53990,1,14,3,2013,-3.5183333333333326,8.17,5.95,7.37
53991,1,15,3,2013,-2.9600000000000004,8.15,5.94,7.35
53992,1,16,3,2013,-2.3608333333333333,8.94,6.5600000000000005,8.120000000000001
53993,1,17,3,2013,-1.7158333333333333,9.2,6.68,8.290000000000001
53994,1,18,3,2013,-1.1558333333333335,9.55,7.03,8.66
53995,1,19,3,2013,-0.25666666666666665,9.71,7.15,8.83
53996,1,20,3,2013,0.047499999999999994,9.58,7.1000000000000005,8.72
53997,1,21,3,2013,0.3833333333333333,8.93,6.62,8.14
53998,1,22,3,2013,0.47,9.44,6.76,8.5
53999,1,23,3,2013,-0.4333333333333333,10.0,6.15,7.82
54000,2,0,3,2013,-1.5483333333333331,10.05,5.33,8.22
54001,2,1,3,2013,-2.4099999999999997,11.4,4.17,7.29
54002,2,2,3,2013,-2.419166666666667,12.19,5.19,8.78
54003,2,3,3,2013,-2.890833333333333,10.33,5.11,8.1
54004,2,4,3,2013,-3.4358333333333335,9.88,4.9,7.98
54005,2,5,3,2013,-3.804166666666667,9.85,4.28,6.8100000000000005
54006,2,6,3,2013,-4.133333333333334,7.92,3.5500000000000003,6.19
54007,2,7,3,2013,-4.218333333333334,7.54,3.25,5.69
54008,2,8,3,2013,-4.230833333333334,7.6,3.72,6.04
54009,2,9,3,2013,-4.490833333333334,7.56,3.68,5.99
54010,2,10,3,2013,-4.801666666666667,6.17,3.29,5.45
54011,2,11,3,2013,-4.993333333333334,6.38,2.92,4.98
54012,2,12,3,2013,-5.158333333333334,5.4,2.69,4.73
54013,2,13,3,2013,-5.045833333333334,4.54,2.52,4.08
54014,2,14,3,2013,-4.44,3.52,2.62,3.2
54015,2,15,3,2013,-3.7025000000000006,3.31,2.58,3.0700000000000003
54016,2,16,3,2013,-2.7008333333333336,2.73,2.17,2.5500000000000003
54017,2,17,3,2013,-1.5558333333333332,2.26,1.83,2.13
54018,2,18,3,2013,-0.3791666666666667,1.91,1.56,1.8
54019,2,19,3,2013,0.7383333333333333,1.61,1.3,1.5
54020,2,20,3,2013,1.6266666666666663,1.91,1.59,1.83
54021,2,21,3,2013,2.1475,2.08,1.61,1.91
54022,2,22,3,2013,2.3174999999999994,2.17,1.62,1.97
54023,2,23,3,2013,1.301666666666667,3.8,1.06,2.24
54024,3,0,3,2013,-0.3675,5.0200000000000005,1.98,4.09
54025,3,1,3,2013,-0.8250000000000001,6.45,3.12,5.79
54026,3,2,3,2013,-1.035,8.34,3.66,6.49
54027,3,3,3,2013,-1.3325000000000002,8.45,4.05,6.8
54028,3,4,3,2013,-1.6341666666666665,9.11,4.44,7.15
54029,3,5,3,2013,-1.8591666666666669,9.99,4.7,7.35
54030,3,6,3,2013,-2.0625,10.5,5.04,7.58
54031,3,7,3,2013,-2.0641666666666665,10.93,5.29,7.81
54032,3,8,3,2013,-2.0391666666666666,11.21,5.51,8.03
54033,3,9,3,2013,-2.016666666666666,11.34,5.5600000000000005,8.08
54034,3,10,3,2013,-2.1108333333333333,11.28,5.55,8.03
54035,3,11,3,2013,-2.0799999999999996,11.38,5.65,8.120000000000001
54036,3,12,3,2013,-2.0733333333333337,11.38,5.65,8.13
54037,3,13,3,2013,-1.6308333333333334,11.06,6.0,8.05
54038,3,14,3,2013,-0.2608333333333333,9.68,5.57,7.0200000000000005
54039,3,15,3,2013,1.5841666666666665,6.79,5.19,6.22
54040,3,16,3,2013,3.3716666666666666,6.92,5.3100000000000005,6.38
54041,3,17,3,2013,5.078333333333334,7.11,5.4,6.51
54042,3,18,3,2013,6.536666666666668,7.32,5.5200000000000005,6.67
54043,3,19,3,2013,7.651666666666667,7.72,5.82,7.05
54044,3,20,3,2013,8.132500000000002,9.1,6.67,8.21
54045,3,21,3,2013,8.521666666666667,9.13,6.67,8.22
54046,3,22,3,2013,8.415,10.51,6.0200000000000005,7.9
54047,3,23,3,2013,7.330000000000001,10.81,5.64,8.08
54048,4,0,3,2013,6.5583333333333345,12.23,6.1400000000000015,8.9
54049,4,1,3,2013,6.168333333333333,12.41,6.24,8.950000000000003
54050,4,2,3,2013,5.927499999999999,12.4,6.28,9.0
54051,4,3,3,2013,5.635000000000001,11.88,6.2700000000000005,8.8
54052,4,4,3,2013,5.423333333333333,11.85,6.26,8.790000000000001
54053,4,5,3,2013,4.958333333333333,11.1,5.25,7.81
54054,4,6,3,2013,4.539166666666667,10.94,4.9,7.47
54055,4,7,3,2013,3.615,11.44,4.65,7.52
54056,4,8,3,2013,3.47,11.48,5.09,7.78
54057,4,9,3,2013,3.061666666666666,11.36,5.0,7.66
54058,4,10,3,2013,1.9474999999999998,11.01,4.07,6.83
54059,4,11,3,2013,1.5083333333333335,10.48,4.0200000000000005,6.36
54060,4,12,3,2013,1.64,9.9,4.5600000000000005,6.74
54061,4,13,3,2013,1.8041666666666665,8.9,4.26,5.86
54062,4,14,3,2013,2.8716666666666666,7.68,4.3100000000000005,5.78
54063,4,15,3,2013,4.322500000000001,4.22,3.25,3.86
54064,4,16,3,2013,5.881666666666667,2.48,2.04,2.34
54065,4,17,3,2013,7.280833333333334,1.86,1.72,1.88
54066,4,18,3,2013,8.555833333333332,3.0700000000000003,2.5500000000000003,2.93
54067,4,19,3,2013,9.384166666666667,3.4,2.88,3.28
54068,4,20,3,2013,9.818333333333333,4.15,3.23,3.83
54069,4,21,3,2013,10.151666666666667,5.92,4.42,5.36
54070,4,22,3,2013,9.895000000000001,6.57,5.03,6.19
54071,4,23,3,2013,9.128333333333334,7.56,5.1000000000000005,6.42
54072,5,0,3,2013,8.269166666666665,7.65,4.79,6.26
54073,5,1,3,2013,7.245833333333334,11.6,7.42,9.7
54074,5,2,3,2013,4.498333333333334,18.25,12.27,15.78
54075,5,3,3,2013,3.3383333333333334,14.59,10.14,12.79
54076,5,4,3,2013,4.1275,9.5,6.05,7.8
54077,5,5,3,2013,4.296666666666668,7.6400000000000015,4.12,5.83
54078,5,6,3,2013,4.265833333333334,8.14,4.36,6.22
54079,5,7,3,2013,2.8266666666666667,16.48,10.54,13.76
54080,5,8,3,2013,1.5391666666666666,15.43,9.42,12.57
54081,5,9,3,2013,-0.09500000000000001,14.52,8.93,11.83
54082,5,10,3,2013,-1.543333333333333,14.17,8.08,11.03
54083,5,11,3,2013,-1.9958333333333333,13.92,7.96,10.86
54084,5,12,3,2013,-2.2608333333333337,15.36,9.05,12.2
54085,5,13,3,2013,-2.1125,14.95,9.72,12.52
54086,5,14,3,2013,-1.4574999999999998,15.29,10.57,13.34
54087,5,15,3,2013,-0.9508333333333332,16.13,11.2,14.12
54088,5,16,3,2013,-0.43416666666666676,16.75,11.81,14.81
54089,5,17,3,2013,0.30083333333333334,15.6,11.06,13.84
54090,5,18,3,2013,1.1366666666666667,14.39,10.1,12.57
54091,5,19,3,2013,1.8149999999999997,15.38,10.7,13.46
54092,5,20,3,2013,2.1408333333333336,15.6,10.9,13.74
54093,5,21,3,2013,2.050833333333333,15.57,10.93,13.76
54094,5,22,3,2013,1.8625,15.12,10.59,13.33
54095,5,23,3,2013,1.1,13.5,9.15,11.65
54096,6,0,3,2013,0.04,13.05,6.92,10.04
54097,6,1,3,2013,-0.5916666666666667,13.91,7.33,10.51
54098,6,2,3,2013,-1.1475,13.03,6.87,9.84
54099,6,3,3,2013,-1.59,12.42,6.5200000000000005,9.26
54100,6,4,3,2013,-2.1091666666666664,12.2,6.3900000000000015,9.02
54101,6,5,3,2013,-2.5375,11.44,6.13,8.65
54102,6,6,3,2013,-2.8866666666666667,9.85,5.04,7.21
54103,6,7,3,2013,-3.135833333333333,9.52,5.3100000000000005,7.32
54104,6,8,3,2013,-3.4099999999999997,9.4,5.25,7.23
54105,6,9,3,2013,-3.714166666666667,9.06,5.2700000000000005,7.08
54106,6,10,3,2013,-4.131666666666667,8.78,5.0600000000000005,6.88
54107,6,11,3,2013,-4.429166666666667,8.370000000000001,4.32,6.4
54108,6,12,3,2013,-4.645833333333333,7.57,4.24,5.82
54109,6,13,3,2013,-4.7875000000000005,7.43,4.28,5.66
54110,6,14,3,2013,-4.205,5.43,4.08,4.94
54111,6,15,3,2013,-3.2383333333333333,4.39,3.44,4.08
54112,6,16,3,2013,-2.185833333333333,3.37,2.7,3.16
54113,6,17,3,2013,-1.0291666666666666,2.52,2.11,2.42
54114,6,18,3,2013,0.13083333333333336,1.5,1.36,1.5
54115,6,19,3,2013,1.195,1.08,0.9,1.02
54116,6,20,3,2013,2.111666666666667,1.46,1.18,1.36
54117,6,21,3,2013,2.7758333333333334,2.08,1.65,1.93
54118,6,22,3,2013,3.0349999999999997,3.13,2.38,2.89
54119,6,23,3,2013,2.1866666666666665,4.94,2.69,4.62
54120,7,0,3,2013,0.735,5.95,2.3000000000000003,4.88
54121,7,1,3,2013,0.11416666666666665,6.76,3.31,5.96
54122,7,2,3,2013,-0.41583333333333333,8.6,3.23,6.25
54123,7,3,3,2013,-0.8999999999999999,8.700000000000001,3.31,6.25
54124,7,4,3,2013,-1.2433333333333334,8.97,3.43,6.08
54125,7,5,3,2013,-1.2249999999999999,9.47,4.21,6.61
54126,7,6,3,2013,-1.3699999999999999,9.41,4.28,6.65
54127,7,7,3,2013,-1.6225000000000003,9.35,4.53,6.55
54128,7,8,3,2013,-1.8308333333333333,9.24,4.79,6.79
54129,7,9,3,2013,-2.124166666666667,9.16,5.19,7.03
54130,7,10,3,2013,-2.4475000000000002,9.34,5.54,7.38
54131,7,11,3,2013,-2.795,9.48,5.68,7.53
54132,7,12,3,2013,-2.9949999999999997,9.51,5.61,7.47
54133,7,13,3,2013,-2.8550000000000004,9.66,5.6000000000000005,7.46
54134,7,14,3,2013,-1.4125000000000003,7.68,5.62,6.75
54135,7,15,3,2013,0.5383333333333334,7.2,5.5600000000000005,6.66
54136,7,16,3,2013,2.748333333333333,7.42,5.68,6.82
54137,7,17,3,2013,4.969999999999999,7.97,6.0200000000000005,7.26
54138,7,18,3,2013,6.886666666666667,8.370000000000001,6.2700000000000005,7.61
54139,7,19,3,2013,8.296666666666669,8.700000000000001,6.45,7.88
54140,7,20,3,2013,9.178333333333333,9.17,6.7,8.23
54141,7,21,3,2013,9.873333333333333,9.85,7.07,8.77
54142,7,22,3,2013,9.920833333333333,9.9,7.04,8.790000000000001
54143,7,23,3,2013,8.496666666666666,9.78,4.86,7.0200000000000005
54144,8,0,3,2013,6.480833333333334,12.18,3.87,7.9
54145,8,1,3,2013,4.754166666666666,12.08,3.65,7.29
54146,8,2,3,2013,3.4150000000000005,12.29,3.02,6.98
54147,8,3,3,2013,2.2950000000000004,12.15,2.65,6.49
54148,8,4,3,2013,1.745,12.0,3.42,6.94
54149,8,5,3,2013,1.8083333333333336,11.93,3.77,7.24
54150,8,6,3,2013,1.8766666666666667,12.14,4.03,7.49
54151,8,7,3,2013,1.5283333333333333,12.05,3.97,7.24
54152,8,8,3,2013,1.2008333333333332,12.16,3.7,7.05
54153,8,9,3,2013,1.6783333333333335,12.65,4.26,7.6400000000000015
54154,8,10,3,2013,2.2266666666666666,12.81,4.74,8.1
54155,8,11,3,2013,1.8366666666666667,12.53,4.84,8.02
54156,8,12,3,2013,1.7691666666666663,13.45,5.68,8.9
54157,8,13,3,2013,3.2575000000000003,13.43,7.65,10.13
54158,8,14,3,2013,5.126666666666668,12.56,7.74,10.15
54159,8,15,3,2013,6.785833333333333,10.35,6.83,8.38
54160,8,16,3,2013,8.058333333333334,9.67,7.3900000000000015,8.870000000000003
54161,8,17,3,2013,9.43,9.24,6.82,8.28
54162,8,18,3,2013,12.359166666666667,9.91,7.25,8.9
54163,8,19,3,2013,13.24666666666667,10.64,7.77,9.57
54164,8,20,3,2013,13.718333333333334,11.0,8.01,9.86
54165,8,21,3,2013,13.259166666666665,10.69,7.16,9.16
54166,8,22,3,2013,12.793333333333335,11.57,6.54,8.99
54167,8,23,3,2013,12.149166666666668,11.59,6.45,8.950000000000003
54168,9,0,3,2013,11.677500000000002,13.3,7.6,10.38
54169,9,1,3,2013,11.49,13.18,7.52,10.25
54170,9,2,3,2013,11.273333333333333,12.77,7.0200000000000005,9.72
54171,9,3,3,2013,10.779166666666663,13.44,7.36,10.28
54172,9,4,3,2013,10.318333333333332,13.9,7.72,10.7
54173,9,5,3,2013,9.924166666666666,15.07,8.86,11.95
54174,9,6,3,2013,9.631666666666666,14.99,9.12,12.18
54175,9,7,3,2013,9.336666666666666,15.02,9.21,12.25
54176,9,8,3,2013,8.9475,14.57,8.94,11.89
54177,9,9,3,2013,8.013333333333332,13.89,7.69,10.67
54178,9,10,3,2013,7.7700000000000005,13.94,7.99,10.97
54179,9,11,3,2013,8.040000000000001,14.89,8.97,12.08
54180,9,12,3,2013,8.645833333333334,15.73,9.96,13.09
54181,9,13,3,2013,8.939166666666667,15.64,9.82,12.9
54182,9,14,3,2013,9.335833333333333,17.06,11.05,14.45
54183,9,15,3,2013,9.4275,14.96,9.57,12.46
54184,9,16,3,2013,10.455833333333333,12.88,8.18,10.35
54185,9,17,3,2013,11.9525,12.72,9.13,11.33
54186,9,18,3,2013,12.211666666666668,13.28,9.52,11.81
54187,9,19,3,2013,12.658333333333333,12.96,9.16,11.47
54188,9,20,3,2013,13.336666666666666,12.52,9.16,11.29
54189,9,21,3,2013,13.584166666666667,10.66,7.73,9.59
54190,9,22,3,2013,13.004999999999997,10.04,7.38,9.09
54191,9,23,3,2013,12.77833333333333,14.0,8.870000000000003,11.65
54192,10,0,3,2013,12.500833333333333,14.93,9.53,12.44
54193,10,1,3,2013,12.204166666666666,13.57,8.11,10.85
54194,10,2,3,2013,11.923333333333334,11.92,7.19,9.58
54195,10,3,3,2013,11.725833333333332,11.19,6.43,8.73
54196,10,4,3,2013,11.915833333333333,9.2,5.2700000000000005,7.15
54197,10,5,3,2013,10.295833333333333,11.04,7.69,9.62
54198,10,6,3,2013,7.398333333333333,10.76,7.52,9.36
54199,10,7,3,2013,6.147500000000001,10.07,7.11,8.91
54200,10,8,3,2013,5.388333333333333,11.48,8.14,10.21
54201,10,9,3,2013,3.7624999999999997,12.41,8.75,10.97
54202,10,10,3,2013,3.0316666666666667,13.18,9.44,11.71
54203,10,11,3,2013,2.4999999999999996,13.73,9.59,12.03
54204,10,12,3,2013,1.8341666666666667,12.67,8.81,11.06
54205,10,13,3,2013,1.05,14.01,9.68,12.3
54206,10,14,3,2013,-0.14416666666666664,14.27,9.96,12.56
54207,10,15,3,2013,-0.8666666666666668,14.49,10.15,12.81
54208,10,16,3,2013,-0.9808333333333331,14.48,10.23,12.88
54209,10,17,3,2013,-1.1075000000000002,13.76,9.82,12.3
54210,10,18,3,2013,-1.095,14.49,10.28,12.93
54211,10,19,3,2013,-1.1458333333333335,14.91,10.57,13.29
54212,10,20,3,2013,-1.1316666666666666,15.12,10.64,13.39
54213,10,21,3,2013,-0.9108333333333333,14.45,10.19,12.84
54214,10,22,3,2013,-0.9233333333333333,15.14,10.41,13.24
54215,10,23,3,2013,-1.545,16.27,10.68,13.79
54216,11,0,3,2013,-1.93,14.56,9.13,11.89
54217,11,1,3,2013,-2.2291666666666665,13.45,8.46,11.02
54218,11,2,3,2013,-2.375,12.49,7.83,10.14
54219,11,3,3,2013,-2.51,11.91,7.32,9.55
54220,11,4,3,2013,-2.7100000000000004,13.5,8.88,11.47
54221,11,5,3,2013,-3.6116666666666664,14.27,9.19,11.86
54222,11,6,3,2013,-3.8158333333333334,12.91,8.31,10.63
54223,11,7,3,2013,-3.991666666666667,11.49,7.44,9.68
54224,11,8,3,2013,-4.1775,11.38,7.35,9.47
54225,11,9,3,2013,-5.1725,10.94,7.69,9.68
54226,11,10,3,2013,-6.086666666666667,10.73,7.1400000000000015,9.01
54227,11,11,3,2013,-6.920833333333333,10.82,6.95,9.03
54228,11,12,3,2013,-7.3549999999999995,10.31,6.19,8.27
54229,11,13,3,2013,-7.353333333333333,10.04,6.2700000000000005,7.96
54230,11,14,3,2013,-6.473333333333333,8.81,6.5600000000000005,8.02
54231,11,15,3,2013,-5.1775,8.620000000000001,6.45,7.86
54232,11,16,3,2013,-3.9250000000000003,8.0,5.98,7.29
54233,11,17,3,2013,-2.664166666666667,8.11,6.03,7.34
54234,11,18,3,2013,-1.4083333333333332,7.98,5.92,7.21
54235,11,19,3,2013,-0.16916666666666666,7.41,5.47,6.66
54236,11,20,3,2013,0.8308333333333334,6.99,5.16,6.29
54237,11,21,3,2013,1.64,6.8900000000000015,5.0,6.1400000000000015
54238,11,22,3,2013,2.0700000000000003,6.8100000000000005,4.8500000000000005,6.0200000000000005
54239,11,23,3,2013,1.4083333333333332,5.98,3.59,4.82
54240,12,0,3,2013,0.1125,6.0200000000000005,2.08,4.36
54241,12,1,3,2013,0.003333333333333336,5.5,2.0,4.03
54242,12,2,3,2013,0.08,5.72,2.91,4.8
54243,12,3,3,2013,0.21083333333333334,6.8500000000000005,3.72,5.7
54244,12,4,3,2013,0.3066666666666667,11.32,4.8100000000000005,8.03
54245,12,5,3,2013,0.665,12.12,5.68,8.81
54246,12,6,3,2013,1.3741666666666665,11.91,5.64,8.68
54247,12,7,3,2013,0.3341666666666667,11.13,4.51,7.92
54248,12,8,3,2013,-0.66,10.36,4.13,7.36
54249,12,9,3,2013,-0.24999999999999997,10.94,4.43,7.41
54250,12,10,3,2013,0.2683333333333333,10.96,5.33,8.26
54251,12,11,3,2013,-0.12416666666666669,12.09,5.59,8.51
54252,12,12,3,2013,-0.45333333333333337,12.95,5.47,8.42
54253,12,13,3,2013,0.39749999999999996,13.54,8.4,10.97
54254,12,14,3,2013,1.375,12.46,7.88,10.18
54255,12,15,3,2013,1.6983333333333333,13.03,9.16,11.46
54256,12,16,3,2013,2.1775,12.81,9.04,11.26
54257,12,17,3,2013,2.478333333333333,14.26,10.01,12.53
54258,12,18,3,2013,2.8025000000000007,13.3,9.29,11.66
54259,12,19,3,2013,2.8725000000000005,14.08,9.78,12.3
54260,12,20,3,2013,2.9883333333333337,13.75,9.59,12.04
54261,12,21,3,2013,3.0583333333333336,12.85,8.97,11.24
54262,12,22,3,2013,2.8075000000000006,12.44,8.64,10.85
54263,12,23,3,2013,1.7750000000000001,11.36,7.6400000000000015,9.76
54264,13,0,3,2013,0.36833333333333335,10.97,4.48,7.72
54265,13,1,3,2013,-0.30583333333333335,12.34,4.75,8.22
54266,13,2,3,2013,-0.48500000000000004,12.68,5.29,8.59
54267,13,3,3,2013,-1.0583333333333333,12.96,5.6000000000000005,8.8
54268,13,4,3,2013,-1.7125000000000001,12.76,5.12,8.38
54269,13,5,3,2013,-2.2399999999999998,10.1,4.89,7.54
54270,13,6,3,2013,-2.664166666666666,10.44,4.51,7.08
54271,13,7,3,2013,-2.9616666666666664,9.98,4.78,7.2
54272,13,8,3,2013,-3.329166666666667,9.54,4.54,6.8900000000000015
54273,13,9,3,2013,-3.653333333333333,8.620000000000001,3.54,5.83
54274,13,10,3,2013,-3.9233333333333333,8.17,3.18,5.41
54275,13,11,3,2013,-4.203333333333334,7.96,3.69,5.89
54276,13,12,3,2013,-4.388333333333334,7.63,3.5500000000000003,5.5
54277,13,13,3,2013,-4.0216666666666665,6.26,3.64,4.68
54278,13,14,3,2013,-3.09,4.7700000000000005,3.62,4.34
54279,13,15,3,2013,-2.0191666666666666,3.18,2.49,2.95
54280,13,16,3,2013,-0.7408333333333332,2.01,1.61,1.87
54281,13,17,3,2013,0.49500000000000005,1.14,0.98,1.1
54282,13,18,3,2013,1.6849999999999998,1.35,1.14,1.29
54283,13,19,3,2013,2.838333333333333,2.04,1.59,1.86
54284,13,20,3,2013,3.8974999999999995,2.08,1.64,1.92
54285,13,21,3,2013,4.659999999999999,3.04,2.34,2.79
54286,13,22,3,2013,5.031666666666667,3.76,2.7,3.3200000000000003
54287,13,23,3,2013,4.291666666666667,4.55,2.44,4.07
54288,14,0,3,2013,2.7841666666666662,7.07,2.88,6.03
54289,14,1,3,2013,2.0500000000000003,8.0,3.69,6.93
54290,14,2,3,2013,1.9275,10.4,4.38,7.78
54291,14,3,3,2013,1.9375,12.11,5.14,8.49
54292,14,4,3,2013,1.6550000000000002,13.33,6.0,9.28
54293,14,5,3,2013,1.6524999999999999,14.2,6.65,10.01
54294,14,6,3,2013,1.4591666666666665,14.48,6.93,10.21
54295,14,7,3,2013,1.6508333333333336,14.74,7.23,10.54
54296,14,8,3,2013,2.1625,15.02,7.6400000000000015,10.96
54297,14,9,3,2013,2.8033333333333332,15.31,8.14,11.49
54298,14,10,3,2013,2.9150000000000005,15.91,8.17,11.62
54299,14,11,3,2013,3.145,15.76,7.97,11.49
54300,14,12,3,2013,3.1508333333333334,15.18,7.83,11.3
54301,14,13,3,2013,3.6425,13.46,6.91,9.43
54302,14,14,3,2013,5.276666666666666,11.23,6.23,8.41
54303,14,15,3,2013,7.521666666666666,6.8500000000000005,4.2,5.09
54304,14,16,3,2013,9.660833333333333,4.79,3.74,4.43
54305,14,17,3,2013,12.108333333333334,4.38,3.44,4.07
54306,14,18,3,2013,13.939166666666665,4.42,3.47,4.1
54307,14,19,3,2013,15.103333333333332,4.3500000000000005,3.4,4.03
54308,14,20,3,2013,15.92,4.42,3.51,4.15
54309,14,21,3,2013,16.0125,4.55,3.62,4.28
54310,14,22,3,2013,15.7675,4.22,3.28,3.95
54311,14,23,3,2013,14.475833333333332,4.3500000000000005,2.89,4.39
54312,15,0,3,2013,12.585000000000003,4.2,2.65,4.68
54313,15,1,3,2013,11.121666666666668,3.81,2.08,4.0
54314,15,2,3,2013,10.034166666666666,2.88,1.0,2.12
54315,15,3,3,2013,9.195833333333333,2.05,0.46,1.24
54316,15,4,3,2013,8.816666666666666,1.42,1.11,1.28
54317,15,5,3,2013,8.573333333333332,1.62,1.38,2.11
54318,15,6,3,2013,8.176666666666668,3.23,2.38,3.66
54319,15,7,3,2013,7.9675,6.26,3.76,6.04
54320,15,8,3,2013,8.318333333333335,8.81,4.96,7.8900000000000015
54321,15,9,3,2013,8.633333333333335,10.28,5.53,8.75
54322,15,10,3,2013,7.724166666666665,11.91,5.84,9.3
54323,15,11,3,2013,7.8999999999999995,13.06,6.5,9.92
54324,15,12,3,2013,8.309166666666666,13.76,6.97,10.56
54325,15,13,3,2013,9.88916666666667,13.3,7.47,10.42
54326,15,14,3,2013,11.813333333333333,13.06,7.45,9.88
54327,15,15,3,2013,14.498333333333333,12.56,7.6400000000000015,10.24
54328,15,16,3,2013,16.72,10.27,7.1000000000000005,8.53
54329,15,17,3,2013,18.826666666666668,8.76,6.69,8.0
54330,15,18,3,2013,20.891666666666666,7.3,5.54,6.67
54331,15,19,3,2013,22.275000000000002,7.59,5.57,6.78
54332,15,20,3,2013,22.901666666666667,7.48,5.5,6.68
54333,15,21,3,2013,23.568333333333328,6.1400000000000015,4.46,5.44
54334,15,22,3,2013,23.627499999999998,5.78,4.1,5.08
54335,15,23,3,2013,21.788333333333338,7.32,2.98,5.73
54336,16,0,3,2013,18.166666666666668,10.6,3.99,7.1400000000000015
54337,16,1,3,2013,14.098333333333331,10.75,5.8500000000000005,8.11
54338,16,2,3,2013,10.650833333333333,10.43,5.7,7.91
54339,16,3,3,2013,8.775833333333333,11.05,6.3100000000000005,8.370000000000001
54340,16,4,3,2013,6.7,9.6,6.63,8.03
54341,16,5,3,2013,5.584166666666668,13.06,9.16,11.36
54342,16,6,3,2013,4.870833333333334,13.31,9.23,11.61
54343,16,7,3,2013,4.826666666666666,11.61,8.21,10.21
54344,16,8,3,2013,4.485833333333333,11.55,8.16,10.14
54345,16,9,3,2013,4.200833333333333,11.38,7.83,9.84
54346,16,10,3,2013,3.783333333333333,13.33,8.88,11.33
54347,16,11,3,2013,2.709166666666667,13.28,9.29,11.61
54348,16,12,3,2013,2.0549999999999997,13.17,8.790000000000001,11.08
54349,16,13,3,2013,1.6058333333333332,12.32,8.84,10.98
54350,16,14,3,2013,1.4533333333333331,11.06,8.01,9.93
54351,16,15,3,2013,1.685833333333333,10.88,8.27,10.02
54352,16,16,3,2013,2.5583333333333336,11.21,8.51,10.3
54353,16,17,3,2013,3.393333333333333,9.93,7.47,9.06
54354,16,18,3,2013,4.205000000000001,8.74,6.66,8.01
54355,16,19,3,2013,5.1033333333333335,7.5,5.73,6.87
54356,16,20,3,2013,5.740833333333334,7.54,5.71,6.88
54357,16,21,3,2013,6.1875,7.48,5.67,6.82
54358,16,22,3,2013,6.2008333333333345,8.18,6.15,7.48
54359,16,23,3,2013,5.7925,7.97,5.87,7.22
54360,17,0,3,2013,5.504166666666667,7.26,5.22,6.47
54361,17,1,3,2013,4.724166666666668,8.0,5.8100000000000005,7.21
54362,17,2,3,2013,3.9466666666666668,8.47,6.18,7.66
54363,17,3,3,2013,3.065,7.6400000000000015,5.64,6.94
54364,17,4,3,2013,2.3333333333333335,7.4,5.45,6.71
54365,17,5,3,2013,1.5791666666666668,7.31,5.49,6.7
54366,17,6,3,2013,0.8358333333333334,7.56,5.71,6.95
54367,17,7,3,2013,0.15666666666666665,7.98,5.98,7.3
54368,17,8,3,2013,-0.38916666666666666,8.32,6.23,7.61
54369,17,9,3,2013,-0.9341666666666667,8.02,5.94,7.28
54370,17,10,3,2013,-1.5091666666666665,8.34,6.21,7.6
54371,17,11,3,2013,-1.9116666666666668,7.96,5.91,7.25
54372,17,12,3,2013,-2.1141666666666667,8.15,6.1000000000000005,7.45
54373,17,13,3,2013,-2.355,8.2,6.13,7.49
54374,17,14,3,2013,-1.82,7.36,5.67,6.79
54375,17,15,3,2013,-0.8958333333333334,7.34,5.66,6.78
54376,17,16,3,2013,0.425,6.97,5.39,6.43
54377,17,17,3,2013,1.8541666666666667,6.8100000000000005,5.29,6.29
54378,17,18,3,2013,3.1925000000000003,6.5600000000000005,5.1000000000000005,6.0600000000000005
54379,17,19,3,2013,4.429166666666666,6.7,5.14,6.15
54380,17,20,3,2013,4.945833333333333,7.38,5.59,6.75
54381,17,21,3,2013,5.135833333333333,7.73,5.83,7.07
54382,17,22,3,2013,4.944166666666666,7.96,5.87,7.18
54383,17,23,3,2013,4.0858333333333325,7.98,5.82,7.21
54384,18,0,3,2013,3.4025,7.59,5.53,6.84
54385,18,1,3,2013,2.5650000000000004,7.7,5.28,6.54
54386,18,2,3,2013,2.3825,6.92,4.91,5.99
54387,18,3,3,2013,2.4283333333333337,7.72,5.17,6.55
54388,18,4,3,2013,1.6825,7.47,4.86,6.24
54389,18,5,3,2013,1.4174999999999998,6.53,3.44,5.16
54390,18,6,3,2013,1.1083333333333332,5.48,2.85,4.16
54391,18,7,3,2013,1.0466666666666666,3.86,2.56,3.45
54392,18,8,3,2013,1.02,3.42,2.37,2.85
54393,18,9,3,2013,1.0616666666666665,5.45,2.99,4.17
54394,18,10,3,2013,1.2375,6.5200000000000005,3.91,5.11
54395,18,11,3,2013,1.3958333333333333,9.7,4.5200000000000005,6.97
54396,18,12,3,2013,1.265,11.94,6.74,9.18
54397,18,13,3,2013,2.3158333333333334,11.92,7.48,9.76
54398,18,14,3,2013,3.6675,13.69,9.44,11.87
54399,18,15,3,2013,3.9124999999999996,14.33,10.12,12.65
54400,18,16,3,2013,4.77,14.52,10.23,12.81
54401,18,17,3,2013,5.5475,14.45,10.24,12.78
54402,18,18,3,2013,6.2475,14.54,10.28,12.79
54403,18,19,3,2013,6.935,13.36,9.48,11.72
54404,18,20,3,2013,7.596666666666667,12.38,8.77,10.9
54405,18,21,3,2013,7.935833333333334,12.76,8.98,11.2
54406,18,22,3,2013,7.392499999999999,12.73,8.94,11.18
54407,18,23,3,2013,6.456666666666666,12.03,8.24,10.45
54408,19,0,3,2013,4.700833333333333,11.84,5.91,8.36
54409,19,1,3,2013,3.760833333333334,12.28,5.67,8.66
54410,19,2,3,2013,2.5441666666666665,11.65,4.8500000000000005,7.71
54411,19,3,3,2013,1.4666666666666668,12.41,4.91,8.4
54412,19,4,3,2013,0.5041666666666665,10.74,4.5200000000000005,7.73
54413,19,5,3,2013,0.47500000000000003,9.99,4.48,6.48
54414,19,6,3,2013,-0.25833333333333336,5.95,3.58,4.8500000000000005
54415,19,7,3,2013,-0.5425,6.36,3.72,4.96
54416,19,8,3,2013,-0.7466666666666667,7.26,3.95,5.32
54417,19,9,3,2013,-1.005,7.34,4.23,5.63
54418,19,10,3,2013,-1.1249999999999998,5.97,3.11,4.3
54419,19,11,3,2013,-1.2833333333333334,4.92,2.49,3.39
54420,19,12,3,2013,-1.3975,2.76,1.56,2.0
54421,19,13,3,2013,-1.2541666666666664,2.37,1.44,1.68
54422,19,14,3,2013,-0.44416666666666665,1.22,0.94,1.1
54423,19,15,3,2013,0.9583333333333335,1.54,1.27,1.46
54424,19,16,3,2013,2.5725,2.52,2.02,2.34
54425,19,17,3,2013,3.981666666666667,3.17,2.46,2.88
54426,19,18,3,2013,5.323333333333333,3.09,2.39,2.8000000000000003
54427,19,19,3,2013,6.775000000000001,4.43,3.23,3.9
54428,19,20,3,2013,8.15,5.04,3.7,4.5
54429,19,21,3,2013,9.155833333333334,6.25,4.44,5.46
54430,19,22,3,2013,9.518333333333333,7.55,4.93,6.33
54431,19,23,3,2013,8.625833333333334,10.72,7.31,9.41
54432,20,0,3,2013,6.541666666666667,9.36,4.3500000000000005,6.91
54433,20,1,3,2013,5.4175,8.91,4.15,6.55
54434,20,2,3,2013,4.302499999999999,9.15,3.89,6.44
54435,20,3,3,2013,3.877500000000001,10.37,4.8,7.43
54436,20,4,3,2013,1.7291666666666667,10.32,6.61,8.39
54437,20,5,3,2013,-0.35250000000000004,9.4,6.11,7.79
54438,20,6,3,2013,-1.8158333333333332,11.05,7.25,9.31
54439,20,7,3,2013,-2.795833333333334,10.44,5.82,7.84
54440,20,8,3,2013,-3.4149999999999996,9.49,6.23,8.06
54441,20,9,3,2013,-3.99,7.42,4.96,6.3100000000000005
54442,20,10,3,2013,-4.3500000000000005,8.76,5.55,7.17
54443,20,11,3,2013,-4.776666666666666,13.23,8.6,11.05
54444,20,12,3,2013,-5.498333333333334,12.68,8.52,10.84
54445,20,13,3,2013,-5.625,10.75,7.6400000000000015,9.52
54446,20,14,3,2013,-5.259166666666667,8.41,6.12,7.53
54447,20,15,3,2013,-4.5216666666666665,8.67,6.3100000000000005,7.74
54448,20,16,3,2013,-3.5250000000000004,7.29,5.43,6.57
54449,20,17,3,2013,-2.408333333333333,7.85,5.8,7.0600000000000005
54450,20,18,3,2013,-1.2658333333333334,7.86,5.83,7.11
54451,20,19,3,2013,-0.24,7.53,5.57,6.78
54452,20,20,3,2013,0.5625,7.27,5.37,6.5200000000000005
54453,20,21,3,2013,1.153333333333333,6.29,4.68,5.67
54454,20,22,3,2013,1.3708333333333336,5.98,4.42,5.37
54455,20,23,3,2013,0.8658333333333336,5.61,4.07,5.0200000000000005
54456,21,0,3,2013,-0.8741666666666665,5.89,2.4,5.08
54457,21,1,3,2013,-1.995,5.8500000000000005,2.15,4.76
54458,21,2,3,2013,-2.8825,5.72,1.25,4.03
54459,21,3,3,2013,-3.295,5.2,1.41,4.09
54460,21,4,3,2013,-3.7549999999999994,5.61,1.97,4.68
54461,21,5,3,2013,-4.1075,6.8100000000000005,2.89,4.93
54462,21,6,3,2013,-4.4075,6.66,3.51,4.74
54463,21,7,3,2013,-4.710833333333333,6.3900000000000015,4.13,5.04
54464,21,8,3,2013,-5.0075,5.88,4.28,5.11
54465,21,9,3,2013,-5.035833333333334,5.65,4.36,5.17
54466,21,10,3,2013,-4.960833333333333,5.89,4.54,5.44
54467,21,11,3,2013,-5.091666666666668,6.3100000000000005,4.88,5.8500000000000005
54468,21,12,3,2013,-5.230833333333334,6.33,4.91,5.89
54469,21,13,3,2013,-4.999166666666667,6.63,5.11,6.13
54470,21,14,3,2013,-4.346666666666667,6.8900000000000015,5.36,6.4
54471,21,15,3,2013,-3.3874999999999993,6.82,5.2700000000000005,6.3100000000000005
54472,21,16,3,2013,-3.015,6.34,4.8,5.78
54473,21,17,3,2013,-1.7883333333333338,6.62,5.1000000000000005,6.08
54474,21,18,3,2013,-0.46,6.87,5.32,6.33
54475,21,19,3,2013,0.40166666666666667,7.29,5.66,6.76
54476,21,20,3,2013,1.1541666666666668,7.12,5.51,6.58
54477,21,21,3,2013,1.5233333333333334,7.21,5.62,6.7
54478,21,22,3,2013,1.7558333333333334,7.21,5.42,6.61
54479,21,23,3,2013,1.5016666666666667,7.86,5.58,6.8900000000000015
54480,22,0,3,2013,1.1983333333333333,8.51,4.63,6.96
54481,22,1,3,2013,0.15166666666666667,6.95,2.5500000000000003,4.71
54482,22,2,3,2013,-0.19583333333333333,6.23,2.16,4.0
54483,22,3,3,2013,-0.8416666666666668,6.05,1.87,3.75
54484,22,4,3,2013,-0.7675000000000001,5.43,2.62,3.8
54485,22,5,3,2013,-0.7174999999999999,5.3,2.86,4.0600000000000005
54486,22,6,3,2013,-0.8483333333333335,6.61,4.05,5.36
54487,22,7,3,2013,-1.2441666666666666,6.8100000000000005,4.38,5.65
54488,22,8,3,2013,-1.5483333333333331,6.5200000000000005,4.0600000000000005,5.21
54489,22,9,3,2013,-1.735,5.73,4.0,4.98
54490,22,10,3,2013,-1.9725000000000001,4.7700000000000005,3.69,4.45
54491,22,11,3,2013,-2.778333333333333,4.9,3.79,4.5600000000000005
54492,22,12,3,2013,-3.8125,4.76,3.7,4.43
54493,22,13,3,2013,-3.804166666666667,4.84,3.81,4.53
54494,22,14,3,2013,-3.2533333333333325,4.39,3.45,4.09
54495,22,15,3,2013,-2.3116666666666665,4.37,3.49,4.08
54496,22,16,3,2013,-0.8933333333333334,4.28,3.43,4.01
54497,22,17,3,2013,0.5875,4.04,3.27,3.81
54498,22,18,3,2013,1.67,4.03,3.28,3.81
54499,22,19,3,2013,2.9949999999999997,3.74,3.21,3.64
54500,22,20,3,2013,3.920833333333334,3.61,3.04,3.47
54501,22,21,3,2013,4.5408333333333335,3.25,2.77,3.15
54502,22,22,3,2013,5.118333333333334,2.86,2.39,2.72
54503,22,23,3,2013,5.0925,3.76,2.9,3.46
54504,23,0,3,2013,4.085000000000001,4.49,2.15,3.36
54505,23,1,3,2013,3.341666666666667,5.62,2.19,4.24
54506,23,2,3,2013,2.685,5.63,2.65,5.32
54507,23,3,3,2013,1.613333333333333,7.08,2.5,4.61
54508,23,4,3,2013,0.3574999999999999,8.63,2.94,6.41
54509,23,5,3,2013,-0.47,8.700000000000001,2.62,5.47
54510,23,6,3,2013,-1.125,8.26,2.01,5.45
54511,23,7,3,2013,-1.4066666666666665,8.43,2.89,5.51
54512,23,8,3,2013,-2.013333333333333,8.18,2.44,4.89
54513,23,9,3,2013,-2.145,7.88,2.56,4.53
54514,23,10,3,2013,-1.9966666666666668,7.12,3.77,4.72
54515,23,11,3,2013,-2.859166666666667,7.65,2.45,4.4
54516,23,12,3,2013,-3.0374999999999996,7.53,2.83,5.0200000000000005
54517,23,13,3,2013,-2.023333333333334,6.3900000000000015,3.79,4.55
54518,23,14,3,2013,-0.9683333333333333,5.42,4.23,5.03
54519,23,15,3,2013,0.19000000000000003,6.91,5.3100000000000005,6.37
54520,23,16,3,2013,1.288333333333333,8.55,6.48,7.8
54521,23,17,3,2013,2.4658333333333333,8.66,6.59,7.9300000000000015
54522,23,18,3,2013,3.1950000000000003,8.25,6.2,7.5
54523,23,19,3,2013,3.02,8.06,6.21,7.41
54524,23,20,3,2013,2.355833333333333,9.11,7.0200000000000005,8.49
54525,23,21,3,2013,1.375,9.52,7.21,8.76
54526,23,22,3,2013,0.9683333333333333,10.26,7.54,9.31
54527,23,23,3,2013,0.4583333333333333,10.03,7.24,8.98
54528,24,0,3,2013,-0.034999999999999996,10.17,6.42,8.44
54529,24,1,3,2013,-0.23916666666666672,9.95,6.01,7.82
54530,24,2,3,2013,-0.47750000000000004,11.23,6.5600000000000005,8.620000000000001
54531,24,3,3,2013,-0.7133333333333334,11.8,6.97,9.41
54532,24,4,3,2013,-1.2491666666666668,12.68,7.53,9.92
54533,24,5,3,2013,-2.0183333333333335,13.53,8.22,10.78
54534,24,6,3,2013,-2.4291666666666667,11.64,7.13,9.33
54535,24,7,3,2013,-2.92,13.03,7.81,10.57
54536,24,8,3,2013,-3.4299999999999997,14.23,8.39,11.17
54537,24,9,3,2013,-3.4691666666666663,10.93,6.3900000000000015,9.18
54538,24,10,3,2013,-3.686666666666666,13.27,7.22,9.84
54539,24,11,3,2013,-3.784166666666666,12.49,6.78,9.99
54540,24,12,3,2013,-3.794166666666667,12.02,7.4,9.62
54541,24,13,3,2013,-3.620833333333333,12.02,7.9,10.14
54542,24,14,3,2013,-3.2933333333333334,12.31,8.63,10.88
54543,24,15,3,2013,-2.8591666666666664,12.55,8.94,11.19
54544,24,16,3,2013,-2.1341666666666668,11.66,8.3,10.37
54545,24,17,3,2013,-1.2441666666666666,12.54,8.94,11.18
54546,24,18,3,2013,-0.5966666666666668,12.33,8.72,10.93
54547,24,19,3,2013,-0.01166666666666667,12.56,8.9,11.15
54548,24,20,3,2013,0.11333333333333333,13.23,9.37,11.78
54549,24,21,3,2013,0.20916666666666664,13.51,9.63,12.06
54550,24,22,3,2013,0.26833333333333337,13.06,9.03,11.47
54551,24,23,3,2013,-0.25333333333333335,12.24,7.98,10.29
54552,25,0,3,2013,-1.4933333333333334,14.52,7.95,11.23
54553,25,1,3,2013,-2.419166666666667,14.46,7.48,10.82
54554,25,2,3,2013,-2.9341666666666666,12.98,6.59,9.63
54555,25,3,3,2013,-3.769166666666667,13.01,6.47,9.52
54556,25,4,3,2013,-4.388333333333333,12.58,6.45,9.3
54557,25,5,3,2013,-4.529166666666668,12.4,6.44,9.27
54558,25,6,3,2013,-4.519166666666666,11.45,6.37,8.78
54559,25,7,3,2013,-4.858333333333333,11.64,5.9,8.6
54560,25,8,3,2013,-4.418333333333334,11.25,6.7700000000000005,9.1
54561,25,9,3,2013,-3.8825000000000003,11.5,7.0600000000000005,9.35
54562,25,10,3,2013,-3.6325,11.65,7.47,9.78
54563,25,11,3,2013,-3.5399999999999996,12.03,7.81,10.19
54564,25,12,3,2013,-3.52,12.34,8.09,10.5
54565,25,13,3,2013,-3.429166666666667,12.15,8.16,10.3
54566,25,14,3,2013,-3.0683333333333334,13.17,9.31,11.71
54567,25,15,3,2013,-2.575833333333333,12.93,9.15,11.51
54568,25,16,3,2013,-2.005833333333334,12.56,8.94,11.2
54569,25,17,3,2013,-1.5083333333333335,12.01,8.540000000000001,10.69
54570,25,18,3,2013,-0.9891666666666667,11.54,8.22,10.29
54571,25,19,3,2013,-0.6616666666666666,11.28,8.06,10.09
54572,25,20,3,2013,-0.33583333333333326,11.24,8.13,10.1
54573,25,21,3,2013,-0.27999999999999997,10.6,7.57,9.44
54574,25,22,3,2013,-0.4825,10.73,7.62,9.6
54575,25,23,3,2013,-1.2483333333333333,9.93,6.92,8.63
54576,26,0,3,2013,-1.55,10.35,5.69,8.03
54577,26,1,3,2013,-2.1683333333333334,10.71,5.49,8.08
54578,26,2,3,2013,-2.8708333333333336,11.44,5.04,7.9
54579,26,3,3,2013,-3.551666666666667,11.22,5.2700000000000005,8.22
54580,26,4,3,2013,-3.786666666666667,11.26,5.38,8.23
54581,26,5,3,2013,-4.492500000000001,11.08,4.7,7.5
54582,26,6,3,2013,-4.9366666666666665,10.12,4.3,6.95
54583,26,7,3,2013,-5.550833333333333,9.39,3.98,6.58
54584,26,8,3,2013,-5.894166666666667,8.9,4.0200000000000005,6.62
54585,26,9,3,2013,-6.260833333333333,8.49,3.96,6.51
54586,26,10,3,2013,-6.595,7.78,3.58,6.15
54587,26,11,3,2013,-6.961666666666667,7.47,3.28,6.04
54588,26,12,3,2013,-6.9575000000000005,6.78,3.39,5.48
54589,26,13,3,2013,-5.709166666666667,6.09,3.3200000000000003,4.66
54590,26,14,3,2013,-4.302499999999999,4.3500000000000005,3.33,4.01
54591,26,15,3,2013,-3.1208333333333336,3.9,2.98,3.5700000000000003
54592,26,16,3,2013,-2.0949999999999998,3.47,2.67,3.18
54593,26,17,3,2013,-1.1433333333333333,2.82,2.19,2.58
54594,26,18,3,2013,-0.2241666666666667,2.68,2.17,2.53
54595,26,19,3,2013,0.5891666666666667,2.77,2.26,2.62
54596,26,20,3,2013,1.3816666666666668,2.5500000000000003,1.98,2.34
54597,26,21,3,2013,1.9958333333333333,2.4,1.88,2.22
54598,26,22,3,2013,2.3058333333333336,1.78,1.32,1.58
54599,26,23,3,2013,1.9275000000000002,2.8000000000000003,1.14,2.07
54600,27,0,3,2013,-0.19166666666666665,4.43,1.88,4.23
54601,27,1,3,2013,-0.9866666666666665,5.3,2.81,4.76
54602,27,2,3,2013,-1.6058333333333332,5.42,2.78,5.07
54603,27,3,3,2013,-2.160833333333333,6.59,3.49,5.88
54604,27,4,3,2013,-2.575,5.92,3.27,5.48
54605,27,5,3,2013,-2.955,6.79,3.44,5.89
54606,27,6,3,2013,-3.1858333333333335,7.35,3.45,6.01
54607,27,7,3,2013,-2.8325,8.23,3.52,6.12
54608,27,8,3,2013,-2.4633333333333334,8.26,3.48,5.94
54609,27,9,3,2013,-2.500833333333333,8.3,3.62,5.41
54610,27,10,3,2013,-1.7141666666666666,8.33,4.12,5.71
54611,27,11,3,2013,-1.4233333333333336,7.6400000000000015,4.18,5.68
54612,27,12,3,2013,-1.7033333333333331,8.290000000000001,4.33,5.88
54613,27,13,3,2013,-1.4258333333333333,7.95,4.57,6.09
54614,27,14,3,2013,-0.04083333333333338,6.16,4.82,5.72
54615,27,15,3,2013,2.109166666666667,6.2700000000000005,4.93,5.8500000000000005
54616,27,16,3,2013,4.0600000000000005,6.3900000000000015,4.88,5.86
54617,27,17,3,2013,5.478333333333333,6.42,4.91,5.89
54618,27,18,3,2013,6.594166666666666,6.45,4.93,5.91
54619,27,19,3,2013,7.4383333333333335,6.8500000000000005,5.21,6.28
54620,27,20,3,2013,7.841666666666665,6.92,5.3100000000000005,6.38
54621,27,21,3,2013,8.115833333333333,6.6400000000000015,4.97,6.03
54622,27,22,3,2013,7.980833333333333,6.24,4.6000000000000005,5.63
54623,27,23,3,2013,7.319166666666667,6.5200000000000005,4.3500000000000005,5.48
54624,28,0,3,2013,5.161666666666666,8.8,3.06,6.33
54625,28,1,3,2013,3.6958333333333333,10.05,3.06,6.95
54626,28,2,3,2013,2.549166666666667,10.52,2.75,6.7
54627,28,3,3,2013,1.899166666666667,10.38,3.36,6.65
54628,28,4,3,2013,2.0066666666666664,8.85,3.76,5.48
54629,28,5,3,2013,2.0075,7.37,3.74,5.08
54630,28,6,3,2013,1.5891666666666666,6.8100000000000005,3.69,4.91
54631,28,7,3,2013,1.4441666666666662,4.65,2.53,3.7
54632,28,8,3,2013,1.4308333333333332,4.1,2.67,3.51
54633,28,9,3,2013,1.0525,4.11,2.83,3.58
54634,28,10,3,2013,-0.015000000000000013,4.8,2.95,3.64
54635,28,11,3,2013,-0.8516666666666667,5.0200000000000005,1.85,3.24
54636,28,12,3,2013,-1.3575,5.36,1.56,3.5700000000000003
54637,28,13,3,2013,-1.0441666666666667,5.3500000000000005,2.29,3.5500000000000003
54638,28,14,3,2013,0.017500000000000016,4.98,2.57,3.18
54639,28,15,3,2013,0.7725,3.16,2.26,2.59
54640,28,16,3,2013,1.5650000000000002,2.39,2.05,2.3000000000000003
54641,28,17,3,2013,3.8475,2.16,1.98,2.19
54642,28,18,3,2013,7.0808333333333335,2.58,2.14,2.46
54643,28,19,3,2013,9.491666666666669,2.87,2.34,2.69
54644,28,20,3,2013,11.065,3.45,2.72,3.2
54645,28,21,3,2013,12.081666666666665,3.63,2.9,3.39
54646,28,22,3,2013,12.387500000000001,3.65,2.89,3.41
54647,28,23,3,2013,12.111666666666666,3.45,2.57,3.53
54648,29,0,3,2013,10.845833333333333,4.5600000000000005,2.27,3.95
54649,29,1,3,2013,10.004166666666665,5.09,1.8,3.92
54650,29,2,3,2013,9.380833333333333,9.77,3.5500000000000003,6.97
54651,29,3,3,2013,8.256666666666666,9.83,3.72,7.16
54652,29,4,3,2013,7.448333333333333,6.38,1.25,3.69
54653,29,5,3,2013,7.168333333333333,5.95,1.64,3.86
54654,29,6,3,2013,6.510833333333333,5.78,1.54,3.79
54655,29,7,3,2013,5.892500000000001,5.22,1.56,3.46
54656,29,8,3,2013,5.349166666666666,5.9,1.51,4.34
54657,29,9,3,2013,4.348333333333333,5.95,1.7,4.28
54658,29,10,3,2013,3.439166666666667,6.53,2.4,4.16
54659,29,11,3,2013,3.1791666666666667,6.3500000000000005,2.89,3.92
54660,29,12,3,2013,3.6333333333333333,6.18,2.6,3.56
54661,29,13,3,2013,4.084166666666666,5.3500000000000005,3.01,4.13
54662,29,14,3,2013,4.675000000000001,5.2700000000000005,3.03,3.98
54663,29,15,3,2013,5.0025,3.85,2.92,3.39
54664,29,16,3,2013,6.070833333333334,3.31,2.51,2.96
54665,29,17,3,2013,10.323333333333332,4.5200000000000005,3.56,4.2
54666,29,18,3,2013,12.809166666666668,5.47,4.21,5.0200000000000005
54667,29,19,3,2013,14.676666666666664,6.37,4.8100000000000005,5.79
54668,29,20,3,2013,15.845,6.8100000000000005,5.1000000000000005,6.18
54669,29,21,3,2013,16.367499999999996,6.91,5.1000000000000005,6.23
54670,29,22,3,2013,16.4575,6.79,4.94,6.04
54671,29,23,3,2013,15.777500000000003,7.43,4.88,6.1000000000000005
54672,30,0,3,2013,13.501666666666665,10.13,3.88,7.58
54673,30,1,3,2013,12.295,12.07,4.76,8.3
54674,30,2,3,2013,11.340833333333336,12.63,4.92,8.53
54675,30,3,3,2013,10.625000000000002,13.04,5.69,8.73
54676,30,4,3,2013,10.301666666666666,12.85,5.78,8.76
54677,30,5,3,2013,9.635000000000002,12.08,4.33,7.35
54678,30,6,3,2013,9.198333333333334,12.38,4.87,7.96
54679,30,7,3,2013,8.876666666666667,12.59,5.18,8.26
54680,30,8,3,2013,8.909166666666666,12.76,5.44,8.42
54681,30,9,3,2013,8.973333333333334,11.93,5.63,8.22
54682,30,10,3,2013,8.695833333333333,12.63,7.1000000000000005,9.66
54683,30,11,3,2013,8.680833333333334,11.66,6.72,8.97
54684,30,12,3,2013,9.368333333333334,10.54,6.38,8.49
54685,30,13,3,2013,9.632500000000002,9.99,6.09,8.01
54686,30,14,3,2013,9.4425,8.870000000000003,4.99,6.99
54687,30,15,3,2013,10.264166666666666,7.98,5.14,6.3500000000000005
54688,30,16,3,2013,11.637500000000001,5.07,3.89,4.64
54689,30,17,3,2013,12.634166666666667,5.0200000000000005,3.84,4.59
54690,30,18,3,2013,13.483333333333333,5.64,4.43,5.23
54691,30,19,3,2013,14.565,5.08,3.92,4.69
54692,30,20,3,2013,16.036666666666665,6.24,4.88,5.8100000000000005
54693,30,21,3,2013,16.404166666666665,6.2,4.74,5.69
54694,30,22,3,2013,16.031666666666666,6.87,5.05,6.24
54695,30,23,3,2013,15.128333333333336,7.41,5.0200000000000005,6.49
54696,31,0,3,2013,13.191666666666665,7.25,3.82,5.62
54697,31,1,3,2013,12.6075,5.74,2.09,4.39
54698,31,2,3,2013,12.648333333333332,6.68,2.28,4.92
54699,31,3,3,2013,12.361666666666665,10.58,3.83,6.96
54700,31,4,3,2013,11.365833333333335,10.79,3.81,6.92
54701,31,5,3,2013,10.250833333333333,10.52,3.77,6.92
54702,31,6,3,2013,9.299166666666666,10.44,3.44,6.74
54703,31,7,3,2013,8.288333333333336,8.73,3.63,6.0200000000000005
54704,31,8,3,2013,7.584166666666666,8.57,4.2700000000000005,6.57
54705,31,9,3,2013,6.906666666666666,6.86,3.58,6.2700000000000005
54706,31,10,3,2013,6.2875000000000005,8.17,3.4,5.73
54707,31,11,3,2013,6.2008333333333345,9.7,4.5200000000000005,7.25
54708,31,12,3,2013,5.755833333333334,12.03,4.92,8.08
54709,31,13,3,2013,7.138333333333333,11.06,5.83,7.74
54710,31,14,3,2013,8.52,8.28,5.91,7.16
54711,31,15,3,2013,9.74,7.0,5.34,6.43
54712,31,16,3,2013,11.069999999999999,6.66,4.99,6.0200000000000005
54713,31,17,3,2013,12.195000000000002,6.83,5.11,6.17
54714,31,18,3,2013,13.049166666666666,6.97,5.18,6.2700000000000005
54715,31,19,3,2013,13.620833333333332,6.82,5.0600000000000005,6.13
54716,31,20,3,2013,13.913333333333334,6.95,5.15,6.24
54717,31,21,3,2013,14.044166666666667,6.53,4.86,5.87
54718,31,22,3,2013,14.01833333333333,4.79,3.56,4.29
54719,31,23,3,2013,13.705,3.97,2.9,3.53
54720,1,0,4,2013,12.150833333333331,4.36,1.54,2.95
54721,1,1,4,2013,10.688333333333333,5.92,1.11,3.68
54722,1,2,4,2013,9.755,8.32,2.1,5.4
54723,1,3,4,2013,8.495,10.61,2.45,6.19
54724,1,4,4,2013,7.235,13.78,7.3,10.25
54725,1,5,4,2013,6.0183333333333335,12.82,7.58,10.25
54726,1,6,4,2013,4.225833333333334,11.64,8.19,10.28
54727,1,7,4,2013,3.1400000000000006,9.49,6.8100000000000005,8.44
54728,1,8,4,2013,2.4091666666666667,9.09,6.62,8.17
54729,1,9,4,2013,1.9716666666666667,8.66,6.18,7.6400000000000015
54730,1,10,4,2013,1.5808333333333333,9.44,6.76,8.41
54731,1,11,4,2013,0.505,10.31,7.09,8.94
54732,1,12,4,2013,-0.3491666666666666,8.4,5.43,7.0200000000000005
54733,1,13,4,2013,-0.7775,8.46,5.8100000000000005,7.26
54734,1,14,4,2013,-0.35416666666666674,7.48,5.58,6.79
54735,1,15,4,2013,0.4816666666666667,6.69,5.08,6.11
54736,1,16,4,2013,1.519166666666667,5.93,4.51,5.39
54737,1,17,4,2013,2.575833333333333,6.03,4.62,5.5
54738,1,18,4,2013,3.5725,6.0600000000000005,4.75,5.64
54739,1,19,4,2013,4.5625,5.65,4.38,5.19
54740,1,20,4,2013,5.113333333333332,5.96,4.84,5.66
54741,1,21,4,2013,5.622500000000001,5.89,4.64,5.5
54742,1,22,4,2013,5.857500000000002,5.42,4.23,5.04
54743,1,23,4,2013,5.6225,6.11,4.76,5.73
54744,2,0,4,2013,4.6925,5.45,4.04,4.89
54745,2,1,4,2013,3.4758333333333336,7.68,2.97,5.37
54746,2,2,4,2013,2.1975,6.8100000000000005,1.51,4.7
54747,2,3,4,2013,1.7741666666666667,6.82,1.61,4.86
54748,2,4,4,2013,1.1225,6.44,1.46,4.2700000000000005
54749,2,5,4,2013,0.5733333333333334,5.04,1.42,3.5500000000000003
54750,2,6,4,2013,-0.14416666666666667,4.51,1.27,3.04
54751,2,7,4,2013,-0.5141666666666665,3.77,0.8,2.03
54752,2,8,4,2013,-0.7991666666666667,3.45,0.76,1.88
54753,2,9,4,2013,-1.0650000000000002,2.84,0.56,1.47
54754,2,10,4,2013,-1.4591666666666667,3.0,0.8200000000000001,1.86
54755,2,11,4,2013,-1.7558333333333336,2.4,0.46,1.27
54756,2,12,4,2013,-1.7025,2.89,1.12,1.84
54757,2,13,4,2013,-0.35999999999999993,2.82,1.49,1.79
54758,2,14,4,2013,1.6125,2.03,1.51,1.82
54759,2,15,4,2013,2.831666666666667,1.98,1.74,1.94
54760,2,16,4,2013,4.045833333333333,2.32,1.99,2.24
54761,2,17,4,2013,5.190833333333333,2.42,2.06,2.33
54762,2,18,4,2013,6.300833333333333,2.73,2.29,2.61
54763,2,19,4,2013,7.251666666666666,2.78,2.34,2.66
54764,2,20,4,2013,8.044166666666667,3.0500000000000003,2.53,2.9
54765,2,21,4,2013,8.594166666666668,3.15,2.58,2.98
54766,2,22,4,2013,8.836666666666666,3.4,2.76,3.21
54767,2,23,4,2013,8.614166666666668,3.77,2.81,3.42
54768,3,0,4,2013,7.405,4.5,2.54,4.3
54769,3,1,4,2013,6.127500000000001,4.57,2.19,4.26
54770,3,2,4,2013,5.2975,4.89,1.71,4.11
54771,3,3,4,2013,4.52,5.13,1.45,3.48
54772,3,4,4,2013,3.6941666666666664,6.2,1.7,4.5200000000000005
54773,3,5,4,2013,3.0833333333333335,6.74,1.83,4.65
54774,3,6,4,2013,2.204166666666667,6.8,1.79,4.67
54775,3,7,4,2013,1.3975,6.8100000000000005,1.6,4.36
54776,3,8,4,2013,0.6749999999999999,6.2,1.81,4.17
54777,3,9,4,2013,0.11583333333333334,6.0600000000000005,1.95,4.43
54778,3,10,4,2013,0.22833333333333336,7.42,2.18,5.18
54779,3,11,4,2013,-0.01999999999999999,8.74,2.27,5.62
54780,3,12,4,2013,-0.16583333333333336,9.34,3.46,5.66
54781,3,13,4,2013,1.5791666666666666,7.49,3.94,5.16
54782,3,14,4,2013,3.2849999999999997,5.55,4.21,5.0600000000000005
54783,3,15,4,2013,5.232500000000001,5.16,3.95,4.72
54784,3,16,4,2013,6.6925,5.25,4.07,4.8500000000000005
54785,3,17,4,2013,7.743333333333333,4.96,3.88,4.6000000000000005
54786,3,18,4,2013,8.762500000000001,4.4,3.47,4.09
54787,3,19,4,2013,9.674999999999999,4.37,3.46,4.07
54788,3,20,4,2013,10.38,4.32,3.43,4.03
54789,3,21,4,2013,10.799999999999999,4.39,3.45,4.07
54790,3,22,4,2013,10.903333333333334,4.38,3.42,4.05
54791,3,23,4,2013,10.632500000000002,4.64,3.26,3.99
54792,4,0,4,2013,9.580833333333333,6.28,3.38,5.66
54793,4,1,4,2013,8.1275,6.54,3.43,5.86
54794,4,2,4,2013,7.089999999999999,7.0,3.38,6.41
54795,4,3,4,2013,5.915000000000002,7.65,2.75,5.68
54796,4,4,4,2013,5.295833333333333,7.8,3.62,6.8100000000000005
54797,4,5,4,2013,5.1066666666666665,7.31,3.93,6.96
54798,4,6,4,2013,4.568333333333333,6.3500000000000005,3.74,6.5
54799,4,7,4,2013,4.012499999999999,6.01,3.98,6.21
54800,4,8,4,2013,3.4933333333333327,6.01,3.9,6.2
54801,4,9,4,2013,2.486666666666667,6.3100000000000005,3.96,6.09
54802,4,10,4,2013,1.6758333333333333,6.3500000000000005,3.95,6.08
54803,4,11,4,2013,2.09,6.25,3.5700000000000003,5.5600000000000005
54804,4,12,4,2013,2.186666666666667,6.67,3.89,5.92
54805,4,13,4,2013,3.8533333333333335,6.09,3.56,5.24
54806,4,14,4,2013,6.93,4.87,3.19,3.89
54807,4,15,4,2013,8.721666666666666,4.5200000000000005,3.4,4.1
54808,4,16,4,2013,9.985,4.26,3.37,3.98
54809,4,17,4,2013,11.245833333333332,4.24,3.34,3.95
54810,4,18,4,2013,12.472499999999998,3.96,3.11,3.67
54811,4,19,4,2013,13.602500000000001,3.97,3.12,3.68
54812,4,20,4,2013,14.594166666666666,3.85,3.08,3.59
54813,4,21,4,2013,15.370833333333332,3.5,2.74,3.21
54814,4,22,4,2013,15.832499999999998,3.51,2.73,3.21
54815,4,23,4,2013,15.81,3.46,2.53,3.09
54816,5,0,4,2013,14.346666666666666,3.3200000000000003,1.67,2.91
54817,5,1,4,2013,12.987499999999999,3.81,2.35,3.88
54818,5,2,4,2013,11.8825,4.29,2.86,4.41
54819,5,3,4,2013,11.115,4.88,3.43,4.94
54820,5,4,4,2013,10.320833333333333,5.65,4.0200000000000005,5.74
54821,5,5,4,2013,9.76,5.8,3.86,5.69
54822,5,6,4,2013,9.055000000000001,6.28,3.73,5.76
54823,5,7,4,2013,8.389166666666666,5.38,3.2,5.08
54824,5,8,4,2013,7.096666666666665,3.35,3.1,4.57
54825,5,9,4,2013,5.546666666666667,3.38,1.4,2.78
54826,5,10,4,2013,4.77,6.87,2.35,4.83
54827,5,11,4,2013,3.994999999999999,9.59,2.63,6.41
54828,5,12,4,2013,4.3741666666666665,10.44,4.45,6.97
54829,5,13,4,2013,6.32,9.34,4.58,6.37
54830,5,14,4,2013,8.040000000000001,6.4,4.99,5.92
54831,5,15,4,2013,10.524166666666668,6.24,4.86,5.78
54832,5,16,4,2013,13.13,6.66,5.0600000000000005,6.09
54833,5,17,4,2013,15.136666666666665,7.7,5.72,6.94
54834,5,18,4,2013,16.703333333333333,8.33,6.12,7.47
54835,5,19,4,2013,18.12666666666667,9.53,6.95,8.52
54836,5,20,4,2013,19.151666666666667,10.83,7.71,9.56
54837,5,21,4,2013,20.040833333333335,11.29,8.41,10.18
54838,5,22,4,2013,20.160833333333333,12.05,8.75,10.7
54839,5,23,4,2013,19.540833333333335,12.1,8.63,10.73
54840,6,0,4,2013,18.065833333333334,15.11,8.57,11.87
54841,6,1,4,2013,17.08583333333333,15.35,9.12,12.29
54842,6,2,4,2013,16.435000000000002,15.71,9.38,12.59
54843,6,3,4,2013,15.70583333333333,16.64,10.17,13.47
54844,6,4,4,2013,15.065833333333332,16.94,10.42,13.77
54845,6,5,4,2013,14.571666666666667,16.92,10.41,13.74
54846,6,6,4,2013,14.298333333333332,16.39,10.1,13.31
54847,6,7,4,2013,14.051666666666664,15.62,9.63,12.73
54848,6,8,4,2013,13.942500000000003,15.91,9.83,13.02
54849,6,9,4,2013,13.776666666666666,14.77,9.02,11.98
54850,6,10,4,2013,13.490833333333333,14.4,8.76,11.65
54851,6,11,4,2013,13.588333333333333,14.87,8.370000000000001,11.53
54852,6,12,4,2013,13.630000000000003,16.240000000000002,9.81,13.09
54853,6,13,4,2013,14.535000000000002,16.39,10.39,13.63
54854,6,14,4,2013,15.29,14.07,9.96,12.4
54855,6,15,4,2013,16.56083333333334,12.82,9.18,11.4
54856,6,16,4,2013,17.95,9.87,7.28,8.88
54857,6,17,4,2013,19.409166666666668,8.5,6.3,7.65
54858,6,18,4,2013,20.355833333333333,8.67,6.43,7.8
54859,6,19,4,2013,20.601666666666667,9.24,6.8500000000000005,8.3
54860,6,20,4,2013,21.109166666666667,10.24,7.38,9.07
54861,6,21,4,2013,21.1925,10.05,7.26,8.91
54862,6,22,4,2013,21.254166666666666,9.36,6.69,8.26
54863,6,23,4,2013,21.015,9.23,6.25,7.98
54864,7,0,4,2013,19.39583333333333,9.99,3.71,7.59
54865,7,1,4,2013,17.515833333333333,10.64,3.1,6.82
54866,7,2,4,2013,16.276666666666667,10.68,3.74,7.61
54867,7,3,4,2013,15.837499999999999,10.17,3.66,7.55
54868,7,4,4,2013,15.726666666666667,9.02,2.91,7.11
54869,7,5,4,2013,15.378333333333336,5.84,2.67,5.55
54870,7,6,4,2013,14.422500000000001,3.88,1.87,3.16
54871,7,7,4,2013,14.275833333333331,1.87,1.64,1.9
54872,7,8,4,2013,13.456666666666665,2.4,2.26,3.02
54873,7,9,4,2013,12.34083333333333,3.47,2.37,3.96
54874,7,10,4,2013,11.64,4.08,2.52,4.14
54875,7,11,4,2013,11.076666666666668,3.71,2.03,3.63
54876,7,12,4,2013,9.097500000000002,2.69,1.18,2.3000000000000003
54877,7,13,4,2013,10.244166666666667,4.28,2.35,2.66
54878,7,14,4,2013,12.510833333333332,4.51,2.77,3.15
54879,7,15,4,2013,15.759166666666667,4.69,3.77,4.42
54880,7,16,4,2013,18.605,6.38,4.8500000000000005,5.82
54881,7,17,4,2013,20.943333333333335,7.1000000000000005,5.34,6.45
54882,7,18,4,2013,22.400833333333335,9.96,7.18,8.85
54883,7,19,4,2013,22.215833333333332,10.73,7.88,9.69
54884,7,20,4,2013,20.494166666666665,12.99,9.45,11.75
54885,7,21,4,2013,21.0975,5.78,4.38,5.2700000000000005
54886,7,22,4,2013,22.47666666666667,8.77,6.24,7.73
54887,7,23,4,2013,22.364166666666662,11.48,8.11,10.13
54888,8,0,4,2013,19.602500000000003,18.8,12.05,15.93
54889,8,1,4,2013,14.454166666666666,14.49,8.47,11.8
54890,8,2,4,2013,14.523333333333332,17.57,11.0,14.47
54891,8,3,4,2013,14.063333333333333,12.06,7.8900000000000015,10.19
54892,8,4,4,2013,13.0325,7.18,2.98,4.69
54893,8,5,4,2013,12.394166666666665,9.02,4.0,6.41
54894,8,6,4,2013,11.368333333333334,7.73,3.03,5.48
54895,8,7,4,2013,10.885833333333332,5.79,2.7,4.69
54896,8,8,4,2013,10.631666666666666,4.74,1.8,3.48
54897,8,9,4,2013,10.040833333333333,5.44,2.75,4.07
54898,8,10,4,2013,9.85,6.1400000000000015,2.73,4.28
54899,8,11,4,2013,10.085833333333333,5.22,2.02,2.7
54900,8,12,4,2013,9.991666666666669,7.0200000000000005,3.14,4.5
54901,8,13,4,2013,10.764166666666666,6.92,2.77,4.18
54902,8,14,4,2013,12.582500000000001,5.71,2.47,3.35
54903,8,15,4,2013,16.631666666666668,4.8500000000000005,3.84,4.5200000000000005
54904,8,16,4,2013,18.09,5.29,4.08,4.88
54905,8,17,4,2013,18.182499999999994,6.71,5.08,6.18
54906,8,18,4,2013,18.696666666666665,6.0,4.57,5.5
54907,8,19,4,2013,19.946666666666665,5.93,4.49,5.4
54908,8,20,4,2013,20.249999999999996,8.36,6.6000000000000005,7.87
54909,8,21,4,2013,20.683333333333337,9.43,7.1000000000000005,8.63
54910,8,22,4,2013,20.028333333333332,9.26,6.65,8.32
54911,8,23,4,2013,19.625000000000004,8.68,6.0200000000000005,7.54
54912,9,0,4,2013,18.655,8.870000000000003,5.19,7.04
54913,9,1,4,2013,17.9575,10.03,6.23,8.19
54914,9,2,4,2013,16.794999999999998,9.81,6.25,8.16
54915,9,3,4,2013,17.04416666666667,9.09,5.19,7.1000000000000005
54916,9,4,4,2013,16.671666666666667,9.76,5.04,7.28
54917,9,5,4,2013,16.565833333333334,11.86,6.16,8.72
54918,9,6,4,2013,16.596666666666668,12.97,7.0,9.89
54919,9,7,4,2013,16.560833333333335,13.42,7.34,10.32
54920,9,8,4,2013,16.7,13.43,7.7,10.41
54921,9,9,4,2013,16.543333333333333,10.19,5.58,7.74
54922,9,10,4,2013,16.417500000000004,8.44,4.8100000000000005,6.8100000000000005
54923,9,11,4,2013,16.385833333333334,9.3,5.2700000000000005,7.22
54924,9,12,4,2013,16.4275,9.22,5.15,7.12
54925,9,13,4,2013,16.741666666666664,9.47,5.51,7.38
54926,9,14,4,2013,17.250833333333336,10.06,6.33,8.18
54927,9,15,4,2013,17.846666666666668,8.01,5.49,6.76
54928,9,16,4,2013,17.76166666666667,7.1000000000000005,4.92,6.22
54929,9,17,4,2013,17.982499999999998,7.55,5.29,6.67
54930,9,18,4,2013,18.353333333333335,7.01,4.9,6.19
54931,9,19,4,2013,19.206666666666667,7.66,5.23,6.67
54932,9,20,4,2013,13.634166666666665,11.11,8.16,10.13
54933,9,21,4,2013,7.575833333333333,19.86,13.81,17.68
54934,9,22,4,2013,4.211666666666667,14.81,10.52,13.12
54935,9,23,4,2013,3.730833333333333,12.99,9.35,11.62
54936,10,0,4,2013,4.2508333333333335,14.85,10.59,13.22
54937,10,1,4,2013,5.857499999999999,10.66,6.57,8.26
54938,10,2,4,2013,6.058333333333334,10.01,6.97,8.64
54939,10,3,4,2013,5.235,11.64,8.02,10.11
54940,10,4,4,2013,3.72,11.58,8.14,10.17
54941,10,5,4,2013,3.1808333333333327,10.52,7.3900000000000015,9.22
54942,10,6,4,2013,3.284166666666667,10.95,7.43,9.41
54943,10,7,4,2013,3.591666666666667,9.75,6.51,8.24
54944,10,8,4,2013,3.776666666666666,8.950000000000003,5.92,7.51
54945,10,9,4,2013,3.544166666666667,9.23,6.18,7.8
54946,10,10,4,2013,3.0858333333333334,8.73,5.79,7.31
54947,10,11,4,2013,2.919166666666667,11.81,7.5,9.61
54948,10,12,4,2013,2.8866666666666667,8.25,5.03,6.5
54949,10,13,4,2013,2.828333333333333,10.9,7.3900000000000015,9.27
54950,10,14,4,2013,2.380833333333334,9.24,6.0600000000000005,7.66
54951,10,15,4,2013,2.4058333333333333,7.88,5.7,6.99
54952,10,16,4,2013,3.029166666666667,7.84,5.79,7.12
54953,10,17,4,2013,3.5091666666666668,9.63,7.0,8.69
54954,10,18,4,2013,3.8216666666666668,10.28,7.5,9.3
54955,10,19,4,2013,4.093333333333333,9.37,6.73,8.4
54956,10,20,4,2013,4.113333333333333,9.77,7.18,8.91
54957,10,21,4,2013,4.155,10.03,7.22,9.02
54958,10,22,4,2013,3.5049999999999994,10.02,7.3900000000000015,9.15
54959,10,23,4,2013,3.015833333333333,9.47,6.57,8.33
54960,11,0,4,2013,2.5416666666666665,9.05,6.18,7.85
54961,11,1,4,2013,2.1958333333333333,7.38,5.17,6.51
54962,11,2,4,2013,1.5724999999999998,7.46,5.2,6.5600000000000005
54963,11,3,4,2013,0.9,7.54,4.92,6.19
54964,11,4,4,2013,0.5133333333333333,8.01,4.88,6.36
54965,11,5,4,2013,0.17833333333333332,8.24,5.04,6.68
54966,11,6,4,2013,-0.29333333333333333,7.81,5.11,6.5200000000000005
54967,11,7,4,2013,-0.7308333333333333,7.94,5.03,6.59
54968,11,8,4,2013,-1.2325000000000002,7.73,4.69,6.2700000000000005
54969,11,9,4,2013,-1.64,8.33,5.04,6.69
54970,11,10,4,2013,-2.143333333333333,8.99,5.01,6.91
54971,11,11,4,2013,-2.733333333333333,8.94,5.14,6.96
54972,11,12,4,2013,-2.651666666666667,8.870000000000003,5.45,7.13
54973,11,13,4,2013,-1.835,8.16,5.86,7.21
54974,11,14,4,2013,-0.6991666666666667,8.05,5.93,7.28
54975,11,15,4,2013,0.34833333333333333,7.8,5.72,7.01
54976,11,16,4,2013,1.2474999999999998,8.040000000000001,5.87,7.21
54977,11,17,4,2013,2.1300000000000003,8.15,5.9,7.27
54978,11,18,4,2013,2.956666666666667,10.52,7.75,9.52
54979,11,19,4,2013,3.894166666666667,10.92,8.040000000000001,9.87
54980,11,20,4,2013,4.198333333333333,11.76,8.53,10.62
54981,11,21,4,2013,3.795,10.88,8.36,10.15
54982,11,22,4,2013,3.5975,12.7,9.83,11.9
54983,11,23,4,2013,3.154166666666667,10.7,8.23,9.99
54984,12,0,4,2013,2.683333333333333,9.82,6.62,8.33
54985,12,1,4,2013,1.4841666666666669,8.99,4.7,6.8
54986,12,2,4,2013,0.46,9.93,3.98,6.59
54987,12,3,4,2013,0.00416666666666667,11.73,5.51,8.2
54988,12,4,4,2013,-0.3933333333333333,10.49,5.09,7.53
54989,12,5,4,2013,-0.6849999999999999,11.32,5.94,8.42
54990,12,6,4,2013,-1.0983333333333334,11.02,5.83,8.26
54991,12,7,4,2013,-1.3983333333333332,11.14,6.04,8.41
54992,12,8,4,2013,-1.736666666666667,11.08,6.28,8.58
54993,12,9,4,2013,-1.9283333333333335,10.64,6.17,8.36
54994,12,10,4,2013,-1.9891666666666665,10.82,6.38,8.56
54995,12,11,4,2013,-2.0316666666666667,10.85,6.43,8.620000000000001
54996,12,12,4,2013,-1.8525,10.58,6.58,8.57
54997,12,13,4,2013,-0.7600000000000002,8.98,6.43,7.97
54998,12,14,4,2013,0.5625,9.08,6.5200000000000005,8.07
54999,12,15,4,2013,1.9141666666666666,9.15,6.62,8.15
55000,12,16,4,2013,3.1358333333333337,8.94,6.51,7.97
55001,12,17,4,2013,4.221666666666667,8.97,6.53,8.0
55002,12,18,4,2013,5.350833333333334,9.12,6.63,8.13
55003,12,19,4,2013,6.315,9.16,6.67,8.17
55004,12,20,4,2013,7.070833333333333,8.77,6.3900000000000015,7.82
55005,12,21,4,2013,7.524166666666667,8.76,6.37,7.82
55006,12,22,4,2013,7.663333333333334,9.1,6.57,8.1
55007,12,23,4,2013,7.425,8.76,6.24,7.76
55008,13,0,4,2013,5.945833333333334,8.82,4.97,6.61
55009,13,1,4,2013,4.511666666666667,11.05,4.69,8.07
55010,13,2,4,2013,3.705833333333333,10.82,4.43,7.43
55011,13,3,4,2013,2.9391666666666665,9.51,3.83,6.38
55012,13,4,4,2013,1.61,9.56,3.4,6.54
55013,13,5,4,2013,0.7291666666666666,8.16,3.27,5.86
55014,13,6,4,2013,0.23083333333333333,7.44,3.04,5.39
55015,13,7,4,2013,-0.25666666666666665,7.15,2.83,5.44
55016,13,8,4,2013,-0.43249999999999994,5.63,1.9,4.1
55017,13,9,4,2013,-0.49583333333333335,4.88,1.78,3.76
55018,13,10,4,2013,-0.9825,4.14,2.33,2.94
55019,13,11,4,2013,-0.9041666666666668,2.86,2.38,3.0500000000000003
55020,13,12,4,2013,-0.13416666666666668,2.58,1.71,2.5500000000000003
55021,13,13,4,2013,2.2383333333333333,1.94,1.79,2.01
55022,13,14,4,2013,4.058333333333333,2.94,2.53,2.9
55023,13,15,4,2013,6.2875000000000005,2.69,2.05,2.44
55024,13,16,4,2013,8.629166666666668,3.97,3.0500000000000003,3.63
55025,13,17,4,2013,10.052500000000002,4.76,3.68,4.37
55026,13,18,4,2013,11.511666666666668,5.53,4.18,5.0200000000000005
55027,13,19,4,2013,12.799166666666666,6.96,5.18,6.28
55028,13,20,4,2013,13.801666666666664,7.88,5.7700000000000005,7.05
55029,13,21,4,2013,14.262500000000001,8.88,6.43,7.9300000000000015
55030,13,22,4,2013,14.686666666666667,9.69,6.84,8.56
55031,13,23,4,2013,14.8925,9.94,6.91,8.71
55032,14,0,4,2013,14.220833333333333,10.21,5.48,7.82
55033,14,1,4,2013,13.565833333333332,11.13,5.98,8.4
55034,14,2,4,2013,12.066666666666668,12.38,4.88,7.85
55035,14,3,4,2013,11.3125,12.58,5.39,8.41
55036,14,4,4,2013,10.680833333333334,13.49,6.53,9.62
55037,14,5,4,2013,11.391666666666666,14.96,7.98,11.3
55038,14,6,4,2013,11.472500000000002,14.29,7.41,10.61
55039,14,7,4,2013,11.363333333333335,14.92,7.42,10.84
55040,14,8,4,2013,12.706666666666663,17.7,10.31,14.03
55041,14,9,4,2013,13.300833333333335,19.05,11.24,15.25
55042,14,10,4,2013,13.1975,17.73,10.27,13.96
55043,14,11,4,2013,13.36,17.580000000000002,10.19,13.84
55044,14,12,4,2013,13.262499999999998,19.07,11.64,15.48
55045,14,13,4,2013,15.520833333333334,19.82,12.85,16.69
55046,14,14,4,2013,16.876666666666665,16.97,11.88,14.96
55047,14,15,4,2013,18.56833333333333,17.73,12.38,15.6
55048,14,16,4,2013,19.7625,18.03,12.56,15.87
55049,14,17,4,2013,20.617500000000003,17.04,11.89,14.93
55050,14,18,4,2013,21.041666666666668,14.9,10.42,13.03
55051,14,19,4,2013,20.353333333333335,15.02,10.07,12.54
55052,14,20,4,2013,19.892500000000002,14.75,10.61,13.28
55053,14,21,4,2013,17.310833333333335,12.08,8.77,10.69
55054,14,22,4,2013,16.72416666666667,12.8,8.74,11.07
55055,14,23,4,2013,15.911666666666667,9.99,6.93,8.700000000000001
55056,15,0,4,2013,16.14666666666667,12.57,6.55,9.39
55057,15,1,4,2013,14.236666666666666,14.02,6.86,9.89
55058,15,2,4,2013,12.469166666666666,13.98,5.5600000000000005,9.44
55059,15,3,4,2013,11.158333333333331,11.56,4.2700000000000005,8.09
55060,15,4,4,2013,10.244166666666667,10.45,4.11,7.76
55061,15,5,4,2013,10.263333333333334,11.61,4.84,8.19
55062,15,6,4,2013,8.570833333333333,10.91,4.17,7.91
55063,15,7,4,2013,6.826666666666667,9.56,3.65,6.5600000000000005
55064,15,8,4,2013,6.871666666666665,9.48,3.64,5.7
55065,15,9,4,2013,6.015833333333334,10.34,3.79,7.0200000000000005
55066,15,10,4,2013,5.2908333333333335,9.72,3.67,6.7
55067,15,11,4,2013,5.295,12.8,6.44,8.870000000000003
55068,15,12,4,2013,4.453333333333334,10.07,6.11,8.03
55069,15,13,4,2013,4.6816666666666675,8.56,5.73,7.1400000000000015
55070,15,14,4,2013,5.5275,6.43,4.9,5.91
55071,15,15,4,2013,6.7700000000000005,5.55,4.28,5.1000000000000005
55072,15,16,4,2013,8.0175,5.04,3.94,4.67
55073,15,17,4,2013,9.194999999999999,4.61,3.63,4.28
55074,15,18,4,2013,10.2325,4.68,3.68,4.3500000000000005
55075,15,19,4,2013,10.879999999999997,5.09,3.9,4.65
55076,15,20,4,2013,11.3025,5.44,4.11,4.94
55077,15,21,4,2013,11.322499999999998,6.36,4.57,5.68
55078,15,22,4,2013,11.125,6.3,4.58,5.66
55079,15,23,4,2013,10.571666666666667,7.11,4.59,5.99
55080,16,0,4,2013,10.076666666666666,7.1000000000000005,3.99,5.54
55081,16,1,4,2013,9.743333333333334,7.48,3.69,5.6000000000000005
55082,16,2,4,2013,8.92,8.91,3.89,6.3100000000000005
55083,16,3,4,2013,7.857500000000001,9.46,3.5500000000000003,6.24
55084,16,4,4,2013,7.096666666666667,11.18,5.16,8.07
55085,16,5,4,2013,6.539166666666667,12.01,5.78,8.61
55086,16,6,4,2013,5.5275,12.36,5.8500000000000005,8.81
55087,16,7,4,2013,4.353333333333333,12.12,5.89,8.8
55088,16,8,4,2013,3.2191666666666667,11.6,4.93,7.7
55089,16,9,4,2013,2.598333333333333,11.64,5.21,7.91
55090,16,10,4,2013,1.9558333333333335,11.28,5.33,7.86
55091,16,11,4,2013,1.2458333333333333,10.26,4.25,6.83
55092,16,12,4,2013,1.403333333333333,10.5,5.61,7.6
55093,16,13,4,2013,2.3675,9.22,5.94,7.28
55094,16,14,4,2013,3.1333333333333333,7.53,5.53,6.78
55095,16,15,4,2013,3.5574999999999997,7.43,5.58,6.78
55096,16,16,4,2013,4.22,7.45,5.55,6.78
55097,16,17,4,2013,4.883333333333334,8.040000000000001,6.03,7.33
55098,16,18,4,2013,5.553333333333334,8.08,6.01,7.34
55099,16,19,4,2013,6.051666666666666,7.91,5.82,7.16
55100,16,20,4,2013,6.396666666666667,8.19,6.07,7.45
55101,16,21,4,2013,6.791666666666668,7.65,5.7,6.94
55102,16,22,4,2013,6.911666666666666,7.98,5.66,7.04
55103,16,23,4,2013,6.696666666666666,8.38,5.51,7.1000000000000005
55104,17,0,4,2013,6.510833333333333,9.0,5.51,7.31
55105,17,1,4,2013,6.2925,8.620000000000001,5.23,6.97
55106,17,2,4,2013,6.180000000000001,7.91,4.54,6.13
55107,17,3,4,2013,6.156666666666666,8.950000000000003,5.38,7.21
55108,17,4,4,2013,6.098333333333334,8.38,5.04,6.7
55109,17,5,4,2013,6.177499999999999,9.12,5.63,7.45
55110,17,6,4,2013,6.029166666666668,8.56,5.29,6.98
55111,17,7,4,2013,5.735,9.42,6.0600000000000005,7.86
55112,17,8,4,2013,5.158333333333334,14.18,11.11,13.29
55113,17,9,4,2013,4.367500000000001,14.65,9.82,12.28
55114,17,10,4,2013,5.475833333333333,15.49,10.85,13.6
55115,17,11,4,2013,6.0424999999999995,13.29,9.13,11.44
55116,17,12,4,2013,7.053333333333332,12.54,7.92,10.23
55117,17,13,4,2013,6.677500000000001,4.61,3.85,4.53
55118,17,14,4,2013,6.353333333333334,4.2700000000000005,3.23,4.04
55119,17,15,4,2013,6.4775,5.2700000000000005,3.53,4.05
55120,17,16,4,2013,7.481666666666668,4.21,3.6,4.14
55121,17,17,4,2013,8.276666666666666,3.81,3.08,3.63
55122,17,18,4,2013,9.059166666666668,4.51,3.78,4.39
55123,17,19,4,2013,9.043333333333335,5.39,4.65,5.41
55124,17,20,4,2013,9.120833333333335,3.56,3.17,3.6
55125,17,21,4,2013,9.143333333333336,6.94,5.75,6.67
55126,17,22,4,2013,8.930833333333332,4.08,3.52,4.0600000000000005
55127,17,23,4,2013,8.453333333333333,5.13,3.45,4.51
55128,18,0,4,2013,7.713333333333334,7.71,4.75,6.29
55129,18,1,4,2013,6.9125000000000005,9.24,5.7,7.42
55130,18,2,4,2013,6.272500000000001,11.0,6.69,8.69
55131,18,3,4,2013,5.591666666666666,10.99,6.8500000000000005,8.81
55132,18,4,4,2013,4.823333333333333,11.82,7.28,9.41
55133,18,5,4,2013,4.1875,11.47,7.38,9.47
55134,18,6,4,2013,3.6149999999999998,12.2,7.59,9.78
55135,18,7,4,2013,3.066666666666667,12.51,7.88,10.11
55136,18,8,4,2013,2.669166666666667,11.59,7.5,9.59
55137,18,9,4,2013,2.2183333333333333,12.22,7.79,10.03
55138,18,10,4,2013,1.8866666666666665,12.51,7.9300000000000015,10.2
55139,18,11,4,2013,1.6516666666666666,11.84,7.44,9.57
55140,18,12,4,2013,1.3033333333333335,11.75,7.49,9.65
55141,18,13,4,2013,1.1766666666666665,12.27,7.88,10.14
55142,18,14,4,2013,1.1500000000000001,11.41,7.63,9.7
55143,18,15,4,2013,1.1066666666666667,12.0,8.41,10.55
55144,18,16,4,2013,1.4783333333333335,12.72,8.96,11.22
55145,18,17,4,2013,2.245833333333333,13.15,9.25,11.59
55146,18,18,4,2013,3.700833333333333,14.54,10.01,12.7
55147,18,19,4,2013,4.269166666666667,15.16,10.93,13.48
55148,18,20,4,2013,4.384999999999999,16.3,11.41,14.37
55149,18,21,4,2013,4.098333333333333,15.81,10.98,13.82
55150,18,22,4,2013,3.7516666666666665,15.43,10.83,13.62
55151,18,23,4,2013,3.0416666666666665,15.33,10.65,13.36
55152,19,0,4,2013,1.9933333333333334,14.92,10.41,13.08
55153,19,1,4,2013,0.8716666666666667,13.25,7.4,10.25
55154,19,2,4,2013,0.1475,13.41,7.4,10.24
55155,19,3,4,2013,-0.44416666666666665,13.1,7.26,10.03
55156,19,4,4,2013,-0.9100000000000001,12.75,7.2,9.87
55157,19,5,4,2013,-1.0958333333333332,12.63,7.3,9.9
55158,19,6,4,2013,-1.1308333333333334,12.31,7.11,9.64
55159,19,7,4,2013,-1.0766666666666664,12.34,7.07,9.63
55160,19,8,4,2013,-1.3216666666666668,12.23,6.99,9.51
55161,19,9,4,2013,-1.5066666666666666,11.78,6.58,9.05
55162,19,10,4,2013,-1.7641666666666669,12.13,6.96,9.47
55163,19,11,4,2013,-1.99,12.72,7.62,10.21
55164,19,12,4,2013,-1.7866666666666664,12.96,8.14,10.68
55165,19,13,4,2013,-0.5991666666666666,11.7,8.3,10.33
55166,19,14,4,2013,1.0966666666666667,10.68,7.84,9.64
55167,19,15,4,2013,2.7808333333333337,10.69,7.78,9.57
55168,19,16,4,2013,4.288333333333333,10.12,7.32,9.01
55169,19,17,4,2013,5.581666666666667,9.86,7.13,8.77
55170,19,18,4,2013,6.783333333333334,10.86,7.79,9.63
55171,19,19,4,2013,7.525833333333335,10.9,7.8,9.62
55172,19,20,4,2013,7.9941666666666675,10.72,7.67,9.47
55173,19,21,4,2013,8.181666666666667,10.6,7.56,9.35
55174,19,22,4,2013,8.061666666666666,10.49,7.41,9.26
55175,19,23,4,2013,7.583333333333333,9.88,6.93,8.69
55176,20,0,4,2013,5.887499999999999,8.82,5.37,7.25
55177,20,1,4,2013,3.8841666666666668,9.75,3.29,7.03
55178,20,2,4,2013,2.9058333333333333,11.0,3.86,7.9300000000000015
55179,20,3,4,2013,1.945833333333333,10.45,3.59,6.96
55180,20,4,4,2013,1.3491666666666664,9.99,3.68,7.07
55181,20,5,4,2013,0.5966666666666666,9.54,3.38,6.58
55182,20,6,4,2013,0.10416666666666669,8.93,2.5,6.0200000000000005
55183,20,7,4,2013,-0.44666666666666677,7.11,2.19,4.84
55184,20,8,4,2013,-0.6774999999999999,6.93,1.76,4.23
55185,20,9,4,2013,-1.0141666666666667,6.8900000000000015,1.96,4.43
55186,20,10,4,2013,-1.1933333333333331,6.6400000000000015,1.33,3.81
55187,20,11,4,2013,-1.3266666666666669,5.89,1.44,3.62
55188,20,12,4,2013,-0.8741666666666666,5.64,2.94,3.67
55189,20,13,4,2013,0.7266666666666667,4.43,3.47,4.1
55190,20,14,4,2013,2.4491666666666667,5.19,4.13,4.86
55191,20,15,4,2013,3.945,5.66,4.49,5.29
55192,20,16,4,2013,5.5375000000000005,5.8,4.59,5.42
55193,20,17,4,2013,6.939999999999999,6.05,4.75,5.61
55194,20,18,4,2013,8.181666666666667,6.51,5.15,6.08
55195,20,19,4,2013,9.310833333333333,7.0600000000000005,5.4,6.47
55196,20,20,4,2013,10.189166666666665,7.67,5.76,6.99
55197,20,21,4,2013,10.8025,8.72,6.42,7.87
55198,20,22,4,2013,11.314166666666665,9.27,6.68,8.3
55199,20,23,4,2013,11.198333333333332,9.51,6.7,8.44
55200,21,0,4,2013,10.080833333333333,11.44,5.79,8.51
55201,21,1,4,2013,9.2975,11.63,5.93,8.61
55202,21,2,4,2013,8.383333333333335,11.8,5.44,8.24
55203,21,3,4,2013,7.4316666666666675,12.79,5.58,8.64
55204,21,4,4,2013,6.4975,12.42,5.28,8.44
55205,21,5,4,2013,6.024166666666667,13.45,5.36,8.75
55206,21,6,4,2013,6.498333333333334,13.49,5.7700000000000005,9.22
55207,21,7,4,2013,6.505833333333334,14.3,5.74,9.35
55208,21,8,4,2013,6.345833333333334,14.45,5.68,9.32
55209,21,9,4,2013,6.529166666666666,14.79,6.78,10.41
55210,21,10,4,2013,6.8183333333333325,15.16,7.31,10.93
55211,21,11,4,2013,6.715,15.51,7.63,11.33
55212,21,12,4,2013,7.660833333333334,15.22,8.16,11.22
55213,21,13,4,2013,9.9925,13.03,7.94,10.55
55214,21,14,4,2013,12.525,10.72,7.55,9.36
55215,21,15,4,2013,14.449166666666665,10.71,7.7,9.57
55216,21,16,4,2013,15.7475,10.53,7.55,9.37
55217,21,17,4,2013,16.62333333333333,10.63,7.61,9.44
55218,21,18,4,2013,17.52,11.44,8.14,10.14
55219,21,19,4,2013,18.275000000000002,11.76,8.36,10.42
55220,21,20,4,2013,18.5875,11.46,8.16,10.16
55221,21,21,4,2013,18.71083333333333,11.33,8.06,10.09
55222,21,22,4,2013,18.590833333333332,11.58,8.26,10.37
55223,21,23,4,2013,17.9325,11.48,7.54,9.93
55224,22,0,4,2013,16.6425,12.19,6.11,8.66
55225,22,1,4,2013,14.9225,13.22,6.05,9.46
55226,22,2,4,2013,13.759166666666667,13.65,6.33,9.7
55227,22,3,4,2013,13.219166666666672,14.33,7.3900000000000015,10.59
55228,22,4,4,2013,13.47,13.94,7.46,10.53
55229,22,5,4,2013,12.515833333333333,12.97,6.25,9.23
55230,22,6,4,2013,11.631666666666668,7.91,3.26,5.48
55231,22,7,4,2013,12.429166666666665,11.27,4.5,7.35
55232,22,8,4,2013,11.745000000000003,12.59,6.03,8.85
55233,22,9,4,2013,9.747499999999999,12.15,5.03,7.96
55234,22,10,4,2013,9.458333333333334,13.07,6.18,9.21
55235,22,11,4,2013,9.367499999999998,14.24,6.5200000000000005,9.88
55236,22,12,4,2013,9.475833333333332,13.74,6.96,9.39
55237,22,13,4,2013,10.819166666666668,11.22,6.2700000000000005,8.35
55238,22,14,4,2013,12.69,10.11,6.01,7.5
55239,22,15,4,2013,14.543333333333337,7.9,5.7700000000000005,7.08
55240,22,16,4,2013,15.878333333333336,8.22,6.01,7.34
55241,22,17,4,2013,16.754166666666666,8.71,6.3,7.75
55242,22,18,4,2013,17.560833333333335,9.3,6.66,8.25
55243,22,19,4,2013,16.965833333333336,10.97,7.82,9.78
55244,22,20,4,2013,13.703333333333333,11.8,8.31,10.44
55245,22,21,4,2013,13.333333333333336,10.05,6.97,8.78
55246,22,22,4,2013,13.113333333333335,4.18,3.03,3.72
55247,22,23,4,2013,12.530833333333332,5.2700000000000005,3.42,4.36
55248,23,0,4,2013,7.216666666666666,12.99,8.9,11.13
55249,23,1,4,2013,4.378333333333333,12.63,8.98,11.22
55250,23,2,4,2013,3.4800000000000004,12.76,9.1,11.38
55251,23,3,4,2013,2.775833333333333,13.31,9.43,11.74
55252,23,4,4,2013,2.3625000000000003,12.6,8.950000000000003,11.18
55253,23,5,4,2013,1.9591666666666672,12.93,9.08,11.41
55254,23,6,4,2013,1.6525,13.0,9.07,11.36
55255,23,7,4,2013,1.3858333333333333,13.08,8.99,11.35
55256,23,8,4,2013,0.7133333333333334,13.37,9.26,11.67
55257,23,9,4,2013,0.18999999999999997,13.69,9.27,11.73
55258,23,10,4,2013,-0.20916666666666664,14.1,9.03,11.46
55259,23,11,4,2013,-0.6683333333333333,13.92,8.71,11.14
55260,23,12,4,2013,-0.6158333333333333,13.0,8.09,10.43
55261,23,13,4,2013,-0.5383333333333333,12.27,8.51,10.7
55262,23,14,4,2013,-0.3958333333333333,11.8,8.36,10.42
55263,23,15,4,2013,-0.18999999999999997,10.53,7.41,9.25
55264,23,16,4,2013,0.3841666666666667,10.46,7.49,9.3
55265,23,17,4,2013,1.6274999999999997,10.41,7.46,9.24
55266,23,18,4,2013,2.1325,10.54,7.67,9.46
55267,23,19,4,2013,3.3208333333333333,10.69,7.68,9.51
55268,23,20,4,2013,4.528333333333333,10.18,7.33,9.05
55269,23,21,4,2013,5.351666666666667,10.13,7.22,9.02
55270,23,22,4,2013,5.449166666666667,10.6,7.48,9.39
55271,23,23,4,2013,4.909166666666667,10.88,6.87,8.81
55272,24,0,4,2013,4.149166666666667,10.97,6.1000000000000005,8.9
55273,24,1,4,2013,3.4683333333333337,10.79,4.75,7.46
55274,24,2,4,2013,2.845,10.82,4.8100000000000005,7.58
55275,24,3,4,2013,1.9858333333333331,10.99,4.75,7.5
55276,24,4,4,2013,0.9808333333333334,12.38,6.22,9.17
55277,24,5,4,2013,-0.6,11.15,4.5,8.01
55278,24,6,4,2013,-1.6841666666666668,10.39,4.3,7.32
55279,24,7,4,2013,-2.5524999999999998,10.05,4.05,7.07
55280,24,8,4,2013,-3.146666666666667,8.06,3.5500000000000003,6.36
55281,24,9,4,2013,-3.501666666666667,6.96,3.39,6.16
55282,24,10,4,2013,-3.548333333333334,6.19,3.43,5.8100000000000005
55283,24,11,4,2013,-3.3825,6.47,3.75,5.95
55284,24,12,4,2013,-2.3833333333333333,5.98,3.67,5.8500000000000005
55285,24,13,4,2013,-0.5991666666666666,5.48,3.23,3.89
55286,24,14,4,2013,1.485,4.08,3.2,3.79
55287,24,15,4,2013,3.2616666666666663,4.89,3.73,4.45
55288,24,16,4,2013,4.623333333333334,5.4,4.0600000000000005,4.87
55289,24,17,4,2013,5.741666666666667,6.26,4.64,5.61
55290,24,18,4,2013,7.012499999999999,6.88,5.13,6.2
55291,24,19,4,2013,7.919166666666666,7.31,5.32,6.51
55292,24,20,4,2013,8.660833333333334,8.15,5.89,7.24
55293,24,21,4,2013,9.271666666666667,8.86,6.37,7.86
55294,24,22,4,2013,9.618333333333334,9.6,6.73,8.42
55295,24,23,4,2013,9.565,9.61,6.73,8.43
55296,25,0,4,2013,8.145000000000001,11.4,4.97,7.8900000000000015
55297,25,1,4,2013,6.735,12.96,5.54,9.32
55298,25,2,4,2013,5.776666666666667,13.81,5.49,9.26
55299,25,3,4,2013,5.560833333333334,13.97,5.9,9.65
55300,25,4,4,2013,4.796666666666667,12.83,5.5200000000000005,8.88
55301,25,5,4,2013,3.835833333333334,6.93,4.23,7.59
55302,25,6,4,2013,4.060833333333333,6.59,3.5500000000000003,6.2
55303,25,7,4,2013,3.2300000000000004,7.11,2.94,5.3500000000000005
55304,25,8,4,2013,2.9941666666666666,6.78,1.69,4.54
55305,25,9,4,2013,3.0399999999999996,3.85,1.53,3.22
55306,25,10,4,2013,2.8183333333333334,0.96,0.56,1.21
55307,25,11,4,2013,3.035833333333334,1.03,0.92,0.7000000000000001
55308,25,12,4,2013,3.875,2.42,1.89,2.23
55309,25,13,4,2013,5.8308333333333335,3.35,2.24,2.53
55310,25,14,4,2013,8.244166666666667,3.0700000000000003,2.41,2.73
55311,25,15,4,2013,10.392499999999998,3.42,2.73,3.2
55312,25,16,4,2013,11.725833333333334,4.16,3.26,3.84
55313,25,17,4,2013,12.918333333333331,5.19,3.98,4.74
55314,25,18,4,2013,14.154166666666667,6.58,4.87,5.91
55315,25,19,4,2013,15.465000000000002,7.48,5.45,6.67
55316,25,20,4,2013,16.423333333333332,8.98,6.51,8.0
55317,25,21,4,2013,16.929166666666667,9.31,6.69,8.23
55318,25,22,4,2013,17.63083333333333,9.66,6.74,8.48
55319,25,23,4,2013,17.2775,9.81,6.83,8.620000000000001
55320,26,0,4,2013,15.3675,10.44,4.75,7.33
55321,26,1,4,2013,13.639166666666668,12.76,5.0,8.55
55322,26,2,4,2013,13.260833333333332,15.29,7.29,10.82
55323,26,3,4,2013,13.193333333333333,16.43,8.28,11.72
55324,26,4,4,2013,12.66916666666667,16.18,8.42,11.95
55325,26,5,4,2013,12.398333333333333,15.11,8.3,11.43
55326,26,6,4,2013,10.597500000000002,15.94,9.82,13.0
55327,26,7,4,2013,10.289166666666667,14.65,9.01,11.85
55328,26,8,4,2013,10.106666666666666,14.59,8.84,11.76
55329,26,9,4,2013,9.6025,13.15,7.91,10.53
55330,26,10,4,2013,9.15,12.83,7.71,10.33
55331,26,11,4,2013,8.983333333333334,12.09,6.95,9.52
55332,26,12,4,2013,9.074166666666668,12.31,7.56,9.9
55333,26,13,4,2013,10.036666666666667,12.2,8.540000000000001,10.59
55334,26,14,4,2013,10.960833333333333,11.43,8.370000000000001,10.32
55335,26,15,4,2013,12.009166666666667,9.95,7.26,8.950000000000003
55336,26,16,4,2013,12.629166666666668,10.28,7.41,9.21
55337,26,17,4,2013,13.393333333333333,10.23,7.33,9.15
55338,26,18,4,2013,14.25,9.5,6.7,8.39
55339,26,19,4,2013,13.584166666666668,9.58,6.93,8.66
55340,26,20,4,2013,12.903333333333334,9.65,6.8100000000000005,8.51
55341,26,21,4,2013,12.250833333333333,9.53,6.6000000000000005,8.34
55342,26,22,4,2013,11.9825,8.08,5.41,6.88
55343,26,23,4,2013,11.726666666666668,4.16,2.75,3.47
55344,27,0,4,2013,11.168333333333335,4.91,3.06,4.16
55345,27,1,4,2013,10.420833333333334,5.34,2.69,4.53
55346,27,2,4,2013,9.934999999999999,8.17,4.2,6.45
55347,27,3,4,2013,9.048333333333334,8.36,4.08,6.38
55348,27,4,4,2013,8.268333333333333,7.38,2.52,5.17
55349,27,5,4,2013,8.183333333333332,7.44,3.31,5.59
55350,27,6,4,2013,8.110000000000001,5.8500000000000005,3.02,4.3
55351,27,7,4,2013,8.087500000000002,4.99,2.73,3.53
55352,27,8,4,2013,8.3375,3.99,1.73,2.57
55353,27,9,4,2013,8.47,2.16,1.07,1.45
55354,27,10,4,2013,8.3675,1.96,1.71,2.01
55355,27,11,4,2013,8.090833333333334,1.94,1.68,1.99
55356,27,12,4,2013,7.96,1.76,1.4,1.66
55357,27,13,4,2013,8.096666666666666,1.86,1.54,1.65
55358,27,14,4,2013,8.49916666666667,1.44,1.32,1.46
55359,27,15,4,2013,9.128333333333332,1.93,1.7,1.94
55360,27,16,4,2013,10.045833333333333,1.65,1.4,1.6
55361,27,17,4,2013,11.660000000000002,2.3000000000000003,2.71,2.74
55362,27,18,4,2013,12.685,3.27,2.92,3.29
55363,27,19,4,2013,13.523333333333332,3.26,3.0500000000000003,3.39
55364,27,20,4,2013,14.031666666666666,3.71,3.49,3.88
55365,27,21,4,2013,15.003333333333336,2.27,2.23,2.41
55366,27,22,4,2013,15.380833333333333,2.14,2.06,2.23
55367,27,23,4,2013,15.46583333333333,2.1,1.95,2.15
55368,28,0,4,2013,14.770833333333334,4.0200000000000005,1.88,3.43
55369,28,1,4,2013,12.768333333333333,5.6000000000000005,2.53,5.24
55370,28,2,4,2013,10.975833333333334,7.1400000000000015,3.92,6.62
55371,28,3,4,2013,10.185833333333333,7.01,4.21,6.46
55372,28,4,4,2013,9.671666666666665,6.8100000000000005,3.89,5.57
55373,28,5,4,2013,9.305,6.6400000000000015,3.76,5.0
55374,28,6,4,2013,8.970833333333335,7.66,4.17,5.48
55375,28,7,4,2013,8.924999999999999,7.51,4.12,5.48
55376,28,8,4,2013,8.547500000000001,8.290000000000001,4.5200000000000005,6.03
55377,28,9,4,2013,8.133333333333333,8.25,4.3500000000000005,5.86
55378,28,10,4,2013,8.595,7.74,4.49,6.17
55379,28,11,4,2013,8.753333333333336,7.63,4.51,6.29
55380,28,12,4,2013,8.895,7.96,4.47,6.36
55381,28,13,4,2013,9.056666666666665,7.32,4.73,5.8500000000000005
55382,28,14,4,2013,9.47,7.56,5.11,6.28
55383,28,15,4,2013,10.695833333333335,7.97,5.82,7.15
55384,28,16,4,2013,13.138333333333334,7.53,5.7,6.91
55385,28,17,4,2013,15.982500000000002,6.95,5.34,6.42
55386,28,18,4,2013,18.85083333333333,6.91,5.1000000000000005,6.23
55387,28,19,4,2013,20.76333333333334,8.59,6.28,7.72
55388,28,20,4,2013,21.423333333333332,8.97,6.65,8.16
55389,28,21,4,2013,22.2,9.71,7.16,8.84
55390,28,22,4,2013,22.635,9.63,6.8900000000000015,8.63
55391,28,23,4,2013,21.874166666666667,9.72,6.8900000000000015,8.64
55392,29,0,4,2013,20.2475,10.9,6.0600000000000005,8.27
55393,29,1,4,2013,18.40916666666667,12.96,6.1000000000000005,9.41
55394,29,2,4,2013,17.392500000000002,14.17,6.8900000000000015,10.21
55395,29,3,4,2013,16.594166666666666,14.66,7.05,10.41
55396,29,4,4,2013,15.905833333333334,14.37,7.34,10.56
55397,29,5,4,2013,15.4375,13.98,7.1000000000000005,10.31
55398,29,6,4,2013,15.061666666666667,14.24,6.99,10.22
55399,29,7,4,2013,14.611666666666663,13.97,6.76,9.89
55400,29,8,4,2013,13.9225,12.71,5.51,8.540000000000001
55401,29,9,4,2013,12.870833333333335,4.1,1.49,2.33
55402,29,10,4,2013,12.582500000000001,7.1000000000000005,3.25,5.3100000000000005
55403,29,11,4,2013,12.9675,8.63,4.14,6.34
55404,29,12,4,2013,14.257499999999999,9.02,4.63,6.58
55405,29,13,4,2013,15.721666666666664,7.72,4.15,5.68
55406,29,14,4,2013,17.206666666666667,4.09,3.23,3.83
55407,29,15,4,2013,18.799999999999997,3.61,2.9,3.4
55408,29,16,4,2013,20.7975,3.49,2.79,3.27
55409,29,17,4,2013,22.49833333333333,3.39,2.65,3.13
55410,29,18,4,2013,23.8475,3.65,2.83,3.34
55411,29,19,4,2013,25.02916666666667,4.42,3.39,4.05
55412,29,20,4,2013,25.86833333333333,5.2,3.9,4.7
55413,29,21,4,2013,26.47,7.42,5.4,6.67
55414,29,22,4,2013,26.926666666666666,10.03,7.01,8.91
55415,29,23,4,2013,26.485000000000003,10.79,7.11,9.19
55416,30,0,4,2013,25.138333333333332,10.8,4.66,7.2
55417,30,1,4,2013,23.520833333333332,13.59,5.38,8.96
55418,30,2,4,2013,22.921666666666667,15.57,7.0600000000000005,10.68
55419,30,3,4,2013,22.31,15.8,7.63,11.26
55420,30,4,4,2013,21.629166666666666,16.71,8.45,12.19
55421,30,5,4,2013,21.203333333333333,16.830000000000002,8.700000000000001,12.47
55422,30,6,4,2013,20.6375,16.740000000000002,8.53,12.26
55423,30,7,4,2013,20.11916666666667,16.9,8.540000000000001,12.31
55424,30,8,4,2013,19.634166666666662,17.650000000000006,9.17,13.05
55425,30,9,4,2013,19.140833333333333,17.580000000000002,9.16,13.05
55426,30,10,4,2013,18.83666666666667,17.92,9.59,13.48
55427,30,11,4,2013,18.549166666666668,18.31,9.97,13.89
55428,30,12,4,2013,18.659166666666668,18.41,11.45,15.11
55429,30,13,4,2013,20.144166666666667,18.67,11.98,15.6
55430,30,14,4,2013,20.925,14.33,10.05,12.58
55431,30,15,4,2013,22.278333333333336,13.65,9.71,12.16
55432,30,16,4,2013,23.479166666666668,12.49,8.870000000000003,11.11
55433,30,17,4,2013,24.852500000000003,10.46,7.44,9.26
55434,30,18,4,2013,25.73333333333333,10.9,7.78,9.67
55435,30,19,4,2013,26.438333333333333,10.91,7.78,9.68
55436,30,20,4,2013,26.86583333333333,11.26,8.03,10.01
55437,30,21,4,2013,26.956666666666667,11.79,8.46,10.55
55438,30,22,4,2013,26.88666666666667,11.32,7.91,9.97
55439,30,23,4,2013,26.2925,11.89,7.5,9.92
55440,1,0,5,2013,24.641666666666666,13.03,7.17,9.76
55441,1,1,5,2013,22.479166666666668,12.36,5.65,8.93
55442,1,2,5,2013,21.2075,13.45,5.78,9.18
55443,1,3,5,2013,20.581666666666667,14.04,6.29,9.76
55444,1,4,5,2013,19.68083333333333,13.38,5.8100000000000005,9.25
55445,1,5,5,2013,18.919999999999998,13.12,5.42,8.950000000000003
55446,1,6,5,2013,16.810000000000002,9.73,4.91,7.01
55447,1,7,5,2013,15.208333333333334,7.54,3.69,6.5200000000000005
55448,1,8,5,2013,13.865833333333333,6.8500000000000005,3.84,6.05
55449,1,9,5,2013,13.24,7.63,4.6000000000000005,7.03
55450,1,10,5,2013,12.871666666666668,9.63,5.22,7.53
55451,1,11,5,2013,12.570833333333331,11.29,7.0200000000000005,9.27
55452,1,12,5,2013,11.571666666666667,11.89,8.370000000000001,10.46
55453,1,13,5,2013,11.1225,11.76,8.45,10.55
55454,1,14,5,2013,11.57,11.69,8.55,10.58
55455,1,15,5,2013,12.045833333333334,11.67,8.56,10.59
55456,1,16,5,2013,11.138333333333334,12.9,9.34,11.65
55457,1,17,5,2013,10.345833333333333,13.1,9.7,11.9
55458,1,18,5,2013,10.310833333333333,13.36,9.93,12.19
55459,1,19,5,2013,9.32,14.81,10.73,13.37
55460,1,20,5,2013,7.336666666666667,15.19,10.87,13.61
55461,1,21,5,2013,6.036666666666666,15.55,11.1,13.91
55462,1,22,5,2013,5.1191666666666675,15.53,10.89,13.7
55463,1,23,5,2013,4.4,16.51,11.45,14.52
55464,2,0,5,2013,3.3558333333333334,16.330000000000002,10.78,13.87
55465,2,1,5,2013,2.8408333333333338,15.35,10.31,13.14
55466,2,2,5,2013,2.3891666666666667,15.96,10.39,13.3
55467,2,3,5,2013,2.231666666666667,17.16,9.81,12.92
55468,2,4,5,2013,2.1183333333333327,14.8,9.13,11.78
55469,2,5,5,2013,2.3016666666666663,16.09,10.22,13.1
55470,2,6,5,2013,2.4724999999999997,18.56,11.34,14.57
55471,2,7,5,2013,1.901666666666667,16.86,10.46,13.53
55472,2,8,5,2013,1.174166666666667,16.84,9.51,12.8
55473,2,9,5,2013,1.284166666666667,15.07,8.58,11.46
55474,2,10,5,2013,0.7383333333333334,15.72,8.88,12.61
55475,2,11,5,2013,0.5199999999999999,14.76,7.74,11.8
55476,2,12,5,2013,1.0224999999999997,16.05,10.29,13.4
55477,2,13,5,2013,1.2333333333333334,15.9,9.91,12.71
55478,2,14,5,2013,1.593333333333333,13.77,9.35,11.85
55479,2,15,5,2013,2.7758333333333334,14.17,9.96,12.57
55480,2,16,5,2013,3.589166666666667,14.9,10.4,13.14
55481,2,17,5,2013,3.9041666666666663,14.41,10.2,12.86
55482,2,18,5,2013,4.118333333333333,15.91,11.13,14.07
55483,2,19,5,2013,5.1866666666666665,17.07,11.87,15.12
55484,2,20,5,2013,6.009166666666666,16.11,11.26,14.29
55485,2,21,5,2013,6.675833333333333,12.72,9.05,11.37
55486,2,22,5,2013,7.0249999999999995,11.55,7.9,10.11
55487,2,23,5,2013,6.765833333333333,11.2,7.6400000000000015,9.79
55488,3,0,5,2013,6.1383333333333345,9.8,5.26,7.7
55489,3,1,5,2013,5.559166666666667,9.14,4.2,6.76
55490,3,2,5,2013,5.366666666666666,9.41,3.92,6.59
55491,3,3,5,2013,4.9975,10.77,4.43,7.6400000000000015
55492,3,4,5,2013,4.323333333333333,11.92,5.17,8.53
55493,3,5,5,2013,3.9491666666666663,12.29,5.84,9.02
55494,3,6,5,2013,3.3024999999999998,12.49,5.74,8.84
55495,3,7,5,2013,2.6558333333333337,12.83,5.83,9.04
55496,3,8,5,2013,2.0608333333333335,12.87,5.8500000000000005,8.870000000000003
55497,3,9,5,2013,1.3466666666666667,13.22,6.09,9.41
55498,3,10,5,2013,0.7066666666666667,13.16,6.18,9.43
55499,3,11,5,2013,-0.19583333333333333,12.36,5.84,8.96
55500,3,12,5,2013,0.00416666666666668,11.68,6.17,8.41
55501,3,13,5,2013,1.3866666666666667,9.39,6.57,8.14
55502,3,14,5,2013,2.5325,10.12,7.36,9.14
55503,3,15,5,2013,3.7883333333333327,10.99,7.9,9.88
55504,3,16,5,2013,4.892500000000001,11.9,8.540000000000001,10.68
55505,3,17,5,2013,5.930833333333335,12.03,8.61,10.77
55506,3,18,5,2013,6.921666666666668,12.06,8.63,10.79
55507,3,19,5,2013,7.689166666666668,12.33,8.790000000000001,11.0
55508,3,20,5,2013,8.339166666666667,12.59,8.86,11.17
55509,3,21,5,2013,8.598333333333334,13.58,9.63,12.2
55510,3,22,5,2013,8.826666666666666,13.83,9.69,12.4
55511,3,23,5,2013,8.445,13.8,9.89,12.56
55512,4,0,5,2013,7.984166666666667,11.72,7.38,9.81
55513,4,1,5,2013,6.963333333333332,10.76,6.47,8.76
55514,4,2,5,2013,6.095833333333334,10.38,6.37,8.57
55515,4,3,5,2013,5.703333333333333,10.15,6.21,8.370000000000001
55516,4,4,5,2013,5.370833333333334,10.02,6.1000000000000005,8.2
55517,4,5,5,2013,5.020833333333333,10.6,6.59,8.77
55518,4,6,5,2013,4.2775,10.23,6.2,8.18
55519,4,7,5,2013,3.7808333333333324,12.81,8.32,10.92
55520,4,8,5,2013,3.6675,13.3,8.57,11.29
55521,4,9,5,2013,3.316666666666667,12.05,7.9,10.32
55522,4,10,5,2013,3.2716666666666665,12.45,8.08,10.55
55523,4,11,5,2013,3.0625,12.84,8.01,10.54
55524,4,12,5,2013,2.7733333333333334,12.59,7.76,10.47
55525,4,13,5,2013,2.853333333333333,11.7,7.76,10.0
55526,4,14,5,2013,3.0175000000000005,10.87,7.71,9.7
55527,4,15,5,2013,3.4441666666666673,10.53,7.51,9.43
55528,4,16,5,2013,4.020833333333333,10.5,7.63,9.53
55529,4,17,5,2013,5.0375000000000005,9.92,7.3,9.06
55530,4,18,5,2013,5.067500000000001,9.98,7.3900000000000015,9.15
55531,4,19,5,2013,5.128333333333335,9.37,6.97,8.620000000000001
55532,4,20,5,2013,5.124166666666667,8.870000000000003,6.53,8.1
55533,4,21,5,2013,5.103333333333333,8.39,6.01,7.54
55534,4,22,5,2013,5.151666666666667,7.8900000000000015,5.76,7.15
55535,4,23,5,2013,5.174166666666667,8.17,5.32,6.74
55536,5,0,5,2013,5.324999999999999,9.39,6.0200000000000005,7.9
55537,5,1,5,2013,5.1883333333333335,9.29,5.92,7.78
55538,5,2,5,2013,5.0391666666666675,8.83,5.63,7.3900000000000015
55539,5,3,5,2013,4.889166666666667,9.73,6.29,8.22
55540,5,4,5,2013,4.846666666666668,9.69,6.22,8.15
55541,5,5,5,2013,4.8691666666666675,9.62,6.17,8.08
55542,5,6,5,2013,4.9075,9.56,6.08,7.99
55543,5,7,5,2013,5.074166666666668,9.62,6.22,8.09
55544,5,8,5,2013,5.154166666666667,9.4,6.13,7.97
55545,5,9,5,2013,5.191666666666667,9.1,5.71,7.52
55546,5,10,5,2013,5.1975,8.43,5.33,7.0
55547,5,11,5,2013,5.1450000000000005,7.84,5.1000000000000005,6.6400000000000015
55548,5,12,5,2013,4.960833333333333,8.16,5.28,6.86
55549,5,13,5,2013,4.960833333333333,8.25,5.0600000000000005,6.67
55550,5,14,5,2013,5.250833333333333,7.41,5.38,6.67
55551,5,15,5,2013,5.745833333333334,6.91,5.08,6.2700000000000005
55552,5,16,5,2013,6.285833333333333,6.15,4.65,5.68
55553,5,17,5,2013,6.787499999999999,5.95,4.53,5.51
55554,5,18,5,2013,7.31,6.0,4.5600000000000005,5.55
55555,5,19,5,2013,7.771666666666667,5.98,4.51,5.51
55556,5,20,5,2013,8.2725,6.17,4.61,5.66
55557,5,21,5,2013,8.562500000000002,6.3100000000000005,4.73,5.8100000000000005
55558,5,22,5,2013,8.41,6.4,4.76,5.87
55559,5,23,5,2013,8.073333333333334,6.13,4.55,5.62
55560,6,0,5,2013,7.677499999999999,6.13,4.05,5.16
55561,6,1,5,2013,7.475833333333333,6.22,3.74,5.04
55562,6,2,5,2013,7.353333333333333,6.41,3.8,5.11
55563,6,3,5,2013,7.279166666666666,6.29,3.75,5.04
55564,6,4,5,2013,7.243333333333335,5.58,3.22,4.37
55565,6,5,5,2013,7.290833333333333,5.61,3.2,4.32
55566,6,6,5,2013,7.360833333333333,5.38,3.03,4.13
55567,6,7,5,2013,7.423333333333332,5.5,3.13,4.28
55568,6,8,5,2013,7.5041666666666655,5.73,3.31,4.5
55569,6,9,5,2013,7.525833333333332,5.64,3.09,4.26
55570,6,10,5,2013,7.554166666666666,5.74,3.06,4.26
55571,6,11,5,2013,7.5825,5.6000000000000005,2.94,4.12
55572,6,12,5,2013,7.7575,5.78,3.19,4.34
55573,6,13,5,2013,8.175833333333332,5.14,2.89,3.79
55574,6,14,5,2013,8.87,3.16,2.37,2.82
55575,6,15,5,2013,10.254166666666666,4.19,3.3000000000000003,3.91
55576,6,16,5,2013,11.964166666666666,4.12,3.26,3.86
55577,6,17,5,2013,13.763333333333334,3.21,2.59,3.03
55578,6,18,5,2013,15.4475,2.6,2.16,2.49
55579,6,19,5,2013,16.797500000000003,2.1,1.75,2.01
55580,6,20,5,2013,17.8425,1.6,1.42,1.56
55581,6,21,5,2013,18.57916666666667,1.49,1.4,1.5
55582,6,22,5,2013,18.845,1.14,1.15,1.21
55583,6,23,5,2013,18.888333333333332,0.6900000000000001,0.78,0.79
55584,7,0,5,2013,18.1925,0.51,0.52,0.53
55585,7,1,5,2013,16.038333333333334,0.39,0.35000000000000003,0.41
55586,7,2,5,2013,15.150833333333333,0.44,0.74,0.53
55587,7,3,5,2013,14.688333333333338,0.52,0.8300000000000001,0.5700000000000001
55588,7,4,5,2013,14.25166666666667,0.72,0.79,0.76
55589,7,5,5,2013,13.616666666666669,0.98,0.5700000000000001,0.81
55590,7,6,5,2013,13.043333333333335,1.51,0.64,1.03
55591,7,7,5,2013,12.244166666666667,1.73,0.74,1.35
55592,7,8,5,2013,11.609166666666667,1.99,0.88,1.73
55593,7,9,5,2013,11.165833333333333,2.03,0.85,1.75
55594,7,10,5,2013,10.899166666666668,2.22,0.9,1.79
55595,7,11,5,2013,10.993333333333332,1.88,1.03,1.68
55596,7,12,5,2013,11.679166666666667,2.16,1.22,1.9
55597,7,13,5,2013,13.83,2.19,0.9,1.08
55598,7,14,5,2013,16.004166666666666,2.14,1.66,1.97
55599,7,15,5,2013,17.462500000000002,3.04,2.35,2.79
55600,7,16,5,2013,18.549166666666668,3.96,3.06,3.64
55601,7,17,5,2013,19.53,4.29,3.36,3.98
55602,7,18,5,2013,20.458333333333332,4.5600000000000005,3.56,4.21
55603,7,19,5,2013,21.194999999999997,5.73,4.49,5.3500000000000005
55604,7,20,5,2013,21.786666666666665,5.83,4.55,5.41
55605,7,21,5,2013,22.0625,6.03,4.63,5.57
55606,7,22,5,2013,22.131666666666664,6.17,4.59,5.59
55607,7,23,5,2013,21.95583333333333,7.26,5.08,6.38
55608,8,0,5,2013,20.764166666666668,7.97,4.86,6.67
55609,8,1,5,2013,18.911666666666665,10.82,4.29,8.26
55610,8,2,5,2013,17.846666666666668,10.94,4.47,8.2
55611,8,3,5,2013,17.282500000000002,11.49,4.89,8.45
55612,8,4,5,2013,16.710000000000004,12.21,5.15,8.67
55613,8,5,5,2013,15.851666666666667,12.53,5.32,8.950000000000003
55614,8,6,5,2013,15.633333333333333,12.41,5.67,8.83
55615,8,7,5,2013,15.055,10.52,4.62,6.96
55616,8,8,5,2013,14.698333333333332,10.53,4.41,7.03
55617,8,9,5,2013,14.014166666666668,10.6,4.32,7.36
55618,8,10,5,2013,13.545000000000002,7.82,2.18,4.26
55619,8,11,5,2013,13.016666666666667,6.46,2.2,4.42
55620,8,12,5,2013,13.060000000000002,6.49,2.44,3.97
55621,8,13,5,2013,15.087499999999999,6.41,4.49,5.42
55622,8,14,5,2013,16.627499999999998,6.58,4.4,5.33
55623,8,15,5,2013,17.860833333333332,10.42,7.58,9.45
55624,8,16,5,2013,17.175833333333333,10.23,7.74,9.44
55625,8,17,5,2013,18.084999999999997,6.8,4.76,5.8500000000000005
55626,8,18,5,2013,18.116666666666664,6.2,4.78,5.71
55627,8,19,5,2013,19.105833333333333,6.19,4.89,5.8
55628,8,20,5,2013,20.344166666666666,6.05,4.66,5.58
55629,8,21,5,2013,20.82416666666667,6.7700000000000005,5.12,6.16
55630,8,22,5,2013,20.896666666666665,6.58,4.98,6.0
55631,8,23,5,2013,20.859166666666667,8.41,4.8100000000000005,6.79
55632,9,0,5,2013,19.25,8.78,4.61,6.76
55633,9,1,5,2013,16.495833333333334,8.14,4.03,6.0600000000000005
55634,9,2,5,2013,16.68,13.26,9.15,11.41
55635,9,3,5,2013,15.362499999999997,7.57,4.26,6.09
55636,9,4,5,2013,15.091666666666667,6.6000000000000005,3.39,4.82
55637,9,5,5,2013,15.286666666666667,7.31,4.25,5.87
55638,9,6,5,2013,14.9325,6.88,3.98,5.44
55639,9,7,5,2013,14.581666666666663,7.73,3.89,5.37
55640,9,8,5,2013,14.689166666666665,7.7,3.03,4.88
55641,9,9,5,2013,14.526666666666666,5.22,2.1,3.99
55642,9,10,5,2013,13.94833333333333,2.23,1.18,1.52
55643,9,11,5,2013,13.844166666666666,1.65,1.29,1.59
55644,9,12,5,2013,14.4475,1.83,1.43,1.75
55645,9,13,5,2013,15.129166666666668,2.03,1.89,2.11
55646,9,14,5,2013,14.924999999999999,2.44,1.82,2.08
55647,9,15,5,2013,14.964166666666666,3.11,2.52,2.97
55648,9,16,5,2013,15.415833333333333,3.61,2.88,3.42
55649,9,17,5,2013,16.972499999999997,3.74,2.89,3.42
55650,9,18,5,2013,18.742500000000003,3.76,2.88,3.43
55651,9,19,5,2013,20.138333333333332,3.72,2.83,3.38
55652,9,20,5,2013,18.680833333333332,8.74,7.33,8.67
55653,9,21,5,2013,19.558333333333337,6.46,4.98,5.98
55654,9,22,5,2013,18.88166666666667,7.4,5.5600000000000005,6.73
55655,9,23,5,2013,18.895,4.5200000000000005,3.65,4.32
55656,10,0,5,2013,18.363333333333337,8.36,4.96,6.97
55657,10,1,5,2013,16.29333333333333,6.97,3.74,5.96
55658,10,2,5,2013,15.563333333333333,10.95,4.94,8.39
55659,10,3,5,2013,14.265833333333333,7.94,3.91,6.29
55660,10,4,5,2013,13.749166666666666,8.26,3.71,6.36
55661,10,5,5,2013,13.576666666666668,10.56,4.41,7.1400000000000015
55662,10,6,5,2013,13.165,10.7,4.64,7.28
55663,10,7,5,2013,12.638333333333334,10.0,4.21,6.8500000000000005
55664,10,8,5,2013,13.094166666666672,8.84,5.03,6.82
55665,10,9,5,2013,12.906666666666666,8.63,5.29,7.07
55666,10,10,5,2013,12.864999999999997,8.43,5.41,7.1000000000000005
55667,10,11,5,2013,12.222499999999998,9.62,6.08,8.05
55668,10,12,5,2013,12.12,10.08,6.72,8.75
55669,10,13,5,2013,10.910833333333334,9.01,6.38,7.97
55670,10,14,5,2013,11.29,8.05,5.87,7.25
55671,10,15,5,2013,11.809166666666664,7.53,5.57,6.88
55672,10,16,5,2013,12.787500000000001,7.11,5.34,6.5
55673,10,17,5,2013,13.766666666666667,6.95,5.15,6.29
55674,10,18,5,2013,15.190000000000003,7.08,5.3500000000000005,6.46
55675,10,19,5,2013,16.42833333333333,6.5,4.88,5.9
55676,10,20,5,2013,17.540833333333335,6.8,5.11,6.19
55677,10,21,5,2013,18.215833333333336,6.5,4.88,5.92
55678,10,22,5,2013,18.474166666666665,6.29,4.68,5.7
55679,10,23,5,2013,18.413333333333338,5.7,4.25,5.18
55680,11,0,5,2013,17.671666666666663,6.09,3.78,5.25
55681,11,1,5,2013,15.799166666666666,4.8500000000000005,2.5,4.54
55682,11,2,5,2013,14.545,3.33,0.91,2.22
55683,11,3,5,2013,14.261666666666663,2.14,0.63,1.24
55684,11,4,5,2013,13.84083333333333,1.37,1.6,1.64
55685,11,5,5,2013,13.176666666666668,3.23,2.91,3.93
55686,11,6,5,2013,12.213333333333333,5.26,4.11,5.98
55687,11,7,5,2013,11.373333333333333,7.37,4.73,7.12
55688,11,8,5,2013,11.148333333333333,8.58,5.2700000000000005,8.18
55689,11,9,5,2013,11.004166666666668,9.8,5.42,8.42
55690,11,10,5,2013,11.460833333333333,11.14,6.54,8.85
55691,11,11,5,2013,11.218333333333332,11.31,5.72,8.370000000000001
55692,11,12,5,2013,12.187500000000002,11.76,7.17,9.22
55693,11,13,5,2013,12.945833333333335,12.01,8.47,10.62
55694,11,14,5,2013,13.2275,12.6,8.94,11.19
55695,11,15,5,2013,13.318333333333335,12.78,9.19,11.44
55696,11,16,5,2013,13.790833333333333,12.25,8.84,10.91
55697,11,17,5,2013,14.339999999999998,11.46,8.25,10.23
55698,11,18,5,2013,14.890000000000002,11.93,8.55,10.6
55699,11,19,5,2013,15.355833333333331,12.13,8.620000000000001,10.74
55700,11,20,5,2013,15.710833333333335,12.57,9.1,11.23
55701,11,21,5,2013,15.689166666666665,13.07,9.43,11.75
55702,11,22,5,2013,15.064166666666665,12.95,9.18,11.52
55703,11,23,5,2013,14.45583333333333,12.0,8.47,10.64
55704,12,0,5,2013,13.281666666666666,11.57,6.8500000000000005,8.76
55705,12,1,5,2013,10.860833333333332,12.1,4.8500000000000005,8.03
55706,12,2,5,2013,9.170833333333334,13.18,3.1,8.120000000000001
55707,12,3,5,2013,8.835833333333335,10.99,3.35,8.45
55708,12,4,5,2013,8.125833333333334,9.8,3.15,7.21
55709,12,5,5,2013,7.384166666666666,9.28,2.22,5.59
55710,12,6,5,2013,6.640000000000001,7.21,1.84,4.46
55711,12,7,5,2013,6.023333333333333,6.0200000000000005,2.11,4.29
55712,12,8,5,2013,5.445,5.5200000000000005,1.99,3.95
55713,12,9,5,2013,5.099166666666666,4.9,2.13,3.79
55714,12,10,5,2013,4.148333333333333,4.08,1.53,2.95
55715,12,11,5,2013,3.606666666666666,2.11,1.18,1.9
55716,12,12,5,2013,5.004166666666666,2.4,1.35,2.13
55717,12,13,5,2013,6.984166666666667,2.01,1.66,1.86
55718,12,14,5,2013,8.993333333333332,1.63,1.35,1.55
55719,12,15,5,2013,10.766666666666667,1.45,1.38,1.5
55720,12,16,5,2013,12.014166666666666,1.37,1.37,1.45
55721,12,17,5,2013,13.17,1.24,1.04,1.17
55722,12,18,5,2013,14.215000000000002,1.88,1.49,1.75
55723,12,19,5,2013,15.144166666666665,2.12,1.93,2.13
55724,12,20,5,2013,15.774166666666668,2.15,1.94,2.15
55725,12,21,5,2013,16.44333333333333,1.97,1.66,1.87
55726,12,22,5,2013,16.774166666666666,2.15,1.76,2.02
55727,12,23,5,2013,16.895,2.02,1.59,1.86
55728,13,0,5,2013,16.46666666666667,4.18,2.31,3.66
55729,13,1,5,2013,14.601666666666667,4.47,1.98,3.5500000000000003
55730,13,2,5,2013,13.590000000000002,3.85,1.76,3.39
55731,13,3,5,2013,12.939166666666665,5.26,2.59,4.59
55732,13,4,5,2013,12.291666666666666,6.82,3.25,5.89
55733,13,5,5,2013,11.975833333333334,9.58,4.36,7.56
55734,13,6,5,2013,11.379166666666668,9.78,4.61,7.78
55735,13,7,5,2013,10.753333333333336,9.65,4.57,7.72
55736,13,8,5,2013,10.293333333333333,10.06,4.74,7.87
55737,13,9,5,2013,10.081666666666665,10.31,5.0,8.07
55738,13,10,5,2013,9.784166666666666,10.86,5.3,8.47
55739,13,11,5,2013,9.893333333333333,11.08,5.59,8.66
55740,13,12,5,2013,10.831666666666669,10.78,5.98,8.32
55741,13,13,5,2013,12.813333333333333,9.41,5.18,6.8100000000000005
55742,13,14,5,2013,15.1275,6.8900000000000015,5.2700000000000005,6.34
55743,13,15,5,2013,17.253333333333334,7.35,5.55,6.74
55744,13,16,5,2013,19.126666666666665,7.32,5.5200000000000005,6.7
55745,13,17,5,2013,20.775833333333335,7.01,5.3100000000000005,6.42
55746,13,18,5,2013,22.215,7.41,5.5200000000000005,6.72
55747,13,19,5,2013,23.482500000000005,7.55,5.57,6.79
55748,13,20,5,2013,24.47916666666666,8.4,6.21,7.62
55749,13,21,5,2013,24.986666666666665,9.05,6.71,8.25
55750,13,22,5,2013,25.464166666666667,9.33,6.57,8.25
55751,13,23,5,2013,25.383333333333336,9.62,6.74,8.53
55752,14,0,5,2013,24.185000000000002,11.24,5.69,8.08
55753,14,1,5,2013,22.573333333333334,13.92,6.75,10.27
55754,14,2,5,2013,22.028333333333336,15.36,7.9,11.5
55755,14,3,5,2013,21.634999999999994,15.88,8.23,11.87
55756,14,4,5,2013,21.0425,16.42,8.25,11.99
55757,14,5,5,2013,20.900833333333335,16.38,8.28,12.05
55758,14,6,5,2013,20.83833333333333,16.46,8.08,11.91
55759,14,7,5,2013,20.85166666666667,16.46,7.97,11.88
55760,14,8,5,2013,20.699166666666667,16.21,7.88,11.76
55761,14,9,5,2013,20.388333333333335,15.86,7.86,11.73
55762,14,10,5,2013,20.054166666666667,15.33,7.61,11.28
55763,14,11,5,2013,19.650833333333335,14.96,7.72,11.3
55764,14,12,5,2013,20.063333333333333,14.3,7.72,10.98
55765,14,13,5,2013,21.63,12.24,7.45,9.82
55766,14,14,5,2013,23.804999999999996,11.14,7.67,9.27
55767,14,15,5,2013,26.076666666666668,10.19,7.68,9.29
55768,14,16,5,2013,28.340833333333332,10.31,7.82,9.5
55769,14,17,5,2013,30.13166666666667,10.47,7.88,9.61
55770,14,18,5,2013,31.38666666666667,11.77,8.45,10.51
55771,14,19,5,2013,32.35583333333333,12.79,9.04,11.33
55772,14,20,5,2013,33.03166666666667,14.22,9.88,12.5
55773,14,21,5,2013,33.25333333333334,14.57,10.02,12.77
55774,14,22,5,2013,32.74833333333333,15.2,10.41,13.34
55775,14,23,5,2013,31.5275,14.07,9.39,12.11
55776,15,0,5,2013,29.33666666666667,16.18,8.120000000000001,12.05
55777,15,1,5,2013,27.382499999999997,18.13,9.55,13.6
55778,15,2,5,2013,26.291666666666668,19.1,10.57,14.79
55779,15,3,5,2013,24.487499999999997,17.51,8.99,12.98
55780,15,4,5,2013,21.493333333333336,15.35,6.6000000000000005,10.42
55781,15,5,5,2013,19.749166666666667,12.68,2.62,6.69
55782,15,6,5,2013,18.704166666666666,12.86,2.25,6.66
55783,15,7,5,2013,18.08583333333333,9.51,3.04,6.95
55784,15,8,5,2013,20.9675,11.58,5.1000000000000005,8.5
55785,15,9,5,2013,20.24416666666667,11.69,4.84,8.16
55786,15,10,5,2013,19.192500000000003,8.35,4.19,6.75
55787,15,11,5,2013,19.26416666666667,10.84,6.05,8.93
55788,15,12,5,2013,20.015,11.04,5.58,8.52
55789,15,13,5,2013,21.20583333333333,9.0,5.69,7.32
55790,15,14,5,2013,22.264999999999997,2.53,1.93,2.31
55791,15,15,5,2013,23.798333333333332,3.02,2.29,2.74
55792,15,16,5,2013,25.35083333333333,3.89,3.09,3.64
55793,15,17,5,2013,26.246666666666666,3.45,2.72,3.2
55794,15,18,5,2013,27.070833333333336,1.65,1.32,1.54
55795,15,19,5,2013,28.117499999999996,2.34,2.04,2.3000000000000003
55796,15,20,5,2013,28.737500000000008,2.5500000000000003,1.86,2.25
55797,15,21,5,2013,29.622500000000002,2.73,1.98,2.43
55798,15,22,5,2013,29.95,5.0,3.97,4.89
55799,15,23,5,2013,26.467499999999998,9.72,6.32,8.73
55800,16,0,5,2013,24.332499999999996,6.78,5.87,6.7700000000000005
55801,16,1,5,2013,24.758333333333336,10.42,3.75,6.73
55802,16,2,5,2013,22.921666666666667,14.86,9.47,12.89
55803,16,3,5,2013,20.781666666666666,9.19,5.44,7.88
55804,16,4,5,2013,19.853333333333335,8.620000000000001,5.22,7.43
55805,16,5,5,2013,18.854166666666668,7.05,3.47,6.1000000000000005
55806,16,6,5,2013,18.38,8.63,3.65,6.42
55807,16,7,5,2013,18.272500000000004,9.41,4.61,7.03
55808,16,8,5,2013,17.634166666666665,10.74,5.3,7.97
55809,16,9,5,2013,17.44916666666667,10.28,5.04,7.6400000000000015
55810,16,10,5,2013,16.9325,9.5,4.64,7.29
55811,16,11,5,2013,16.344999999999995,7.28,3.63,5.91
55812,16,12,5,2013,16.223333333333333,6.25,3.13,4.54
55813,16,13,5,2013,16.270833333333332,3.44,1.58,1.71
55814,16,14,5,2013,18.477500000000003,3.34,3.08,3.46
55815,16,15,5,2013,19.315,4.5,3.58,4.25
55816,16,16,5,2013,21.169166666666666,5.36,4.21,5.0200000000000005
55817,16,17,5,2013,22.46083333333333,5.4,4.23,5.04
55818,16,18,5,2013,23.6525,5.07,3.87,4.64
55819,16,19,5,2013,24.639999999999997,6.54,4.98,6.0
55820,16,20,5,2013,25.155,5.89,4.48,5.39
55821,16,21,5,2013,25.59583333333333,6.36,4.78,5.8100000000000005
55822,16,22,5,2013,25.795833333333334,6.99,5.2,6.38
55823,16,23,5,2013,25.094166666666666,7.66,5.78,7.08
55824,17,0,5,2013,24.0325,7.71,4.98,6.25
55825,17,1,5,2013,22.010833333333334,8.68,4.09,6.93
55826,17,2,5,2013,20.48,8.44,3.5500000000000003,6.62
55827,17,3,5,2013,20.045,7.94,3.98,6.88
55828,17,4,5,2013,19.425,10.13,4.36,7.67
55829,17,5,5,2013,18.5325,10.9,4.91,8.19
55830,17,6,5,2013,17.8475,9.45,4.72,7.66
55831,17,7,5,2013,17.421666666666663,8.26,4.41,7.21
55832,17,8,5,2013,16.865833333333335,8.23,4.2,6.51
55833,17,9,5,2013,15.761666666666663,7.51,3.89,5.8
55834,17,10,5,2013,15.534166666666664,7.4,3.91,5.46
55835,17,11,5,2013,15.283333333333333,6.3900000000000015,3.19,4.15
55836,17,12,5,2013,15.195833333333335,6.88,4.09,4.98
55837,17,13,5,2013,15.379166666666665,6.83,4.0600000000000005,4.94
55838,17,14,5,2013,16.48333333333333,4.48,2.66,3.06
55839,17,15,5,2013,19.767499999999995,3.26,2.79,3.2
55840,17,16,5,2013,21.79166666666666,4.3500000000000005,3.44,4.0600000000000005
55841,17,17,5,2013,23.099999999999998,4.61,3.64,4.3
55842,17,18,5,2013,23.96416666666667,4.37,3.49,4.1
55843,17,19,5,2013,24.696666666666662,4.73,3.77,4.44
55844,17,20,5,2013,25.255,4.72,3.7,4.39
55845,17,21,5,2013,25.617499999999996,4.74,3.73,4.42
55846,17,22,5,2013,25.719166666666666,5.01,3.86,4.64
55847,17,23,5,2013,25.455,5.72,4.26,5.22
55848,18,0,5,2013,24.468333333333337,8.06,5.0,6.42
55849,18,1,5,2013,22.393333333333334,9.08,3.95,6.82
55850,18,2,5,2013,21.12,9.78,4.38,7.43
55851,18,3,5,2013,20.136666666666663,10.3,4.46,7.55
55852,18,4,5,2013,19.41333333333333,9.97,4.49,7.61
55853,18,5,5,2013,18.850833333333338,9.23,4.2700000000000005,7.3900000000000015
55854,18,6,5,2013,18.6325,9.83,4.5,7.6400000000000015
55855,18,7,5,2013,18.061666666666664,10.28,4.44,7.54
55856,18,8,5,2013,17.71166666666667,10.36,4.6000000000000005,7.76
55857,18,9,5,2013,17.3725,10.85,5.01,8.01
55858,18,10,5,2013,17.0875,11.04,4.72,7.83
55859,18,11,5,2013,16.303333333333338,10.49,4.48,7.2
55860,18,12,5,2013,17.25583333333333,9.66,5.23,7.2
55861,18,13,5,2013,18.849999999999998,7.61,5.1000000000000005,6.16
55862,18,14,5,2013,21.485,7.61,5.6000000000000005,6.84
55863,18,15,5,2013,23.534166666666664,8.33,6.16,7.53
55864,18,16,5,2013,25.145,8.620000000000001,6.3100000000000005,7.76
55865,18,17,5,2013,25.875833333333333,10.86,7.54,9.65
55866,18,18,5,2013,24.954166666666666,10.33,7.42,9.25
55867,18,19,5,2013,25.760833333333334,11.51,8.4,10.38
55868,18,20,5,2013,26.482499999999998,12.2,8.88,10.98
55869,18,21,5,2013,27.175,9.98,6.92,8.81
55870,18,22,5,2013,27.446666666666662,9.98,7.0600000000000005,8.92
55871,18,23,5,2013,27.302499999999995,10.25,7.18,9.25
55872,19,0,5,2013,19.028333333333332,16.91,10.46,14.33
55873,19,1,5,2013,18.61833333333333,13.25,8.01,10.44
55874,19,2,5,2013,18.765833333333333,11.73,7.15,9.64
55875,19,3,5,2013,18.275000000000002,10.46,6.3500000000000005,8.44
55876,19,4,5,2013,18.42333333333333,18.13,12.87,17.240000000000002
55877,19,5,5,2013,19.034166666666664,15.64,9.91,12.9
55878,19,6,5,2013,18.501666666666665,12.31,7.52,9.84
55879,19,7,5,2013,18.37,10.81,5.78,8.120000000000001
55880,19,8,5,2013,18.186666666666664,12.09,6.7,9.36
55881,19,9,5,2013,17.97833333333333,12.98,7.87,10.57
55882,19,10,5,2013,17.69333333333333,12.15,7.47,9.92
55883,19,11,5,2013,17.5725,11.32,6.6000000000000005,8.97
55884,19,12,5,2013,17.753333333333334,11.55,6.91,9.19
55885,19,13,5,2013,19.281666666666666,9.74,7.03,8.700000000000001
55886,19,14,5,2013,20.75666666666667,9.87,7.3,8.98
55887,19,15,5,2013,21.042500000000004,12.75,9.41,11.29
55888,19,16,5,2013,22.58583333333333,10.37,7.36,9.31
55889,19,17,5,2013,24.611666666666668,9.6,6.95,8.6
55890,19,18,5,2013,25.94083333333333,10.57,7.47,9.36
55891,19,19,5,2013,26.215,11.37,8.15,10.37
55892,19,20,5,2013,26.710833333333337,13.13,9.7,12.17
55893,19,21,5,2013,26.79583333333333,13.38,9.54,11.95
55894,19,22,5,2013,17.814166666666665,23.6,16.62,21.59
55895,19,23,5,2013,19.16,9.18,5.12,7.1000000000000005
55896,20,0,5,2013,18.751666666666665,14.31,8.63,11.59
55897,20,1,5,2013,17.14833333333333,15.32,9.86,12.93
55898,20,2,5,2013,16.851666666666667,11.44,7.22,9.6
55899,20,3,5,2013,16.474999999999998,11.87,7.6,9.96
55900,20,4,5,2013,15.858333333333333,10.22,5.28,7.48
55901,20,5,5,2013,15.710833333333335,11.35,6.2,8.63
55902,20,6,5,2013,15.730833333333331,11.34,6.18,8.68
55903,20,7,5,2013,15.17416666666667,11.16,5.98,8.46
55904,20,8,5,2013,14.707500000000001,10.98,5.71,8.15
55905,20,9,5,2013,14.104999999999999,10.43,5.2700000000000005,7.72
55906,20,10,5,2013,13.745,8.65,5.04,7.09
55907,20,11,5,2013,13.460833333333335,9.19,5.0200000000000005,6.7700000000000005
55908,20,12,5,2013,13.090000000000002,9.86,5.11,6.72
55909,20,13,5,2013,14.520000000000001,9.32,5.0,6.05
55910,20,14,5,2013,17.5775,7.87,5.84,7.1400000000000015
55911,20,15,5,2013,19.316666666666666,8.290000000000001,6.12,7.49
55912,20,16,5,2013,20.849166666666665,8.31,6.09,7.47
55913,20,17,5,2013,22.387500000000003,8.35,6.1000000000000005,7.47
55914,20,18,5,2013,23.735833333333336,8.47,6.18,7.58
55915,20,19,5,2013,24.9025,8.76,6.3100000000000005,7.81
55916,20,20,5,2013,25.635833333333334,8.96,6.41,7.94
55917,20,21,5,2013,25.864166666666666,9.14,6.45,8.040000000000001
55918,20,22,5,2013,25.955833333333334,9.63,6.78,8.51
55919,20,23,5,2013,24.174166666666665,16.14,11.83,14.43
55920,21,0,5,2013,19.056666666666665,11.78,7.21,9.81
55921,21,1,5,2013,18.34,7.48,5.28,7.15
55922,21,2,5,2013,16.91583333333333,10.5,5.19,8.15
55923,21,3,5,2013,17.421666666666667,10.26,4.75,7.6400000000000015
55924,21,4,5,2013,17.268333333333334,11.44,5.18,8.31
55925,21,5,5,2013,15.738333333333332,10.17,4.54,7.19
55926,21,6,5,2013,15.340000000000002,10.48,4.83,7.61
55927,21,7,5,2013,14.40333333333333,8.77,4.43,6.79
55928,21,8,5,2013,13.950000000000003,10.44,4.66,7.4
55929,21,9,5,2013,13.712499999999999,11.98,5.33,8.24
55930,21,10,5,2013,13.295833333333334,11.61,5.2700000000000005,8.41
55931,21,11,5,2013,12.963333333333331,11.21,5.3,8.16
55932,21,12,5,2013,13.933333333333335,9.48,5.3100000000000005,7.1000000000000005
55933,21,13,5,2013,15.369166666666667,8.370000000000001,5.98,7.44
55934,21,14,5,2013,16.435833333333335,8.44,6.03,7.49
55935,21,15,5,2013,17.131666666666664,8.8,6.45,7.92
55936,21,16,5,2013,17.873333333333335,8.75,6.3500000000000005,7.79
55937,21,17,5,2013,18.9425,9.1,6.66,8.18
55938,21,18,5,2013,19.825833333333335,9.31,6.75,8.290000000000001
55939,21,19,5,2013,20.2325,9.81,7.44,9.03
55940,21,20,5,2013,20.715833333333332,9.45,6.87,8.4
55941,21,21,5,2013,20.786666666666665,9.59,6.8900000000000015,8.51
55942,21,22,5,2013,20.924166666666665,10.43,7.66,9.46
55943,21,23,5,2013,20.574166666666667,9.53,6.63,8.41
55944,22,0,5,2013,19.753333333333334,8.36,5.43,6.88
55945,22,1,5,2013,17.777500000000003,10.27,4.0,7.55
55946,22,2,5,2013,16.31,11.04,4.18,7.87
55947,22,3,5,2013,15.295000000000002,10.96,4.54,8.07
55948,22,4,5,2013,13.959166666666668,11.08,4.33,7.6400000000000015
55949,22,5,5,2013,12.818333333333333,10.31,4.26,7.43
55950,22,6,5,2013,11.765833333333333,11.55,3.34,7.37
55951,22,7,5,2013,11.40916666666667,11.18,3.91,7.37
55952,22,8,5,2013,10.590833333333334,10.39,4.19,6.92
55953,22,9,5,2013,10.306666666666667,10.03,4.5200000000000005,7.0
55954,22,10,5,2013,10.366666666666667,9.93,4.68,6.59
55955,22,11,5,2013,10.055833333333334,11.12,6.57,8.77
55956,22,12,5,2013,10.29,10.63,6.54,8.66
55957,22,13,5,2013,10.769166666666665,8.540000000000001,6.16,7.65
55958,22,14,5,2013,10.950833333333335,8.58,6.17,7.67
55959,22,15,5,2013,11.905000000000001,8.15,5.87,7.29
55960,22,16,5,2013,13.311666666666666,7.82,5.66,6.99
55961,22,17,5,2013,14.803333333333335,7.13,5.23,6.38
55962,22,18,5,2013,15.745,7.51,5.41,6.66
55963,22,19,5,2013,16.63083333333333,8.03,5.88,7.2
55964,22,20,5,2013,17.022500000000004,8.19,5.96,7.29
55965,22,21,5,2013,17.503333333333334,8.09,5.8500000000000005,7.21
55966,22,22,5,2013,17.325,7.8900000000000015,5.67,7.01
55967,22,23,5,2013,17.009999999999998,7.85,5.4,6.84
55968,23,0,5,2013,16.14166666666667,8.48,5.18,6.96
55969,23,1,5,2013,14.38,11.19,4.65,7.9
55970,23,2,5,2013,13.296666666666667,12.3,6.07,9.08
55971,23,3,5,2013,12.120833333333332,10.61,4.8,7.52
55972,23,4,5,2013,10.979166666666666,10.95,5.13,7.87
55973,23,5,5,2013,9.86,11.83,5.4,8.290000000000001
55974,23,6,5,2013,9.131666666666666,11.58,5.36,8.15
55975,23,7,5,2013,8.400833333333333,10.97,4.3500000000000005,7.23
55976,23,8,5,2013,7.860833333333335,9.97,3.65,6.6400000000000015
55977,23,9,5,2013,7.283333333333334,10.8,3.75,7.03
55978,23,10,5,2013,7.107500000000001,10.87,4.0600000000000005,7.1400000000000015
55979,23,11,5,2013,7.239166666666666,9.94,5.48,7.33
55980,23,12,5,2013,8.167499999999999,8.8,5.33,7.09
55981,23,13,5,2013,9.606666666666667,5.7700000000000005,4.4,5.3100000000000005
55982,23,14,5,2013,11.214166666666669,6.86,5.25,6.32
55983,23,15,5,2013,12.969999999999999,7.6,5.78,6.98
55984,23,16,5,2013,14.259166666666667,7.9300000000000015,6.03,7.28
55985,23,17,5,2013,15.194166666666666,7.88,5.97,7.21
55986,23,18,5,2013,16.233333333333334,6.12,4.75,5.66
55987,23,19,5,2013,17.330000000000002,5.76,4.43,5.29
55988,23,20,5,2013,18.356666666666666,5.93,4.61,5.48
55989,23,21,5,2013,19.25,5.76,4.48,5.32
55990,23,22,5,2013,19.696666666666673,5.92,4.51,5.43
55991,23,23,5,2013,19.739166666666666,6.99,5.22,6.45
55992,24,0,5,2013,19.0725,7.71,5.11,6.86
55993,24,1,5,2013,17.10166666666667,8.47,4.18,7.6400000000000015
55994,24,2,5,2013,14.978333333333333,9.02,3.43,6.5600000000000005
55995,24,3,5,2013,14.137499999999998,9.51,2.66,6.59
55996,24,4,5,2013,13.026666666666666,10.75,2.47,6.3100000000000005
55997,24,5,5,2013,11.965833333333334,11.23,2.4,6.62
55998,24,6,5,2013,11.25,10.77,2.89,6.76
55999,24,7,5,2013,10.8375,10.37,3.04,6.86
56000,24,8,5,2013,10.226666666666667,11.39,2.5500000000000003,6.7
56001,24,9,5,2013,9.465833333333334,11.41,2.42,6.69
56002,24,10,5,2013,8.981666666666667,12.13,3.74,7.15
56003,24,11,5,2013,8.966666666666667,11.13,3.6,6.88
56004,24,12,5,2013,10.685833333333335,9.66,4.87,6.71
56005,24,13,5,2013,13.038333333333334,7.62,5.2,6.3900000000000015
56006,24,14,5,2013,15.411666666666664,9.51,6.92,8.540000000000001
56007,24,15,5,2013,16.587500000000002,10.5,7.7,9.46
56008,24,16,5,2013,17.751666666666665,10.42,7.6,9.36
56009,24,17,5,2013,18.986666666666668,10.07,7.3900000000000015,9.08
56010,24,18,5,2013,20.008333333333333,10.02,7.32,8.98
56011,24,19,5,2013,20.537499999999998,10.09,7.37,9.05
56012,24,20,5,2013,19.984999999999996,8.61,5.95,7.59
56013,24,21,5,2013,19.96083333333333,13.13,9.55,11.94
56014,24,22,5,2013,20.026666666666667,10.14,6.84,8.700000000000001
56015,24,23,5,2013,19.85,9.91,6.88,8.700000000000001
56016,25,0,5,2013,19.289166666666667,15.38,9.29,12.64
56017,25,1,5,2013,18.489166666666666,15.5,9.26,12.59
56018,25,2,5,2013,16.879166666666666,15.9,9.33,12.74
56019,25,3,5,2013,16.920833333333334,15.88,9.23,12.74
56020,25,4,5,2013,16.18,12.23,6.45,9.27
56021,25,5,5,2013,15.137500000000003,11.4,4.62,7.52
56022,25,6,5,2013,14.939166666666667,12.06,6.76,9.45
56023,25,7,5,2013,15.563333333333333,15.79,8.73,12.12
56024,25,8,5,2013,14.5875,15.23,9.06,11.99
56025,25,9,5,2013,14.548333333333332,11.83,7.46,9.72
56026,25,10,5,2013,15.801666666666668,10.07,5.65,7.79
56027,25,11,5,2013,13.863333333333335,6.0600000000000005,4.61,5.91
56028,25,12,5,2013,13.44,6.3100000000000005,3.28,4.46
56029,25,13,5,2013,16.491666666666667,6.7,4.47,5.75
56030,25,14,5,2013,17.70416666666667,11.2,7.35,9.61
56031,25,15,5,2013,19.569999999999997,8.700000000000001,6.3100000000000005,7.67
56032,25,16,5,2013,21.963333333333335,7.9,5.97,7.25
56033,25,17,5,2013,24.165833333333335,6.2700000000000005,4.66,5.63
56034,25,18,5,2013,25.058333333333334,6.55,4.68,5.79
56035,25,19,5,2013,25.247500000000002,8.73,6.0200000000000005,7.72
56036,25,20,5,2013,26.489999999999995,8.73,6.45,7.8900000000000015
56037,25,21,5,2013,27.11916666666667,8.86,6.12,7.62
56038,25,22,5,2013,27.294999999999998,11.05,7.6,9.71
56039,25,23,5,2013,27.742500000000003,11.22,7.73,9.89
56040,26,0,5,2013,26.561666666666664,11.19,6.17,8.65
56041,26,1,5,2013,24.4575,12.03,4.92,8.38
56042,26,2,5,2013,21.972499999999997,12.34,4.82,8.370000000000001
56043,26,3,5,2013,21.30416666666667,10.75,4.58,7.45
56044,26,4,5,2013,20.082499999999996,11.33,4.83,7.83
56045,26,5,5,2013,20.169166666666666,12.73,6.05,9.13
56046,26,6,5,2013,19.855833333333337,12.95,6.17,9.26
56047,26,7,5,2013,19.43166666666666,12.64,6.1400000000000015,9.08
56048,26,8,5,2013,19.118333333333336,12.47,5.84,8.700000000000001
56049,26,9,5,2013,18.88333333333333,12.81,6.51,9.45
56050,26,10,5,2013,18.90416666666667,12.82,7.29,9.96
56051,26,11,5,2013,18.769166666666667,12.88,7.53,10.35
56052,26,12,5,2013,19.749166666666667,11.27,6.73,9.11
56053,26,13,5,2013,21.06083333333333,10.06,7.3900000000000015,9.1
56054,26,14,5,2013,22.1975,10.38,7.61,9.38
56055,26,15,5,2013,23.66166666666666,10.97,8.08,9.97
56056,26,16,5,2013,24.770833333333332,12.22,9.09,11.16
56057,26,17,5,2013,25.599999999999998,11.93,8.78,10.76
56058,26,18,5,2013,27.004166666666666,12.07,8.86,10.85
56059,26,19,5,2013,27.265,11.84,8.43,10.57
56060,26,20,5,2013,27.795833333333334,12.12,9.0,11.08
56061,26,21,5,2013,28.458333333333332,11.98,8.870000000000003,10.99
56062,26,22,5,2013,28.051666666666662,10.18,7.31,9.19
56063,26,23,5,2013,27.793333333333333,10.59,7.41,9.31
56064,27,0,5,2013,27.14166666666667,10.03,6.57,8.39
56065,27,1,5,2013,24.790833333333335,10.05,5.12,7.53
56066,27,2,5,2013,22.031666666666666,11.26,5.95,8.41
56067,27,3,5,2013,21.919999999999998,12.62,7.18,9.95
56068,27,4,5,2013,21.590833333333325,12.71,7.29,9.98
56069,27,5,5,2013,22.93166666666667,12.49,7.75,10.37
56070,27,6,5,2013,22.779166666666665,13.31,9.7,12.32
56071,27,7,5,2013,17.699166666666667,15.55,7.5,11.08
56072,27,8,5,2013,19.67833333333333,17.47,10.59,13.92
56073,27,9,5,2013,20.44666666666667,14.57,8.46,11.49
56074,27,10,5,2013,17.993333333333336,18.27,11.64,15.64
56075,27,11,5,2013,17.246666666666666,8.47,5.34,7.12
56076,27,12,5,2013,17.400000000000002,9.43,6.71,8.35
56077,27,13,5,2013,17.708333333333336,14.42,8.870000000000003,12.23
56078,27,14,5,2013,18.727499999999996,22.85,16.22,20.34
56079,27,15,5,2013,19.40416666666667,20.22,13.14,16.97
56080,27,16,5,2013,21.448333333333334,7.54,4.92,6.4
56081,27,17,5,2013,24.293333333333333,10.06,7.22,8.97
56082,27,18,5,2013,24.9575,11.23,7.95,9.91
56083,27,19,5,2013,25.227500000000003,10.44,7.53,9.3
56084,27,20,5,2013,25.36666666666667,9.34,6.74,8.290000000000001
56085,27,21,5,2013,25.39833333333333,9.05,6.7700000000000005,8.25
56086,27,22,5,2013,25.835833333333326,9.09,6.5600000000000005,8.13
56087,27,23,5,2013,25.95,9.69,7.1400000000000015,8.86
56088,28,0,5,2013,24.728333333333335,10.77,6.9,9.08
56089,28,1,5,2013,23.261666666666667,12.46,7.41,10.03
56090,28,2,5,2013,22.551666666666673,11.25,6.2,8.75
56091,28,3,5,2013,22.073333333333334,20.56,14.84,18.27
56092,28,4,5,2013,17.174166666666668,21.16,14.62,18.59
56093,28,5,5,2013,18.304166666666667,18.56,11.6,15.01
56094,28,6,5,2013,18.296666666666667,16.080000000000002,10.1,13.04
56095,28,7,5,2013,18.22666666666667,5.58,2.18,3.22
56096,28,8,5,2013,17.925,3.88,4.18,5.47
56097,28,9,5,2013,17.57,9.59,5.58,7.92
56098,28,10,5,2013,17.333333333333332,10.43,4.89,7.27
56099,28,11,5,2013,17.4875,10.96,5.49,7.82
56100,28,12,5,2013,18.964166666666667,11.29,6.42,8.69
56101,28,13,5,2013,20.749166666666667,8.38,5.05,6.43
56102,28,14,5,2013,22.501666666666665,5.3500000000000005,3.79,4.68
56103,28,15,5,2013,24.215833333333332,3.79,2.76,3.34
56104,28,16,5,2013,26.00166666666667,5.38,4.04,4.87
56105,28,17,5,2013,27.16,6.26,4.74,5.69
56106,28,18,5,2013,27.90416666666667,6.05,4.53,5.48
56107,28,19,5,2013,29.091666666666672,6.69,4.89,5.98
56108,28,20,5,2013,29.87,8.93,6.7,8.18
56109,28,21,5,2013,29.750833333333336,10.54,7.31,9.32
56110,28,22,5,2013,30.125833333333333,10.89,7.57,9.64
56111,28,23,5,2013,29.522499999999997,10.96,7.28,9.44
56112,29,0,5,2013,28.165833333333328,11.26,5.61,7.85
56113,29,1,5,2013,26.045,13.27,5.8,9.22
56114,29,2,5,2013,25.099166666666665,14.01,6.42,9.84
56115,29,3,5,2013,24.685833333333335,15.23,7.79,11.25
56116,29,4,5,2013,24.36916666666666,15.66,8.1,11.6
56117,29,5,5,2013,23.361666666666665,14.8,7.83,11.17
56118,29,6,5,2013,22.78083333333333,14.08,7.41,10.53
56119,29,7,5,2013,22.206666666666667,13.66,6.91,10.06
56120,29,8,5,2013,22.01833333333333,13.93,7.26,10.39
56121,29,9,5,2013,21.634166666666662,13.67,7.42,10.51
56122,29,10,5,2013,21.26,14.27,7.96,10.81
56123,29,11,5,2013,20.823333333333334,14.58,8.89,11.88
56124,29,12,5,2013,21.235,15.09,8.76,11.98
56125,29,13,5,2013,19.7275,18.54,12.04,15.38
56126,29,14,5,2013,17.8225,11.37,6.5200000000000005,8.96
56127,29,15,5,2013,19.220000000000002,10.04,6.3500000000000005,7.82
56128,29,16,5,2013,21.48,10.04,7.25,8.98
56129,29,17,5,2013,20.804166666666667,11.35,7.79,9.96
56130,29,18,5,2013,22.7325,12.95,8.89,11.19
56131,29,19,5,2013,24.2375,10.46,6.86,8.81
56132,29,20,5,2013,25.853333333333335,14.2,9.85,12.46
56133,29,21,5,2013,25.263333333333335,14.58,10.1,12.72
56134,29,22,5,2013,25.322499999999994,14.63,9.85,12.63
56135,29,23,5,2013,25.769166666666674,15.68,10.68,13.77
56136,30,0,5,2013,25.366666666666664,13.73,8.63,11.31
56137,30,1,5,2013,24.186666666666667,15.87,9.23,12.63
56138,30,2,5,2013,20.96083333333333,21.48,14.74,18.72
56139,30,3,5,2013,19.295833333333334,16.67,9.51,12.94
56140,30,4,5,2013,18.913333333333338,13.94,7.95,10.89
56141,30,5,5,2013,18.76666666666667,14.82,8.44,11.57
56142,30,6,5,2013,17.958333333333336,14.93,8.68,11.82
56143,30,7,5,2013,18.055000000000003,14.19,8.57,11.62
56144,30,8,5,2013,17.319166666666668,10.79,6.5600000000000005,8.86
56145,30,9,5,2013,16.9975,9.81,5.32,7.57
56146,30,10,5,2013,17.034166666666668,8.93,5.82,7.42
56147,30,11,5,2013,17.095833333333335,12.71,7.7,10.26
56148,30,12,5,2013,17.36583333333333,14.37,9.14,12.04
56149,30,13,5,2013,17.54416666666667,13.71,8.620000000000001,11.44
56150,30,14,5,2013,17.441666666666666,13.74,8.63,11.54
56151,30,15,5,2013,17.3675,11.91,8.11,10.26
56152,30,16,5,2013,17.90833333333333,13.95,9.81,12.3
56153,30,17,5,2013,19.13083333333333,13.0,9.32,11.6
56154,30,18,5,2013,20.6275,13.52,9.82,12.2
56155,30,19,5,2013,21.2975,19.9,13.26,16.91
56156,30,20,5,2013,15.120833333333332,20.58,15.19,18.73
56157,30,21,5,2013,18.84416666666667,9.67,7.11,8.63
56158,30,22,5,2013,20.44666666666667,5.09,3.88,4.68
56159,30,23,5,2013,21.736666666666668,11.13,7.63,9.76
56160,31,0,5,2013,19.530833333333337,11.99,7.17,9.59
56161,31,1,5,2013,17.4125,8.370000000000001,4.33,6.51
56162,31,2,5,2013,17.3975,10.59,5.42,8.01
56163,31,3,5,2013,16.886666666666667,13.03,6.66,9.87
56164,31,4,5,2013,15.711666666666666,15.46,8.16,11.42
56165,31,5,5,2013,15.860833333333334,15.19,8.07,11.37
56166,31,6,5,2013,15.794999999999996,15.54,7.6400000000000015,11.12
56167,31,7,5,2013,15.963333333333336,15.6,7.82,11.26
56168,31,8,5,2013,16.033333333333335,13.86,6.87,10.12
56169,31,9,5,2013,16.6,12.64,6.84,9.93
56170,31,10,5,2013,16.540833333333335,12.29,7.1000000000000005,9.76
56171,31,11,5,2013,16.950000000000003,12.33,7.1400000000000015,9.77
56172,31,12,5,2013,17.065833333333334,11.33,6.95,9.24
56173,31,13,5,2013,18.63,9.03,6.0600000000000005,7.3900000000000015
56174,31,14,5,2013,19.70583333333333,5.4,4.03,4.86
56175,31,15,5,2013,19.199166666666667,3.5500000000000003,2.88,3.39
56176,31,16,5,2013,21.028333333333332,3.39,2.77,3.21
56177,31,17,5,2013,23.425,3.38,2.77,3.21
56178,31,18,5,2013,24.791666666666668,3.35,2.5500000000000003,3.02
56179,31,19,5,2013,25.834166666666665,5.11,3.75,4.55
56180,31,20,5,2013,26.691666666666666,6.63,4.8100000000000005,5.87
56181,31,21,5,2013,27.278333333333332,8.05,5.88,7.24
56182,31,22,5,2013,27.41,7.87,5.69,7.03
56183,31,23,5,2013,27.228333333333335,10.85,6.7700000000000005,8.99
56184,1,0,6,2013,25.785,9.53,3.72,6.0
56185,1,1,6,2013,23.466666666666665,10.01,3.14,7.19
56186,1,2,6,2013,22.19916666666667,8.51,3.23,7.31
56187,1,3,6,2013,20.72666666666667,7.56,4.03,6.34
56188,1,4,6,2013,19.929999999999996,8.370000000000001,4.6000000000000005,7.35
56189,1,5,6,2013,19.115833333333335,14.78,4.25,8.03
56190,1,6,6,2013,17.961666666666666,14.24,4.21,8.67
56191,1,7,6,2013,16.701666666666668,12.5,3.9,7.75
56192,1,8,6,2013,15.893333333333333,11.93,4.59,7.67
56193,1,9,6,2013,15.071666666666667,12.3,5.42,8.74
56194,1,10,6,2013,14.3575,12.87,5.0200000000000005,8.41
56195,1,11,6,2013,13.760833333333332,12.73,6.0200000000000005,8.53
56196,1,12,6,2013,14.936666666666667,11.52,6.12,8.46
56197,1,13,6,2013,16.151666666666667,10.41,7.41,9.29
56198,1,14,6,2013,16.923333333333332,10.05,7.1400000000000015,8.92
56199,1,15,6,2013,17.44666666666667,9.45,6.79,8.39
56200,1,16,6,2013,17.460833333333333,9.21,6.55,8.14
56201,1,17,6,2013,17.651666666666667,9.72,6.94,8.66
56202,1,18,6,2013,17.86583333333333,9.55,6.83,8.52
56203,1,19,6,2013,18.323333333333334,9.98,7.04,8.82
56204,1,20,6,2013,18.724999999999998,9.87,6.96,8.74
56205,1,21,6,2013,18.881666666666668,10.01,7.11,8.86
56206,1,22,6,2013,18.965000000000003,10.11,7.24,8.99
56207,1,23,6,2013,18.585833333333333,11.27,7.81,9.86
56208,2,0,6,2013,17.6775,11.4,7.18,9.43
56209,2,1,6,2013,16.620833333333334,10.62,6.51,8.77
56210,2,2,6,2013,15.671666666666665,11.28,6.36,8.98
56211,2,3,6,2013,14.578333333333333,13.53,7.73,10.73
56212,2,4,6,2013,13.823333333333332,14.17,8.540000000000001,11.57
56213,2,5,6,2013,12.806666666666667,12.51,6.8500000000000005,9.78
56214,2,6,6,2013,12.373333333333333,12.33,6.72,9.5
56215,2,7,6,2013,11.695833333333335,11.3,5.79,8.5
56216,2,8,6,2013,10.99,11.32,5.2700000000000005,7.88
56217,2,9,6,2013,10.331666666666669,12.0,5.5600000000000005,8.46
56218,2,10,6,2013,9.293333333333335,11.16,4.96,7.82
56219,2,11,6,2013,8.735833333333332,11.36,5.4,7.98
56220,2,12,6,2013,9.660000000000002,9.14,5.44,7.29
56221,2,13,6,2013,11.0325,7.28,5.3,6.5200000000000005
56222,2,14,6,2013,12.243333333333334,7.33,5.33,6.58
56223,2,15,6,2013,13.158333333333333,6.09,4.59,5.55
56224,2,16,6,2013,14.196666666666665,5.8,4.46,5.3500000000000005
56225,2,17,6,2013,15.282499999999997,5.17,4.09,4.8500000000000005
56226,2,18,6,2013,16.412499999999998,4.47,3.72,4.32
56227,2,19,6,2013,17.2825,4.55,3.81,4.41
56228,2,20,6,2013,18.280833333333334,3.48,3.0,3.37
56229,2,21,6,2013,18.71666666666667,3.08,2.68,3.02
56230,2,22,6,2013,19.0925,2.98,2.5,2.88
56231,2,23,6,2013,19.28333333333333,2.18,1.97,2.17
56232,3,0,6,2013,18.880000000000006,3.61,2.18,3.16
56233,3,1,6,2013,17.13,3.61,1.82,3.28
56234,3,2,6,2013,15.49,3.44,1.48,2.92
56235,3,3,6,2013,14.9125,3.5500000000000003,1.51,3.04
56236,3,4,6,2013,13.832499999999998,3.47,1.38,2.76
56237,3,5,6,2013,12.995833333333332,3.64,1.65,2.94
56238,3,6,6,2013,12.415000000000001,4.46,1.97,3.52
56239,3,7,6,2013,11.236666666666666,5.14,2.18,4.12
56240,3,8,6,2013,10.455833333333333,6.9,3.76,6.08
56241,3,9,6,2013,10.339166666666666,7.5,3.71,6.23
56242,3,10,6,2013,9.588333333333333,8.2,4.01,6.9
56243,3,11,6,2013,9.686666666666666,8.84,4.57,6.8900000000000015
56244,3,12,6,2013,11.211666666666666,8.01,4.14,5.91
56245,3,13,6,2013,13.122500000000002,6.58,4.75,5.8500000000000005
56246,3,14,6,2013,14.897499999999999,7.26,5.41,6.59
56247,3,15,6,2013,16.191666666666666,7.17,5.41,6.54
56248,3,16,6,2013,17.665833333333335,7.65,5.75,6.96
56249,3,17,6,2013,18.966666666666665,8.2,6.15,7.45
56250,3,18,6,2013,20.10166666666667,8.73,6.5,7.92
56251,3,19,6,2013,21.123333333333335,9.13,6.76,8.27
56252,3,20,6,2013,22.139999999999997,9.46,6.8900000000000015,8.49
56253,3,21,6,2013,22.66333333333333,10.61,7.73,9.56
56254,3,22,6,2013,22.823333333333334,11.11,7.98,9.97
56255,3,23,6,2013,22.73833333333333,11.16,7.94,9.96
56256,4,0,6,2013,22.075,12.78,7.95,10.07
56257,4,1,6,2013,20.444166666666664,12.78,7.01,9.86
56258,4,2,6,2013,19.1275,12.34,5.76,8.8
56259,4,3,6,2013,18.383333333333336,12.74,6.03,9.07
56260,4,4,6,2013,18.10833333333333,13.81,7.34,10.33
56261,4,5,6,2013,17.886666666666667,13.82,7.32,10.35
56262,4,6,6,2013,17.0225,13.07,6.63,9.52
56263,4,7,6,2013,16.364166666666673,12.13,5.1000000000000005,8.15
56264,4,8,6,2013,15.988333333333332,11.91,5.12,8.06
56265,4,9,6,2013,14.718333333333334,7.9300000000000015,4.55,5.93
56266,4,10,6,2013,15.111666666666666,6.53,4.3,5.69
56267,4,11,6,2013,14.474166666666669,9.21,5.99,7.77
56268,4,12,6,2013,13.7725,10.36,6.29,8.22
56269,4,13,6,2013,14.455833333333333,10.83,7.99,9.73
56270,4,14,6,2013,16.660833333333333,11.18,8.21,10.06
56271,4,15,6,2013,17.861666666666668,8.76,6.72,8.09
56272,4,16,6,2013,19.53833333333333,9.12,6.86,8.31
56273,4,17,6,2013,20.683333333333334,9.72,7.15,8.75
56274,4,18,6,2013,21.367499999999996,10.19,7.72,9.35
56275,4,19,6,2013,23.21166666666667,9.66,7.04,8.64
56276,4,20,6,2013,24.132499999999997,8.89,6.5200000000000005,7.97
56277,4,21,6,2013,25.214166666666667,8.56,6.21,7.68
56278,4,22,6,2013,25.711666666666662,8.34,5.8,7.3
56279,4,23,6,2013,25.458333333333332,7.82,5.7,6.99
56280,5,0,6,2013,19.351666666666667,22.32,15.03,19.17
56281,5,1,6,2013,16.733333333333334,9.35,6.67,8.33
56282,5,2,6,2013,16.46166666666667,8.27,5.67,7.2
56283,5,3,6,2013,16.66916666666667,6.68,3.97,5.2
56284,5,4,6,2013,16.52,6.07,3.28,4.41
56285,5,5,6,2013,15.76166666666667,6.0600000000000005,3.11,4.54
56286,5,6,6,2013,15.856666666666664,4.46,2.1,2.95
56287,5,7,6,2013,16.088333333333335,3.69,1.35,2.14
56288,5,8,6,2013,15.790833333333333,2.05,0.41,0.78
56289,5,9,6,2013,15.416666666666666,1.62,0.43,0.97
56290,5,10,6,2013,15.147499999999999,2.45,1.01,1.7
56291,5,11,6,2013,15.060833333333333,3.3200000000000003,1.48,1.93
56292,5,12,6,2013,15.243333333333338,4.28,2.69,3.4
56293,5,13,6,2013,15.702499999999999,5.7700000000000005,3.79,4.67
56294,5,14,6,2013,17.679999999999996,7.67,5.49,6.82
56295,5,15,6,2013,17.021666666666665,8.3,6.05,7.5
56296,5,16,6,2013,17.179166666666667,7.86,5.7700000000000005,7.17
56297,5,17,6,2013,16.930833333333332,8.66,6.28,7.81
56298,5,18,6,2013,17.405,8.86,6.24,7.8
56299,5,19,6,2013,19.090833333333336,8.81,6.3100000000000005,7.82
56300,5,20,6,2013,21.015,7.1000000000000005,5.39,6.49
56301,5,21,6,2013,22.3,5.63,4.28,5.14
56302,5,22,6,2013,22.999166666666667,6.76,5.1000000000000005,6.22
56303,5,23,6,2013,23.095000000000002,7.03,5.11,6.41
56304,6,0,6,2013,22.577499999999997,6.7,4.96,6.16
56305,6,1,6,2013,20.54833333333334,6.3500000000000005,2.91,5.22
56306,6,2,6,2013,19.010833333333334,10.06,3.24,6.54
56307,6,3,6,2013,17.66,11.07,3.78,7.26
56308,6,4,6,2013,16.684166666666666,12.03,4.13,7.87
56309,6,5,6,2013,15.7825,10.47,3.45,7.2
56310,6,6,6,2013,14.8575,9.2,2.98,6.16
56311,6,7,6,2013,14.074166666666668,6.5,2.54,5.0600000000000005
56312,6,8,6,2013,13.588333333333333,6.22,2.93,5.3500000000000005
56313,6,9,6,2013,12.909166666666666,5.87,3.72,5.89
56314,6,10,6,2013,12.838333333333333,6.12,3.84,6.32
56315,6,11,6,2013,12.596666666666666,7.0200000000000005,3.97,6.63
56316,6,12,6,2013,13.56,6.71,3.5,5.22
56317,6,13,6,2013,15.202499999999999,5.39,3.51,4.2
56318,6,14,6,2013,17.15416666666667,5.25,3.89,4.72
56319,6,15,6,2013,18.575,5.58,4.14,5.03
56320,6,16,6,2013,19.544166666666666,6.16,4.61,5.58
56321,6,17,6,2013,20.345,6.3100000000000005,4.73,5.71
56322,6,18,6,2013,20.936666666666667,6.63,5.18,6.16
56323,6,19,6,2013,20.613333333333333,7.9300000000000015,5.21,6.8500000000000005
56324,6,20,6,2013,21.529999999999998,7.6,5.8,6.99
56325,6,21,6,2013,21.683333333333334,7.1000000000000005,5.16,6.46
56326,6,22,6,2013,21.898333333333337,7.11,5.18,6.4
56327,6,23,6,2013,21.668333333333337,7.68,5.53,6.91
56328,7,0,6,2013,20.878333333333334,6.76,4.86,6.1400000000000015
56329,7,1,6,2013,19.183333333333334,6.8100000000000005,3.27,5.5200000000000005
56330,7,2,6,2013,17.989166666666666,7.82,2.81,6.16
56331,7,3,6,2013,16.985833333333336,8.96,2.58,6.44
56332,7,4,6,2013,16.17916666666667,8.51,2.7,6.43
56333,7,5,6,2013,15.1225,6.91,2.09,4.83
56334,7,6,6,2013,14.439999999999998,5.11,2.25,4.11
56335,7,7,6,2013,14.01,4.98,2.4,4.38
56336,7,8,6,2013,13.174166666666666,5.07,2.82,4.79
56337,7,9,6,2013,12.421666666666665,4.55,2.29,3.79
56338,7,10,6,2013,11.7525,4.38,1.89,3.48
56339,7,11,6,2013,11.571666666666667,3.7,2.49,3.6
56340,7,12,6,2013,12.593333333333332,3.85,2.58,3.52
56341,7,13,6,2013,14.189166666666667,3.27,2.5500000000000003,2.93
56342,7,14,6,2013,16.2525,2.71,2.17,2.54
56343,7,15,6,2013,17.738333333333333,2.66,2.1,2.46
56344,7,16,6,2013,18.745833333333334,3.8,2.98,3.52
56345,7,17,6,2013,19.505833333333335,4.2,3.34,3.92
56346,7,18,6,2013,20.114166666666666,4.17,3.42,3.97
56347,7,19,6,2013,20.58666666666667,3.23,2.67,3.09
56348,7,20,6,2013,21.025833333333335,3.88,2.98,3.59
56349,7,21,6,2013,21.2975,5.12,4.43,5.07
56350,7,22,6,2013,21.637500000000003,2.73,2.33,2.66
56351,7,23,6,2013,21.526666666666667,3.16,2.64,3.04
56352,8,0,6,2013,21.218333333333334,3.35,1.83,2.93
56353,8,1,6,2013,19.316666666666666,3.56,1.98,3.09
56354,8,2,6,2013,17.635,5.0,2.38,4.87
56355,8,3,6,2013,16.971666666666668,5.73,3.0,5.42
56356,8,4,6,2013,16.58,6.79,3.45,5.9
56357,8,5,6,2013,15.825000000000001,8.45,4.09,6.84
56358,8,6,6,2013,15.325000000000001,9.01,4.2700000000000005,7.28
56359,8,7,6,2013,14.914166666666667,10.13,4.87,7.9300000000000015
56360,8,8,6,2013,14.481666666666664,11.84,5.84,8.83
56361,8,9,6,2013,14.133333333333335,12.1,6.1000000000000005,9.01
56362,8,10,6,2013,13.738333333333335,13.02,6.71,9.73
56363,8,11,6,2013,14.04,13.33,7.43,9.94
56364,8,12,6,2013,15.125,12.14,7.21,9.67
56365,8,13,6,2013,16.30666666666667,11.08,7.57,9.29
56366,8,14,6,2013,18.738333333333333,10.26,7.55,9.3
56367,8,15,6,2013,20.794999999999998,11.61,8.44,10.43
56368,8,16,6,2013,22.382499999999997,11.53,8.35,10.34
56369,8,17,6,2013,23.75583333333333,12.51,8.96,11.15
56370,8,18,6,2013,24.772499999999997,12.78,9.1,11.36
56371,8,19,6,2013,25.688333333333333,13.59,9.68,12.1
56372,8,20,6,2013,26.245000000000005,15.01,10.74,13.48
56373,8,21,6,2013,26.329166666666666,15.5,10.96,13.76
56374,8,22,6,2013,24.790000000000003,15.87,10.78,13.77
56375,8,23,6,2013,19.089166666666667,12.12,7.55,9.81
56376,9,0,6,2013,19.53833333333333,9.96,6.15,8.19
56377,9,1,6,2013,18.871666666666666,13.95,8.74,11.76
56378,9,2,6,2013,18.39166666666667,12.89,8.24,10.72
56379,9,3,6,2013,17.8075,9.63,6.51,8.48
56380,9,4,6,2013,17.525833333333335,8.65,5.29,7.13
56381,9,5,6,2013,17.575833333333335,9.31,5.21,7.27
56382,9,6,6,2013,17.4375,10.39,5.92,8.17
56383,9,7,6,2013,17.5325,11.7,6.7,8.92
56384,9,8,6,2013,16.8925,11.87,6.44,9.13
56385,9,9,6,2013,16.096666666666668,10.63,5.51,7.96
56386,9,10,6,2013,15.457500000000001,11.75,5.71,8.43
56387,9,11,6,2013,15.835,11.81,6.16,8.76
56388,9,12,6,2013,16.725833333333334,10.25,6.42,8.1
56389,9,13,6,2013,18.216666666666665,10.41,7.4,9.23
56390,9,14,6,2013,19.44,10.22,7.19,9.02
56391,9,15,6,2013,20.488333333333333,10.5,7.48,9.31
56392,9,16,6,2013,20.909999999999997,10.41,7.4,9.23
56393,9,17,6,2013,21.997500000000002,9.22,6.62,8.19
56394,9,18,6,2013,22.69,10.55,7.53,9.36
56395,9,19,6,2013,23.599166666666665,10.32,7.28,9.05
56396,9,20,6,2013,24.010833333333334,12.33,8.71,10.92
56397,9,21,6,2013,23.787499999999998,11.72,8.27,10.35
56398,9,22,6,2013,23.857500000000005,10.73,7.52,9.5
56399,9,23,6,2013,23.747500000000002,10.52,7.62,9.48
56400,10,0,6,2013,23.275000000000002,9.4,6.3,8.06
56401,10,1,6,2013,21.548333333333332,9.48,3.17,6.59
56402,10,2,6,2013,20.075833333333332,8.52,2.93,6.5200000000000005
56403,10,3,6,2013,19.19333333333334,11.24,3.33,7.1400000000000015
56404,10,4,6,2013,18.026666666666667,10.51,3.36,7.03
56405,10,5,6,2013,17.28,11.0,3.79,7.9
56406,10,6,6,2013,16.452499999999997,10.3,3.12,7.5
56407,10,7,6,2013,16.27916666666667,10.02,3.24,7.3
56408,10,8,6,2013,16.04,8.42,4.03,7.19
56409,10,9,6,2013,15.24083333333333,8.05,3.59,6.78
56410,10,10,6,2013,14.506666666666668,6.8,3.45,6.26
56411,10,11,6,2013,14.139166666666666,6.75,3.56,6.18
56412,10,12,6,2013,15.299166666666665,3.78,2.99,3.29
56413,10,13,6,2013,17.083333333333332,3.0,2.13,2.43
56414,10,14,6,2013,18.895833333333332,2.28,1.84,2.15
56415,10,15,6,2013,20.388333333333335,1.09,1.03,1.12
56416,10,16,6,2013,22.04583333333333,1.36,1.08,1.25
56417,10,17,6,2013,23.602500000000003,1.79,1.6,1.78
56418,10,18,6,2013,25.004166666666666,1.85,1.65,1.84
56419,10,19,6,2013,26.456666666666667,3.34,2.72,3.16
56420,10,20,6,2013,27.44916666666667,4.21,3.38,3.95
56421,10,21,6,2013,28.37833333333333,5.22,3.99,4.79
56422,10,22,6,2013,28.81583333333333,5.99,4.39,5.4
56423,10,23,6,2013,28.63166666666666,7.45,5.2,6.55
56424,11,0,6,2013,27.661666666666665,8.45,5.0,6.54
56425,11,1,6,2013,25.529166666666665,10.63,4.0600000000000005,7.57
56426,11,2,6,2013,24.651666666666667,11.8,4.66,8.18
56427,11,3,6,2013,24.075833333333332,12.35,5.29,8.41
56428,11,4,6,2013,23.355833333333333,12.54,5.25,8.35
56429,11,5,6,2013,23.27,12.5,5.23,8.32
56430,11,6,6,2013,22.882499999999997,13.15,6.3,9.41
56431,11,7,6,2013,22.951666666666668,13.61,7.7,10.61
56432,11,8,6,2013,23.025000000000002,13.61,7.74,10.66
56433,11,9,6,2013,22.774999999999995,13.15,6.36,9.39
56434,11,10,6,2013,22.62,12.55,5.47,8.34
56435,11,11,6,2013,22.939166666666665,13.19,6.22,9.34
56436,11,12,6,2013,24.819166666666664,11.62,5.9,7.98
56437,11,13,6,2013,26.639166666666657,8.63,5.4,6.8
56438,11,14,6,2013,29.674166666666668,8.41,6.12,7.54
56439,11,15,6,2013,30.1975,9.16,6.62,8.27
56440,11,16,6,2013,31.704166666666666,6.18,4.59,5.5600000000000005
56441,11,17,6,2013,32.45916666666667,6.04,4.5600000000000005,5.49
56442,11,18,6,2013,33.247499999999995,5.97,4.48,5.39
56443,11,19,6,2013,32.41916666666667,7.48,5.36,6.7
56444,11,20,6,2013,32.7875,6.16,4.58,5.65
56445,11,21,6,2013,32.79750000000001,8.84,5.79,7.75
56446,11,22,6,2013,33.780833333333334,10.32,7.1000000000000005,9.1
56447,11,23,6,2013,33.68416666666666,12.69,7.3,9.77
56448,12,0,6,2013,32.14166666666667,13.64,5.18,8.85
56449,12,1,6,2013,31.856666666666666,21.85,13.94,18.46
56450,12,2,6,2013,31.085000000000004,19.34,11.79,15.92
56451,12,3,6,2013,28.98,10.67,6.12,9.14
56452,12,4,6,2013,27.556666666666672,8.8,5.17,7.5
56453,12,5,6,2013,27.613333333333333,17.91,10.32,14.15
56454,12,6,6,2013,26.701666666666664,17.36,9.92,13.61
56455,12,7,6,2013,26.3475,14.41,10.32,12.55
56456,12,8,6,2013,25.056666666666672,8.99,4.92,7.53
56457,12,9,6,2013,23.969166666666666,11.9,6.91,9.54
56458,12,10,6,2013,23.258333333333336,11.04,6.25,8.73
56459,12,11,6,2013,22.040000000000003,8.72,3.44,5.64
56460,12,12,6,2013,24.894166666666663,11.14,5.87,8.4
56461,12,13,6,2013,27.29416666666667,9.95,6.94,8.68
56462,12,14,6,2013,28.2925,10.25,7.33,9.11
56463,12,15,6,2013,29.203333333333333,9.72,7.04,8.69
56464,12,16,6,2013,30.215833333333332,6.61,4.97,5.98
56465,12,17,6,2013,31.352499999999996,6.91,5.09,6.2
56466,12,18,6,2013,32.05083333333333,8.02,5.79,7.09
56467,12,19,6,2013,32.291666666666664,9.58,6.92,8.53
56468,12,20,6,2013,32.17166666666666,9.52,6.92,8.49
56469,12,21,6,2013,32.26166666666666,10.11,7.36,9.08
56470,12,22,6,2013,31.670833333333338,10.49,7.41,9.3
56471,12,23,6,2013,30.355833333333333,10.74,7.59,9.53
56472,13,0,6,2013,28.694999999999997,10.49,6.8500000000000005,8.93
56473,13,1,6,2013,26.344166666666663,11.99,5.78,8.78
56474,13,2,6,2013,24.3025,13.43,6.76,9.85
56475,13,3,6,2013,22.924166666666668,12.89,6.71,9.63
56476,13,4,6,2013,20.906666666666663,12.24,6.4,9.14
56477,13,5,6,2013,19.485000000000003,12.01,6.59,9.22
56478,13,6,6,2013,18.423333333333332,10.86,5.51,8.05
56479,13,7,6,2013,17.653333333333332,10.98,5.55,8.09
56480,13,8,6,2013,17.08833333333333,11.23,5.63,8.18
56481,13,9,6,2013,16.59,10.63,4.9,7.5
56482,13,10,6,2013,16.226666666666667,10.64,5.0600000000000005,7.65
56483,13,11,6,2013,15.950833333333334,9.85,4.58,6.8100000000000005
56484,13,12,6,2013,16.91583333333333,7.47,3.67,5.24
56485,13,13,6,2013,18.5125,6.2700000000000005,4.71,5.7
56486,13,14,6,2013,20.21083333333333,4.96,3.7,4.46
56487,13,15,6,2013,21.86,4.49,3.46,4.12
56488,13,16,6,2013,23.26166666666667,4.1,3.26,3.82
56489,13,17,6,2013,24.500833333333336,3.81,3.01,3.52
56490,13,18,6,2013,25.578333333333337,2.76,2.24,2.59
56491,13,19,6,2013,26.53666666666666,2.24,1.86,2.13
56492,13,20,6,2013,27.40583333333333,3.09,2.59,2.96
56493,13,21,6,2013,27.976666666666663,3.0700000000000003,2.5500000000000003,2.92
56494,13,22,6,2013,28.2925,3.56,2.7,3.23
56495,13,23,6,2013,28.04583333333333,5.37,4.14,5.09
56496,14,0,6,2013,26.986666666666668,5.47,3.96,4.8500000000000005
56497,14,1,6,2013,25.444166666666664,6.0,2.73,5.33
56498,14,2,6,2013,24.073333333333334,8.83,4.42,7.52
56499,14,3,6,2013,23.875,10.68,5.33,8.43
56500,14,4,6,2013,22.474999999999998,11.03,4.04,7.4
56501,14,5,6,2013,20.87333333333333,8.49,1.65,4.23
56502,14,6,6,2013,19.8375,7.88,2.44,5.0200000000000005
56503,14,7,6,2013,18.569166666666668,9.28,2.62,5.59
56504,14,8,6,2013,19.296666666666667,11.29,4.14,7.51
56505,14,9,6,2013,19.513333333333332,11.03,4.59,7.44
56506,14,10,6,2013,20.080833333333334,11.38,5.14,7.97
56507,14,11,6,2013,19.041666666666668,9.92,3.45,6.3
56508,14,12,6,2013,20.370833333333334,7.82,3.58,5.1000000000000005
56509,14,13,6,2013,22.24,4.97,3.91,4.64
56510,14,14,6,2013,23.831666666666663,7.75,5.8500000000000005,7.08
56511,14,15,6,2013,25.563333333333333,9.67,7.16,8.76
56512,14,16,6,2013,27.227500000000003,10.26,7.52,9.23
56513,14,17,6,2013,28.604166666666668,10.99,7.97,9.84
56514,14,18,6,2013,29.663333333333338,11.76,8.46,10.49
56515,14,19,6,2013,30.467499999999998,11.86,8.51,10.55
56516,14,20,6,2013,31.718333333333334,12.1,8.57,10.71
56517,14,21,6,2013,32.92666666666667,11.72,8.47,10.49
56518,14,22,6,2013,33.4125,11.93,8.42,10.63
56519,14,23,6,2013,33.11666666666667,11.61,8.08,10.27
56520,15,0,6,2013,32.035,10.5,7.04,9.12
56521,15,1,6,2013,30.06916666666667,12.55,5.68,8.99
56522,15,2,6,2013,28.728333333333335,12.73,5.54,8.91
56523,15,3,6,2013,27.471666666666668,13.53,6.73,9.92
56524,15,4,6,2013,26.794999999999998,13.98,7.34,10.52
56525,15,5,6,2013,25.990833333333338,13.87,7.07,10.26
56526,15,6,6,2013,25.079166666666662,13.1,6.36,9.44
56527,15,7,6,2013,24.425,12.73,5.93,9.03
56528,15,8,6,2013,24.579166666666666,13.64,6.93,10.11
56529,15,9,6,2013,24.49833333333333,13.44,6.67,9.88
56530,15,10,6,2013,23.51,12.93,5.99,9.21
56531,15,11,6,2013,23.4175,12.82,6.66,9.41
56532,15,12,6,2013,25.43166666666667,13.06,7.95,10.62
56533,15,13,6,2013,26.998333333333335,12.12,7.0600000000000005,9.85
56534,15,14,6,2013,28.575000000000003,12.58,8.8,11.06
56535,15,15,6,2013,29.295833333333334,13.26,9.3,11.7
56536,15,16,6,2013,29.67583333333333,11.63,8.27,10.32
56537,15,17,6,2013,30.155,10.76,7.73,9.57
56538,15,18,6,2013,27.86666666666667,12.02,8.34,10.41
56539,15,19,6,2013,27.447500000000005,12.12,8.66,10.85
56540,15,20,6,2013,25.363333333333333,10.26,7.43,9.23
56541,15,21,6,2013,28.19,9.1,6.45,8.0
56542,15,22,6,2013,29.57083333333333,9.82,6.88,8.65
56543,15,23,6,2013,28.644166666666667,12.84,9.31,11.69
56544,16,0,6,2013,25.914166666666663,10.75,6.24,8.55
56545,16,1,6,2013,24.701666666666668,9.9,5.95,8.13
56546,16,2,6,2013,23.830833333333334,12.54,7.07,9.65
56547,16,3,6,2013,22.210833333333337,12.52,6.8100000000000005,9.43
56548,16,4,6,2013,22.32083333333333,11.98,4.89,7.97
56549,16,5,6,2013,23.426666666666662,11.32,4.57,8.27
56550,16,6,6,2013,22.579166666666666,11.57,4.97,8.07
56551,16,7,6,2013,21.32916666666667,9.38,4.32,6.61
56552,16,8,6,2013,21.518333333333334,8.56,4.57,6.47
56553,16,9,6,2013,20.812499999999996,5.96,2.25,4.0200000000000005
56554,16,10,6,2013,20.505000000000003,5.2700000000000005,2.44,3.6
56555,16,11,6,2013,20.37,4.93,1.9,3.4
56556,16,12,6,2013,21.319999999999997,4.8500000000000005,3.81,4.55
56557,16,13,6,2013,22.146666666666665,5.11,4.0600000000000005,4.82
56558,16,14,6,2013,23.527500000000003,4.26,3.39,4.0
56559,16,15,6,2013,24.763333333333332,3.29,2.72,3.14
56560,16,16,6,2013,25.914999999999996,3.29,2.72,3.13
56561,16,17,6,2013,26.99416666666667,2.96,2.48,2.84
56562,16,18,6,2013,27.881666666666664,2.96,2.5,2.85
56563,16,19,6,2013,28.614166666666662,3.09,2.62,2.97
56564,16,20,6,2013,29.278333333333325,2.91,2.48,2.81
56565,16,21,6,2013,29.729999999999993,2.98,2.58,2.89
56566,16,22,6,2013,29.854166666666668,3.73,3.17,3.62
56567,16,23,6,2013,29.6925,5.17,3.98,4.76
56568,17,0,6,2013,19.961666666666666,32.63,23.0,29.74
56569,17,1,6,2013,18.183333333333334,10.18,6.01,8.15
56570,17,2,6,2013,18.3775,9.9,6.0600000000000005,7.9300000000000015
56571,17,3,6,2013,18.695,9.41,4.42,6.5
56572,17,4,6,2013,20.048333333333336,8.26,2.73,4.55
56573,17,5,6,2013,20.308333333333334,8.09,3.69,6.03
56574,17,6,6,2013,19.00583333333333,12.44,6.26,9.29
56575,17,7,6,2013,19.499166666666667,12.18,7.35,9.3
56576,17,8,6,2013,18.685000000000002,9.93,6.19,8.21
56577,17,9,6,2013,18.482499999999998,7.6400000000000015,3.92,6.16
56578,17,10,6,2013,18.249999999999996,5.49,2.5,4.17
56579,17,11,6,2013,18.03333333333333,2.39,1.29,1.75
56580,17,12,6,2013,19.0675,2.64,1.74,1.88
56581,17,13,6,2013,20.833333333333332,1.74,1.43,1.65
56582,17,14,6,2013,22.350833333333338,1.01,0.99,1.07
56583,17,15,6,2013,24.082500000000007,1.02,0.85,0.97
56584,17,16,6,2013,25.7,2.71,2.22,2.56
56585,17,17,6,2013,26.749999999999996,3.45,2.72,3.18
56586,17,18,6,2013,27.574166666666667,3.65,2.86,3.36
56587,17,19,6,2013,28.5325,5.45,4.24,5.05
56588,17,20,6,2013,29.229166666666668,5.84,4.57,5.43
56589,17,21,6,2013,29.624166666666667,6.43,4.9,5.91
56590,17,22,6,2013,29.78916666666667,6.22,4.75,5.76
56591,17,23,6,2013,29.61333333333334,6.23,4.79,5.79
56592,18,0,6,2013,28.893333333333334,6.84,4.43,5.89
56593,18,1,6,2013,26.607499999999998,7.34,4.51,7.04
56594,18,2,6,2013,23.528333333333332,8.57,4.39,7.0
56595,18,3,6,2013,23.1375,7.24,3.71,6.49
56596,18,4,6,2013,22.444166666666664,6.6000000000000005,4.0,6.49
56597,18,5,6,2013,21.981666666666666,6.3100000000000005,4.21,6.67
56598,18,6,6,2013,21.51,5.84,3.94,6.19
56599,18,7,6,2013,20.829166666666666,5.44,3.64,5.6000000000000005
56600,18,8,6,2013,19.920833333333334,5.95,3.54,5.57
56601,18,9,6,2013,18.835,4.7,3.3000000000000003,5.23
56602,18,10,6,2013,18.580833333333334,4.96,3.87,5.83
56603,18,11,6,2013,19.004166666666663,4.76,3.23,4.99
56604,18,12,6,2013,20.11666666666667,9.65,6.34,7.85
56605,18,13,6,2013,20.554166666666667,8.43,6.4,7.79
56606,18,14,6,2013,22.359166666666667,6.65,4.99,6.03
56607,18,15,6,2013,24.073333333333334,5.99,4.61,5.51
56608,18,16,6,2013,25.455000000000002,6.12,4.72,5.64
56609,18,17,6,2013,26.313333333333333,6.22,4.8,5.72
56610,18,18,6,2013,26.795833333333338,4.9,3.93,4.61
56611,18,19,6,2013,27.470000000000002,4.13,3.46,3.97
56612,18,20,6,2013,27.86,3.82,3.2,3.67
56613,18,21,6,2013,28.103333333333335,3.56,2.98,3.42
56614,18,22,6,2013,28.21166666666666,3.28,2.69,3.12
56615,18,23,6,2013,26.816666666666674,11.32,8.48,10.1
56616,19,0,6,2013,23.94333333333334,8.68,6.08,7.59
56617,19,1,6,2013,23.005,6.09,3.47,5.19
56618,19,2,6,2013,22.17,6.01,3.4,5.29
56619,19,3,6,2013,21.757500000000004,4.79,3.14,4.68
56620,19,4,6,2013,20.231666666666666,3.66,2.18,3.44
56621,19,5,6,2013,19.806666666666665,5.74,3.2,5.34
56622,19,6,6,2013,19.6475,6.68,4.1,6.25
56623,19,7,6,2013,19.558333333333337,7.49,4.47,6.78
56624,19,8,6,2013,19.830833333333334,6.76,3.24,5.94
56625,19,9,6,2013,19.71166666666667,6.11,2.71,4.94
56626,19,10,6,2013,19.209166666666672,7.8,3.93,6.5
56627,19,11,6,2013,18.814999999999998,8.41,4.32,6.71
56628,19,12,6,2013,19.8325,7.87,4.1,5.8
56629,19,13,6,2013,22.001666666666665,6.96,4.49,5.41
56630,19,14,6,2013,24.02916666666667,6.69,5.07,6.13
56631,19,15,6,2013,25.387500000000003,6.47,4.87,5.9
56632,19,16,6,2013,26.62416666666667,6.96,5.16,6.28
56633,19,17,6,2013,27.62333333333333,7.01,5.19,6.32
56634,19,18,6,2013,28.445000000000004,7.54,5.64,6.86
56635,19,19,6,2013,29.132500000000004,8.21,6.12,7.47
56636,19,20,6,2013,29.652499999999993,8.93,6.59,8.11
56637,19,21,6,2013,29.894999999999996,8.76,6.36,7.83
56638,19,22,6,2013,29.924166666666668,9.39,6.68,8.4
56639,19,23,6,2013,29.60166666666667,10.87,7.67,9.71
56640,20,0,6,2013,28.825000000000003,10.72,6.86,9.09
56641,20,1,6,2013,26.775000000000002,11.26,4.64,7.75
56642,20,2,6,2013,25.712499999999995,12.01,5.11,8.36
56643,20,3,6,2013,24.66666666666667,11.87,5.15,8.31
56644,20,4,6,2013,23.43666666666667,12.38,5.96,9.02
56645,20,5,6,2013,22.93166666666667,12.16,5.69,8.620000000000001
56646,20,6,6,2013,22.444166666666664,11.95,6.04,8.91
56647,20,7,6,2013,21.63416666666667,11.8,5.87,8.56
56648,20,8,6,2013,21.376666666666665,12.1,6.03,8.74
56649,20,9,6,2013,21.283333333333335,12.06,6.05,8.84
56650,20,10,6,2013,21.0775,11.73,7.05,9.38
56651,20,11,6,2013,21.921666666666663,11.71,7.23,9.55
56652,20,12,6,2013,22.623333333333335,11.53,7.27,9.56
56653,20,13,6,2013,23.948333333333334,9.84,7.12,8.82
56654,20,14,6,2013,25.110000000000003,11.36,8.25,10.21
56655,20,15,6,2013,26.775000000000002,11.68,8.4,10.44
56656,20,16,6,2013,28.088333333333328,12.08,8.75,10.82
56657,20,17,6,2013,29.150000000000002,14.63,10.46,13.05
56658,20,18,6,2013,30.0325,16.580000000000002,11.98,15.05
56659,20,19,6,2013,30.002499999999998,16.01,11.61,14.43
56660,20,20,6,2013,24.6575,14.41,9.81,12.74
56661,20,21,6,2013,27.787499999999998,10.82,8.01,9.83
56662,20,22,6,2013,28.9425,10.43,7.6400000000000015,9.42
56663,20,23,6,2013,28.884166666666662,9.18,6.71,8.3
56664,21,0,6,2013,28.53833333333333,9.2,6.15,7.72
56665,21,1,6,2013,25.769166666666667,10.25,6.17,8.4
56666,21,2,6,2013,23.915833333333335,11.99,6.92,9.52
56667,21,3,6,2013,22.955,14.36,8.66,11.39
56668,21,4,6,2013,23.549166666666665,15.19,8.71,12.07
56669,21,5,6,2013,24.679999999999996,17.150000000000002,9.68,13.38
56670,21,6,6,2013,24.964166666666667,16.17,9.06,12.59
56671,21,7,6,2013,24.9425,15.89,8.84,12.21
56672,21,8,6,2013,24.778333333333336,17.02,9.85,13.38
56673,21,9,6,2013,24.21083333333333,16.98,9.86,13.48
56674,21,10,6,2013,23.885,17.31,10.06,13.72
56675,21,11,6,2013,24.125,19.0,11.58,15.38
56676,21,12,6,2013,25.236666666666668,18.37,11.51,15.22
56677,21,13,6,2013,25.709166666666665,16.5,11.11,14.23
56678,21,14,6,2013,26.515833333333337,16.32,11.42,14.39
56679,21,15,6,2013,28.021666666666665,15.0,10.59,13.3
56680,21,16,6,2013,29.565,10.07,7.4,9.15
56681,21,17,6,2013,30.92833333333333,11.49,8.32,10.27
56682,21,18,6,2013,31.959166666666665,13.27,9.47,11.8
56683,21,19,6,2013,31.201666666666668,12.29,9.0,11.08
56684,21,20,6,2013,27.389166666666664,15.29,9.92,12.88
56685,21,21,6,2013,27.729166666666668,18.93,12.7,16.54
56686,21,22,6,2013,28.60666666666667,17.02,11.51,14.79
56687,21,23,6,2013,28.164999999999996,11.73,8.28,10.25
56688,22,0,6,2013,27.9575,12.66,8.05,10.61
56689,22,1,6,2013,27.1575,15.96,9.45,12.86
56690,22,2,6,2013,25.05666666666667,14.33,8.66,11.61
56691,22,3,6,2013,25.627499999999998,12.01,6.6000000000000005,9.11
56692,22,4,6,2013,27.5725,13.84,7.52,10.62
56693,22,5,6,2013,26.471666666666668,13.8,7.32,10.43
56694,22,6,6,2013,25.125,11.3,6.45,9.01
56695,22,7,6,2013,25.0,11.5,6.4,8.98
56696,22,8,6,2013,24.310000000000002,11.34,5.84,8.540000000000001
56697,22,9,6,2013,23.866666666666664,11.7,5.96,8.72
56698,22,10,6,2013,23.965,11.3,6.45,8.96
56699,22,11,6,2013,23.85416666666666,11.35,6.5200000000000005,8.98
56700,22,12,6,2013,24.028333333333332,10.71,6.53,8.02
56701,22,13,6,2013,25.268333333333334,9.8,7.23,8.88
56702,22,14,6,2013,26.994166666666672,9.87,7.21,8.950000000000003
56703,22,15,6,2013,28.709166666666665,9.49,6.8500000000000005,8.51
56704,22,16,6,2013,30.05416666666666,11.01,7.99,9.92
56705,22,17,6,2013,31.37833333333333,12.27,8.75,10.92
56706,22,18,6,2013,32.43916666666667,13.83,9.85,12.33
56707,22,19,6,2013,33.12333333333333,14.17,10.18,12.74
56708,22,20,6,2013,33.45916666666667,14.62,10.56,13.21
56709,22,21,6,2013,33.439166666666665,15.91,11.32,14.3
56710,22,22,6,2013,33.14083333333334,15.38,11.25,14.08
56711,22,23,6,2013,32.62833333333334,14.85,10.79,13.61
56712,23,0,6,2013,31.639166666666668,14.27,9.73,12.61
56713,23,1,6,2013,29.71083333333333,13.26,6.1400000000000015,9.11
56714,23,2,6,2013,29.04416666666667,14.33,7.28,10.54
56715,23,3,6,2013,28.1775,14.77,7.46,10.75
56716,23,4,6,2013,27.1075,16.01,9.07,12.55
56717,23,5,6,2013,26.225000000000005,16.15,9.41,12.87
56718,23,6,6,2013,25.202499999999997,15.9,9.35,12.8
56719,23,7,6,2013,24.05916666666667,15.42,8.790000000000001,12.13
56720,23,8,6,2013,23.31166666666667,14.49,8.39,11.46
56721,23,9,6,2013,22.801666666666666,10.36,5.91,8.08
56722,23,10,6,2013,21.401666666666667,7.24,1.56,3.6
56723,23,11,6,2013,20.965,10.06,4.41,6.38
56724,23,12,6,2013,22.292500000000004,8.21,4.26,5.97
56725,23,13,6,2013,23.61583333333333,10.31,7.43,9.24
56726,23,14,6,2013,24.660833333333333,10.79,7.84,9.74
56727,23,15,6,2013,26.751666666666665,10.34,7.54,9.3
56728,23,16,6,2013,28.566666666666666,11.38,8.01,10.17
56729,23,17,6,2013,29.370833333333334,12.04,8.700000000000001,10.75
56730,23,18,6,2013,29.680000000000003,12.67,9.18,11.31
56731,23,19,6,2013,27.6275,11.98,8.83,10.86
56732,23,20,6,2013,29.633333333333336,7.9,6.0600000000000005,7.27
56733,23,21,6,2013,31.662499999999998,10.27,7.4,9.23
56734,23,22,6,2013,32.06416666666666,10.32,7.34,9.13
56735,23,23,6,2013,32.095,11.03,7.72,9.75
56736,24,0,6,2013,30.460000000000004,12.59,8.09,10.56
56737,24,1,6,2013,29.79166666666666,12.79,6.33,9.49
56738,24,2,6,2013,28.324166666666667,13.84,6.98,10.25
56739,24,3,6,2013,26.915000000000003,13.75,6.51,9.75
56740,24,4,6,2013,25.99833333333333,13.53,6.69,9.78
56741,24,5,6,2013,24.94916666666667,12.92,6.22,9.32
56742,24,6,6,2013,23.777500000000003,10.32,6.5,8.85
56743,24,7,6,2013,21.8275,11.63,8.1,10.17
56744,24,8,6,2013,20.924166666666668,5.18,3.5,4.79
56745,24,9,6,2013,20.381666666666664,7.47,4.37,5.83
56746,24,10,6,2013,20.229166666666668,7.18,2.75,4.3500000000000005
56747,24,11,6,2013,20.394166666666667,9.64,5.07,7.0200000000000005
56748,24,12,6,2013,22.578333333333333,9.43,6.1400000000000015,7.65
56749,24,13,6,2013,24.620833333333334,8.77,6.21,7.73
56750,24,14,6,2013,25.71083333333333,6.6000000000000005,4.95,6.05
56751,24,15,6,2013,27.409166666666668,8.6,6.43,7.82
56752,24,16,6,2013,27.9575,9.18,6.49,8.08
56753,24,17,6,2013,29.27666666666667,8.63,5.95,7.53
56754,24,18,6,2013,29.052499999999995,10.93,8.09,9.95
56755,24,19,6,2013,31.077499999999997,13.1,9.31,11.62
56756,24,20,6,2013,31.495,13.14,9.41,11.67
56757,24,21,6,2013,31.678333333333338,13.49,9.39,11.8
56758,24,22,6,2013,32.04333333333334,13.25,9.23,11.63
56759,24,23,6,2013,31.688333333333333,12.78,8.67,11.03
56760,25,0,6,2013,32.107499999999995,13.98,9.18,12.07
56761,25,1,6,2013,30.610833333333336,14.61,7.61,11.08
56762,25,2,6,2013,29.50333333333333,14.96,7.97,11.17
56763,25,3,6,2013,28.548333333333332,15.8,8.76,12.32
56764,25,4,6,2013,27.567499999999995,15.88,8.82,12.29
56765,25,5,6,2013,26.963333333333328,16.48,9.61,13.12
56766,25,6,6,2013,26.50916666666667,16.39,9.51,12.9
56767,25,7,6,2013,26.659166666666668,15.71,9.15,12.45
56768,25,8,6,2013,26.823333333333338,14.42,7.53,10.71
56769,25,9,6,2013,25.8875,15.2,7.3900000000000015,10.88
56770,25,10,6,2013,24.923333333333336,14.56,8.040000000000001,11.19
56771,25,11,6,2013,24.817500000000006,14.53,7.87,11.09
56772,25,12,6,2013,24.968333333333334,13.89,8.57,11.34
56773,25,13,6,2013,26.591666666666672,12.84,8.67,10.79
56774,25,14,6,2013,28.080000000000002,11.52,8.27,10.25
56775,25,15,6,2013,29.60083333333333,11.06,7.9300000000000015,9.86
56776,25,16,6,2013,30.88666666666667,10.9,7.81,9.71
56777,25,17,6,2013,32.145,11.25,8.03,9.96
56778,25,18,6,2013,33.12083333333334,11.82,8.4,10.5
56779,25,19,6,2013,34.01916666666666,12.43,8.790000000000001,10.98
56780,25,20,6,2013,34.58916666666667,14.19,10.02,12.56
56781,25,21,6,2013,34.939166666666665,14.53,10.2,12.84
56782,25,22,6,2013,35.135,13.85,9.59,12.21
56783,25,23,6,2013,35.03416666666667,14.72,10.11,12.87
56784,26,0,6,2013,33.835,13.26,8.24,10.95
56785,26,1,6,2013,32.060833333333335,13.38,6.95,9.95
56786,26,2,6,2013,30.949166666666667,14.35,7.47,10.69
56787,26,3,6,2013,29.769999999999996,14.56,7.77,11.05
56788,26,4,6,2013,28.839166666666667,14.47,7.66,10.88
56789,26,5,6,2013,28.075000000000003,15.56,8.3,11.71
56790,26,6,6,2013,28.364166666666666,15.13,8.06,11.41
56791,26,7,6,2013,27.144166666666663,13.88,7.6,10.85
56792,26,8,6,2013,25.768333333333334,10.76,5.84,8.870000000000003
56793,26,9,6,2013,24.960000000000004,9.04,5.42,8.22
56794,26,10,6,2013,24.838333333333335,9.43,5.17,8.21
56795,26,11,6,2013,24.605000000000004,9.14,5.05,8.05
56796,26,12,6,2013,25.9575,9.03,4.97,7.24
56797,26,13,6,2013,27.334166666666665,7.41,4.66,5.61
56798,26,14,6,2013,29.327499999999997,6.69,4.91,6.0
56799,26,15,6,2013,30.679166666666664,6.95,5.18,6.28
56800,26,16,6,2013,31.833333333333332,6.94,5.18,6.2700000000000005
56801,26,17,6,2013,32.97416666666667,6.8,5.11,6.17
56802,26,18,6,2013,33.82416666666667,7.2,5.3500000000000005,6.5
56803,26,19,6,2013,34.55416666666667,7.3900000000000015,5.42,6.62
56804,26,20,6,2013,35.336666666666666,7.81,5.73,7.0200000000000005
56805,26,21,6,2013,35.56916666666667,7.81,5.73,7.03
56806,26,22,6,2013,35.498333333333335,6.74,5.0200000000000005,6.12
56807,26,23,6,2013,35.065000000000005,6.38,4.72,5.7700000000000005
56808,27,0,6,2013,34.02333333333333,5.8100000000000005,3.97,5.15
56809,27,1,6,2013,31.285833333333333,4.7,1.14,2.83
56810,27,2,6,2013,29.665833333333328,3.62,0.6900000000000001,1.87
56811,27,3,6,2013,28.665833333333335,3.43,0.93,2.26
56812,27,4,6,2013,28.002499999999994,2.94,0.6900000000000001,1.82
56813,27,5,6,2013,27.155833333333334,2.49,1.1,2.03
56814,27,6,6,2013,26.758333333333336,3.12,1.15,2.25
56815,27,7,6,2013,25.590833333333325,3.08,1.33,2.49
56816,27,8,6,2013,25.07416666666667,4.73,2.39,4.1
56817,27,9,6,2013,24.2225,4.8,2.54,4.3100000000000005
56818,27,10,6,2013,24.626666666666665,4.39,2.19,3.99
56819,27,11,6,2013,23.993333333333336,6.63,3.91,6.17
56820,27,12,6,2013,26.313333333333333,7.74,3.92,5.8500000000000005
56821,27,13,6,2013,25.095000000000002,13.38,8.53,11.26
56822,27,14,6,2013,25.795,6.51,5.1000000000000005,6.08
56823,27,15,6,2013,27.44333333333333,10.19,8.19,9.78
56824,27,16,6,2013,25.125,13.03,9.91,11.92
56825,27,17,6,2013,25.33083333333333,6.4,5.11,6.0200000000000005
56826,27,18,6,2013,28.149166666666662,7.95,6.37,7.58
56827,27,19,6,2013,27.712500000000002,7.0,5.09,6.3
56828,27,20,6,2013,30.336666666666662,5.29,4.14,4.92
56829,27,21,6,2013,31.815,2.73,2.19,2.5500000000000003
56830,27,22,6,2013,32.38,2.52,2.07,2.39
56831,27,23,6,2013,32.62500000000001,3.18,2.65,3.0500000000000003
56832,28,0,6,2013,32.4125,4.1,2.54,3.31
56833,28,1,6,2013,30.290000000000003,5.9,1.84,4.17
56834,28,2,6,2013,28.0475,6.45,1.91,4.61
56835,28,3,6,2013,26.797499999999996,5.45,1.05,2.56
56836,28,4,6,2013,25.881666666666664,4.28,1.35,3.0
56837,28,5,6,2013,25.43083333333333,4.32,1.79,3.38
56838,28,6,6,2013,24.50166666666667,6.0200000000000005,2.56,4.71
56839,28,7,6,2013,22.93166666666667,6.82,3.02,5.69
56840,28,8,6,2013,22.201666666666664,5.95,3.22,5.5
56841,28,9,6,2013,21.99,7.04,3.5700000000000003,6.0200000000000005
56842,28,10,6,2013,22.107499999999998,7.44,3.84,6.37
56843,28,11,6,2013,22.229166666666668,8.790000000000001,4.25,6.96
56844,28,12,6,2013,24.0825,8.68,4.83,6.53
56845,28,13,6,2013,25.593333333333337,8.25,5.79,7.23
56846,28,14,6,2013,26.92,7.19,5.2700000000000005,6.47
56847,28,15,6,2013,28.0525,8.06,5.87,7.24
56848,28,16,6,2013,28.894166666666667,8.63,6.25,7.73
56849,28,17,6,2013,29.408333333333335,9.75,7.08,8.77
56850,28,18,6,2013,29.958333333333332,10.65,7.78,9.6
56851,28,19,6,2013,30.301666666666666,10.45,7.6400000000000015,9.4
56852,28,20,6,2013,30.55,10.87,7.9300000000000015,9.78
56853,28,21,6,2013,30.646666666666665,10.61,7.66,9.5
56854,28,22,6,2013,30.552499999999995,10.43,7.41,9.27
56855,28,23,6,2013,29.934166666666666,12.25,8.52,10.87
56856,29,0,6,2013,28.866666666666664,9.95,6.76,8.63
56857,29,1,6,2013,26.64833333333333,13.26,4.2700000000000005,8.35
56858,29,2,6,2013,25.090833333333336,13.71,4.54,8.790000000000001
56859,29,3,6,2013,23.578333333333337,13.21,4.61,8.75
56860,29,4,6,2013,22.772499999999997,13.45,4.72,8.46
56861,29,5,6,2013,21.896666666666665,12.75,5.09,8.69
56862,29,6,6,2013,21.188333333333336,13.12,5.14,8.8
56863,29,7,6,2013,20.206666666666663,11.67,4.67,8.24
56864,29,8,6,2013,18.830833333333334,11.82,4.92,8.47
56865,29,9,6,2013,17.320000000000004,11.87,4.16,8.35
56866,29,10,6,2013,17.359166666666667,12.82,5.04,8.73
56867,29,11,6,2013,17.903333333333332,12.64,5.51,8.72
56868,29,12,6,2013,19.320833333333333,10.89,6.41,8.78
56869,29,13,6,2013,21.01,8.84,6.3900000000000015,7.92
56870,29,14,6,2013,22.598333333333333,10.07,7.18,8.950000000000003
56871,29,15,6,2013,24.194999999999993,12.9,9.07,11.42
56872,29,16,6,2013,25.182500000000005,13.75,9.74,12.14
56873,29,17,6,2013,25.558333333333337,14.08,10.01,12.5
56874,29,18,6,2013,26.057500000000005,14.37,10.16,12.68
56875,29,19,6,2013,26.39833333333333,15.07,10.7,13.43
56876,29,20,6,2013,26.837500000000002,13.88,9.79,12.27
56877,29,21,6,2013,26.90166666666667,13.46,9.45,11.93
56878,29,22,6,2013,24.874166666666667,14.44,10.67,13.27
56879,29,23,6,2013,22.757500000000004,15.72,10.8,13.95
56880,30,0,6,2013,22.633333333333336,12.03,7.91,10.3
56881,30,1,6,2013,20.633333333333333,10.67,6.0200000000000005,8.47
56882,30,2,6,2013,19.194166666666668,10.71,4.42,7.32
56883,30,3,6,2013,18.4925,10.88,4.44,7.52
56884,30,4,6,2013,17.79,10.87,4.0,7.34
56885,30,5,6,2013,17.184166666666666,11.03,3.49,7.3900000000000015
56886,30,6,6,2013,16.433333333333334,9.69,3.2,6.37
56887,30,7,6,2013,16.00583333333333,9.74,3.31,6.57
56888,30,8,6,2013,15.906666666666668,8.85,4.19,7.16
56889,30,9,6,2013,15.221666666666664,10.38,3.89,6.96
56890,30,10,6,2013,14.521666666666663,10.45,3.62,6.99
56891,30,11,6,2013,14.351666666666668,9.33,4.15,6.53
56892,30,12,6,2013,15.416666666666666,7.81,4.38,5.7
56893,30,13,6,2013,17.31083333333333,6.23,4.57,5.59
56894,30,14,6,2013,19.41916666666667,7.22,5.32,6.53
56895,30,15,6,2013,20.90833333333333,7.28,5.3500000000000005,6.57
56896,30,16,6,2013,21.941666666666663,7.3900000000000015,5.5200000000000005,6.7
56897,30,17,6,2013,22.715833333333332,7.86,5.87,7.12
56898,30,18,6,2013,23.233333333333334,8.42,6.37,7.73
56899,30,19,6,2013,23.700833333333335,8.02,6.0,7.32
56900,30,20,6,2013,24.349166666666672,8.22,6.32,7.62
56901,30,21,6,2013,24.675,8.27,6.3100000000000005,7.66
56902,30,22,6,2013,24.748333333333335,8.58,6.4,7.84
56903,30,23,6,2013,24.56416666666667,8.4,6.0200000000000005,7.54
56904,1,0,7,2013,23.802499999999995,8.700000000000001,6.29,7.9300000000000015
56905,1,1,7,2013,21.569999999999997,9.3,4.2,6.96
56906,1,2,7,2013,19.220000000000002,9.34,2.89,6.45
56907,1,3,7,2013,18.209999999999997,9.86,2.79,6.65
56908,1,4,7,2013,17.4175,9.55,2.52,6.3900000000000015
56909,1,5,7,2013,16.8575,9.13,2.78,6.0600000000000005
56910,1,6,7,2013,16.202499999999997,8.57,2.71,5.93
56911,1,7,7,2013,15.661666666666667,8.15,2.73,5.8100000000000005
56912,1,8,7,2013,14.985833333333334,7.77,3.0500000000000003,5.97
56913,1,9,7,2013,14.355833333333331,6.95,2.75,5.43
56914,1,10,7,2013,13.611666666666666,7.05,2.91,5.75
56915,1,11,7,2013,13.733333333333334,7.1000000000000005,3.15,5.7
56916,1,12,7,2013,15.180833333333332,6.7700000000000005,3.36,4.7700000000000005
56917,1,13,7,2013,17.069999999999997,5.11,3.54,4.23
56918,1,14,7,2013,19.511666666666667,5.36,4.07,4.91
56919,1,15,7,2013,21.723333333333333,5.79,4.3,5.24
56920,1,16,7,2013,23.430000000000007,6.63,4.95,6.0200000000000005
56921,1,17,7,2013,24.2075,6.95,5.22,6.33
56922,1,18,7,2013,24.899166666666662,6.6400000000000015,5.01,6.04
56923,1,19,7,2013,25.51833333333333,6.72,5.07,6.12
56924,1,20,7,2013,26.048333333333332,6.58,4.96,6.0
56925,1,21,7,2013,26.018333333333334,7.87,5.51,6.8900000000000015
56926,1,22,7,2013,26.205000000000002,7.3900000000000015,4.91,6.3900000000000015
56927,1,23,7,2013,26.1975,7.49,5.34,6.68
56928,2,0,7,2013,25.475833333333327,6.96,4.09,5.5200000000000005
56929,2,1,7,2013,23.27916666666667,6.76,2.57,5.0600000000000005
56930,2,2,7,2013,21.529999999999998,6.6000000000000005,2.08,5.16
56931,2,3,7,2013,20.080000000000002,7.59,2.24,5.05
56932,2,4,7,2013,18.805,5.67,1.02,3.09
56933,2,5,7,2013,18.502499999999998,3.74,0.8300000000000001,2.15
56934,2,6,7,2013,17.888333333333332,3.51,0.87,2.13
56935,2,7,7,2013,17.155833333333337,3.0700000000000003,0.86,2.08
56936,2,8,7,2013,16.51,2.68,0.58,1.6
56937,2,9,7,2013,16.206666666666663,2.35,0.6,1.56
56938,2,10,7,2013,15.939999999999998,2.04,0.84,1.75
56939,2,11,7,2013,15.826666666666666,2.19,1.19,2.25
56940,2,12,7,2013,17.416666666666664,2.31,1.57,2.11
56941,2,13,7,2013,19.582499999999996,2.01,1.56,1.72
56942,2,14,7,2013,21.615,2.19,1.85,2.12
56943,2,15,7,2013,23.354166666666668,2.39,1.92,2.23
56944,2,16,7,2013,24.359999999999996,3.29,2.65,3.09
56945,2,17,7,2013,25.08916666666667,3.38,2.67,3.14
56946,2,18,7,2013,25.780000000000005,3.49,2.78,3.24
56947,2,19,7,2013,26.284166666666675,3.35,2.75,3.18
56948,2,20,7,2013,26.6825,2.76,2.34,2.66
56949,2,21,7,2013,23.867500000000003,12.64,8.91,11.19
56950,2,22,7,2013,22.561666666666664,8.93,5.9,7.56
56951,2,23,7,2013,24.230833333333333,5.69,4.3500000000000005,5.32
56952,3,0,7,2013,22.09833333333333,4.08,3.33,3.94
56953,3,1,7,2013,21.425,5.66,2.4,4.28
56954,3,2,7,2013,19.484166666666663,3.68,1.38,2.92
56955,3,3,7,2013,18.592499999999998,3.85,2.42,4.23
56956,3,4,7,2013,18.284166666666668,3.38,2.01,3.58
56957,3,5,7,2013,18.36833333333333,1.75,1.22,1.86
56958,3,6,7,2013,18.148333333333333,3.45,1.55,3.06
56959,3,7,7,2013,16.81083333333333,2.96,1.7,2.69
56960,3,8,7,2013,16.73,2.22,2.07,2.5
56961,3,9,7,2013,17.334166666666665,1.99,1.87,2.32
56962,3,10,7,2013,16.735000000000003,2.24,1.56,2.27
56963,3,11,7,2013,16.469166666666666,2.37,1.85,2.58
56964,3,12,7,2013,19.075,2.8000000000000003,1.95,2.51
56965,3,13,7,2013,21.377499999999998,2.24,1.46,1.61
56966,3,14,7,2013,23.055000000000003,3.96,3.48,3.99
56967,3,15,7,2013,24.5625,2.56,2.1,2.44
56968,3,16,7,2013,25.790000000000003,1.94,1.62,1.85
56969,3,17,7,2013,26.52666666666667,3.37,2.8000000000000003,3.23
56970,3,18,7,2013,25.88416666666667,8.03,6.74,7.72
56971,3,19,7,2013,24.534166666666668,11.3,8.97,10.79
56972,3,20,7,2013,25.349166666666665,11.53,8.870000000000003,10.84
56973,3,21,7,2013,22.111666666666668,11.55,8.88,10.82
56974,3,22,7,2013,22.5275,9.39,7.21,8.76
56975,3,23,7,2013,22.298333333333332,9.42,7.17,8.76
56976,4,0,7,2013,22.871666666666666,7.55,5.48,6.87
56977,4,1,7,2013,21.49416666666666,6.87,3.27,5.32
56978,4,2,7,2013,20.813333333333333,6.11,2.72,4.96
56979,4,3,7,2013,18.707500000000003,9.6,4.94,8.01
56980,4,4,7,2013,18.575,9.31,4.49,7.63
56981,4,5,7,2013,18.470833333333335,11.18,4.7,8.35
56982,4,6,7,2013,18.31083333333333,11.06,4.8,8.6
56983,4,7,7,2013,18.093333333333334,10.87,4.79,8.41
56984,4,8,7,2013,17.729166666666668,12.62,5.3500000000000005,9.28
56985,4,9,7,2013,17.613333333333333,13.42,5.6000000000000005,9.49
56986,4,10,7,2013,17.1475,13.0,5.51,9.0
56987,4,11,7,2013,17.02166666666667,13.19,6.1400000000000015,9.13
56988,4,12,7,2013,18.8325,11.41,6.05,8.48
56989,4,13,7,2013,20.870833333333334,8.94,5.2700000000000005,6.34
56990,4,14,7,2013,23.25916666666667,6.78,5.15,6.21
56991,4,15,7,2013,25.311666666666664,6.61,4.9,6.0
56992,4,16,7,2013,26.73833333333333,6.66,4.98,6.07
56993,4,17,7,2013,27.608333333333338,7.09,5.4,6.55
56994,4,18,7,2013,28.122500000000002,6.73,5.42,6.42
56995,4,19,7,2013,28.599166666666665,6.93,5.46,6.5200000000000005
56996,4,20,7,2013,29.03,7.18,5.45,6.62
56997,4,21,7,2013,29.37666666666667,6.6000000000000005,5.18,6.21
56998,4,22,7,2013,29.285833333333333,6.8900000000000015,5.2,6.34
56999,4,23,7,2013,28.900833333333335,8.72,6.16,7.82
57000,5,0,7,2013,26.884166666666662,10.0,6.45,8.55
57001,5,1,7,2013,24.635833333333338,9.91,4.34,7.65
57002,5,2,7,2013,22.985,14.07,7.13,10.51
57003,5,3,7,2013,21.840000000000003,13.91,7.2,10.37
57004,5,4,7,2013,20.57,13.45,6.8500000000000005,9.98
57005,5,5,7,2013,19.51666666666667,13.36,6.7,9.65
57006,5,6,7,2013,18.916666666666668,13.35,7.24,10.21
57007,5,7,7,2013,19.045,14.77,7.91,11.21
57008,5,8,7,2013,18.6925,14.82,8.07,11.32
57009,5,9,7,2013,18.80333333333333,14.81,8.14,11.37
57010,5,10,7,2013,18.53666666666667,13.84,7.24,10.33
57011,5,11,7,2013,18.903333333333332,13.29,7.72,10.38
57012,5,12,7,2013,20.151666666666667,12.72,7.54,10.14
57013,5,13,7,2013,21.97083333333333,11.34,7.15,8.76
57014,5,14,7,2013,24.093333333333334,9.42,6.99,8.59
57015,5,15,7,2013,25.856666666666666,10.86,7.9,9.77
57016,5,16,7,2013,27.223333333333333,11.94,8.57,10.69
57017,5,17,7,2013,28.39,14.34,10.21,12.84
57018,5,18,7,2013,28.5275,14.64,10.44,13.09
57019,5,19,7,2013,29.58333333333334,14.11,10.22,12.72
57020,5,20,7,2013,29.84833333333334,13.4,9.91,12.28
57021,5,21,7,2013,29.930000000000003,12.66,9.02,11.35
57022,5,22,7,2013,30.133333333333336,11.71,8.71,10.86
57023,5,23,7,2013,29.70833333333333,11.69,8.56,10.74
57024,6,0,7,2013,28.870000000000005,10.91,6.87,8.91
57025,6,1,7,2013,26.939999999999998,11.84,4.95,8.26
57026,6,2,7,2013,25.560833333333335,12.92,5.21,8.72
57027,6,3,7,2013,24.47583333333333,12.99,5.91,9.27
57028,6,4,7,2013,23.792500000000004,13.44,6.3900000000000015,9.56
57029,6,5,7,2013,23.19333333333334,14.7,7.43,10.83
57030,6,6,7,2013,22.661666666666665,14.08,7.16,10.39
57031,6,7,7,2013,22.207499999999996,14.01,7.46,10.55
57032,6,8,7,2013,22.095,14.34,7.87,10.96
57033,6,9,7,2013,21.564166666666665,13.83,7.44,10.48
57034,6,10,7,2013,21.370833333333334,13.53,7.44,10.38
57035,6,11,7,2013,21.45,13.64,8.08,10.92
57036,6,12,7,2013,22.763333333333335,13.64,8.51,11.28
57037,6,13,7,2013,24.464166666666667,11.29,8.07,10.07
57038,6,14,7,2013,26.39833333333333,12.04,8.59,10.78
57039,6,15,7,2013,28.0475,12.37,8.88,11.12
57040,6,16,7,2013,29.1075,12.16,8.71,10.87
57041,6,17,7,2013,30.117500000000003,12.1,8.86,11.0
57042,6,18,7,2013,30.686666666666667,12.73,9.67,11.85
57043,6,19,7,2013,31.201666666666668,12.56,9.43,11.51
57044,6,20,7,2013,31.478333333333328,12.23,9.34,11.44
57045,6,21,7,2013,31.879999999999995,12.03,9.03,11.11
57046,6,22,7,2013,31.91166666666666,12.02,8.71,10.9
57047,6,23,7,2013,31.730833333333333,11.18,7.82,9.85
57048,7,0,7,2013,30.743333333333336,12.46,7.78,10.29
57049,7,1,7,2013,29.146666666666665,12.88,6.96,9.76
57050,7,2,7,2013,28.271666666666665,13.28,6.93,9.92
57051,7,3,7,2013,28.021666666666665,13.85,8.14,10.99
57052,7,4,7,2013,27.618333333333336,13.64,8.040000000000001,10.88
57053,7,5,7,2013,26.53833333333333,12.53,6.78,9.68
57054,7,6,7,2013,26.24083333333333,12.67,7.43,10.16
57055,7,7,7,2013,26.510833333333338,16.22,10.03,13.4
57056,7,8,7,2013,25.360833333333332,14.2,8.38,11.44
57057,7,9,7,2013,24.8475,14.56,8.02,11.16
57058,7,10,7,2013,24.646666666666665,15.23,8.82,12.05
57059,7,11,7,2013,24.399999999999995,15.11,8.790000000000001,11.97
57060,7,12,7,2013,25.188333333333333,14.69,9.16,12.13
57061,7,13,7,2013,26.449166666666667,13.59,9.37,11.83
57062,7,14,7,2013,27.251666666666665,13.28,9.38,11.78
57063,7,15,7,2013,28.969166666666663,12.59,8.94,11.17
57064,7,16,7,2013,30.564999999999998,12.71,8.950000000000003,11.22
57065,7,17,7,2013,31.903333333333336,12.69,8.97,11.22
57066,7,18,7,2013,33.119166666666665,11.88,8.370000000000001,10.46
57067,7,19,7,2013,33.994166666666665,11.61,8.25,10.27
57068,7,20,7,2013,34.65666666666667,11.35,8.06,10.05
57069,7,21,7,2013,34.99,11.98,8.47,10.66
57070,7,22,7,2013,35.15333333333333,11.92,8.45,10.61
57071,7,23,7,2013,34.97500000000001,11.13,7.55,9.71
57072,8,0,7,2013,33.910833333333336,10.95,6.7,8.71
57073,8,1,7,2013,31.815,14.03,6.09,9.55
57074,8,2,7,2013,30.749166666666667,14.47,7.35,10.45
57075,8,3,7,2013,29.776666666666667,13.5,7.12,10.14
57076,8,4,7,2013,28.405833333333334,9.19,4.4,6.43
57077,8,5,7,2013,26.415833333333328,8.66,3.97,5.89
57078,8,6,7,2013,25.68166666666667,3.83,2.5500000000000003,3.52
57079,8,7,7,2013,25.41,4.46,2.1,3.47
57080,8,8,7,2013,25.096666666666668,7.91,4.8100000000000005,6.2700000000000005
57081,8,9,7,2013,24.30666666666667,8.6,4.96,6.8100000000000005
57082,8,10,7,2013,23.643333333333334,3.3000000000000003,2.0,2.33
57083,8,11,7,2013,23.999166666666664,6.57,4.14,5.57
57084,8,12,7,2013,25.02,7.54,4.67,5.58
57085,8,13,7,2013,27.415833333333335,7.36,5.36,6.6000000000000005
57086,8,14,7,2013,29.22333333333333,8.08,5.9,7.27
57087,8,15,7,2013,30.393333333333334,8.96,6.55,8.07
57088,8,16,7,2013,30.46666666666667,9.85,7.3,8.98
57089,8,17,7,2013,29.4325,14.01,9.85,12.53
57090,8,18,7,2013,24.646666666666665,14.38,9.52,12.36
57091,8,19,7,2013,25.24,7.42,4.97,6.3
57092,8,20,7,2013,28.86583333333333,7.58,5.6000000000000005,6.83
57093,8,21,7,2013,29.325000000000003,6.3900000000000015,4.66,5.71
57094,8,22,7,2013,29.55,4.34,3.1,4.1
57095,8,23,7,2013,29.730833333333337,8.290000000000001,6.09,7.43
57096,9,0,7,2013,28.911666666666672,8.45,6.18,7.67
57097,9,1,7,2013,27.450833333333332,11.47,6.2700000000000005,8.96
57098,9,2,7,2013,26.44916666666667,12.41,6.75,9.45
57099,9,3,7,2013,25.970000000000002,13.23,7.3900000000000015,10.24
57100,9,4,7,2013,25.957499999999996,12.37,6.3500000000000005,9.12
57101,9,5,7,2013,25.8875,12.19,5.48,8.24
57102,9,6,7,2013,26.890833333333333,12.73,6.29,9.11
57103,9,7,7,2013,25.855000000000004,11.82,5.67,7.55
57104,9,8,7,2013,25.834999999999997,8.58,5.08,7.0600000000000005
57105,9,9,7,2013,25.174999999999997,6.04,1.93,3.85
57106,9,10,7,2013,25.224999999999998,11.55,6.6000000000000005,9.45
57107,9,11,7,2013,26.073333333333334,9.96,5.46,7.82
57108,9,12,7,2013,26.345,10.5,6.21,8.24
57109,9,13,7,2013,26.709999999999997,8.84,5.69,7.17
57110,9,14,7,2013,28.534999999999997,9.12,6.2700000000000005,7.96
57111,9,15,7,2013,30.765,7.0600000000000005,5.11,6.29
57112,9,16,7,2013,32.32583333333334,6.94,5.13,6.23
57113,9,17,7,2013,33.97666666666667,7.52,5.54,6.76
57114,9,18,7,2013,35.71416666666667,7.21,5.29,6.45
57115,9,19,7,2013,36.85916666666666,7.91,5.78,7.07
57116,9,20,7,2013,37.63166666666667,7.57,5.45,6.71
57117,9,21,7,2013,38.30416666666667,8.14,5.98,7.34
57118,9,22,7,2013,38.6175,7.86,5.78,7.09
57119,9,23,7,2013,38.55916666666666,6.36,4.64,5.74
57120,10,0,7,2013,37.8075,5.8100000000000005,3.59,4.7
57121,10,1,7,2013,31.387500000000003,18.96,13.68,16.4
57122,10,2,7,2013,22.59,20.56,13.72,17.47
57123,10,3,7,2013,23.418333333333337,12.3,7.46,10.05
57124,10,4,7,2013,24.809166666666666,10.21,5.17,7.78
57125,10,5,7,2013,25.650833333333335,9.03,4.92,7.47
57126,10,6,7,2013,23.830000000000002,11.89,6.94,9.85
57127,10,7,7,2013,22.500833333333333,5.78,3.35,4.15
57128,10,8,7,2013,22.063333333333333,5.5,3.82,4.89
57129,10,9,7,2013,22.03916666666667,5.75,3.23,4.49
57130,10,10,7,2013,21.9475,2.9,1.36,2.16
57131,10,11,7,2013,21.986666666666668,4.25,2.68,3.6
57132,10,12,7,2013,22.82833333333333,5.07,3.87,4.68
57133,10,13,7,2013,23.325833333333332,7.1000000000000005,5.39,6.53
57134,10,14,7,2013,24.495833333333337,8.08,6.04,7.36
57135,10,15,7,2013,26.127499999999998,8.81,6.58,8.01
57136,10,16,7,2013,27.481666666666666,7.99,6.0,7.28
57137,10,17,7,2013,28.465,7.0,5.32,6.3900000000000015
57138,10,18,7,2013,29.140833333333337,5.96,4.58,5.46
57139,10,19,7,2013,29.698333333333327,5.17,4.03,4.76
57140,10,20,7,2013,30.236666666666665,4.42,3.48,4.09
57141,10,21,7,2013,30.540833333333328,4.08,3.22,3.78
57142,10,22,7,2013,30.617500000000003,3.96,3.16,3.72
57143,10,23,7,2013,30.414999999999996,4.21,3.49,4.07
57144,11,0,7,2013,29.879999999999995,4.5200000000000005,3.02,4.21
57145,11,1,7,2013,27.75166666666666,4.42,2.01,3.64
57146,11,2,7,2013,25.67833333333333,5.76,0.92,3.01
57147,11,3,7,2013,24.5825,7.83,1.01,3.88
57148,11,4,7,2013,23.524166666666662,9.45,1.43,5.59
57149,11,5,7,2013,22.269166666666663,9.96,1.74,5.61
57150,11,6,7,2013,21.004166666666666,10.55,3.37,6.73
57151,11,7,7,2013,20.30166666666667,10.53,3.64,6.42
57152,11,8,7,2013,20.49083333333333,10.44,3.59,6.71
57153,11,9,7,2013,21.03416666666666,10.45,5.68,7.75
57154,11,10,7,2013,20.849166666666665,10.17,5.87,8.01
57155,11,11,7,2013,19.615000000000006,6.3100000000000005,5.3100000000000005,6.8
57156,11,12,7,2013,18.233333333333334,4.5600000000000005,2.84,3.61
57157,11,13,7,2013,19.89916666666667,5.33,3.62,4.15
57158,11,14,7,2013,22.028333333333332,5.5600000000000005,4.39,5.21
57159,11,15,7,2013,23.584166666666672,6.69,5.14,6.18
57160,11,16,7,2013,25.433333333333337,6.8,5.19,6.23
57161,11,17,7,2013,26.68166666666667,6.6400000000000015,5.03,6.0600000000000005
57162,11,18,7,2013,27.85666666666667,5.91,4.54,5.43
57163,11,19,7,2013,28.879999999999995,5.8500000000000005,4.53,5.4
57164,11,20,7,2013,29.511666666666667,6.18,4.71,5.66
57165,11,21,7,2013,29.694999999999997,6.94,5.3100000000000005,6.4
57166,11,22,7,2013,29.730000000000004,7.17,5.3500000000000005,6.54
57167,11,23,7,2013,29.459166666666665,7.58,5.59,6.9
57168,12,0,7,2013,28.594166666666666,8.78,5.3500000000000005,6.75
57169,12,1,7,2013,26.355833333333337,10.38,3.82,7.13
57170,12,2,7,2013,24.72,11.49,4.53,7.92
57171,12,3,7,2013,24.066666666666663,11.91,5.01,8.28
57172,12,4,7,2013,23.201666666666668,12.22,5.05,8.19
57173,12,5,7,2013,22.58333333333334,12.13,5.09,8.16
57174,12,6,7,2013,22.089166666666667,11.88,5.07,8.05
57175,12,7,7,2013,21.830000000000002,12.34,5.38,8.46
57176,12,8,7,2013,21.216666666666665,13.02,6.1400000000000015,9.22
57177,12,9,7,2013,20.748333333333335,13.18,6.3100000000000005,9.37
57178,12,10,7,2013,20.183333333333334,13.3,6.66,9.66
57179,12,11,7,2013,20.019166666666667,13.25,7.53,10.17
57180,12,12,7,2013,20.729166666666668,13.15,7.68,10.43
57181,12,13,7,2013,22.18666666666667,10.05,6.66,8.370000000000001
57182,12,14,7,2013,24.173333333333332,9.02,6.6400000000000015,8.19
57183,12,15,7,2013,25.897499999999997,9.64,7.05,8.71
57184,12,16,7,2013,27.570833333333336,9.54,7.0200000000000005,8.64
57185,12,17,7,2013,29.132500000000004,9.29,6.82,8.4
57186,12,18,7,2013,30.296666666666667,9.17,6.72,8.26
57187,12,19,7,2013,31.254166666666663,9.03,6.63,8.15
57188,12,20,7,2013,31.976666666666663,9.2,6.76,8.32
57189,12,21,7,2013,32.388333333333335,9.28,6.7,8.33
57190,12,22,7,2013,32.41,9.67,6.88,8.63
57191,12,23,7,2013,31.917500000000004,10.25,7.1000000000000005,9.08
57192,13,0,7,2013,30.834999999999997,10.29,7.13,9.12
57193,13,1,7,2013,29.024166666666662,12.92,6.48,9.6
57194,13,2,7,2013,27.49416666666667,12.54,6.22,9.22
57195,13,3,7,2013,26.721666666666668,12.65,6.41,9.37
57196,13,4,7,2013,25.866666666666664,12.9,6.51,9.48
57197,13,5,7,2013,25.26,13.47,6.98,9.99
57198,13,6,7,2013,24.865,13.78,7.23,10.32
57199,13,7,7,2013,24.379166666666663,13.1,6.79,9.7
57200,13,8,7,2013,24.000833333333336,12.73,6.45,9.28
57201,13,9,7,2013,23.437500000000004,12.25,6.3100000000000005,9.05
57202,13,10,7,2013,22.874999999999996,11.33,5.66,8.25
57203,13,11,7,2013,22.66666666666667,11.04,5.71,8.08
57204,13,12,7,2013,23.36333333333333,9.84,5.62,7.68
57205,13,13,7,2013,24.768333333333334,7.6,5.41,6.53
57206,13,14,7,2013,26.644166666666663,6.67,5.1000000000000005,6.16
57207,13,15,7,2013,28.415000000000003,6.45,4.92,5.95
57208,13,16,7,2013,30.050833333333333,6.1000000000000005,4.68,5.62
57209,13,17,7,2013,31.108333333333334,6.87,5.16,6.28
57210,13,18,7,2013,32.2975,7.01,5.37,6.46
57211,13,19,7,2013,33.01666666666666,6.88,5.3100000000000005,6.38
57212,13,20,7,2013,33.1525,7.85,5.67,6.98
57213,13,21,7,2013,33.74583333333334,7.56,5.54,6.83
57214,13,22,7,2013,33.65250000000001,8.83,6.45,8.01
57215,13,23,7,2013,32.916666666666664,9.59,6.8900000000000015,8.66
57216,14,0,7,2013,31.75,11.09,6.47,8.74
57217,14,1,7,2013,29.884166666666662,11.68,5.88,8.63
57218,14,2,7,2013,28.3325,12.58,6.63,9.56
57219,14,3,7,2013,27.47583333333333,12.06,6.74,9.26
57220,14,4,7,2013,25.89916666666667,12.08,6.36,9.14
57221,14,5,7,2013,24.971666666666668,11.97,5.98,8.77
57222,14,6,7,2013,24.035,11.58,5.36,8.1
57223,14,7,7,2013,23.53583333333333,11.58,5.79,8.23
57224,14,8,7,2013,23.239166666666662,10.25,5.44,7.7
57225,14,9,7,2013,22.424166666666668,11.33,5.08,7.84
57226,14,10,7,2013,21.82166666666667,10.85,5.71,7.9300000000000015
57227,14,11,7,2013,21.849166666666665,10.39,6.16,8.33
57228,14,12,7,2013,21.519166666666667,10.03,5.83,7.82
57229,14,13,7,2013,22.13,8.36,6.18,7.62
57230,14,14,7,2013,23.311666666666667,7.33,5.39,6.65
57231,14,15,7,2013,24.727500000000003,8.0,5.98,7.32
57232,14,16,7,2013,26.049166666666665,7.82,5.84,7.13
57233,14,17,7,2013,27.04083333333334,7.59,5.66,6.9
57234,14,18,7,2013,27.852500000000003,7.96,5.94,7.24
57235,14,19,7,2013,28.3475,7.99,6.04,7.32
57236,14,20,7,2013,28.720833333333335,8.41,6.33,7.74
57237,14,21,7,2013,28.8425,8.64,6.61,8.03
57238,14,22,7,2013,28.734166666666667,10.32,7.2,9.2
57239,14,23,7,2013,28.495833333333334,9.72,6.8900000000000015,8.73
57240,15,0,7,2013,27.65833333333333,9.08,6.09,7.92
57241,15,1,7,2013,25.900000000000002,10.4,4.3,7.8900000000000015
57242,15,2,7,2013,24.249166666666667,11.07,4.28,7.59
57243,15,3,7,2013,22.497500000000002,12.13,3.38,7.32
57244,15,4,7,2013,22.284166666666664,11.63,3.59,7.38
57245,15,5,7,2013,21.106666666666666,10.85,2.76,6.97
57246,15,6,7,2013,20.109166666666667,9.37,1.63,5.47
57247,15,7,7,2013,19.514166666666664,8.23,1.82,5.5600000000000005
57248,15,8,7,2013,19.0275,7.11,1.74,4.99
57249,15,9,7,2013,18.546666666666667,6.08,2.15,4.48
57250,15,10,7,2013,17.959999999999997,6.74,2.5,5.15
57251,15,11,7,2013,17.87666666666667,6.58,2.44,4.92
57252,15,12,7,2013,19.429166666666664,5.62,2.89,3.84
57253,15,13,7,2013,22.155833333333334,5.2700000000000005,3.81,4.5600000000000005
57254,15,14,7,2013,24.370833333333334,5.0200000000000005,3.92,4.68
57255,15,15,7,2013,26.177500000000006,4.46,3.49,4.16
57256,15,16,7,2013,27.5425,4.53,3.53,4.2
57257,15,17,7,2013,28.525833333333328,4.92,3.81,4.54
57258,15,18,7,2013,29.168333333333333,5.05,3.96,4.7
57259,15,19,7,2013,29.5125,5.8100000000000005,4.47,5.38
57260,15,20,7,2013,29.90833333333333,6.47,4.99,5.99
57261,15,21,7,2013,30.47083333333333,8.19,5.82,7.35
57262,15,22,7,2013,29.227500000000003,12.29,9.04,11.15
57263,15,23,7,2013,29.68916666666667,7.9300000000000015,5.61,7.1000000000000005
57264,16,0,7,2013,28.9975,7.75,5.51,6.96
57265,16,1,7,2013,27.0825,9.32,3.02,6.91
57266,16,2,7,2013,25.653333333333332,10.28,4.1,7.59
57267,16,3,7,2013,23.87833333333333,10.57,3.34,7.1000000000000005
57268,16,4,7,2013,23.515833333333333,8.24,3.46,6.26
57269,16,5,7,2013,23.367499999999996,9.23,3.94,6.97
57270,16,6,7,2013,22.91333333333333,8.9,3.83,6.55
57271,16,7,7,2013,22.37,9.2,3.22,6.17
57272,16,8,7,2013,22.441666666666666,7.96,3.48,6.24
57273,16,9,7,2013,21.641666666666666,5.15,2.95,4.92
57274,16,10,7,2013,21.11,3.43,2.4,3.74
57275,16,11,7,2013,21.075,2.52,1.7,2.61
57276,16,12,7,2013,22.74,2.43,1.73,2.37
57277,16,13,7,2013,24.724999999999998,1.79,1.45,1.69
57278,16,14,7,2013,25.859999999999996,1.33,1.09,1.25
57279,16,15,7,2013,27.203333333333337,2.4,1.94,2.26
57280,16,16,7,2013,28.390833333333333,3.26,2.53,3.0
57281,16,17,7,2013,29.49416666666667,4.14,3.28,3.85
57282,16,18,7,2013,30.2625,4.55,3.5500000000000003,4.23
57283,16,19,7,2013,30.889166666666668,5.67,4.53,5.36
57284,16,20,7,2013,31.175000000000008,5.51,4.5,5.29
57285,16,21,7,2013,31.549166666666665,6.17,5.25,6.05
57286,16,22,7,2013,31.939166666666665,4.98,3.96,4.68
57287,16,23,7,2013,31.90416666666667,5.57,4.23,5.17
57288,17,0,7,2013,31.18249999999999,4.92,3.56,4.47
57289,17,1,7,2013,29.232499999999998,7.85,3.0,6.07
57290,17,2,7,2013,27.715833333333332,7.09,3.98,6.44
57291,17,3,7,2013,27.215000000000003,8.81,4.0600000000000005,7.1000000000000005
57292,17,4,7,2013,26.065,10.85,4.9,7.97
57293,17,5,7,2013,25.007500000000004,10.17,4.4,7.3
57294,17,6,7,2013,24.360833333333332,10.14,4.65,7.46
57295,17,7,7,2013,23.584166666666672,9.54,4.36,7.16
57296,17,8,7,2013,22.87,6.86,3.39,6.0600000000000005
57297,17,9,7,2013,22.6225,5.5600000000000005,3.12,4.94
57298,17,10,7,2013,22.540833333333335,4.61,2.75,4.3500000000000005
57299,17,11,7,2013,22.647499999999997,4.57,2.66,4.09
57300,17,12,7,2013,24.0475,4.09,2.22,3.46
57301,17,13,7,2013,26.382499999999997,2.02,1.42,1.63
57302,17,14,7,2013,28.113333333333333,1.91,1.49,1.76
57303,17,15,7,2013,29.12833333333334,2.61,2.04,2.4
57304,17,16,7,2013,29.99333333333333,3.03,2.52,2.91
57305,17,17,7,2013,30.8125,3.45,2.83,3.29
57306,17,18,7,2013,30.669166666666666,6.29,6.09,6.75
57307,17,19,7,2013,27.855,7.35,4.66,6.47
57308,17,20,7,2013,26.31833333333333,13.66,10.17,12.5
57309,17,21,7,2013,25.5325,9.36,6.4,8.290000000000001
57310,17,22,7,2013,26.99083333333333,5.2,4.07,4.8500000000000005
57311,17,23,7,2013,28.7325,6.16,4.49,5.5200000000000005
57312,18,0,7,2013,28.10833333333333,9.64,5.69,7.82
57313,18,1,7,2013,24.163333333333338,14.63,9.45,12.52
57314,18,2,7,2013,22.623333333333335,11.0,5.61,7.91
57315,18,3,7,2013,23.49833333333333,10.86,4.74,7.68
57316,18,4,7,2013,22.873333333333335,8.31,3.99,6.51
57317,18,5,7,2013,22.889166666666668,10.14,4.8,7.51
57318,18,6,7,2013,23.197500000000005,10.98,5.13,7.9
57319,18,7,7,2013,22.7475,10.51,4.5200000000000005,7.34
57320,18,8,7,2013,22.394166666666667,10.22,4.05,6.99
57321,18,9,7,2013,22.38083333333333,10.53,4.61,7.71
57322,18,10,7,2013,21.712500000000002,10.44,4.49,7.5
57323,18,11,7,2013,21.486666666666668,9.68,4.86,7.11
57324,18,12,7,2013,23.01,9.28,4.89,6.7
57325,18,13,7,2013,24.9675,7.45,4.9,5.98
57326,18,14,7,2013,26.99083333333333,6.8100000000000005,4.87,6.05
57327,18,15,7,2013,28.796666666666667,7.31,5.26,6.5
57328,18,16,7,2013,30.16166666666666,8.44,6.09,7.55
57329,18,17,7,2013,30.889999999999997,8.27,6.01,7.41
57330,18,18,7,2013,31.7175,9.14,6.68,8.24
57331,18,19,7,2013,32.33083333333334,9.3,6.83,8.42
57332,18,20,7,2013,32.80500000000001,9.92,7.19,8.92
57333,18,21,7,2013,33.08416666666666,10.07,7.31,9.07
57334,18,22,7,2013,33.06666666666666,9.88,7.01,8.83
57335,18,23,7,2013,32.82416666666666,9.66,6.78,8.59
57336,19,0,7,2013,31.90833333333333,10.01,6.66,8.55
57337,19,1,7,2013,30.048333333333336,10.88,4.75,8.14
57338,19,2,7,2013,29.304166666666664,12.38,5.48,8.9
57339,19,3,7,2013,28.564166666666665,12.58,5.45,8.92
57340,19,4,7,2013,27.98166666666667,12.98,5.2700000000000005,8.77
57341,19,5,7,2013,27.357499999999998,12.96,5.37,8.78
57342,19,6,7,2013,26.43916666666666,13.12,5.76,9.07
57343,19,7,7,2013,26.243333333333336,13.03,5.79,9.03
57344,19,8,7,2013,25.980000000000004,13.28,6.2,9.41
57345,19,9,7,2013,25.68166666666667,13.31,6.22,9.41
57346,19,10,7,2013,25.275833333333335,13.49,6.38,9.61
57347,19,11,7,2013,24.939999999999998,13.68,6.6400000000000015,9.5
57348,19,12,7,2013,26.12166666666667,12.89,7.25,9.89
57349,19,13,7,2013,27.651666666666667,10.17,7.03,8.69
57350,19,14,7,2013,29.138333333333332,9.58,6.93,8.59
57351,19,15,7,2013,30.371666666666666,9.49,6.8500000000000005,8.51
57352,19,16,7,2013,31.36916666666667,8.26,6.03,7.41
57353,19,17,7,2013,32.336666666666666,6.59,4.89,5.95
57354,19,18,7,2013,33.15416666666667,5.3500000000000005,4.03,4.86
57355,19,19,7,2013,33.795,4.76,3.66,4.36
57356,19,20,7,2013,34.27833333333333,5.63,4.24,5.11
57357,19,21,7,2013,34.51416666666667,6.72,5.1000000000000005,6.17
57358,19,22,7,2013,32.822500000000005,14.62,11.02,13.38
57359,19,23,7,2013,23.368333333333336,18.18,11.26,14.72
57360,20,0,7,2013,22.14916666666667,16.97,10.35,13.86
57361,20,1,7,2013,22.069166666666664,14.47,9.16,12.16
57362,20,2,7,2013,22.30666666666667,9.79,7.0600000000000005,8.98
57363,20,3,7,2013,22.721666666666664,7.1400000000000015,4.21,6.26
57364,20,4,7,2013,24.199166666666667,4.87,3.65,5.51
57365,20,5,7,2013,23.581666666666667,6.88,2.8000000000000003,4.46
57366,20,6,7,2013,21.980833333333333,7.04,2.5,4.21
57367,20,7,7,2013,21.22666666666667,6.08,1.14,2.84
57368,20,8,7,2013,21.2825,6.21,1.95,4.28
57369,20,9,7,2013,21.280833333333334,8.19,4.5,6.7700000000000005
57370,20,10,7,2013,21.47583333333333,9.14,4.15,6.6400000000000015
57371,20,11,7,2013,21.150833333333335,7.18,3.92,5.91
57372,20,12,7,2013,22.477500000000006,6.63,3.95,5.19
57373,20,13,7,2013,23.590833333333325,6.0200000000000005,3.53,4.14
57374,20,14,7,2013,25.29833333333333,3.54,2.88,3.36
57375,20,15,7,2013,27.3175,1.54,1.25,1.45
57376,20,16,7,2013,28.85083333333333,2.42,2.01,2.32
57377,20,17,7,2013,29.839166666666667,2.92,2.54,2.88
57378,20,18,7,2013,30.834166666666665,3.47,2.88,3.33
57379,20,19,7,2013,31.485,2.92,2.53,2.87
57380,20,20,7,2013,32.21750000000001,2.72,2.29,2.62
57381,20,21,7,2013,32.451666666666675,4.64,4.11,4.63
57382,20,22,7,2013,29.90083333333334,10.37,7.68,9.49
57383,20,23,7,2013,28.076666666666664,11.55,8.25,10.37
57384,21,0,7,2013,26.875833333333333,9.93,7.01,8.620000000000001
57385,21,1,7,2013,24.671666666666667,10.87,5.59,8.01
57386,21,2,7,2013,23.314166666666665,11.58,6.4,9.06
57387,21,3,7,2013,23.291666666666668,11.38,6.07,8.64
57388,21,4,7,2013,23.113333333333333,10.44,5.4,8.23
57389,21,5,7,2013,23.21083333333333,10.6,5.62,8.24
57390,21,6,7,2013,23.421666666666667,7.16,3.73,5.3500000000000005
57391,21,7,7,2013,21.7775,6.25,4.13,5.28
57392,21,8,7,2013,20.284166666666664,2.37,1.62,2.33
57393,21,9,7,2013,20.253333333333334,4.98,3.43,4.9
57394,21,10,7,2013,20.477499999999996,7.37,3.93,5.98
57395,21,11,7,2013,19.965833333333332,7.9,3.51,5.64
57396,21,12,7,2013,21.086666666666662,6.84,4.32,5.29
57397,21,13,7,2013,22.6875,6.33,4.75,5.76
57398,21,14,7,2013,23.679999999999996,5.03,3.7,4.55
57399,21,15,7,2013,23.584999999999997,5.66,4.4,5.29
57400,21,16,7,2013,22.886666666666667,4.68,3.62,4.3500000000000005
57401,21,17,7,2013,23.90166666666667,6.8100000000000005,5.51,6.46
57402,21,18,7,2013,26.889166666666664,4.88,3.64,4.38
57403,21,19,7,2013,28.242500000000003,5.0600000000000005,4.2,4.8500000000000005
57404,21,20,7,2013,29.024166666666662,5.08,4.09,4.79
57405,21,21,7,2013,29.66,4.86,3.85,4.54
57406,21,22,7,2013,29.823333333333334,4.79,3.84,4.55
57407,21,23,7,2013,29.54416666666666,5.96,4.86,5.89
57408,22,0,7,2013,28.070833333333326,6.75,3.62,5.72
57409,22,1,7,2013,26.3125,6.61,4.18,6.13
57410,22,2,7,2013,24.50333333333333,6.7700000000000005,2.53,5.57
57411,22,3,7,2013,24.648333333333337,7.77,3.64,6.58
57412,22,4,7,2013,24.139166666666668,8.96,4.5200000000000005,7.35
57413,22,5,7,2013,23.8,9.22,4.87,7.78
57414,22,6,7,2013,23.216666666666665,10.09,4.98,7.98
57415,22,7,7,2013,23.168333333333333,11.98,5.97,8.94
57416,22,8,7,2013,22.9225,10.88,5.65,8.65
57417,22,9,7,2013,22.05333333333333,9.17,4.5600000000000005,7.29
57418,22,10,7,2013,22.0575,9.16,4.89,7.9
57419,22,11,7,2013,21.68166666666667,9.1,4.79,7.54
57420,22,12,7,2013,23.015000000000004,8.99,5.17,7.3
57421,22,13,7,2013,24.933333333333337,7.23,4.38,5.2700000000000005
57422,22,14,7,2013,27.32166666666667,5.33,4.05,4.89
57423,22,15,7,2013,29.13,4.5600000000000005,3.5,4.19
57424,22,16,7,2013,30.636666666666667,3.74,2.96,3.48
57425,22,17,7,2013,32.01916666666667,3.38,2.67,3.13
57426,22,18,7,2013,33.14166666666667,3.0700000000000003,2.44,2.86
57427,22,19,7,2013,34.052499999999995,3.52,2.79,3.28
57428,22,20,7,2013,34.85416666666667,3.68,2.82,3.38
57429,22,21,7,2013,35.26500000000001,4.1,3.16,3.76
57430,22,22,7,2013,35.44583333333333,4.33,3.3200000000000003,3.96
57431,22,23,7,2013,34.32000000000001,7.13,5.36,6.55
57432,23,0,7,2013,32.84416666666667,5.62,3.92,5.29
57433,23,1,7,2013,27.386666666666667,23.25,15.12,19.53
57434,23,2,7,2013,25.727500000000006,14.88,9.09,12.26
57435,23,3,7,2013,25.525833333333335,6.54,3.03,4.24
57436,23,4,7,2013,24.879999999999995,8.98,3.87,5.43
57437,23,5,7,2013,23.045,7.9,2.53,6.65
57438,23,6,7,2013,21.225833333333334,4.32,1.9,2.24
57439,23,7,7,2013,20.621666666666663,1.28,0.8,1.19
57440,23,8,7,2013,20.446666666666665,2.12,1.22,2.34
57441,23,9,7,2013,20.60333333333333,2.04,1.59,2.36
57442,23,10,7,2013,20.0675,3.36,4.28,5.54
57443,23,11,7,2013,19.664166666666667,5.82,3.74,5.61
57444,23,12,7,2013,20.115833333333338,6.53,3.87,5.15
57445,23,13,7,2013,21.285833333333333,6.45,4.33,5.22
57446,23,14,7,2013,22.344166666666666,4.39,3.58,4.22
57447,23,15,7,2013,23.62,4.39,3.59,4.17
57448,23,16,7,2013,25.56916666666667,5.76,4.62,5.41
57449,23,17,7,2013,27.559166666666666,6.8100000000000005,5.41,6.3900000000000015
57450,23,18,7,2013,28.7625,5.25,4.16,4.9
57451,23,19,7,2013,25.02333333333333,20.04,12.36,15.62
57452,23,20,7,2013,22.296666666666667,13.23,9.57,11.77
57453,23,21,7,2013,24.206666666666667,4.17,3.38,3.95
57454,23,22,7,2013,24.170833333333338,3.25,2.68,3.1
57455,23,23,7,2013,23.761666666666667,3.65,2.77,3.49
57456,24,0,7,2013,23.60833333333333,5.49,4.17,5.08
57457,24,1,7,2013,22.551666666666666,3.82,1.61,2.84
57458,24,2,7,2013,21.709166666666672,2.58,0.73,1.7
57459,24,3,7,2013,21.61,3.87,0.99,2.44
57460,24,4,7,2013,21.341666666666665,4.94,1.69,3.48
57461,24,5,7,2013,20.280000000000005,6.23,2.17,4.43
57462,24,6,7,2013,19.160833333333336,6.48,2.89,4.84
57463,24,7,7,2013,18.964166666666667,5.98,1.86,4.01
57464,24,8,7,2013,18.841666666666665,7.17,1.54,4.26
57465,24,9,7,2013,18.06,6.6400000000000015,1.61,4.11
57466,24,10,7,2013,17.331666666666667,5.76,1.72,4.0
57467,24,11,7,2013,16.679166666666664,4.91,1.73,3.29
57468,24,12,7,2013,17.532500000000002,4.51,1.83,2.93
57469,24,13,7,2013,19.091666666666665,2.33,1.91,2.17
57470,24,14,7,2013,20.751666666666665,2.39,1.99,2.29
57471,24,15,7,2013,22.489166666666666,2.24,1.86,2.14
57472,24,16,7,2013,24.037500000000005,3.29,2.61,3.0500000000000003
57473,24,17,7,2013,25.28333333333333,3.56,2.83,3.3000000000000003
57474,24,18,7,2013,26.436666666666667,3.66,3.0,3.46
57475,24,19,7,2013,27.249166666666667,3.61,2.97,3.44
57476,24,20,7,2013,28.13416666666667,2.95,2.39,2.72
57477,24,21,7,2013,28.474166666666672,2.69,2.25,2.57
57478,24,22,7,2013,28.817500000000006,2.65,2.37,2.65
57479,24,23,7,2013,28.655,2.74,2.39,2.68
57480,25,0,7,2013,27.99666666666667,4.8,2.5500000000000003,4.14
57481,25,1,7,2013,25.547500000000003,5.45,2.93,5.12
57482,25,2,7,2013,24.49833333333333,6.53,3.27,5.89
57483,25,3,7,2013,24.00583333333334,7.05,3.43,6.5
57484,25,4,7,2013,23.333333333333332,7.11,3.87,6.51
57485,25,5,7,2013,22.8075,10.19,4.75,7.67
57486,25,6,7,2013,22.665833333333335,10.46,5.15,7.85
57487,25,7,7,2013,22.305833333333336,10.51,5.2,7.76
57488,25,8,7,2013,22.060000000000002,10.51,5.36,7.82
57489,25,9,7,2013,21.68916666666667,10.39,5.7,7.99
57490,25,10,7,2013,21.35666666666667,10.84,5.95,8.4
57491,25,11,7,2013,21.30916666666667,10.94,5.8,8.32
57492,25,12,7,2013,21.67583333333333,9.43,5.65,7.26
57493,25,13,7,2013,22.6725,7.8,5.63,6.91
57494,25,14,7,2013,24.4075,3.35,2.66,3.13
57495,25,15,7,2013,25.515833333333333,4.45,3.18,4.0600000000000005
57496,25,16,7,2013,26.773333333333337,4.2700000000000005,3.38,3.98
57497,25,17,7,2013,28.160833333333333,4.47,3.56,4.19
57498,25,18,7,2013,29.157499999999995,7.6400000000000015,5.84,7.03
57499,25,19,7,2013,29.638333333333335,7.0,5.2700000000000005,6.36
57500,25,20,7,2013,27.122500000000006,14.79,11.24,13.71
57501,25,21,7,2013,24.66333333333333,9.97,6.82,8.71
57502,25,22,7,2013,25.103333333333335,8.42,5.95,7.42
57503,25,23,7,2013,25.207499999999996,7.07,5.05,6.2700000000000005
57504,26,0,7,2013,24.655,6.91,3.74,5.55
57505,26,1,7,2013,24.085833333333337,6.3100000000000005,3.34,5.1000000000000005
57506,26,2,7,2013,23.020833333333332,8.47,4.96,6.76
57507,26,3,7,2013,22.00333333333333,8.41,4.9,6.69
57508,26,4,7,2013,20.76083333333333,7.18,3.75,5.58
57509,26,5,7,2013,19.901666666666667,5.57,1.75,3.17
57510,26,6,7,2013,19.984166666666663,4.09,0.81,2.16
57511,26,7,7,2013,19.55333333333333,1.88,0.5,1.22
57512,26,8,7,2013,19.459166666666665,2.36,1.04,1.93
57513,26,9,7,2013,19.456666666666667,1.8,0.6,1.35
57514,26,10,7,2013,20.257499999999997,2.29,0.93,1.5
57515,26,11,7,2013,20.653333333333332,3.42,1.86,2.5500000000000003
57516,26,12,7,2013,20.782500000000002,3.76,2.56,3.21
57517,26,13,7,2013,21.424166666666665,4.15,3.09,3.74
57518,26,14,7,2013,22.8875,4.92,3.66,4.44
57519,26,15,7,2013,24.159166666666668,4.97,3.73,4.53
57520,26,16,7,2013,25.51,6.95,5.2700000000000005,6.3500000000000005
57521,26,17,7,2013,26.765,7.97,6.19,7.43
57522,26,18,7,2013,27.583333333333332,7.65,5.76,6.93
57523,26,19,7,2013,27.8775,8.9,6.66,8.1
57524,26,20,7,2013,28.104166666666668,9.8,7.38,9.0
57525,26,21,7,2013,28.03583333333334,8.870000000000003,6.65,8.09
57526,26,22,7,2013,27.739999999999995,8.870000000000003,6.53,8.06
57527,26,23,7,2013,27.0625,8.72,6.2,7.76
57528,27,0,7,2013,25.4675,10.49,5.65,7.19
57529,27,1,7,2013,22.9025,11.07,4.66,8.290000000000001
57530,27,2,7,2013,21.277500000000003,11.91,4.86,9.29
57531,27,3,7,2013,19.585833333333333,11.07,4.2700000000000005,7.9
57532,27,4,7,2013,18.175833333333333,9.88,3.68,7.8
57533,27,5,7,2013,17.229166666666664,9.08,3.88,7.13
57534,27,6,7,2013,16.017500000000002,9.74,3.59,6.95
57535,27,7,7,2013,14.598333333333331,9.6,3.63,6.95
57536,27,8,7,2013,13.685833333333333,8.71,2.5500000000000003,5.7
57537,27,9,7,2013,12.795833333333334,6.63,1.54,3.91
57538,27,10,7,2013,12.566666666666665,4.46,1.36,2.91
57539,27,11,7,2013,12.265833333333333,5.22,2.05,3.97
57540,27,12,7,2013,13.646666666666668,4.5200000000000005,2.24,3.35
57541,27,13,7,2013,15.456666666666669,3.85,3.02,3.5500000000000003
57542,27,14,7,2013,17.2225,4.03,3.0,3.6
57543,27,15,7,2013,18.816666666666666,5.0200000000000005,3.81,4.5600000000000005
57544,27,16,7,2013,19.98333333333333,5.47,4.23,5.03
57545,27,17,7,2013,20.826666666666664,5.98,4.59,5.48
57546,27,18,7,2013,21.719166666666666,6.23,4.89,5.8
57547,27,19,7,2013,22.527500000000003,6.65,5.07,6.07
57548,27,20,7,2013,23.105,6.71,5.24,6.25
57549,27,21,7,2013,23.434166666666666,6.32,4.9,5.86
57550,27,22,7,2013,23.618333333333336,5.94,4.59,5.49
57551,27,23,7,2013,23.4425,5.63,4.43,5.3
57552,28,0,7,2013,22.545,5.23,3.67,4.69
57553,28,1,7,2013,20.120833333333334,5.83,2.49,4.68
57554,28,2,7,2013,18.412499999999998,4.98,1.59,4.25
57555,28,3,7,2013,17.140833333333333,4.04,1.08,2.75
57556,28,4,7,2013,16.285000000000004,3.79,1.06,2.44
57557,28,5,7,2013,15.2425,3.88,1.08,2.53
57558,28,6,7,2013,13.666666666666666,3.86,1.09,2.5
57559,28,7,7,2013,13.043333333333331,3.63,1.12,2.49
57560,28,8,7,2013,12.631666666666668,2.69,0.61,1.64
57561,28,9,7,2013,12.559166666666668,4.03,1.59,3.22
57562,28,10,7,2013,11.005,4.71,2.12,4.0
57563,28,11,7,2013,10.594166666666668,4.38,1.53,3.2
57564,28,12,7,2013,11.806666666666667,4.01,1.72,2.49
57565,28,13,7,2013,14.405000000000001,3.41,1.54,1.7
57566,28,14,7,2013,17.175,2.75,2.32,2.63
57567,28,15,7,2013,19.401666666666667,2.61,2.12,2.45
57568,28,16,7,2013,20.658333333333335,2.5,2.19,2.44
57569,28,17,7,2013,21.539999999999996,2.5,2.22,2.48
57570,28,18,7,2013,22.530833333333334,1.4,1.43,1.5
57571,28,19,7,2013,23.439166666666665,1.7,1.57,1.71
57572,28,20,7,2013,24.112499999999997,1.99,1.72,1.93
57573,28,21,7,2013,24.65833333333333,2.4,2.04,2.33
57574,28,22,7,2013,24.774999999999995,4.3500000000000005,3.41,4.08
57575,28,23,7,2013,23.154166666666665,6.3900000000000015,4.91,5.94
57576,29,0,7,2013,21.763333333333335,6.45,4.79,5.8500000000000005
57577,29,1,7,2013,20.265,6.5600000000000005,3.27,5.25
57578,29,2,7,2013,19.658333333333335,6.23,3.34,5.04
57579,29,3,7,2013,19.210833333333337,5.89,2.79,4.54
57580,29,4,7,2013,18.976666666666663,6.12,2.93,4.93
57581,29,5,7,2013,18.40833333333333,5.96,2.8000000000000003,4.86
57582,29,6,7,2013,18.545,5.95,2.45,4.6000000000000005
57583,29,7,7,2013,17.98333333333333,5.29,2.41,3.85
57584,29,8,7,2013,17.398333333333337,5.7700000000000005,2.88,4.21
57585,29,9,7,2013,16.703333333333333,5.37,2.58,3.64
57586,29,10,7,2013,16.078333333333333,5.87,3.73,4.66
57587,29,11,7,2013,15.983333333333334,7.08,4.6000000000000005,6.12
57588,29,12,7,2013,15.699166666666668,7.8,4.88,6.63
57589,29,13,7,2013,16.145833333333332,6.44,4.53,5.6000000000000005
57590,29,14,7,2013,16.970000000000002,7.97,6.0200000000000005,7.34
57591,29,15,7,2013,17.549166666666668,8.1,6.0600000000000005,7.3900000000000015
57592,29,16,7,2013,18.09,8.96,6.67,8.15
57593,29,17,7,2013,18.839166666666667,9.54,7.12,8.72
57594,29,18,7,2013,19.281666666666666,9.45,7.0,8.58
57595,29,19,7,2013,19.81833333333333,8.16,5.97,7.35
57596,29,20,7,2013,19.605,7.37,4.76,6.05
57597,29,21,7,2013,19.45,7.88,4.76,6.34
57598,29,22,7,2013,19.92916666666667,8.21,5.47,7.03
57599,29,23,7,2013,20.24,9.56,5.88,7.62
57600,30,0,7,2013,20.21,8.45,5.23,6.95
57601,30,1,7,2013,20.227500000000003,8.6,5.15,6.92
57602,30,2,7,2013,20.2075,7.2,4.17,5.65
57603,30,3,7,2013,20.033333333333335,6.58,3.73,5.1000000000000005
57604,30,4,7,2013,19.99833333333333,6.78,3.96,5.3500000000000005
57605,30,5,7,2013,19.864166666666666,5.92,3.53,4.7
57606,30,6,7,2013,19.803333333333335,4.8,3.04,3.96
57607,30,7,7,2013,19.525000000000002,4.68,2.95,3.86
57608,30,8,7,2013,19.299166666666668,4.61,2.86,3.87
57609,30,9,7,2013,19.181666666666665,4.64,2.86,3.87
57610,30,10,7,2013,19.064999999999998,3.76,2.26,3.13
57611,30,11,7,2013,18.81916666666667,3.85,2.29,3.18
57612,30,12,7,2013,18.587499999999995,3.77,2.48,3.0500000000000003
57613,30,13,7,2013,18.7075,3.74,2.47,2.96
57614,30,14,7,2013,19.318333333333335,2.43,2.11,2.42
57615,30,15,7,2013,19.875,3.16,2.58,3.02
57616,30,16,7,2013,20.534166666666668,3.77,2.96,3.51
57617,30,17,7,2013,22.155,3.62,2.82,3.34
57618,30,18,7,2013,23.579166666666666,3.54,2.94,3.37
57619,30,19,7,2013,23.736666666666668,4.3100000000000005,3.51,4.17
57620,30,20,7,2013,24.906666666666666,3.74,3.0500000000000003,3.5500000000000003
57621,30,21,7,2013,24.409999999999997,3.7,2.9,3.51
57622,30,22,7,2013,24.34,3.7,3.02,3.6
57623,30,23,7,2013,24.325000000000003,5.01,2.58,3.87
57624,31,0,7,2013,23.745833333333334,5.87,3.67,5.13
57625,31,1,7,2013,22.72833333333334,6.6400000000000015,3.15,5.1000000000000005
57626,31,2,7,2013,22.218333333333334,6.53,3.16,5.03
57627,31,3,7,2013,22.24666666666667,6.51,3.28,4.95
57628,31,4,7,2013,21.871666666666666,5.95,2.57,4.25
57629,31,5,7,2013,21.345000000000002,5.61,2.45,3.91
57630,31,6,7,2013,21.3275,5.91,3.47,4.73
57631,31,7,7,2013,21.022500000000004,5.75,3.0500000000000003,4.3
57632,31,8,7,2013,20.710833333333333,5.48,2.69,3.94
57633,31,9,7,2013,19.448333333333334,4.5200000000000005,1.25,2.84
57634,31,10,7,2013,18.630833333333335,4.2,2.44,4.41
57635,31,11,7,2013,17.74416666666667,5.1000000000000005,3.08,4.65
57636,31,12,7,2013,17.740000000000002,5.34,2.82,4.33
57637,31,13,7,2013,18.090000000000003,4.6000000000000005,2.59,2.92
57638,31,14,7,2013,18.41583333333333,4.04,3.16,3.67
57639,31,15,7,2013,18.974166666666665,5.17,4.22,4.95
57640,31,16,7,2013,20.816666666666666,6.04,4.88,5.7700000000000005
57641,31,17,7,2013,23.051666666666666,2.33,1.84,2.12
57642,31,18,7,2013,25.021666666666665,3.65,2.9,3.41
57643,31,19,7,2013,26.385833333333338,4.26,3.33,3.93
57644,31,20,7,2013,27.3325,3.91,3.14,3.67
57645,31,21,7,2013,28.1375,3.42,2.66,3.16
57646,31,22,7,2013,28.635,3.6,2.75,3.28
57647,31,23,7,2013,28.6975,3.42,2.65,3.14
57648,1,0,8,2013,27.855833333333333,4.19,2.53,3.69
57649,1,1,8,2013,25.9525,4.2,2.22,4.03
57650,1,2,8,2013,25.081666666666667,3.42,1.85,3.12
57651,1,3,8,2013,24.075833333333335,3.3200000000000003,1.81,3.08
57652,1,4,8,2013,23.59,2.77,1.83,2.78
57653,1,5,8,2013,23.075,2.68,1.92,2.79
57654,1,6,8,2013,21.888333333333332,2.9,2.33,3.33
57655,1,7,8,2013,21.361666666666665,3.34,2.27,3.62
57656,1,8,8,2013,20.699166666666667,3.35,2.21,3.54
57657,1,9,8,2013,19.996666666666666,3.43,2.15,3.47
57658,1,10,8,2013,20.46166666666667,3.61,2.38,3.78
57659,1,11,8,2013,20.081666666666667,3.7,2.49,3.91
57660,1,12,8,2013,20.995,3.34,2.56,3.66
57661,1,13,8,2013,23.203333333333337,2.41,1.46,1.61
57662,1,14,8,2013,25.066666666666674,1.65,1.35,1.55
57663,1,15,8,2013,26.326666666666664,2.18,1.78,2.06
57664,1,16,8,2013,27.3225,3.0,2.46,2.85
57665,1,17,8,2013,28.117499999999996,3.36,2.71,3.16
57666,1,18,8,2013,28.85083333333333,4.87,3.92,4.6000000000000005
57667,1,19,8,2013,29.451666666666664,5.58,4.21,5.0600000000000005
57668,1,20,8,2013,29.787499999999998,6.55,5.09,6.09
57669,1,21,8,2013,30.115000000000006,7.0200000000000005,5.43,6.5600000000000005
57670,1,22,8,2013,29.108333333333334,15.22,11.85,14.01
57671,1,23,8,2013,19.82166666666667,16.63,9.46,12.84
57672,2,0,8,2013,21.035,10.25,6.62,8.65
57673,2,1,8,2013,21.364999999999995,8.19,4.65,7.19
57674,2,2,8,2013,20.304166666666667,6.93,2.59,5.38
57675,2,3,8,2013,20.587500000000002,9.08,3.6,6.46
57676,2,4,8,2013,22.294166666666666,10.69,4.57,7.58
57677,2,5,8,2013,22.86916666666666,11.22,5.32,8.120000000000001
57678,2,6,8,2013,22.675833333333333,11.1,5.28,8.09
57679,2,7,8,2013,22.644166666666667,11.39,5.75,8.45
57680,2,8,8,2013,22.785833333333333,11.98,6.01,8.81
57681,2,9,8,2013,23.17,12.02,6.3500000000000005,9.12
57682,2,10,8,2013,22.495,10.87,5.65,8.15
57683,2,11,8,2013,21.334166666666665,6.99,3.65,5.75
57684,2,12,8,2013,21.7775,5.71,3.5700000000000003,4.42
57685,2,13,8,2013,23.117499999999996,5.68,4.19,5.11
57686,2,14,8,2013,23.976666666666663,5.19,3.92,4.74
57687,2,15,8,2013,24.710000000000008,4.3500000000000005,3.29,3.96
57688,2,16,8,2013,25.22333333333333,3.68,2.96,3.48
57689,2,17,8,2013,26.472499999999997,1.94,1.47,1.74
57690,2,18,8,2013,26.92166666666667,1.7,1.3,1.55
57691,2,19,8,2013,27.522499999999997,1.36,1.5,1.53
57692,2,20,8,2013,27.971666666666664,2.6,2.76,2.94
57693,2,21,8,2013,28.587500000000002,2.28,2.06,2.29
57694,2,22,8,2013,28.78833333333333,3.34,2.94,3.33
57695,2,23,8,2013,28.531666666666666,6.88,5.28,6.4
57696,3,0,8,2013,27.598333333333333,5.78,4.3100000000000005,5.29
57697,3,1,8,2013,25.409166666666668,4.63,2.66,4.14
57698,3,2,8,2013,24.77916666666667,3.5,1.95,3.78
57699,3,3,8,2013,24.218333333333334,5.34,3.72,4.99
57700,3,4,8,2013,23.64916666666667,8.15,3.12,5.51
57701,3,5,8,2013,23.149999999999995,8.790000000000001,3.95,6.1000000000000005
57702,3,6,8,2013,22.636666666666667,8.57,4.34,6.38
57703,3,7,8,2013,22.47583333333333,8.47,4.54,6.6000000000000005
57704,3,8,8,2013,22.080833333333334,8.47,4.43,6.34
57705,3,9,8,2013,21.710833333333337,8.23,4.19,5.75
57706,3,10,8,2013,21.38416666666667,8.790000000000001,4.72,6.44
57707,3,11,8,2013,20.505,8.05,3.56,5.66
57708,3,12,8,2013,20.581666666666667,7.1000000000000005,5.17,6.32
57709,3,13,8,2013,21.4725,6.6000000000000005,4.86,5.92
57710,3,14,8,2013,21.897499999999994,6.2700000000000005,4.75,5.8
57711,3,15,8,2013,22.510833333333338,6.11,4.64,5.65
57712,3,16,8,2013,23.53,5.51,4.05,4.96
57713,3,17,8,2013,25.144999999999996,5.89,4.43,5.3500000000000005
57714,3,18,8,2013,26.21666666666667,6.42,5.05,6.0
57715,3,19,8,2013,26.515833333333333,5.83,4.44,5.32
57716,3,20,8,2013,26.733333333333334,5.86,4.32,5.3100000000000005
57717,3,21,8,2013,26.970833333333335,6.36,4.83,5.8500000000000005
57718,3,22,8,2013,27.104166666666668,6.21,4.73,5.7
57719,3,23,8,2013,26.56833333333333,5.97,4.13,5.13
57720,4,0,8,2013,25.705,6.8500000000000005,2.81,4.89
57721,4,1,8,2013,25.298333333333332,7.3,2.45,4.8100000000000005
57722,4,2,8,2013,24.991666666666664,8.3,3.62,5.92
57723,4,3,8,2013,23.691666666666674,9.03,3.3000000000000003,6.08
57724,4,4,8,2013,22.624166666666667,9.4,3.45,6.17
57725,4,5,8,2013,22.025833333333335,9.65,3.54,5.87
57726,4,6,8,2013,21.760833333333334,9.55,5.05,7.03
57727,4,7,8,2013,21.142500000000002,7.3900000000000015,3.6,5.34
57728,4,8,8,2013,21.10666666666667,7.79,3.2,5.28
57729,4,9,8,2013,21.014999999999997,8.97,4.25,6.54
57730,4,10,8,2013,20.576666666666668,9.27,4.92,7.13
57731,4,11,8,2013,20.254166666666666,7.63,3.75,5.73
57732,4,12,8,2013,19.0675,8.76,5.24,7.1000000000000005
57733,4,13,8,2013,18.379166666666666,8.66,4.97,6.82
57734,4,14,8,2013,17.59,8.09,5.19,6.6400000000000015
57735,4,15,8,2013,17.215,8.41,5.68,7.0200000000000005
57736,4,16,8,2013,17.116666666666664,8.2,5.95,7.17
57737,4,17,8,2013,18.638333333333332,7.55,5.74,6.92
57738,4,18,8,2013,20.516666666666666,7.09,5.44,6.53
57739,4,19,8,2013,22.346666666666668,6.05,4.4,5.43
57740,4,20,8,2013,24.576666666666664,5.51,4.24,5.0600000000000005
57741,4,21,8,2013,25.613333333333333,5.0600000000000005,3.89,4.64
57742,4,22,8,2013,24.907500000000002,5.74,4.61,5.48
57743,4,23,8,2013,24.10333333333334,6.55,4.98,6.0600000000000005
57744,5,0,8,2013,23.451666666666668,6.5600000000000005,4.29,5.53
57745,5,1,8,2013,22.195000000000004,6.15,2.87,5.03
57746,5,2,8,2013,22.217499999999998,6.3,2.88,4.67
57747,5,3,8,2013,21.608333333333334,7.42,3.44,5.38
57748,5,4,8,2013,20.20916666666667,8.77,3.39,6.05
57749,5,5,8,2013,19.614166666666666,8.68,3.45,5.94
57750,5,6,8,2013,19.569166666666664,7.9,3.71,5.95
57751,5,7,8,2013,19.544999999999998,8.69,4.66,6.66
57752,5,8,8,2013,19.334166666666665,8.82,4.66,6.63
57753,5,9,8,2013,19.250833333333336,8.28,4.71,6.48
57754,5,10,8,2013,19.293333333333333,7.86,4.5200000000000005,6.0
57755,5,11,8,2013,19.732499999999998,7.62,4.19,5.68
57756,5,12,8,2013,20.139166666666664,6.0200000000000005,2.85,4.18
57757,5,13,8,2013,20.782500000000002,4.91,2.88,3.45
57758,5,14,8,2013,22.129166666666666,3.39,2.69,3.16
57759,5,15,8,2013,24.252499999999998,4.23,3.38,3.98
57760,5,16,8,2013,25.573333333333334,4.09,3.27,3.85
57761,5,17,8,2013,26.441666666666666,3.18,2.6,3.04
57762,5,18,8,2013,26.6125,3.42,3.04,3.5
57763,5,19,8,2013,28.230833333333337,4.28,3.5500000000000003,4.12
57764,5,20,8,2013,29.02166666666666,1.85,1.59,1.79
57765,5,21,8,2013,29.65166666666666,2.02,1.77,1.99
57766,5,22,8,2013,29.795833333333338,2.93,2.51,2.87
57767,5,23,8,2013,29.482499999999998,2.32,1.8,2.21
57768,6,0,8,2013,26.41333333333333,6.5600000000000005,5.22,6.62
57769,6,1,8,2013,25.7325,4.76,2.49,4.08
57770,6,2,8,2013,26.019166666666667,3.72,1.1,2.59
57771,6,3,8,2013,25.59416666666667,3.95,1.45,2.91
57772,6,4,8,2013,24.729166666666668,4.5200000000000005,1.67,3.46
57773,6,5,8,2013,24.194166666666664,4.24,1.26,2.71
57774,6,6,8,2013,23.900000000000002,5.55,1.68,3.82
57775,6,7,8,2013,23.764166666666664,4.83,1.41,3.75
57776,6,8,8,2013,23.9075,5.1000000000000005,1.68,3.81
57777,6,9,8,2013,23.292500000000004,3.69,1.15,2.51
57778,6,10,8,2013,23.43916666666667,6.32,3.68,5.28
57779,6,11,8,2013,23.303333333333338,9.8,6.21,8.15
57780,6,12,8,2013,21.201666666666664,11.72,7.75,10.09
57781,6,13,8,2013,21.825833333333335,9.08,5.62,7.47
57782,6,14,8,2013,23.653333333333336,3.85,3.35,3.85
57783,6,15,8,2013,24.7025,4.5600000000000005,3.99,4.58
57784,6,16,8,2013,26.664166666666663,2.24,1.75,2.04
57785,6,17,8,2013,27.986666666666668,2.88,2.21,2.62
57786,6,18,8,2013,29.099999999999998,4.0,3.0700000000000003,3.64
57787,6,19,8,2013,30.16416666666667,4.3,3.27,3.89
57788,6,20,8,2013,30.90166666666666,4.68,3.59,4.29
57789,6,21,8,2013,31.33,4.79,3.79,4.48
57790,6,22,8,2013,31.34916666666666,4.87,3.79,4.54
57791,6,23,8,2013,31.130000000000006,5.82,4.45,5.46
57792,7,0,8,2013,30.230833333333333,5.65,3.14,4.8100000000000005
57793,7,1,8,2013,29.03,4.3500000000000005,2.33,4.01
57794,7,2,8,2013,28.424999999999997,3.62,1.85,3.18
57795,7,3,8,2013,24.89,17.26,11.87,15.02
57796,7,4,8,2013,19.63083333333333,16.91,11.45,14.49
57797,7,5,8,2013,19.733333333333334,7.32,4.3500000000000005,5.8100000000000005
57798,7,6,8,2013,19.404999999999998,5.99,2.92,4.61
57799,7,7,8,2013,19.401666666666667,6.6000000000000005,3.16,4.68
57800,7,8,8,2013,19.439999999999998,4.72,2.23,3.31
57801,7,9,8,2013,20.008333333333336,4.53,1.85,2.6
57802,7,10,8,2013,19.837500000000002,10.02,6.07,8.11
57803,7,11,8,2013,20.138333333333332,10.07,5.39,7.33
57804,7,12,8,2013,20.448333333333334,9.15,4.43,6.53
57805,7,13,8,2013,21.38,6.73,3.54,4.8500000000000005
57806,7,14,8,2013,22.334999999999997,6.24,3.85,4.57
57807,7,15,8,2013,24.74333333333333,5.91,4.58,5.49
57808,7,16,8,2013,26.043333333333337,6.1400000000000015,4.76,5.69
57809,7,17,8,2013,27.257499999999997,6.0,4.53,5.46
57810,7,18,8,2013,28.005,5.29,4.08,4.87
57811,7,19,8,2013,28.667500000000004,5.11,4.0,4.74
57812,7,20,8,2013,29.372500000000006,4.92,3.86,4.55
57813,7,21,8,2013,29.590833333333332,5.36,4.07,4.89
57814,7,22,8,2013,29.54416666666667,5.2700000000000005,3.94,4.78
57815,7,23,8,2013,28.80583333333333,6.4,4.04,5.36
57816,8,0,8,2013,26.965000000000003,7.85,3.56,6.3900000000000015
57817,8,1,8,2013,23.94583333333333,8.31,3.27,6.6400000000000015
57818,8,2,8,2013,21.985833333333332,9.13,2.81,6.7
57819,8,3,8,2013,21.475000000000005,7.98,2.06,5.74
57820,8,4,8,2013,21.308333333333334,8.77,2.48,5.84
57821,8,5,8,2013,20.558333333333334,7.5,1.85,4.79
57822,8,6,8,2013,19.88,7.23,2.21,5.03
57823,8,7,8,2013,19.125,7.72,2.04,4.92
57824,8,8,8,2013,18.863333333333333,9.23,2.38,5.66
57825,8,9,8,2013,18.558333333333334,9.45,2.08,4.8100000000000005
57826,8,10,8,2013,18.398333333333333,9.39,2.59,5.01
57827,8,11,8,2013,18.133333333333336,8.540000000000001,2.29,4.43
57828,8,12,8,2013,18.354166666666668,7.6400000000000015,2.68,4.13
57829,8,13,8,2013,19.315,5.16,3.15,3.7
57830,8,14,8,2013,20.6925,4.86,3.9,4.6000000000000005
57831,8,15,8,2013,22.17416666666666,4.82,3.79,4.5
57832,8,16,8,2013,23.397500000000004,4.94,3.85,4.59
57833,8,17,8,2013,24.500833333333333,4.78,3.76,4.44
57834,8,18,8,2013,25.6525,4.72,3.7,4.38
57835,8,19,8,2013,26.301666666666666,5.49,4.26,5.07
57836,8,20,8,2013,26.914999999999992,5.7700000000000005,4.47,5.3500000000000005
57837,8,21,8,2013,27.159999999999997,5.7700000000000005,4.34,5.29
57838,8,22,8,2013,27.010833333333334,6.23,4.59,5.67
57839,8,23,8,2013,26.464166666666667,5.94,4.41,5.45
57840,9,0,8,2013,24.895833333333332,5.83,3.01,4.66
57841,9,1,8,2013,23.874166666666667,4.88,1.5,3.76
57842,9,2,8,2013,23.244999999999994,5.45,1.36,3.71
57843,9,3,8,2013,22.1825,4.72,1.3,3.24
57844,9,4,8,2013,22.235000000000003,4.54,1.23,2.68
57845,9,5,8,2013,22.121666666666666,5.76,1.49,3.31
57846,9,6,8,2013,21.035833333333333,5.39,1.13,3.14
57847,9,7,8,2013,20.0625,5.46,1.55,3.3000000000000003
57848,9,8,8,2013,19.596666666666668,2.73,1.91,2.77
57849,9,9,8,2013,19.181666666666665,2.27,0.78,1.72
57850,9,10,8,2013,19.246666666666666,2.84,1.67,2.63
57851,9,11,8,2013,19.151666666666667,2.45,1.18,2.05
57852,9,12,8,2013,18.79666666666667,4.12,2.66,3.66
57853,9,13,8,2013,18.169166666666666,4.87,2.97,4.03
57854,9,14,8,2013,18.81,4.22,1.81,2.51
57855,9,15,8,2013,20.033333333333335,3.21,1.11,1.57
57856,9,16,8,2013,21.135,2.17,1.6,1.85
57857,9,17,8,2013,22.643333333333334,2.01,1.61,1.87
57858,9,18,8,2013,24.887500000000003,1.77,1.54,1.73
57859,9,19,8,2013,25.982499999999998,2.18,1.81,2.08
57860,9,20,8,2013,26.74083333333333,2.19,1.83,2.09
57861,9,21,8,2013,23.015833333333333,10.64,7.5,9.03
57862,9,22,8,2013,22.672499999999996,3.13,2.14,2.93
57863,9,23,8,2013,23.86,2.35,1.66,2.23
57864,10,0,8,2013,22.948333333333334,6.0200000000000005,3.94,5.48
57865,10,1,8,2013,21.090833333333332,7.31,4.26,6.03
57866,10,2,8,2013,20.524166666666666,6.82,3.36,5.2700000000000005
57867,10,3,8,2013,20.350833333333334,7.1000000000000005,3.39,5.25
57868,10,4,8,2013,20.142500000000002,5.3,2.4,4.41
57869,10,5,8,2013,20.069999999999997,5.76,3.29,5.23
57870,10,6,8,2013,19.785833333333333,4.28,2.3000000000000003,3.63
57871,10,7,8,2013,19.916666666666668,3.85,2.44,3.69
57872,10,8,8,2013,19.425,4.61,2.11,3.79
57873,10,9,8,2013,18.433333333333334,4.46,1.46,3.04
57874,10,10,8,2013,18.049166666666665,4.87,1.46,3.2
57875,10,11,8,2013,17.58083333333333,5.11,1.97,3.3200000000000003
57876,10,12,8,2013,16.893333333333334,5.98,1.89,2.35
57877,10,13,8,2013,16.669166666666666,6.1400000000000015,1.96,2.45
57878,10,14,8,2013,19.954166666666666,4.48,2.6,3.13
57879,10,15,8,2013,22.64833333333333,3.54,2.74,3.25
57880,10,16,8,2013,23.995833333333334,3.35,2.65,3.11
57881,10,17,8,2013,24.866666666666664,2.97,2.52,2.87
57882,10,18,8,2013,25.53333333333333,2.98,2.57,2.9
57883,10,19,8,2013,26.1575,2.87,2.43,2.77
57884,10,20,8,2013,26.727500000000003,2.88,2.31,2.68
57885,10,21,8,2013,27.2025,2.95,2.35,2.73
57886,10,22,8,2013,27.33583333333333,2.56,2.12,2.45
57887,10,23,8,2013,27.16916666666667,2.5,2.08,2.4
57888,11,0,8,2013,25.785833333333333,4.63,2.35,4.01
57889,11,1,8,2013,23.450000000000003,6.5600000000000005,3.09,5.89
57890,11,2,8,2013,22.495000000000005,6.73,3.24,6.23
57891,11,3,8,2013,22.0825,7.37,3.78,6.62
57892,11,4,8,2013,21.147499999999997,7.6,3.66,6.66
57893,11,5,8,2013,20.755000000000003,8.72,3.99,7.11
57894,11,6,8,2013,20.540833333333335,9.3,4.3500000000000005,7.56
57895,11,7,8,2013,20.521666666666665,9.85,4.76,7.87
57896,11,8,8,2013,19.951666666666668,10.11,4.96,8.040000000000001
57897,11,9,8,2013,19.4925,9.17,4.69,7.52
57898,11,10,8,2013,18.849166666666665,9.5,4.82,7.76
57899,11,11,8,2013,18.521666666666665,9.33,4.74,7.58
57900,11,12,8,2013,19.339166666666667,8.94,4.53,6.8
57901,11,13,8,2013,20.938333333333333,7.76,3.96,5.11
57902,11,14,8,2013,22.92833333333333,5.74,4.39,5.26
57903,11,15,8,2013,24.58666666666667,6.0200000000000005,4.47,5.44
57904,11,16,8,2013,25.581666666666663,6.6000000000000005,4.9,5.97
57905,11,17,8,2013,26.459999999999997,6.2700000000000005,4.7,5.69
57906,11,18,8,2013,27.3075,5.0,3.86,4.61
57907,11,19,8,2013,28.0525,5.36,4.21,5.0200000000000005
57908,11,20,8,2013,28.55416666666667,5.14,4.17,4.9
57909,11,21,8,2013,28.89916666666667,5.04,3.94,4.72
57910,11,22,8,2013,29.003333333333334,5.95,4.58,5.58
57911,11,23,8,2013,28.750833333333333,5.97,4.5,5.53
57912,12,0,8,2013,27.518333333333334,7.08,4.21,6.3
57913,12,1,8,2013,25.26,7.09,2.37,5.22
57914,12,2,8,2013,24.90416666666667,6.0200000000000005,2.19,4.74
57915,12,3,8,2013,24.270833333333332,6.5,3.15,5.68
57916,12,4,8,2013,24.330000000000002,6.7,4.25,5.6000000000000005
57917,12,5,8,2013,21.178333333333335,10.61,7.25,9.38
57918,12,6,8,2013,18.7025,10.83,6.7,8.870000000000003
57919,12,7,8,2013,18.495,9.57,5.61,7.55
57920,12,8,8,2013,18.62666666666667,7.94,3.87,5.6000000000000005
57921,12,9,8,2013,18.898333333333333,9.77,6.29,8.14
57922,12,10,8,2013,19.098333333333333,10.06,6.63,8.53
57923,12,11,8,2013,19.2925,5.88,3.31,4.72
57924,12,12,8,2013,19.25,6.04,3.46,4.97
57925,12,13,8,2013,19.52583333333333,4.59,3.31,3.88
57926,12,14,8,2013,20.74166666666667,4.6000000000000005,3.61,4.3
57927,12,15,8,2013,22.81083333333333,4.04,3.0700000000000003,3.68
57928,12,16,8,2013,24.691666666666663,3.87,2.97,3.54
57929,12,17,8,2013,26.161666666666665,3.41,2.65,3.14
57930,12,18,8,2013,27.300833333333333,4.15,3.3000000000000003,3.89
57931,12,19,8,2013,27.94416666666667,4.17,3.4,3.98
57932,12,20,8,2013,28.37,4.23,3.28,3.88
57933,12,21,8,2013,28.6725,4.03,3.23,3.78
57934,12,22,8,2013,28.6675,5.12,3.79,4.66
57935,12,23,8,2013,28.355833333333333,4.96,3.56,4.36
57936,13,0,8,2013,26.8325,7.53,3.93,6.1400000000000015
57937,13,1,8,2013,24.224999999999998,9.83,3.68,7.07
57938,13,2,8,2013,22.102500000000003,10.76,3.2,6.6400000000000015
57939,13,3,8,2013,20.908333333333335,10.28,2.19,5.89
57940,13,4,8,2013,20.444166666666668,9.71,1.86,5.5
57941,13,5,8,2013,19.798333333333332,7.91,2.07,5.16
57942,13,6,8,2013,19.073333333333334,7.55,1.76,4.68
57943,13,7,8,2013,18.463333333333335,6.54,1.81,4.37
57944,13,8,8,2013,17.763333333333332,5.79,1.24,3.25
57945,13,9,8,2013,17.389166666666664,5.84,1.89,4.0600000000000005
57946,13,10,8,2013,16.920000000000005,6.08,2.34,4.43
57947,13,11,8,2013,16.4675,5.14,1.6,3.36
57948,13,12,8,2013,16.92083333333333,4.13,1.68,2.7
57949,13,13,8,2013,18.39083333333333,3.22,2.31,2.62
57950,13,14,8,2013,20.09,2.81,2.34,2.7
57951,13,15,8,2013,21.74,3.13,2.5500000000000003,2.97
57952,13,16,8,2013,23.025000000000002,3.19,2.53,2.97
57953,13,17,8,2013,24.045833333333334,4.0600000000000005,3.22,3.78
57954,13,18,8,2013,24.731666666666666,4.42,3.53,4.14
57955,13,19,8,2013,25.206666666666667,4.43,3.5500000000000003,4.17
57956,13,20,8,2013,25.560000000000002,5.17,4.13,4.86
57957,13,21,8,2013,25.824166666666667,5.19,3.99,4.78
57958,13,22,8,2013,25.87833333333333,4.72,3.7,4.4
57959,13,23,8,2013,25.347499999999997,5.39,4.04,5.05
57960,14,0,8,2013,24.07166666666667,5.33,2.5,3.63
57961,14,1,8,2013,21.669999999999998,6.2,1.46,3.41
57962,14,2,8,2013,20.009166666666665,6.2700000000000005,1.43,3.68
57963,14,3,8,2013,19.666666666666668,7.62,1.58,4.12
57964,14,4,8,2013,18.76,7.88,1.55,4.38
57965,14,5,8,2013,17.804166666666667,8.92,1.99,5.3100000000000005
57966,14,6,8,2013,16.825833333333335,8.81,2.1,5.3500000000000005
57967,14,7,8,2013,15.990833333333333,8.370000000000001,1.91,5.01
57968,14,8,8,2013,15.1225,8.34,1.71,4.93
57969,14,9,8,2013,14.411666666666667,8.32,1.87,5.09
57970,14,10,8,2013,13.850833333333332,7.49,1.97,5.21
57971,14,11,8,2013,13.710000000000003,8.48,2.42,5.8
57972,14,12,8,2013,15.140000000000002,8.52,3.71,5.41
57973,14,13,8,2013,17.132500000000004,5.9,3.13,3.66
57974,14,14,8,2013,19.1725,4.67,3.56,4.2700000000000005
57975,14,15,8,2013,20.721666666666668,4.8100000000000005,3.67,4.41
57976,14,16,8,2013,21.91916666666667,4.54,3.54,4.2
57977,14,17,8,2013,22.81833333333333,4.3500000000000005,3.39,4.01
57978,14,18,8,2013,23.58916666666667,3.86,3.0500000000000003,3.58
57979,14,19,8,2013,23.75,4.67,3.65,4.34
57980,14,20,8,2013,23.94333333333333,6.54,5.46,6.38
57981,14,21,8,2013,24.321666666666662,5.33,4.13,4.95
57982,14,22,8,2013,24.325000000000003,5.39,4.11,4.97
57983,14,23,8,2013,23.86,6.9,4.9,6.16
57984,15,0,8,2013,22.478333333333335,8.32,4.25,6.46
57985,15,1,8,2013,20.999166666666667,8.66,3.54,6.6000000000000005
57986,15,2,8,2013,19.74083333333333,10.8,4.5600000000000005,7.55
57987,15,3,8,2013,18.99,11.49,4.6000000000000005,7.9
57988,15,4,8,2013,18.298333333333336,11.68,4.75,7.86
57989,15,5,8,2013,18.100833333333334,11.62,5.18,7.92
57990,15,6,8,2013,17.67916666666667,11.88,5.44,8.35
57991,15,7,8,2013,17.0875,11.96,5.5200000000000005,8.49
57992,15,8,8,2013,16.65666666666667,11.6,6.5,8.76
57993,15,9,8,2013,17.278333333333336,11.11,6.63,8.9
57994,15,10,8,2013,17.129166666666666,9.91,5.54,7.6
57995,15,11,8,2013,16.754166666666666,8.11,4.57,6.17
57996,15,12,8,2013,16.10666666666667,6.74,3.75,5.1000000000000005
57997,15,13,8,2013,15.035000000000004,5.01,3.68,4.57
57998,15,14,8,2013,15.359999999999998,11.25,7.72,9.82
57999,15,15,8,2013,16.5175,7.8900000000000015,5.96,7.22
58000,15,16,8,2013,16.401666666666667,7.27,5.1000000000000005,6.38
58001,15,17,8,2013,17.715833333333332,7.41,5.62,6.83
58002,15,18,8,2013,17.323333333333334,7.68,5.8,7.04
58003,15,19,8,2013,19.069166666666664,8.02,5.96,7.28
58004,15,20,8,2013,20.419166666666666,7.31,5.5,6.68
58005,15,21,8,2013,21.019999999999996,6.8500000000000005,4.9,6.15
58006,15,22,8,2013,21.162499999999998,6.67,4.84,6.03
58007,15,23,8,2013,21.0475,6.75,4.12,5.69
58008,16,0,8,2013,20.68583333333333,6.48,3.62,5.2700000000000005
58009,16,1,8,2013,19.566666666666666,9.06,3.27,6.9
58010,16,2,8,2013,18.342499999999998,9.54,3.9,7.25
58011,16,3,8,2013,17.702500000000004,8.950000000000003,3.98,6.5600000000000005
58012,16,4,8,2013,18.349166666666665,8.07,4.3500000000000005,6.17
58013,16,5,8,2013,18.600833333333338,9.85,6.95,8.66
58014,16,6,8,2013,17.87,8.56,3.96,6.16
58015,16,7,8,2013,16.839166666666664,8.67,4.36,6.3900000000000015
58016,16,8,8,2013,16.24333333333333,5.51,2.06,3.92
58017,16,9,8,2013,15.388333333333335,6.07,1.68,3.87
58018,16,10,8,2013,15.21,5.7700000000000005,1.46,3.63
58019,16,11,8,2013,15.328333333333333,5.66,2.74,3.92
58020,16,12,8,2013,15.87,6.62,3.28,4.79
58021,16,13,8,2013,16.040000000000003,6.41,3.61,4.69
58022,16,14,8,2013,17.194999999999997,5.83,3.83,4.65
58023,16,15,8,2013,18.580000000000002,4.58,3.5,4.21
58024,16,16,8,2013,20.14916666666667,4.58,3.47,4.19
58025,16,17,8,2013,21.212500000000002,4.09,3.13,3.76
58026,16,18,8,2013,22.25,4.21,3.26,3.85
58027,16,19,8,2013,21.749166666666667,2.63,1.38,1.89
58028,16,20,8,2013,22.160833333333333,5.0600000000000005,3.92,4.7
58029,16,21,8,2013,23.275000000000006,4.89,3.86,4.58
58030,16,22,8,2013,23.095,5.23,4.49,5.21
58031,16,23,8,2013,22.620833333333337,6.24,4.66,5.7700000000000005
58032,17,0,8,2013,21.71333333333334,5.33,2.41,4.37
58033,17,1,8,2013,20.38083333333333,6.98,2.8000000000000003,5.98
58034,17,2,8,2013,18.78916666666667,8.43,2.66,5.7
58035,17,3,8,2013,17.930833333333332,9.99,3.3000000000000003,7.34
58036,17,4,8,2013,17.735833333333336,9.35,3.91,7.22
58037,17,5,8,2013,18.415833333333335,9.13,4.23,7.07
58038,17,6,8,2013,17.574166666666667,8.9,4.19,7.05
58039,17,7,8,2013,17.339166666666667,9.41,4.59,7.54
58040,17,8,8,2013,16.279999999999998,9.71,3.81,7.35
58041,17,9,8,2013,15.96,8.290000000000001,3.66,6.93
58042,17,10,8,2013,15.51,7.75,3.5500000000000003,6.46
58043,17,11,8,2013,15.3075,6.8900000000000015,3.53,5.92
58044,17,12,8,2013,15.709999999999999,6.2700000000000005,3.27,5.51
58045,17,13,8,2013,17.66333333333333,5.7,3.09,3.68
58046,17,14,8,2013,19.55,4.22,3.17,3.81
58047,17,15,8,2013,20.855833333333337,4.6000000000000005,3.45,4.18
58048,17,16,8,2013,21.742500000000003,4.41,3.4,4.07
58049,17,17,8,2013,22.522499999999997,4.75,3.73,4.42
58050,17,18,8,2013,23.12,5.12,4.03,4.78
58051,17,19,8,2013,23.661666666666672,4.97,3.91,4.64
58052,17,20,8,2013,24.107499999999998,4.55,3.59,4.25
58053,17,21,8,2013,24.350833333333338,4.97,3.98,4.7
58054,17,22,8,2013,24.319999999999997,5.46,4.21,5.12
58055,17,23,8,2013,23.938333333333336,4.97,3.66,4.58
58056,18,0,8,2013,22.3125,6.87,3.34,5.95
58057,18,1,8,2013,19.555833333333336,8.44,3.19,6.94
58058,18,2,8,2013,19.1675,8.040000000000001,4.18,7.51
58059,18,3,8,2013,19.175833333333333,8.06,4.23,7.54
58060,18,4,8,2013,17.66,7.8900000000000015,3.89,7.03
58061,18,5,8,2013,16.940833333333334,6.92,3.28,6.11
58062,18,6,8,2013,16.75,7.24,3.49,6.16
58063,18,7,8,2013,16.774166666666666,6.57,3.19,5.63
58064,18,8,8,2013,16.643333333333334,6.34,3.25,5.58
58065,18,9,8,2013,16.407500000000002,6.5,3.46,5.91
58066,18,10,8,2013,15.982500000000002,5.98,3.33,5.58
58067,18,11,8,2013,15.947499999999998,5.47,3.24,5.45
58068,18,12,8,2013,16.742500000000003,5.43,3.36,5.3100000000000005
58069,18,13,8,2013,18.4,5.47,2.8000000000000003,4.48
58070,18,14,8,2013,20.66416666666667,4.98,3.6,4.3
58071,18,15,8,2013,22.162499999999998,5.69,4.28,5.21
58072,18,16,8,2013,22.855833333333337,5.68,4.24,5.15
58073,18,17,8,2013,23.640833333333333,5.28,3.98,4.8
58074,18,18,8,2013,24.465,5.61,4.22,5.12
58075,18,19,8,2013,25.265833333333337,5.28,3.95,4.8
58076,18,20,8,2013,25.799166666666668,6.05,4.63,5.62
58077,18,21,8,2013,25.938333333333333,6.91,5.08,6.25
58078,18,22,8,2013,26.025000000000002,6.96,5.2,6.34
58079,18,23,8,2013,25.624166666666667,6.76,4.45,5.93
58080,19,0,8,2013,24.02,8.64,3.43,7.3900000000000015
58081,19,1,8,2013,21.889166666666664,7.96,3.39,7.25
58082,19,2,8,2013,21.226666666666663,9.53,4.23,7.71
58083,19,3,8,2013,20.30666666666667,10.08,4.3500000000000005,8.15
58084,19,4,8,2013,19.938333333333333,10.24,4.7,8.2
58085,19,5,8,2013,19.408333333333335,10.03,4.66,8.26
58086,19,6,8,2013,19.156666666666663,10.15,4.8100000000000005,8.11
58087,19,7,8,2013,18.95,10.4,4.83,8.19
58088,19,8,8,2013,18.99416666666667,10.34,5.42,8.01
58089,19,9,8,2013,18.7775,11.12,5.48,8.33
58090,19,10,8,2013,18.430833333333336,11.09,5.49,8.41
58091,19,11,8,2013,18.101666666666667,11.28,5.74,8.6
58092,19,12,8,2013,18.543333333333333,10.9,5.5600000000000005,7.94
58093,19,13,8,2013,19.935,9.39,4.91,6.36
58094,19,14,8,2013,21.5325,6.73,4.92,5.96
58095,19,15,8,2013,22.929166666666664,6.44,4.8500000000000005,5.88
58096,19,16,8,2013,23.716666666666665,6.08,4.57,5.5600000000000005
58097,19,17,8,2013,23.815,5.93,4.36,5.2700000000000005
58098,19,18,8,2013,26.045833333333334,9.8,7.09,8.77
58099,19,19,8,2013,27.1525,11.64,8.57,10.59
58100,19,20,8,2013,28.11833333333334,7.17,5.36,6.54
58101,19,21,8,2013,28.41916666666667,7.71,5.63,6.8900000000000015
58102,19,22,8,2013,28.479166666666668,8.5,6.09,7.66
58103,19,23,8,2013,28.055833333333336,8.33,5.87,7.46
58104,20,0,8,2013,26.532499999999995,10.83,5.39,8.26
58105,20,1,8,2013,24.721666666666675,11.28,4.4,7.75
58106,20,2,8,2013,23.79416666666667,12.01,5.15,8.370000000000001
58107,20,3,8,2013,23.212500000000002,11.9,5.21,8.36
58108,20,4,8,2013,22.599999999999998,12.2,5.51,8.55
58109,20,5,8,2013,22.235833333333332,12.19,5.7700000000000005,8.71
58110,20,6,8,2013,22.05666666666666,12.81,5.98,9.02
58111,20,7,8,2013,21.860833333333332,13.03,6.2700000000000005,9.31
58112,20,8,8,2013,21.995,13.26,6.59,9.67
58113,20,9,8,2013,21.581666666666667,13.11,6.3500000000000005,9.4
58114,20,10,8,2013,21.374166666666664,13.52,6.48,9.59
58115,20,11,8,2013,20.936666666666667,13.4,6.37,9.46
58116,20,12,8,2013,21.605,13.64,7.1000000000000005,9.65
58117,20,13,8,2013,23.382499999999997,11.24,6.92,9.22
58118,20,14,8,2013,24.5725,9.08,6.65,8.21
58119,20,15,8,2013,26.137500000000003,9.1,6.63,8.2
58120,20,16,8,2013,27.692499999999995,9.52,6.84,8.49
58121,20,17,8,2013,28.77,9.53,6.8500000000000005,8.52
58122,20,18,8,2013,29.70833333333333,8.700000000000001,6.2700000000000005,7.76
58123,20,19,8,2013,30.492499999999996,8.41,6.07,7.51
58124,20,20,8,2013,30.974166666666665,8.36,6.0,7.46
58125,20,21,8,2013,31.19416666666667,8.38,5.98,7.43
58126,20,22,8,2013,31.049166666666665,9.02,6.3500000000000005,8.040000000000001
58127,20,23,8,2013,30.410833333333333,9.51,6.29,8.05
58128,21,0,8,2013,28.69916666666667,11.67,5.01,8.45
58129,21,1,8,2013,26.75333333333333,11.89,5.04,8.4
58130,21,2,8,2013,25.941666666666674,13.07,5.8500000000000005,9.2
58131,21,3,8,2013,25.272499999999997,13.08,5.95,9.24
58132,21,4,8,2013,24.546666666666667,13.73,6.47,9.79
58133,21,5,8,2013,23.974166666666672,13.85,6.58,9.86
58134,21,6,8,2013,23.686666666666667,13.66,6.67,9.86
58135,21,7,8,2013,23.30583333333333,14.1,6.78,10.07
58136,21,8,8,2013,23.25583333333334,14.21,6.79,10.14
58137,21,9,8,2013,22.983333333333334,14.24,6.75,10.09
58138,21,10,8,2013,22.441666666666666,14.05,6.33,9.62
58139,21,11,8,2013,22.09166666666667,13.78,5.99,9.42
58140,21,12,8,2013,22.381666666666664,13.48,6.2,9.21
58141,21,13,8,2013,24.186666666666667,10.41,6.08,8.25
58142,21,14,8,2013,25.68416666666667,8.18,6.04,7.44
58143,21,15,8,2013,27.325833333333332,8.27,6.09,7.48
58144,21,16,8,2013,29.034999999999997,8.31,6.04,7.46
58145,21,17,8,2013,30.443333333333328,8.6,6.22,7.7
58146,21,18,8,2013,31.454166666666666,8.98,6.48,8.03
58147,21,19,8,2013,32.27916666666666,8.47,6.13,7.57
58148,21,20,8,2013,32.845,8.09,5.83,7.23
58149,21,21,8,2013,33.02333333333333,8.34,5.98,7.46
58150,21,22,8,2013,32.842499999999994,8.38,5.9,7.48
58151,21,23,8,2013,32.040000000000006,9.32,5.37,7.42
58152,22,0,8,2013,29.496666666666666,11.76,4.14,8.32
58153,22,1,8,2013,27.41916666666667,12.6,4.79,8.86
58154,22,2,8,2013,26.896666666666665,12.71,5.2,9.23
58155,22,3,8,2013,24.894999999999996,13.16,5.16,9.07
58156,22,4,8,2013,24.638333333333335,13.66,5.8100000000000005,9.52
58157,22,5,8,2013,22.393333333333334,13.22,4.7700000000000005,8.47
58158,22,6,8,2013,22.694999999999997,9.79,3.51,6.57
58159,22,7,8,2013,23.095833333333335,10.07,4.16,7.33
58160,22,8,8,2013,22.795,10.71,4.86,8.28
58161,22,9,8,2013,22.4525,10.46,4.82,8.21
58162,22,10,8,2013,21.436666666666667,9.13,4.03,6.93
58163,22,11,8,2013,21.553333333333338,9.08,4.71,7.58
58164,22,12,8,2013,22.019166666666663,9.3,5.01,7.87
58165,22,13,8,2013,23.671666666666667,8.88,4.96,6.78
58166,22,14,8,2013,25.371666666666666,7.27,4.51,5.46
58167,22,15,8,2013,27.5525,5.84,4.33,5.29
58168,22,16,8,2013,29.212499999999995,6.2,4.6000000000000005,5.62
58169,22,17,8,2013,30.305833333333336,5.75,4.29,5.21
58170,22,18,8,2013,31.152500000000003,5.14,3.81,4.63
58171,22,19,8,2013,31.769166666666667,4.46,3.36,4.03
58172,22,20,8,2013,32.148333333333326,4.1,3.04,3.67
58173,22,21,8,2013,32.20083333333333,4.62,3.72,4.39
58174,22,22,8,2013,32.17583333333334,3.96,3.06,3.67
58175,22,23,8,2013,31.667500000000004,4.3100000000000005,3.21,3.99
58176,23,0,8,2013,29.903333333333332,4.92,2.9,4.93
58177,23,1,8,2013,27.59833333333334,4.43,2.5500000000000003,4.3500000000000005
58178,23,2,8,2013,25.8875,5.63,2.88,4.99
58179,23,3,8,2013,25.49,7.67,3.85,6.75
58180,23,4,8,2013,25.155833333333334,7.68,4.28,6.7
58181,23,5,8,2013,24.80666666666667,7.44,4.22,6.8
58182,23,6,8,2013,24.141666666666666,7.38,4.18,6.84
58183,23,7,8,2013,23.219166666666666,7.6,3.85,6.8
58184,23,8,8,2013,22.751666666666665,7.9300000000000015,3.01,6.47
58185,23,9,8,2013,21.2225,7.6400000000000015,2.57,6.01
58186,23,10,8,2013,20.364166666666666,5.05,1.71,3.52
58187,23,11,8,2013,20.315,5.03,2.16,4.01
58188,23,12,8,2013,20.87,5.45,2.68,4.3
58189,23,13,8,2013,21.651666666666667,5.05,2.48,4.01
58190,23,14,8,2013,25.114166666666666,3.27,2.56,3.0
58191,23,15,8,2013,27.286666666666672,4.55,3.49,4.18
58192,23,16,8,2013,28.95166666666667,6.1000000000000005,4.57,5.55
58193,23,17,8,2013,29.863333333333333,6.24,4.68,5.68
58194,23,18,8,2013,30.540833333333335,6.55,4.88,5.93
58195,23,19,8,2013,31.087500000000002,7.13,5.32,6.49
58196,23,20,8,2013,31.495833333333334,7.48,5.58,6.84
58197,23,21,8,2013,31.72416666666666,7.17,5.36,6.53
58198,23,22,8,2013,31.521666666666665,7.68,5.37,6.8500000000000005
58199,23,23,8,2013,30.82083333333333,9.11,5.36,7.48
58200,24,0,8,2013,29.051666666666666,10.07,4.44,7.84
58201,24,1,8,2013,27.25,11.26,4.2,7.88
58202,24,2,8,2013,26.75083333333333,12.54,5.01,8.52
58203,24,3,8,2013,26.117500000000003,12.76,5.46,8.94
58204,24,4,8,2013,25.35416666666667,13.04,5.68,9.09
58205,24,5,8,2013,24.814999999999998,12.76,5.86,9.19
58206,24,6,8,2013,24.466666666666665,12.85,5.96,9.27
58207,24,7,8,2013,23.947499999999994,12.82,6.04,9.27
58208,24,8,8,2013,23.56833333333334,12.86,6.21,9.37
58209,24,9,8,2013,23.073333333333338,12.48,5.92,9.08
58210,24,10,8,2013,22.6575,12.09,6.1000000000000005,9.16
58211,24,11,8,2013,22.589166666666667,12.84,6.2,9.34
58212,24,12,8,2013,22.784166666666668,12.74,6.63,9.45
58213,24,13,8,2013,23.924999999999997,10.93,5.76,8.28
58214,24,14,8,2013,25.88666666666667,7.91,5.41,6.59
58215,24,15,8,2013,27.959166666666672,8.2,6.05,7.45
58216,24,16,8,2013,29.365000000000006,8.290000000000001,6.12,7.51
58217,24,17,8,2013,30.55,8.64,6.5200000000000005,7.97
58218,24,18,8,2013,31.397499999999997,8.81,6.72,8.16
58219,24,19,8,2013,31.945000000000007,8.97,6.91,8.41
58220,24,20,8,2013,32.3825,8.8,6.8,8.26
58221,24,21,8,2013,32.534166666666664,8.370000000000001,6.15,7.53
58222,24,22,8,2013,32.31,8.76,6.28,7.82
58223,24,23,8,2013,31.509999999999994,9.6,6.61,8.45
58224,25,0,8,2013,29.800833333333333,11.64,5.66,8.65
58225,25,1,8,2013,28.098333333333333,12.66,5.12,8.69
58226,25,2,8,2013,27.25583333333333,12.84,5.51,8.91
58227,25,3,8,2013,26.218333333333334,12.76,5.6000000000000005,8.86
58228,25,4,8,2013,25.8025,13.31,6.2,9.39
58229,25,5,8,2013,25.590000000000003,13.57,6.61,9.86
58230,25,6,8,2013,25.206666666666667,13.29,6.49,9.64
58231,25,7,8,2013,24.74083333333333,13.18,6.2,9.31
58232,25,8,8,2013,24.325833333333335,13.51,6.54,9.7
58233,25,9,8,2013,23.974166666666665,13.51,6.59,9.71
58234,25,10,8,2013,23.878333333333334,13.48,6.55,9.74
58235,25,11,8,2013,23.735,13.75,6.93,10.12
58236,25,12,8,2013,23.715000000000003,12.85,7.48,9.92
58237,25,13,8,2013,25.062500000000004,11.69,7.25,9.63
58238,25,14,8,2013,26.52333333333333,9.49,6.88,8.5
58239,25,15,8,2013,28.08833333333334,8.93,6.6000000000000005,8.11
58240,25,16,8,2013,29.62750000000001,8.48,6.21,7.65
58241,25,17,8,2013,31.000833333333333,7.73,5.66,6.95
58242,25,18,8,2013,31.971666666666664,7.6400000000000015,5.62,6.88
58243,25,19,8,2013,32.63916666666666,7.48,5.53,6.7700000000000005
58244,25,20,8,2013,33.04,7.59,5.69,6.95
58245,25,21,8,2013,33.166666666666664,7.99,6.2,7.54
58246,25,22,8,2013,33.00583333333333,8.040000000000001,6.26,7.63
58247,25,23,8,2013,32.28666666666667,8.81,6.09,7.9
58248,26,0,8,2013,30.211666666666673,9.7,4.08,7.08
58249,26,1,8,2013,28.491666666666664,12.02,5.25,8.8
58250,26,2,8,2013,27.5325,12.95,5.67,9.15
58251,26,3,8,2013,26.849999999999998,13.1,6.01,9.34
58252,26,4,8,2013,26.16333333333333,13.38,6.3,9.57
58253,26,5,8,2013,25.711666666666662,13.46,6.24,9.54
58254,26,6,8,2013,25.631666666666664,13.46,6.33,9.61
58255,26,7,8,2013,25.46166666666667,13.66,6.4,9.64
58256,26,8,8,2013,25.251666666666665,13.99,6.69,10.02
58257,26,9,8,2013,25.025000000000002,13.97,6.74,10.03
58258,26,10,8,2013,24.713333333333328,13.84,6.44,9.68
58259,26,11,8,2013,24.523333333333337,14.12,6.58,9.92
58260,26,12,8,2013,24.78666666666666,13.69,7.6,10.23
58261,26,13,8,2013,26.551666666666666,12.2,7.44,9.97
58262,26,14,8,2013,27.676666666666662,10.49,7.54,9.39
58263,26,15,8,2013,29.330833333333334,10.52,7.57,9.43
58264,26,16,8,2013,30.776666666666667,10.05,7.21,8.97
58265,26,17,8,2013,31.874999999999996,9.93,7.13,8.88
58266,26,18,8,2013,32.722500000000004,8.93,6.45,7.99
58267,26,19,8,2013,33.329166666666666,8.78,6.33,7.85
58268,26,20,8,2013,33.71,8.48,6.05,7.51
58269,26,21,8,2013,33.69166666666667,9.07,6.46,8.08
58270,26,22,8,2013,33.517500000000005,9.17,6.46,8.14
58271,26,23,8,2013,32.79583333333334,9.95,5.89,7.83
58272,27,0,8,2013,31.075,10.71,5.33,8.08
58273,27,1,8,2013,29.552500000000006,12.92,5.21,8.83
58274,27,2,8,2013,28.851666666666663,13.59,6.23,9.6
58275,27,3,8,2013,28.210833333333337,13.49,6.51,9.78
58276,27,4,8,2013,27.319999999999997,14.45,7.2,10.61
58277,27,5,8,2013,27.00250000000001,14.55,7.36,10.71
58278,27,6,8,2013,26.587500000000002,14.99,7.67,11.1
58279,27,7,8,2013,26.18166666666666,15.27,7.96,11.42
58280,27,8,8,2013,25.900833333333335,15.4,8.19,11.63
58281,27,9,8,2013,25.323333333333334,15.11,7.94,11.34
58282,27,10,8,2013,24.78,15.16,7.8900000000000015,11.3
58283,27,11,8,2013,24.319166666666664,15.24,7.88,11.29
58284,27,12,8,2013,24.209166666666665,15.09,8.63,11.5
58285,27,13,8,2013,25.729166666666668,14.03,8.68,11.54
58286,27,14,8,2013,27.319166666666664,11.41,8.19,10.17
58287,27,15,8,2013,28.879999999999995,11.26,8.22,10.21
58288,27,16,8,2013,30.43416666666667,10.88,7.88,9.8
58289,27,17,8,2013,31.6125,10.35,7.5,9.31
58290,27,18,8,2013,32.61000000000001,9.87,7.12,8.83
58291,27,19,8,2013,33.255833333333335,8.88,6.41,7.94
58292,27,20,8,2013,33.649166666666666,8.19,5.91,7.32
58293,27,21,8,2013,33.72083333333333,8.42,6.05,7.54
58294,27,22,8,2013,33.42916666666667,8.870000000000003,6.36,7.97
58295,27,23,8,2013,32.645833333333336,8.91,6.12,7.87
58296,28,0,8,2013,30.525000000000002,10.89,4.41,8.23
58297,28,1,8,2013,29.1575,11.99,5.28,8.950000000000003
58298,28,2,8,2013,28.06583333333333,13.12,5.79,9.4
58299,28,3,8,2013,27.39083333333333,13.27,5.73,9.28
58300,28,4,8,2013,26.617499999999993,13.5,5.74,9.54
58301,28,5,8,2013,26.075833333333332,13.64,6.23,9.73
58302,28,6,8,2013,25.51833333333333,13.98,6.38,9.83
58303,28,7,8,2013,24.845833333333335,14.27,6.54,10.08
58304,28,8,8,2013,24.261666666666667,14.24,6.5,9.99
58305,28,9,8,2013,23.673333333333336,13.51,6.24,9.57
58306,28,10,8,2013,23.36916666666667,13.43,6.43,9.74
58307,28,11,8,2013,23.03,13.24,6.57,9.77
58308,28,12,8,2013,23.185000000000002,13.05,6.99,9.73
58309,28,13,8,2013,24.55666666666667,11.37,6.88,9.18
58310,28,14,8,2013,26.3925,8.4,6.28,7.63
58311,28,15,8,2013,28.293333333333333,7.57,5.73,6.97
58312,28,16,8,2013,29.96083333333333,6.8,5.0200000000000005,6.15
58313,28,17,8,2013,30.915833333333335,5.94,4.47,5.41
58314,28,18,8,2013,31.595833333333335,4.88,3.68,4.43
58315,28,19,8,2013,32.163333333333334,5.21,3.97,4.7700000000000005
58316,28,20,8,2013,32.63166666666667,4.8500000000000005,3.68,4.43
58317,28,21,8,2013,32.969166666666666,4.7700000000000005,3.62,4.37
58318,28,22,8,2013,32.94083333333334,5.43,4.17,5.03
58319,28,23,8,2013,32.17583333333334,6.41,3.99,5.93
58320,29,0,8,2013,30.204166666666662,7.69,3.82,5.84
58321,29,1,8,2013,27.99083333333333,7.73,3.9,7.15
58322,29,2,8,2013,27.310000000000002,6.49,3.94,6.67
58323,29,3,8,2013,26.669999999999998,5.69,3.34,5.69
58324,29,4,8,2013,26.27333333333333,6.41,3.68,5.84
58325,29,5,8,2013,25.27916666666667,7.44,4.14,6.59
58326,29,6,8,2013,25.426666666666666,9.29,4.39,7.3
58327,29,7,8,2013,24.840000000000003,9.66,4.32,7.75
58328,29,8,8,2013,25.114166666666666,9.89,4.86,7.71
58329,29,9,8,2013,24.945833333333336,9.49,4.44,7.31
58330,29,10,8,2013,24.984166666666663,8.99,4.68,7.24
58331,29,11,8,2013,24.558333333333337,8.66,4.62,6.8500000000000005
58332,29,12,8,2013,24.498333333333335,8.1,4.23,6.46
58333,29,13,8,2013,25.472499999999997,8.040000000000001,4.43,5.93
58334,29,14,8,2013,27.63416666666667,6.47,4.86,5.86
58335,29,15,8,2013,29.646666666666665,6.69,5.04,6.13
58336,29,16,8,2013,31.343333333333334,5.99,4.53,5.49
58337,29,17,8,2013,32.65083333333333,5.76,4.39,5.3
58338,29,18,8,2013,33.69166666666667,5.61,4.3100000000000005,5.19
58339,29,19,8,2013,34.62833333333334,5.41,4.07,6.42
58340,29,20,8,2013,35.42916666666667,5.28,3.92,4.7700000000000005
58341,29,21,8,2013,35.704166666666666,5.82,4.45,5.37
58342,29,22,8,2013,35.61083333333333,5.95,4.2,5.29
58343,29,23,8,2013,34.833333333333336,7.07,4.28,5.55
58344,30,0,8,2013,32.655833333333334,8.83,3.68,7.55
58345,30,1,8,2013,30.875833333333333,10.83,4.93,8.870000000000003
58346,30,2,8,2013,29.859999999999996,11.73,4.79,8.48
58347,30,3,8,2013,29.012500000000003,12.41,5.43,9.2
58348,30,4,8,2013,28.064166666666665,12.02,5.44,8.83
58349,30,5,8,2013,27.48166666666667,12.47,5.84,9.27
58350,30,6,8,2013,26.66166666666666,12.31,5.7,9.02
58351,30,7,8,2013,26.58916666666667,12.95,5.82,9.45
58352,30,8,8,2013,26.337499999999995,13.51,6.19,9.71
58353,30,9,8,2013,26.185000000000006,13.82,6.6000000000000005,9.99
58354,30,10,8,2013,26.051666666666662,13.89,6.67,10.13
58355,30,11,8,2013,25.695833333333336,13.67,6.7700000000000005,10.1
58356,30,12,8,2013,25.27416666666667,13.1,6.59,9.53
58357,30,13,8,2013,26.623333333333335,12.38,6.7700000000000005,9.22
58358,30,14,8,2013,28.494166666666672,10.75,6.62,8.55
58359,30,15,8,2013,30.63416666666667,8.33,6.34,7.67
58360,30,16,8,2013,32.64666666666667,7.48,5.65,6.86
58361,30,17,8,2013,34.130833333333335,6.0,4.42,5.4
58362,30,18,8,2013,35.45333333333333,4.91,3.71,4.46
58363,30,19,8,2013,36.525000000000006,4.8100000000000005,3.63,4.37
58364,30,20,8,2013,37.18583333333334,4.41,3.3200000000000003,4.0
58365,30,21,8,2013,37.315000000000005,4.5600000000000005,3.48,4.19
58366,30,22,8,2013,37.30916666666667,4.41,3.19,4.0
58367,30,23,8,2013,36.5375,5.28,3.35,4.72
58368,31,0,8,2013,34.32416666666668,6.6400000000000015,2.68,5.53
58369,31,1,8,2013,32.135,6.83,3.23,5.95
58370,31,2,8,2013,30.741666666666664,7.18,3.92,6.19
58371,31,3,8,2013,29.28916666666667,7.13,4.41,6.32
58372,31,4,8,2013,28.048333333333336,7.1400000000000015,4.14,6.05
58373,31,5,8,2013,26.712499999999995,5.07,2.91,4.75
58374,31,6,8,2013,25.925,3.13,1.33,2.03
58375,31,7,8,2013,25.075833333333335,3.39,1.59,2.71
58376,31,8,8,2013,24.349999999999998,3.47,1.83,3.06
58377,31,9,8,2013,24.099999999999998,4.13,2.02,3.65
58378,31,10,8,2013,23.089166666666667,4.62,2.38,4.21
58379,31,11,8,2013,22.675833333333333,4.57,2.2,3.86
58380,31,12,8,2013,22.730833333333337,4.96,2.74,4.5200000000000005
58381,31,13,8,2013,24.434166666666666,4.72,2.96,3.5
58382,31,14,8,2013,26.012500000000003,3.0,2.38,2.78
58383,31,15,8,2013,27.894166666666663,1.68,1.39,1.58
58384,31,16,8,2013,29.225000000000005,2.32,1.93,2.22
58385,31,17,8,2013,30.276666666666667,1.75,1.39,1.62
58386,31,18,8,2013,31.97333333333334,2.11,1.71,1.98
58387,31,19,8,2013,33.109166666666674,1.53,1.24,1.43
58388,31,20,8,2013,34.083333333333336,1.81,1.5,1.71
58389,31,21,8,2013,34.47,3.06,2.37,2.81
58390,31,22,8,2013,34.78166666666667,3.95,3.0500000000000003,3.66
58391,31,23,8,2013,34.4625,3.0500000000000003,2.36,2.81
58392,1,0,9,2013,32.714999999999996,1.56,0.81,1.52
58393,1,1,9,2013,30.638333333333332,1.9,0.49,1.1
58394,1,2,9,2013,29.25833333333333,2.1,0.38,1.23
58395,1,3,9,2013,28.484166666666667,2.13,0.68,1.58
58396,1,4,9,2013,27.5725,3.31,1.41,2.6
58397,1,5,9,2013,26.383333333333336,6.1000000000000005,3.2,5.09
58398,1,6,9,2013,25.239166666666666,8.11,5.2700000000000005,7.55
58399,1,7,9,2013,24.133333333333336,7.33,4.3,6.33
58400,1,8,9,2013,22.425833333333333,17.51,11.37,15.24
58401,1,9,9,2013,20.793333333333333,12.14,7.97,10.3
58402,1,10,9,2013,20.975833333333334,9.3,5.99,7.82
58403,1,11,9,2013,20.875833333333333,9.43,5.53,7.67
58404,1,12,9,2013,20.944166666666668,9.39,5.41,7.59
58405,1,13,9,2013,21.733333333333334,8.120000000000001,5.29,6.78
58406,1,14,9,2013,22.87583333333333,5.8500000000000005,4.45,5.38
58407,1,15,9,2013,24.44916666666667,5.86,4.36,5.3
58408,1,16,9,2013,26.084166666666665,7.19,5.42,6.57
58409,1,17,9,2013,26.948333333333334,8.66,6.67,8.07
58410,1,18,9,2013,27.680000000000003,8.66,6.6400000000000015,8.06
58411,1,19,9,2013,28.108333333333324,8.6,6.61,8.01
58412,1,20,9,2013,28.40583333333333,8.76,6.51,8.0
58413,1,21,9,2013,28.325,8.68,6.41,7.8900000000000015
58414,1,22,9,2013,27.638333333333332,8.81,6.15,7.82
58415,1,23,9,2013,26.42166666666667,10.4,6.33,8.94
58416,2,0,9,2013,24.331666666666663,11.36,6.16,8.92
58417,2,1,9,2013,22.409166666666668,11.5,3.53,7.52
58418,2,2,9,2013,21.38083333333333,11.57,3.9,7.8
58419,2,3,9,2013,20.603333333333335,9.67,3.89,7.1400000000000015
58420,2,4,9,2013,19.385,9.04,3.37,6.3900000000000015
58421,2,5,9,2013,19.007499999999997,8.370000000000001,3.45,6.5600000000000005
58422,2,6,9,2013,18.313333333333336,9.16,3.61,6.47
58423,2,7,9,2013,17.28333333333333,8.59,3.27,6.34
58424,2,8,9,2013,16.534166666666668,7.81,3.23,5.98
58425,2,9,9,2013,15.789166666666667,7.16,2.44,5.38
58426,2,10,9,2013,15.085,6.49,2.45,4.96
58427,2,11,9,2013,14.73166666666667,6.33,3.23,5.59
58428,2,12,9,2013,14.487500000000002,6.63,3.11,5.55
58429,2,13,9,2013,15.57,5.05,2.82,3.31
58430,2,14,9,2013,17.25916666666667,3.89,3.02,3.56
58431,2,15,9,2013,19.12416666666667,4.0200000000000005,3.08,3.69
58432,2,16,9,2013,20.739166666666666,4.0200000000000005,3.09,3.7
58433,2,17,9,2013,21.955000000000002,4.15,3.22,3.82
58434,2,18,9,2013,22.979166666666668,3.7,2.9,3.42
58435,2,19,9,2013,23.88416666666667,3.77,3.02,3.53
58436,2,20,9,2013,24.583333333333332,4.18,3.4,3.96
58437,2,21,9,2013,25.0425,4.09,3.3000000000000003,3.84
58438,2,22,9,2013,25.128333333333334,3.56,2.7,3.23
58439,2,23,9,2013,24.791666666666668,3.42,2.61,3.13
58440,3,0,9,2013,23.16,4.82,2.92,4.94
58441,3,1,9,2013,20.909166666666668,5.92,2.86,4.79
58442,3,2,9,2013,19.311666666666664,5.73,1.08,3.81
58443,3,3,9,2013,18.7025,4.1,0.85,2.27
58444,3,4,9,2013,18.312499999999996,3.77,0.77,2.13
58445,3,5,9,2013,17.75916666666667,3.4,0.87,2.12
58446,3,6,9,2013,16.8325,4.17,1.11,2.65
58447,3,7,9,2013,16.080000000000002,4.18,1.29,2.82
58448,3,8,9,2013,15.07,3.5500000000000003,0.92,2.27
58449,3,9,9,2013,14.40333333333333,2.98,0.48,1.49
58450,3,10,9,2013,13.98916666666667,3.17,0.52,1.68
58451,3,11,9,2013,13.465833333333334,3.6,0.94,2.16
58452,3,12,9,2013,13.335833333333332,3.62,1.03,2.21
58453,3,13,9,2013,15.018333333333333,3.77,1.73,2.11
58454,3,14,9,2013,17.5175,2.51,1.83,2.11
58455,3,15,9,2013,20.5275,2.87,2.3000000000000003,2.69
58456,3,16,9,2013,22.74083333333333,2.84,2.27,2.66
58457,3,17,9,2013,23.925000000000008,2.83,2.29,2.67
58458,3,18,9,2013,24.981666666666666,2.44,2.0,2.3000000000000003
58459,3,19,9,2013,25.906666666666666,2.57,2.17,2.49
58460,3,20,9,2013,26.5275,3.13,2.51,2.94
58461,3,21,9,2013,27.0,3.09,2.48,2.88
58462,3,22,9,2013,27.134166666666662,2.96,2.5,2.88
58463,3,23,9,2013,26.575,3.46,2.35,3.28
58464,4,0,9,2013,24.233333333333334,4.04,2.14,3.92
58465,4,1,9,2013,22.4525,4.83,2.83,4.8
58466,4,2,9,2013,21.648333333333337,5.04,3.0500000000000003,5.16
58467,4,3,9,2013,21.3,6.04,3.34,5.65
58468,4,4,9,2013,20.5225,5.76,3.4,5.69
58469,4,5,9,2013,20.045833333333334,6.63,4.24,6.69
58470,4,6,9,2013,19.991666666666664,7.23,4.21,6.73
58471,4,7,9,2013,19.534166666666668,7.72,4.38,7.0
58472,4,8,9,2013,18.920833333333334,7.87,4.43,7.19
58473,4,9,9,2013,18.301666666666666,7.9300000000000015,4.41,7.17
58474,4,10,9,2013,18.230833333333333,7.19,4.0600000000000005,6.66
58475,4,11,9,2013,17.643333333333334,7.24,4.12,6.53
58476,4,12,9,2013,17.811666666666667,7.78,4.32,7.0600000000000005
58477,4,13,9,2013,20.04083333333333,6.3,3.3200000000000003,5.04
58478,4,14,9,2013,22.951666666666668,6.19,3.38,3.88
58479,4,15,9,2013,25.040000000000003,4.07,3.1,3.73
58480,4,16,9,2013,26.32166666666667,4.2700000000000005,3.25,3.91
58481,4,17,9,2013,27.314166666666665,3.43,2.75,3.23
58482,4,18,9,2013,28.1375,3.51,2.8000000000000003,3.29
58483,4,19,9,2013,28.788333333333338,3.71,2.94,3.47
58484,4,20,9,2013,29.333333333333332,4.21,3.3200000000000003,3.91
58485,4,21,9,2013,29.455000000000002,4.46,3.48,4.14
58486,4,22,9,2013,29.230000000000004,4.87,3.68,4.51
58487,4,23,9,2013,28.485833333333332,4.8100000000000005,3.21,4.43
58488,5,0,9,2013,26.209166666666665,6.78,2.81,5.75
58489,5,1,9,2013,25.022499999999997,6.72,3.67,6.25
58490,5,2,9,2013,23.87,8.03,3.8,6.9
58491,5,3,9,2013,23.272500000000004,7.54,3.85,6.79
58492,5,4,9,2013,22.549166666666665,7.32,3.92,6.58
58493,5,5,9,2013,22.214166666666667,7.47,3.74,6.55
58494,5,6,9,2013,22.100000000000005,7.08,3.92,6.44
58495,5,7,9,2013,21.570000000000004,7.05,3.74,6.15
58496,5,8,9,2013,21.254166666666666,7.18,3.87,6.36
58497,5,9,9,2013,20.610833333333336,6.73,3.85,6.18
58498,5,10,9,2013,20.587500000000002,6.47,3.92,6.15
58499,5,11,9,2013,20.13416666666667,7.09,4.11,6.49
58500,5,12,9,2013,20.185833333333335,6.3,3.79,5.92
58501,5,13,9,2013,20.712499999999995,4.15,2.51,3.75
58502,5,14,9,2013,22.738333333333333,3.21,2.44,2.91
58503,5,15,9,2013,25.1575,4.6000000000000005,3.51,4.21
58504,5,16,9,2013,26.405,4.67,3.64,4.33
58505,5,17,9,2013,27.358333333333334,4.41,3.5,4.13
58506,5,18,9,2013,28.11833333333333,4.12,3.23,3.82
58507,5,19,9,2013,28.64333333333333,4.78,3.65,4.38
58508,5,20,9,2013,28.999166666666664,5.03,3.88,4.66
58509,5,21,9,2013,29.1275,5.51,4.11,5.01
58510,5,22,9,2013,29.0525,5.58,4.15,5.08
58511,5,23,9,2013,28.2025,6.3100000000000005,3.5,5.18
58512,6,0,9,2013,25.885,8.06,3.92,7.16
58513,6,1,9,2013,23.880000000000006,8.77,3.67,7.1000000000000005
58514,6,2,9,2013,23.36583333333333,8.76,3.93,7.2
58515,6,3,9,2013,22.871666666666666,10.09,4.29,8.11
58516,6,4,9,2013,22.353333333333335,9.89,4.2,8.0
58517,6,5,9,2013,22.205000000000002,10.1,4.72,7.98
58518,6,6,9,2013,22.247500000000002,10.43,4.8500000000000005,8.040000000000001
58519,6,7,9,2013,22.059166666666666,10.83,5.14,8.25
58520,6,8,9,2013,21.66416666666667,10.64,4.94,8.1
58521,6,9,9,2013,21.35416666666666,10.76,5.14,8.26
58522,6,10,9,2013,20.858333333333334,10.62,5.1000000000000005,8.08
58523,6,11,9,2013,20.58416666666667,10.4,5.26,8.11
58524,6,12,9,2013,20.264999999999997,10.61,5.66,8.14
58525,6,13,9,2013,21.141666666666666,9.57,5.42,7.33
58526,6,14,9,2013,23.270833333333332,7.53,4.83,5.76
58527,6,15,9,2013,25.56333333333333,6.36,4.91,5.91
58528,6,16,9,2013,27.56833333333333,5.99,4.5600000000000005,5.51
58529,6,17,9,2013,28.915000000000003,6.92,5.19,6.3100000000000005
58530,6,18,9,2013,29.99083333333333,7.31,5.39,6.59
58531,6,19,9,2013,30.565833333333334,7.2,5.37,6.5600000000000005
58532,6,20,9,2013,31.06583333333333,9.14,6.75,8.3
58533,6,21,9,2013,31.209166666666665,9.37,6.88,8.56
58534,6,22,9,2013,30.729999999999993,9.52,6.96,8.73
58535,6,23,9,2013,30.211666666666662,8.5,4.36,6.4
58536,7,0,9,2013,28.185,10.85,4.9,7.96
58537,7,1,9,2013,27.254166666666666,12.49,5.5200000000000005,8.78
58538,7,2,9,2013,26.271666666666665,13.04,5.75,8.98
58539,7,3,9,2013,25.67,13.59,6.58,9.77
58540,7,4,9,2013,25.462500000000002,14.02,7.1400000000000015,10.33
58541,7,5,9,2013,25.288333333333338,14.15,7.1400000000000015,10.35
58542,7,6,9,2013,24.955,13.8,6.91,10.05
58543,7,7,9,2013,24.77,14.06,7.21,10.37
58544,7,8,9,2013,24.765,14.05,7.21,10.39
58545,7,9,9,2013,24.515,14.12,7.24,10.35
58546,7,10,9,2013,24.534166666666664,14.17,7.17,10.39
58547,7,11,9,2013,24.144166666666663,13.84,7.09,10.18
58548,7,12,9,2013,24.070833333333336,14.21,7.65,10.52
58549,7,13,9,2013,25.50333333333333,13.34,7.75,10.38
58550,7,14,9,2013,26.691666666666666,10.33,7.13,8.86
58551,7,15,9,2013,28.399166666666662,8.59,6.38,7.83
58552,7,16,9,2013,30.26166666666667,7.55,5.62,6.88
58553,7,17,9,2013,32.26666666666667,7.68,5.64,6.94
58554,7,18,9,2013,33.73583333333334,7.74,5.65,6.97
58555,7,19,9,2013,34.89333333333333,6.95,5.05,6.21
58556,7,20,9,2013,35.785833333333336,6.57,4.79,5.89
58557,7,21,9,2013,36.372499999999995,6.13,4.39,5.43
58558,7,22,9,2013,36.401666666666664,5.58,3.99,4.97
58559,7,23,9,2013,35.549166666666665,4.88,3.02,3.9
58560,8,0,9,2013,33.07333333333333,5.11,2.14,3.65
58561,8,1,9,2013,31.364166666666673,5.43,3.06,5.2
58562,8,2,9,2013,30.28833333333333,10.11,3.79,7.04
58563,8,3,9,2013,28.76166666666666,10.25,4.32,7.04
58564,8,4,9,2013,28.269166666666663,7.18,4.26,6.48
58565,8,5,9,2013,27.146666666666665,4.0200000000000005,1.66,2.69
58566,8,6,9,2013,26.726666666666663,6.86,3.0,5.47
58567,8,7,9,2013,26.067500000000006,7.37,3.53,6.0200000000000005
58568,8,8,9,2013,25.183333333333337,7.11,3.46,5.91
58569,8,9,9,2013,25.125,8.33,3.82,6.43
58570,8,10,9,2013,24.827500000000004,9.16,3.73,6.71
58571,8,11,9,2013,23.139166666666664,8.47,2.34,5.42
58572,8,12,9,2013,22.984166666666667,6.6000000000000005,2.82,4.54
58573,8,13,9,2013,24.472499999999997,6.4,2.92,4.61
58574,8,14,9,2013,26.569166666666664,2.63,1.71,2.02
58575,8,15,9,2013,28.98166666666666,2.22,1.61,1.95
58576,8,16,9,2013,31.0475,1.5,1.1,1.32
58577,8,17,9,2013,32.67583333333334,2.1,1.72,1.99
58578,8,18,9,2013,33.85583333333333,1.39,1.08,1.27
58579,8,19,9,2013,34.8025,2.48,2.1,2.4
58580,8,20,9,2013,35.52166666666666,3.11,2.54,2.95
58581,8,21,9,2013,35.97166666666667,5.11,4.0200000000000005,4.8
58582,8,22,9,2013,36.01916666666667,5.99,4.21,5.36
58583,8,23,9,2013,34.95333333333333,7.55,4.21,6.36
58584,9,0,9,2013,32.767500000000005,8.26,3.79,6.84
58585,9,1,9,2013,30.97583333333333,11.32,4.43,7.83
58586,9,2,9,2013,30.08666666666667,13.59,5.57,9.34
58587,9,3,9,2013,30.191666666666663,13.87,5.6000000000000005,9.3
58588,9,4,9,2013,29.58666666666667,14.19,6.3900000000000015,9.9
58589,9,5,9,2013,29.095,14.47,6.83,10.29
58590,9,6,9,2013,28.342499999999998,14.59,6.8,10.32
58591,9,7,9,2013,27.824166666666667,14.98,7.32,10.82
58592,9,8,9,2013,27.185000000000002,15.0,7.22,10.68
58593,9,9,9,2013,26.55083333333333,15.31,7.22,10.79
58594,9,10,9,2013,26.14583333333334,15.57,7.36,11.03
58595,9,11,9,2013,25.558333333333326,15.59,7.4,11.02
58596,9,12,9,2013,25.149999999999995,14.94,7.1400000000000015,10.72
58597,9,13,9,2013,25.936666666666667,14.45,7.8,10.75
58598,9,14,9,2013,27.617500000000003,12.08,7.21,9.6
58599,9,15,9,2013,29.251666666666665,9.85,7.12,8.84
58600,9,16,9,2013,30.6125,10.17,7.29,9.06
58601,9,17,9,2013,31.921666666666656,10.45,7.42,9.26
58602,9,18,9,2013,33.044999999999995,10.76,7.62,9.53
58603,9,19,9,2013,33.597500000000004,11.76,8.290000000000001,10.42
58604,9,20,9,2013,34.009166666666665,12.09,8.48,10.7
58605,9,21,9,2013,33.839999999999996,12.28,8.55,10.87
58606,9,22,9,2013,33.21750000000001,12.73,7.94,10.53
58607,9,23,9,2013,31.675,13.12,7.6,10.28
58608,10,0,9,2013,29.112500000000008,12.81,5.51,9.28
58609,10,1,9,2013,28.8275,15.05,6.57,10.55
58610,10,2,9,2013,27.94,16.1,7.56,11.39
58611,10,3,9,2013,26.9425,15.63,7.48,11.23
58612,10,4,9,2013,26.07083333333333,15.52,6.95,10.68
58613,10,5,9,2013,25.631666666666664,15.29,6.97,10.68
58614,10,6,9,2013,24.9325,15.49,6.71,10.47
58615,10,7,9,2013,24.55083333333333,15.05,6.68,10.22
58616,10,8,9,2013,24.33333333333333,14.79,6.72,10.23
58617,10,9,9,2013,23.515833333333333,14.63,6.37,9.93
58618,10,10,9,2013,23.189166666666665,14.76,6.3900000000000015,10.01
58619,10,11,9,2013,22.730833333333333,14.37,6.04,9.58
58620,10,12,9,2013,22.915833333333335,14.23,6.15,9.41
58621,10,13,9,2013,24.68166666666667,12.73,7.0200000000000005,9.34
58622,10,14,9,2013,26.128333333333334,9.84,6.7700000000000005,8.3
58623,10,15,9,2013,27.745833333333334,9.44,7.01,8.59
58624,10,16,9,2013,29.323333333333338,9.25,6.7,8.26
58625,10,17,9,2013,30.680000000000003,9.87,7.03,8.73
58626,10,18,9,2013,31.853333333333335,10.51,7.44,9.29
58627,10,19,9,2013,32.57833333333333,10.45,7.41,9.24
58628,10,20,9,2013,33.01166666666666,10.24,7.26,9.1
58629,10,21,9,2013,33.07583333333333,10.6,7.48,9.43
58630,10,22,9,2013,32.906666666666666,10.02,6.8500000000000005,8.72
58631,10,23,9,2013,31.826666666666664,10.14,6.83,8.81
58632,11,0,9,2013,29.764999999999997,12.22,4.57,8.19
58633,11,1,9,2013,28.6975,13.74,5.14,8.84
58634,11,2,9,2013,28.280833333333334,13.31,5.66,9.08
58635,11,3,9,2013,27.477500000000003,13.26,5.53,8.84
58636,11,4,9,2013,25.264166666666668,10.42,5.72,7.3
58637,11,5,9,2013,23.520833333333332,9.83,5.36,7.56
58638,11,6,9,2013,22.893333333333334,7.98,4.42,6.3500000000000005
58639,11,7,9,2013,22.40416666666667,4.7700000000000005,2.26,4.23
58640,11,8,9,2013,22.120833333333337,4.92,2.66,4.8100000000000005
58641,11,9,9,2013,21.242500000000003,2.45,2.24,3.5700000000000003
58642,11,10,9,2013,20.664166666666667,1.69,1.9,2.75
58643,11,11,9,2013,20.78916666666667,4.36,2.28,3.13
58644,11,12,9,2013,21.3,6.6000000000000005,3.16,4.73
58645,11,13,9,2013,23.703333333333333,7.68,4.0,5.28
58646,11,14,9,2013,25.80333333333333,5.55,3.87,4.64
58647,11,15,9,2013,27.17,4.15,2.99,3.65
58648,11,16,9,2013,28.657500000000002,4.67,3.44,4.17
58649,11,17,9,2013,29.88333333333333,5.22,3.89,4.7
58650,11,18,9,2013,30.72083333333333,5.19,3.88,4.67
58651,11,19,9,2013,31.375833333333333,4.5200000000000005,3.46,4.11
58652,11,20,9,2013,25.11,11.9,8.15,10.31
58653,11,21,9,2013,24.099999999999994,11.02,7.6400000000000015,9.65
58654,11,22,9,2013,23.478333333333335,10.87,6.3100000000000005,8.56
58655,11,23,9,2013,23.084999999999997,5.72,3.88,4.86
58656,12,0,9,2013,22.296666666666667,6.33,2.77,4.6000000000000005
58657,12,1,9,2013,22.323333333333334,5.83,0.7000000000000001,2.33
58658,12,2,9,2013,22.185000000000002,5.23,1.57,2.9
58659,12,3,9,2013,22.200000000000003,4.25,1.52,3.29
58660,12,4,9,2013,22.09583333333333,9.82,5.96,7.85
58661,12,5,9,2013,21.279166666666665,7.38,5.19,7.05
58662,12,6,9,2013,21.31916666666667,3.41,1.95,2.66
58663,12,7,9,2013,21.065,4.66,2.6,3.87
58664,12,8,9,2013,20.766666666666666,4.63,2.32,3.3200000000000003
58665,12,9,9,2013,20.647499999999997,4.98,2.57,3.74
58666,12,10,9,2013,20.772499999999997,4.75,2.21,3.27
58667,12,11,9,2013,20.500000000000004,7.0,2.8000000000000003,4.26
58668,12,12,9,2013,20.0675,6.4,2.44,4.0
58669,12,13,9,2013,20.7625,7.68,3.85,5.49
58670,12,14,9,2013,21.05333333333333,5.2700000000000005,3.88,4.82
58671,12,15,9,2013,21.638333333333332,5.32,4.12,4.94
58672,12,16,9,2013,22.850833333333338,5.1000000000000005,4.03,4.7700000000000005
58673,12,17,9,2013,24.654166666666665,5.07,3.91,4.66
58674,12,18,9,2013,25.875,5.13,4.0,4.75
58675,12,19,9,2013,26.561666666666667,5.39,4.15,4.97
58676,12,20,9,2013,27.046666666666667,5.43,4.12,4.97
58677,12,21,9,2013,27.238333333333333,6.7700000000000005,5.04,6.17
58678,12,22,9,2013,26.87666666666666,7.2,4.99,6.3
58679,12,23,9,2013,25.6125,8.93,4.98,6.66
58680,13,0,9,2013,23.1125,10.86,4.43,8.120000000000001
58681,13,1,9,2013,20.955833333333334,12.38,4.61,8.51
58682,13,2,9,2013,18.6675,11.32,3.35,7.56
58683,13,3,9,2013,17.916666666666668,11.56,2.85,7.1400000000000015
58684,13,4,9,2013,17.204166666666666,11.74,2.83,6.97
58685,13,5,9,2013,16.181666666666665,11.12,2.25,6.33
58686,13,6,9,2013,15.489166666666668,10.7,1.96,5.62
58687,13,7,9,2013,14.888333333333334,10.02,1.97,5.5600000000000005
58688,13,8,9,2013,13.988333333333335,9.37,1.82,5.4
58689,13,9,9,2013,13.105833333333335,8.85,1.25,4.5200000000000005
58690,13,10,9,2013,12.799999999999997,7.51,1.39,4.26
58691,13,11,9,2013,12.220833333333333,5.89,1.62,3.6
58692,13,12,9,2013,11.579166666666667,6.13,1.77,3.85
58693,13,13,9,2013,12.665833333333333,5.32,1.89,3.28
58694,13,14,9,2013,14.7975,4.33,2.68,3.14
58695,13,15,9,2013,17.033333333333335,4.16,3.16,3.78
58696,13,16,9,2013,18.718333333333334,4.75,3.71,4.4
58697,13,17,9,2013,19.635833333333334,4.39,3.45,4.08
58698,13,18,9,2013,20.392500000000002,3.97,3.15,3.7
58699,13,19,9,2013,21.098333333333333,4.43,3.7,4.2700000000000005
58700,13,20,9,2013,21.515833333333333,4.1,3.4,3.94
58701,13,21,9,2013,21.762500000000003,3.94,3.19,3.74
58702,13,22,9,2013,21.708333333333332,3.72,2.97,3.5
58703,13,23,9,2013,20.986666666666665,4.79,2.99,3.93
58704,14,0,9,2013,18.660833333333333,5.74,2.62,5.09
58705,14,1,9,2013,16.9975,7.57,2.8000000000000003,6.34
58706,14,2,9,2013,16.12666666666667,8.59,3.67,7.61
58707,14,3,9,2013,15.665,8.82,3.81,7.83
58708,14,4,9,2013,14.935000000000002,8.9,3.9,7.82
58709,14,5,9,2013,14.012500000000001,9.63,3.31,7.3900000000000015
58710,14,6,9,2013,13.783333333333331,9.91,4.21,7.78
58711,14,7,9,2013,13.474999999999996,11.87,4.6000000000000005,8.370000000000001
58712,14,8,9,2013,13.014166666666668,11.57,4.61,8.3
58713,14,9,9,2013,12.684166666666664,10.53,4.64,7.96
58714,14,10,9,2013,12.539166666666667,11.49,5.24,8.42
58715,14,11,9,2013,12.25416666666667,11.46,5.28,8.38
58716,14,12,9,2013,12.241666666666667,11.18,5.87,8.07
58717,14,13,9,2013,13.252500000000003,10.78,5.8500000000000005,7.85
58718,14,14,9,2013,15.031666666666666,9.27,5.7,7.03
58719,14,15,9,2013,17.510833333333334,7.74,5.78,7.04
58720,14,16,9,2013,19.517500000000002,8.18,6.0200000000000005,7.3900000000000015
58721,14,17,9,2013,21.106666666666666,8.47,6.24,7.63
58722,14,18,9,2013,22.355833333333333,8.34,6.12,7.51
58723,14,19,9,2013,23.105833333333333,9.04,6.6000000000000005,8.14
58724,14,20,9,2013,23.537500000000005,8.790000000000001,6.38,7.9
58725,14,21,9,2013,23.810833333333335,9.29,6.59,8.25
58726,14,22,9,2013,23.95833333333333,9.71,6.7700000000000005,8.58
58727,14,23,9,2013,23.492500000000003,9.97,6.38,8.15
58728,15,0,9,2013,22.298333333333332,11.63,5.63,8.47
58729,15,1,9,2013,21.765000000000004,12.29,6.38,9.16
58730,15,2,9,2013,20.816666666666666,13.28,6.78,9.77
58731,15,3,9,2013,20.7225,13.64,7.53,10.43
58732,15,4,9,2013,20.742500000000003,13.64,7.55,10.5
58733,15,5,9,2013,20.257499999999997,13.53,7.23,10.13
58734,15,6,9,2013,20.246666666666666,12.81,6.7700000000000005,9.54
58735,15,7,9,2013,20.40416666666667,12.48,6.72,9.38
58736,15,8,9,2013,20.479166666666668,12.35,6.4,9.01
58737,15,9,9,2013,20.566666666666666,13.36,7.09,10.03
58738,15,10,9,2013,20.339166666666667,13.35,7.15,10.02
58739,15,11,9,2013,18.896666666666665,7.16,4.21,5.84
58740,15,12,9,2013,17.302500000000002,3.93,1.71,2.56
58741,15,13,9,2013,17.626666666666665,5.39,3.58,4.51
58742,15,14,9,2013,18.359166666666667,7.26,4.3100000000000005,5.83
58743,15,15,9,2013,19.5025,8.16,6.38,7.67
58744,15,16,9,2013,20.241666666666667,3.0500000000000003,2.49,2.92
58745,15,17,9,2013,21.6975,2.61,2.28,2.58
58746,15,18,9,2013,21.8725,5.17,3.97,4.88
58747,15,19,9,2013,19.739166666666666,8.47,6.16,7.6400000000000015
58748,15,20,9,2013,20.2,7.48,4.48,6.12
58749,15,21,9,2013,20.303333333333338,9.15,6.5200000000000005,8.120000000000001
58750,15,22,9,2013,19.930000000000003,9.57,6.86,8.51
58751,15,23,9,2013,19.049166666666665,9.71,6.5600000000000005,8.43
58752,16,0,9,2013,18.080833333333334,9.8,5.71,7.83
58753,16,1,9,2013,17.686666666666664,9.45,5.49,7.54
58754,16,2,9,2013,17.3875,9.55,5.57,7.61
58755,16,3,9,2013,17.236666666666668,9.85,5.7700000000000005,7.88
58756,16,4,9,2013,17.05,8.83,4.89,6.82
58757,16,5,9,2013,16.644166666666667,9.56,5.62,7.61
58758,16,6,9,2013,15.863333333333335,9.0,5.45,7.3
58759,16,7,9,2013,15.414166666666667,10.29,6.7,8.68
58760,16,8,9,2013,14.61416666666667,10.25,6.7700000000000005,8.73
58761,16,9,9,2013,13.795833333333334,8.790000000000001,5.66,7.27
58762,16,10,9,2013,12.93,8.69,5.58,7.13
58763,16,11,9,2013,12.405833333333332,7.1000000000000005,4.99,6.1400000000000015
58764,16,12,9,2013,11.975833333333334,7.2,5.28,6.48
58765,16,13,9,2013,11.528333333333336,7.05,5.22,6.34
58766,16,14,9,2013,11.352500000000001,7.47,5.75,6.95
58767,16,15,9,2013,11.479166666666666,6.8500000000000005,5.18,6.26
58768,16,16,9,2013,12.237499999999997,7.72,5.91,7.17
58769,16,17,9,2013,12.951666666666668,7.37,5.53,6.75
58770,16,18,9,2013,13.772500000000003,7.59,5.66,6.94
58771,16,19,9,2013,14.004166666666665,7.62,5.7,6.99
58772,16,20,9,2013,14.098333333333334,6.92,5.19,6.34
58773,16,21,9,2013,14.128333333333336,6.0,4.43,5.47
58774,16,22,9,2013,13.593333333333332,6.6000000000000005,4.15,5.48
58775,16,23,9,2013,13.4225,6.95,4.51,5.87
58776,17,0,9,2013,13.330833333333333,9.64,6.63,8.38
58777,17,1,9,2013,13.320833333333333,6.87,3.97,5.46
58778,17,2,9,2013,13.398333333333335,5.8,3.09,4.33
58779,17,3,9,2013,13.48916666666667,5.53,2.85,3.96
58780,17,4,9,2013,13.67,5.68,2.82,4.11
58781,17,5,9,2013,13.8375,5.61,3.0500000000000003,4.28
58782,17,6,9,2013,14.09833333333333,6.22,3.48,4.71
58783,17,7,9,2013,14.303333333333333,5.39,3.34,4.39
58784,17,8,9,2013,14.346666666666664,5.0,3.11,4.08
58785,17,9,9,2013,14.410833333333334,5.54,3.42,4.5
58786,17,10,9,2013,14.571666666666667,5.18,3.18,4.18
58787,17,11,9,2013,14.666666666666666,5.26,3.26,4.2700000000000005
58788,17,12,9,2013,14.73666666666667,5.74,3.58,4.68
58789,17,13,9,2013,15.0525,6.92,4.08,5.29
58790,17,14,9,2013,15.650833333333333,7.17,4.57,5.49
58791,17,15,9,2013,16.34916666666667,6.5,4.46,5.37
58792,17,16,9,2013,18.01833333333333,6.1400000000000015,4.57,5.5
58793,17,17,9,2013,20.496666666666666,6.5,4.94,5.96
58794,17,18,9,2013,21.502499999999998,8.35,6.16,7.6
58795,17,19,9,2013,22.242499999999996,8.43,6.17,7.57
58796,17,20,9,2013,22.90416666666667,8.97,6.55,8.08
58797,17,21,9,2013,23.962499999999995,9.25,6.45,8.1
58798,17,22,9,2013,24.635,10.07,6.83,8.69
58799,17,23,9,2013,24.819166666666664,10.28,7.05,9.01
58800,18,0,9,2013,23.229166666666668,11.15,5.04,7.94
58801,18,1,9,2013,22.614166666666662,12.3,6.42,9.26
58802,18,2,9,2013,22.065,12.85,6.9,9.79
58803,18,3,9,2013,21.618333333333336,13.56,7.33,10.33
58804,18,4,9,2013,21.22333333333333,13.52,7.42,10.33
58805,18,5,9,2013,21.011666666666667,13.6,7.3900000000000015,10.35
58806,18,6,9,2013,20.885,13.66,7.58,10.56
58807,18,7,9,2013,20.471666666666664,13.19,7.16,10.03
58808,18,8,9,2013,20.483333333333334,14.04,7.83,10.84
58809,18,9,9,2013,20.381666666666668,14.01,7.79,10.8
58810,18,10,9,2013,20.340833333333332,13.41,7.3,10.18
58811,18,11,9,2013,20.243333333333332,13.44,7.52,10.41
58812,18,12,9,2013,20.27166666666667,13.53,7.95,10.69
58813,18,13,9,2013,21.702499999999997,13.35,8.3,10.94
58814,18,14,9,2013,23.19,11.19,7.82,9.68
58815,18,15,9,2013,24.81,11.95,8.55,10.65
58816,18,16,9,2013,26.616666666666664,12.48,8.870000000000003,11.09
58817,18,17,9,2013,28.231666666666666,12.78,8.91,11.18
58818,18,18,9,2013,29.837500000000002,13.36,9.26,11.69
58819,18,19,9,2013,30.87,14.25,9.89,12.51
58820,18,20,9,2013,31.337500000000002,14.35,9.96,12.6
58821,18,21,9,2013,31.38666666666666,14.34,9.9,12.56
58822,18,22,9,2013,31.1975,13.61,9.27,11.82
58823,18,23,9,2013,29.97333333333333,12.51,7.01,9.74
58824,19,0,9,2013,28.421666666666667,14.4,7.17,10.59
58825,19,1,9,2013,28.010833333333327,15.82,8.2,11.8
58826,19,2,9,2013,27.405,15.89,8.3,11.9
58827,19,3,9,2013,26.680000000000007,14.48,7.28,10.58
58828,19,4,9,2013,26.080833333333334,14.61,8.15,11.36
58829,19,5,9,2013,25.589166666666667,16.36,8.6,12.23
58830,19,6,9,2013,25.685000000000002,16.14,8.74,12.23
58831,19,7,9,2013,23.979166666666668,14.46,8.19,11.32
58832,19,8,9,2013,23.349999999999998,14.34,8.08,11.14
58833,19,9,9,2013,23.132499999999997,13.85,7.67,10.62
58834,19,10,9,2013,22.6875,14.31,8.31,11.32
58835,19,11,9,2013,22.286666666666665,14.91,8.88,11.98
58836,19,12,9,2013,22.103333333333328,13.83,7.71,10.67
58837,19,13,9,2013,22.93166666666667,14.32,9.03,12.0
58838,19,14,9,2013,24.270833333333332,11.59,8.08,10.11
58839,19,15,9,2013,25.675,10.3,7.54,9.29
58840,19,16,9,2013,27.05416666666667,10.42,7.56,9.34
58841,19,17,9,2013,28.46416666666667,10.21,7.37,9.12
58842,19,18,9,2013,29.517500000000002,8.82,6.33,7.81
58843,19,19,9,2013,29.98833333333334,8.0,5.63,7.04
58844,19,20,9,2013,27.21083333333333,12.79,9.73,12.18
58845,19,21,9,2013,19.892500000000002,10.05,6.5600000000000005,8.43
58846,19,22,9,2013,19.1525,10.33,5.24,7.43
58847,19,23,9,2013,20.493333333333336,10.7,6.37,8.46
58848,20,0,9,2013,20.020833333333336,10.15,6.3100000000000005,8.11
58849,20,1,9,2013,18.235833333333336,11.43,7.58,9.79
58850,20,2,9,2013,17.505833333333335,9.76,5.84,7.8
58851,20,3,9,2013,17.135833333333334,10.03,5.69,7.94
58852,20,4,9,2013,16.4725,9.67,4.75,7.11
58853,20,5,9,2013,16.15416666666667,10.37,4.86,7.45
58854,20,6,9,2013,15.884166666666667,11.78,5.39,8.25
58855,20,7,9,2013,15.499166666666662,11.74,5.22,8.08
58856,20,8,9,2013,15.210000000000003,11.98,5.34,8.3
58857,20,9,9,2013,14.690833333333332,11.81,5.36,8.27
58858,20,10,9,2013,14.105000000000002,11.73,5.29,8.19
58859,20,11,9,2013,13.665833333333333,11.69,5.3100000000000005,8.19
58860,20,12,9,2013,12.943333333333333,10.42,4.68,7.37
58861,20,13,9,2013,13.060833333333335,9.83,4.8,6.88
58862,20,14,9,2013,14.161666666666667,7.85,5.57,6.9
58863,20,15,9,2013,15.575833333333334,8.620000000000001,6.23,7.65
58864,20,16,9,2013,16.64916666666667,8.66,6.29,7.73
58865,20,17,9,2013,17.56416666666667,7.85,5.75,7.01
58866,20,18,9,2013,18.372500000000002,7.41,5.43,6.61
58867,20,19,9,2013,19.093333333333337,7.4,5.4,6.6000000000000005
58868,20,20,9,2013,19.81083333333334,6.84,4.99,6.09
58869,20,21,9,2013,20.140833333333337,6.5600000000000005,4.82,5.88
58870,20,22,9,2013,20.210833333333333,7.29,5.13,6.48
58871,20,23,9,2013,19.462500000000002,8.08,4.33,6.83
58872,21,0,9,2013,17.96916666666667,8.58,3.97,7.33
58873,21,1,9,2013,16.323333333333334,7.47,3.66,6.72
58874,21,2,9,2013,15.801666666666668,7.2,3.15,6.32
58875,21,3,9,2013,14.787500000000001,7.3900000000000015,3.31,6.5200000000000005
58876,21,4,9,2013,14.281666666666668,7.33,3.14,6.24
58877,21,5,9,2013,13.563333333333334,6.79,3.08,5.8500000000000005
58878,21,6,9,2013,12.54,6.09,2.38,4.88
58879,21,7,9,2013,11.831666666666665,4.75,1.61,3.6
58880,21,8,9,2013,11.230833333333331,2.63,1.15,1.87
58881,21,9,9,2013,10.9775,1.2,1.19,1.11
58882,21,10,9,2013,10.440833333333332,0.8200000000000001,1.07,0.63
58883,21,11,9,2013,10.368333333333334,1.18,0.61,1.0
58884,21,12,9,2013,9.839999999999998,2.31,0.59,1.7
58885,21,13,9,2013,10.574166666666668,2.37,1.32,1.61
58886,21,14,9,2013,12.949166666666663,2.53,1.58,1.79
58887,21,15,9,2013,15.410833333333334,2.85,2.35,2.73
58888,21,16,9,2013,17.368333333333336,3.34,2.72,3.17
58889,21,17,9,2013,18.922499999999996,3.43,2.72,3.2
58890,21,18,9,2013,20.125833333333336,3.66,2.89,3.41
58891,21,19,9,2013,21.06666666666667,3.86,3.01,3.5700000000000003
58892,21,20,9,2013,21.783333333333335,4.29,3.31,3.96
58893,21,21,9,2013,22.159166666666668,5.36,4.0600000000000005,4.92
58894,21,22,9,2013,22.18416666666667,5.5600000000000005,3.92,4.98
58895,21,23,9,2013,21.139166666666668,6.3,3.92,5.0600000000000005
58896,22,0,9,2013,19.234166666666663,8.39,3.93,7.45
58897,22,1,9,2013,17.85333333333333,9.79,4.43,7.94
58898,22,2,9,2013,17.335000000000004,11.26,5.25,8.67
58899,22,3,9,2013,16.99,12.05,5.95,9.27
58900,22,4,9,2013,16.5525,12.56,6.34,9.57
58901,22,5,9,2013,16.380000000000003,13.12,6.72,9.97
58902,22,6,9,2013,16.071666666666665,13.46,6.74,10.07
58903,22,7,9,2013,15.53666666666667,12.85,6.55,9.78
58904,22,8,9,2013,15.078333333333333,12.45,6.08,9.26
58905,22,9,9,2013,14.388333333333335,12.26,5.74,8.870000000000003
58906,22,10,9,2013,14.030833333333335,12.06,5.94,8.96
58907,22,11,9,2013,13.671666666666669,11.46,5.98,8.94
58908,22,12,9,2013,13.308333333333335,12.04,6.3900000000000015,9.22
58909,22,13,9,2013,14.286666666666664,11.79,6.48,8.92
58910,22,14,9,2013,15.99,10.43,5.73,7.5
58911,22,15,9,2013,18.399999999999995,8.290000000000001,5.64,6.82
58912,22,16,9,2013,20.411666666666665,8.55,6.3,7.72
58913,22,17,9,2013,21.688333333333333,9.0,6.57,8.08
58914,22,18,9,2013,22.475833333333338,9.32,6.7700000000000005,8.35
58915,22,19,9,2013,22.972499999999997,9.64,6.96,8.620000000000001
58916,22,20,9,2013,23.284166666666664,9.65,6.97,8.63
58917,22,21,9,2013,23.1125,10.15,7.25,9.05
58918,22,22,9,2013,22.6375,10.34,7.24,9.16
58919,22,23,9,2013,21.31083333333333,11.12,6.28,8.290000000000001
58920,23,0,9,2013,18.88,13.74,5.96,9.65
58921,23,1,9,2013,18.395833333333332,13.79,6.22,9.79
58922,23,2,9,2013,17.331666666666667,14.08,6.15,9.75
58923,23,3,9,2013,16.208333333333332,14.22,6.0,9.59
58924,23,4,9,2013,15.208333333333334,13.97,5.95,9.46
58925,23,5,9,2013,14.815,13.87,5.95,9.42
58926,23,6,9,2013,14.209166666666667,13.04,5.54,8.700000000000001
58927,23,7,9,2013,12.786666666666669,13.31,5.33,8.83
58928,23,8,9,2013,12.534166666666666,13.46,6.05,9.45
58929,23,9,9,2013,12.284166666666666,14.4,6.11,9.51
58930,23,10,9,2013,12.463333333333331,14.76,6.7,10.14
58931,23,11,9,2013,11.883333333333333,13.82,6.57,9.7
58932,23,12,9,2013,11.305,13.72,6.92,9.83
58933,23,13,9,2013,12.508333333333335,13.75,7.77,10.53
58934,23,14,9,2013,14.433333333333335,12.31,7.08,8.84
58935,23,15,9,2013,16.65416666666667,10.12,7.41,9.09
58936,23,16,9,2013,18.49416666666667,10.2,7.3900000000000015,9.12
58937,23,17,9,2013,19.965833333333332,11.0,7.9,9.82
58938,23,18,9,2013,21.159166666666668,11.68,8.41,10.43
58939,23,19,9,2013,21.742499999999996,11.79,8.45,10.53
58940,23,20,9,2013,22.2375,11.38,8.03,10.09
58941,23,21,9,2013,22.346666666666664,11.44,8.05,10.12
58942,23,22,9,2013,22.139166666666668,12.47,8.34,10.79
58943,23,23,9,2013,21.08666666666667,14.52,8.22,11.47
58944,24,0,9,2013,19.9925,11.69,5.29,8.11
58945,24,1,9,2013,19.159166666666668,12.77,5.63,8.93
58946,24,2,9,2013,18.580833333333334,13.78,6.74,10.02
58947,24,3,9,2013,17.958333333333332,13.86,7.04,10.3
58948,24,4,9,2013,17.749166666666667,14.28,7.62,10.93
58949,24,5,9,2013,17.480833333333333,13.9,7.49,10.61
58950,24,6,9,2013,16.7925,12.67,6.94,9.51
58951,24,7,9,2013,16.0625,12.37,6.05,8.870000000000003
58952,24,8,9,2013,15.968333333333334,12.78,6.51,9.45
58953,24,9,9,2013,15.1925,12.42,6.12,9.03
58954,24,10,9,2013,14.394999999999998,11.18,5.09,7.85
58955,24,11,9,2013,13.481666666666667,9.62,3.85,6.51
58956,24,12,9,2013,12.439166666666665,7.26,2.64,5.33
58957,24,13,9,2013,13.098333333333336,3.59,1.64,4.3500000000000005
58958,24,14,9,2013,15.3725,1.88,1.48,1.74
58959,24,15,9,2013,17.385,4.2700000000000005,3.42,4.03
58960,24,16,9,2013,18.50166666666667,5.21,3.97,4.7700000000000005
58961,24,17,9,2013,19.658333333333335,5.76,4.38,5.25
58962,24,18,9,2013,20.379166666666666,5.64,4.3,5.16
58963,24,19,9,2013,20.92583333333333,5.8100000000000005,4.39,5.3
58964,24,20,9,2013,21.151666666666667,7.61,5.01,6.67
58965,24,21,9,2013,21.420833333333334,7.24,5.17,6.73
58966,24,22,9,2013,21.77083333333333,6.5600000000000005,4.74,5.86
58967,24,23,9,2013,21.340833333333332,6.5600000000000005,4.69,5.88
58968,25,0,9,2013,19.482499999999998,7.03,3.54,5.71
58969,25,1,9,2013,18.760833333333334,8.38,4.23,7.15
58970,25,2,9,2013,18.160833333333333,9.38,5.05,8.1
58971,25,3,9,2013,16.774166666666666,8.32,3.96,7.15
58972,25,4,9,2013,15.979999999999999,6.01,3.23,6.16
58973,25,5,9,2013,15.735,5.32,3.12,5.86
58974,25,6,9,2013,15.314166666666667,3.96,2.15,3.7
58975,25,7,9,2013,14.564166666666667,3.89,1.92,3.25
58976,25,8,9,2013,13.889999999999999,3.79,1.44,2.77
58977,25,9,9,2013,13.419166666666667,3.64,1.3,2.6
58978,25,10,9,2013,13.151666666666666,3.58,1.07,2.36
58979,25,11,9,2013,12.89,3.4,1.07,2.31
58980,25,12,9,2013,12.740833333333335,3.7,1.33,2.66
58981,25,13,9,2013,13.604166666666666,3.61,1.38,2.61
58982,25,14,9,2013,15.634166666666667,2.61,1.67,1.8
58983,25,15,9,2013,17.024166666666666,2.47,2.26,2.48
58984,25,16,9,2013,19.964166666666667,2.82,2.2,2.58
58985,25,17,9,2013,22.045000000000005,4.5200000000000005,3.5700000000000003,4.21
58986,25,18,9,2013,22.940833333333334,4.79,3.71,4.39
58987,25,19,9,2013,23.87750000000001,5.38,4.14,4.94
58988,25,20,9,2013,24.53833333333333,6.22,4.64,5.62
58989,25,21,9,2013,24.794166666666666,7.0,5.12,6.2700000000000005
58990,25,22,9,2013,24.618333333333336,7.9300000000000015,5.62,7.07
58991,25,23,9,2013,23.563333333333333,9.74,5.4,7.24
58992,26,0,9,2013,21.7075,11.44,5.11,8.32
58993,26,1,9,2013,20.490000000000002,11.91,4.97,8.15
58994,26,2,9,2013,19.860000000000003,12.74,5.47,8.64
58995,26,3,9,2013,19.319166666666668,12.94,5.88,9.02
58996,26,4,9,2013,18.830833333333334,13.72,6.71,9.85
58997,26,5,9,2013,18.477500000000003,14.41,7.41,10.67
58998,26,6,9,2013,18.351666666666667,14.29,7.35,10.58
58999,26,7,9,2013,17.859166666666667,13.9,7.03,10.2
59000,26,8,9,2013,17.51,14.19,7.43,10.61
59001,26,9,9,2013,17.08583333333333,14.86,8.13,11.39
59002,26,10,9,2013,16.867500000000003,15.08,8.32,11.6
59003,26,11,9,2013,16.486666666666668,15.53,8.72,12.03
59004,26,12,9,2013,16.390833333333333,15.56,8.91,12.14
59005,26,13,9,2013,17.309166666666666,15.67,9.84,12.89
59006,26,14,9,2013,18.554166666666667,14.51,8.69,11.38
59007,26,15,9,2013,20.4775,12.81,9.19,11.38
59008,26,16,9,2013,22.4825,12.87,9.35,11.58
59009,26,17,9,2013,24.373333333333335,13.82,9.95,12.38
59010,26,18,9,2013,26.100000000000005,14.31,10.25,12.78
59011,26,19,9,2013,26.728333333333335,14.37,10.29,12.84
59012,26,20,9,2013,27.456666666666663,14.24,10.1,12.67
59013,26,21,9,2013,27.706666666666667,14.39,10.14,12.77
59014,26,22,9,2013,27.675000000000008,14.19,9.84,12.48
59015,26,23,9,2013,26.56833333333334,14.3,8.35,11.08
59016,27,0,9,2013,25.319999999999997,15.11,7.92,11.33
59017,27,1,9,2013,24.38666666666667,15.16,8.02,11.43
59018,27,2,9,2013,23.814999999999998,15.08,8.040000000000001,11.4
59019,27,3,9,2013,23.305833333333336,15.44,8.540000000000001,11.93
59020,27,4,9,2013,22.626666666666665,15.16,8.32,11.66
59021,27,5,9,2013,22.06,14.96,8.24,11.5
59022,27,6,9,2013,21.61916666666667,15.34,8.540000000000001,11.87
59023,27,7,9,2013,21.381666666666664,15.94,9.26,12.6
59024,27,8,9,2013,21.274166666666666,15.93,9.34,12.62
59025,27,9,9,2013,20.761666666666667,15.46,9.14,12.34
59026,27,10,9,2013,20.30666666666666,16.41,9.67,13.07
59027,27,11,9,2013,20.300833333333333,18.67,12.04,15.6
59028,27,12,9,2013,19.296666666666667,16.05,9.28,12.57
59029,27,13,9,2013,19.524166666666666,14.22,8.89,11.69
59030,27,14,9,2013,21.035833333333333,13.62,8.67,10.76
59031,27,15,9,2013,22.584166666666665,11.86,8.620000000000001,10.64
59032,27,16,9,2013,24.168333333333333,11.61,8.49,10.47
59033,27,17,9,2013,25.75916666666667,11.73,8.41,10.48
59034,27,18,9,2013,26.94916666666666,12.72,9.04,11.27
59035,27,19,9,2013,27.74166666666667,13.02,9.17,11.5
59036,27,20,9,2013,28.299166666666668,13.41,9.43,11.87
59037,27,21,9,2013,28.3025,14.29,10.03,12.66
59038,27,22,9,2013,27.8275,14.63,10.1,12.87
59039,27,23,9,2013,26.319166666666664,12.09,7.18,9.67
59040,28,0,9,2013,24.40166666666667,14.76,6.24,9.9
59041,28,1,9,2013,23.073333333333334,14.39,6.2,9.78
59042,28,2,9,2013,22.57166666666667,15.66,7.56,11.21
59043,28,3,9,2013,22.473333333333333,16.14,8.69,12.23
59044,28,4,9,2013,22.18166666666667,16.06,8.75,12.34
59045,28,5,9,2013,21.60833333333333,15.15,8.15,11.33
59046,28,6,9,2013,21.484166666666663,15.44,8.71,11.98
59047,28,7,9,2013,21.271666666666665,15.75,9.33,12.62
59048,28,8,9,2013,21.374166666666667,15.72,9.27,12.55
59049,28,9,9,2013,21.499166666666667,15.98,9.74,12.96
59050,28,10,9,2013,21.31,15.62,9.43,12.63
59051,28,11,9,2013,21.41,14.21,8.700000000000001,11.61
59052,28,12,9,2013,17.93166666666667,12.15,8.84,10.94
59053,28,13,9,2013,14.27166666666667,10.24,7.13,8.88
59054,28,14,9,2013,13.589166666666666,10.45,7.53,8.94
59055,28,15,9,2013,13.532499999999999,8.620000000000001,5.92,7.38
59056,28,16,9,2013,14.034999999999998,8.55,6.11,7.6400000000000015
59057,28,17,9,2013,15.920833333333334,7.75,5.76,6.97
59058,28,18,9,2013,17.385,7.41,5.49,6.66
59059,28,19,9,2013,18.653333333333336,7.98,5.8,7.1000000000000005
59060,28,20,9,2013,19.3,8.11,5.89,7.23
59061,28,21,9,2013,19.513333333333332,7.98,5.75,7.08
59062,28,22,9,2013,19.4375,7.04,5.01,6.18
59063,28,23,9,2013,18.154166666666665,7.51,4.09,5.36
59064,29,0,9,2013,16.128333333333334,8.620000000000001,3.67,7.3
59065,29,1,9,2013,15.353333333333333,8.81,3.89,7.54
59066,29,2,9,2013,14.238333333333335,8.55,3.29,7.1400000000000015
59067,29,3,9,2013,13.977500000000001,5.47,2.58,5.38
59068,29,4,9,2013,13.58416666666667,3.49,1.95,3.16
59069,29,5,9,2013,12.760833333333332,2.2,1.53,1.81
59070,29,6,9,2013,12.829166666666666,2.24,2.32,2.91
59071,29,7,9,2013,11.984166666666667,2.38,3.11,3.87
59072,29,8,9,2013,10.934166666666668,3.34,3.81,5.0
59073,29,9,9,2013,11.253333333333332,3.93,3.91,5.2700000000000005
59074,29,10,9,2013,10.943333333333333,5.44,4.3,6.28
59075,29,11,9,2013,10.180833333333334,6.38,4.67,6.71
59076,29,12,9,2013,10.042499999999999,7.25,4.79,7.15
59077,29,13,9,2013,11.136666666666668,7.51,4.79,7.19
59078,29,14,9,2013,13.420833333333334,7.63,4.32,6.04
59079,29,15,9,2013,16.229166666666668,6.92,4.07,4.8100000000000005
59080,29,16,9,2013,18.580833333333334,5.66,4.21,5.12
59081,29,17,9,2013,19.8,5.45,4.12,4.98
59082,29,18,9,2013,20.599166666666665,5.67,4.2700000000000005,5.16
59083,29,19,9,2013,21.23,5.99,4.48,5.44
59084,29,20,9,2013,21.6275,6.44,4.83,5.88
59085,29,21,9,2013,21.655,6.92,5.34,6.5200000000000005
59086,29,22,9,2013,21.334999999999997,7.33,5.67,6.94
59087,29,23,9,2013,19.768333333333334,8.19,4.14,6.38
59088,30,0,9,2013,17.760833333333334,11.32,4.46,8.09
59089,30,1,9,2013,16.537499999999998,11.86,4.91,8.63
59090,30,2,9,2013,15.840833333333336,12.12,5.3,8.83
59091,30,3,9,2013,15.031666666666668,12.2,5.38,8.92
59092,30,4,9,2013,14.764166666666666,12.66,5.73,9.2
59093,30,5,9,2013,14.285833333333334,12.57,5.66,9.12
59094,30,6,9,2013,14.325000000000001,12.75,5.86,9.33
59095,30,7,9,2013,13.794166666666667,12.77,5.96,9.33
59096,30,8,9,2013,13.204999999999998,12.37,5.66,9.07
59097,30,9,9,2013,12.908333333333331,12.42,5.63,9.09
59098,30,10,9,2013,12.405833333333332,12.36,5.7700000000000005,9.14
59099,30,11,9,2013,11.832500000000001,12.11,5.44,100.0
59100,30,12,9,2013,11.248333333333335,12.13,5.42,100.0
59101,30,13,9,2013,12.063333333333333,11.76,5.46,100.0
59102,30,14,9,2013,13.819999999999999,9.5,5.15,100.0
59103,30,15,9,2013,16.393333333333334,6.95,5.13,100.0
59104,30,16,9,2013,18.581666666666663,6.92,5.22,6.33
59105,30,17,9,2013,20.225833333333334,7.54,5.61,6.84
59106,30,18,9,2013,21.629166666666663,7.82,5.79,7.08
59107,30,19,9,2013,22.5575,8.26,6.05,7.45
59108,30,20,9,2013,23.304166666666664,8.49,6.2,7.66
59109,30,21,9,2013,23.715833333333332,9.31,6.78,8.46
59110,30,22,9,2013,23.499999999999996,9.26,6.61,8.32
59111,30,23,9,2013,21.86,10.88,4.99,8.32
59112,1,0,10,2013,20.069166666666664,13.28,6.19,9.74
59113,1,1,10,2013,19.5975,14.6,7.09,10.7
59114,1,2,10,2013,19.18583333333333,15.16,7.54,11.13
59115,1,3,10,2013,18.821666666666665,15.37,7.5,11.15
59116,1,4,10,2013,18.506666666666668,15.46,7.57,11.2
59117,1,5,10,2013,18.010833333333334,15.43,7.5,11.09
59118,1,6,10,2013,17.635833333333334,15.29,7.05,10.7
59119,1,7,10,2013,17.3825,15.19,6.95,10.6
59120,1,8,10,2013,17.383333333333333,14.7,6.59,10.18
59121,1,9,10,2013,16.8525,14.48,6.26,9.92
59122,1,10,10,2013,16.375000000000004,13.84,5.82,9.48
59123,1,11,10,2013,16.101666666666667,12.84,5.7,9.16
59124,1,12,10,2013,15.807499999999997,12.05,6.29,9.33
59125,1,13,10,2013,16.267500000000002,10.67,5.94,7.91
59126,1,14,10,2013,17.658333333333335,8.86,4.66,6.3500000000000005
59127,1,15,10,2013,19.984166666666663,6.01,4.14,4.83
59128,1,16,10,2013,22.087500000000002,4.0600000000000005,3.18,3.77
59129,1,17,10,2013,23.555833333333336,3.68,2.82,3.36
59130,1,18,10,2013,24.7625,3.2,2.45,2.92
59131,1,19,10,2013,25.73249999999999,2.83,2.18,2.58
59132,1,20,10,2013,26.404999999999998,2.74,2.05,2.47
59133,1,21,10,2013,26.859166666666667,3.09,2.27,2.76
59134,1,22,10,2013,26.821666666666673,3.83,2.84,3.48
59135,1,23,10,2013,25.414166666666663,5.37,1.89,3.78
59136,2,0,10,2013,23.55333333333333,6.23,2.53,4.97
59137,2,1,10,2013,22.560000000000002,9.05,3.5500000000000003,7.74
59138,2,2,10,2013,21.647500000000004,9.9,4.57,8.18
59139,2,3,10,2013,20.920833333333334,9.97,4.55,8.15
59140,2,4,10,2013,20.390833333333337,9.66,4.49,8.040000000000001
59141,2,5,10,2013,19.923333333333336,9.15,4.5200000000000005,7.9300000000000015
59142,2,6,10,2013,19.14416666666667,8.620000000000001,4.17,7.21
59143,2,7,10,2013,18.6025,8.620000000000001,4.17,7.23
59144,2,8,10,2013,18.174166666666668,8.27,4.14,7.05
59145,2,9,10,2013,17.547500000000003,8.61,4.28,7.25
59146,2,10,10,2013,17.054166666666667,9.15,4.38,7.5
59147,2,11,10,2013,16.849166666666665,9.7,5.0,8.07
59148,2,12,10,2013,16.749166666666664,10.47,5.5,8.44
59149,2,13,10,2013,17.13166666666667,10.47,5.76,8.370000000000001
59150,2,14,10,2013,19.066666666666666,9.92,5.09,7.07
59151,2,15,10,2013,21.388333333333335,7.96,4.95,5.92
59152,2,16,10,2013,23.57083333333333,6.67,5.0200000000000005,6.08
59153,2,17,10,2013,25.38333333333333,6.72,5.04,6.11
59154,2,18,10,2013,26.413333333333338,6.59,4.91,5.97
59155,2,19,10,2013,27.12666666666667,7.18,5.34,6.5
59156,2,20,10,2013,27.2825,7.1400000000000015,5.26,6.43
59157,2,21,10,2013,27.317499999999995,7.54,5.41,6.7
59158,2,22,10,2013,26.916666666666668,7.92,5.71,7.16
59159,2,23,10,2013,25.066666666666666,8.71,4.22,6.54
59160,3,0,10,2013,23.110833333333336,10.05,4.09,7.6
59161,3,1,10,2013,22.282500000000002,10.11,4.28,7.76
59162,3,2,10,2013,21.4175,11.98,4.8100000000000005,8.01
59163,3,3,10,2013,20.5525,13.19,5.3100000000000005,8.83
59164,3,4,10,2013,20.074166666666667,12.05,5.6000000000000005,8.86
59165,3,5,10,2013,19.635833333333338,13.16,6.55,9.65
59166,3,6,10,2013,19.018333333333334,12.7,6.24,9.11
59167,3,7,10,2013,19.285833333333336,12.7,6.5200000000000005,9.2
59168,3,8,10,2013,19.381666666666668,12.71,6.92,9.7
59169,3,9,10,2013,19.205,12.6,6.8500000000000005,9.58
59170,3,10,10,2013,19.065833333333334,12.89,7.33,10.04
59171,3,11,10,2013,18.602500000000006,12.35,6.86,9.51
59172,3,12,10,2013,17.59916666666667,10.2,6.63,9.01
59173,3,13,10,2013,17.325,9.81,5.41,7.63
59174,3,14,10,2013,17.47083333333333,6.8900000000000015,4.17,5.65
59175,3,15,10,2013,17.89833333333333,8.56,5.43,6.6000000000000005
59176,3,16,10,2013,19.7675,8.040000000000001,5.97,7.11
59177,3,17,10,2013,22.1525,8.36,6.18,7.54
59178,3,18,10,2013,23.8325,8.82,6.47,7.92
59179,3,19,10,2013,26.15833333333333,10.02,7.17,8.89
59180,3,20,10,2013,27.5475,10.33,7.12,8.950000000000003
59181,3,21,10,2013,28.11916666666667,12.49,9.27,11.5
59182,3,22,10,2013,28.094166666666666,12.13,8.53,10.8
59183,3,23,10,2013,26.854999999999993,11.45,6.3,8.63
59184,4,0,10,2013,25.462500000000002,12.74,6.18,9.34
59185,4,1,10,2013,24.699166666666667,13.32,6.71,9.84
59186,4,2,10,2013,24.03916666666667,13.4,6.82,9.87
59187,4,3,10,2013,23.41,13.49,6.8500000000000005,9.93
59188,4,4,10,2013,22.719166666666666,13.16,6.76,9.65
59189,4,5,10,2013,22.12583333333333,13.33,6.74,9.73
59190,4,6,10,2013,21.573333333333334,13.03,6.61,9.53
59191,4,7,10,2013,21.401666666666667,13.48,7.0600000000000005,10.04
59192,4,8,10,2013,21.045833333333334,13.87,7.3,10.38
59193,4,9,10,2013,20.815833333333334,13.65,7.1400000000000015,10.15
59194,4,10,10,2013,20.754166666666663,13.62,7.37,10.33
59195,4,11,10,2013,20.885833333333327,14.59,7.62,10.79
59196,4,12,10,2013,21.029999999999998,14.61,8.43,11.53
59197,4,13,10,2013,22.111666666666665,15.65,8.89,12.17
59198,4,14,10,2013,22.2775,13.96,8.84,11.55
59199,4,15,10,2013,24.138333333333335,13.96,9.65,12.11
59200,4,16,10,2013,25.185833333333335,13.51,9.54,11.94
59201,4,17,10,2013,26.458333333333332,13.26,9.33,11.7
59202,4,18,10,2013,27.899166666666662,12.73,8.76,10.96
59203,4,19,10,2013,28.911666666666665,13.41,9.25,11.69
59204,4,20,10,2013,29.584166666666672,13.87,9.51,12.04
59205,4,21,10,2013,29.954166666666662,14.37,9.73,12.49
59206,4,22,10,2013,29.52666666666667,13.89,9.41,12.03
59207,4,23,10,2013,28.159166666666664,14.15,7.35,10.43
59208,5,0,10,2013,27.2375,14.55,7.57,10.83
59209,5,1,10,2013,24.201666666666664,14.15,9.81,12.58
59210,5,2,10,2013,19.723333333333333,12.7,7.66,10.39
59211,5,3,10,2013,17.115000000000002,12.14,7.59,10.02
59212,5,4,10,2013,14.975833333333334,10.24,6.5,8.5
59213,5,5,10,2013,12.951666666666668,13.64,9.83,12.05
59214,5,6,10,2013,11.0725,12.52,8.91,11.0
59215,5,7,10,2013,9.904166666666667,11.89,8.540000000000001,10.6
59216,5,8,10,2013,9.402500000000002,10.99,7.88,9.74
59217,5,9,10,2013,8.518333333333333,10.15,6.45,8.45
59218,5,10,10,2013,7.647499999999998,10.28,7.09,8.9
59219,5,11,10,2013,6.984166666666667,10.08,7.0200000000000005,8.81
59220,5,12,10,2013,6.514166666666667,9.6,5.93,7.74
59221,5,13,10,2013,6.360833333333333,9.62,6.19,7.87
59222,5,14,10,2013,7.224166666666666,9.9,7.03,8.76
59223,5,15,10,2013,7.976666666666667,9.79,6.98,8.69
59224,5,16,10,2013,9.718333333333332,9.63,6.97,8.57
59225,5,17,10,2013,10.726666666666667,10.13,7.34,9.03
59226,5,18,10,2013,11.548333333333334,10.08,7.29,8.950000000000003
59227,5,19,10,2013,12.378333333333336,11.51,8.17,10.19
59228,5,20,10,2013,12.835,11.84,8.44,10.44
59229,5,21,10,2013,12.924166666666666,12.08,8.43,10.57
59230,5,22,10,2013,12.699166666666668,11.97,8.11,10.33
59231,5,23,10,2013,11.96,13.27,8.64,11.28
59232,6,0,10,2013,10.333333333333334,10.93,4.34,7.12
59233,6,1,10,2013,9.301666666666668,10.64,4.32,7.16
59234,6,2,10,2013,8.723333333333334,12.16,4.91,7.8
59235,6,3,10,2013,7.729166666666668,16.44,10.22,13.56
59236,6,4,10,2013,6.535,15.02,9.06,12.08
59237,6,5,10,2013,5.71,13.19,7.16,9.99
59238,6,6,10,2013,5.241666666666666,11.66,6.71,9.23
59239,6,7,10,2013,4.760000000000001,12.32,6.55,9.22
59240,6,8,10,2013,4.290833333333334,11.61,6.3100000000000005,8.8
59241,6,9,10,2013,3.9958333333333336,12.11,6.6000000000000005,9.22
59242,6,10,10,2013,3.9766666666666666,12.64,7.0200000000000005,9.73
59243,6,11,10,2013,4.089166666666666,13.23,7.97,11.06
59244,6,12,10,2013,5.059166666666667,13.47,7.96,11.08
59245,6,13,10,2013,6.261666666666668,13.14,8.64,11.17
59246,6,14,10,2013,6.549166666666667,11.4,7.04,8.92
59247,6,15,10,2013,7.774166666666666,10.82,7.65,9.5
59248,6,16,10,2013,8.586666666666664,10.56,7.51,9.36
59249,6,17,10,2013,10.075833333333334,10.87,7.6400000000000015,9.61
59250,6,18,10,2013,11.515,10.87,7.58,9.5
59251,6,19,10,2013,12.287500000000001,11.2,7.83,9.82
59252,6,20,10,2013,12.603333333333333,11.89,8.33,10.5
59253,6,21,10,2013,13.122500000000002,12.41,8.63,10.96
59254,6,22,10,2013,13.230000000000002,12.5,8.63,11.0
59255,6,23,10,2013,12.424999999999999,12.31,8.44,10.77
59256,7,0,10,2013,11.240833333333333,10.57,4.95,7.88
59257,7,1,10,2013,10.885833333333332,11.25,4.45,7.75
59258,7,2,10,2013,10.728333333333332,12.89,5.5,8.93
59259,7,3,10,2013,9.430833333333334,13.06,4.74,8.4
59260,7,4,10,2013,9.139166666666666,13.6,5.73,9.38
59261,7,5,10,2013,9.434166666666668,14.52,6.3,10.11
59262,7,6,10,2013,8.748333333333335,13.79,4.9,8.94
59263,7,7,10,2013,8.475833333333334,12.9,4.67,8.44
59264,7,8,10,2013,8.74,12.65,5.73,9.1
59265,7,9,10,2013,8.4425,11.76,5.32,8.58
59266,7,10,10,2013,7.305833333333333,9.99,4.15,7.53
59267,7,11,10,2013,6.608333333333333,8.26,4.34,7.07
59268,7,12,10,2013,6.5075,7.5,4.47,7.07
59269,7,13,10,2013,6.959166666666666,7.57,4.64,6.93
59270,7,14,10,2013,10.029166666666667,7.25,3.86,5.55
59271,7,15,10,2013,12.75,5.21,3.56,4.09
59272,7,16,10,2013,15.2475,5.5,4.26,5.09
59273,7,17,10,2013,17.459999999999997,5.46,4.14,4.99
59274,7,18,10,2013,19.090000000000003,5.94,4.47,5.41
59275,7,19,10,2013,20.15666666666667,6.0600000000000005,4.53,5.5
59276,7,20,10,2013,20.934166666666666,6.05,4.5200000000000005,5.48
59277,7,21,10,2013,21.421666666666667,6.08,4.42,5.42
59278,7,22,10,2013,21.343333333333334,6.69,4.47,5.67
59279,7,23,10,2013,19.578333333333337,8.09,3.7,6.63
59280,8,0,10,2013,17.9025,9.82,4.57,8.2
59281,8,1,10,2013,17.589166666666667,9.85,4.65,8.24
59282,8,2,10,2013,16.95666666666667,12.21,5.44,9.05
59283,8,3,10,2013,16.674166666666668,13.25,5.82,9.54
59284,8,4,10,2013,15.280833333333334,13.82,6.0200000000000005,9.51
59285,8,5,10,2013,14.67416666666667,14.0,6.1400000000000015,9.67
59286,8,6,10,2013,14.2475,13.89,6.36,9.78
59287,8,7,10,2013,13.921666666666667,14.34,6.6000000000000005,10.05
59288,8,8,10,2013,13.84666666666667,14.87,6.91,10.48
59289,8,9,10,2013,13.9275,15.1,7.21,10.71
59290,8,10,10,2013,13.041666666666666,15.39,7.38,10.89
59291,8,11,10,2013,12.734166666666669,15.45,7.66,11.12
59292,8,12,10,2013,12.221666666666666,15.81,7.95,11.48
59293,8,13,10,2013,12.974166666666667,15.86,8.92,11.91
59294,8,14,10,2013,15.039166666666665,14.16,8.65,11.52
59295,8,15,10,2013,16.256666666666664,11.93,8.53,10.57
59296,8,16,10,2013,18.208333333333332,11.3,8.19,10.15
59297,8,17,10,2013,20.076666666666668,11.94,8.58,10.68
59298,8,18,10,2013,21.36333333333334,12.09,8.68,10.81
59299,8,19,10,2013,22.2925,12.15,8.61,10.73
59300,8,20,10,2013,22.646666666666665,12.27,8.67,10.85
59301,8,21,10,2013,22.560833333333335,12.4,8.71,10.97
59302,8,22,10,2013,21.892500000000002,12.75,8.81,11.22
59303,8,23,10,2013,20.25333333333333,12.81,6.92,9.87
59304,9,0,10,2013,18.570833333333333,14.68,7.25,10.74
59305,9,1,10,2013,17.934166666666666,15.08,7.66,11.15
59306,9,2,10,2013,17.127499999999994,15.52,7.99,11.51
59307,9,3,10,2013,16.551666666666666,15.76,8.24,11.79
59308,9,4,10,2013,15.578333333333335,15.3,8.01,11.43
59309,9,5,10,2013,14.950833333333334,14.7,7.65,10.95
59310,9,6,10,2013,14.3975,15.33,8.1,11.47
59311,9,7,10,2013,14.133333333333333,15.38,8.21,11.58
59312,9,8,10,2013,13.3525,15.18,8.120000000000001,11.47
59313,9,9,10,2013,12.660833333333334,15.05,7.9,11.22
59314,9,10,10,2013,12.437500000000002,15.26,8.040000000000001,11.4
59315,9,11,10,2013,12.463333333333333,16.330000000000002,9.13,12.59
59316,9,12,10,2013,12.155000000000001,16.38,9.22,12.67
59317,9,13,10,2013,11.878333333333332,15.59,8.92,11.96
59318,9,14,10,2013,12.939166666666665,13.13,7.12,10.21
59319,9,15,10,2013,14.865,9.22,6.43,7.95
59320,9,16,10,2013,16.881666666666664,7.96,5.94,7.24
59321,9,17,10,2013,18.702499999999997,8.76,6.51,7.96
59322,9,18,10,2013,20.314166666666665,8.870000000000003,6.57,8.040000000000001
59323,9,19,10,2013,21.485833333333332,9.28,6.8100000000000005,8.370000000000001
59324,9,20,10,2013,22.195000000000004,9.5,6.95,8.57
59325,9,21,10,2013,22.345,10.04,7.24,9.01
59326,9,22,10,2013,22.049999999999997,9.89,7.07,8.84
59327,9,23,10,2013,20.4225,11.47,5.63,8.06
59328,10,0,10,2013,18.876666666666665,12.98,6.0,9.4
59329,10,1,10,2013,17.116666666666664,13.68,5.34,8.870000000000003
59330,10,2,10,2013,16.971666666666664,14.01,6.29,9.77
59331,10,3,10,2013,16.049166666666665,13.71,6.21,9.54
59332,10,4,10,2013,15.395833333333334,13.78,6.3100000000000005,9.62
59333,10,5,10,2013,14.873333333333335,14.37,6.41,9.75
59334,10,6,10,2013,14.89,14.24,6.74,9.67
59335,10,7,10,2013,15.218333333333334,13.45,6.68,9.57
59336,10,8,10,2013,15.351666666666668,13.24,6.58,9.43
59337,10,9,10,2013,15.361666666666666,13.17,6.74,9.57
59338,10,10,10,2013,14.909999999999998,12.79,6.2700000000000005,9.04
59339,10,11,10,2013,14.530833333333332,12.85,6.0200000000000005,8.88
59340,10,12,10,2013,13.758333333333333,13.44,6.28,9.51
59341,10,13,10,2013,13.876666666666667,13.48,7.35,9.88
59342,10,14,10,2013,14.835,12.4,6.63,9.16
59343,10,15,10,2013,16.806666666666665,8.86,5.68,6.84
59344,10,16,10,2013,18.99,8.09,6.09,7.3900000000000015
59345,10,17,10,2013,20.769166666666667,9.29,6.8500000000000005,8.39
59346,10,18,10,2013,22.284166666666664,10.07,7.32,9.03
59347,10,19,10,2013,23.3175,10.61,7.66,9.47
59348,10,20,10,2013,23.976666666666663,11.24,8.01,9.99
59349,10,21,10,2013,24.065833333333334,11.44,8.03,10.1
59350,10,22,10,2013,23.55333333333333,11.48,7.98,10.1
59351,10,23,10,2013,21.910833333333333,12.22,6.5,8.89
59352,11,0,10,2013,20.500000000000004,14.39,7.36,10.72
59353,11,1,10,2013,19.49166666666667,14.19,7.28,10.57
59354,11,2,10,2013,18.465833333333332,14.33,7.17,10.46
59355,11,3,10,2013,18.229166666666664,14.55,7.43,10.72
59356,11,4,10,2013,17.77,15.66,8.48,11.92
59357,11,5,10,2013,16.813333333333333,15.53,8.370000000000001,11.77
59358,11,6,10,2013,17.203333333333333,15.56,9.1,12.28
59359,11,7,10,2013,17.073333333333334,15.4,8.3,11.66
59360,11,8,10,2013,15.721666666666664,13.78,6.98,10.22
59361,11,9,10,2013,15.505833333333333,16.0,9.52,12.81
59362,11,10,10,2013,15.744166666666667,15.44,9.29,12.45
59363,11,11,10,2013,15.668333333333335,14.63,8.870000000000003,11.81
59364,11,12,10,2013,15.018333333333333,14.69,9.57,12.45
59365,11,13,10,2013,15.0075,14.35,9.51,12.24
59366,11,14,10,2013,15.988333333333335,13.88,8.700000000000001,10.86
59367,11,15,10,2013,17.895000000000003,12.84,9.38,11.6
59368,11,16,10,2013,19.253333333333334,11.97,8.71,10.82
59369,11,17,10,2013,20.700833333333332,12.64,8.91,11.08
59370,11,18,10,2013,22.055833333333336,13.46,9.64,12.01
59371,11,19,10,2013,23.7975,13.43,9.48,11.79
59372,11,20,10,2013,24.826666666666668,13.67,9.59,12.1
59373,11,21,10,2013,25.144166666666667,13.61,9.52,11.99
59374,11,22,10,2013,25.251666666666665,11.74,8.02,10.16
59375,11,23,10,2013,23.058333333333334,11.36,5.93,8.8
59376,12,0,10,2013,20.437499999999996,10.55,3.26,6.66
59377,12,1,10,2013,19.104166666666668,15.15,5.45,9.72
59378,12,2,10,2013,17.472500000000004,15.75,9.07,12.46
59379,12,3,10,2013,15.720833333333333,14.2,7.81,10.95
59380,12,4,10,2013,14.020833333333334,11.29,4.43,7.37
59381,12,5,10,2013,13.055833333333334,10.53,3.45,6.51
59382,12,6,10,2013,12.347499999999998,8.32,2.32,5.16
59383,12,7,10,2013,11.776666666666666,8.5,1.75,4.44
59384,12,8,10,2013,11.584166666666667,12.34,4.67,8.59
59385,12,9,10,2013,10.983333333333333,11.57,4.29,7.95
59386,12,10,10,2013,10.47,14.24,4.8500000000000005,8.870000000000003
59387,12,11,10,2013,10.578333333333333,14.27,5.62,9.28
59388,12,12,10,2013,9.978333333333333,13.22,4.95,8.63
59389,12,13,10,2013,10.169166666666667,12.49,6.3900000000000015,8.69
59390,12,14,10,2013,11.813333333333334,10.57,6.23,8.35
59391,12,15,10,2013,13.020833333333334,7.32,5.3100000000000005,6.49
59392,12,16,10,2013,14.529166666666663,7.17,5.3,6.46
59393,12,17,10,2013,15.428333333333333,6.76,5.0600000000000005,6.12
59394,12,18,10,2013,16.165,6.48,4.84,5.86
59395,12,19,10,2013,16.864166666666666,6.13,4.5600000000000005,5.51
59396,12,20,10,2013,17.366666666666664,5.58,4.19,5.04
59397,12,21,10,2013,17.570833333333336,4.98,3.72,4.49
59398,12,22,10,2013,17.379166666666674,5.34,3.96,4.84
59399,12,23,10,2013,15.995833333333335,6.0,2.9,5.4
59400,13,0,10,2013,14.784166666666666,6.0,2.77,5.07
59401,13,1,10,2013,13.930000000000001,5.72,2.22,4.66
59402,13,2,10,2013,12.968333333333334,5.15,2.06,4.2
59403,13,3,10,2013,12.503333333333336,4.11,1.53,2.93
59404,13,4,10,2013,11.835000000000003,4.57,1.88,3.52
59405,13,5,10,2013,11.290833333333333,4.48,2.14,3.86
59406,13,6,10,2013,10.284166666666666,4.28,2.08,3.72
59407,13,7,10,2013,9.234166666666667,4.5600000000000005,1.39,2.92
59408,13,8,10,2013,8.829166666666667,4.5,1.36,2.87
59409,13,9,10,2013,8.543333333333331,4.3,1.05,2.49
59410,13,10,10,2013,7.720833333333332,4.7,1.5,3.11
59411,13,11,10,2013,6.823333333333334,4.88,1.43,2.99
59412,13,12,10,2013,6.2366666666666655,5.8500000000000005,1.59,3.5
59413,13,13,10,2013,6.217500000000001,5.89,2.02,3.49
59414,13,14,10,2013,8.238333333333335,6.04,2.33,3.52
59415,13,15,10,2013,11.035000000000002,5.45,2.98,3.47
59416,13,16,10,2013,14.016666666666667,4.8500000000000005,3.73,4.43
59417,13,17,10,2013,16.269166666666667,6.5600000000000005,4.95,5.95
59418,13,18,10,2013,17.485833333333336,6.73,5.08,6.12
59419,13,19,10,2013,18.28166666666667,6.84,5.17,6.22
59420,13,20,10,2013,18.754166666666666,7.09,5.29,6.41
59421,13,21,10,2013,18.96083333333333,7.48,5.51,6.75
59422,13,22,10,2013,18.603333333333335,7.99,5.69,7.13
59423,13,23,10,2013,16.89416666666667,10.22,4.32,7.81
59424,14,0,10,2013,14.794999999999996,11.4,4.23,7.76
59425,14,1,10,2013,13.390833333333333,11.86,3.89,7.49
59426,14,2,10,2013,12.854999999999999,12.73,4.49,8.21
59427,14,3,10,2013,12.361666666666665,13.19,4.75,8.44
59428,14,4,10,2013,11.699999999999998,12.9,4.36,8.02
59429,14,5,10,2013,11.546666666666667,13.03,4.84,8.26
59430,14,6,10,2013,11.163333333333334,13.31,5.5600000000000005,8.82
59431,14,7,10,2013,10.771666666666668,13.19,5.5,8.75
59432,14,8,10,2013,10.660833333333334,12.88,5.8,8.69
59433,14,9,10,2013,10.985,13.0,7.26,9.97
59434,14,10,10,2013,11.171666666666667,13.01,7.4,10.06
59435,14,11,10,2013,11.411666666666664,12.39,6.99,9.5
59436,14,12,10,2013,11.891666666666667,11.88,6.99,9.33
59437,14,13,10,2013,11.813333333333333,11.38,6.72,9.01
59438,14,14,10,2013,11.395000000000001,11.6,7.33,9.56
59439,14,15,10,2013,12.24,11.81,8.040000000000001,10.04
59440,14,16,10,2013,11.832500000000001,11.63,8.16,10.18
59441,14,17,10,2013,11.669166666666667,11.93,8.13,10.28
59442,14,18,10,2013,12.162500000000001,11.8,8.01,10.13
59443,14,19,10,2013,12.531666666666666,12.05,8.57,10.64
59444,14,20,10,2013,11.935833333333335,13.16,8.5,10.9
59445,14,21,10,2013,12.218333333333334,14.62,9.46,12.14
59446,14,22,10,2013,12.648333333333335,15.68,9.88,12.86
59447,14,23,10,2013,13.245833333333335,15.56,10.46,13.22
59448,15,0,10,2013,13.805833333333332,18.06,12.73,16.04
59449,15,1,10,2013,13.918333333333335,14.0,9.16,11.88
59450,15,2,10,2013,14.022499999999999,13.74,8.790000000000001,11.42
59451,15,3,10,2013,14.040000000000001,11.68,6.8,9.45
59452,15,4,10,2013,14.531666666666665,11.34,6.2700000000000005,8.65
59453,15,5,10,2013,14.862499999999999,10.38,5.98,8.13
59454,15,6,10,2013,14.564166666666665,8.950000000000003,5.16,7.01
59455,15,7,10,2013,13.204166666666666,10.35,5.66,7.52
59456,15,8,10,2013,10.605833333333333,13.45,7.13,9.86
59457,15,9,10,2013,9.695833333333331,13.93,7.3900000000000015,10.37
59458,15,10,10,2013,8.475833333333332,12.13,6.19,8.73
59459,15,11,10,2013,7.645833333333333,12.24,6.19,8.84
59460,15,12,10,2013,6.968333333333333,12.7,6.6400000000000015,9.38
59461,15,13,10,2013,6.663333333333334,12.89,7.7,10.26
59462,15,14,10,2013,7.158333333333334,12.72,8.46,10.58
59463,15,15,10,2013,7.906666666666666,12.02,8.52,10.6
59464,15,16,10,2013,8.775833333333336,11.36,8.120000000000001,10.02
59465,15,17,10,2013,9.705,11.31,8.1,10.0
59466,15,18,10,2013,10.5925,10.93,7.82,9.64
59467,15,19,10,2013,11.266666666666666,11.05,7.9,9.76
59468,15,20,10,2013,11.666666666666666,11.28,8.02,9.95
59469,15,21,10,2013,11.851666666666668,10.96,7.75,9.63
59470,15,22,10,2013,11.673333333333334,10.82,7.53,9.43
59471,15,23,10,2013,10.594166666666668,9.52,6.11,7.88
59472,16,0,10,2013,9.2025,10.62,4.82,7.42
59473,16,1,10,2013,8.428333333333333,10.31,4.61,7.24
59474,16,2,10,2013,7.584166666666667,11.35,4.46,7.1400000000000015
59475,16,3,10,2013,6.976666666666667,10.96,4.78,7.42
59476,16,4,10,2013,6.4766666666666675,11.11,5.26,7.81
59477,16,5,10,2013,5.9383333333333335,11.47,5.3500000000000005,7.91
59478,16,6,10,2013,5.530833333333334,10.99,5.29,7.78
59479,16,7,10,2013,5.054166666666666,10.65,5.0600000000000005,7.52
59480,16,8,10,2013,4.675,11.17,5.32,7.85
59481,16,9,10,2013,4.491666666666668,11.33,5.61,8.14
59482,16,10,10,2013,5.6525,7.77,3.83,5.65
59483,16,11,10,2013,5.880833333333334,10.6,7.17,9.1
59484,16,12,10,2013,5.987500000000001,8.43,5.67,7.21
59485,16,13,10,2013,6.028333333333332,6.54,3.67,5.19
59486,16,14,10,2013,6.075,5.68,4.2,5.15
59487,16,15,10,2013,6.883333333333333,5.72,4.25,5.14
59488,16,16,10,2013,8.283333333333333,6.17,4.57,5.55
59489,16,17,10,2013,9.355833333333333,6.12,4.54,5.5
59490,16,18,10,2013,10.399999999999999,5.75,4.28,5.16
59491,16,19,10,2013,11.25,5.32,3.99,4.79
59492,16,20,10,2013,11.85,5.4,4.0600000000000005,4.88
59493,16,21,10,2013,12.1725,4.75,3.52,4.25
59494,16,22,10,2013,12.1775,4.46,3.29,3.99
59495,16,23,10,2013,11.338333333333333,4.14,2.52,3.23
59496,17,0,10,2013,10.190833333333334,3.84,1.43,2.97
59497,17,1,10,2013,10.028333333333334,3.85,1.67,3.52
59498,17,2,10,2013,9.574166666666668,3.81,2.11,3.58
59499,17,3,10,2013,9.314166666666667,4.33,2.45,3.95
59500,17,4,10,2013,8.951666666666666,5.94,3.29,5.0600000000000005
59501,17,5,10,2013,8.518333333333334,6.49,3.3200000000000003,5.59
59502,17,6,10,2013,8.1425,7.6,3.69,6.21
59503,17,7,10,2013,7.686666666666667,8.51,4.09,6.5
59504,17,8,10,2013,7.3875,10.38,4.5600000000000005,7.32
59505,17,9,10,2013,7.230833333333333,10.99,5.0200000000000005,7.88
59506,17,10,10,2013,6.436666666666667,11.75,5.34,8.370000000000001
59507,17,11,10,2013,5.891666666666667,11.86,5.44,8.43
59508,17,12,10,2013,5.398333333333333,12.14,5.8,8.77
59509,17,13,10,2013,5.581666666666667,11.98,6.2700000000000005,8.9
59510,17,14,10,2013,7.0225,10.37,6.15,8.040000000000001
59511,17,15,10,2013,9.194166666666666,8.07,5.5200000000000005,6.58
59512,17,16,10,2013,11.286666666666667,7.2,5.58,6.68
59513,17,17,10,2013,13.166666666666666,7.01,5.32,6.42
59514,17,18,10,2013,14.58333333333333,6.5200000000000005,4.87,5.9
59515,17,19,10,2013,15.415833333333333,7.0200000000000005,5.09,6.24
59516,17,20,10,2013,15.703333333333333,7.45,5.42,6.65
59517,17,21,10,2013,15.578333333333333,7.58,5.4,6.7
59518,17,22,10,2013,15.118333333333334,8.22,5.62,7.15
59519,17,23,10,2013,13.4425,9.88,4.17,6.8100000000000005
59520,18,0,10,2013,11.586666666666666,12.35,5.94,8.64
59521,18,1,10,2013,9.827499999999999,11.7,6.09,8.69
59522,18,2,10,2013,8.471666666666666,11.34,6.12,8.55
59523,18,3,10,2013,7.642500000000001,11.77,5.96,8.52
59524,18,4,10,2013,7.1475,9.85,4.78,7.15
59525,18,5,10,2013,7.0425,10.81,5.42,7.96
59526,18,6,10,2013,6.556666666666666,10.3,5.01,7.48
59527,18,7,10,2013,6.317499999999999,11.19,6.23,8.67
59528,18,8,10,2013,5.565833333333334,9.8,5.1000000000000005,7.25
59529,18,9,10,2013,4.988333333333333,9.82,5.07,7.21
59530,18,10,10,2013,4.6433333333333335,9.64,5.73,7.6400000000000015
59531,18,11,10,2013,4.835833333333333,9.79,6.29,8.14
59532,18,12,10,2013,4.9191666666666665,8.08,5.2700000000000005,6.8100000000000005
59533,18,13,10,2013,4.956666666666668,6.88,4.38,5.69
59534,18,14,10,2013,5.1641666666666675,5.9,3.93,4.8100000000000005
59535,18,15,10,2013,5.760833333333333,5.63,4.08,5.0
59536,18,16,10,2013,6.584166666666667,5.73,4.21,5.13
59537,18,17,10,2013,7.181666666666666,5.54,4.08,4.96
59538,18,18,10,2013,7.831666666666666,4.25,3.19,3.83
59539,18,19,10,2013,8.479999999999999,4.42,3.3000000000000003,3.97
59540,18,20,10,2013,9.016666666666666,4.67,3.48,4.21
59541,18,21,10,2013,9.243333333333332,4.86,3.56,4.34
59542,18,22,10,2013,9.373333333333333,4.4,3.09,3.84
59543,18,23,10,2013,8.960833333333335,3.89,2.48,3.24
59544,19,0,10,2013,8.3375,4.37,1.55,3.33
59545,19,1,10,2013,7.607500000000001,5.87,2.82,5.22
59546,19,2,10,2013,6.715833333333333,4.87,3.7,6.04
59547,19,3,10,2013,4.735833333333334,11.34,5.32,8.14
59548,19,4,10,2013,4.21,11.93,5.8100000000000005,8.59
59549,19,5,10,2013,3.8575,11.98,5.88,8.59
59550,19,6,10,2013,3.404166666666667,11.58,5.83,8.47
59551,19,7,10,2013,3.151666666666667,11.25,5.76,8.370000000000001
59552,19,8,10,2013,2.8799999999999994,10.55,5.4,7.85
59553,19,9,10,2013,2.704166666666667,10.44,5.55,7.98
59554,19,10,10,2013,2.4625000000000004,10.2,5.29,7.82
59555,19,11,10,2013,2.3658333333333332,10.76,5.66,8.22
59556,19,12,10,2013,2.369166666666667,11.4,6.09,8.67
59557,19,13,10,2013,2.7541666666666664,11.76,6.48,8.75
59558,19,14,10,2013,4.4675,10.54,6.36,8.41
59559,19,15,10,2013,6.859999999999999,9.14,5.87,7.0200000000000005
59560,19,16,10,2013,9.510000000000002,7.97,6.09,7.34
59561,19,17,10,2013,11.685833333333333,8.69,6.43,7.82
59562,19,18,10,2013,13.425000000000002,9.44,6.8500000000000005,8.43
59563,19,19,10,2013,14.675833333333335,9.73,7.0600000000000005,8.68
59564,19,20,10,2013,15.615,9.43,6.76,8.34
59565,19,21,10,2013,16.154999999999998,9.04,6.3900000000000015,7.97
59566,19,22,10,2013,16.074166666666667,8.24,5.58,7.07
59567,19,23,10,2013,14.415833333333332,8.33,4.34,7.23
59568,20,0,10,2013,13.179166666666665,10.94,4.6000000000000005,8.08
59569,20,1,10,2013,12.299999999999999,10.93,4.71,8.19
59570,20,2,10,2013,11.782499999999999,10.81,4.78,8.25
59571,20,3,10,2013,11.318333333333333,12.08,5.48,8.91
59572,20,4,10,2013,10.705,12.07,5.67,8.98
59573,20,5,10,2013,10.345833333333333,11.31,5.84,9.04
59574,20,6,10,2013,10.075000000000001,11.85,6.0200000000000005,9.37
59575,20,7,10,2013,10.195000000000002,12.59,6.3100000000000005,9.68
59576,20,8,10,2013,10.007499999999999,14.74,7.79,11.33
59577,20,9,10,2013,9.867499999999998,14.84,7.88,11.36
59578,20,10,10,2013,9.721666666666666,15.59,8.01,11.49
59579,20,11,10,2013,10.006666666666668,14.85,7.49,10.77
59580,20,12,10,2013,9.816666666666665,13.74,7.25,10.3
59581,20,13,10,2013,9.731666666666666,14.1,7.49,10.58
59582,20,14,10,2013,10.605833333333335,12.14,7.38,9.6
59583,20,15,10,2013,11.977500000000001,10.02,6.42,8.1
59584,20,16,10,2013,13.554999999999998,6.72,5.29,6.2700000000000005
59585,20,17,10,2013,15.2275,5.21,4.23,4.96
59586,20,18,10,2013,16.535833333333333,4.4,3.36,4.01
59587,20,19,10,2013,17.286666666666665,4.3,3.29,3.93
59588,20,20,10,2013,17.709166666666665,5.68,4.16,5.08
59589,20,21,10,2013,17.5025,7.15,5.15,6.3900000000000015
59590,20,22,10,2013,16.81666666666667,6.76,4.91,6.09
59591,20,23,10,2013,16.121666666666666,9.25,4.2700000000000005,6.57
59592,21,0,10,2013,15.387500000000001,9.8,5.33,7.5
59593,21,1,10,2013,14.8575,10.8,6.2700000000000005,8.620000000000001
59594,21,2,10,2013,13.325000000000001,10.64,5.98,8.26
59595,21,3,10,2013,12.060833333333335,10.16,5.8500000000000005,7.96
59596,21,4,10,2013,11.062500000000002,9.74,5.59,7.6
59597,21,5,10,2013,9.968333333333334,9.34,5.2700000000000005,7.22
59598,21,6,10,2013,9.060833333333333,7.61,3.88,5.58
59599,21,7,10,2013,7.579166666666666,10.17,5.08,7.36
59600,21,8,10,2013,6.258333333333334,10.45,5.03,7.3900000000000015
59601,21,9,10,2013,5.409166666666667,10.03,4.5600000000000005,6.75
59602,21,10,10,2013,4.366666666666666,8.78,3.92,6.3100000000000005
59603,21,11,10,2013,3.7741666666666673,8.15,3.45,6.04
59604,21,12,10,2013,3.111666666666667,7.74,2.84,5.41
59605,21,13,10,2013,2.7416666666666667,6.6000000000000005,2.66,4.87
59606,21,14,10,2013,4.109999999999999,4.96,2.31,3.38
59607,21,15,10,2013,5.675,4.48,3.25,3.97
59608,21,16,10,2013,6.8066666666666675,4.3,3.22,3.87
59609,21,17,10,2013,7.927500000000001,4.0600000000000005,3.0500000000000003,3.65
59610,21,18,10,2013,9.046666666666667,4.41,3.33,3.99
59611,21,19,10,2013,10.0775,5.0600000000000005,3.76,4.54
59612,21,20,10,2013,11.0025,5.73,4.23,5.13
59613,21,21,10,2013,11.733333333333333,7.0,5.08,6.24
59614,21,22,10,2013,12.049999999999999,6.97,4.71,6.03
59615,21,23,10,2013,11.070833333333333,6.49,3.46,5.0200000000000005
59616,22,0,10,2013,10.074166666666668,6.87,3.42,5.79
59617,22,1,10,2013,9.763333333333334,8.76,3.92,6.67
59618,22,2,10,2013,9.269166666666665,10.11,4.34,7.52
59619,22,3,10,2013,9.090000000000002,11.27,4.64,7.95
59620,22,4,10,2013,9.259166666666667,11.74,5.36,8.57
59621,22,5,10,2013,9.0325,12.4,5.69,8.91
59622,22,6,10,2013,8.875833333333333,12.68,6.17,9.27
59623,22,7,10,2013,8.588333333333336,12.77,6.3100000000000005,9.31
59624,22,8,10,2013,8.596666666666666,11.89,5.94,8.51
59625,22,9,10,2013,7.636666666666667,9.3,4.5600000000000005,7.03
59626,22,10,10,2013,7.264166666666667,9.64,4.55,7.35
59627,22,11,10,2013,6.985,11.13,4.7,7.88
59628,22,12,10,2013,6.538333333333333,11.56,4.8100000000000005,7.86
59629,22,13,10,2013,6.299166666666667,11.98,5.94,8.15
59630,22,14,10,2013,8.801666666666668,10.32,6.78,8.42
59631,22,15,10,2013,10.409166666666668,9.7,6.96,8.59
59632,22,16,10,2013,11.151666666666666,11.85,8.55,10.58
59633,22,17,10,2013,10.247499999999999,11.33,8.18,10.14
59634,22,18,10,2013,9.38,11.78,8.47,10.6
59635,22,19,10,2013,9.100833333333332,10.42,7.5,9.36
59636,22,20,10,2013,8.4625,10.07,7.32,9.05
59637,22,21,10,2013,8.042500000000002,9.91,7.11,8.870000000000003
59638,22,22,10,2013,7.544166666666668,9.73,6.8500000000000005,8.58
59639,22,23,10,2013,6.739999999999999,8.88,5.95,7.55
59640,23,0,10,2013,5.69,10.61,4.68,7.28
59641,23,1,10,2013,5.210833333333333,11.73,5.95,8.76
59642,23,2,10,2013,4.565833333333334,11.24,5.37,8.19
59643,23,3,10,2013,4.261666666666667,10.68,5.12,7.81
59644,23,4,10,2013,3.4933333333333336,9.82,4.2,6.97
59645,23,5,10,2013,2.5333333333333337,8.3,2.92,5.76
59646,23,6,10,2013,2.0208333333333335,7.51,2.93,5.78
59647,23,7,10,2013,1.5683333333333331,6.24,2.48,5.37
59648,23,8,10,2013,1.4841666666666669,5.58,2.16,5.03
59649,23,9,10,2013,1.1824999999999999,3.77,2.31,4.23
59650,23,10,10,2013,0.8116666666666666,2.82,2.23,3.12
59651,23,11,10,2013,0.5641666666666667,2.91,2.86,3.64
59652,23,12,10,2013,0.44416666666666665,3.85,3.16,4.62
59653,23,13,10,2013,0.7774999999999999,4.3100000000000005,3.2,4.68
59654,23,14,10,2013,3.385,3.93,2.26,3.47
59655,23,15,10,2013,5.054166666666667,4.16,3.41,3.98
59656,23,16,10,2013,6.428333333333332,3.5700000000000003,2.74,3.26
59657,23,17,10,2013,7.215833333333333,3.0700000000000003,2.34,2.8000000000000003
59658,23,18,10,2013,8.679166666666667,3.04,2.29,2.73
59659,23,19,10,2013,10.336666666666666,3.21,2.35,2.84
59660,23,20,10,2013,11.633333333333335,3.19,2.34,2.82
59661,23,21,10,2013,12.210833333333335,3.31,2.42,2.97
59662,23,22,10,2013,8.819999999999999,6.91,5.66,6.6400000000000015
59663,23,23,10,2013,6.663333333333334,7.73,5.43,6.9
59664,24,0,10,2013,5.980833333333333,7.56,5.45,6.7
59665,24,1,10,2013,5.878333333333334,5.72,4.39,5.28
59666,24,2,10,2013,5.054166666666667,6.13,2.75,4.86
59667,24,3,10,2013,4.030833333333333,7.8,2.87,5.44
59668,24,4,10,2013,3.558333333333333,8.38,3.61,6.26
59669,24,5,10,2013,3.7016666666666667,10.5,4.41,7.28
59670,24,6,10,2013,3.2724999999999995,11.31,4.82,7.59
59671,24,7,10,2013,2.8350000000000004,11.33,5.09,7.78
59672,24,8,10,2013,2.2241666666666666,10.88,4.82,7.46
59673,24,9,10,2013,1.5083333333333335,10.68,4.83,7.42
59674,24,10,10,2013,0.7566666666666668,9.67,4.16,6.72
59675,24,11,10,2013,0.20499999999999996,9.07,3.97,6.6400000000000015
59676,24,12,10,2013,-0.08333333333333333,8.83,3.88,6.65
59677,24,13,10,2013,0.205,8.950000000000003,4.76,6.8100000000000005
59678,24,14,10,2013,1.7483333333333333,8.24,4.72,6.3900000000000015
59679,24,15,10,2013,3.116666666666666,6.46,4.72,5.74
59680,24,16,10,2013,4.5150000000000015,6.66,4.93,5.98
59681,24,17,10,2013,5.420000000000001,6.63,4.93,5.97
59682,24,18,10,2013,6.137499999999999,5.93,4.44,5.3500000000000005
59683,24,19,10,2013,6.7575,5.49,4.13,4.96
59684,24,20,10,2013,7.193333333333334,5.28,3.97,4.79
59685,24,21,10,2013,7.403333333333333,5.21,3.92,4.73
59686,24,22,10,2013,7.267500000000001,4.93,3.68,4.47
59687,24,23,10,2013,6.181666666666666,4.8,2.91,4.58
59688,25,0,10,2013,4.859999999999999,4.21,2.18,4.13
59689,25,1,10,2013,4.565833333333334,3.35,1.27,2.48
59690,25,2,10,2013,4.131666666666667,2.32,0.67,1.44
59691,25,3,10,2013,3.9724999999999997,1.29,1.36,1.46
59692,25,4,10,2013,3.3641666666666663,1.83,1.71,2.07
59693,25,5,10,2013,2.9233333333333333,3.19,2.56,3.74
59694,25,6,10,2013,2.4,4.57,3.1,4.75
59695,25,7,10,2013,2.255,5.6000000000000005,3.52,5.3500000000000005
59696,25,8,10,2013,1.8849999999999996,6.93,3.85,6.09
59697,25,9,10,2013,1.4391666666666667,8.3,4.08,6.93
59698,25,10,10,2013,1.51,9.06,4.32,7.69
59699,25,11,10,2013,1.5916666666666666,10.09,4.29,7.83
59700,25,12,10,2013,1.5883333333333336,10.85,4.63,8.08
59701,25,13,10,2013,2.1458333333333335,10.72,5.3100000000000005,8.17
59702,25,14,10,2013,4.666666666666667,10.22,5.82,7.83
59703,25,15,10,2013,6.349166666666666,8.67,6.21,7.6
59704,25,16,10,2013,7.879166666666667,9.08,6.61,8.14
59705,25,17,10,2013,9.194166666666666,9.1,6.62,8.15
59706,25,18,10,2013,10.134166666666667,9.22,6.71,8.27
59707,25,19,10,2013,10.995833333333335,9.78,7.0,8.69
59708,25,20,10,2013,11.634166666666667,9.75,6.98,8.66
59709,25,21,10,2013,11.935,9.77,6.83,8.6
59710,25,22,10,2013,11.720833333333333,9.84,6.88,8.66
59711,25,23,10,2013,10.235833333333334,11.49,5.17,8.290000000000001
59712,26,0,10,2013,9.035,12.79,5.57,8.8
59713,26,1,10,2013,8.8275,13.29,6.17,9.35
59714,26,2,10,2013,8.383333333333333,13.63,6.6000000000000005,9.76
59715,26,3,10,2013,8.0925,14.08,6.98,10.19
59716,26,4,10,2013,7.825,14.83,7.2,10.5
59717,26,5,10,2013,7.796666666666667,15.89,8.2,11.65
59718,26,6,10,2013,7.9575000000000005,16.03,8.5,11.95
59719,26,7,10,2013,7.865000000000001,15.96,8.38,11.79
59720,26,8,10,2013,7.5775,15.62,7.97,11.37
59721,26,9,10,2013,7.160000000000001,15.45,8.07,11.38
59722,26,10,10,2013,6.767499999999999,14.04,7.22,10.32
59723,26,11,10,2013,6.077500000000001,13.09,5.8,8.97
59724,26,12,10,2013,5.288333333333333,12.8,5.12,8.57
59725,26,13,10,2013,4.751666666666666,12.33,6.3500000000000005,8.64
59726,26,14,10,2013,5.461666666666666,11.13,6.5200000000000005,8.76
59727,26,15,10,2013,6.288333333333334,8.56,6.23,7.67
59728,26,16,10,2013,7.149166666666667,7.86,5.86,7.1400000000000015
59729,26,17,10,2013,8.135,8.15,6.04,7.37
59730,26,18,10,2013,8.865,8.08,5.96,7.29
59731,26,19,10,2013,9.449166666666667,7.86,5.79,7.07
59732,26,20,10,2013,9.768333333333333,8.0,5.91,7.25
59733,26,21,10,2013,9.727500000000001,7.9300000000000015,5.83,7.17
59734,26,22,10,2013,9.315833333333336,7.67,5.59,6.92
59735,26,23,10,2013,7.879166666666666,6.67,3.48,5.23
59736,27,0,10,2013,7.054166666666667,7.3,2.59,5.9
59737,27,1,10,2013,6.435833333333334,6.65,2.48,5.58
59738,27,2,10,2013,5.745,4.11,1.4,2.77
59739,27,3,10,2013,5.1975,3.21,1.24,2.33
59740,27,4,10,2013,4.7225,1.62,1.49,1.59
59741,27,5,10,2013,4.213333333333334,1.2,1.83,1.61
59742,27,6,10,2013,3.848333333333333,1.58,2.24,2.48
59743,27,7,10,2013,2.876666666666667,3.68,3.64,4.8500000000000005
59744,27,8,10,2013,2.348333333333333,5.19,3.96,5.64
59745,27,9,10,2013,2.0966666666666667,5.95,4.1,6.1400000000000015
59746,27,10,10,2013,1.9741666666666664,7.6400000000000015,4.65,7.63
59747,27,11,10,2013,2.585,7.96,4.64,7.86
59748,27,12,10,2013,2.5849999999999995,9.83,5.4,8.57
59749,27,13,10,2013,2.839166666666666,10.68,5.96,8.65
59750,27,14,10,2013,4.344166666666667,10.57,6.04,8.1
59751,27,15,10,2013,6.840000000000001,9.67,5.5600000000000005,7.03
59752,27,16,10,2013,9.608333333333333,7.45,5.72,6.87
59753,27,17,10,2013,11.708333333333334,8.49,6.33,7.72
59754,27,18,10,2013,13.490833333333335,9.27,6.8500000000000005,8.4
59755,27,19,10,2013,14.959166666666667,9.7,7.07,8.72
59756,27,20,10,2013,15.97166666666667,10.02,7.23,8.98
59757,27,21,10,2013,16.616666666666667,10.25,7.31,9.13
59758,27,22,10,2013,16.04416666666667,10.11,6.62,8.43
59759,27,23,10,2013,14.295833333333334,13.76,6.8900000000000015,10.37
59760,28,0,10,2013,13.685833333333333,15.01,7.55,11.13
59761,28,1,10,2013,12.903333333333336,15.65,7.95,11.54
59762,28,2,10,2013,12.414166666666665,16.06,8.15,11.8
59763,28,3,10,2013,11.658333333333333,16.01,8.0,11.63
59764,28,4,10,2013,9.834166666666667,14.38,6.2700000000000005,9.81
59765,28,5,10,2013,7.8075,10.9,2.62,6.1400000000000015
59766,28,6,10,2013,8.468333333333334,9.54,4.24,7.37
59767,28,7,10,2013,8.958333333333332,10.02,4.8,7.9
59768,28,8,10,2013,8.379166666666665,9.23,4.46,7.46
59769,28,9,10,2013,8.214166666666666,8.540000000000001,4.32,6.92
59770,28,10,10,2013,6.427500000000001,7.27,3.22,5.8100000000000005
59771,28,11,10,2013,5.343333333333333,3.27,0.73,1.84
59772,28,12,10,2013,5.596666666666668,2.22,1.44,2.71
59773,28,13,10,2013,5.175833333333333,2.89,1.4,2.68
59774,28,14,10,2013,5.822500000000001,3.36,1.55,2.6
59775,28,15,10,2013,8.277499999999998,3.46,2.16,2.42
59776,28,16,10,2013,10.356666666666667,3.67,3.15,3.6
59777,28,17,10,2013,11.758333333333335,4.28,3.56,4.12
59778,28,18,10,2013,13.000833333333334,4.3,3.5700000000000003,4.13
59779,28,19,10,2013,14.013333333333334,5.01,3.93,4.65
59780,28,20,10,2013,14.965833333333334,5.61,4.37,5.21
59781,28,21,10,2013,15.549166666666665,6.1000000000000005,4.65,5.63
59782,28,22,10,2013,15.422500000000005,6.71,4.41,5.37
59783,28,23,10,2013,14.398333333333333,8.43,3.66,6.0200000000000005
59784,29,0,10,2013,13.7325,9.8,4.59,6.87
59785,29,1,10,2013,13.374166666666666,9.69,4.68,6.86
59786,29,2,10,2013,13.146666666666667,9.92,5.1000000000000005,7.29
59787,29,3,10,2013,13.165833333333333,10.04,5.41,7.61
59788,29,4,10,2013,12.610000000000001,8.65,3.47,5.51
59789,29,5,10,2013,12.345833333333331,8.47,4.41,6.2700000000000005
59790,29,6,10,2013,12.114166666666664,8.67,4.62,6.46
59791,29,7,10,2013,11.7525,7.53,3.65,5.28
59792,29,8,10,2013,11.4975,6.53,3.67,4.7
59793,29,9,10,2013,11.113333333333335,5.96,3.72,4.87
59794,29,10,10,2013,10.530833333333334,7.56,4.38,6.03
59795,29,11,10,2013,10.837499999999999,8.72,5.54,7.15
59796,29,12,10,2013,11.613333333333335,11.04,7.57,9.58
59797,29,13,10,2013,11.568333333333333,6.1400000000000015,3.45,4.49
59798,29,14,10,2013,11.598333333333334,7.48,4.69,6.11
59799,29,15,10,2013,11.85666666666667,7.77,4.91,6.5600000000000005
59800,29,16,10,2013,12.125,7.68,5.1000000000000005,6.33
59801,29,17,10,2013,12.534999999999997,6.72,4.57,5.59
59802,29,18,10,2013,13.4775,6.69,4.82,5.92
59803,29,19,10,2013,14.18,6.38,4.65,5.69
59804,29,20,10,2013,14.636666666666668,6.07,4.39,5.4
59805,29,21,10,2013,14.400833333333331,5.72,3.25,4.19
59806,29,22,10,2013,13.996666666666668,6.0200000000000005,2.97,4.3100000000000005
59807,29,23,10,2013,13.881666666666666,5.99,3.0,4.33
59808,30,0,10,2013,14.015,5.96,2.74,4.09
59809,30,1,10,2013,14.139166666666663,6.0200000000000005,2.8000000000000003,4.11
59810,30,2,10,2013,14.2425,6.66,3.42,4.86
59811,30,3,10,2013,14.1725,7.19,3.81,5.37
59812,30,4,10,2013,13.963333333333333,6.91,3.67,5.14
59813,30,5,10,2013,13.677499999999997,5.66,3.36,4.8
59814,30,6,10,2013,13.771666666666668,5.14,2.98,4.32
59815,30,7,10,2013,13.867500000000001,3.9,1.74,2.94
59816,30,8,10,2013,13.530833333333334,1.48,0.85,1.2
59817,30,9,10,2013,13.539166666666668,1.75,1.16,1.39
59818,30,10,10,2013,13.569166666666666,1.52,0.92,1.21
59819,30,11,10,2013,13.715833333333334,7.25,4.42,5.73
59820,30,12,10,2013,13.912500000000001,8.19,6.8500000000000005,8.11
59821,30,13,10,2013,11.509166666666667,8.35,5.61,7.19
59822,30,14,10,2013,10.176666666666668,5.3,3.3000000000000003,4.0
59823,30,15,10,2013,10.425833333333335,4.72,2.67,3.11
59824,30,16,10,2013,11.236666666666666,3.47,1.5,1.89
59825,30,17,10,2013,12.055833333333334,4.07,2.5500000000000003,2.9
59826,30,18,10,2013,12.659166666666666,3.35,2.11,2.34
59827,30,19,10,2013,13.510833333333332,5.24,1.83,2.2
59828,30,20,10,2013,14.115000000000002,4.64,3.17,3.63
59829,30,21,10,2013,14.227499999999997,5.19,3.51,4.4
59830,30,22,10,2013,12.582500000000001,6.94,4.68,5.86
59831,30,23,10,2013,11.394999999999998,7.81,5.01,6.22
59832,31,0,10,2013,10.727500000000001,7.21,5.08,6.21
59833,31,1,10,2013,9.786666666666667,7.63,5.49,6.7700000000000005
59834,31,2,10,2013,9.227500000000001,7.35,5.3100000000000005,6.53
59835,31,3,10,2013,8.985833333333334,6.13,4.5600000000000005,5.54
59836,31,4,10,2013,8.963333333333336,5.9,3.83,4.68
59837,31,5,10,2013,8.965833333333334,5.94,3.5500000000000003,4.49
59838,31,6,10,2013,8.935000000000002,5.36,3.48,4.28
59839,31,7,10,2013,8.769166666666667,4.58,2.94,3.61
59840,31,8,10,2013,8.231666666666667,5.34,2.97,4.2
59841,31,9,10,2013,7.6433333333333335,5.82,3.61,4.7
59842,31,10,10,2013,7.02,5.3500000000000005,3.47,4.39
59843,31,11,10,2013,6.566666666666666,4.96,3.15,3.98
59844,31,12,10,2013,5.680833333333333,4.61,2.42,3.91
59845,31,13,10,2013,5.006666666666667,5.73,3.63,4.99
59846,31,14,10,2013,5.302500000000001,5.64,3.74,4.61
59847,31,15,10,2013,6.103333333333334,4.88,3.91,4.6000000000000005
59848,31,16,10,2013,7.168333333333333,4.92,3.86,4.58
59849,31,17,10,2013,9.044166666666667,5.5,4.15,4.99
59850,31,18,10,2013,10.612499999999999,5.55,4.23,5.08
59851,31,19,10,2013,11.795833333333333,6.72,4.89,5.99
59852,31,20,10,2013,12.745833333333335,8.3,6.0200000000000005,7.43
59853,31,21,10,2013,12.9225,8.92,6.3900000000000015,7.95
59854,31,22,10,2013,12.229166666666666,10.56,6.75,8.76
59855,31,23,10,2013,10.189166666666667,9.74,5.3,7.56
59856,1,0,11,2013,9.51,10.32,4.11,6.98
59857,1,1,11,2013,9.029166666666667,11.82,4.46,7.61
59858,1,2,11,2013,9.304166666666667,13.93,6.37,9.64
59859,1,3,11,2013,8.673333333333334,14.53,6.5,9.93
59860,1,4,11,2013,7.859999999999999,12.89,5.42,8.59
59861,1,5,11,2013,7.427499999999999,12.19,5.24,8.22
59862,1,6,11,2013,6.698333333333333,11.75,5.16,8.02
59863,1,7,11,2013,5.884166666666666,11.69,4.79,7.33
59864,1,8,11,2013,5.898333333333333,12.83,5.19,8.38
59865,1,9,11,2013,6.171666666666667,12.97,5.63,8.8
59866,1,10,11,2013,5.741666666666667,11.04,4.88,7.84
59867,1,11,11,2013,5.3975,12.58,5.67,8.78
59868,1,12,11,2013,5.726666666666667,12.79,5.8500000000000005,8.97
59869,1,13,11,2013,5.535833333333334,13.2,6.33,9.35
59870,1,14,11,2013,6.4225,11.73,6.33,8.65
59871,1,15,11,2013,7.915833333333333,8.950000000000003,6.46,7.95
59872,1,16,11,2013,9.214166666666667,8.92,6.55,8.03
59873,1,17,11,2013,10.5,9.24,6.69,8.24
59874,1,18,11,2013,11.535833333333334,9.39,6.83,8.38
59875,1,19,11,2013,12.590833333333334,10.06,7.0600000000000005,8.82
59876,1,20,11,2013,13.128333333333332,10.57,7.41,9.25
59877,1,21,11,2013,13.445833333333331,12.07,8.3,10.55
59878,1,22,11,2013,13.016666666666666,11.96,8.25,10.46
59879,1,23,11,2013,11.3125,11.61,4.93,7.97
59880,2,0,11,2013,11.334166666666667,15.38,8.120000000000001,11.28
59881,2,1,11,2013,9.765833333333333,13.94,6.7,9.92
59882,2,2,11,2013,8.886666666666667,15.07,6.3,9.9
59883,2,3,11,2013,8.004166666666668,13.73,5.49,8.67
59884,2,4,11,2013,7.1241666666666665,15.41,7.53,11.05
59885,2,5,11,2013,7.106666666666668,15.84,8.22,11.76
59886,2,6,11,2013,6.460000000000001,15.29,8.15,11.43
59887,2,7,11,2013,5.726666666666667,13.97,7.19,10.36
59888,2,8,11,2013,4.9975,12.41,5.95,8.94
59889,2,9,11,2013,4.273333333333333,12.19,4.93,8.03
59890,2,10,11,2013,3.295,10.81,3.75,6.47
59891,2,11,11,2013,3.073333333333333,10.68,4.12,6.93
59892,2,12,11,2013,2.720833333333333,11.27,4.34,7.34
59893,2,13,11,2013,2.3666666666666667,11.22,4.32,7.0600000000000005
59894,2,14,11,2013,3.9250000000000003,9.89,5.21,7.04
59895,2,15,11,2013,5.79,6.54,4.73,5.74
59896,2,16,11,2013,7.4991666666666665,6.53,4.84,5.88
59897,2,17,11,2013,8.962499999999999,6.16,4.5200000000000005,5.54
59898,2,18,11,2013,10.029166666666665,5.75,4.23,5.15
59899,2,19,11,2013,10.993333333333334,5.13,3.79,4.61
59900,2,20,11,2013,11.718333333333334,4.67,3.43,4.17
59901,2,21,11,2013,12.024999999999999,4.22,3.09,3.76
59902,2,22,11,2013,11.727500000000001,3.49,2.51,3.09
59903,2,23,11,2013,10.241666666666669,3.15,1.59,2.76
59904,3,0,11,2013,9.194999999999999,4.39,2.65,4.43
59905,3,1,11,2013,8.4375,6.05,3.76,6.13
59906,3,2,11,2013,7.759166666666665,7.91,4.13,7.09
59907,3,3,11,2013,7.1383333333333345,9.71,4.73,7.92
59908,3,4,11,2013,6.689166666666666,10.4,5.08,8.25
59909,3,5,11,2013,6.305000000000001,12.13,5.58,8.82
59910,3,6,11,2013,5.8183333333333325,13.57,6.2700000000000005,9.62
59911,3,7,11,2013,5.633333333333334,14.29,6.54,9.91
59912,3,8,11,2013,5.341666666666668,14.8,6.99,10.31
59913,3,9,11,2013,5.071666666666666,15.52,7.73,11.16
59914,3,10,11,2013,4.815833333333334,15.52,7.91,11.28
59915,3,11,11,2013,4.4525,15.72,8.33,11.66
59916,3,12,11,2013,4.1375,15.98,8.45,11.88
59917,3,13,11,2013,4.27,16.78,9.84,13.22
59918,3,14,11,2013,5.715833333333333,17.3,11.18,14.48
59919,3,15,11,2013,7.1833333333333345,16.28,10.48,13.12
59920,3,16,11,2013,8.649166666666668,14.95,10.55,13.16
59921,3,17,11,2013,10.2875,15.31,10.93,13.65
59922,3,18,11,2013,11.538333333333334,16.14,11.44,14.31
59923,3,19,11,2013,12.661666666666667,17.01,12.0,15.05
59924,3,20,11,2013,13.095,17.490000000000002,12.17,15.34
59925,3,21,11,2013,13.09083333333333,16.64,11.5,14.51
59926,3,22,11,2013,12.299999999999999,17.53,10.88,14.48
59927,3,23,11,2013,11.785833333333334,19.64,12.37,16.38
59928,4,0,11,2013,11.393333333333333,20.58,13.12,17.29
59929,4,1,11,2013,11.074166666666668,20.31,13.04,17.04
59930,4,2,11,2013,11.009166666666665,18.77,12.11,15.74
59931,4,3,11,2013,10.401666666666666,18.38,11.67,15.29
59932,4,4,11,2013,10.584999999999999,17.57,11.0,14.47
59933,4,5,11,2013,9.878333333333334,16.52,9.67,13.1
59934,4,6,11,2013,9.371666666666666,16.9,9.61,13.14
59935,4,7,11,2013,9.040833333333333,17.47,10.32,13.91
59936,4,8,11,2013,8.754166666666666,16.79,9.69,13.18
59937,4,9,11,2013,8.443333333333333,16.02,9.06,12.53
59938,4,10,11,2013,8.185,16.06,9.19,12.63
59939,4,11,11,2013,7.805,14.2,7.6400000000000015,10.72
59940,4,12,11,2013,7.494166666666666,13.67,7.19,10.21
59941,4,13,11,2013,7.422499999999999,14.08,7.3,10.43
59942,4,14,11,2013,8.32,13.55,8.57,11.21
59943,4,15,11,2013,9.829999999999998,11.08,6.93,8.67
59944,4,16,11,2013,11.46,9.21,6.36,7.96
59945,4,17,11,2013,12.509166666666667,8.8,6.28,7.77
59946,4,18,11,2013,13.254999999999997,5.88,4.39,5.29
59947,4,19,11,2013,13.798333333333334,3.62,2.8000000000000003,3.31
59948,4,20,11,2013,14.265833333333335,3.13,2.48,2.91
59949,4,21,11,2013,14.25583333333333,3.99,3.17,3.74
59950,4,22,11,2013,13.722500000000002,4.48,2.82,3.6
59951,4,23,11,2013,12.0325,5.9,2.91,4.98
59952,5,0,11,2013,10.855833333333331,7.44,2.96,5.89
59953,5,1,11,2013,9.816666666666666,9.6,3.02,6.68
59954,5,2,11,2013,8.895000000000001,9.31,2.74,6.48
59955,5,3,11,2013,8.329166666666666,9.31,2.7,6.33
59956,5,4,11,2013,7.688333333333333,9.09,2.67,6.26
59957,5,5,11,2013,7.084166666666667,9.02,2.5,5.84
59958,5,6,11,2013,6.6066666666666665,9.2,2.23,5.39
59959,5,7,11,2013,6.328333333333332,9.59,2.56,5.7
59960,5,8,11,2013,6.308333333333333,9.35,3.27,5.23
59961,5,9,11,2013,5.660833333333334,9.27,3.41,5.78
59962,5,10,11,2013,6.030833333333334,8.290000000000001,3.94,5.45
59963,5,11,11,2013,6.139166666666668,5.33,3.17,4.2
59964,5,12,11,2013,6.396666666666667,5.92,2.58,3.86
59965,5,13,11,2013,7.426666666666666,7.43,3.62,5.13
59966,5,14,11,2013,9.529166666666667,10.5,6.07,8.18
59967,5,15,11,2013,10.647500000000003,11.21,6.62,8.92
59968,5,16,11,2013,10.795000000000002,10.14,5.75,7.88
59969,5,17,11,2013,9.952500000000002,4.13,4.4,5.48
59970,5,18,11,2013,10.453333333333335,5.64,1.62,2.9
59971,5,19,11,2013,10.9375,6.05,2.03,3.79
59972,5,20,11,2013,12.043333333333335,9.14,5.11,6.99
59973,5,21,11,2013,12.96583333333333,10.94,6.22,8.45
59974,5,22,11,2013,13.390833333333333,11.48,6.43,8.86
59975,5,23,11,2013,8.590000000000002,11.82,7.67,9.54
59976,6,0,11,2013,4.844166666666666,10.86,7.59,9.38
59977,6,1,11,2013,4.71,9.7,6.75,8.38
59978,6,2,11,2013,3.9483333333333337,10.12,7.1000000000000005,8.790000000000001
59979,6,3,11,2013,3.3941666666666666,10.39,7.26,9.03
59980,6,4,11,2013,3.150833333333333,10.91,7.43,9.25
59981,6,5,11,2013,2.965,12.34,8.52,10.72
59982,6,6,11,2013,1.6658333333333333,12.28,7.95,10.28
59983,6,7,11,2013,0.8208333333333333,12.19,7.88,10.17
59984,6,8,11,2013,0.5874999999999999,11.92,7.3900000000000015,9.7
59985,6,9,11,2013,0.10333333333333333,11.1,6.41,8.68
59986,6,10,11,2013,-0.28750000000000003,11.6,6.75,9.06
59987,6,11,11,2013,-0.405,11.8,6.95,9.28
59988,6,12,11,2013,-0.6416666666666667,11.7,6.92,9.27
59989,6,13,11,2013,-0.8666666666666667,11.0,6.48,8.66
59990,6,14,11,2013,-0.39999999999999997,9.93,6.0600000000000005,7.73
59991,6,15,11,2013,0.7383333333333333,7.98,5.8,7.11
59992,6,16,11,2013,2.1266666666666665,6.96,5.23,6.33
59993,6,17,11,2013,3.3141666666666665,6.5200000000000005,4.87,5.9
59994,6,18,11,2013,4.245833333333333,6.12,4.57,5.53
59995,6,19,11,2013,5.0425,5.8,4.32,5.22
59996,6,20,11,2013,5.625833333333333,5.11,3.81,4.61
59997,6,21,11,2013,5.939166666666666,4.57,3.42,4.13
59998,6,22,11,2013,5.8325000000000005,3.84,2.49,3.22
59999,6,23,11,2013,4.63,4.96,1.71,3.8
60000,7,0,11,2013,3.8150000000000013,5.57,2.24,4.53
60001,7,1,11,2013,3.1033333333333335,6.1000000000000005,2.36,5.07
60002,7,2,11,2013,2.641666666666667,6.09,2.81,5.2
60003,7,3,11,2013,2.2141666666666664,5.82,3.16,5.09
60004,7,4,11,2013,2.0941666666666667,6.82,3.58,5.8500000000000005
60005,7,5,11,2013,2.079166666666666,8.07,4.29,6.8500000000000005
60006,7,6,11,2013,2.095833333333333,9.23,4.72,7.42
60007,7,7,11,2013,1.8108333333333337,11.03,5.2,8.07
60008,7,8,11,2013,1.6491666666666667,11.43,5.37,8.23
60009,7,9,11,2013,1.4416666666666667,11.1,5.05,7.85
60010,7,10,11,2013,1.1791666666666667,10.41,4.72,7.45
60011,7,11,11,2013,1.0983333333333334,10.97,4.92,7.6
60012,7,12,11,2013,1.1683333333333332,11.16,4.98,7.85
60013,7,13,11,2013,1.1041666666666667,11.41,5.05,7.6400000000000015
60014,7,14,11,2013,3.025,11.36,5.38,7.67
60015,7,15,11,2013,4.463333333333334,8.88,5.19,6.19
60016,7,16,11,2013,5.835000000000001,6.82,5.24,6.24
60017,7,17,11,2013,6.993333333333335,6.5200000000000005,4.89,5.91
60018,7,18,11,2013,7.934166666666667,6.67,4.93,5.99
60019,7,19,11,2013,8.671666666666667,6.73,4.95,6.03
60020,7,20,11,2013,8.956666666666667,6.57,4.87,5.91
60021,7,21,11,2013,8.935833333333335,6.03,4.44,5.42
60022,7,22,11,2013,8.280000000000001,5.11,3.7,4.57
60023,7,23,11,2013,6.560833333333334,4.22,1.62,3.2
60024,8,0,11,2013,5.864166666666667,3.6,1.03,2.7
60025,8,1,11,2013,5.428333333333334,2.28,0.94,1.7
60026,8,2,11,2013,4.7683333333333335,1.6,1.51,1.86
60027,8,3,11,2013,4.758333333333334,2.58,1.79,2.53
60028,8,4,11,2013,4.514166666666665,4.24,2.52,4.0
60029,8,5,11,2013,4.341666666666668,5.74,3.51,5.5200000000000005
60030,8,6,11,2013,3.7449999999999997,8.32,4.37,7.17
60031,8,7,11,2013,3.5224999999999995,10.26,5.01,8.03
60032,8,8,11,2013,3.179166666666667,12.25,6.01,9.06
60033,8,9,11,2013,3.2391666666666663,13.35,6.42,9.56
60034,8,10,11,2013,3.391666666666667,14.8,7.72,10.97
60035,8,11,11,2013,3.1991666666666667,15.74,8.26,11.57
60036,8,12,11,2013,3.1316666666666664,16.69,8.98,12.41
60037,8,13,11,2013,3.1583333333333337,16.46,9.75,12.97
60038,8,14,11,2013,4.911666666666666,16.080000000000002,10.07,13.05
60039,8,15,11,2013,6.594166666666667,15.31,8.84,11.95
60040,8,16,11,2013,8.920833333333333,13.36,8.97,11.2
60041,8,17,11,2013,11.1075,14.8,10.57,13.11
60042,8,18,11,2013,12.630833333333335,16.03,11.37,14.2
60043,8,19,11,2013,13.96583333333333,15.94,11.26,14.11
60044,8,20,11,2013,15.251666666666665,15.64,10.84,13.67
60045,8,21,11,2013,15.15,15.06,9.82,12.59
60046,8,22,11,2013,14.429166666666667,16.05,9.55,12.77
60047,8,23,11,2013,13.289166666666667,17.27,9.48,13.25
60048,9,0,11,2013,12.658333333333333,17.23,9.43,13.18
60049,9,1,11,2013,11.821666666666667,16.6,8.55,12.23
60050,9,2,11,2013,10.854166666666666,15.68,7.65,11.23
60051,9,3,11,2013,10.220833333333333,15.49,7.35,10.8
60052,9,4,11,2013,9.699166666666668,14.69,6.69,10.0
60053,9,5,11,2013,9.385,14.33,6.22,9.55
60054,9,6,11,2013,8.815,14.13,6.01,9.23
60055,9,7,11,2013,7.98,9.66,5.36,8.28
60056,9,8,11,2013,6.633333333333333,6.01,3.98,5.29
60057,9,9,11,2013,6.796666666666667,6.3,3.83,5.26
60058,9,10,11,2013,7.243333333333333,8.28,3.82,6.1000000000000005
60059,9,11,11,2013,8.562500000000002,11.43,3.35,6.43
60060,9,12,11,2013,7.328333333333332,13.32,4.09,7.52
60061,9,13,11,2013,6.871666666666667,13.37,4.95,8.86
60062,9,14,11,2013,8.605833333333333,13.48,5.68,9.13
60063,9,15,11,2013,9.898333333333333,9.58,5.41,7.33
60064,9,16,11,2013,10.732500000000002,6.45,4.8500000000000005,5.83
60065,9,17,11,2013,11.61166666666667,5.19,4.01,4.78
60066,9,18,11,2013,12.734166666666667,5.3,4.08,4.87
60067,9,19,11,2013,13.485000000000001,5.26,3.98,4.79
60068,9,20,11,2013,13.941666666666668,4.8500000000000005,3.63,4.4
60069,9,21,11,2013,13.972499999999998,4.82,3.61,4.37
60070,9,22,11,2013,13.161666666666664,5.17,3.37,4.21
60071,9,23,11,2013,11.350833333333332,6.58,2.26,4.97
60072,10,0,11,2013,10.500833333333334,8.16,3.18,6.43
60073,10,1,11,2013,9.708333333333334,8.88,3.52,7.12
60074,10,2,11,2013,8.805,9.43,3.85,7.41
60075,10,3,11,2013,8.150833333333333,9.99,4.07,7.3900000000000015
60076,10,4,11,2013,7.284166666666667,11.63,3.78,7.24
60077,10,5,11,2013,6.2200000000000015,13.13,4.07,8.03
60078,10,6,11,2013,5.6225,12.78,4.44,8.120000000000001
60079,10,7,11,2013,4.975833333333333,12.71,4.47,8.13
60080,10,8,11,2013,4.099166666666666,11.24,3.73,7.28
60081,10,9,11,2013,3.410833333333334,10.96,3.92,7.28
60082,10,10,11,2013,2.5366666666666666,9.76,3.87,7.08
60083,10,11,11,2013,1.7758333333333332,8.73,2.77,6.0200000000000005
60084,10,12,11,2013,1.1975,8.55,2.35,5.84
60085,10,13,11,2013,0.85,7.9300000000000015,1.84,5.19
60086,10,14,11,2013,1.4033333333333333,5.8,2.54,3.77
60087,10,15,11,2013,2.9791666666666665,4.66,3.18,3.72
60088,10,16,11,2013,4.818333333333334,3.9,3.13,3.66
60089,10,17,11,2013,6.595,3.91,3.09,3.64
60090,10,18,11,2013,8.25,4.2700000000000005,3.28,3.92
60091,10,19,11,2013,9.589166666666666,4.96,3.8,4.55
60092,10,20,11,2013,10.329999999999998,5.46,4.09,4.96
60093,10,21,11,2013,10.775833333333333,5.84,4.28,5.29
60094,10,22,11,2013,10.434166666666668,6.98,4.3100000000000005,5.33
60095,10,23,11,2013,9.4075,8.91,4.05,6.57
60096,11,0,11,2013,8.860833333333334,9.82,4.34,7.13
60097,11,1,11,2013,8.564166666666667,10.91,5.24,7.84
60098,11,2,11,2013,8.758333333333331,11.63,5.53,8.3
60099,11,3,11,2013,8.727500000000001,12.35,5.54,8.75
60100,11,4,11,2013,9.075000000000001,12.69,6.17,9.13
60101,11,5,11,2013,9.136666666666665,13.67,6.2700000000000005,9.43
60102,11,6,11,2013,9.0325,13.88,6.19,9.6
60103,11,7,11,2013,8.76,13.92,6.28,9.7
60104,11,8,11,2013,8.6475,13.83,6.66,9.99
60105,11,9,11,2013,8.487499999999999,13.96,6.69,9.96
60106,11,10,11,2013,8.398333333333333,13.95,6.73,9.94
60107,11,11,11,2013,8.198333333333332,13.97,6.6000000000000005,9.81
60108,11,12,11,2013,7.545833333333335,13.1,6.11,9.28
60109,11,13,11,2013,7.024166666666666,11.73,5.67,8.55
60110,11,14,11,2013,6.6325,10.73,6.13,7.57
60111,11,15,11,2013,5.6691666666666665,9.55,7.21,8.78
60112,11,16,11,2013,5.021666666666667,11.51,8.59,10.51
60113,11,17,11,2013,4.32,11.65,8.68,10.61
60114,11,18,11,2013,4.325833333333334,11.78,8.540000000000001,10.57
60115,11,19,11,2013,4.535833333333334,12.48,9.13,11.25
60116,11,20,11,2013,4.424166666666666,13.02,9.45,11.7
60117,11,21,11,2013,3.7441666666666666,12.55,9.13,11.27
60118,11,22,11,2013,2.2625,13.23,9.53,11.95
60119,11,23,11,2013,0.04583333333333337,14.15,9.93,12.52
60120,12,0,11,2013,-1.3191666666666666,12.19,8.64,10.82
60121,12,1,11,2013,-2.0441666666666665,12.17,8.71,10.86
60122,12,2,11,2013,-1.765,11.84,8.34,10.45
60123,12,3,11,2013,-2.1383333333333336,12.86,9.09,11.4
60124,12,4,11,2013,-3.3699999999999997,13.47,9.07,11.59
60125,12,5,11,2013,-4.986666666666666,12.92,8.84,11.19
60126,12,6,11,2013,-5.965833333333332,12.01,7.81,10.02
60127,12,7,11,2013,-6.474166666666666,11.35,7.57,9.64
60128,12,8,11,2013,-6.883333333333334,10.12,6.93,8.76
60129,12,9,11,2013,-7.19,8.1,5.57,7.05
60130,12,10,11,2013,-7.330833333333332,8.02,5.62,7.05
60131,12,11,11,2013,-7.460833333333334,8.06,5.72,7.17
60132,12,12,11,2013,-7.5616666666666665,7.8900000000000015,5.59,7.0200000000000005
60133,12,13,11,2013,-7.728333333333334,6.92,4.87,6.13
60134,12,14,11,2013,-7.618333333333333,5.5600000000000005,4.24,5.16
60135,12,15,11,2013,-7.035,5.08,3.9,4.71
60136,12,16,11,2013,-6.11,3.69,2.91,3.46
60137,12,17,11,2013,-4.924166666666667,3.0500000000000003,2.44,2.87
60138,12,18,11,2013,-3.688333333333334,2.62,2.15,2.5
60139,12,19,11,2013,-2.5033333333333334,2.45,1.99,2.32
60140,12,20,11,2013,-1.6125,2.48,2.07,2.4
60141,12,21,11,2013,-1.2625,2.68,2.12,2.46
60142,12,22,11,2013,-1.4591666666666665,2.73,2.08,2.5
60143,12,23,11,2013,-2.579166666666666,3.14,1.05,2.17
60144,13,0,11,2013,-3.2824999999999993,5.44,2.29,4.3100000000000005
60145,13,1,11,2013,-3.1875,5.65,3.15,5.24
60146,13,2,11,2013,-3.148333333333333,6.93,3.43,5.8
60147,13,3,11,2013,-3.1716666666666664,8.950000000000003,4.15,6.76
60148,13,4,11,2013,-3.241666666666667,9.73,4.8,7.35
60149,13,5,11,2013,-3.2541666666666678,11.04,5.57,8.19
60150,13,6,11,2013,-3.186666666666667,11.75,6.0600000000000005,8.71
60151,13,7,11,2013,-3.210833333333333,12.28,6.5200000000000005,9.22
60152,13,8,11,2013,-3.1608333333333327,12.93,6.84,9.64
60153,13,9,11,2013,-3.1191666666666666,13.4,7.0600000000000005,9.96
60154,13,10,11,2013,-3.209166666666667,13.83,7.31,10.28
60155,13,11,11,2013,-3.1966666666666668,13.83,7.3,10.26
60156,13,12,11,2013,-3.4083333333333328,14.26,7.58,10.61
60157,13,13,11,2013,-3.3366666666666673,15.02,8.290000000000001,11.36
60158,13,14,11,2013,-2.285833333333333,14.66,8.84,11.79
60159,13,15,11,2013,-0.8608333333333333,14.2,8.43,10.6
60160,13,16,11,2013,0.9008333333333334,11.69,8.27,10.26
60161,13,17,11,2013,2.9625000000000004,11.11,8.14,10.04
60162,13,18,11,2013,4.581666666666666,11.4,8.32,10.29
60163,13,19,11,2013,5.800833333333333,11.71,8.52,10.55
60164,13,20,11,2013,6.525833333333334,11.82,8.48,10.56
60165,13,21,11,2013,6.550833333333334,12.23,8.11,10.27
60166,13,22,11,2013,5.237500000000001,15.15,7.36,10.9
60167,13,23,11,2013,3.3958333333333326,16.22,8.03,11.81
60168,14,0,11,2013,2.6475000000000004,17.02,8.91,12.69
60169,14,1,11,2013,2.3874999999999997,17.75,9.64,13.42
60170,14,2,11,2013,1.9091666666666667,18.63,10.21,14.11
60171,14,3,11,2013,1.9025000000000005,18.73,10.38,14.28
60172,14,4,11,2013,1.6891666666666667,18.73,10.19,14.09
60173,14,5,11,2013,1.8508333333333333,19.29,10.98,14.91
60174,14,6,11,2013,1.93,19.35,11.02,14.96
60175,14,7,11,2013,1.5116666666666667,18.15,10.27,13.95
60176,14,8,11,2013,1.2166666666666666,18.85,10.82,14.68
60177,14,9,11,2013,2.0333333333333328,19.33,11.22,15.12
60178,14,10,11,2013,2.04,18.93,11.04,14.83
60179,14,11,11,2013,1.8016666666666667,18.7,10.93,14.65
60180,14,12,11,2013,1.3183333333333334,17.47,9.73,13.25
60181,14,13,11,2013,1.6916666666666664,17.48,9.74,13.27
60182,14,14,11,2013,2.8508333333333336,17.04,10.41,13.51
60183,14,15,11,2013,4.428333333333333,15.32,9.48,12.44
60184,14,16,11,2013,5.834166666666667,10.7,7.47,9.25
60185,14,17,11,2013,7.260833333333333,8.26,6.09,7.43
60186,14,18,11,2013,8.616666666666665,8.0,5.94,7.24
60187,14,19,11,2013,9.598333333333331,7.53,5.51,6.76
60188,14,20,11,2013,10.155833333333335,7.1400000000000015,5.22,6.4
60189,14,21,11,2013,10.261666666666668,6.59,4.73,5.86
60190,14,22,11,2013,9.445833333333333,6.24,3.48,4.72
60191,14,23,11,2013,8.323333333333334,7.4,3.0700000000000003,5.66
60192,15,0,11,2013,7.626666666666668,7.67,3.33,6.11
60193,15,1,11,2013,6.521666666666667,7.48,3.3200000000000003,5.62
60194,15,2,11,2013,5.916666666666667,9.38,4.01,6.86
60195,15,3,11,2013,5.085833333333333,11.18,4.5600000000000005,7.67
60196,15,4,11,2013,4.858333333333334,12.16,5.16,8.57
60197,15,5,11,2013,4.715833333333332,12.14,5.41,8.64
60198,15,6,11,2013,4.263333333333333,11.8,5.43,8.61
60199,15,7,11,2013,4.0025,11.6,5.61,8.77
60200,15,8,11,2013,3.8433333333333333,11.59,5.87,8.97
60201,15,9,11,2013,3.5391666666666666,11.51,5.8500000000000005,8.950000000000003
60202,15,10,11,2013,3.1799999999999997,10.91,5.7700000000000005,8.89
60203,15,11,11,2013,2.813333333333333,9.99,5.66,8.57
60204,15,12,11,2013,2.1624999999999996,10.08,5.93,8.82
60205,15,13,11,2013,1.6833333333333336,10.7,5.97,8.71
60206,15,14,11,2013,2.4833333333333334,10.77,6.25,8.620000000000001
60207,15,15,11,2013,4.425,8.96,5.51,7.36
60208,15,16,11,2013,6.4425,6.23,4.69,5.54
60209,15,17,11,2013,7.960833333333333,5.74,4.44,5.32
60210,15,18,11,2013,9.152500000000002,6.09,4.61,5.57
60211,15,19,11,2013,10.058333333333334,7.52,5.65,6.86
60212,15,20,11,2013,10.489166666666666,8.55,6.23,7.67
60213,15,21,11,2013,10.649999999999999,8.950000000000003,6.33,7.9
60214,15,22,11,2013,10.013333333333334,10.14,6.1400000000000015,7.78
60215,15,23,11,2013,8.507499999999999,12.87,6.26,9.35
60216,16,0,11,2013,8.475833333333334,13.88,7.3,10.37
60217,16,1,11,2013,8.277499999999998,14.45,7.66,10.79
60218,16,2,11,2013,8.292499999999999,14.5,7.6400000000000015,10.75
60219,16,3,11,2013,8.350833333333334,15.08,8.39,11.54
60220,16,4,11,2013,8.413333333333332,15.83,9.25,12.47
60221,16,5,11,2013,8.386666666666667,15.37,8.99,12.13
60222,16,6,11,2013,8.725833333333334,16.46,9.96,13.29
60223,16,7,11,2013,8.9675,15.77,9.42,12.59
60224,16,8,11,2013,9.579166666666667,15.67,9.34,12.44
60225,16,9,11,2013,10.265833333333335,15.83,9.44,12.57
60226,16,10,11,2013,10.921666666666667,17.240000000000002,10.38,13.79
60227,16,11,11,2013,11.783333333333333,19.06,11.81,15.59
60228,16,12,11,2013,12.333333333333334,19.71,12.12,16.05
60229,16,13,11,2013,12.870833333333332,19.64,12.09,16.03
60230,16,14,11,2013,12.92666666666667,18.35,11.56,14.88
60231,16,15,11,2013,14.926666666666664,17.400000000000002,11.44,14.73
60232,16,16,11,2013,16.4875,15.14,10.68,13.3
60233,16,17,11,2013,17.713333333333335,15.33,10.82,13.47
60234,16,18,11,2013,18.889999999999997,14.97,10.51,13.12
60235,16,19,11,2013,19.785,14.4,9.96,12.53
60236,16,20,11,2013,20.280833333333334,13.26,9.07,11.41
60237,16,21,11,2013,20.161666666666672,11.75,8.02,10.13
60238,16,22,11,2013,19.3275,12.55,6.0600000000000005,8.76
60239,16,23,11,2013,17.925,12.5,5.95,9.07
60240,17,0,11,2013,15.875833333333334,9.05,3.34,6.25
60241,17,1,11,2013,15.34083333333333,3.23,1.8,3.3000000000000003
60242,17,2,11,2013,14.556666666666667,4.14,1.69,3.11
60243,17,3,11,2013,14.445833333333333,11.83,4.75,8.27
60244,17,4,11,2013,14.666666666666664,10.43,5.13,8.31
60245,17,5,11,2013,13.042500000000002,12.22,2.89,6.34
60246,17,6,11,2013,12.649166666666666,12.34,4.11,7.49
60247,17,7,11,2013,12.303333333333333,10.9,2.98,6.37
60248,17,8,11,2013,12.289166666666665,8.92,4.0600000000000005,6.08
60249,17,9,11,2013,11.269166666666669,8.92,4.1,6.19
60250,17,10,11,2013,8.581666666666669,8.15,4.64,6.78
60251,17,11,11,2013,8.041666666666668,11.43,5.78,8.4
60252,17,12,11,2013,7.848333333333334,14.8,8.02,11.06
60253,17,13,11,2013,8.119166666666667,15.8,7.36,10.92
60254,17,14,11,2013,9.580833333333333,13.34,6.16,8.82
60255,17,15,11,2013,11.176666666666668,10.42,7.21,9.03
60256,17,16,11,2013,11.79166666666667,11.77,8.33,10.35
60257,17,17,11,2013,12.521666666666668,12.57,8.97,11.12
60258,17,18,11,2013,13.116666666666665,12.68,8.97,11.15
60259,17,19,11,2013,13.306666666666667,13.35,9.31,11.63
60260,17,20,11,2013,13.286666666666667,13.45,9.36,11.65
60261,17,21,11,2013,12.868333333333332,13.1,9.03,11.37
60262,17,22,11,2013,11.800833333333332,12.63,8.21,10.52
60263,17,23,11,2013,9.945833333333333,12.92,6.67,9.46
60264,18,0,11,2013,8.599166666666667,11.58,4.9,7.77
60265,18,1,11,2013,7.843333333333334,13.21,6.13,9.07
60266,18,2,11,2013,7.390833333333333,12.96,6.15,9.06
60267,18,3,11,2013,6.8950000000000005,13.66,5.83,9.09
60268,18,4,11,2013,6.171666666666667,13.23,5.42,8.69
60269,18,5,11,2013,5.425833333333333,12.52,4.99,8.26
60270,18,6,11,2013,5.033333333333334,12.98,5.13,8.58
60271,18,7,11,2013,4.371666666666667,12.99,5.08,8.6
60272,18,8,11,2013,3.420833333333333,12.59,4.79,8.33
60273,18,9,11,2013,2.7350000000000008,12.18,4.36,8.05
60274,18,10,11,2013,2.3891666666666667,10.89,4.3500000000000005,7.6400000000000015
60275,18,11,11,2013,2.2441666666666666,10.17,4.16,7.63
60276,18,12,11,2013,1.1575,8.39,3.4,6.58
60277,18,13,11,2013,1.2266666666666663,5.26,3.51,4.93
60278,18,14,11,2013,1.8458333333333332,6.05,3.63,5.07
60279,18,15,11,2013,3.404166666666667,6.2,3.85,4.4
60280,18,16,11,2013,5.891666666666667,5.9,4.21,4.91
60281,18,17,11,2013,7.976666666666667,5.22,4.04,4.72
60282,18,18,11,2013,9.6425,4.32,3.37,3.98
60283,18,19,11,2013,10.7425,3.68,2.87,3.39
60284,18,20,11,2013,11.4375,2.26,1.71,2.04
60285,18,21,11,2013,11.7825,3.53,2.36,2.95
60286,18,22,11,2013,10.79,5.0600000000000005,2.5,4.2700000000000005
60287,18,23,11,2013,9.1875,7.7,3.51,7.0
60288,19,0,11,2013,8.216666666666667,7.68,3.92,7.05
60289,19,1,11,2013,7.706666666666667,8.48,4.59,7.59
60290,19,2,11,2013,7.611666666666668,10.69,5.19,8.52
60291,19,3,11,2013,6.98,10.94,5.18,8.48
60292,19,4,11,2013,6.403333333333333,11.67,4.97,8.6
60293,19,5,11,2013,5.876666666666666,12.23,5.33,8.68
60294,19,6,11,2013,5.3725,12.85,5.8500000000000005,9.17
60295,19,7,11,2013,5.141666666666667,13.19,5.88,9.34
60296,19,8,11,2013,5.083333333333334,13.74,6.3100000000000005,9.86
60297,19,9,11,2013,5.264166666666667,14.13,6.57,10.1
60298,19,10,11,2013,4.915833333333334,14.49,6.66,10.19
60299,19,11,11,2013,4.560833333333333,14.8,6.84,10.33
60300,19,12,11,2013,4.571666666666667,15.17,7.17,10.68
60301,19,13,11,2013,3.8591666666666655,14.92,7.74,11.02
60302,19,14,11,2013,4.6725,15.01,8.91,11.84
60303,19,15,11,2013,6.325833333333333,13.83,8.52,11.24
60304,19,16,11,2013,8.154166666666667,12.03,7.37,9.13
60305,19,17,11,2013,9.955,10.71,7.74,9.54
60306,19,18,11,2013,11.615833333333333,12.07,8.65,10.75
60307,19,19,11,2013,12.550833333333332,12.79,9.06,11.33
60308,19,20,11,2013,13.085,13.02,9.18,11.51
60309,19,21,11,2013,12.960833333333333,12.96,9.02,11.39
60310,19,22,11,2013,11.835833333333333,13.96,7.57,10.5
60311,19,23,11,2013,10.518333333333333,15.13,8.01,11.37
60312,20,0,11,2013,10.227500000000001,16.16,9.1,12.57
60313,20,1,11,2013,9.834166666666668,15.81,8.73,12.13
60314,20,2,11,2013,9.33083333333333,15.49,8.59,11.91
60315,20,3,11,2013,8.61,14.89,8.45,11.61
60316,20,4,11,2013,8.170833333333334,14.54,8.09,11.18
60317,20,5,11,2013,7.98,14.66,8.17,11.27
60318,20,6,11,2013,7.545833333333334,14.48,8.39,11.38
60319,20,7,11,2013,7.346666666666667,15.4,9.19,12.34
60320,20,8,11,2013,7.13,15.29,9.09,12.23
60321,20,9,11,2013,6.82,14.97,9.15,12.16
60322,20,10,11,2013,6.748333333333332,14.91,9.28,12.27
60323,20,11,11,2013,6.794999999999999,14.41,8.89,11.81
60324,20,12,11,2013,6.548333333333333,13.61,8.27,11.08
60325,20,13,11,2013,5.995833333333333,13.02,7.98,10.63
60326,20,14,11,2013,5.973333333333334,13.35,8.68,11.22
60327,20,15,11,2013,6.395833333333335,12.07,8.28,10.33
60328,20,16,11,2013,7.156666666666666,11.98,8.66,10.72
60329,20,17,11,2013,7.974999999999999,11.64,8.45,10.44
60330,20,18,11,2013,8.9575,10.85,7.87,9.73
60331,20,19,11,2013,9.793333333333333,9.88,7.2,8.86
60332,20,20,11,2013,10.185,9.31,6.74,8.32
60333,20,21,11,2013,10.224166666666667,9.17,6.6000000000000005,8.19
60334,20,22,11,2013,9.353333333333333,9.46,6.28,7.85
60335,20,23,11,2013,7.686666666666667,10.7,5.4,7.97
60336,21,0,11,2013,6.680833333333333,11.08,5.7700000000000005,8.31
60337,21,1,11,2013,5.935833333333335,11.8,5.8500000000000005,8.48
60338,21,2,11,2013,5.454166666666667,12.01,6.0,8.64
60339,21,3,11,2013,5.350833333333333,12.3,6.1400000000000015,8.83
60340,21,4,11,2013,5.310833333333334,12.1,5.96,8.64
60341,21,5,11,2013,5.285833333333334,11.65,5.15,7.97
60342,21,6,11,2013,5.430833333333333,10.25,4.49,6.8500000000000005
60343,21,7,11,2013,5.820833333333334,9.29,4.25,6.48
60344,21,8,11,2013,5.779166666666668,7.59,2.85,5.19
60345,21,9,11,2013,5.449166666666667,5.03,2.62,4.15
60346,21,10,11,2013,4.911666666666667,6.2700000000000005,3.54,4.82
60347,21,11,11,2013,4.456666666666666,8.700000000000001,5.41,7.07
60348,21,12,11,2013,3.6266666666666656,11.22,7.79,9.81
60349,21,13,11,2013,2.4883333333333333,11.96,8.34,10.48
60350,21,14,11,2013,1.725833333333333,10.61,7.72,9.56
60351,21,15,11,2013,1.0508333333333333,11.34,8.27,10.24
60352,21,16,11,2013,0.4041666666666666,12.17,8.98,11.06
60353,21,17,11,2013,-2.3129646346357427e-18,12.62,9.32,11.48
60354,21,18,11,2013,-0.45999999999999996,12.06,8.82,10.9
60355,21,19,11,2013,-0.9616666666666669,11.91,8.71,10.75
60356,21,20,11,2013,-1.4075,11.54,8.33,10.34
60357,21,21,11,2013,-1.6108333333333331,11.45,8.23,10.25
60358,21,22,11,2013,-1.816666666666667,12.58,8.870000000000003,11.12
60359,21,23,11,2013,-2.3108333333333335,12.92,8.94,11.28
60360,22,0,11,2013,-3.0883333333333334,13.29,9.13,11.55
60361,22,1,11,2013,-3.6400000000000006,14.37,9.76,12.38
60362,22,2,11,2013,-3.7600000000000002,12.64,8.64,10.95
60363,22,3,11,2013,-4.323333333333333,13.12,8.96,11.33
60364,22,4,11,2013,-4.78,12.83,8.78,11.11
60365,22,5,11,2013,-5.213333333333334,13.4,9.27,11.65
60366,22,6,11,2013,-5.425833333333333,12.87,8.86,11.15
60367,22,7,11,2013,-5.830000000000001,13.15,8.68,11.11
60368,22,8,11,2013,-5.934166666666666,11.67,7.5,9.7
60369,22,9,11,2013,-6.1025,10.88,7.21,9.19
60370,22,10,11,2013,-6.31,11.26,7.48,9.52
60371,22,11,11,2013,-6.476666666666667,10.54,6.96,8.86
60372,22,12,11,2013,-6.544166666666666,9.98,6.61,8.43
60373,22,13,11,2013,-6.626666666666668,9.06,5.98,7.61
60374,22,14,11,2013,-6.604166666666668,8.76,6.32,7.75
60375,22,15,11,2013,-6.1625000000000005,8.43,6.2700000000000005,7.65
60376,22,16,11,2013,-5.295833333333333,7.42,5.62,6.79
60377,22,17,11,2013,-4.28,6.8,5.16,6.22
60378,22,18,11,2013,-3.276666666666667,6.95,5.23,6.33
60379,22,19,11,2013,-2.4825000000000004,7.07,5.3,6.42
60380,22,20,11,2013,-1.8991666666666667,6.97,5.21,6.32
60381,22,21,11,2013,-1.659166666666667,6.5600000000000005,4.87,5.94
60382,22,22,11,2013,-1.8875,6.03,4.37,5.4
60383,22,23,11,2013,-2.3633333333333337,6.38,2.98,4.89
60384,23,0,11,2013,-2.603333333333334,6.34,2.92,4.86
60385,23,1,11,2013,-2.6925000000000003,5.78,2.58,4.5
60386,23,2,11,2013,-3.3791666666666664,5.93,2.69,5.08
60387,23,3,11,2013,-3.1683333333333334,6.0600000000000005,3.0,5.18
60388,23,4,11,2013,-2.9241666666666664,6.71,3.13,5.05
60389,23,5,11,2013,-2.8183333333333334,7.9,3.5700000000000003,5.64
60390,23,6,11,2013,-2.6066666666666665,8.34,3.69,5.7700000000000005
60391,23,7,11,2013,-2.5450000000000004,10.3,4.3500000000000005,6.7700000000000005
60392,23,8,11,2013,-2.8208333333333333,10.41,5.09,7.32
60393,23,9,11,2013,-3.5833333333333326,9.71,4.9,6.96
60394,23,10,11,2013,-4.083333333333333,9.09,5.11,6.8900000000000015
60395,23,11,11,2013,-4.623333333333334,8.71,5.42,7.07
60396,23,12,11,2013,-5.275833333333334,8.870000000000003,5.75,7.3900000000000015
60397,23,13,11,2013,-6.0516666666666685,9.68,6.44,8.21
60398,23,14,11,2013,-6.983333333333334,10.1,7.03,8.67
60399,23,15,11,2013,-7.247500000000001,9.91,7.22,8.9
60400,23,16,11,2013,-7.290833333333334,9.21,6.91,8.4
60401,23,17,11,2013,-7.078333333333333,8.72,6.51,7.8900000000000015
60402,23,18,11,2013,-6.549166666666667,8.05,6.08,7.33
60403,23,19,11,2013,-6.185833333333334,7.49,5.64,6.7700000000000005
60404,23,20,11,2013,-5.9225,7.05,5.3,6.37
60405,23,21,11,2013,-6.034166666666667,6.63,5.04,6.01
60406,23,22,11,2013,-6.745,6.86,4.8500000000000005,6.17
60407,23,23,11,2013,-7.607500000000001,7.0600000000000005,4.49,6.3100000000000005
60408,24,0,11,2013,-8.146666666666667,6.78,3.74,5.47
60409,24,1,11,2013,-8.52,6.8,3.5500000000000003,5.21
60410,24,2,11,2013,-8.872499999999999,5.99,2.73,4.26
60411,24,3,11,2013,-9.128333333333332,5.4,1.95,3.62
60412,24,4,11,2013,-9.361666666666666,5.2700000000000005,1.69,3.6
60413,24,5,11,2013,-9.5775,4.92,1.73,3.78
60414,24,6,11,2013,-9.739166666666666,4.71,1.92,3.83
60415,24,7,11,2013,-9.851666666666667,4.66,2.08,3.56
60416,24,8,11,2013,-10.038333333333336,5.19,2.51,3.88
60417,24,9,11,2013,-10.210833333333333,5.57,2.63,4.07
60418,24,10,11,2013,-10.465000000000002,5.67,2.7,4.19
60419,24,11,11,2013,-10.631666666666666,6.28,2.97,4.61
60420,24,12,11,2013,-10.705833333333333,7.34,3.75,5.45
60421,24,13,11,2013,-10.752499999999998,8.16,4.18,6.01
60422,24,14,11,2013,-10.224166666666667,8.24,4.7700000000000005,6.45
60423,24,15,11,2013,-8.8925,6.41,4.69,5.65
60424,24,16,11,2013,-7.149999999999999,6.15,4.72,5.68
60425,24,17,11,2013,-5.421666666666667,6.5,4.92,5.96
60426,24,18,11,2013,-3.936666666666667,6.49,4.91,5.95
60427,24,19,11,2013,-2.7066666666666666,6.8500000000000005,5.11,6.23
60428,24,20,11,2013,-1.986666666666667,7.5,5.51,6.79
60429,24,21,11,2013,-1.8716666666666668,7.9,5.74,7.1000000000000005
60430,24,22,11,2013,-2.4083333333333337,9.03,5.37,6.8500000000000005
60431,24,23,11,2013,-2.8283333333333327,9.27,5.0200000000000005,7.1000000000000005
60432,25,0,11,2013,-3.1108333333333333,10.03,5.7,7.83
60433,25,1,11,2013,-3.3825000000000003,10.23,5.66,7.84
60434,25,2,11,2013,-3.9191666666666674,11.07,5.38,7.96
60435,25,3,11,2013,-4.340833333333332,11.65,6.1000000000000005,8.66
60436,25,4,11,2013,-4.498333333333333,11.35,5.9,8.43
60437,25,5,11,2013,-4.590000000000001,11.29,5.96,8.44
60438,25,6,11,2013,-4.553333333333334,10.97,5.67,8.01
60439,25,7,11,2013,-4.065,10.33,6.67,8.64
60440,25,8,11,2013,-4.1975,10.15,6.54,8.49
60441,25,9,11,2013,-4.8691666666666675,10.32,5.37,7.56
60442,25,10,11,2013,-5.2,10.27,5.09,7.4
60443,25,11,11,2013,-5.210833333333333,11.17,6.05,8.44
60444,25,12,11,2013,-5.185833333333334,11.9,6.6400000000000015,9.12
60445,25,13,11,2013,-5.1933333333333325,11.89,6.54,9.03
60446,25,14,11,2013,-4.7025,11.96,7.38,9.62
60447,25,15,11,2013,-3.508333333333334,10.4,6.73,8.2
60448,25,16,11,2013,-2.1366666666666667,8.47,6.44,7.79
60449,25,17,11,2013,-0.7174999999999998,7.49,5.73,6.92
60450,25,18,11,2013,0.5016666666666667,6.05,4.59,5.55
60451,25,19,11,2013,1.4475,6.12,4.59,5.58
60452,25,20,11,2013,1.5583333333333336,6.2,4.54,5.55
60453,25,21,11,2013,2.0541666666666667,6.04,4.48,5.5200000000000005
60454,25,22,11,2013,1.3458333333333334,6.98,3.28,5.65
60455,25,23,11,2013,0.4033333333333333,6.99,3.56,5.9
60456,26,0,11,2013,0.14666666666666667,7.37,3.8,6.25
60457,26,1,11,2013,0.12583333333333332,10.25,4.07,7.68
60458,26,2,11,2013,-0.7941666666666668,11.16,4.49,8.23
60459,26,3,11,2013,-1.1441666666666663,11.94,5.04,8.4
60460,26,4,11,2013,-1.5058333333333331,11.91,5.04,8.33
60461,26,5,11,2013,-2.1791666666666667,11.4,4.47,7.67
60462,26,6,11,2013,-2.3375000000000004,11.18,4.33,7.3900000000000015
60463,26,7,11,2013,-2.7258333333333336,10.74,4.75,7.55
60464,26,8,11,2013,-2.9608333333333334,11.3,5.34,8.08
60465,26,9,11,2013,-3.249166666666667,11.53,5.8,8.5
60466,26,10,11,2013,-3.561666666666667,11.34,5.68,8.35
60467,26,11,11,2013,-4.220833333333334,11.19,5.04,7.69
60468,26,12,11,2013,-4.447499999999999,11.83,6.21,8.8
60469,26,13,11,2013,-4.786666666666667,12.1,6.5600000000000005,9.13
60470,26,14,11,2013,-4.803333333333333,12.09,7.56,9.85
60471,26,15,11,2013,-4.1258333333333335,11.63,8.48,10.45
60472,26,16,11,2013,-3.518333333333333,11.45,8.22,10.21
60473,26,17,11,2013,-3.1425,11.58,8.370000000000001,10.36
60474,26,18,11,2013,-2.9250000000000003,11.6,8.4,10.37
60475,26,19,11,2013,-2.74,11.61,8.36,10.37
60476,26,20,11,2013,-2.685,10.88,7.73,9.64
60477,26,21,11,2013,-3.0025,11.09,7.79,9.82
60478,26,22,11,2013,-3.9825000000000004,10.94,7.54,9.52
60479,26,23,11,2013,-5.239166666666667,13.34,7.26,10.19
60480,27,0,11,2013,-6.084166666666667,12.11,5.96,8.65
60481,27,1,11,2013,-6.498333333333334,12.65,6.84,9.53
60482,27,2,11,2013,-6.690833333333333,13.18,7.25,10.05
60483,27,3,11,2013,-7.221666666666667,11.39,6.01,8.49
60484,27,4,11,2013,-7.468333333333334,10.54,5.23,7.57
60485,27,5,11,2013,-7.805,10.37,5.13,7.52
60486,27,6,11,2013,-8.275,9.82,4.82,7.05
60487,27,7,11,2013,-8.649166666666668,9.12,4.34,6.53
60488,27,8,11,2013,-8.970833333333335,8.700000000000001,4.29,6.36
60489,27,9,11,2013,-9.316666666666668,8.25,4.17,6.18
60490,27,10,11,2013,-9.729999999999999,6.87,3.13,5.04
60491,27,11,11,2013,-10.215,6.48,2.57,4.5200000000000005
60492,27,12,11,2013,-10.423333333333336,4.3500000000000005,1.87,3.59
60493,27,13,11,2013,-10.475833333333334,3.01,2.59,3.79
60494,27,14,11,2013,-9.832500000000001,2.22,2.09,2.74
60495,27,15,11,2013,-8.1075,1.29,1.24,1.38
60496,27,16,11,2013,-6.741666666666666,2.29,1.88,2.19
60497,27,17,11,2013,-5.544166666666668,3.08,2.4,2.86
60498,27,18,11,2013,-4.2299999999999995,4.29,3.27,3.93
60499,27,19,11,2013,-3.0083333333333333,5.8100000000000005,4.32,5.26
60500,27,20,11,2013,-2.1716666666666664,7.29,5.3100000000000005,6.55
60501,27,21,11,2013,-1.9708333333333332,8.18,5.83,7.27
60502,27,22,11,2013,-2.5733333333333337,9.3,5.62,7.1000000000000005
60503,27,23,11,2013,-3.4266666666666676,11.94,5.94,8.700000000000001
60504,28,0,11,2013,-3.3383333333333334,13.79,7.5,10.46
60505,28,1,11,2013,-3.160833333333333,14.11,7.68,10.69
60506,28,2,11,2013,-2.856666666666667,15.25,8.33,11.53
60507,28,3,11,2013,-2.5558333333333336,15.74,8.93,12.17
60508,28,4,11,2013,-2.5841666666666665,16.32,9.51,12.78
60509,28,5,11,2013,-2.458333333333334,16.68,9.68,12.99
60510,28,6,11,2013,-2.377500000000001,16.34,9.34,12.59
60511,28,7,11,2013,-2.4425,15.74,8.67,11.84
60512,28,8,11,2013,-2.7074999999999996,14.52,7.47,10.53
60513,28,9,11,2013,-3.1108333333333333,12.6,6.16,9.02
60514,28,10,11,2013,-3.6008333333333336,11.26,4.75,7.21
60515,28,11,11,2013,-3.3975000000000004,12.48,5.61,8.59
60516,28,12,11,2013,-3.520833333333334,12.48,5.68,8.66
60517,28,13,11,2013,-4.211666666666667,12.25,5.61,8.47
60518,28,14,11,2013,-4.458333333333333,11.59,6.05,8.58
60519,28,15,11,2013,-3.8991666666666664,9.37,6.08,7.43
60520,28,16,11,2013,-3.0291666666666663,8.17,6.05,7.3900000000000015
60521,28,17,11,2013,-2.1225,7.12,5.29,6.44
60522,28,18,11,2013,-1.3158333333333334,6.95,5.28,6.38
60523,28,19,11,2013,-0.6575,6.75,5.11,6.18
60524,28,20,11,2013,-0.27916666666666673,6.36,4.8,5.82
60525,28,21,11,2013,-0.295,5.93,4.4,5.39
60526,28,22,11,2013,-1.3433333333333335,6.09,3.79,4.8100000000000005
60527,28,23,11,2013,-2.938333333333333,6.47,2.56,5.0200000000000005
60528,29,0,11,2013,-3.5400000000000005,8.120000000000001,2.36,6.28
60529,29,1,11,2013,-4.1191666666666675,8.05,2.39,6.03
60530,29,2,11,2013,-4.458333333333334,7.35,2.34,5.66
60531,29,3,11,2013,-4.571666666666666,7.49,3.16,6.15
60532,29,4,11,2013,-5.014166666666666,7.18,2.61,5.55
60533,29,5,11,2013,-5.243333333333333,6.91,1.3,4.15
60534,29,6,11,2013,-5.3325000000000005,7.86,1.33,4.3
60535,29,7,11,2013,-5.5325,8.41,2.16,5.2
60536,29,8,11,2013,-5.701666666666667,8.61,2.68,5.62
60537,29,9,11,2013,-5.854166666666667,8.47,2.68,5.5600000000000005
60538,29,10,11,2013,-5.7991666666666655,8.58,3.43,5.69
60539,29,11,11,2013,-5.756666666666668,9.02,3.56,5.91
60540,29,12,11,2013,-5.43,9.02,4.0,5.87
60541,29,13,11,2013,-5.3741666666666665,8.77,4.17,6.1000000000000005
60542,29,14,11,2013,-5.111666666666666,8.82,4.6000000000000005,6.18
60543,29,15,11,2013,-3.794166666666667,7.77,4.39,5.82
60544,29,16,11,2013,-1.8399999999999999,5.87,4.45,5.29
60545,29,17,11,2013,0.2866666666666667,6.26,4.8,5.75
60546,29,18,11,2013,1.9516666666666664,6.6400000000000015,5.07,6.1000000000000005
60547,29,19,11,2013,3.465,7.42,5.58,6.78
60548,29,20,11,2013,4.400833333333334,8.11,5.84,7.17
60549,29,21,11,2013,4.4816666666666665,9.84,5.72,7.26
60550,29,22,11,2013,3.198333333333333,12.88,5.5600000000000005,9.34
60551,29,23,11,2013,2.2058333333333335,13.67,5.98,9.67
60552,30,0,11,2013,1.9666666666666668,15.11,7.19,10.76
60553,30,1,11,2013,1.7941666666666665,15.84,7.5,11.1
60554,30,2,11,2013,1.625,16.09,7.84,11.41
60555,30,3,11,2013,1.1816666666666666,15.88,7.52,11.04
60556,30,4,11,2013,0.6941666666666667,15.81,6.88,10.41
60557,30,5,11,2013,0.43250000000000005,15.12,6.72,10.09
60558,30,6,11,2013,0.43249999999999994,14.38,6.8100000000000005,10.11
60559,30,7,11,2013,0.3516666666666666,14.32,6.6400000000000015,9.9
60560,30,8,11,2013,0.006666666666666665,13.54,6.18,9.31
60561,30,9,11,2013,-0.4433333333333333,12.72,6.0200000000000005,8.94
60562,30,10,11,2013,-0.34249999999999997,12.83,6.13,9.01
60563,30,11,11,2013,-0.32250000000000006,12.68,6.2,9.09
60564,30,12,11,2013,-0.5000000000000001,12.19,6.19,8.93
60565,30,13,11,2013,-0.9683333333333333,11.1,5.96,8.51
60566,30,14,11,2013,-1.0925,9.59,5.33,7.21
60567,30,15,11,2013,0.08583333333333332,8.23,4.45,6.1400000000000015
60568,30,16,11,2013,1.0666666666666667,6.16,3.67,4.44
60569,30,17,11,2013,1.8708333333333333,3.88,2.96,3.5
60570,30,18,11,2013,3.0391666666666666,2.72,2.39,2.71
60571,30,19,11,2013,4.789166666666666,2.11,1.98,2.2
60572,30,20,11,2013,5.740833333333334,1.97,1.82,2.03
60573,30,21,11,2013,5.577500000000001,2.34,1.77,2.74
60574,30,22,11,2013,3.760833333333334,2.92,3.13,4.72
60575,30,23,11,2013,1.2266666666666668,2.52,3.7,4.67
60576,1,0,12,2013,0.21,2.44,3.69,4.28
60577,1,1,12,2013,0.4216666666666667,2.18,3.58,3.49
60578,1,2,12,2013,0.5383333333333334,2.3000000000000003,3.16,2.99
60579,1,3,12,2013,0.5649999999999998,2.61,2.5,2.59
60580,1,4,12,2013,0.3016666666666667,3.43,2.32,2.99
60581,1,5,12,2013,0.025000000000000005,4.92,2.22,3.71
60582,1,6,12,2013,-0.03833333333333334,7.01,3.28,6.03
60583,1,7,12,2013,-0.21583333333333332,6.99,3.36,6.07
60584,1,8,12,2013,-0.5791666666666667,5.8,3.01,5.6000000000000005
60585,1,9,12,2013,-0.91,5.4,2.87,5.23
60586,1,10,12,2013,-1.278333333333333,5.41,2.71,4.96
60587,1,11,12,2013,-1.6216666666666664,5.0200000000000005,2.61,4.74
60588,1,12,12,2013,-1.9725,5.22,2.41,4.45
60589,1,13,12,2013,-2.2224999999999997,5.22,2.16,4.28
60590,1,14,12,2013,-2.1991666666666663,4.72,1.96,3.64
60591,1,15,12,2013,-0.8541666666666669,3.9,1.8,2.33
60592,1,16,12,2013,1.2166666666666668,2.81,1.47,1.57
60593,1,17,12,2013,3.3633333333333333,1.77,1.43,1.58
60594,1,18,12,2013,5.083333333333333,1.64,1.47,1.64
60595,1,19,12,2013,6.2575,1.79,1.62,1.81
60596,1,20,12,2013,6.7941666666666665,1.67,1.55,1.71
60597,1,21,12,2013,6.862500000000002,2.98,2.44,3.0
60598,1,22,12,2013,5.944166666666665,3.21,1.57,2.71
60599,1,23,12,2013,5.156666666666667,3.24,1.27,2.75
60600,2,0,12,2013,4.5183333333333335,3.06,1.05,2.53
60601,2,1,12,2013,4.0008333333333335,3.38,1.17,2.71
60602,2,2,12,2013,3.7116666666666664,4.36,2.05,3.92
60603,2,3,12,2013,3.3200000000000003,4.4,2.2,4.05
60604,2,4,12,2013,2.7874999999999996,4.62,2.29,3.99
60605,2,5,12,2013,2.2783333333333338,5.82,2.99,5.16
60606,2,6,12,2013,2.0625,6.78,3.65,5.89
60607,2,7,12,2013,1.9183333333333332,6.74,3.69,5.87
60608,2,8,12,2013,1.8416666666666666,6.7,3.54,5.9
60609,2,9,12,2013,1.8724999999999998,7.82,3.82,6.73
60610,2,10,12,2013,1.9950000000000003,8.66,4.0200000000000005,7.0
60611,2,11,12,2013,2.174166666666667,9.99,5.19,7.97
60612,2,12,12,2013,2.4325,11.97,6.75,9.44
60613,2,13,12,2013,1.8100000000000003,12.55,7.1400000000000015,9.8
60614,2,14,12,2013,2.8216666666666668,11.41,6.99,9.55
60615,2,15,12,2013,4.177499999999999,10.67,6.37,8.47
60616,2,16,12,2013,6.096666666666665,9.76,6.0200000000000005,7.42
60617,2,17,12,2013,7.714166666666665,5.2700000000000005,3.94,4.72
60618,2,18,12,2013,9.460833333333333,5.22,4.11,4.87
60619,2,19,12,2013,10.750833333333333,4.95,3.88,4.6000000000000005
60620,2,20,12,2013,11.691666666666665,5.01,3.86,4.62
60621,2,21,12,2013,11.945833333333333,6.16,3.87,4.71
60622,2,22,12,2013,10.635833333333334,7.54,3.38,6.0200000000000005
60623,2,23,12,2013,8.885833333333332,11.12,5.42,8.65
60624,3,0,12,2013,8.759166666666667,11.72,6.07,9.5
60625,3,1,12,2013,8.850833333333334,12.15,6.22,9.72
60626,3,2,12,2013,8.736666666666666,12.53,6.2,9.81
60627,3,3,12,2013,7.954166666666666,12.54,5.96,9.49
60628,3,4,12,2013,7.919999999999999,11.64,6.3,9.46
60629,3,5,12,2013,7.86,11.15,6.38,9.39
60630,3,6,12,2013,7.331666666666667,13.51,7.21,10.32
60631,3,7,12,2013,6.735833333333333,13.53,7.43,10.48
60632,3,8,12,2013,6.341666666666666,12.32,6.92,9.83
60633,3,9,12,2013,6.475833333333335,13.8,7.69,10.88
60634,3,10,12,2013,6.3808333333333325,13.78,7.62,10.68
60635,3,11,12,2013,5.909166666666667,13.66,7.2,10.22
60636,3,12,12,2013,5.7266666666666675,11.75,6.78,9.35
60637,3,13,12,2013,4.710833333333333,8.620000000000001,3.84,6.16
60638,3,14,12,2013,4.7299999999999995,6.78,3.21,4.93
60639,3,15,12,2013,5.739999999999999,4.95,2.61,3.71
60640,3,16,12,2013,7.689166666666666,4.08,2.03,2.39
60641,3,17,12,2013,9.431666666666667,3.2,2.56,3.0
60642,3,18,12,2013,10.628333333333332,3.24,2.61,3.04
60643,3,19,12,2013,11.435,1.92,1.62,1.85
60644,3,20,12,2013,11.08,3.24,2.95,3.3200000000000003
60645,3,21,12,2013,10.307500000000001,4.11,3.3000000000000003,3.92
60646,3,22,12,2013,8.811666666666667,6.38,3.48,5.3500000000000005
60647,3,23,12,2013,6.8708333333333345,8.24,4.01,6.3100000000000005
60648,4,0,12,2013,5.411666666666668,9.53,4.82,7.24
60649,4,1,12,2013,2.9258333333333333,9.36,5.2,7.26
60650,4,2,12,2013,1.7766666666666664,8.09,4.17,5.74
60651,4,3,12,2013,1.8741666666666665,5.5600000000000005,4.17,4.95
60652,4,4,12,2013,1.8583333333333334,5.98,4.34,5.26
60653,4,5,12,2013,1.7266666666666668,6.21,4.41,5.3500000000000005
60654,4,6,12,2013,1.6841666666666664,6.01,4.16,5.04
60655,4,7,12,2013,1.4841666666666666,6.61,4.45,5.51
60656,4,8,12,2013,1.2808333333333333,6.67,4.3500000000000005,5.39
60657,4,9,12,2013,1.1075,7.09,4.57,5.7
60658,4,10,12,2013,0.7625000000000001,7.43,5.24,6.46
60659,4,11,12,2013,0.375,8.45,6.18,7.6
60660,4,12,12,2013,-0.2808333333333333,8.72,6.32,7.79
60661,4,13,12,2013,-0.7324999999999999,9.44,6.8900000000000015,8.48
60662,4,14,12,2013,-1.3525,10.1,7.29,9.01
60663,4,15,12,2013,-2.5149999999999997,10.56,7.52,9.33
60664,4,16,12,2013,-2.9141666666666666,9.92,7.17,8.83
60665,4,17,12,2013,-2.8841666666666668,10.13,7.35,9.03
60666,4,18,12,2013,-2.9608333333333334,10.35,7.52,9.26
60667,4,19,12,2013,-2.8841666666666668,10.24,7.44,9.15
60668,4,20,12,2013,-2.3366666666666664,9.58,6.92,8.51
60669,4,21,12,2013,-1.9874999999999996,9.35,6.73,8.28
60670,4,22,12,2013,-1.8133333333333332,9.03,6.29,7.86
60671,4,23,12,2013,-2.3191666666666664,9.29,5.84,7.6
60672,5,0,12,2013,-3.116666666666667,9.78,6.34,8.17
60673,5,1,12,2013,-4.1658333333333335,12.3,8.3,10.5
60674,5,2,12,2013,-5.197500000000001,12.93,8.66,10.94
60675,5,3,12,2013,-6.186666666666667,13.35,9.03,11.41
60676,5,4,12,2013,-7.3125,14.49,9.88,12.41
60677,5,5,12,2013,-7.448333333333333,13.73,9.73,12.09
60678,5,6,12,2013,-7.465000000000001,13.1,9.2,11.45
60679,5,7,12,2013,-7.63,12.41,8.77,10.87
60680,5,8,12,2013,-8.039166666666665,11.78,8.23,10.25
60681,5,9,12,2013,-8.82,12.64,8.75,10.95
60682,5,10,12,2013,-9.365833333333336,11.43,7.97,9.95
60683,5,11,12,2013,-9.928333333333335,11.25,7.79,9.76
60684,5,12,12,2013,-10.32,10.65,7.31,9.2
60685,5,13,12,2013,-10.770000000000001,10.54,7.3900000000000015,9.22
60686,5,14,12,2013,-11.000833333333333,10.49,7.36,9.16
60687,5,15,12,2013,-10.851666666666667,10.1,7.31,9.0
60688,5,16,12,2013,-10.3575,9.35,6.8100000000000005,8.35
60689,5,17,12,2013,-9.657499999999999,8.57,6.3100000000000005,7.69
60690,5,18,12,2013,-8.991666666666667,8.35,6.18,7.51
60691,5,19,12,2013,-8.4225,8.040000000000001,5.96,7.23
60692,5,20,12,2013,-8.088333333333335,7.09,5.26,6.37
60693,5,21,12,2013,-8.010000000000002,6.67,4.91,5.98
60694,5,22,12,2013,-8.100833333333332,6.4,4.65,5.7
60695,5,23,12,2013,-8.176666666666668,6.5200000000000005,4.7,5.8
60696,6,0,12,2013,-8.278333333333332,6.55,4.7,5.8100000000000005
60697,6,1,12,2013,-8.445,8.05,5.82,7.19
60698,6,2,12,2013,-8.675833333333335,8.67,6.24,7.71
60699,6,3,12,2013,-9.074166666666668,9.05,6.48,8.07
60700,6,4,12,2013,-9.835833333333333,9.68,6.97,8.65
60701,6,5,12,2013,-10.484166666666667,9.38,6.78,8.39
60702,6,6,12,2013,-11.619999999999997,10.24,7.46,9.24
60703,6,7,12,2013,-12.498333333333333,9.2,6.5200000000000005,8.120000000000001
60704,6,8,12,2013,-13.174166666666666,9.94,7.1400000000000015,8.89
60705,6,9,12,2013,-13.530833333333332,9.11,6.6000000000000005,8.16
60706,6,10,12,2013,-13.909166666666666,9.04,6.43,8.01
60707,6,11,12,2013,-14.164166666666667,8.040000000000001,5.6000000000000005,6.96
60708,6,12,12,2013,-14.470833333333333,8.45,5.61,7.1400000000000015
60709,6,13,12,2013,-14.813333333333333,8.370000000000001,5.5600000000000005,7.08
60710,6,14,12,2013,-15.061666666666667,9.6,6.93,8.56
60711,6,15,12,2013,-14.7525,9.58,6.98,8.6
60712,6,16,12,2013,-14.138333333333335,8.72,6.43,7.88
60713,6,17,12,2013,-13.387500000000001,8.28,6.15,7.48
60714,6,18,12,2013,-12.600833333333334,7.86,5.87,7.12
60715,6,19,12,2013,-11.887500000000001,7.33,5.48,6.6400000000000015
60716,6,20,12,2013,-11.39333333333333,7.29,5.43,6.61
60717,6,21,12,2013,-11.236666666666666,7.17,5.32,6.47
60718,6,22,12,2013,-11.468333333333334,7.01,5.09,6.2700000000000005
60719,6,23,12,2013,-11.94,6.8100000000000005,4.21,5.55
60720,7,0,12,2013,-12.423333333333332,7.11,3.96,5.2700000000000005
60721,7,1,12,2013,-12.799166666666666,8.17,4.16,5.93
60722,7,2,12,2013,-13.231666666666667,6.99,3.97,5.5600000000000005
60723,7,3,12,2013,-13.675833333333332,8.32,3.89,5.8
60724,7,4,12,2013,-14.158333333333337,8.52,3.87,5.79
60725,7,5,12,2013,-14.585833333333333,8.76,4.12,6.09
60726,7,6,12,2013,-15.042499999999999,8.83,4.0200000000000005,5.97
60727,7,7,12,2013,-15.546666666666667,9.3,4.36,6.3900000000000015
60728,7,8,12,2013,-16.010833333333334,9.26,4.58,6.55
60729,7,9,12,2013,-16.401666666666664,8.51,4.49,6.33
60730,7,10,12,2013,-16.758333333333336,8.03,4.32,5.95
60731,7,11,12,2013,-17.025833333333335,7.41,3.86,5.43
60732,7,12,12,2013,-17.230833333333333,7.01,3.7,5.2
60733,7,13,12,2013,-17.423333333333336,6.8500000000000005,3.92,5.3100000000000005
60734,7,14,12,2013,-17.359166666666663,6.3900000000000015,3.59,4.87
60735,7,15,12,2013,-16.535833333333333,4.3100000000000005,3.33,3.97
60736,7,16,12,2013,-15.37083333333333,3.68,2.96,3.46
60737,7,17,12,2013,-14.094999999999999,3.5700000000000003,2.89,3.37
60738,7,18,12,2013,-12.8375,3.48,2.81,3.27
60739,7,19,12,2013,-11.736666666666665,3.76,3.04,3.54
60740,7,20,12,2013,-10.975833333333334,3.95,3.18,3.7
60741,7,21,12,2013,-10.5575,4.41,3.47,4.1
60742,7,22,12,2013,-10.556666666666667,4.59,3.45,4.21
60743,7,23,12,2013,-10.64,4.82,3.45,4.2
60744,8,0,12,2013,-10.703333333333333,5.38,2.9,3.95
60745,8,1,12,2013,-10.674166666666666,5.82,3.1,4.29
60746,8,2,12,2013,-10.231666666666667,5.95,4.1,5.05
60747,8,3,12,2013,-9.914166666666667,6.13,4.45,5.45
60748,8,4,12,2013,-9.816666666666665,6.21,4.54,5.55
60749,8,5,12,2013,-9.674999999999999,6.2,4.5,5.49
60750,8,6,12,2013,-9.5,6.37,4.58,5.66
60751,8,7,12,2013,-9.38,6.45,4.67,5.79
60752,8,8,12,2013,-9.4525,6.7,4.91,6.01
60753,8,9,12,2013,-9.543333333333333,6.7,4.9,6.0200000000000005
60754,8,10,12,2013,-9.935,7.0,5.1000000000000005,6.3100000000000005
60755,8,11,12,2013,-10.390833333333333,6.8500000000000005,5.0600000000000005,6.15
60756,8,12,12,2013,-10.530833333333334,6.69,4.94,6.01
60757,8,13,12,2013,-10.586666666666668,6.12,4.53,5.51
60758,8,14,12,2013,-10.554166666666667,5.82,4.3,5.23
60759,8,15,12,2013,-10.175833333333332,5.33,4.04,4.8500000000000005
60760,8,16,12,2013,-9.360833333333334,5.12,3.95,4.71
60761,8,17,12,2013,-8.354166666666666,4.45,3.47,4.11
60762,8,18,12,2013,-7.395833333333333,3.78,2.96,3.49
60763,8,19,12,2013,-6.585000000000001,2.65,2.1,2.44
60764,8,20,12,2013,-6.104166666666667,1.58,1.25,1.45
60765,8,21,12,2013,-6.0275,0.86,0.74,0.84
60766,8,22,12,2013,-6.403333333333333,2.62,1.84,2.49
60767,8,23,12,2013,-7.152499999999999,3.08,2.14,2.8000000000000003
60768,9,0,12,2013,-7.372500000000001,4.2700000000000005,2.53,3.41
60769,9,1,12,2013,-7.578333333333333,5.4,2.75,4.3100000000000005
60770,9,2,12,2013,-8.3175,5.75,2.82,4.62
60771,9,3,12,2013,-8.949166666666667,6.33,2.95,5.09
60772,9,4,12,2013,-9.288333333333334,6.94,3.14,5.34
60773,9,5,12,2013,-9.694166666666668,7.54,3.21,5.47
60774,9,6,12,2013,-9.759999999999998,7.94,3.6,5.7700000000000005
60775,9,7,12,2013,-10.015833333333335,8.59,3.69,6.01
60776,9,8,12,2013,-10.333333333333334,9.78,4.61,6.91
60777,9,9,12,2013,-10.5325,11.7,5.95,8.43
60778,9,10,12,2013,-11.457499999999998,11.43,5.61,8.07
60779,9,11,12,2013,-12.413333333333334,11.35,5.91,8.34
60780,9,12,12,2013,-12.847500000000002,11.99,6.5200000000000005,9.01
60781,9,13,12,2013,-13.347499999999998,10.79,5.25,7.61
60782,9,14,12,2013,-12.990833333333335,11.46,6.05,8.47
60783,9,15,12,2013,-12.340000000000002,8.18,5.87,7.19
60784,9,16,12,2013,-11.448333333333332,7.75,5.65,6.8900000000000015
60785,9,17,12,2013,-10.431666666666667,6.3500000000000005,4.7,5.7
60786,9,18,12,2013,-9.335833333333332,5.64,4.17,5.05
60787,9,19,12,2013,-8.465000000000002,4.61,3.45,4.14
60788,9,20,12,2013,-7.795000000000001,4.04,3.0500000000000003,3.64
60789,9,21,12,2013,-7.421666666666666,4.48,3.25,3.98
60790,9,22,12,2013,-7.988333333333334,5.92,3.18,4.95
60791,9,23,12,2013,-8.735000000000001,9.37,4.86,7.47
60792,10,0,12,2013,-8.737500000000002,10.6,5.74,8.290000000000001
60793,10,1,12,2013,-8.790000000000001,12.67,7.22,9.95
60794,10,2,12,2013,-9.114166666666668,13.65,7.45,10.45
60795,10,3,12,2013,-9.348333333333334,14.87,8.02,11.05
60796,10,4,12,2013,-9.363333333333332,15.52,8.48,11.65
60797,10,5,12,2013,-8.936666666666666,16.97,9.85,13.21
60798,10,6,12,2013,-8.328333333333333,17.400000000000002,10.27,13.69
60799,10,7,12,2013,-8.208333333333334,17.61,10.35,13.72
60800,10,8,12,2013,-8.182500000000001,17.080000000000002,9.95,13.28
60801,10,9,12,2013,-8.13,16.62,9.5,12.75
60802,10,10,12,2013,-8.029166666666667,15.09,8.47,11.5
60803,10,11,12,2013,-7.720833333333334,15.35,7.33,10.48
60804,10,12,12,2013,-8.039166666666668,13.87,6.8100000000000005,9.71
60805,10,13,12,2013,-8.194166666666668,13.32,6.16,9.17
60806,10,14,12,2013,-7.627499999999999,12.37,5.8100000000000005,8.45
60807,10,15,12,2013,-5.915,9.07,5.22,6.96
60808,10,16,12,2013,-3.69,7.24,4.15,4.8100000000000005
60809,10,17,12,2013,-1.8525,4.5,3.51,4.11
60810,10,18,12,2013,-0.8125,3.59,2.78,3.29
60811,10,19,12,2013,-0.017499999999999984,4.24,3.22,3.86
60812,10,20,12,2013,0.45916666666666667,6.2,4.6000000000000005,5.62
60813,10,21,12,2013,0.26166666666666666,7.44,4.72,5.91
60814,10,22,12,2013,-1.3099999999999998,9.61,4.46,7.4
60815,10,23,12,2013,-2.0958333333333337,12.11,5.68,8.78
60816,11,0,12,2013,-1.9508333333333334,13.2,6.34,9.51
60817,11,1,12,2013,-1.9933333333333334,13.32,6.24,9.5
60818,11,2,12,2013,-2.2075,13.29,6.1400000000000015,9.23
60819,11,3,12,2013,-3.138333333333333,13.56,6.37,9.57
60820,11,4,12,2013,-4.0183333333333335,12.73,5.69,8.65
60821,11,5,12,2013,-4.160833333333334,11.97,5.32,8.25
60822,11,6,12,2013,-4.637500000000001,11.35,5.53,8.28
60823,11,7,12,2013,-4.965833333333333,10.52,4.69,7.53
60824,11,8,12,2013,-4.189166666666667,14.45,6.34,9.67
60825,11,9,12,2013,-5.3500000000000005,14.22,6.34,9.61
60826,11,10,12,2013,-6.482500000000001,12.76,6.11,8.950000000000003
60827,11,11,12,2013,-7.6025,13.32,7.03,9.81
60828,11,12,12,2013,-8.483333333333334,12.67,6.87,9.52
60829,11,13,12,2013,-9.504999999999997,11.71,6.38,8.82
60830,11,14,12,2013,-10.949166666666668,11.22,7.2,8.94
60831,11,15,12,2013,-11.471666666666664,9.64,6.8900000000000015,8.51
60832,11,16,12,2013,-11.255833333333333,8.64,6.53,7.91
60833,11,17,12,2013,-10.459166666666667,6.62,5.03,6.05
60834,11,18,12,2013,-9.798333333333334,5.95,4.6000000000000005,5.48
60835,11,19,12,2013,-9.138333333333334,4.8500000000000005,3.75,4.46
60836,11,20,12,2013,-8.753333333333332,4.48,3.53,4.17
60837,11,21,12,2013,-8.540833333333333,3.33,2.63,3.1
60838,11,22,12,2013,-8.889999999999999,2.38,1.9,2.24
60839,11,23,12,2013,-9.5625,2.56,0.5700000000000001,1.64
60840,12,0,12,2013,-10.071666666666667,3.96,1.53,3.04
60841,12,1,12,2013,-10.350833333333332,5.54,2.85,4.84
60842,12,2,12,2013,-10.391666666666667,6.99,3.28,5.4
60843,12,3,12,2013,-10.303333333333333,8.82,3.99,6.32
60844,12,4,12,2013,-9.938333333333333,10.61,5.3100000000000005,7.8
60845,12,5,12,2013,-9.725833333333332,11.6,5.9,8.49
60846,12,6,12,2013,-9.443333333333333,12.79,6.78,9.52
60847,12,7,12,2013,-9.0425,13.9,7.58,10.47
60848,12,8,12,2013,-8.361666666666666,14.85,8.290000000000001,11.34
60849,12,9,12,2013,-7.958333333333335,15.2,8.43,11.53
60850,12,10,12,2013,-7.891666666666667,15.13,8.24,11.3
60851,12,11,12,2013,-7.7925,15.62,8.38,11.53
60852,12,12,12,2013,-7.445000000000001,15.68,8.47,11.63
60853,12,13,12,2013,-7.105,15.89,8.78,11.97
60854,12,14,12,2013,-6.421666666666667,15.88,9.4,12.19
60855,12,15,12,2013,-4.718333333333334,14.35,9.15,11.76
60856,12,16,12,2013,-3.2191666666666667,12.36,7.9,9.74
60857,12,17,12,2013,-1.1633333333333338,9.38,7.08,8.47
60858,12,18,12,2013,0.6341666666666667,7.1000000000000005,5.36,6.47
60859,12,19,12,2013,1.7583333333333335,6.7,4.99,6.08
60860,12,20,12,2013,2.4833333333333334,7.0200000000000005,5.09,6.29
60861,12,21,12,2013,2.5183333333333335,7.3900000000000015,5.14,6.34
60862,12,22,12,2013,0.6475000000000001,10.08,4.25,7.7
60863,12,23,12,2013,0.015000000000000001,11.73,5.23,8.58
60864,13,0,12,2013,0.3908333333333334,12.9,6.41,9.6
60865,13,1,12,2013,0.1233333333333333,14.75,7.83,11.14
60866,13,2,12,2013,-1.0,15.29,7.94,11.25
60867,13,3,12,2013,-1.4983333333333337,15.34,8.02,11.31
60868,13,4,12,2013,-2.170833333333333,14.61,7.28,10.43
60869,13,5,12,2013,-2.5725000000000002,13.76,6.5600000000000005,9.6
60870,13,6,12,2013,-2.65,13.68,6.62,9.65
60871,13,7,12,2013,-2.878333333333334,13.26,6.21,9.19
60872,13,8,12,2013,-3.53,12.18,4.84,7.73
60873,13,9,12,2013,-3.8658333333333332,11.63,5.47,8.02
60874,13,10,12,2013,-4.148333333333334,11.31,5.3500000000000005,7.86
60875,13,11,12,2013,-4.165833333333334,10.54,4.87,7.26
60876,13,12,12,2013,-4.679166666666667,10.07,4.69,6.92
60877,13,13,12,2013,-4.506666666666667,9.31,4.28,6.37
60878,13,14,12,2013,-4.0525,8.96,3.87,5.95
60879,13,15,12,2013,-3.1950000000000003,7.0,3.87,4.82
60880,13,16,12,2013,-1.3583333333333332,4.75,3.19,3.77
60881,13,17,12,2013,-0.5633333333333334,3.74,3.12,3.63
60882,13,18,12,2013,-0.6558333333333334,3.21,2.58,3.02
60883,13,19,12,2013,-0.5508333333333334,3.56,2.88,3.36
60884,13,20,12,2013,-0.7591666666666667,3.37,2.2,2.61
60885,13,21,12,2013,-1.3991666666666667,2.94,1.9,3.54
60886,13,22,12,2013,-3.0066666666666664,3.3000000000000003,2.42,4.39
60887,13,23,12,2013,-3.5483333333333333,4.55,1.66,4.3100000000000005
60888,14,0,12,2013,-3.48,5.16,1.51,4.0200000000000005
60889,14,1,12,2013,-3.5483333333333325,5.69,2.91,4.39
60890,14,2,12,2013,-3.3775,7.8900000000000015,4.07,5.87
60891,14,3,12,2013,-3.3683333333333327,9.63,5.03,7.0600000000000005
60892,14,4,12,2013,-3.7775,10.48,5.73,7.9
60893,14,5,12,2013,-4.4775,10.74,6.49,8.64
60894,14,6,12,2013,-5.085833333333334,10.83,6.76,8.88
60895,14,7,12,2013,-5.633333333333333,11.01,6.67,8.71
60896,14,8,12,2013,-6.064166666666668,11.07,6.67,8.88
60897,14,9,12,2013,-5.885000000000001,11.49,6.97,9.28
60898,14,10,12,2013,-5.6691666666666665,11.55,7.32,9.47
60899,14,11,12,2013,-5.728333333333334,11.15,7.3,9.44
60900,14,12,12,2013,-6.178333333333334,11.35,7.29,9.43
60901,14,13,12,2013,-7.200000000000002,11.32,7.08,9.3
60902,14,14,12,2013,-8.125833333333334,11.58,7.46,9.63
60903,14,15,12,2013,-7.979166666666665,10.49,7.43,9.23
60904,14,16,12,2013,-7.3725,9.34,7.03,8.58
60905,14,17,12,2013,-6.617500000000001,8.91,6.73,8.2
60906,14,18,12,2013,-5.838333333333334,8.48,6.3500000000000005,7.75
60907,14,19,12,2013,-5.069999999999999,8.22,6.1000000000000005,7.47
60908,14,20,12,2013,-4.738333333333333,8.5,6.25,7.72
60909,14,21,12,2013,-4.6925,8.52,6.26,7.72
60910,14,22,12,2013,-5.130000000000001,8.26,5.55,6.94
60911,14,23,12,2013,-5.8275,8.48,4.01,6.41
60912,15,0,12,2013,-5.857500000000001,9.59,4.6000000000000005,7.13
60913,15,1,12,2013,-6.159166666666667,8.63,4.15,6.6000000000000005
60914,15,2,12,2013,-6.295833333333333,8.38,3.64,6.28
60915,15,3,12,2013,-6.545833333333333,7.45,3.11,5.8500000000000005
60916,15,4,12,2013,-6.861666666666667,5.68,2.52,5.1000000000000005
60917,15,5,12,2013,-7.030833333333334,4.32,2.31,3.97
60918,15,6,12,2013,-7.058333333333334,3.54,2.4,3.37
60919,15,7,12,2013,-7.2891666666666675,3.28,2.89,3.98
60920,15,8,12,2013,-7.02,4.07,3.14,4.5600000000000005
60921,15,9,12,2013,-6.6925,5.0600000000000005,3.42,5.32
60922,15,10,12,2013,-6.675,6.74,3.63,6.34
60923,15,11,12,2013,-7.2025,9.07,3.5700000000000003,6.7
60924,15,12,12,2013,-6.362500000000001,10.11,4.69,7.43
60925,15,13,12,2013,-6.080000000000001,10.14,5.07,7.68
60926,15,14,12,2013,-5.548333333333333,9.69,5.39,7.67
60927,15,15,12,2013,-3.946666666666667,8.47,4.64,6.48
60928,15,16,12,2013,-1.5266666666666666,6.53,3.3200000000000003,3.78
60929,15,17,12,2013,0.5558333333333333,3.37,2.49,2.9
60930,15,18,12,2013,2.225833333333333,2.19,1.71,2.01
60931,15,19,12,2013,3.3825000000000003,1.55,1.26,1.46
60932,15,20,12,2013,4.2091666666666665,2.0,1.61,1.89
60933,15,21,12,2013,4.31,2.12,1.61,1.89
60934,15,22,12,2013,2.6283333333333334,2.76,0.63,1.25
60935,15,23,12,2013,0.5400000000000001,3.97,0.74,1.92
60936,16,0,12,2013,0.9925,5.12,1.44,3.1
60937,16,1,12,2013,0.8441666666666667,5.67,1.85,3.85
60938,16,2,12,2013,0.24416666666666664,5.86,2.83,4.7
60939,16,3,12,2013,0.4283333333333333,6.83,3.74,5.72
60940,16,4,12,2013,0.05166666666666666,7.34,4.0,6.34
60941,16,5,12,2013,-1.1583333333333332,7.07,3.29,5.63
60942,16,6,12,2013,-2.3874999999999997,5.61,2.69,4.32
60943,16,7,12,2013,-3.605,4.17,1.83,3.13
60944,16,8,12,2013,-4.07,3.37,1.83,2.9
60945,16,9,12,2013,-4.865,2.82,1.37,2.4
60946,16,10,12,2013,-5.086666666666667,1.59,0.28,0.72
60947,16,11,12,2013,-4.915,3.2,0.93,1.99
60948,16,12,12,2013,-4.863333333333333,3.68,0.93,2.11
60949,16,13,12,2013,-4.611666666666667,4.97,1.7,3.29
60950,16,14,12,2013,-3.4725,6.22,2.36,3.92
60951,16,15,12,2013,-1.0291666666666666,6.62,3.01,3.97
60952,16,16,12,2013,1.719166666666667,7.11,3.96,4.71
60953,16,17,12,2013,4.265833333333333,7.0600000000000005,4.66,5.5600000000000005
60954,16,18,12,2013,6.440833333333334,7.73,5.62,6.8500000000000005
60955,16,19,12,2013,7.829166666666668,8.11,5.95,7.27
60956,16,20,12,2013,7.925,7.12,5.3100000000000005,6.45
60957,16,21,12,2013,7.180833333333333,6.58,4.1,5.3100000000000005
60958,16,22,12,2013,5.3166666666666655,8.58,2.81,5.99
60959,16,23,12,2013,4.031666666666666,8.91,3.22,6.94
60960,17,0,12,2013,2.8775,8.36,3.0700000000000003,6.5600000000000005
60961,17,1,12,2013,1.8783333333333332,7.97,2.9,6.08
60962,17,2,12,2013,0.6491666666666668,8.07,2.69,6.17
60963,17,3,12,2013,0.31333333333333324,7.46,2.83,6.36
60964,17,4,12,2013,-0.5066666666666667,7.33,2.59,5.39
60965,17,5,12,2013,-0.6024999999999999,6.01,2.72,5.37
60966,17,6,12,2013,-0.8133333333333334,4.91,2.51,5.01
60967,17,7,12,2013,-1.4608333333333334,5.55,3.3000000000000003,4.87
60968,17,8,12,2013,-1.8216666666666665,7.26,3.69,6.0600000000000005
60969,17,9,12,2013,-1.3566666666666667,9.43,4.65,7.45
60970,17,10,12,2013,-1.2258333333333333,11.61,5.49,8.43
60971,17,11,12,2013,0.17833333333333334,11.86,5.96,8.82
60972,17,12,12,2013,-0.44166666666666665,10.65,5.03,7.63
60973,17,13,12,2013,-0.8708333333333332,12.57,5.1000000000000005,8.2
60974,17,14,12,2013,-0.7083333333333334,12.36,5.87,8.290000000000001
60975,17,15,12,2013,0.2058333333333333,11.16,6.38,8.25
60976,17,16,12,2013,1.4508333333333334,9.82,6.54,8.19
60977,17,17,12,2013,2.4541666666666666,8.73,6.42,7.85
60978,17,18,12,2013,3.358333333333333,7.88,5.8100000000000005,7.1000000000000005
60979,17,19,12,2013,3.9658333333333338,7.26,5.2700000000000005,6.48
60980,17,20,12,2013,4.2375,6.68,4.83,5.94
60981,17,21,12,2013,3.888333333333333,6.12,4.41,5.45
60982,17,22,12,2013,2.1941666666666664,6.03,2.73,5.03
60983,17,23,12,2013,1.2774999999999999,6.2700000000000005,3.15,5.48
60984,18,0,12,2013,0.6175,6.28,3.19,5.46
60985,18,1,12,2013,0.12333333333333334,5.88,3.83,5.55
60986,18,2,12,2013,0.07666666666666667,6.72,4.08,6.08
60987,18,3,12,2013,0.28833333333333333,7.83,4.45,6.82
60988,18,4,12,2013,0.5516666666666666,10.24,4.96,8.17
60989,18,5,12,2013,0.37833333333333324,11.83,5.15,8.47
60990,18,6,12,2013,0.64,13.52,6.05,9.26
60991,18,7,12,2013,1.0374999999999999,14.9,7.3900000000000015,10.73
60992,18,8,12,2013,1.6583333333333339,16.76,8.870000000000003,12.4
60993,18,9,12,2013,2.0791666666666666,18.05,9.88,13.61
60994,18,10,12,2013,2.2258333333333336,18.02,9.87,13.58
60995,18,11,12,2013,2.1175,17.81,9.67,13.35
60996,18,12,12,2013,2.8158333333333334,18.38,10.57,14.3
60997,18,13,12,2013,2.8816666666666664,18.77,11.06,14.8
60998,18,14,12,2013,3.241666666666667,18.85,11.62,15.11
60999,18,15,12,2013,4.771666666666667,18.07,11.59,14.94
61000,18,16,12,2013,5.73,15.88,9.87,12.63
61001,18,17,12,2013,7.021666666666666,14.09,9.53,11.84
61002,18,18,12,2013,8.898333333333335,12.77,8.93,11.04
61003,18,19,12,2013,10.171666666666667,11.9,8.55,10.57
61004,18,20,12,2013,10.336666666666666,10.61,7.37,9.24
61005,18,21,12,2013,9.586666666666668,12.16,6.26,8.9
61006,18,22,12,2013,7.980000000000001,13.42,6.45,9.91
61007,18,23,12,2013,7.083333333333333,15.04,7.0200000000000005,10.57
61008,19,0,12,2013,6.68,15.04,6.94,10.53
61009,19,1,12,2013,6.629999999999999,15.54,7.08,10.75
61010,19,2,12,2013,6.690833333333333,15.66,7.35,10.95
61011,19,3,12,2013,6.326666666666668,15.7,7.4,11.01
61012,19,4,12,2013,5.1000000000000005,13.9,6.17,9.25
61013,19,5,12,2013,4.579166666666667,12.71,6.76,9.38
61014,19,6,12,2013,4.5575,12.8,6.67,9.38
61015,19,7,12,2013,4.578333333333334,12.95,6.78,9.53
61016,19,8,12,2013,4.589999999999999,12.36,6.5200000000000005,9.13
61017,19,9,12,2013,3.5858333333333334,10.37,4.21,6.69
61018,19,10,12,2013,3.295,8.33,3.27,5.08
61019,19,11,12,2013,2.6941666666666664,7.3,1.78,3.85
61020,19,12,12,2013,2.3916666666666666,4.04,0.64,1.34
61021,19,13,12,2013,2.0741666666666663,1.96,0.81,1.28
61022,19,14,12,2013,2.1158333333333332,2.19,0.67,1.66
61023,19,15,12,2013,2.3000000000000003,2.52,1.03,1.73
61024,19,16,12,2013,1.7633333333333336,3.15,2.48,2.97
61025,19,17,12,2013,1.6133333333333333,3.12,2.51,2.84
61026,19,18,12,2013,1.9691666666666665,5.09,3.08,4.08
61027,19,19,12,2013,1.9916666666666665,5.95,3.5,4.67
61028,19,20,12,2013,1.7266666666666666,6.75,4.26,5.61
61029,19,21,12,2013,0.8358333333333334,7.47,4.84,6.0600000000000005
61030,19,22,12,2013,0.21916666666666665,8.42,5.3500000000000005,6.78
61031,19,23,12,2013,-0.07166666666666666,9.24,5.92,7.55
61032,20,0,12,2013,-0.3558333333333334,9.5,6.04,7.74
61033,20,1,12,2013,-1.01,10.21,6.8900000000000015,8.59
61034,20,2,12,2013,-1.9433333333333334,10.67,7.47,9.35
61035,20,3,12,2013,-2.8633333333333333,11.31,8.02,9.99
61036,20,4,12,2013,-3.775,11.47,8.27,10.25
61037,20,5,12,2013,-4.807499999999999,11.95,8.6,10.66
61038,20,6,12,2013,-5.666666666666667,11.78,8.47,10.51
61039,20,7,12,2013,-6.343333333333334,11.95,8.69,10.74
61040,20,8,12,2013,-6.920833333333333,12.02,8.73,10.8
61041,20,9,12,2013,-7.4866666666666655,11.14,8.14,10.04
61042,20,10,12,2013,-8.221666666666666,11.21,8.16,10.08
61043,20,11,12,2013,-8.85,10.87,7.9300000000000015,9.78
61044,20,12,12,2013,-9.235000000000001,10.35,7.51,9.28
61045,20,13,12,2013,-9.471666666666664,10.25,7.47,9.21
61046,20,14,12,2013,-9.585833333333333,9.7,7.07,8.73
61047,20,15,12,2013,-9.739999999999998,9.57,6.99,8.620000000000001
61048,20,16,12,2013,-9.8225,8.86,6.5600000000000005,8.03
61049,20,17,12,2013,-9.5175,8.57,6.36,7.77
61050,20,18,12,2013,-8.743333333333332,7.11,5.32,6.46
61051,20,19,12,2013,-7.580000000000001,6.3,4.72,5.72
61052,20,20,12,2013,-6.750000000000001,5.99,4.55,5.48
61053,20,21,12,2013,-6.525000000000001,5.8100000000000005,4.39,5.3
61054,20,22,12,2013,-6.8183333333333325,5.89,4.34,5.33
61055,20,23,12,2013,-7.260000000000002,5.82,2.9,4.47
61056,21,0,12,2013,-7.305000000000001,5.0,2.71,3.65
61057,21,1,12,2013,-7.338333333333334,4.17,2.67,3.42
61058,21,2,12,2013,-7.530833333333334,3.82,2.39,3.1
61059,21,3,12,2013,-7.6499999999999995,3.74,2.81,3.4
61060,21,4,12,2013,-7.740833333333335,3.31,2.46,3.0
61061,21,5,12,2013,-7.81,2.8000000000000003,2.22,2.64
61062,21,6,12,2013,-7.945833333333333,3.0,2.31,2.76
61063,21,7,12,2013,-8.103333333333333,2.74,2.11,2.53
61064,21,8,12,2013,-8.240833333333333,2.58,2.15,2.51
61065,21,9,12,2013,-8.311666666666667,1.84,1.56,1.8
61066,21,10,12,2013,-8.353333333333333,2.57,2.07,2.4
61067,21,11,12,2013,-8.380833333333333,2.84,2.29,2.68
61068,21,12,12,2013,-8.4675,3.64,2.76,3.24
61069,21,13,12,2013,-8.486666666666668,3.78,2.71,3.22
61070,21,14,12,2013,-8.389999999999999,3.87,2.84,3.38
61071,21,15,12,2013,-7.9941666666666675,3.98,3.06,3.65
61072,21,16,12,2013,-7.305833333333335,4.3100000000000005,3.4,4.0200000000000005
61073,21,17,12,2013,-6.4383333333333335,4.41,3.49,4.12
61074,21,18,12,2013,-5.5675,5.1000000000000005,3.99,4.75
61075,21,19,12,2013,-4.901666666666667,5.15,4.0,4.78
61076,21,20,12,2013,-4.510833333333334,6.0600000000000005,4.62,5.6000000000000005
61077,21,21,12,2013,-4.555000000000001,6.2700000000000005,4.5200000000000005,5.62
61078,21,22,12,2013,-5.6325,6.29,4.43,5.51
61079,21,23,12,2013,-5.824166666666667,8.11,4.88,6.38
61080,22,0,12,2013,-5.748333333333334,8.39,5.1000000000000005,6.8100000000000005
61081,22,1,12,2013,-5.66,8.76,5.0600000000000005,7.2
61082,22,2,12,2013,-5.593333333333334,9.84,5.13,7.92
61083,22,3,12,2013,-5.699166666666666,9.98,5.18,8.01
61084,22,4,12,2013,-5.874166666666667,10.15,4.96,8.09
61085,22,5,12,2013,-5.985833333333333,10.57,6.03,8.5
61086,22,6,12,2013,-6.171666666666667,11.01,6.69,8.77
61087,22,7,12,2013,-6.465833333333333,10.64,6.76,8.84
61088,22,8,12,2013,-6.806666666666666,10.94,7.37,9.41
61089,22,9,12,2013,-7.4141666666666675,11.51,7.74,9.87
61090,22,10,12,2013,-8.036666666666667,11.92,7.97,10.19
61091,22,11,12,2013,-8.347499999999998,11.92,7.92,10.14
61092,22,12,12,2013,-9.278333333333334,11.87,6.53,9.0
61093,22,13,12,2013,-10.690833333333336,13.07,7.08,9.93
61094,22,14,12,2013,-11.931666666666667,13.11,7.07,9.9
61095,22,15,12,2013,-11.865833333333335,11.88,7.41,9.6
61096,22,16,12,2013,-11.331666666666669,10.4,6.66,8.22
61097,22,17,12,2013,-10.567499999999999,8.97,6.73,8.17
61098,22,18,12,2013,-9.771666666666667,8.22,6.24,7.54
61099,22,19,12,2013,-8.966666666666669,7.9,5.87,7.16
61100,22,20,12,2013,-8.354166666666666,7.62,5.57,6.8500000000000005
61101,22,21,12,2013,-8.275833333333335,7.46,5.13,6.42
61102,22,22,12,2013,-9.976666666666667,8.49,3.87,7.11
61103,22,23,12,2013,-11.093333333333334,9.08,3.93,7.61
61104,23,0,12,2013,-11.952499999999999,9.74,4.37,7.74
61105,23,1,12,2013,-12.383333333333333,11.18,4.5,8.040000000000001
61106,23,2,12,2013,-12.455833333333333,12.77,5.2,8.67
61107,23,3,12,2013,-13.055833333333334,12.89,5.09,8.64
61108,23,4,12,2013,-13.301666666666664,14.11,5.93,9.36
61109,23,5,12,2013,-13.963333333333333,14.14,6.41,9.65
61110,23,6,12,2013,-14.694166666666668,13.37,6.88,9.97
61111,23,7,12,2013,-15.204999999999998,13.75,6.95,10.01
61112,23,8,12,2013,-15.315000000000003,12.39,5.96,8.6
61113,23,9,12,2013,-14.369166666666667,10.24,5.79,7.77
61114,23,10,12,2013,-14.237499999999999,10.08,6.24,8.120000000000001
61115,23,11,12,2013,-14.455,9.59,6.03,7.75
61116,23,12,12,2013,-14.778333333333336,7.45,4.96,6.3100000000000005
61117,23,13,12,2013,-15.965833333333336,9.91,5.66,7.52
61118,23,14,12,2013,-16.701666666666664,8.64,4.96,6.65
61119,23,15,12,2013,-16.83,7.4,4.4,5.75
61120,23,16,12,2013,-17.023333333333333,5.98,4.5600000000000005,5.5
61121,23,17,12,2013,-16.56916666666667,5.51,4.16,5.0200000000000005
61122,23,18,12,2013,-15.970833333333333,5.87,4.44,5.37
61123,23,19,12,2013,-15.372500000000002,5.88,4.46,5.39
61124,23,20,12,2013,-14.910833333333334,5.64,4.28,5.16
61125,23,21,12,2013,-15.079166666666667,4.94,3.67,4.48
61126,23,22,12,2013,-16.686666666666664,4.7,2.01,3.96
61127,23,23,12,2013,-17.60666666666667,4.8100000000000005,2.32,4.09
61128,24,0,12,2013,-17.569166666666668,4.69,2.53,4.0
61129,24,1,12,2013,-17.44416666666667,4.44,2.5500000000000003,3.96
61130,24,2,12,2013,-17.505833333333335,2.66,1.72,2.54
61131,24,3,12,2013,-17.413333333333334,0.96,1.16,0.8300000000000001
61132,24,4,12,2013,-17.215000000000003,0.62,1.86,0.99
61133,24,5,12,2013,-18.149999999999995,1.97,1.95,2.28
61134,24,6,12,2013,-17.742500000000003,2.92,2.84,3.49
61135,24,7,12,2013,-17.5725,6.36,4.33,6.84
61136,24,8,12,2013,-17.500000000000004,7.7,4.43,7.17
61137,24,9,12,2013,-17.188333333333336,8.44,4.68,7.48
61138,24,10,12,2013,-16.84166666666667,10.98,5.73,8.32
61139,24,11,12,2013,-17.170833333333334,11.9,6.3,8.83
61140,24,12,12,2013,-16.948333333333334,12.8,6.7700000000000005,9.4
61141,24,13,12,2013,-16.57166666666667,13.46,7.38,10.06
61142,24,14,12,2013,-16.24,13.42,7.72,10.03
61143,24,15,12,2013,-15.504999999999997,11.99,7.47,9.66
61144,24,16,12,2013,-13.879999999999997,11.27,6.5600000000000005,8.27
61145,24,17,12,2013,-12.104166666666666,9.56,6.94,8.42
61146,24,18,12,2013,-10.755,9.51,7.0200000000000005,8.55
61147,24,19,12,2013,-9.593333333333334,9.55,7.13,8.66
61148,24,20,12,2013,-8.845833333333333,9.47,7.03,8.56
61149,24,21,12,2013,-8.438333333333334,9.78,6.61,8.15
61150,24,22,12,2013,-8.4325,10.39,5.96,7.91
61151,24,23,12,2013,-8.160833333333336,10.02,5.2700000000000005,7.3900000000000015
61152,25,0,12,2013,-8.3675,10.94,4.5600000000000005,7.38
61153,25,1,12,2013,-7.998333333333332,12.62,6.23,9.04
61154,25,2,12,2013,-6.799166666666667,12.67,6.59,9.2
61155,25,3,12,2013,-6.3125,11.47,5.95,8.26
61156,25,4,12,2013,-6.527500000000001,11.8,5.95,8.77
61157,25,5,12,2013,-6.823333333333333,11.65,5.98,8.78
61158,25,6,12,2013,-7.488333333333332,11.3,5.54,8.3
61159,25,7,12,2013,-8.140000000000002,10.85,4.8100000000000005,8.040000000000001
61160,25,8,12,2013,-8.541666666666666,10.67,4.79,8.06
61161,25,9,12,2013,-9.194166666666666,10.31,4.57,7.9
61162,25,10,12,2013,-7.329166666666666,9.64,4.79,7.5
61163,25,11,12,2013,-7.390833333333333,8.75,4.79,7.41
61164,25,12,12,2013,-6.5200000000000005,9.32,4.65,7.35
61165,25,13,12,2013,-4.934166666666667,11.08,6.22,8.78
61166,25,14,12,2013,-4.214166666666666,11.23,6.48,8.97
61167,25,15,12,2013,-3.2975,10.72,6.67,8.6
61168,25,16,12,2013,-2.260833333333333,10.91,6.07,8.21
61169,25,17,12,2013,-0.24083333333333334,9.62,5.79,7.73
61170,25,18,12,2013,0.29250000000000004,8.66,5.01,6.4
61171,25,19,12,2013,1.0991666666666668,7.84,4.8100000000000005,6.29
61172,25,20,12,2013,1.2883333333333333,7.42,3.63,4.99
61173,25,21,12,2013,0.7875,9.42,4.0600000000000005,6.8500000000000005
61174,25,22,12,2013,-0.6749999999999999,9.68,4.3500000000000005,7.62
61175,25,23,12,2013,-2.3833333333333333,11.18,4.59,7.82
61176,26,0,12,2013,-3.5474999999999994,11.73,4.57,8.08
61177,26,1,12,2013,-4.1125,11.47,3.8,8.22
61178,26,2,12,2013,-4.452500000000001,8.870000000000003,3.6,7.61
61179,26,3,12,2013,-4.704166666666667,5.66,3.2,4.72
61180,26,4,12,2013,-4.815,4.2700000000000005,3.56,4.8
61181,26,5,12,2013,-5.001666666666667,4.75,4.61,5.38
61182,26,6,12,2013,-5.715833333333333,6.37,4.94,7.1000000000000005
61183,26,7,12,2013,-5.1641666666666675,10.26,6.24,8.98
61184,26,8,12,2013,-4.4225,11.43,6.6000000000000005,9.43
61185,26,9,12,2013,-3.7433333333333336,13.16,7.08,10.08
61186,26,10,12,2013,-3.5733333333333337,13.94,7.33,10.47
61187,26,11,12,2013,-3.6125000000000003,15.08,7.7,10.9
61188,26,12,12,2013,-3.5858333333333334,15.31,8.45,11.58
61189,26,13,12,2013,-3.685,15.66,8.8,11.94
61190,26,14,12,2013,-3.0399999999999996,16.080000000000002,9.3,12.35
61191,26,15,12,2013,-2.0125,15.76,9.84,12.7
61192,26,16,12,2013,-0.5983333333333334,15.05,9.73,12.49
61193,26,17,12,2013,0.3825,13.87,9.34,11.76
61194,26,18,12,2013,1.3333333333333333,13.31,8.790000000000001,11.22
61195,26,19,12,2013,1.7941666666666667,11.02,6.72,8.9
61196,26,20,12,2013,1.7216666666666667,9.49,5.37,7.36
61197,26,21,12,2013,1.4316666666666666,9.52,4.9,7.44
61198,26,22,12,2013,0.8841666666666667,10.14,5.62,8.52
61199,26,23,12,2013,0.2708333333333333,9.93,5.59,8.49
61200,27,0,12,2013,-0.6233333333333334,9.12,5.18,8.03
61201,27,1,12,2013,-0.32749999999999996,8.11,4.71,7.52
61202,27,2,12,2013,0.0625,8.33,4.72,7.23
61203,27,3,12,2013,-0.205,8.56,4.72,7.32
61204,27,4,12,2013,-0.7650000000000001,7.54,4.3100000000000005,6.69
61205,27,5,12,2013,-0.42250000000000004,6.73,3.61,5.94
61206,27,6,12,2013,-0.20916666666666664,5.4,3.66,5.39
61207,27,7,12,2013,-1.3308333333333333,5.0,3.48,5.12
61208,27,8,12,2013,-0.6958333333333333,3.85,3.37,4.42
61209,27,9,12,2013,-1.2066666666666668,4.11,4.17,5.08
61210,27,10,12,2013,-2.8925,5.69,4.95,6.94
61211,27,11,12,2013,-2.7975000000000008,7.4,5.23,7.73
61212,27,12,12,2013,-2.126666666666667,9.03,5.8500000000000005,8.64
61213,27,13,12,2013,-1.0875000000000001,10.59,6.66,9.48
61214,27,14,12,2013,-1.1575000000000004,12.23,7.21,9.7
61215,27,15,12,2013,0.07833333333333332,12.42,7.45,9.75
61216,27,16,12,2013,1.5591666666666668,12.66,7.18,9.7
61217,27,17,12,2013,3.100833333333334,12.95,7.35,9.99
61218,27,18,12,2013,4.088333333333333,13.19,7.22,10.02
61219,27,19,12,2013,4.666666666666667,13.5,7.21,10.05
61220,27,20,12,2013,4.778333333333333,14.33,7.37,10.61
61221,27,21,12,2013,4.508333333333334,15.05,7.54,11.15
61222,27,22,12,2013,4.004166666666667,16.03,8.08,11.95
61223,27,23,12,2013,3.6725,16.65,8.3,12.27
61224,28,0,12,2013,3.6799999999999997,17.09,8.48,12.49
61225,28,1,12,2013,3.8866666666666667,17.06,8.540000000000001,12.54
61226,28,2,12,2013,3.765,16.91,8.35,12.35
61227,28,3,12,2013,3.5308333333333333,16.77,8.49,12.41
61228,28,4,12,2013,3.320833333333333,16.85,8.58,12.45
61229,28,5,12,2013,2.7708333333333335,16.48,8.42,12.1
61230,28,6,12,2013,2.35,16.09,8.33,11.85
61231,28,7,12,2013,2.2358333333333333,16.45,8.45,11.98
61232,28,8,12,2013,1.9541666666666666,16.44,8.57,12.1
61233,28,9,12,2013,2.1141666666666663,16.21,8.49,12.09
61234,28,10,12,2013,2.126666666666667,16.0,8.51,12.08
61235,28,11,12,2013,1.7474999999999998,15.86,8.41,11.86
61236,28,12,12,2013,1.429166666666667,15.76,8.39,11.84
61237,28,13,12,2013,1.2074999999999998,16.05,8.32,11.84
61238,28,14,12,2013,1.41,15.91,8.11,11.63
61239,28,15,12,2013,2.3725,15.09,8.01,11.17
61240,28,16,12,2013,3.423333333333334,14.14,8.2,11.09
61241,28,17,12,2013,4.4925,14.02,8.15,11.04
61242,28,18,12,2013,5.248333333333334,13.25,7.6400000000000015,10.41
61243,28,19,12,2013,5.63,12.55,7.11,9.75
61244,28,20,12,2013,5.485,13.12,7.03,9.88
61245,28,21,12,2013,4.9425,14.09,6.92,10.23
61246,28,22,12,2013,3.9899999999999998,15.58,7.3900000000000015,11.23
61247,28,23,12,2013,3.3249999999999997,16.02,7.84,11.68
61248,29,0,12,2013,2.9033333333333338,14.87,7.59,11.31
61249,29,1,12,2013,2.098333333333333,14.35,6.8,10.03
61250,29,2,12,2013,1.4316666666666666,13.72,6.97,9.95
61251,29,3,12,2013,0.23916666666666664,13.77,8.06,10.86
61252,29,4,12,2013,-1.9658333333333333,18.59,12.36,15.9
61253,29,5,12,2013,-5.697500000000001,16.68,10.31,13.55
61254,29,6,12,2013,-7.677500000000002,15.93,10.11,13.16
61255,29,7,12,2013,-8.774166666666666,17.95,11.3,14.55
61256,29,8,12,2013,-9.834999999999999,16.71,10.95,14.04
61257,29,9,12,2013,-10.730833333333335,16.3,11.11,14.15
61258,29,10,12,2013,-11.924166666666666,17.34,12.07,15.26
61259,29,11,12,2013,-12.779166666666669,16.46,11.47,14.46
61260,29,12,12,2013,-13.839166666666664,16.43,11.71,14.65
61261,29,13,12,2013,-14.598333333333334,15.2,10.83,13.54
61262,29,14,12,2013,-15.214999999999996,14.44,10.42,12.96
61263,29,15,12,2013,-15.909166666666666,14.14,10.2,12.67
61264,29,16,12,2013,-15.64,13.63,9.82,12.2
61265,29,17,12,2013,-15.185833333333333,11.5,8.370000000000001,10.33
61266,29,18,12,2013,-14.950000000000003,10.61,7.81,9.58
61267,29,19,12,2013,-14.511666666666665,10.29,7.57,9.31
61268,29,20,12,2013,-14.054166666666667,9.72,7.1400000000000015,8.78
61269,29,21,12,2013,-13.891666666666666,8.86,6.45,7.97
61270,29,22,12,2013,-13.956666666666669,8.25,5.95,7.37
61271,29,23,12,2013,-14.3525,7.71,3.98,5.64
61272,30,0,12,2013,-14.55583333333333,7.85,3.96,5.7700000000000005
61273,30,1,12,2013,-14.783333333333331,7.22,3.52,5.28
61274,30,2,12,2013,-15.167500000000002,5.29,1.65,3.8
61275,30,3,12,2013,-15.398333333333333,4.8500000000000005,0.79,3.3200000000000003
61276,30,4,12,2013,-15.576666666666666,3.49,0.28,1.73
61277,30,5,12,2013,-15.680833333333332,2.31,0.6,1.74
61278,30,6,12,2013,-15.874166666666666,3.12,1.74,3.82
61279,30,7,12,2013,-16.243333333333332,3.93,2.48,3.72
61280,30,8,12,2013,-16.29583333333333,5.22,2.97,4.28
61281,30,9,12,2013,-15.8375,5.7,3.31,4.42
61282,30,10,12,2013,-15.086666666666668,6.3,3.56,4.29
61283,30,11,12,2013,-14.607500000000002,6.5600000000000005,3.86,4.7700000000000005
61284,30,12,12,2013,-14.0725,7.04,4.38,5.46
61285,30,13,12,2013,-13.670000000000002,7.01,4.41,5.47
61286,30,14,12,2013,-13.104166666666666,6.97,4.4,5.38
61287,30,15,12,2013,-12.064166666666667,7.3,4.54,5.55
61288,30,16,12,2013,-10.714999999999998,6.44,4.8,5.75
61289,30,17,12,2013,-9.099166666666664,7.18,5.38,6.54
61290,30,18,12,2013,-7.107500000000001,8.290000000000001,6.08,7.46
61291,30,19,12,2013,-5.880833333333334,8.790000000000001,6.44,7.91
61292,30,20,12,2013,-4.920833333333333,8.46,6.1400000000000015,7.56
61293,30,21,12,2013,-4.31,9.63,5.94,7.54
61294,30,22,12,2013,-4.605833333333334,11.21,5.59,8.53
61295,30,23,12,2013,-5.071666666666667,11.67,5.76,8.88
61296,31,0,12,2013,-4.9991666666666665,11.16,5.78,8.8
61297,31,1,12,2013,-4.87,11.73,5.21,8.44
61298,31,2,12,2013,-6.004166666666667,15.77,3.86,8.63
61299,31,3,12,2013,-6.875833333333333,15.53,2.69,8.5
61300,31,4,12,2013,-7.240833333333334,12.78,2.22,6.84
61301,31,5,12,2013,-7.639166666666667,12.05,3.17,6.8100000000000005
61302,31,6,12,2013,-7.941666666666667,8.2,3.64,6.7700000000000005
61303,31,7,12,2013,-8.426666666666668,9.44,4.13,6.76
61304,31,8,12,2013,-9.2675,7.1000000000000005,2.42,5.39
61305,31,9,12,2013,-9.674999999999999,5.91,1.89,4.53
61306,31,10,12,2013,-9.7875,2.72,0.6,1.52
61307,31,11,12,2013,-9.969166666666668,1.55,0.65,1.35
61308,31,12,12,2013,-10.17,4.32,2.29,4.32
61309,31,13,12,2013,-10.284166666666666,6.22,2.87,5.14
61310,31,14,12,2013,-9.509166666666665,8.71,4.39,5.94
61311,31,15,12,2013,-7.386666666666668,9.27,4.62,6.33
61312,31,16,12,2013,-4.973333333333332,8.8,4.91,6.5200000000000005
61313,31,17,12,2013,-2.3058333333333336,9.48,4.46,5.71
61314,31,18,12,2013,1.0566666666666669,11.4,5.19,8.15
61315,31,19,12,2013,3.5949999999999993,13.03,7.65,10.3
61316,31,20,12,2013,4.5,12.7,7.21,9.89
61317,31,21,12,2013,3.485833333333334,9.4,2.63,5.46
61318,31,22,12,2013,1.8133333333333332,9.49,2.85,4.76
61319,31,23,12,2013,0.2883333333333334,11.58,4.48,7.84
61320,1,0,1,2014,2.5891666666666664,14.88,6.96,11.39
61321,1,1,1,2014,1.934166666666667,14.85,6.8500000000000005,11.3
61322,1,2,1,2014,1.0716666666666665,12.51,6.24,9.77
61323,1,3,1,2014,-0.525,11.34,4.97,7.91
61324,1,4,1,2014,-3.6375000000000006,6.18,4.26,5.73
61325,1,5,1,2014,-5.324166666666668,7.6,4.65,6.5200000000000005
61326,1,6,1,2014,-6.623333333333332,7.84,4.86,6.82
61327,1,7,1,2014,-7.226666666666667,8.06,5.25,7.17
61328,1,8,1,2014,-7.675833333333334,8.76,5.96,7.83
61329,1,9,1,2014,-8.124166666666667,8.92,5.84,7.8900000000000015
61330,1,10,1,2014,-8.768333333333333,9.16,6.26,8.15
61331,1,11,1,2014,-9.278333333333332,9.05,6.2,8.07
61332,1,12,1,2014,-9.385,9.45,6.65,8.48
61333,1,13,1,2014,-9.5025,9.98,7.07,9.04
61334,1,14,1,2014,-9.699166666666668,10.74,7.53,9.7
61335,1,15,1,2014,-9.744166666666668,10.73,7.54,9.7
61336,1,16,1,2014,-9.6,10.45,7.95,9.59
61337,1,17,1,2014,-9.3225,10.65,8.35,9.82
61338,1,18,1,2014,-9.081666666666665,10.58,8.27,9.7
61339,1,19,1,2014,-9.15,11.04,8.51,10.07
61340,1,20,1,2014,-9.185833333333333,12.58,9.26,11.45
61341,1,21,1,2014,-9.52,12.53,9.01,11.3
61342,1,22,1,2014,-10.299999999999999,12.83,8.45,11.14
61343,1,23,1,2014,-10.480833333333331,12.99,8.41,11.21
61344,2,0,1,2014,-10.379999999999999,12.89,8.35,11.44
61345,2,1,1,2014,-10.980000000000002,12.1,8.0,10.69
61346,2,2,1,2014,-11.897499999999999,12.55,8.17,11.2
61347,2,3,1,2014,-12.532499999999999,11.77,7.73,10.56
61348,2,4,1,2014,-13.029166666666669,10.78,7.22,9.61
61349,2,5,1,2014,-13.290833333333333,10.44,6.9,9.24
61350,2,6,1,2014,-13.244166666666667,9.59,6.38,8.47
61351,2,7,1,2014,-13.254166666666668,8.45,5.74,7.48
61352,2,8,1,2014,-13.259166666666667,7.95,5.49,7.09
61353,2,9,1,2014,-13.194166666666666,7.6400000000000015,5.2,6.7700000000000005
61354,2,10,1,2014,-12.972500000000002,6.8900000000000015,4.86,6.12
61355,2,11,1,2014,-12.871666666666668,6.9,4.76,6.12
61356,2,12,1,2014,-12.851666666666667,6.5600000000000005,4.5600000000000005,5.82
61357,2,13,1,2014,-12.8175,5.99,4.25,5.33
61358,2,14,1,2014,-12.795833333333333,5.58,4.0,5.01
61359,2,15,1,2014,-12.621666666666664,4.96,4.05,4.55
61360,2,16,1,2014,-12.076666666666666,5.07,4.3500000000000005,4.74
61361,2,17,1,2014,-11.439166666666667,5.47,4.71,5.14
61362,2,18,1,2014,-11.025,5.37,4.63,5.04
61363,2,19,1,2014,-10.596666666666668,4.93,4.29,4.64
61364,2,20,1,2014,-10.4025,4.74,4.13,4.53
61365,2,21,1,2014,-10.479166666666666,4.64,4.03,4.42
61366,2,22,1,2014,-10.9475,4.19,3.46,3.93
61367,2,23,1,2014,-11.509166666666665,4.64,3.02,4.16
61368,3,0,1,2014,-11.735,4.16,2.54,3.62
61369,3,1,1,2014,-12.12,3.41,2.74,3.2
61370,3,2,1,2014,-12.19,3.67,2.98,3.45
61371,3,3,1,2014,-12.231666666666667,4.3,3.45,4.0200000000000005
61372,3,4,1,2014,-12.234166666666667,4.55,3.48,4.17
61373,3,5,1,2014,-12.175833333333332,5.8,4.03,5.11
61374,3,6,1,2014,-11.825000000000001,7.08,4.74,6.21
61375,3,7,1,2014,-11.584166666666667,8.05,5.11,6.93
61376,3,8,1,2014,-11.043333333333331,9.64,5.99,8.16
61377,3,9,1,2014,-10.39,10.86,6.76,9.14
61378,3,10,1,2014,-9.583333333333334,12.92,7.63,10.88
61379,3,11,1,2014,-8.938333333333334,14.42,8.09,12.26
61380,3,12,1,2014,-8.233333333333333,15.82,8.68,13.35
61381,3,13,1,2014,-7.366666666666667,17.63,9.94,15.02
61382,3,14,1,2014,-6.580833333333334,18.83,11.03,16.21
61383,3,15,1,2014,-5.126666666666667,19.18,12.64,16.57
61384,3,16,1,2014,-3.3475,19.08,13.06,16.490000000000002
61385,3,17,1,2014,-1.4441666666666666,18.77,13.22,16.52
61386,3,18,1,2014,0.15416666666666665,18.27,12.86,16.06
61387,3,19,1,2014,1.2625,18.6,12.06,15.91
61388,3,20,1,2014,2.0124999999999997,19.79,11.82,16.89
61389,3,21,1,2014,2.3175,20.74,12.57,17.72
61390,3,22,1,2014,2.2825,21.09,12.68,17.84
61391,3,23,1,2014,2.3074999999999997,21.48,13.09,18.27
61392,4,0,1,2014,1.9941666666666666,22.67,13.44,19.21
61393,4,1,1,2014,1.8283333333333331,22.63,13.61,19.2
61394,4,2,1,2014,1.7875000000000003,22.62,13.77,19.21
61395,4,3,1,2014,1.8225,21.21,12.88,17.98
61396,4,4,1,2014,1.8508333333333333,20.89,12.44,17.57
61397,4,5,1,2014,1.884166666666667,19.86,11.84,16.580000000000002
61398,4,6,1,2014,1.965,20.3,12.0,16.9
61399,4,7,1,2014,1.8741666666666668,18.3,10.37,15.08
61400,4,8,1,2014,1.7699999999999996,16.66,9.04,13.43
61401,4,9,1,2014,1.6216666666666668,15.07,8.05,11.99
61402,4,10,1,2014,1.4758333333333333,12.64,6.25,9.86
61403,4,11,1,2014,1.2750000000000001,10.93,5.63,8.76
61404,4,12,1,2014,0.73,9.05,4.5,6.79
61405,4,13,1,2014,0.04499999999999999,10.56,4.6000000000000005,7.86
61406,4,14,1,2014,0.21083333333333332,16.18,8.27,13.61
61407,4,15,1,2014,-1.0475,16.27,10.38,14.19
61408,4,16,1,2014,-3.4525000000000006,15.71,10.54,13.91
61409,4,17,1,2014,-5.390833333333333,15.84,10.94,14.32
61410,4,18,1,2014,-5.796666666666667,14.66,10.34,13.26
61411,4,19,1,2014,-5.9325,14.28,10.03,12.76
61412,4,20,1,2014,-6.280833333333334,13.53,9.55,12.13
61413,4,21,1,2014,-6.9875,13.05,9.31,11.53
61414,4,22,1,2014,-7.857500000000001,13.14,9.01,11.62
61415,4,23,1,2014,-8.834166666666668,13.73,9.14,12.21
61416,5,0,1,2014,-9.642499999999998,14.79,9.6,13.01
61417,5,1,1,2014,-10.084999999999999,14.67,9.52,12.91
61418,5,2,1,2014,-10.737499999999999,14.35,9.36,12.72
61419,5,3,1,2014,-11.508333333333333,14.1,9.17,12.47
61420,5,4,1,2014,-12.206666666666665,13.39,8.91,11.88
61421,5,5,1,2014,-12.744166666666665,13.5,9.01,11.92
61422,5,6,1,2014,-13.160833333333334,13.98,9.34,12.47
61423,5,7,1,2014,-13.418333333333335,13.8,9.19,12.17
61424,5,8,1,2014,-13.440833333333336,13.63,9.32,12.04
61425,5,9,1,2014,-13.467500000000001,14.08,9.61,12.53
61426,5,10,1,2014,-13.806666666666665,14.09,9.64,12.56
61427,5,11,1,2014,-14.086666666666668,14.41,9.79,12.76
61428,5,12,1,2014,-14.279166666666669,14.73,9.98,13.03
61429,5,13,1,2014,-14.386666666666665,13.95,9.54,12.42
61430,5,14,1,2014,-14.636666666666665,14.64,9.88,13.06
61431,5,15,1,2014,-14.584166666666667,14.24,9.88,12.85
61432,5,16,1,2014,-14.323333333333332,14.58,10.24,13.06
61433,5,17,1,2014,-13.8775,14.71,10.42,13.15
61434,5,18,1,2014,-13.174166666666666,15.52,10.85,13.78
61435,5,19,1,2014,-12.665000000000001,16.32,11.26,14.84
61436,5,20,1,2014,-12.420833333333333,15.02,10.6,13.57
61437,5,21,1,2014,-12.700833333333334,14.0,9.69,12.32
61438,5,22,1,2014,-13.1925,12.93,8.84,11.33
61439,5,23,1,2014,-13.799999999999999,15.94,9.68,14.0
61440,6,0,1,2014,-14.645833333333334,15.59,9.16,13.68
61441,6,1,1,2014,-15.785833333333336,16.5,9.45,14.4
61442,6,2,1,2014,-17.109166666666667,15.33,8.44,13.44
61443,6,3,1,2014,-18.660833333333333,15.42,8.15,13.24
61444,6,4,1,2014,-19.441666666666666,14.99,8.16,12.92
61445,6,5,1,2014,-19.86916666666667,14.78,7.51,12.89
61446,6,6,1,2014,-20.429166666666667,17.01,9.11,14.8
61447,6,7,1,2014,-20.544999999999998,13.42,7.5,11.65
61448,6,8,1,2014,-20.404166666666665,12.07,6.76,10.46
61449,6,9,1,2014,-20.146666666666665,10.4,6.09,9.06
61450,6,10,1,2014,-19.4975,11.24,6.95,9.77
61451,6,11,1,2014,-19.310833333333335,13.98,8.13,12.0
61452,6,12,1,2014,-19.177500000000002,13.38,7.87,11.61
61453,6,13,1,2014,-18.859166666666663,13.56,7.43,11.7
61454,6,14,1,2014,-18.57083333333333,13.43,7.51,11.65
61455,6,15,1,2014,-17.791666666666668,10.94,7.9300000000000015,9.68
61456,6,16,1,2014,-17.02416666666667,10.31,8.16,9.48
61457,6,17,1,2014,-16.12,10.38,8.27,9.56
61458,6,18,1,2014,-15.173333333333334,10.86,8.57,9.97
61459,6,19,1,2014,-14.350833333333332,10.54,8.290000000000001,9.65
61460,6,20,1,2014,-13.619166666666667,10.31,8.13,9.46
61461,6,21,1,2014,-13.017499999999998,8.85,6.88,8.040000000000001
61462,6,22,1,2014,-12.800833333333335,8.45,5.69,7.08
61463,6,23,1,2014,-13.060833333333335,8.02,4.13,6.38
61464,7,0,1,2014,-13.189166666666665,7.19,2.87,5.36
61465,7,1,1,2014,-13.07333333333333,5.9,2.91,4.39
61466,7,2,1,2014,-12.985833333333334,5.91,2.86,4.29
61467,7,3,1,2014,-13.094999999999999,5.08,2.86,3.7
61468,7,4,1,2014,-12.684166666666668,3.47,2.52,3.11
61469,7,5,1,2014,-12.402499999999998,6.59,3.6,5.65
61470,7,6,1,2014,-12.184166666666668,7.31,3.62,5.95
61471,7,7,1,2014,-12.068333333333333,9.83,4.82,8.07
61472,7,8,1,2014,-12.088333333333333,12.06,6.11,9.57
61473,7,9,1,2014,-11.608333333333334,12.99,6.32,10.06
61474,7,10,1,2014,-10.725833333333334,13.73,7.1000000000000005,10.79
61475,7,11,1,2014,-9.7175,14.17,7.58,11.27
61476,7,12,1,2014,-8.471666666666666,14.8,7.99,11.82
61477,7,13,1,2014,-6.963333333333334,15.07,8.43,12.24
61478,7,14,1,2014,-5.696666666666666,15.06,8.6,12.41
61479,7,15,1,2014,-3.9541666666666675,14.94,9.02,12.44
61480,7,16,1,2014,-1.8958333333333337,13.82,9.13,12.03
61481,7,17,1,2014,-0.7374999999999999,11.48,8.34,10.28
61482,7,18,1,2014,0.20666666666666667,8.540000000000001,6.11,7.54
61483,7,19,1,2014,0.8883333333333333,7.19,5.2700000000000005,6.3900000000000015
61484,7,20,1,2014,1.2991666666666668,5.67,3.99,4.96
61485,7,21,1,2014,1.2208333333333334,4.57,2.73,3.75
61486,7,22,1,2014,-0.004166666666666661,3.93,2.15,3.37
61487,7,23,1,2014,-1.1891666666666667,3.12,1.6,2.5500000000000003
61488,8,0,1,2014,-2.1175,4.91,2.2,3.77
61489,8,1,1,2014,-2.610833333333333,5.74,2.41,4.09
61490,8,2,1,2014,-3.124166666666666,5.68,2.38,4.5600000000000005
61491,8,3,1,2014,-3.9966666666666675,5.69,2.72,4.82
61492,8,4,1,2014,-4.684166666666667,4.38,2.32,3.83
61493,8,5,1,2014,-4.866666666666666,4.74,2.69,4.12
61494,8,6,1,2014,-5.199166666666667,5.71,3.09,4.9
61495,8,7,1,2014,-5.609999999999999,6.2700000000000005,3.58,5.23
61496,8,8,1,2014,-5.756666666666667,6.79,3.84,5.59
61497,8,9,1,2014,-5.806666666666666,6.6000000000000005,3.79,5.43
61498,8,10,1,2014,-5.9191666666666665,6.37,3.79,5.26
61499,8,11,1,2014,-6.064166666666668,6.45,4.16,5.58
61500,8,12,1,2014,-6.3808333333333325,6.68,4.3,5.8
61501,8,13,1,2014,-6.764166666666668,7.53,4.76,6.58
61502,8,14,1,2014,-7.064166666666666,7.62,4.84,6.67
61503,8,15,1,2014,-6.754166666666666,6.96,5.48,6.33
61504,8,16,1,2014,-6.279166666666668,6.96,5.63,6.36
61505,8,17,1,2014,-5.745000000000001,6.67,5.5600000000000005,6.21
61506,8,18,1,2014,-5.16,6.3,5.3500000000000005,5.91
61507,8,19,1,2014,-4.820833333333333,6.37,5.41,5.99
61508,8,20,1,2014,-4.593333333333334,6.3900000000000015,5.42,6.0200000000000005
61509,8,21,1,2014,-4.661666666666666,6.47,5.32,6.05
61510,8,22,1,2014,-5.129166666666667,6.79,4.79,5.73
61511,8,23,1,2014,-5.649166666666667,7.59,4.19,6.49
61512,9,0,1,2014,-5.958333333333333,7.73,4.43,6.62
61513,9,1,1,2014,-6.358333333333334,8.15,4.99,7.21
61514,9,2,1,2014,-6.746666666666669,8.15,5.11,7.2
61515,9,3,1,2014,-7.208333333333333,8.18,5.17,7.25
61516,9,4,1,2014,-7.3708333333333345,7.69,4.8100000000000005,6.72
61517,9,5,1,2014,-7.392500000000001,7.27,4.65,6.34
61518,9,6,1,2014,-7.461666666666667,6.87,4.42,6.0
61519,9,7,1,2014,-7.4941666666666675,6.43,4.23,5.6000000000000005
61520,9,8,1,2014,-7.638333333333333,6.4,4.21,5.61
61521,9,9,1,2014,-7.709166666666665,6.2700000000000005,4.15,5.45
61522,9,10,1,2014,-7.666666666666667,6.1400000000000015,4.03,5.23
61523,9,11,1,2014,-7.598333333333334,6.09,3.96,5.18
61524,9,12,1,2014,-7.509999999999999,5.55,3.6,4.75
61525,9,13,1,2014,-7.338333333333334,5.19,3.45,4.39
61526,9,14,1,2014,-7.139999999999998,5.51,3.56,4.5
61527,9,15,1,2014,-6.630833333333334,5.55,3.74,4.62
61528,9,16,1,2014,-5.786666666666668,5.49,4.09,4.83
61529,9,17,1,2014,-4.760000000000001,5.19,4.0600000000000005,4.69
61530,9,18,1,2014,-3.726666666666666,4.95,4.01,4.5200000000000005
61531,9,19,1,2014,-2.6291666666666664,5.16,4.2,4.69
61532,9,20,1,2014,-1.5249999999999997,5.36,4.24,4.86
61533,9,21,1,2014,-1.0341666666666667,6.07,4.29,5.32
61534,9,22,1,2014,-1.3116666666666668,7.1000000000000005,4.2700000000000005,5.65
61535,9,23,1,2014,-1.795,7.81,3.75,6.09
61536,10,0,1,2014,-1.9124999999999999,9.21,4.11,7.09
61537,10,1,1,2014,-1.7858333333333334,9.46,4.16,6.91
61538,10,2,1,2014,-1.8366666666666667,9.91,4.0,6.96
61539,10,3,1,2014,-1.6183333333333334,10.93,4.46,8.26
61540,10,4,1,2014,-1.2916666666666667,10.74,4.76,8.24
61541,10,5,1,2014,-1.2699999999999998,10.68,5.09,8.38
61542,10,6,1,2014,-1.3408333333333333,10.72,5.14,8.41
61543,10,7,1,2014,-1.6124999999999998,10.72,4.61,8.06
61544,10,8,1,2014,-1.6050000000000002,10.85,5.14,8.28
61545,10,9,1,2014,-1.4616666666666667,10.03,4.96,7.86
61546,10,10,1,2014,-1.1791666666666667,9.93,3.7,6.99
61547,10,11,1,2014,-0.47083333333333327,9.7,3.96,6.96
61548,10,12,1,2014,0.06916666666666667,9.84,4.62,7.54
61549,10,13,1,2014,0.38833333333333336,9.88,4.47,7.49
61550,10,14,1,2014,0.5916666666666667,11.16,5.55,8.57
61551,10,15,1,2014,0.7425,9.63,4.43,7.12
61552,10,16,1,2014,0.8966666666666668,8.75,3.06,6.0200000000000005
61553,10,17,1,2014,1.2525000000000002,8.77,3.23,5.94
61554,10,18,1,2014,1.3791666666666667,7.2,1.46,4.22
61555,10,19,1,2014,1.46,5.42,2.05,2.91
61556,10,20,1,2014,1.2975,4.33,2.41,3.33
61557,10,21,1,2014,1.15,6.09,3.59,4.91
61558,10,22,1,2014,0.6741666666666668,7.46,4.14,5.89
61559,10,23,1,2014,0.4716666666666667,7.81,4.05,6.24
61560,11,0,1,2014,0.22666666666666668,8.28,4.38,6.71
61561,11,1,1,2014,-0.03416666666666667,8.83,4.24,6.91
61562,11,2,1,2014,0.11416666666666665,9.76,4.6000000000000005,7.47
61563,11,3,1,2014,0.3916666666666666,10.47,5.58,8.34
61564,11,4,1,2014,0.6741666666666667,9.5,4.36,6.98
61565,11,5,1,2014,0.8158333333333334,10.92,5.6000000000000005,8.52
61566,11,6,1,2014,0.8108333333333334,11.25,5.44,8.69
61567,11,7,1,2014,0.7933333333333333,10.45,4.84,8.11
61568,11,8,1,2014,0.66,11.25,5.13,8.6
61569,11,9,1,2014,0.9508333333333333,12.31,6.17,9.6
61570,11,10,1,2014,0.9433333333333334,13.13,6.19,10.0
61571,11,11,1,2014,1.2033333333333334,13.0,5.99,9.98
61572,11,12,1,2014,1.1500000000000001,12.59,5.92,9.56
61573,11,13,1,2014,1.1575,13.25,5.3100000000000005,9.58
61574,11,14,1,2014,1.5133333333333334,14.5,6.96,11.29
61575,11,15,1,2014,2.1233333333333335,13.82,6.94,10.91
61576,11,16,1,2014,2.763333333333333,10.9,5.15,8.700000000000001
61577,11,17,1,2014,3.4158333333333335,10.94,5.54,8.75
61578,11,18,1,2014,3.9375000000000004,10.79,5.57,8.69
61579,11,19,1,2014,4.491666666666667,9.66,4.99,7.59
61580,11,20,1,2014,4.736666666666667,9.43,4.98,7.3900000000000015
61581,11,21,1,2014,4.564166666666668,7.84,3.51,5.8100000000000005
61582,11,22,1,2014,3.9341666666666666,8.06,3.5,6.0600000000000005
61583,11,23,1,2014,3.4200000000000004,7.84,3.74,5.94
61584,12,0,1,2014,3.1275,6.51,4.07,5.69
61585,12,1,1,2014,2.859166666666667,7.95,4.83,7.13
61586,12,2,1,2014,3.27,9.37,5.25,7.8900000000000015
61587,12,3,1,2014,3.421666666666667,10.43,5.28,8.71
61588,12,4,1,2014,3.348333333333333,11.4,5.54,9.58
61589,12,5,1,2014,3.338333333333333,14.0,6.26,10.97
61590,12,6,1,2014,2.9250000000000003,16.09,7.1400000000000015,12.52
61591,12,7,1,2014,2.984166666666667,18.16,8.15,14.04
61592,12,8,1,2014,3.061666666666667,19.13,8.82,14.65
61593,12,9,1,2014,2.8699999999999997,18.93,9.39,14.56
61594,12,10,1,2014,2.6749999999999994,18.63,9.46,14.26
61595,12,11,1,2014,2.644166666666667,19.4,9.58,15.01
61596,12,12,1,2014,2.7075,20.1,9.61,15.46
61597,12,13,1,2014,2.9033333333333338,20.01,9.65,15.53
61598,12,14,1,2014,2.9691666666666667,20.03,10.19,15.59
61599,12,15,1,2014,3.189166666666667,18.7,10.1,14.82
61600,12,16,1,2014,3.8825,15.33,7.66,11.78
61601,12,17,1,2014,5.010000000000001,12.45,6.23,10.03
61602,12,18,1,2014,5.842500000000001,11.12,6.41,9.32
61603,12,19,1,2014,6.392500000000001,10.83,6.15,8.99
61604,12,20,1,2014,6.588333333333334,7.42,3.85,5.74
61605,12,21,1,2014,5.774166666666667,7.6400000000000015,4.21,6.3500000000000005
61606,12,22,1,2014,4.650000000000001,7.69,4.14,6.18
61607,12,23,1,2014,4.360833333333333,9.77,5.08,7.4
61608,13,0,1,2014,3.2825,12.69,5.24,9.35
61609,13,1,1,2014,3.6024999999999996,12.75,5.41,9.48
61610,13,2,1,2014,3.9958333333333336,11.1,5.5200000000000005,9.3
61611,13,3,1,2014,4.575,12.66,5.3100000000000005,9.26
61612,13,4,1,2014,4.844166666666666,13.34,5.5200000000000005,10.07
61613,13,5,1,2014,5.636666666666667,12.24,4.66,9.2
61614,13,6,1,2014,4.775833333333333,13.87,7.22,11.76
61615,13,7,1,2014,4.295,11.3,4.53,8.0
61616,13,8,1,2014,4.150833333333333,12.63,5.62,9.53
61617,13,9,1,2014,3.883333333333333,12.89,5.61,9.68
61618,13,10,1,2014,3.5833333333333335,14.45,6.18,11.04
61619,13,11,1,2014,3.3416666666666672,14.55,6.67,11.15
61620,13,12,1,2014,3.125833333333333,14.03,6.59,10.97
61621,13,13,1,2014,2.8841666666666668,13.86,6.92,10.94
61622,13,14,1,2014,2.7125000000000004,13.89,7.17,11.05
61623,13,15,1,2014,2.939166666666667,12.41,6.15,9.7
61624,13,16,1,2014,3.65,11.29,5.8100000000000005,8.950000000000003
61625,13,17,1,2014,4.4275,9.6,5.09,7.9
61626,13,18,1,2014,4.925000000000001,7.79,4.7700000000000005,6.55
61627,13,19,1,2014,5.41,6.69,4.25,5.63
61628,13,20,1,2014,5.68,7.65,4.3,6.1400000000000015
61629,13,21,1,2014,5.44,7.49,3.74,5.8
61630,13,22,1,2014,4.970000000000001,8.33,4.47,6.55
61631,13,23,1,2014,4.678333333333332,10.03,5.41,8.11
61632,14,0,1,2014,4.3725,12.43,5.72,9.6
61633,14,1,1,2014,4.283333333333334,12.51,5.68,9.47
61634,14,2,1,2014,4.39,13.41,6.2700000000000005,10.27
61635,14,3,1,2014,4.6691666666666665,13.58,6.42,10.32
61636,14,4,1,2014,4.765,14.44,6.5600000000000005,10.82
61637,14,5,1,2014,4.9225,14.75,7.0600000000000005,11.31
61638,14,6,1,2014,5.003333333333333,15.73,7.11,12.14
61639,14,7,1,2014,4.8325,14.08,6.42,10.88
61640,14,8,1,2014,4.605833333333333,15.77,6.61,11.98
61641,14,9,1,2014,4.900833333333334,16.97,7.67,13.01
61642,14,10,1,2014,4.86,16.0,7.3,12.62
61643,14,11,1,2014,4.666666666666667,16.12,7.51,12.75
61644,14,12,1,2014,4.104166666666667,16.38,8.21,13.42
61645,14,13,1,2014,3.285833333333334,16.3,8.3,13.33
61646,14,14,1,2014,2.704166666666666,14.01,6.8,11.38
61647,14,15,1,2014,2.7325,14.14,7.73,11.87
61648,14,16,1,2014,2.52,18.53,11.61,16.04
61649,14,17,1,2014,1.7575,18.1,11.55,15.58
61650,14,18,1,2014,1.5216666666666665,16.2,10.87,14.07
61651,14,19,1,2014,2.1141666666666663,17.53,11.63,15.15
61652,14,20,1,2014,2.24,17.900000000000006,11.66,15.45
61653,14,21,1,2014,1.6700000000000002,18.84,9.97,15.73
61654,14,22,1,2014,0.5008333333333334,18.07,9.66,15.12
61655,14,23,1,2014,-0.27999999999999997,16.26,8.05,13.39
61656,15,0,1,2014,-1.0624999999999998,13.8,6.91,11.53
61657,15,1,1,2014,-1.8608333333333331,12.83,6.72,10.78
61658,15,2,1,2014,-2.3466666666666667,13.5,7.27,11.43
61659,15,3,1,2014,-2.848333333333333,13.55,7.25,11.47
61660,15,4,1,2014,-3.3141666666666665,11.16,7.47,9.87
61661,15,5,1,2014,-3.9324999999999997,11.07,7.53,9.71
61662,15,6,1,2014,-4.624166666666667,10.99,7.3900000000000015,9.62
61663,15,7,1,2014,-5.2441666666666675,10.76,7.25,9.44
61664,15,8,1,2014,-5.315833333333333,9.27,6.6400000000000015,8.22
61665,15,9,1,2014,-5.725833333333333,10.48,7.3900000000000015,9.14
61666,15,10,1,2014,-6.089166666666667,10.47,7.1000000000000005,9.09
61667,15,11,1,2014,-6.1066666666666665,8.22,5.8,7.24
61668,15,12,1,2014,-6.226666666666667,6.2700000000000005,4.7700000000000005,5.62
61669,15,13,1,2014,-6.308333333333334,5.91,4.14,5.04
61670,15,14,1,2014,-6.234166666666667,4.41,3.16,3.81
61671,15,15,1,2014,-5.570833333333333,3.12,2.8000000000000003,2.97
61672,15,16,1,2014,-4.918333333333334,1.51,1.44,1.42
61673,15,17,1,2014,-3.4374999999999996,3.0500000000000003,2.8000000000000003,2.93
61674,15,18,1,2014,-1.6491666666666667,5.5600000000000005,4.7,5.21
61675,15,19,1,2014,0.1516666666666667,7.2,5.8,6.67
61676,15,20,1,2014,1.5175,7.8900000000000015,5.98,7.08
61677,15,21,1,2014,1.9949999999999999,9.25,6.03,7.62
61678,15,22,1,2014,1.5516666666666667,11.19,5.5600000000000005,8.69
61679,15,23,1,2014,1.195,12.71,6.48,9.94
61680,16,0,1,2014,1.3783333333333336,14.19,7.51,11.22
61681,16,1,1,2014,1.8941666666666663,14.83,7.54,11.66
61682,16,2,1,2014,2.46,14.78,7.48,11.62
61683,16,3,1,2014,2.9500000000000006,13.31,6.73,10.65
61684,16,4,1,2014,3.035833333333333,12.87,6.45,9.88
61685,16,5,1,2014,2.8524999999999996,13.97,6.36,10.54
61686,16,6,1,2014,3.4591666666666665,14.38,7.2,11.44
61687,16,7,1,2014,3.0941666666666663,15.34,6.83,11.21
61688,16,8,1,2014,3.1325000000000003,15.6,6.74,11.58
61689,16,9,1,2014,3.003333333333334,16.990000000000002,7.03,12.66
61690,16,10,1,2014,2.705,16.4,7.1000000000000005,12.45
61691,16,11,1,2014,2.0558333333333336,18.49,8.58,14.58
61692,16,12,1,2014,1.8516666666666666,19.86,9.39,16.12
61693,16,13,1,2014,1.5183333333333333,19.7,9.57,16.07
61694,16,14,1,2014,1.2266666666666668,21.28,11.11,17.57
61695,16,15,1,2014,1.695,17.81,10.93,14.99
61696,16,16,1,2014,2.04,17.55,12.05,15.33
61697,16,17,1,2014,2.4274999999999998,18.14,12.56,15.86
61698,16,18,1,2014,2.7258333333333336,17.89,12.69,15.69
61699,16,19,1,2014,2.7708333333333335,17.32,12.41,15.21
61700,16,20,1,2014,2.620833333333334,17.650000000000006,12.04,15.36
61701,16,21,1,2014,1.903333333333333,19.31,11.3,16.18
61702,16,22,1,2014,0.7366666666666665,19.97,10.89,16.6
61703,16,23,1,2014,-0.7183333333333334,19.92,10.68,16.830000000000002
61704,17,0,1,2014,-1.8750000000000002,19.77,11.19,16.86
61705,17,1,1,2014,-2.933333333333333,20.83,13.06,18.19
61706,17,2,1,2014,-4.150000000000001,20.56,13.34,18.07
61707,17,3,1,2014,-5.244166666666666,17.5,11.8,15.45
61708,17,4,1,2014,-6.104166666666667,15.86,11.28,13.98
61709,17,5,1,2014,-6.811666666666667,19.5,12.76,17.1
61710,17,6,1,2014,-7.116666666666667,17.59,11.72,15.44
61711,17,7,1,2014,-7.075,16.46,11.4,14.51
61712,17,8,1,2014,-7.3566666666666665,17.41,11.77,15.34
61713,17,9,1,2014,-7.357500000000001,17.31,11.36,15.22
61714,17,10,1,2014,-7.8525,16.94,11.1,14.85
61715,17,11,1,2014,-8.357500000000002,14.25,9.75,12.37
61716,17,12,1,2014,-9.104166666666668,14.8,10.13,12.93
61717,17,13,1,2014,-9.348333333333334,14.06,8.74,12.02
61718,17,14,1,2014,-9.17416666666667,13.06,7.88,11.19
61719,17,15,1,2014,-8.238333333333335,11.01,8.14,9.78
61720,17,16,1,2014,-6.93,9.97,7.9,9.14
61721,17,17,1,2014,-5.379166666666666,8.18,6.76,7.62
61722,17,18,1,2014,-3.9316666666666666,9.11,7.38,8.43
61723,17,19,1,2014,-2.8125,9.06,7.32,8.370000000000001
61724,17,20,1,2014,-1.9400000000000002,6.99,5.78,6.5
61725,17,21,1,2014,-1.3875,5.84,4.7700000000000005,5.41
61726,17,22,1,2014,-1.5183333333333333,4.51,3.4,4.0
61727,17,23,1,2014,-2.0266666666666664,2.99,1.43,2.15
61728,18,0,1,2014,-1.8816666666666662,2.91,2.35,2.89
61729,18,1,1,2014,-1.8783333333333332,5.36,3.24,4.6000000000000005
61730,18,2,1,2014,-2.135833333333333,8.41,4.43,7.0
61731,18,3,1,2014,-2.0133333333333328,10.89,5.97,8.84
61732,18,4,1,2014,-1.83,11.88,6.3100000000000005,9.59
61733,18,5,1,2014,-1.6166666666666665,13.62,7.36,10.89
61734,18,6,1,2014,-1.1508333333333334,15.13,8.03,11.99
61735,18,7,1,2014,-0.6266666666666668,15.42,8.17,12.31
61736,18,8,1,2014,-0.21333333333333335,15.89,8.59,12.7
61737,18,9,1,2014,0.1225,15.67,8.32,12.45
61738,18,10,1,2014,0.18250000000000002,15.3,7.9,12.03
61739,18,11,1,2014,0.8049999999999998,16.65,6.98,12.51
61740,18,12,1,2014,0.9699999999999998,17.94,8.26,13.8
61741,18,13,1,2014,0.9458333333333333,17.75,8.290000000000001,13.9
61742,18,14,1,2014,0.9508333333333333,17.39,8.33,14.04
61743,18,15,1,2014,2.753333333333334,19.57,10.58,16.38
61744,18,16,1,2014,3.965833333333333,19.47,12.13,16.26
61745,18,17,1,2014,3.8191666666666664,17.48,11.8,14.98
61746,18,18,1,2014,3.2691666666666666,17.54,12.0,15.21
61747,18,19,1,2014,3.1500000000000004,18.61,12.8,16.25
61748,18,20,1,2014,2.3491666666666666,17.26,11.26,15.01
61749,18,21,1,2014,1.4333333333333333,17.830000000000005,11.78,15.46
61750,18,22,1,2014,0.08166666666666669,17.37,10.72,14.68
61751,18,23,1,2014,-1.1141666666666667,17.34,9.26,14.51
61752,19,0,1,2014,-1.6641666666666666,17.69,9.81,14.97
61753,19,1,1,2014,-1.9775,16.75,9.06,14.02
61754,19,2,1,2014,-2.1650000000000005,14.47,7.61,12.04
61755,19,3,1,2014,-2.1641666666666666,10.06,5.0200000000000005,8.23
61756,19,4,1,2014,-2.2016666666666667,9.67,4.95,7.9300000000000015
61757,19,5,1,2014,-2.2775,7.47,4.12,6.11
61758,19,6,1,2014,-2.2350000000000003,6.55,4.29,5.79
61759,19,7,1,2014,-2.1366666666666667,9.34,5.11,7.33
61760,19,8,1,2014,-1.9275,11.83,6.41,9.5
61761,19,9,1,2014,-1.3458333333333332,13.66,7.22,11.09
61762,19,10,1,2014,-0.8233333333333334,15.52,8.64,12.67
61763,19,11,1,2014,-0.06583333333333331,17.11,9.68,13.83
61764,19,12,1,2014,0.5516666666666666,16.9,9.6,13.74
61765,19,13,1,2014,1.0166666666666666,17.52,9.87,14.19
61766,19,14,1,2014,1.5516666666666665,18.59,10.5,15.3
61767,19,15,1,2014,3.0408333333333335,18.88,10.84,15.57
61768,19,16,1,2014,5.100833333333333,17.31,10.57,14.76
61769,19,17,1,2014,7.428333333333335,15.06,9.13,12.92
61770,19,18,1,2014,9.069166666666666,14.05,8.49,11.88
61771,19,19,1,2014,10.169166666666667,13.09,7.68,10.97
61772,19,20,1,2014,10.531666666666666,12.95,7.13,10.53
61773,19,21,1,2014,10.450000000000001,12.95,6.83,10.39
61774,19,22,1,2014,9.706666666666665,12.99,6.43,10.06
61775,19,23,1,2014,8.756666666666666,12.75,6.45,9.82
61776,20,0,1,2014,8.051666666666668,12.31,6.33,9.72
61777,20,1,1,2014,7.4316666666666675,10.88,5.3100000000000005,8.52
61778,20,2,1,2014,7.054166666666666,11.64,4.94,8.58
61779,20,3,1,2014,6.898333333333333,11.84,5.08,8.72
61780,20,4,1,2014,7.348333333333334,11.83,5.3500000000000005,9.05
61781,20,5,1,2014,7.402500000000001,10.9,5.05,8.66
61782,20,6,1,2014,6.753333333333333,9.34,4.97,7.75
61783,20,7,1,2014,6.4075000000000015,8.57,3.33,5.63
61784,20,8,1,2014,6.484166666666668,9.25,4.01,6.58
61785,20,9,1,2014,6.538333333333334,9.52,4.33,7.04
61786,20,10,1,2014,6.338333333333332,9.14,4.05,6.76
61787,20,11,1,2014,6.160833333333334,8.370000000000001,3.89,6.33
61788,20,12,1,2014,5.778333333333333,8.88,3.91,6.6400000000000015
61789,20,13,1,2014,5.1258333333333335,8.42,3.34,6.12
61790,20,14,1,2014,5.065,7.32,3.33,5.66
61791,20,15,1,2014,6.232499999999999,7.32,4.51,5.78
61792,20,16,1,2014,7.324166666666666,7.95,5.8,7.0
61793,20,17,1,2014,8.240000000000002,10.71,8.1,9.58
61794,20,18,1,2014,8.881666666666668,12.89,9.79,11.7
61795,20,19,1,2014,8.774166666666668,14.99,10.42,13.33
61796,20,20,1,2014,8.036666666666667,16.42,11.48,14.54
61797,20,21,1,2014,6.758333333333333,19.26,12.31,16.78
61798,20,22,1,2014,5.515833333333333,18.72,10.27,15.61
61799,20,23,1,2014,2.9791666666666674,21.23,12.69,18.22
61800,21,0,1,2014,-0.6025,21.7,13.91,18.75
61801,21,1,1,2014,-2.373333333333333,18.21,12.26,15.98
61802,21,2,1,2014,-3.7399999999999998,16.68,11.47,14.75
61803,21,3,1,2014,-5.8758333333333335,16.240000000000002,10.87,14.53
61804,21,4,1,2014,-7.267499999999999,14.88,10.66,13.41
61805,21,5,1,2014,-8.619166666666667,15.06,11.05,13.7
61806,21,6,1,2014,-9.843333333333332,16.29,11.67,14.95
61807,21,7,1,2014,-11.138333333333334,15.74,11.21,14.39
61808,21,8,1,2014,-12.137499999999998,13.37,9.47,12.2
61809,21,9,1,2014,-12.708333333333334,11.4,8.5,10.24
61810,21,10,1,2014,-13.585833333333328,10.83,8.03,10.05
61811,21,11,1,2014,-14.186666666666667,10.14,7.56,9.44
61812,21,12,1,2014,-14.477500000000001,7.94,6.17,7.33
61813,21,13,1,2014,-14.768333333333333,6.13,5.0600000000000005,5.74
61814,21,14,1,2014,-14.795,4.55,3.83,4.25
61815,21,15,1,2014,-14.46583333333333,3.2,2.87,3.04
61816,21,16,1,2014,-14.28,2.29,2.19,2.22
61817,21,17,1,2014,-13.585833333333335,1.3,1.41,1.34
61818,21,18,1,2014,-11.68,3.16,3.04,3.1
61819,21,19,1,2014,-9.9925,4.62,4.17,4.41
61820,21,20,1,2014,-8.71,5.29,4.64,5.01
61821,21,21,1,2014,-7.803333333333334,5.98,5.1000000000000005,5.67
61822,21,22,1,2014,-7.4075000000000015,7.15,5.66,6.61
61823,21,23,1,2014,-7.229166666666667,7.58,5.44,6.73
61824,22,0,1,2014,-7.133333333333333,7.78,5.3100000000000005,6.7
61825,22,1,1,2014,-6.892499999999999,9.79,5.69,8.4
61826,22,2,1,2014,-6.4816666666666665,9.9,5.73,8.46
61827,22,3,1,2014,-6.155833333333333,10.11,5.63,8.51
61828,22,4,1,2014,-5.671666666666667,11.27,6.99,9.52
61829,22,5,1,2014,-4.960833333333333,11.26,6.95,9.45
61830,22,6,1,2014,-4.1925,10.5,6.19,8.67
61831,22,7,1,2014,-3.186666666666667,11.48,4.9,8.36
61832,22,8,1,2014,-2.3433333333333333,12.56,5.75,9.69
61833,22,9,1,2014,-2.3375000000000004,12.67,6.45,10.08
61834,22,10,1,2014,-2.8691666666666666,12.71,6.6000000000000005,10.34
61835,22,11,1,2014,-3.611666666666667,11.32,5.69,9.31
61836,22,12,1,2014,-4.1450000000000005,11.09,5.57,9.11
61837,22,13,1,2014,-4.295000000000001,9.27,4.64,7.59
61838,22,14,1,2014,-4.225833333333333,10.54,6.22,8.83
61839,22,15,1,2014,-3.794166666666667,9.04,6.9,8.06
61840,22,16,1,2014,-3.1341666666666668,8.61,6.84,7.88
61841,22,17,1,2014,-2.324166666666667,8.63,7.24,8.13
61842,22,18,1,2014,-1.575,8.73,7.31,8.23
61843,22,19,1,2014,-1.1125,9.28,7.6400000000000015,8.72
61844,22,20,1,2014,-1.2316666666666667,11.74,9.19,10.81
61845,22,21,1,2014,-2.338333333333333,12.1,9.03,11.01
61846,22,22,1,2014,-3.8675,14.94,9.75,13.07
61847,22,23,1,2014,-5.9525,14.5,9.65,12.74
61848,23,0,1,2014,-7.944999999999999,15.59,10.3,13.89
61849,23,1,1,2014,-9.521666666666665,15.86,10.48,14.27
61850,23,2,1,2014,-11.2025,14.48,9.94,13.17
61851,23,3,1,2014,-13.050833333333332,13.9,9.56,12.49
61852,23,4,1,2014,-14.386666666666668,14.59,9.93,13.2
61853,23,5,1,2014,-15.080833333333333,13.19,9.42,11.9
61854,23,6,1,2014,-15.480833333333335,11.68,8.47,10.63
61855,23,7,1,2014,-15.961666666666668,11.4,8.25,10.42
61856,23,8,1,2014,-16.325,12.22,8.620000000000001,11.11
61857,23,9,1,2014,-16.733333333333338,13.16,8.92,11.94
61858,23,10,1,2014,-16.985,11.19,7.88,10.07
61859,23,11,1,2014,-17.53166666666667,11.28,7.45,10.03
61860,23,12,1,2014,-17.88083333333333,10.71,7.19,9.48
61861,23,13,1,2014,-18.391666666666666,10.68,7.0,9.45
61862,23,14,1,2014,-18.452499999999997,10.16,6.99,9.05
61863,23,15,1,2014,-17.738333333333333,8.98,7.1000000000000005,8.11
61864,23,16,1,2014,-16.7375,8.76,7.08,8.07
61865,23,17,1,2014,-15.550000000000002,7.88,6.69,7.4
61866,23,18,1,2014,-14.228333333333332,7.38,6.3500000000000005,6.96
61867,23,19,1,2014,-13.056666666666665,7.33,6.3100000000000005,6.91
61868,23,20,1,2014,-11.985833333333334,6.36,5.54,6.04
61869,23,21,1,2014,-11.269999999999998,6.11,5.2700000000000005,5.76
61870,23,22,1,2014,-11.100833333333336,5.3500000000000005,4.5600000000000005,5.04
61871,23,23,1,2014,-11.471666666666666,3.99,2.87,3.43
61872,24,0,1,2014,-11.78,4.41,2.24,3.29
61873,24,1,1,2014,-11.926666666666668,5.9,3.23,5.04
61874,24,2,1,2014,-12.111666666666666,8.19,4.15,6.65
61875,24,3,1,2014,-12.253333333333332,10.3,5.04,8.36
61876,24,4,1,2014,-12.11416666666667,12.63,6.2,9.96
61877,24,5,1,2014,-12.04,13.85,7.1000000000000005,11.14
61878,24,6,1,2014,-12.066666666666668,15.81,8.08,12.58
61879,24,7,1,2014,-11.776666666666666,16.88,8.74,13.58
61880,24,8,1,2014,-11.525,17.93,9.71,14.82
61881,24,9,1,2014,-11.299166666666666,18.09,9.73,15.0
61882,24,10,1,2014,-10.745833333333335,20.3,11.0,16.96
61883,24,11,1,2014,-10.167500000000002,21.74,12.51,18.52
61884,24,12,1,2014,-9.601666666666665,21.72,12.56,18.54
61885,24,13,1,2014,-8.855833333333335,21.8,12.94,18.8
61886,24,14,1,2014,-7.876666666666665,22.11,13.02,19.01
61887,24,15,1,2014,-6.157499999999999,21.75,14.23,18.82
61888,24,16,1,2014,-4.090833333333333,20.85,14.24,18.24
61889,24,17,1,2014,-1.8150000000000002,18.8,13.39,16.78
61890,24,18,1,2014,0.63,16.79,12.35,15.09
61891,24,19,1,2014,2.8316666666666666,14.91,11.14,13.46
61892,24,20,1,2014,4.415,12.94,9.43,11.43
61893,24,21,1,2014,5.261666666666668,13.74,8.76,11.5
61894,24,22,1,2014,4.715,14.01,7.6,11.27
61895,24,23,1,2014,3.659166666666667,16.35,7.6,12.52
61896,25,0,1,2014,3.309166666666666,15.54,7.43,12.17
61897,25,1,1,2014,3.7166666666666663,16.240000000000002,7.27,12.39
61898,25,2,1,2014,4.494166666666667,17.740000000000006,8.17,13.75
61899,25,3,1,2014,4.889166666666667,17.69,8.290000000000001,13.76
61900,25,4,1,2014,4.969166666666667,16.97,8.23,13.25
61901,25,5,1,2014,4.874166666666667,16.830000000000002,7.87,12.93
61902,25,6,1,2014,4.324166666666668,16.86,7.9300000000000015,13.08
61903,25,7,1,2014,3.3483333333333327,16.04,7.7,12.6
61904,25,8,1,2014,2.8799999999999994,15.73,7.05,12.17
61905,25,9,1,2014,2.8425000000000007,14.93,7.21,11.96
61906,25,10,1,2014,2.01,14.56,6.99,11.52
61907,25,11,1,2014,1.16,13.28,6.5600000000000005,10.6
61908,25,12,1,2014,0.49333333333333335,12.81,6.17,10.0
61909,25,13,1,2014,-0.18083333333333332,11.79,5.47,9.17
61910,25,14,1,2014,-0.8266666666666667,10.48,5.71,8.55
61911,25,15,1,2014,-1.5066666666666666,8.26,5.75,7.32
61912,25,16,1,2014,-0.6900000000000001,7.38,5.78,6.65
61913,25,17,1,2014,0.19999999999999998,7.23,6.23,6.87
61914,25,18,1,2014,0.8758333333333335,7.4,6.36,7.03
61915,25,19,1,2014,1.2833333333333334,6.37,5.6000000000000005,6.1000000000000005
61916,25,20,1,2014,1.740833333333333,6.01,5.28,5.76
61917,25,21,1,2014,2.348333333333333,4.67,4.1,4.47
61918,25,22,1,2014,2.0966666666666667,4.82,3.11,4.18
61919,25,23,1,2014,0.73,3.22,1.98,2.75
61920,26,0,1,2014,0.7283333333333334,8.22,4.38,6.32
61921,26,1,1,2014,0.9133333333333334,10.92,5.38,8.99
61922,26,2,1,2014,1.4574999999999998,14.67,7.43,11.86
61923,26,3,1,2014,2.3858333333333333,17.27,9.4,13.81
61924,26,4,1,2014,3.3874999999999997,17.400000000000002,9.46,13.87
61925,26,5,1,2014,4.509166666666667,18.52,9.9,14.96
61926,26,6,1,2014,5.935833333333334,19.66,10.43,15.95
61927,26,7,1,2014,6.479166666666667,19.52,10.43,15.92
61928,26,8,1,2014,7.219166666666666,18.75,9.69,15.07
61929,26,9,1,2014,8.023333333333335,18.3,8.370000000000001,14.1
61930,26,10,1,2014,8.078333333333335,17.79,8.040000000000001,13.6
61931,26,11,1,2014,7.469166666666667,16.68,7.58,12.66
61932,26,12,1,2014,6.527500000000001,15.7,6.84,11.98
61933,26,13,1,2014,5.590000000000001,14.87,6.16,11.16
61934,26,14,1,2014,4.911666666666667,12.75,4.3500000000000005,9.08
61935,26,15,1,2014,6.158333333333332,10.91,5.43,8.08
61936,26,16,1,2014,7.864166666666667,9.53,7.35,8.6
61937,26,17,1,2014,8.988333333333332,9.98,7.98,9.2
61938,26,18,1,2014,9.878333333333332,10.95,8.75,10.12
61939,26,19,1,2014,10.331666666666665,11.75,9.28,10.83
61940,26,20,1,2014,10.031666666666668,12.32,9.41,11.17
61941,26,21,1,2014,9.612500000000002,15.93,10.33,13.82
61942,26,22,1,2014,8.075833333333334,17.26,10.61,14.63
61943,26,23,1,2014,1.8658333333333335,16.86,10.9,14.6
61944,27,0,1,2014,-0.2891666666666666,18.45,12.09,16.17
61945,27,1,1,2014,-3.125,19.28,12.53,16.79
61946,27,2,1,2014,-5.54,18.58,12.76,16.28
61947,27,3,1,2014,-7.319166666666668,18.67,12.69,16.68
61948,27,4,1,2014,-9.3975,17.11,12.15,15.36
61949,27,5,1,2014,-11.063333333333334,16.97,11.67,15.06
61950,27,6,1,2014,-11.888333333333334,16.28,11.45,14.47
61951,27,7,1,2014,-13.210833333333332,15.93,11.14,14.36
61952,27,8,1,2014,-14.17,14.36,10.35,12.87
61953,27,9,1,2014,-14.641666666666667,11.85,8.76,10.82
61954,27,10,1,2014,-15.484166666666665,14.37,9.76,12.86
61955,27,11,1,2014,-16.2825,11.8,8.34,10.46
61956,27,12,1,2014,-16.6825,10.39,7.59,9.33
61957,27,13,1,2014,-16.944166666666668,8.89,6.47,7.94
61958,27,14,1,2014,-16.98416666666667,8.69,6.2700000000000005,7.76
61959,27,15,1,2014,-16.5425,8.18,6.82,7.69
61960,27,16,1,2014,-16.020833333333332,7.47,6.37,7.07
61961,27,17,1,2014,-15.064166666666667,7.2,6.26,6.8500000000000005
61962,27,18,1,2014,-14.208333333333334,7.05,6.23,6.76
61963,27,19,1,2014,-13.431666666666667,5.9,5.32,5.68
61964,27,20,1,2014,-12.848333333333331,5.63,5.15,5.49
61965,27,21,1,2014,-12.699166666666665,6.03,5.47,5.9
61966,27,22,1,2014,-12.66666666666667,5.71,5.09,5.53
61967,27,23,1,2014,-12.769999999999998,4.42,3.87,4.25
61968,28,0,1,2014,-12.775833333333331,4.2700000000000005,3.62,4.07
61969,28,1,1,2014,-12.782499999999999,3.89,3.14,3.62
61970,28,2,1,2014,-12.900833333333333,2.01,1.81,1.94
61971,28,3,1,2014,-13.000833333333333,1.49,1.35,1.43
61972,28,4,1,2014,-13.174166666666666,1.14,1.05,1.12
61973,28,5,1,2014,-13.548333333333332,1.54,1.19,1.61
61974,28,6,1,2014,-13.957500000000001,2.81,2.25,3.09
61975,28,7,1,2014,-14.17,4.1,2.8000000000000003,3.82
61976,28,8,1,2014,-14.34083333333333,4.3100000000000005,2.86,3.98
61977,28,9,1,2014,-14.550833333333332,4.93,3.27,4.5
61978,28,10,1,2014,-14.601666666666667,5.11,3.44,4.89
61979,28,11,1,2014,-14.803333333333333,4.8500000000000005,3.35,5.08
61980,28,12,1,2014,-15.023333333333333,4.7,3.38,5.05
61981,28,13,1,2014,-15.139166666666668,5.84,3.6,5.3500000000000005
61982,28,14,1,2014,-14.424166666666666,5.8500000000000005,3.56,5.33
61983,28,15,1,2014,-12.755000000000003,5.09,3.83,4.28
61984,28,16,1,2014,-11.055833333333334,4.39,3.84,4.09
61985,28,17,1,2014,-9.514166666666668,4.74,4.2700000000000005,4.53
61986,28,18,1,2014,-8.460833333333333,5.69,5.08,5.47
61987,28,19,1,2014,-7.590833333333333,6.23,5.51,5.97
61988,28,20,1,2014,-6.75,7.11,6.15,6.8
61989,28,21,1,2014,-6.355833333333332,7.88,6.6400000000000015,7.47
61990,28,22,1,2014,-6.32,7.88,6.38,7.35
61991,28,23,1,2014,-6.540833333333333,6.86,3.98,5.67
61992,29,0,1,2014,-6.79,5.84,2.83,4.63
61993,29,1,1,2014,-6.901666666666666,4.44,1.68,3.3000000000000003
61994,29,2,1,2014,-6.969166666666667,3.08,1.56,2.22
61995,29,3,1,2014,-6.967500000000001,3.13,2.22,2.87
61996,29,4,1,2014,-6.995,4.4,2.46,3.56
61997,29,5,1,2014,-6.960833333333334,5.29,2.81,4.48
61998,29,6,1,2014,-6.834166666666666,7.18,3.63,5.68
61999,29,7,1,2014,-6.668333333333333,8.65,4.07,6.9
62000,29,8,1,2014,-6.4891666666666685,8.88,4.47,7.05
62001,29,9,1,2014,-6.330833333333334,9.52,5.13,7.79
62002,29,10,1,2014,-6.100833333333333,10.16,5.05,7.99
62003,29,11,1,2014,-5.8566666666666665,10.46,5.2,8.21
62004,29,12,1,2014,-5.873333333333334,10.94,5.7,8.74
62005,29,13,1,2014,-5.733333333333333,11.46,5.73,9.19
62006,29,14,1,2014,-5.3691666666666675,11.49,5.7,9.23
62007,29,15,1,2014,-3.820833333333334,10.75,6.5200000000000005,8.82
62008,29,16,1,2014,-1.9691666666666665,10.08,7.47,9.09
62009,29,17,1,2014,-0.30083333333333323,10.97,8.53,9.99
62010,29,18,1,2014,1.49,11.78,9.08,10.67
62011,29,19,1,2014,3.2975,12.43,9.45,11.23
62012,29,20,1,2014,4.481666666666667,13.22,9.41,11.67
62013,29,21,1,2014,4.835833333333334,14.47,9.6,12.22
62014,29,22,1,2014,4.0808333333333335,14.89,8.26,12.31
62015,29,23,1,2014,2.516666666666666,17.41,8.56,13.91
62016,30,0,1,2014,1.5749999999999995,18.14,8.75,14.44
62017,30,1,1,2014,1.4075,19.32,9.77,15.55
62018,30,2,1,2014,1.284166666666667,19.1,10.02,15.57
62019,30,3,1,2014,1.1175,19.34,10.32,15.96
62020,30,4,1,2014,0.9808333333333334,19.86,10.43,16.36
62021,30,5,1,2014,0.7683333333333334,20.41,10.66,16.82
62022,30,6,1,2014,0.6108333333333333,20.98,11.09,17.39
62023,30,7,1,2014,0.5433333333333333,21.55,11.9,18.12
62024,30,8,1,2014,0.5525000000000001,21.4,11.96,18.04
62025,30,9,1,2014,0.43416666666666676,20.71,11.73,17.51
62026,30,10,1,2014,0.3025,20.94,11.73,17.73
62027,30,11,1,2014,0.29083333333333333,20.91,11.7,17.68
62028,30,12,1,2014,0.25083333333333335,21.56,12.08,18.27
62029,30,13,1,2014,0.2308333333333333,21.33,12.26,18.21
62030,30,14,1,2014,0.8208333333333333,19.93,11.73,17.1
62031,30,15,1,2014,2.3675,18.91,11.64,16.22
62032,30,16,1,2014,4.236666666666667,14.75,10.54,13.14
62033,30,17,1,2014,6.1625000000000005,10.82,8.5,9.92
62034,30,18,1,2014,5.1475,10.92,9.09,10.35
62035,30,19,1,2014,3.154166666666667,10.0,8.28,9.41
62036,30,20,1,2014,2.015,9.79,8.09,9.21
62037,30,21,1,2014,0.9741666666666667,9.75,7.8900000000000015,9.06
62038,30,22,1,2014,-0.10916666666666669,10.9,7.69,9.83
62039,30,23,1,2014,-1.3975,10.97,7.58,9.89
62040,31,0,1,2014,-2.734166666666667,10.79,6.99,9.69
62041,31,1,1,2014,-3.5933333333333337,10.14,6.76,9.01
62042,31,2,1,2014,-4.175,10.11,6.99,9.08
62043,31,3,1,2014,-4.75,9.64,6.79,8.700000000000001
62044,31,4,1,2014,-5.266666666666667,9.62,6.97,8.73
62045,31,5,1,2014,-5.720833333333334,9.15,6.75,8.33
62046,31,6,1,2014,-6.079166666666666,8.790000000000001,6.55,7.98
62047,31,7,1,2014,-6.569166666666667,9.38,6.84,8.53
62048,31,8,1,2014,-6.9125000000000005,8.56,6.3100000000000005,7.75
62049,31,9,1,2014,-7.41,7.91,6.03,7.24
62050,31,10,1,2014,-7.988333333333333,7.97,6.05,7.3
62051,31,11,1,2014,-8.5375,7.84,5.94,7.16
62052,31,12,1,2014,-9.090833333333334,7.86,5.98,7.2
62053,31,13,1,2014,-9.565,7.72,5.83,7.05
62054,31,14,1,2014,-9.881666666666666,7.7,6.15,7.12
62055,31,15,1,2014,-9.359166666666665,7.42,6.16,6.92
62056,31,16,1,2014,-8.439166666666667,7.11,6.07,6.7
62057,31,17,1,2014,-7.249166666666665,6.86,5.98,6.5
62058,31,18,1,2014,-6.179166666666666,6.59,5.86,6.3100000000000005
62059,31,19,1,2014,-5.345,6.15,5.53,5.92
62060,31,20,1,2014,-4.8725,6.03,5.28,5.74
62061,31,21,1,2014,-4.571666666666667,5.96,5.07,5.5600000000000005
62062,31,22,1,2014,-4.578333333333333,5.96,4.92,5.55
62063,31,23,1,2014,-5.001666666666667,6.43,4.36,5.33
62064,1,0,2,2014,-5.388333333333333,6.82,3.75,5.8
62065,1,1,2,2014,-5.715833333333333,6.82,3.73,5.79
62066,1,2,2,2014,-5.961666666666667,6.54,3.62,5.47
62067,1,3,2,2014,-6.226666666666667,6.23,3.3000000000000003,5.13
62068,1,4,2,2014,-6.226666666666667,6.1400000000000015,3.6,5.03
62069,1,5,2,2014,-5.990833333333334,5.16,3.81,4.5600000000000005
62070,1,6,2,2014,-6.065833333333334,5.48,4.07,4.88
62071,1,7,2,2014,-6.051666666666667,4.91,3.46,4.32
62072,1,8,2,2014,-6.0424999999999995,4.49,3.24,3.94
62073,1,9,2,2014,-6.089166666666667,4.58,3.42,4.18
62074,1,10,2,2014,-6.219166666666669,5.0600000000000005,3.63,4.47
62075,1,11,2,2014,-6.38,5.33,3.89,4.79
62076,1,12,2,2014,-6.483333333333334,5.36,3.59,4.67
62077,1,13,2,2014,-6.611666666666667,5.8,3.89,5.0200000000000005
62078,1,14,2,2014,-6.303333333333334,6.07,4.47,5.45
62079,1,15,2,2014,-5.559166666666667,6.68,5.46,6.15
62080,1,16,2,2014,-4.4433333333333325,7.04,5.82,6.49
62081,1,17,2,2014,-3.1966666666666668,7.0600000000000005,5.97,6.6000000000000005
62082,1,18,2,2014,-2.141666666666667,7.61,6.38,7.1400000000000015
62083,1,19,2,2014,-1.5441666666666667,8.48,6.9,7.9
62084,1,20,2,2014,-1.783333333333333,9.15,7.03,8.41
62085,1,21,2,2014,-2.3966666666666665,10.17,7.11,9.11
62086,1,22,2,2014,-3.226666666666667,11.28,7.07,9.74
62087,1,23,2,2014,-5.4383333333333335,12.54,6.42,10.52
62088,2,0,2,2014,-6.965833333333333,14.23,6.95,11.6
62089,2,1,2,2014,-8.028333333333334,14.39,7.01,11.8
62090,2,2,2,2014,-8.761666666666667,13.99,7.01,11.65
62091,2,3,2,2014,-9.292500000000002,13.17,6.7,10.91
62092,2,4,2,2014,-9.969166666666666,11.88,6.18,9.9
62093,2,5,2,2014,-10.727500000000001,11.15,6.03,9.35
62094,2,6,2,2014,-11.373333333333335,10.29,5.22,8.370000000000001
62095,2,7,2,2014,-12.011666666666665,9.83,4.93,7.9
62096,2,8,2,2014,-12.626666666666667,9.23,4.8100000000000005,7.63
62097,2,9,2,2014,-13.209166666666667,8.81,4.28,7.08
62098,2,10,2,2014,-13.64333333333333,8.39,4.01,6.63
62099,2,11,2,2014,-14.011666666666668,7.92,3.67,6.13
62100,2,12,2,2014,-14.24916666666667,7.28,3.44,5.68
62101,2,13,2,2014,-14.440833333333332,6.49,3.02,5.0
62102,2,14,2,2014,-13.680833333333334,5.16,2.61,4.2
62103,2,15,2,2014,-12.1025,4.3500000000000005,3.7,4.0200000000000005
62104,2,16,2,2014,-10.878333333333336,4.34,3.8,4.0600000000000005
62105,2,17,2,2014,-9.638333333333334,3.81,3.34,3.53
62106,2,18,2,2014,-8.785833333333333,3.09,2.88,2.95
62107,2,19,2,2014,-7.850833333333333,1.84,1.8,1.78
62108,2,20,2,2014,-7.094166666666666,1.53,1.5,1.46
62109,2,21,2,2014,-6.573333333333333,1.2,1.22,1.19
62110,2,22,2,2014,-6.525833333333334,1.64,1.67,1.71
62111,2,23,2,2014,-8.6725,3.17,2.18,2.99
62112,3,0,2,2014,-9.430000000000001,4.4,2.86,4.36
62113,3,1,2,2014,-9.860833333333334,4.3500000000000005,2.88,4.38
62114,3,2,2,2014,-9.874166666666667,4.9,3.42,4.73
62115,3,3,2,2014,-9.530833333333335,5.8,3.84,5.68
62116,3,4,2,2014,-9.790833333333333,6.59,3.97,6.24
62117,3,5,2,2014,-10.281666666666666,7.35,4.09,6.55
62118,3,6,2,2014,-10.419166666666664,7.34,4.55,6.92
62119,3,7,2,2014,-10.665833333333333,8.33,4.74,7.84
62120,3,8,2,2014,-10.766666666666666,8.56,4.95,8.03
62121,3,9,2,2014,-10.796666666666665,8.77,4.93,8.28
62122,3,10,2,2014,-10.763333333333334,8.64,5.03,8.3
62123,3,11,2,2014,-11.452499999999999,9.66,4.76,8.56
62124,3,12,2,2014,-11.297499999999998,9.89,5.34,9.02
62125,3,13,2,2014,-11.330833333333333,9.51,5.7,9.14
62126,3,14,2,2014,-10.664166666666668,9.56,5.8,9.2
62127,3,15,2,2014,-8.405,9.12,5.64,8.06
62128,3,16,2,2014,-6.541666666666668,7.5,5.51,6.38
62129,3,17,2,2014,-4.975,6.43,5.2,5.91
62130,3,18,2,2014,-3.7758333333333343,5.54,4.7,5.14
62131,3,19,2,2014,-2.945,5.55,4.7,5.15
62132,3,20,2,2014,-2.328333333333333,5.9,4.73,5.38
62133,3,21,2,2014,-2.17,6.3,4.75,5.63
62134,3,22,2,2014,-3.1041666666666665,7.68,4.6000000000000005,6.26
62135,3,23,2,2014,-5.150833333333334,8.1,4.07,6.67
62136,4,0,2,2014,-6.44,9.0,3.96,7.32
62137,4,1,2,2014,-7.1724999999999985,9.48,4.0,7.52
62138,4,2,2,2014,-7.851666666666666,9.99,3.81,7.49
62139,4,3,2,2014,-5.965,10.7,4.8,7.8900000000000015
62140,4,4,2,2014,-5.181666666666667,8.86,4.64,7.11
62141,4,5,2,2014,-5.196666666666667,7.1400000000000015,4.14,6.0200000000000005
62142,4,6,2,2014,-5.780000000000001,5.24,3.11,4.15
62143,4,7,2,2014,-6.188333333333333,5.2,3.43,4.48
62144,4,8,2,2014,-6.575,5.96,3.53,4.94
62145,4,9,2,2014,-6.8525,6.38,3.66,5.33
62146,4,10,2,2014,-7.086666666666667,7.52,3.66,6.22
62147,4,11,2,2014,-7.103333333333334,7.99,4.3500000000000005,6.74
62148,4,12,2,2014,-7.261666666666667,7.3900000000000015,4.28,6.13
62149,4,13,2,2014,-7.195833333333334,8.4,5.03,7.19
62150,4,14,2,2014,-7.104166666666667,8.81,6.23,7.81
62151,4,15,2,2014,-6.459166666666666,8.68,7.01,8.0
62152,4,16,2,2014,-5.642500000000001,9.23,7.52,8.52
62153,4,17,2,2014,-4.7975,9.96,8.08,9.2
62154,4,18,2,2014,-3.7875,10.85,8.73,10.01
62155,4,19,2,2014,-3.4533333333333345,11.76,9.45,10.92
62156,4,20,2,2014,-3.7966666666666664,12.57,9.56,11.46
62157,4,21,2,2014,-3.1666666666666665,12.55,9.55,11.32
62158,4,22,2,2014,-3.5700000000000003,13.0,9.15,11.4
62159,4,23,2,2014,-4.257499999999999,14.69,9.18,12.9
62160,5,0,2,2014,-5.013333333333333,15.28,8.44,13.18
62161,5,1,2,2014,-5.4958333333333345,15.64,8.82,13.5
62162,5,2,2,2014,-7.328333333333333,17.080000000000002,10.96,14.77
62163,5,3,2,2014,-10.053333333333333,16.04,10.79,13.93
62164,5,4,2,2014,-11.815,15.4,10.34,13.4
62165,5,5,2,2014,-13.098333333333334,16.09,10.59,13.97
62166,5,6,2,2014,-13.760833333333336,15.63,10.37,13.61
62167,5,7,2,2014,-14.4475,14.39,9.71,12.53
62168,5,8,2,2014,-15.267500000000004,14.83,10.02,13.11
62169,5,9,2,2014,-15.77833333333333,14.55,9.78,12.74
62170,5,10,2,2014,-16.203333333333337,14.98,9.49,13.01
62171,5,11,2,2014,-16.559166666666666,14.79,8.870000000000003,12.81
62172,5,12,2,2014,-16.930833333333336,14.92,8.76,13.01
62173,5,13,2,2014,-17.194166666666664,14.55,8.55,12.69
62174,5,14,2,2014,-17.249999999999996,13.68,9.59,12.2
62175,5,15,2,2014,-16.881666666666664,14.16,10.21,12.76
62176,5,16,2,2014,-16.1825,14.18,10.39,12.88
62177,5,17,2,2014,-15.507500000000002,14.09,10.43,12.85
62178,5,18,2,2014,-14.628333333333336,11.33,9.13,10.46
62179,5,19,2,2014,-13.764166666666666,10.76,8.700000000000001,9.97
62180,5,20,2,2014,-13.190833333333332,11.59,9.07,10.65
62181,5,21,2,2014,-12.967500000000001,10.95,8.370000000000001,10.07
62182,5,22,2,2014,-13.118333333333332,9.85,7.28,9.02
62183,5,23,2,2014,-13.487499999999999,9.16,6.23,8.13
62184,6,0,2,2014,-13.878333333333332,10.15,5.69,8.76
62185,6,1,2,2014,-14.145000000000001,10.19,5.8100000000000005,8.88
62186,6,2,2,2014,-14.052500000000002,8.03,4.43,6.86
62187,6,3,2,2014,-13.792499999999999,7.51,4.29,6.45
62188,6,4,2,2014,-13.636666666666668,7.5,4.3100000000000005,6.44
62189,6,5,2,2014,-13.703333333333335,6.98,3.96,5.98
62190,6,6,2,2014,-13.762500000000001,7.48,3.98,6.32
62191,6,7,2,2014,-14.048333333333334,8.06,4.51,6.99
62192,6,8,2,2014,-14.292499999999999,7.18,3.96,6.2
62193,6,9,2,2014,-14.373333333333335,5.53,3.08,4.76
62194,6,10,2,2014,-14.4475,4.0200000000000005,2.24,3.48
62195,6,11,2,2014,-14.485833333333334,2.87,1.56,2.47
62196,6,12,2,2014,-14.483333333333333,2.4,1.36,1.92
62197,6,13,2,2014,-14.379166666666668,2.62,1.56,2.04
62198,6,14,2,2014,-13.924999999999999,3.23,2.72,2.98
62199,6,15,2,2014,-13.315,3.82,3.35,3.59
62200,6,16,2,2014,-12.815,4.21,3.78,4.0200000000000005
62201,6,17,2,2014,-12.225,4.54,4.09,4.3500000000000005
62202,6,18,2,2014,-11.63,5.13,4.61,4.93
62203,6,19,2,2014,-11.065,4.39,3.98,4.21
62204,6,20,2,2014,-10.525,4.07,3.77,3.96
62205,6,21,2,2014,-10.304166666666665,3.89,3.52,3.78
62206,6,22,2,2014,-10.333333333333334,4.39,3.63,4.13
62207,6,23,2,2014,-10.558333333333335,3.89,3.01,3.5700000000000003
62208,7,0,2,2014,-10.694166666666668,4.8100000000000005,3.03,4.16
62209,7,1,2,2014,-11.031666666666666,5.71,3.67,5.08
62210,7,2,2,2014,-11.2025,5.5,3.48,4.7700000000000005
62211,7,3,2,2014,-11.210833333333335,6.24,3.78,5.34
62212,7,4,2,2014,-11.248333333333333,6.16,3.87,5.3100000000000005
62213,7,5,2,2014,-11.402500000000002,5.92,3.81,5.14
62214,7,6,2,2014,-11.473333333333336,5.49,3.15,4.64
62215,7,7,2,2014,-11.410000000000002,5.94,3.15,4.91
62216,7,8,2,2014,-11.359166666666667,5.95,3.38,5.01
62217,7,9,2,2014,-11.400833333333336,5.9,3.38,5.03
62218,7,10,2,2014,-11.414166666666667,5.86,3.3000000000000003,4.9
62219,7,11,2,2014,-11.472500000000002,5.29,2.92,4.44
62220,7,12,2,2014,-11.540833333333333,5.16,2.63,4.2
62221,7,13,2,2014,-11.619166666666665,5.44,3.19,4.63
62222,7,14,2,2014,-11.454166666666666,5.46,3.95,4.93
62223,7,15,2,2014,-10.829166666666667,5.46,4.68,5.13
62224,7,16,2,2014,-10.216666666666667,5.51,4.78,5.21
62225,7,17,2,2014,-9.570833333333333,5.59,4.97,5.3500000000000005
62226,7,18,2,2014,-9.070833333333335,5.59,4.96,5.34
62227,7,19,2,2014,-8.484166666666667,5.78,5.04,5.5
62228,7,20,2,2014,-8.113333333333332,5.93,5.15,5.64
62229,7,21,2,2014,-8.073333333333334,6.23,5.03,5.78
62230,7,22,2,2014,-8.139166666666668,6.3,4.87,5.74
62231,7,23,2,2014,-8.389166666666666,7.34,4.33,6.33
62232,8,0,2,2014,-8.691666666666668,7.45,4.18,6.41
62233,8,1,2,2014,-8.942500000000003,7.63,4.13,6.4
62234,8,2,2,2014,-8.944166666666668,7.84,4.3100000000000005,6.6000000000000005
62235,8,3,2,2014,-8.883333333333333,8.45,4.62,7.04
62236,8,4,2,2014,-8.659166666666668,8.67,4.63,7.04
62237,8,5,2,2014,-8.332500000000001,9.07,5.2,7.47
62238,8,6,2,2014,-8.001666666666667,9.13,5.25,7.52
62239,8,7,2,2014,-7.711666666666667,8.78,5.22,7.32
62240,8,8,2,2014,-7.486666666666667,8.61,5.08,7.17
62241,8,9,2,2014,-7.144166666666667,9.14,5.26,7.5
62242,8,10,2,2014,-6.790833333333334,9.81,5.68,8.02
62243,8,11,2,2014,-6.3325000000000005,10.34,5.82,8.55
62244,8,12,2,2014,-5.867500000000001,10.62,5.9,8.86
62245,8,13,2,2014,-5.483333333333333,11.78,6.5,9.8
62246,8,14,2,2014,-4.836666666666667,12.23,7.41,10.53
62247,8,15,2,2014,-4.088333333333334,11.99,7.66,10.35
62248,8,16,2,2014,-3.2608333333333337,10.28,7.56,9.13
62249,8,17,2,2014,-2.4258333333333333,10.03,7.59,9.04
62250,8,18,2,2014,-1.8125,9.58,7.43,8.73
62251,8,19,2,2014,-1.4474999999999998,9.32,7.08,8.45
62252,8,20,2,2014,-1.1683333333333332,8.55,6.5,7.75
62253,8,21,2,2014,-1.1433333333333333,7.26,5.38,6.51
62254,8,22,2,2014,-1.445,6.16,3.96,5.29
62255,8,23,2,2014,-1.8425,5.53,3.11,4.46
62256,9,0,2,2014,-2.066666666666667,5.5200000000000005,3.11,4.46
62257,9,1,2,2014,-2.050833333333333,5.01,2.63,4.11
62258,9,2,2,2014,-1.8191666666666668,3.91,2.71,3.95
62259,9,3,2,2014,-1.788333333333333,2.69,2.36,3.48
62260,9,4,2,2014,-1.836666666666667,5.86,3.61,5.09
62261,9,5,2,2014,-2.649166666666667,8.69,3.93,6.95
62262,9,6,2,2014,-3.0191666666666666,8.66,4.46,6.99
62263,9,7,2,2014,-3.8058333333333336,8.31,4.5200000000000005,6.95
62264,9,8,2,2014,-4.089166666666666,8.0,4.26,6.6000000000000005
62265,9,9,2,2014,-4.322500000000001,9.01,4.95,7.59
62266,9,10,2,2014,-4.765,10.36,6.0,8.950000000000003
62267,9,11,2,2014,-5.4725,10.1,5.45,8.53
62268,9,12,2,2014,-5.961666666666667,9.11,4.8100000000000005,7.79
62269,9,13,2,2014,-6.515833333333333,7.98,4.28,6.8900000000000015
62270,9,14,2,2014,-6.8566666666666665,7.36,5.11,6.6400000000000015
62271,9,15,2,2014,-6.918333333333333,7.42,6.09,6.92
62272,9,16,2,2014,-6.754166666666667,8.31,6.88,7.79
62273,9,17,2,2014,-6.860833333333333,8.24,6.78,7.69
62274,9,18,2,2014,-6.814166666666666,7.25,6.12,6.79
62275,9,19,2,2014,-6.855,7.62,6.61,7.34
62276,9,20,2,2014,-6.906666666666666,6.68,5.69,6.3
62277,9,21,2,2014,-7.264166666666667,6.95,5.84,6.54
62278,9,22,2,2014,-7.859166666666666,7.24,5.87,6.74
62279,9,23,2,2014,-8.405000000000001,6.3900000000000015,4.89,5.7700000000000005
62280,10,0,2,2014,-8.81,7.24,4.82,6.3
62281,10,1,2,2014,-9.1075,7.2,4.5600000000000005,6.23
62282,10,2,2,2014,-9.2775,7.58,4.28,6.57
62283,10,3,2,2014,-9.544166666666667,7.74,4.76,6.8500000000000005
62284,10,4,2,2014,-9.9475,7.34,4.39,6.41
62285,10,5,2,2014,-10.190833333333334,6.12,3.98,5.38
62286,10,6,2,2014,-10.759166666666667,5.71,3.98,5.21
62287,10,7,2,2014,-11.427500000000002,5.42,3.98,5.01
62288,10,8,2,2014,-11.7325,5.22,3.65,4.73
62289,10,9,2,2014,-11.901666666666669,4.68,3.44,4.24
62290,10,10,2,2014,-12.155833333333334,3.87,3.13,3.58
62291,10,11,2,2014,-12.563333333333334,4.1,3.4,3.89
62292,10,12,2,2014,-12.770000000000001,4.12,3.3200000000000003,3.86
62293,10,13,2,2014,-12.944166666666666,4.0600000000000005,3.22,3.77
62294,10,14,2,2014,-12.950000000000001,3.66,3.03,3.41
62295,10,15,2,2014,-12.608333333333334,3.56,3.19,3.38
62296,10,16,2,2014,-12.105833333333331,3.4,3.1,3.26
62297,10,17,2,2014,-11.506666666666668,2.99,2.81,2.89
62298,10,18,2,2014,-10.881666666666666,2.82,2.74,2.79
62299,10,19,2,2014,-10.326666666666666,2.82,2.75,2.79
62300,10,20,2,2014,-9.81,2.47,2.38,2.43
62301,10,21,2,2014,-9.426666666666668,2.48,2.38,2.44
62302,10,22,2,2014,-9.510833333333334,2.21,2.15,2.21
62303,10,23,2,2014,-9.730833333333333,2.58,2.1,2.46
62304,11,0,2,2014,-9.880833333333333,2.58,2.09,2.45
62305,11,1,2,2014,-9.9675,2.38,1.86,2.19
62306,11,2,2,2014,-10.123333333333333,2.35,1.99,2.26
62307,11,3,2,2014,-10.223333333333334,2.06,1.7,1.95
62308,11,4,2,2014,-10.265,2.07,1.74,1.97
62309,11,5,2,2014,-10.344166666666666,2.11,1.75,2.0
62310,11,6,2,2014,-10.390833333333335,2.34,1.92,2.2
62311,11,7,2,2014,-10.477500000000001,2.8000000000000003,2.4,2.7
62312,11,8,2,2014,-10.731666666666667,3.45,2.73,3.21
62313,11,9,2,2014,-10.879166666666665,3.79,2.84,3.45
62314,11,10,2,2014,-10.870833333333332,4.04,3.18,3.75
62315,11,11,2,2014,-11.108333333333334,4.73,3.39,4.28
62316,11,12,2,2014,-11.269166666666665,5.18,3.59,4.58
62317,11,13,2,2014,-11.270833333333334,5.18,3.52,4.57
62318,11,14,2,2014,-11.025,5.76,4.36,5.25
62319,11,15,2,2014,-10.446666666666665,5.93,4.86,5.45
62320,11,16,2,2014,-9.485000000000001,6.07,5.05,5.57
62321,11,17,2,2014,-8.506666666666668,6.8,5.71,6.3100000000000005
62322,11,18,2,2014,-7.572500000000001,7.15,5.98,6.63
62323,11,19,2,2014,-6.599999999999999,7.95,6.59,7.43
62324,11,20,2,2014,-5.9191666666666665,8.28,6.84,7.79
62325,11,21,2,2014,-5.4175,9.41,7.08,8.66
62326,11,22,2,2014,-5.579166666666668,9.33,7.03,8.58
62327,11,23,2,2014,-5.75,10.64,5.95,8.72
62328,12,0,2,2014,-5.933333333333334,11.93,6.3500000000000005,9.97
62329,12,1,2,2014,-5.9750000000000005,13.37,7.0600000000000005,11.15
62330,12,2,2,2014,-5.885000000000001,13.9,7.46,11.64
62331,12,3,2,2014,-5.7250000000000005,14.14,7.75,11.91
62332,12,4,2,2014,-5.604166666666667,14.86,7.98,12.44
62333,12,5,2,2014,-5.538333333333334,14.97,8.290000000000001,12.59
62334,12,6,2,2014,-5.345,14.73,7.82,12.23
62335,12,7,2,2014,-5.1450000000000005,14.9,8.66,12.67
62336,12,8,2,2014,-4.862500000000001,15.11,8.69,12.87
62337,12,9,2,2014,-4.584166666666667,15.64,9.29,13.35
62338,12,10,2,2014,-4.2825000000000015,15.59,9.26,13.31
62339,12,11,2,2014,-4.0008333333333335,15.5,9.75,13.44
62340,12,12,2,2014,-3.6449999999999996,14.69,9.11,12.66
62341,12,13,2,2014,-3.3266666666666667,12.49,7.41,10.7
62342,12,14,2,2014,-2.6858333333333335,11.62,7.43,9.88
62343,12,15,2,2014,-1.9383333333333337,10.56,7.41,9.43
62344,12,16,2,2014,-0.6116666666666667,6.63,5.43,6.11
62345,12,17,2,2014,0.24000000000000002,5.78,4.42,5.09
62346,12,18,2,2014,1.0883333333333334,7.34,4.7700000000000005,6.3100000000000005
62347,12,19,2,2014,1.0275,8.370000000000001,5.3500000000000005,7.29
62348,12,20,2,2014,0.6749999999999999,7.79,5.08,6.8100000000000005
62349,12,21,2,2014,0.34333333333333327,6.7700000000000005,4.39,5.98
62350,12,22,2,2014,0.021666666666666667,6.28,3.73,5.4
62351,12,23,2,2014,-0.5433333333333334,5.47,3.25,4.7
62352,13,0,2,2014,-1.1125,3.93,1.75,3.11
62353,13,1,2,2014,-1.145,1.8,0.93,1.32
62354,13,2,2,2014,-0.9958333333333332,2.01,1.71,1.66
62355,13,3,2,2014,-1.0100000000000002,3.7,2.73,3.61
62356,13,4,2,2014,-0.9491666666666667,6.83,3.44,5.48
62357,13,5,2,2014,-0.5516666666666666,8.58,4.26,6.78
62358,13,6,2,2014,-0.10583333333333333,9.85,4.99,7.79
62359,13,7,2,2014,0.2316666666666667,12.48,6.61,10.01
62360,13,8,2,2014,0.43666666666666676,14.47,8.700000000000001,12.15
62361,13,9,2,2014,0.3625,15.12,9.1,12.6
62362,13,10,2,2014,0.64,16.54,9.94,13.83
62363,13,11,2,2014,1.0516666666666665,16.53,9.95,13.82
62364,13,12,2,2014,1.1875000000000002,17.06,10.39,14.39
62365,13,13,2,2014,1.1516666666666666,16.990000000000002,10.38,14.35
62366,13,14,2,2014,1.1941666666666666,15.47,9.26,12.98
62367,13,15,2,2014,1.9091666666666665,14.06,8.91,12.13
62368,13,16,2,2014,3.0875,12.25,8.05,10.37
62369,13,17,2,2014,4.480833333333333,10.75,7.12,9.04
62370,13,18,2,2014,5.491666666666667,9.22,5.93,7.67
62371,13,19,2,2014,6.5683333333333325,8.64,5.32,7.12
62372,13,20,2,2014,7.184166666666667,7.42,4.59,6.2
62373,13,21,2,2014,7.435833333333334,6.91,3.99,5.88
62374,13,22,2,2014,6.660833333333333,5.83,2.61,4.51
62375,13,23,2,2014,5.060833333333333,5.55,4.69,6.28
62376,14,0,2,2014,3.9025,6.41,4.87,6.68
62377,14,1,2,2014,3.480833333333333,6.88,5.33,7.22
62378,14,2,2,2014,3.2424999999999997,7.57,5.24,7.24
62379,14,3,2,2014,3.2433333333333336,9.32,4.87,7.07
62380,14,4,2,2014,2.66,8.57,4.37,6.67
62381,14,5,2,2014,1.6841666666666664,3.3000000000000003,3.56,4.8500000000000005
62382,14,6,2,2014,1.6749999999999998,6.5600000000000005,5.7,7.67
62383,14,7,2,2014,2.05,8.4,5.82,7.9
62384,14,8,2,2014,1.7299999999999998,7.92,5.63,7.6
62385,14,9,2,2014,1.55,7.76,5.08,6.84
62386,14,10,2,2014,1.1991666666666667,9.34,4.8500000000000005,7.46
62387,14,11,2,2014,-0.29083333333333333,10.57,6.28,9.09
62388,14,12,2,2014,-1.4299999999999997,11.19,7.36,9.87
62389,14,13,2,2014,-2.348333333333333,10.1,6.71,8.85
62390,14,14,2,2014,-2.4933333333333327,8.51,5.79,7.57
62391,14,15,2,2014,-2.445,8.66,6.46,7.81
62392,14,16,2,2014,-2.5641666666666665,9.2,6.96,8.52
62393,14,17,2,2014,-2.605,8.43,6.68,7.75
62394,14,18,2,2014,-2.1249999999999996,8.65,7.05,8.1
62395,14,19,2,2014,-1.5308333333333335,8.71,7.13,8.18
62396,14,20,2,2014,-1.26,8.58,6.92,7.97
62397,14,21,2,2014,-1.38,8.32,6.16,7.52
62398,14,22,2,2014,-2.09,8.4,6.08,7.54
62399,14,23,2,2014,-2.6283333333333334,8.290000000000001,5.2,7.16
62400,15,0,2,2014,-3.0083333333333333,8.620000000000001,5.36,7.42
62401,15,1,2,2014,-3.0416666666666665,7.37,4.41,6.25
62402,15,2,2,2014,-3.2016666666666667,4.0200000000000005,2.98,3.62
62403,15,3,2,2014,-3.2516666666666665,1.45,1.31,1.37
62404,15,4,2,2014,-3.1774999999999998,1.31,1.2,1.27
62405,15,5,2,2014,-2.936666666666666,3.02,2.5,2.84
62406,15,6,2,2014,-2.7800000000000007,3.15,2.59,2.96
62407,15,7,2,2014,-2.7375000000000003,4.96,3.7,4.48
62408,15,8,2,2014,-2.5725,6.49,4.24,5.64
62409,15,9,2,2014,-2.4466666666666668,8.08,5.04,6.92
62410,15,10,2,2014,-2.2541666666666664,8.65,5.43,7.37
62411,15,11,2,2014,-2.049166666666667,10.55,6.55,8.99
62412,15,12,2,2014,-2.0075,13.42,7.75,11.35
62413,15,13,2,2014,-1.6975,13.42,7.98,11.48
62414,15,14,2,2014,-1.0775,13.31,8.33,11.29
62415,15,15,2,2014,0.0725,12.71,8.61,11.03
62416,15,16,2,2014,1.4483333333333333,12.14,8.55,10.68
62417,15,17,2,2014,3.285,11.02,8.19,9.85
62418,15,18,2,2014,4.868333333333333,11.73,8.58,10.44
62419,15,19,2,2014,5.949166666666667,11.67,8.51,10.38
62420,15,20,2,2014,6.757499999999999,11.24,7.96,9.9
62421,15,21,2,2014,7.324166666666668,10.32,6.99,8.98
62422,15,22,2,2014,7.011666666666668,9.14,5.5200000000000005,7.6400000000000015
62423,15,23,2,2014,6.065833333333333,9.27,4.83,7.65
62424,16,0,2,2014,5.6258333333333335,9.3,4.61,7.52
62425,16,1,2,2014,5.5825000000000005,12.35,4.73,8.97
62426,16,2,2,2014,5.260833333333333,14.14,5.69,10.48
62427,16,3,2,2014,4.245833333333333,13.31,6.28,10.4
62428,16,4,2,2014,3.221666666666667,12.46,6.07,9.95
62429,16,5,2,2014,2.283333333333333,10.61,4.8500000000000005,8.28
62430,16,6,2,2014,1.741666666666667,9.02,4.36,7.2
62431,16,7,2,2014,1.325,9.21,4.49,7.35
62432,16,8,2,2014,0.8841666666666668,8.03,3.67,6.3100000000000005
62433,16,9,2,2014,0.6124999999999999,7.76,3.91,6.13
62434,16,10,2,2014,0.3133333333333333,7.8,4.11,6.41
62435,16,11,2,2014,0.01666666666666666,7.66,4.13,6.3500000000000005
62436,16,12,2,2014,-0.29583333333333334,6.44,3.3200000000000003,5.28
62437,16,13,2,2014,-0.7958333333333333,5.46,3.45,4.8500000000000005
62438,16,14,2,2014,-0.8608333333333333,5.12,3.87,4.61
62439,16,15,2,2014,-0.4025000000000001,4.68,3.93,4.37
62440,16,16,2,2014,0.29333333333333333,4.6000000000000005,3.99,4.3100000000000005
62441,16,17,2,2014,1.4983333333333337,5.29,4.62,5.03
62442,16,18,2,2014,2.4816666666666665,6.54,5.49,6.12
62443,16,19,2,2014,3.5775,7.24,5.95,6.75
62444,16,20,2,2014,4.2316666666666665,9.22,7.1000000000000005,8.41
62445,16,21,2,2014,4.155833333333333,9.75,7.0200000000000005,8.700000000000001
62446,16,22,2,2014,3.8983333333333334,10.8,6.76,8.9
62447,16,23,2,2014,3.0,11.85,6.12,9.58
62448,17,0,2,2014,2.541666666666667,12.58,6.16,10.13
62449,17,1,2,2014,2.348333333333333,13.43,6.4,10.7
62450,17,2,2,2014,2.316666666666667,13.48,6.5200000000000005,10.75
62451,17,3,2,2014,2.2224999999999997,13.35,6.41,10.68
62452,17,4,2,2014,2.105,13.66,6.71,10.95
62453,17,5,2,2014,2.1366666666666663,13.86,6.96,11.12
62454,17,6,2,2014,2.299166666666667,14.02,7.07,11.26
62455,17,7,2,2014,2.6891666666666665,13.27,5.7700000000000005,10.01
62456,17,8,2,2014,3.2150000000000003,13.87,6.5,10.38
62457,17,9,2,2014,3.3958333333333335,12.62,5.53,9.17
62458,17,10,2,2014,3.783333333333333,10.87,4.57,7.8
62459,17,11,2,2014,4.055000000000001,10.08,5.04,7.82
62460,17,12,2,2014,4.5183333333333335,16.76,8.870000000000003,13.79
62461,17,13,2,2014,4.155833333333334,18.46,9.48,15.19
62462,17,14,2,2014,3.7833333333333337,16.7,9.04,13.81
62463,17,15,2,2014,4.509166666666666,11.28,6.8100000000000005,9.3
62464,17,16,2,2014,6.425833333333334,13.69,8.74,11.61
62465,17,17,2,2014,7.7841666666666685,13.86,8.94,11.81
62466,17,18,2,2014,8.601666666666667,12.93,8.55,11.11
62467,17,19,2,2014,9.500000000000002,11.58,8.25,10.16
62468,17,20,2,2014,9.9325,11.26,7.76,9.76
62469,17,21,2,2014,10.278333333333334,8.98,5.8100000000000005,7.59
62470,17,22,2,2014,9.94,10.45,4.88,8.06
62471,17,23,2,2014,9.151666666666666,10.43,4.82,7.97
62472,18,0,2,2014,8.603333333333333,9.83,4.91,7.78
62473,18,1,2,2014,8.269166666666667,10.77,4.99,8.23
62474,18,2,2,2014,8.081666666666665,11.99,4.7700000000000005,8.47
62475,18,3,2,2014,8.091666666666667,13.01,5.59,9.78
62476,18,4,2,2014,8.145,14.12,6.18,10.59
62477,18,5,2,2014,8.306666666666667,15.74,6.8100000000000005,11.73
62478,18,6,2,2014,8.500833333333333,16.19,7.37,12.31
62479,18,7,2,2014,8.430833333333334,17.900000000000006,8.63,13.89
62480,18,8,2,2014,8.509166666666667,19.16,9.43,15.1
62481,18,9,2,2014,8.61,19.1,9.65,15.09
62482,18,10,2,2014,8.314166666666667,16.72,8.370000000000001,13.09
62483,18,11,2,2014,8.034166666666666,17.080000000000002,8.06,13.35
62484,18,12,2,2014,8.263333333333334,17.93,9.35,14.22
62485,18,13,2,2014,8.196666666666667,17.79,9.45,14.17
62486,18,14,2,2014,8.503333333333332,17.8,9.98,14.48
62487,18,15,2,2014,9.711666666666666,17.98,10.77,15.11
62488,18,16,2,2014,10.9975,17.97,11.68,15.27
62489,18,17,2,2014,12.029166666666667,16.15,11.38,14.29
62490,18,18,2,2014,13.214166666666666,13.81,10.17,12.36
62491,18,19,2,2014,14.461666666666666,11.58,8.83,10.51
62492,18,20,2,2014,15.814166666666667,11.18,8.5,10.13
62493,18,21,2,2014,16.575833333333332,10.25,7.54,9.14
62494,18,22,2,2014,16.257499999999997,14.02,6.8500000000000005,11.14
62495,18,23,2,2014,13.674999999999997,14.28,6.78,11.22
62496,19,0,2,2014,12.1575,14.07,6.7700000000000005,11.03
62497,19,1,2,2014,11.276666666666669,12.44,5.71,9.79
62498,19,2,2,2014,10.8025,9.52,4.26,7.17
62499,19,3,2,2014,10.541666666666668,14.0,6.43,10.43
62500,19,4,2,2014,9.890833333333333,12.68,6.0600000000000005,9.99
62501,19,5,2,2014,9.199999999999998,11.26,4.91,8.290000000000001
62502,19,6,2,2014,8.800833333333335,11.02,4.59,8.1
62503,19,7,2,2014,8.256666666666666,10.19,3.95,7.41
62504,19,8,2,2014,7.902499999999999,11.0,3.98,8.05
62505,19,9,2,2014,7.635833333333334,9.17,3.29,6.54
62506,19,10,2,2014,7.405833333333334,7.72,2.62,5.44
62507,19,11,2,2014,7.134166666666666,5.32,2.59,3.92
62508,19,12,2,2014,6.757500000000001,4.74,3.35,4.09
62509,19,13,2,2014,6.355,3.24,3.4,4.23
62510,19,14,2,2014,6.976666666666667,2.76,2.76,3.56
62511,19,15,2,2014,8.589166666666667,3.47,3.04,3.49
62512,19,16,2,2014,9.904166666666667,4.28,3.78,4.05
62513,19,17,2,2014,10.865833333333333,5.33,4.67,5.0600000000000005
62514,19,18,2,2014,11.807499999999997,6.46,5.5600000000000005,6.1400000000000015
62515,19,19,2,2014,12.458333333333334,6.8500000000000005,5.88,6.5200000000000005
62516,19,20,2,2014,12.890833333333333,8.44,6.86,7.9
62517,19,21,2,2014,12.988333333333335,8.76,6.98,8.08
62518,19,22,2,2014,12.608333333333334,10.05,6.43,8.51
62519,19,23,2,2014,11.652499999999998,11.89,5.3,9.08
62520,20,0,2,2014,10.825000000000001,15.17,7.18,11.94
62521,20,1,2,2014,9.7975,14.98,7.47,11.98
62522,20,2,2,2014,8.784999999999998,13.52,6.67,10.98
62523,20,3,2,2014,8.378333333333332,13.73,6.92,11.17
62524,20,4,2,2014,7.913333333333334,13.32,6.71,10.87
62525,20,5,2,2014,7.64,11.42,6.24,9.5
62526,20,6,2,2014,7.274166666666667,11.21,6.18,9.4
62527,20,7,2,2014,7.148333333333333,9.32,5.18,7.76
62528,20,8,2,2014,7.021666666666666,7.25,3.63,5.6000000000000005
62529,20,9,2,2014,6.868333333333335,5.5600000000000005,3.23,4.75
62530,20,10,2,2014,6.671666666666667,5.15,3.29,4.32
62531,20,11,2,2014,6.528333333333332,5.84,4.1,5.2
62532,20,12,2,2014,6.304166666666667,8.76,5.11,7.3
62533,20,13,2,2014,6.025000000000001,11.55,6.86,9.85
62534,20,14,2,2014,5.695,19.15,11.33,16.19
62535,20,15,2,2014,3.911666666666667,18.94,12.34,16.37
62536,20,16,2,2014,3.1891666666666665,21.35,14.39,18.61
62537,20,17,2,2014,2.471666666666667,21.68,14.73,18.98
62538,20,18,2,2014,2.9341666666666666,18.74,13.06,16.47
62539,20,19,2,2014,4.1875,17.32,12.88,15.49
62540,20,20,2,2014,5.886666666666666,13.24,10.26,12.04
62541,20,21,2,2014,7.528333333333332,20.13,12.9,17.57
62542,20,22,2,2014,7.0583333333333345,18.58,10.07,15.37
62543,20,23,2,2014,5.915,19.58,10.07,16.04
62544,21,0,2,2014,4.896666666666667,19.82,10.17,16.37
62545,21,1,2,2014,4.4558333333333335,17.6,8.790000000000001,14.38
62546,21,2,2,2014,3.765,17.82,8.870000000000003,14.68
62547,21,3,2,2014,2.83,19.31,9.63,15.88
62548,21,4,2,2014,2.481666666666667,17.34,9.01,14.29
62549,21,5,2,2014,2.206666666666667,16.22,8.66,13.52
62550,21,6,2,2014,2.0583333333333336,14.81,7.49,12.12
62551,21,7,2,2014,2.194166666666667,13.19,6.95,10.92
62552,21,8,2,2014,2.66,13.22,7.09,10.84
62553,21,9,2,2014,3.0666666666666664,12.81,6.79,10.46
62554,21,10,2,2014,3.295833333333333,11.66,6.0,9.41
62555,21,11,2,2014,3.516666666666667,10.44,4.59,7.92
62556,21,12,2,2014,3.7399999999999998,11.34,5.53,8.9
62557,21,13,2,2014,4.043333333333334,11.2,5.67,8.89
62558,21,14,2,2014,4.7683333333333335,11.37,5.69,9.32
62559,21,15,2,2014,6.590833333333333,12.53,8.31,10.77
62560,21,16,2,2014,8.550833333333333,13.1,9.48,11.6
62561,21,17,2,2014,9.831666666666665,13.02,9.71,11.56
62562,21,18,2,2014,10.8575,15.19,11.17,13.83
62563,21,19,2,2014,11.534999999999998,16.27,11.57,14.71
62564,21,20,2,2014,11.836666666666666,15.7,11.15,14.12
62565,21,21,2,2014,11.755833333333333,15.87,10.85,14.06
62566,21,22,2,2014,11.285833333333331,13.77,9.25,11.98
62567,21,23,2,2014,10.325833333333334,15.07,6.87,11.94
62568,22,0,2,2014,9.595,12.55,5.32,9.34
62569,22,1,2,2014,9.081666666666665,12.51,5.53,9.72
62570,22,2,2,2014,7.142500000000001,8.22,5.26,7.04
62571,22,3,2,2014,6.394166666666667,3.89,1.64,3.13
62572,22,4,2,2014,6.1191666666666675,2.18,1.51,1.99
62573,22,5,2,2014,5.993333333333333,3.88,2.4,3.17
62574,22,6,2,2014,5.760833333333334,2.73,1.76,2.26
62575,22,7,2,2014,5.600833333333334,4.09,2.69,3.83
62576,22,8,2,2014,5.566666666666667,4.3500000000000005,2.71,3.9
62577,22,9,2,2014,5.966666666666666,5.97,3.35,4.82
62578,22,10,2,2014,6.310000000000001,6.88,3.38,5.5
62579,22,11,2,2014,6.2508333333333335,7.55,3.34,5.79
62580,22,12,2,2014,6.176666666666667,8.14,3.73,6.45
62581,22,13,2,2014,6.120000000000001,8.700000000000001,3.88,6.74
62582,22,14,2,2014,6.653333333333335,7.97,3.14,5.84
62583,22,15,2,2014,7.8741666666666665,4.88,3.56,4.0
62584,22,16,2,2014,8.943333333333333,5.79,5.11,5.57
62585,22,17,2,2014,9.286666666666665,5.97,5.32,5.7700000000000005
62586,22,18,2,2014,9.528333333333334,5.74,5.22,5.6000000000000005
62587,22,19,2,2014,9.760833333333336,5.3,4.87,5.19
62588,22,20,2,2014,9.700000000000001,5.47,4.98,5.36
62589,22,21,2,2014,9.536666666666667,5.94,5.2700000000000005,5.76
62590,22,22,2,2014,8.875000000000002,7.83,6.37,7.4
62591,22,23,2,2014,7.845833333333334,8.02,6.25,7.29
62592,23,0,2,2014,6.999166666666667,8.64,5.94,7.67
62593,23,1,2,2014,6.218333333333333,8.69,5.88,7.63
62594,23,2,2,2014,5.5275,9.02,5.97,7.86
62595,23,3,2,2014,4.718333333333333,9.42,6.2700000000000005,8.26
62596,23,4,2,2014,4.103333333333333,9.81,6.57,8.61
62597,23,5,2,2014,3.4875000000000003,9.04,6.12,7.96
62598,23,6,2,2014,2.8733333333333335,8.76,6.15,7.8
62599,23,7,2,2014,2.348333333333333,9.2,6.49,8.19
62600,23,8,2,2014,1.9450000000000003,8.53,5.91,7.53
62601,23,9,2,2014,1.5433333333333337,7.83,5.45,6.96
62602,23,10,2,2014,1.0041666666666667,8.07,5.68,7.21
62603,23,11,2,2014,0.6341666666666668,8.17,5.75,7.28
62604,23,12,2,2014,0.3391666666666666,7.68,5.37,6.88
62605,23,13,2,2014,0.022500000000000003,7.58,5.21,6.78
62606,23,14,2,2014,-0.08166666666666668,7.32,5.29,6.54
62607,23,15,2,2014,0.265,6.46,5.33,6.04
62608,23,16,2,2014,0.8858333333333333,5.45,4.95,5.3100000000000005
62609,23,17,2,2014,1.4391666666666667,5.39,4.97,5.3100000000000005
62610,23,18,2,2014,1.9908333333333335,6.03,5.61,5.98
62611,23,19,2,2014,2.4441666666666664,5.88,5.5,5.84
62612,23,20,2,2014,2.713333333333333,5.58,5.21,5.5600000000000005
62613,23,21,2,2014,2.859166666666667,5.42,4.93,5.32
62614,23,22,2,2014,2.6333333333333333,5.2,4.58,5.0200000000000005
62615,23,23,2,2014,2.298333333333333,5.07,4.17,4.78
62616,24,0,2,2014,1.9258333333333335,5.41,4.28,5.04
62617,24,1,2,2014,1.6308333333333334,5.3500000000000005,3.97,4.88
62618,24,2,2,2014,1.315,5.88,4.04,5.25
62619,24,3,2,2014,1.015,6.09,4.18,5.46
62620,24,4,2,2014,0.7191666666666668,5.78,3.97,5.13
62621,24,5,2,2014,0.32,5.5600000000000005,3.88,4.97
62622,24,6,2,2014,0.053333333333333344,5.32,3.71,4.7700000000000005
62623,24,7,2,2014,-0.1958333333333333,5.17,3.61,4.6000000000000005
62624,24,8,2,2014,-0.4183333333333333,5.0600000000000005,3.56,4.54
62625,24,9,2,2014,-0.5633333333333334,4.75,3.31,4.22
62626,24,10,2,2014,-0.7033333333333333,5.11,3.61,4.53
62627,24,11,2,2014,-0.7891666666666667,5.14,3.64,4.55
62628,24,12,2,2014,-0.8775,5.08,3.52,4.46
62629,24,13,2,2014,-0.9666666666666667,5.15,3.64,4.57
62630,24,14,2,2014,-0.7600000000000001,5.08,4.22,4.72
62631,24,15,2,2014,-0.15750000000000003,5.13,4.46,4.8500000000000005
62632,24,16,2,2014,0.7483333333333334,5.88,5.13,5.62
62633,24,17,2,2014,1.6425,5.58,4.99,5.38
62634,24,18,2,2014,2.6625,6.49,5.87,6.32
62635,24,19,2,2014,3.398333333333334,6.8500000000000005,6.17,6.67
62636,24,20,2,2014,4.2125,7.54,6.69,7.32
62637,24,21,2,2014,4.605833333333334,6.8100000000000005,5.95,6.59
62638,24,22,2,2014,4.775833333333334,5.95,4.93,5.63
62639,24,23,2,2014,4.5325,5.6000000000000005,4.17,4.9
62640,25,0,2,2014,4.371666666666666,5.53,3.48,4.8
62641,25,1,2,2014,4.245833333333334,4.99,2.82,4.13
62642,25,2,2,2014,3.848333333333333,5.66,3.31,4.82
62643,25,3,2,2014,3.414999999999999,5.7,3.13,4.8500000000000005
62644,25,4,2,2014,3.0625,4.6000000000000005,2.87,3.96
62645,25,5,2,2014,2.9650000000000003,3.38,2.5500000000000003,3.08
62646,25,6,2,2014,2.9700000000000006,3.38,2.56,3.08
62647,25,7,2,2014,2.391666666666667,8.27,5.7,7.41
62648,25,8,2,2014,0.6158333333333333,7.83,5.8500000000000005,7.18
62649,25,9,2,2014,-0.40166666666666667,6.91,5.32,6.37
62650,25,10,2,2014,-1.0691666666666666,7.26,5.57,6.6000000000000005
62651,25,11,2,2014,-2.0275000000000003,9.19,7.09,8.52
62652,25,12,2,2014,-2.828333333333333,8.36,6.23,7.62
62653,25,13,2,2014,-3.1641666666666666,7.79,6.1000000000000005,7.1400000000000015
62654,25,14,2,2014,-3.2216666666666662,7.07,5.91,6.67
62655,25,15,2,2014,-3.103333333333333,7.03,5.91,6.66
62656,25,16,2,2014,-2.723333333333333,6.0200000000000005,5.29,5.79
62657,25,17,2,2014,-2.8775,5.7,5.17,5.54
62658,25,18,2,2014,-3.2866666666666666,5.08,4.61,4.87
62659,25,19,2,2014,-3.0308333333333333,5.33,4.82,5.15
62660,25,20,2,2014,-3.293333333333333,5.26,4.65,5.0200000000000005
62661,25,21,2,2014,-3.3891666666666667,8.09,6.54,7.46
62662,25,22,2,2014,-3.915833333333334,8.870000000000003,6.6000000000000005,7.84
62663,25,23,2,2014,-4.9316666666666675,11.19,7.95,10.14
62664,26,0,2,2014,-5.073333333333334,8.55,5.98,7.25
62665,26,1,2,2014,-6.015000000000001,10.23,7.18,8.94
62666,26,2,2,2014,-5.914166666666667,6.44,4.67,5.65
62667,26,3,2,2014,-5.3983333333333325,5.25,3.84,4.46
62668,26,4,2,2014,-4.891666666666667,10.07,6.69,8.85
62669,26,5,2,2014,-5.454166666666667,10.85,7.24,9.52
62670,26,6,2,2014,-6.329166666666666,11.23,7.57,10.0
62671,26,7,2,2014,-7.160833333333333,9.95,6.99,8.81
62672,26,8,2,2014,-7.800000000000002,9.6,6.88,8.55
62673,26,9,2,2014,-8.339166666666664,9.85,6.92,8.72
62674,26,10,2,2014,-8.808333333333332,9.41,6.6400000000000015,8.290000000000001
62675,26,11,2,2014,-8.915833333333333,8.18,5.96,7.31
62676,26,12,2,2014,-9.068333333333333,7.3,5.5200000000000005,6.6400000000000015
62677,26,13,2,2014,-8.795833333333334,5.14,4.0600000000000005,4.64
62678,26,14,2,2014,-8.190833333333332,4.7,4.13,4.46
62679,26,15,2,2014,-7.055000000000001,6.22,5.44,5.93
62680,26,16,2,2014,-5.653333333333333,6.76,5.95,6.48
62681,26,17,2,2014,-4.214166666666666,8.040000000000001,6.97,7.66
62682,26,18,2,2014,-2.9775000000000005,11.58,9.56,10.9
62683,26,19,2,2014,-1.7241666666666668,11.24,9.39,10.69
62684,26,20,2,2014,-0.7508333333333334,12.07,9.73,11.25
62685,26,21,2,2014,-0.03,12.33,9.63,11.27
62686,26,22,2,2014,0.43916666666666665,11.86,8.8,10.7
62687,26,23,2,2014,0.4466666666666667,12.84,7.36,10.7
62688,27,0,2,2014,0.2825,11.92,6.19,9.86
62689,27,1,2,2014,0.1975,10.84,5.73,8.67
62690,27,2,2,2014,0.07083333333333335,11.13,4.9,8.11
62691,27,3,2,2014,-0.00916666666666667,11.63,4.74,8.67
62692,27,4,2,2014,-0.5258333333333335,11.26,5.08,8.66
62693,27,5,2,2014,-0.8841666666666668,11.09,5.08,8.57
62694,27,6,2,2014,-1.18,10.42,4.89,8.06
62695,27,7,2,2014,-1.6550000000000002,9.2,4.2,7.23
62696,27,8,2,2014,-2.2000000000000006,8.73,4.46,6.99
62697,27,9,2,2014,-2.7974999999999994,9.2,5.41,8.1
62698,27,10,2,2014,-4.3325,9.12,5.95,8.09
62699,27,11,2,2014,-5.552499999999999,8.38,5.58,7.44
62700,27,12,2,2014,-6.462500000000001,8.21,5.7,7.38
62701,27,13,2,2014,-6.895,7.46,5.4,6.66
62702,27,14,2,2014,-7.565,6.16,5.29,5.91
62703,27,15,2,2014,-7.8166666666666655,5.89,5.29,5.72
62704,27,16,2,2014,-7.6883333333333335,5.55,5.12,5.42
62705,27,17,2,2014,-7.2558333333333325,5.16,4.8100000000000005,5.05
62706,27,18,2,2014,-6.266666666666666,4.61,4.34,4.5
62707,27,19,2,2014,-5.410833333333334,4.67,4.45,4.62
62708,27,20,2,2014,-4.545000000000001,5.07,4.63,4.89
62709,27,21,2,2014,-4.0808333333333335,5.89,5.24,5.64
62710,27,22,2,2014,-4.265,6.8500000000000005,5.76,6.5200000000000005
62711,27,23,2,2014,-4.58,7.12,5.8100000000000005,6.7
62712,28,0,2,2014,-4.934166666666666,8.63,6.57,7.86
62713,28,1,2,2014,-5.271666666666667,9.58,6.99,8.65
62714,28,2,2,2014,-5.5225,10.28,7.36,9.23
62715,28,3,2,2014,-5.698333333333334,10.75,7.59,9.63
62716,28,4,2,2014,-5.964999999999999,11.11,7.61,9.88
62717,28,5,2,2014,-6.148333333333333,11.35,7.76,10.08
62718,28,6,2,2014,-6.130833333333334,11.4,7.8,10.11
62719,28,7,2,2014,-6.121666666666667,11.37,7.82,10.08
62720,28,8,2,2014,-6.043333333333333,11.34,7.79,10.02
62721,28,9,2,2014,-5.995833333333333,11.09,7.52,9.7
62722,28,10,2,2014,-5.915833333333333,10.9,7.26,9.42
62723,28,11,2,2014,-5.755833333333334,10.65,6.84,9.06
62724,28,12,2,2014,-5.596666666666667,10.53,6.09,8.91
62725,28,13,2,2014,-5.381666666666667,10.54,5.83,8.77
62726,28,14,2,2014,-4.248333333333334,11.1,7.05,9.49
62727,28,15,2,2014,-1.9800000000000002,10.92,7.65,9.42
62728,28,16,2,2014,0.2041666666666667,10.72,8.07,9.62
62729,28,17,2,2014,1.4174999999999998,10.53,8.09,9.51
62730,28,18,2,2014,1.0091666666666665,10.7,6.57,9.1
62731,28,19,2,2014,0.6675000000000001,10.21,6.29,8.700000000000001
62732,28,20,2,2014,0.31166666666666665,9.18,5.47,7.63
62733,28,21,2,2014,-0.15166666666666664,8.15,4.62,6.75
62734,28,22,2,2014,-0.785,8.25,4.58,6.7700000000000005
62735,28,23,2,2014,-1.6900000000000002,8.02,4.37,6.1000000000000005
62736,1,0,3,2014,-2.5891666666666664,5.69,4.22,5.95
62737,1,1,3,2014,-3.1650000000000005,8.540000000000001,5.4,7.58
62738,1,2,3,2014,-4.0125,10.55,6.09,8.8
62739,1,3,3,2014,-5.16,10.75,6.46,9.26
62740,1,4,3,2014,-6.299166666666667,11.05,7.01,9.71
62741,1,5,3,2014,-7.298333333333335,10.7,6.93,9.42
62742,1,6,3,2014,-8.101666666666667,11.23,7.09,9.82
62743,1,7,3,2014,-9.1275,12.18,7.92,10.78
62744,1,8,3,2014,-10.258333333333333,12.36,7.98,10.87
62745,1,9,3,2014,-11.339166666666669,12.04,7.8900000000000015,10.65
62746,1,10,3,2014,-12.13,11.6,7.73,10.31
62747,1,11,3,2014,-12.805833333333334,11.69,7.74,10.37
62748,1,12,3,2014,-13.335833333333335,11.84,7.92,10.57
62749,1,13,3,2014,-13.775,11.22,7.98,10.09
62750,1,14,3,2014,-13.872500000000002,11.07,8.53,10.1
62751,1,15,3,2014,-13.540000000000001,10.87,8.6,9.97
62752,1,16,3,2014,-12.551666666666668,10.58,8.63,9.83
62753,1,17,3,2014,-11.576666666666666,10.51,8.74,9.85
62754,1,18,3,2014,-10.541666666666668,10.16,8.57,9.57
62755,1,19,3,2014,-9.809166666666668,10.03,8.57,9.55
62756,1,20,3,2014,-9.118333333333334,9.7,8.27,9.26
62757,1,21,3,2014,-9.337499999999999,9.69,8.25,9.24
62758,1,22,3,2014,-9.664166666666665,10.09,7.84,9.32
62759,1,23,3,2014,-10.0175,10.42,7.78,9.53
62760,2,0,3,2014,-10.714166666666666,11.48,8.3,10.49
62761,2,1,3,2014,-11.935833333333333,11.39,8.25,10.39
62762,2,2,3,2014,-13.093333333333334,11.1,8.11,10.09
62763,2,3,3,2014,-14.184166666666668,11.86,8.540000000000001,10.82
62764,2,4,3,2014,-15.159166666666666,11.32,8.11,10.28
62765,2,5,3,2014,-15.972499999999998,11.07,8.05,10.03
62766,2,6,3,2014,-16.609999999999996,11.51,7.96,10.36
62767,2,7,3,2014,-16.929166666666664,11.61,8.040000000000001,10.44
62768,2,8,3,2014,-17.194166666666668,11.1,7.88,9.98
62769,2,9,3,2014,-17.7375,11.75,8.35,10.61
62770,2,10,3,2014,-18.221666666666668,11.0,7.79,9.91
62771,2,11,3,2014,-18.451666666666664,11.01,7.83,9.88
62772,2,12,3,2014,-18.604166666666668,10.48,7.65,9.47
62773,2,13,3,2014,-18.895833333333332,10.69,7.76,9.76
62774,2,14,3,2014,-18.574166666666667,10.5,7.92,9.55
62775,2,15,3,2014,-17.960833333333337,9.96,8.25,9.33
62776,2,16,3,2014,-17.02,10.12,8.540000000000001,9.56
62777,2,17,3,2014,-15.950833333333335,10.3,8.81,9.81
62778,2,18,3,2014,-14.892499999999998,10.56,8.99,10.04
62779,2,19,3,2014,-13.855000000000002,10.75,9.16,10.23
62780,2,20,3,2014,-13.381666666666666,10.68,9.1,10.19
62781,2,21,3,2014,-13.1625,10.65,8.9,10.08
62782,2,22,3,2014,-13.020000000000001,9.55,8.02,9.05
62783,2,23,3,2014,-13.555833333333332,9.14,7.0,8.38
62784,3,0,3,2014,-14.208333333333334,9.31,6.8500000000000005,8.42
62785,3,1,3,2014,-14.648333333333335,9.46,6.8500000000000005,8.58
62786,3,2,3,2014,-15.029166666666667,9.16,6.62,8.31
62787,3,3,3,2014,-15.533333333333333,8.99,6.5,8.18
62788,3,4,3,2014,-16.142500000000002,8.51,6.24,7.71
62789,3,5,3,2014,-16.671666666666667,7.97,5.7,7.18
62790,3,6,3,2014,-17.349166666666665,7.97,5.58,7.1400000000000015
62791,3,7,3,2014,-17.750833333333333,7.11,4.91,6.3500000000000005
62792,3,8,3,2014,-18.127499999999998,6.71,4.66,5.96
62793,3,9,3,2014,-18.353333333333335,6.3500000000000005,4.42,5.63
62794,3,10,3,2014,-18.43583333333333,5.79,4.16,5.16
62795,3,11,3,2014,-18.455833333333338,4.86,3.69,4.4
62796,3,12,3,2014,-18.463333333333335,3.93,3.16,3.62
62797,3,13,3,2014,-18.410833333333333,2.9,2.43,2.69
62798,3,14,3,2014,-17.9975,2.28,2.15,2.17
62799,3,15,3,2014,-16.992500000000003,2.28,2.19,2.2
62800,3,16,3,2014,-15.028333333333334,3.0700000000000003,2.92,2.95
62801,3,17,3,2014,-12.853333333333333,4.09,3.81,3.94
62802,3,18,3,2014,-11.079999999999998,5.15,4.69,4.93
62803,3,19,3,2014,-9.675000000000002,5.95,5.32,5.69
62804,3,20,3,2014,-8.8125,7.08,6.16,6.71
62805,3,21,3,2014,-8.095833333333333,7.68,6.46,7.22
62806,3,22,3,2014,-7.7225,7.77,6.38,7.24
62807,3,23,3,2014,-7.794166666666668,8.74,6.01,7.18
62808,4,0,3,2014,-8.235000000000001,9.83,4.95,8.01
62809,4,1,3,2014,-8.260833333333334,10.26,4.95,8.26
62810,4,2,3,2014,-8.250833333333334,10.64,5.08,8.43
62811,4,3,3,2014,-8.146666666666667,10.55,5.19,8.52
62812,4,4,3,2014,-7.802499999999999,10.61,5.05,8.48
62813,4,5,3,2014,-7.594166666666667,10.86,5.23,8.84
62814,4,6,3,2014,-7.449999999999999,11.06,5.43,9.05
62815,4,7,3,2014,-7.288333333333333,10.71,5.22,8.68
62816,4,8,3,2014,-7.153333333333333,11.33,6.04,9.35
62817,4,9,3,2014,-6.930833333333333,11.36,5.98,9.31
62818,4,10,3,2014,-6.764166666666667,10.77,5.45,8.8
62819,4,11,3,2014,-6.609166666666667,10.68,5.34,8.71
62820,4,12,3,2014,-6.527500000000001,10.3,5.61,8.52
62821,4,13,3,2014,-6.279166666666666,10.35,5.75,8.55
62822,4,14,3,2014,-4.759166666666666,9.77,6.1000000000000005,8.26
62823,4,15,3,2014,-2.9083333333333337,8.120000000000001,6.1400000000000015,7.3
62824,4,16,3,2014,-1.0733333333333333,6.41,5.4,5.89
62825,4,17,3,2014,0.7016666666666668,6.33,5.43,5.92
62826,4,18,3,2014,2.2558333333333334,6.18,5.3500000000000005,5.8
62827,4,19,3,2014,3.2208333333333328,6.53,5.67,6.19
62828,4,20,3,2014,4.141666666666667,6.6400000000000015,5.72,6.2700000000000005
62829,4,21,3,2014,4.729166666666667,7.8900000000000015,6.2,7.28
62830,4,22,3,2014,5.0025,7.97,6.15,7.3
62831,4,23,3,2014,3.834166666666667,7.61,4.26,6.0200000000000005
62832,5,0,3,2014,2.105,9.71,3.97,7.13
62833,5,1,3,2014,1.321666666666667,10.36,3.31,6.9
62834,5,2,3,2014,0.9016666666666667,9.61,3.46,6.5
62835,5,3,3,2014,0.9666666666666667,9.45,3.5,6.3900000000000015
62836,5,4,3,2014,1.0816666666666668,9.21,4.13,6.87
62837,5,5,3,2014,1.3891666666666664,10.13,5.3500000000000005,8.07
62838,5,6,3,2014,1.095,9.21,4.75,7.54
62839,5,7,3,2014,0.7566666666666667,7.57,3.39,6.19
62840,5,8,3,2014,0.19249999999999992,5.76,2.8000000000000003,5.0
62841,5,9,3,2014,-0.12416666666666669,4.69,1.63,2.42
62842,5,10,3,2014,-0.47,2.44,1.71,2.41
62843,5,11,3,2014,-0.8050000000000002,3.17,0.98,1.97
62844,5,12,3,2014,-0.7983333333333333,4.68,3.31,4.18
62845,5,13,3,2014,-0.9775,6.3,4.16,5.53
62846,5,14,3,2014,-0.5041666666666668,6.67,5.0600000000000005,6.0
62847,5,15,3,2014,0.07333333333333335,6.48,5.29,5.95
62848,5,16,3,2014,0.64,6.05,5.34,5.83
62849,5,17,3,2014,1.1208333333333333,6.13,5.47,5.94
62850,5,18,3,2014,1.7716666666666667,5.16,4.75,5.01
62851,5,19,3,2014,2.170833333333333,5.43,4.8100000000000005,5.14
62852,5,20,3,2014,2.3525000000000005,5.18,4.5600000000000005,4.95
62853,5,21,3,2014,2.806666666666667,5.5,4.8,5.32
62854,5,22,3,2014,2.7225,5.64,4.47,5.29
62855,5,23,3,2014,1.8558333333333337,5.28,3.44,4.5600000000000005
62856,6,0,3,2014,1.0391666666666666,6.15,2.8000000000000003,5.04
62857,6,1,3,2014,0.8150000000000001,6.5,2.96,5.17
62858,6,2,3,2014,0.36833333333333323,6.79,3.0700000000000003,5.39
62859,6,3,3,2014,-0.085,6.78,3.16,5.37
62860,6,4,3,2014,-0.465,6.88,3.39,5.69
62861,6,5,3,2014,-0.6175,5.8100000000000005,3.04,4.83
62862,6,6,3,2014,-0.7508333333333334,6.0,3.06,5.01
62863,6,7,3,2014,-0.9691666666666666,6.26,3.6,5.28
62864,6,8,3,2014,-1.1933333333333334,6.11,3.72,5.25
62865,6,9,3,2014,-1.3458333333333332,5.36,3.51,4.71
62866,6,10,3,2014,-1.3683333333333332,5.41,3.58,4.72
62867,6,11,3,2014,-1.3624999999999998,5.34,3.61,4.68
62868,6,12,3,2014,-1.3641666666666667,5.75,3.85,5.04
62869,6,13,3,2014,-1.2941666666666667,5.92,4.07,5.24
62870,6,14,3,2014,-0.5041666666666667,5.95,4.73,5.3500000000000005
62871,6,15,3,2014,0.8816666666666665,6.66,5.53,6.13
62872,6,16,3,2014,2.421666666666667,7.27,6.1400000000000015,6.79
62873,6,17,3,2014,3.8550000000000004,7.91,6.67,7.41
62874,6,18,3,2014,5.2924999999999995,8.63,7.21,8.08
62875,6,19,3,2014,6.473333333333334,9.28,7.61,8.620000000000001
62876,6,20,3,2014,7.619166666666666,9.85,7.9,9.08
62877,6,21,3,2014,8.4975,10.82,8.0,9.72
62878,6,22,3,2014,8.935000000000002,11.47,8.05,10.1
62879,6,23,3,2014,8.430000000000001,11.53,6.84,9.52
62880,7,0,3,2014,7.146666666666667,13.46,6.22,10.34
62881,7,1,3,2014,6.626666666666668,15.25,7.18,11.71
62882,7,2,3,2014,6.508333333333333,16.32,7.62,12.53
62883,7,3,3,2014,6.624166666666667,17.27,8.6,13.39
62884,7,4,3,2014,6.514166666666668,17.51,8.73,13.63
62885,7,5,3,2014,6.398333333333333,17.55,8.73,13.77
62886,7,6,3,2014,6.105833333333334,16.95,8.34,13.25
62887,7,7,3,2014,6.039166666666667,17.28,8.44,13.54
62888,7,8,3,2014,5.827500000000001,17.23,8.540000000000001,13.57
62889,7,9,3,2014,5.615000000000001,16.77,8.370000000000001,13.25
62890,7,10,3,2014,5.473333333333333,15.97,8.43,12.77
62891,7,11,3,2014,5.405,15.56,7.8900000000000015,12.26
62892,7,12,3,2014,5.139166666666666,14.33,6.8500000000000005,11.17
62893,7,13,3,2014,5.3116666666666665,12.67,5.49,9.17
62894,7,14,3,2014,7.251666666666665,11.52,6.3900000000000015,9.37
62895,7,15,3,2014,9.255833333333333,7.81,6.0600000000000005,6.84
62896,7,16,3,2014,10.796666666666667,7.5,6.15,6.95
62897,7,17,3,2014,12.2975,6.82,5.82,6.41
62898,7,18,3,2014,13.405833333333332,5.05,4.54,4.83
62899,7,19,3,2014,13.835,4.16,3.86,4.03
62900,7,20,3,2014,14.386666666666665,2.87,2.9,2.93
62901,7,21,3,2014,12.092500000000001,11.69,9.61,11.04
62902,7,22,3,2014,7.965,12.89,10.04,11.9
62903,7,23,3,2014,4.31,13.5,9.97,12.08
62904,8,0,3,2014,2.1916666666666664,13.61,9.46,12.15
62905,8,1,3,2014,0.9683333333333333,14.39,9.84,12.69
62906,8,2,3,2014,-0.03833333333333333,14.61,9.85,12.87
62907,8,3,3,2014,-0.9466666666666667,15.03,9.96,13.22
62908,8,4,3,2014,-1.7733333333333332,13.7,9.21,12.16
62909,8,5,3,2014,-2.395833333333333,13.59,9.13,12.06
62910,8,6,3,2014,-2.714166666666667,12.29,8.33,10.91
62911,8,7,3,2014,-2.965,11.55,7.9300000000000015,10.25
62912,8,8,3,2014,-3.002500000000001,11.13,7.68,9.81
62913,8,9,3,2014,-2.9825,11.2,7.69,9.85
62914,8,10,3,2014,-2.9891666666666663,11.2,7.7,9.87
62915,8,11,3,2014,-2.8858333333333337,10.68,7.28,9.39
62916,8,12,3,2014,-3.0,10.29,7.0600000000000005,9.04
62917,8,13,3,2014,-3.061666666666667,10.13,6.94,8.88
62918,8,14,3,2014,-2.6633333333333336,9.57,7.63,8.81
62919,8,15,3,2014,-1.8508333333333333,9.54,7.61,8.790000000000001
62920,8,16,3,2014,-0.7316666666666668,8.66,7.28,8.15
62921,8,17,3,2014,0.4175,8.2,7.04,7.78
62922,8,18,3,2014,1.4341666666666668,7.75,6.79,7.43
62923,8,19,3,2014,2.4033333333333333,6.5600000000000005,5.84,6.3100000000000005
62924,8,20,3,2014,2.9691666666666667,6.53,5.8,6.29
62925,8,21,3,2014,3.589166666666667,6.3,5.48,5.99
62926,8,22,3,2014,3.434166666666666,5.7700000000000005,5.04,5.57
62927,8,23,3,2014,2.874166666666666,6.0200000000000005,4.8100000000000005,5.61
62928,9,0,3,2014,2.284166666666667,5.09,3.3000000000000003,4.39
62929,9,1,3,2014,1.8708333333333336,4.45,2.26,3.62
62930,9,2,3,2014,1.5808333333333333,3.66,1.62,2.98
62931,9,3,3,2014,1.3716666666666668,2.88,1.07,2.27
62932,9,4,3,2014,1.2291666666666667,1.89,0.54,1.45
62933,9,5,3,2014,1.1241666666666668,2.28,1.76,2.3000000000000003
62934,9,6,3,2014,0.9908333333333332,4.33,2.68,3.84
62935,9,7,3,2014,0.875,6.19,3.38,5.24
62936,9,8,3,2014,0.8941666666666666,8.27,4.34,6.83
62937,9,9,3,2014,1.0041666666666667,9.94,5.14,8.02
62938,9,10,3,2014,1.1508333333333332,11.96,6.3900000000000015,9.66
62939,9,11,3,2014,1.4066666666666665,13.34,7.35,10.92
62940,9,12,3,2014,1.7183333333333337,14.12,7.85,11.5
62941,9,13,3,2014,2.09,14.38,8.07,11.81
62942,9,14,3,2014,3.691666666666667,14.22,8.74,11.92
62943,9,15,3,2014,6.2725,13.14,9.16,11.45
62944,9,16,3,2014,9.081666666666665,12.78,9.62,11.42
62945,9,17,3,2014,11.330833333333333,13.12,10.15,11.94
62946,9,18,3,2014,13.311666666666666,14.2,10.88,12.88
62947,9,19,3,2014,14.831666666666669,14.76,11.23,13.35
62948,9,20,3,2014,15.976666666666667,15.22,11.24,13.57
62949,9,21,3,2014,16.389166666666664,16.06,11.26,14.15
62950,9,22,3,2014,16.246666666666666,16.37,11.07,14.0
62951,9,23,3,2014,15.358333333333333,17.22,9.67,14.21
62952,10,0,3,2014,14.435,16.94,9.12,13.84
62953,10,1,3,2014,13.988333333333335,17.35,9.18,14.01
62954,10,2,3,2014,13.767500000000004,17.41,9.45,14.16
62955,10,3,3,2014,13.485,17.52,9.65,14.28
62956,10,4,3,2014,13.347500000000002,17.5,9.75,14.29
62957,10,5,3,2014,13.190833333333332,16.9,9.37,13.85
62958,10,6,3,2014,13.09666666666667,16.65,8.99,13.48
62959,10,7,3,2014,12.960833333333333,16.6,8.950000000000003,13.43
62960,10,8,3,2014,12.953333333333333,16.51,8.83,13.24
62961,10,9,3,2014,12.903333333333334,15.58,8.46,12.51
62962,10,10,3,2014,12.808333333333335,15.31,8.4,12.37
62963,10,11,3,2014,12.630833333333335,14.19,7.61,11.33
62964,10,12,3,2014,12.318333333333333,12.16,6.36,9.68
62965,10,13,3,2014,12.298333333333334,10.79,5.68,8.68
62966,10,14,3,2014,13.633333333333333,9.63,5.3500000000000005,7.96
62967,10,15,3,2014,15.654166666666667,7.66,5.2,6.48
62968,10,16,3,2014,17.665000000000003,4.75,4.01,4.41
62969,10,17,3,2014,19.442500000000003,3.77,3.31,3.5
62970,10,18,3,2014,20.64916666666667,2.45,2.34,2.35
62971,10,19,3,2014,21.905833333333334,1.75,1.73,1.71
62972,10,20,3,2014,22.918333333333337,1.99,1.91,1.92
62973,10,21,3,2014,23.596666666666664,2.98,2.75,2.92
62974,10,22,3,2014,23.567499999999995,3.35,2.95,3.21
62975,10,23,3,2014,22.42833333333333,5.11,3.06,4.5600000000000005
62976,11,0,3,2014,20.802500000000002,7.85,3.83,6.3900000000000015
62977,11,1,3,2014,19.70416666666667,7.75,3.73,6.3500000000000005
62978,11,2,3,2014,19.319999999999997,7.08,3.64,5.76
62979,11,3,3,2014,18.5,9.77,4.67,7.48
62980,11,4,3,2014,18.048333333333332,11.17,5.34,8.81
62981,11,5,3,2014,17.959166666666665,13.49,5.7700000000000005,10.02
62982,11,6,3,2014,17.710000000000004,14.26,6.13,10.5
62983,11,7,3,2014,17.549999999999997,14.82,6.67,11.09
62984,11,8,3,2014,17.294166666666666,14.9,6.6000000000000005,11.12
62985,11,9,3,2014,16.935000000000002,14.91,6.67,11.16
62986,11,10,3,2014,16.38083333333333,14.91,6.65,10.97
62987,11,11,3,2014,15.94666666666667,14.31,6.78,11.0
62988,11,12,3,2014,15.556666666666665,14.52,7.37,11.12
62989,11,13,3,2014,15.522500000000003,14.13,7.24,10.85
62990,11,14,3,2014,16.73166666666667,12.69,6.44,9.87
62991,11,15,3,2014,18.341666666666665,5.41,3.85,4.68
62992,11,16,3,2014,19.08833333333333,2.92,2.69,2.79
62993,11,17,3,2014,19.910833333333333,3.89,3.7,3.84
62994,11,18,3,2014,19.895,14.08,11.48,13.23
62995,11,19,3,2014,16.77916666666667,16.01,12.61,14.78
62996,11,20,3,2014,15.0325,17.69,13.42,16.03
62997,11,21,3,2014,11.95833333333333,20.98,14.6,18.43
62998,11,22,3,2014,8.3175,22.53,15.09,19.69
62999,11,23,3,2014,3.9291666666666667,20.56,13.49,17.84
63000,12,0,3,2014,2.8158333333333334,20.18,13.38,17.400000000000002
63001,12,1,3,2014,1.0408333333333333,21.06,13.05,17.79
63002,12,2,3,2014,0.8291666666666666,17.78,11.61,15.31
63003,12,3,3,2014,0.8708333333333335,17.39,11.16,14.95
63004,12,4,3,2014,1.2491666666666668,15.65,9.15,13.12
63005,12,5,3,2014,0.9899999999999999,16.91,9.01,14.11
63006,12,6,3,2014,0.6999999999999998,16.81,8.77,13.99
63007,12,7,3,2014,0.6333333333333333,13.61,7.38,11.33
63008,12,8,3,2014,0.5883333333333334,14.02,7.17,11.56
63009,12,9,3,2014,0.4316666666666667,11.59,6.03,9.49
63010,12,10,3,2014,0.19916666666666663,10.81,5.79,9.02
63011,12,11,3,2014,0.2591666666666667,9.65,5.14,7.96
63012,12,12,3,2014,0.37083333333333335,9.46,5.1000000000000005,7.85
63013,12,13,3,2014,0.6591666666666667,7.95,3.9,6.42
63014,12,14,3,2014,1.4291666666666665,6.0600000000000005,3.65,4.89
63015,12,15,3,2014,2.829166666666667,4.95,3.64,4.37
63016,12,16,3,2014,4.961666666666667,6.3900000000000015,5.01,5.87
63017,12,17,3,2014,7.085833333333333,9.45,6.96,8.52
63018,12,18,3,2014,8.015833333333333,11.76,8.52,10.55
63019,12,19,3,2014,8.76,12.67,8.75,11.21
63020,12,20,3,2014,9.207500000000001,13.07,9.14,11.64
63021,12,21,3,2014,9.336666666666668,13.1,8.68,11.5
63022,12,22,3,2014,9.283333333333333,13.51,7.88,11.33
63023,12,23,3,2014,8.621666666666668,12.4,5.3100000000000005,9.7
63024,13,0,3,2014,8.1225,9.35,3.77,7.16
63025,13,1,3,2014,8.155000000000001,7.18,2.28,5.26
63026,13,2,3,2014,8.3125,5.43,3.37,4.72
63027,13,3,3,2014,8.140833333333333,7.41,3.97,5.74
63028,13,4,3,2014,8.097499999999998,7.99,3.82,6.2
63029,13,5,3,2014,8.080000000000002,7.17,3.92,6.32
63030,13,6,3,2014,7.952500000000001,7.03,3.69,6.16
63031,13,7,3,2014,7.738333333333333,8.71,4.14,7.12
63032,13,8,3,2014,7.495,8.44,4.29,6.51
63033,13,9,3,2014,7.411666666666666,9.26,4.3500000000000005,7.29
63034,13,10,3,2014,7.451666666666665,9.82,4.3,7.46
63035,13,11,3,2014,7.304999999999999,9.84,4.5600000000000005,7.49
63036,13,12,3,2014,7.0183333333333335,9.87,4.5200000000000005,7.5
63037,13,13,3,2014,7.286666666666668,9.85,4.5200000000000005,7.49
63038,13,14,3,2014,8.379999999999999,9.07,4.88,7.0200000000000005
63039,13,15,3,2014,10.671666666666667,7.71,4.88,6.45
63040,13,16,3,2014,12.650833333333333,6.8500000000000005,5.08,6.0200000000000005
63041,13,17,3,2014,13.867500000000001,7.15,5.69,6.61
63042,13,18,3,2014,14.9325,8.25,6.3900000000000015,7.56
63043,13,19,3,2014,16.046666666666667,9.97,7.43,9.03
63044,13,20,3,2014,16.8175,10.53,7.43,9.31
63045,13,21,3,2014,16.905,11.45,6.93,9.52
63046,13,22,3,2014,16.437499999999996,12.46,6.8100000000000005,10.2
63047,13,23,3,2014,15.424166666666666,12.53,5.96,9.7
63048,14,0,3,2014,14.505833333333333,13.41,5.3100000000000005,9.91
63049,14,1,3,2014,14.082500000000001,12.88,5.5200000000000005,9.83
63050,14,2,3,2014,13.761666666666665,14.8,6.79,11.44
63051,14,3,3,2014,13.260833333333332,14.58,6.74,11.22
63052,14,4,3,2014,12.821666666666665,15.45,6.45,11.72
63053,14,5,3,2014,12.594999999999999,16.19,6.86,12.26
63054,14,6,3,2014,12.495,16.11,6.83,12.19
63055,14,7,3,2014,12.528333333333334,14.9,7.28,11.55
63056,14,8,3,2014,12.599166666666667,14.74,7.27,11.55
63057,14,9,3,2014,12.603333333333333,14.78,7.29,11.69
63058,14,10,3,2014,12.4425,13.32,6.7,10.58
63059,14,11,3,2014,12.049999999999999,12.52,6.37,10.0
63060,14,12,3,2014,10.777499999999998,12.53,6.29,10.05
63061,14,13,3,2014,10.063333333333333,12.32,5.64,9.73
63062,14,14,3,2014,10.899166666666666,11.16,7.67,9.54
63063,14,15,3,2014,11.650833333333333,11.21,8.68,10.24
63064,14,16,3,2014,12.210833333333335,11.22,8.72,10.27
63065,14,17,3,2014,12.81166666666667,11.2,9.23,10.57
63066,14,18,3,2014,12.914166666666667,11.97,10.05,11.45
63067,14,19,3,2014,13.326666666666666,9.88,8.32,9.42
63068,14,20,3,2014,13.760833333333332,11.32,9.3,10.71
63069,14,21,3,2014,13.852500000000001,10.51,8.56,9.88
63070,14,22,3,2014,13.604999999999999,9.16,7.11,8.48
63071,14,23,3,2014,12.845833333333333,10.81,7.05,9.41
63072,15,0,3,2014,11.990833333333333,7.41,3.73,5.89
63073,15,1,3,2014,11.698333333333332,3.92,1.31,2.94
63074,15,2,3,2014,11.5025,3.53,0.21,2.2
63075,15,3,3,2014,11.131666666666668,2.51,1.65,2.4
63076,15,4,3,2014,10.714166666666666,4.54,3.26,4.45
63077,15,5,3,2014,10.083333333333334,7.1400000000000015,4.07,6.18
63078,15,6,3,2014,9.585,9.99,5.09,8.120000000000001
63079,15,7,3,2014,9.472500000000002,11.71,5.84,9.37
63080,15,8,3,2014,9.2125,13.76,6.69,10.79
63081,15,9,3,2014,9.049166666666666,14.75,7.43,11.55
63082,15,10,3,2014,8.848333333333333,15.52,7.87,12.24
63083,15,11,3,2014,8.680833333333334,15.63,7.86,12.24
63084,15,12,3,2014,8.615833333333333,16.16,8.33,12.72
63085,15,13,3,2014,8.759166666666667,16.25,8.67,12.85
63086,15,14,3,2014,10.6875,15.97,9.59,12.99
63087,15,15,3,2014,12.955833333333333,13.98,9.59,12.21
63088,15,16,3,2014,15.169166666666667,12.91,9.71,11.58
63089,15,17,3,2014,17.186666666666664,11.23,8.74,10.25
63090,15,18,3,2014,18.474999999999998,7.21,6.19,6.87
63091,15,19,3,2014,19.448333333333334,7.21,6.2,6.88
63092,15,20,3,2014,20.06833333333333,6.0,5.3,5.8
63093,15,21,3,2014,20.44333333333333,2.81,2.61,2.74
63094,15,22,3,2014,20.303333333333335,3.27,2.8000000000000003,3.21
63095,15,23,3,2014,19.048333333333336,6.68,4.28,5.88
63096,16,0,3,2014,17.690833333333334,12.41,7.09,10.23
63097,16,1,3,2014,11.373333333333335,20.61,13.73,17.88
63098,16,2,3,2014,8.042500000000002,15.23,10.19,13.07
63099,16,3,3,2014,6.27,16.94,10.79,14.51
63100,16,4,3,2014,3.788333333333334,16.95,11.01,14.82
63101,16,5,3,2014,2.0716666666666668,15.62,10.64,13.72
63102,16,6,3,2014,0.38000000000000006,15.31,10.55,13.57
63103,16,7,3,2014,-0.8266666666666668,15.19,10.35,13.42
63104,16,8,3,2014,-1.7958333333333336,15.81,10.79,14.0
63105,16,9,3,2014,-2.336666666666667,15.39,10.35,13.53
63106,16,10,3,2014,-2.8433333333333337,13.85,9.71,12.25
63107,16,11,3,2014,-3.1300000000000003,13.86,9.58,12.27
63108,16,12,3,2014,-2.8941666666666666,12.91,8.99,11.4
63109,16,13,3,2014,-2.874166666666667,12.71,8.76,11.24
63110,16,14,3,2014,-2.4708333333333328,12.31,9.06,11.0
63111,16,15,3,2014,-1.6900000000000002,11.51,9.01,10.51
63112,16,16,3,2014,-0.7058333333333332,10.73,8.73,10.0
63113,16,17,3,2014,0.38833333333333336,9.78,8.2,9.23
63114,16,18,3,2014,1.2375,8.99,7.71,8.56
63115,16,19,3,2014,2.0325,8.55,7.4,8.19
63116,16,20,3,2014,2.6175,7.69,6.76,7.42
63117,16,21,3,2014,2.7825,6.75,5.96,6.5200000000000005
63118,16,22,3,2014,2.7308333333333334,6.3100000000000005,5.43,6.0200000000000005
63119,16,23,3,2014,2.4383333333333335,4.43,3.82,4.24
63120,17,0,3,2014,1.6983333333333335,4.88,3.38,4.34
63121,17,1,3,2014,1.405,4.18,2.44,3.52
63122,17,2,3,2014,0.7391666666666667,4.66,3.17,4.14
63123,17,3,3,2014,0.28416666666666673,4.57,3.09,3.96
63124,17,4,3,2014,-0.3066666666666667,5.61,4.0,5.03
63125,17,5,3,2014,-0.67,5.62,3.99,5.01
63126,17,6,3,2014,-0.7208333333333333,7.32,5.01,6.5
63127,17,7,3,2014,-0.94,7.94,5.44,7.04
63128,17,8,3,2014,-1.034166666666667,8.63,5.74,7.52
63129,17,9,3,2014,-0.7966666666666667,9.37,6.0,7.9300000000000015
63130,17,10,3,2014,-0.47666666666666674,9.97,5.98,8.33
63131,17,11,3,2014,-0.325,10.88,5.84,9.06
63132,17,12,3,2014,-0.12750000000000003,12.12,6.6400000000000015,10.16
63133,17,13,3,2014,0.46916666666666673,12.75,7.98,10.78
63134,17,14,3,2014,2.4083333333333337,12.35,8.46,10.66
63135,17,15,3,2014,4.927499999999999,11.9,8.870000000000003,10.66
63136,17,16,3,2014,7.390833333333333,11.66,8.92,10.52
63137,17,17,3,2014,9.725833333333332,11.33,8.9,10.32
63138,17,18,3,2014,11.830833333333333,11.39,9.09,10.53
63139,17,19,3,2014,13.298333333333332,11.9,9.4,10.97
63140,17,20,3,2014,14.3975,12.03,9.44,11.01
63141,17,21,3,2014,14.852500000000001,14.2,10.05,12.62
63142,17,22,3,2014,14.89,14.27,9.98,12.64
63143,17,23,3,2014,14.011666666666665,14.01,7.67,11.52
63144,18,0,3,2014,12.343333333333335,15.59,8.120000000000001,12.75
63145,18,1,3,2014,11.097500000000002,16.82,8.32,13.56
63146,18,2,3,2014,10.334999999999999,18.12,9.48,14.88
63147,18,3,3,2014,9.635,19.29,10.56,16.01
63148,18,4,3,2014,8.991666666666665,19.28,10.74,16.04
63149,18,5,3,2014,8.456666666666667,18.32,9.46,15.0
63150,18,6,3,2014,7.8975,18.25,9.38,14.86
63151,18,7,3,2014,7.447499999999999,16.67,8.26,13.41
63152,18,8,3,2014,7.4325,17.0,8.69,13.83
63153,18,9,3,2014,7.342500000000001,18.3,9.65,14.99
63154,18,10,3,2014,7.294166666666666,18.01,9.04,14.62
63155,18,11,3,2014,7.309999999999999,16.36,8.78,13.43
63156,18,12,3,2014,7.318333333333332,15.16,7.68,12.31
63157,18,13,3,2014,7.622499999999999,14.32,7.31,11.61
63158,18,14,3,2014,9.043333333333335,14.25,9.94,12.44
63159,18,15,3,2014,10.566666666666668,13.98,9.82,12.21
63160,18,16,3,2014,12.042499999999999,11.65,8.98,10.57
63161,18,17,3,2014,13.304166666666667,9.85,8.15,9.25
63162,18,18,3,2014,14.505833333333333,8.74,7.45,8.32
63163,18,19,3,2014,15.53416666666667,7.71,6.7,7.3900000000000015
63164,18,20,3,2014,16.426666666666666,5.44,4.89,5.26
63165,18,21,3,2014,16.874999999999996,4.5,4.17,4.43
63166,18,22,3,2014,17.1975,2.29,2.15,2.22
63167,18,23,3,2014,17.026666666666667,5.1000000000000005,2.8000000000000003,4.12
63168,19,0,3,2014,15.729999999999999,7.3,4.24,5.88
63169,19,1,3,2014,14.765833333333333,15.74,8.47,12.29
63170,19,2,3,2014,8.700833333333334,19.61,11.79,17.07
63171,19,3,3,2014,5.876666666666666,17.77,11.69,15.48
63172,19,4,3,2014,4.2075,17.81,11.8,15.56
63173,19,5,3,2014,3.0116666666666667,16.41,10.97,14.34
63174,19,6,3,2014,2.5725,16.06,10.59,13.96
63175,19,7,3,2014,2.075833333333333,15.99,10.57,13.93
63176,19,8,3,2014,1.8375000000000004,14.95,10.02,13.06
63177,19,9,3,2014,1.9666666666666666,15.23,9.71,13.1
63178,19,10,3,2014,2.1858333333333326,14.24,9.22,12.25
63179,19,11,3,2014,2.3575000000000004,12.75,8.15,10.9
63180,19,12,3,2014,2.4483333333333333,11.99,6.87,9.96
63181,19,13,3,2014,2.619166666666666,11.96,7.38,10.11
63182,19,14,3,2014,3.3716666666666666,11.19,7.66,9.75
63183,19,15,3,2014,4.340000000000001,10.43,8.03,9.43
63184,19,16,3,2014,5.510833333333334,9.99,7.97,9.21
63185,19,17,3,2014,6.749166666666667,9.34,7.71,8.74
63186,19,18,3,2014,8.136666666666668,9.13,7.65,8.61
63187,19,19,3,2014,9.3425,8.93,7.53,8.46
63188,19,20,3,2014,10.334999999999999,8.96,7.47,8.46
63189,19,21,3,2014,10.969999999999999,9.49,7.85,8.97
63190,19,22,3,2014,11.323333333333332,8.96,7.07,8.28
63191,19,23,3,2014,11.19,6.04,3.96,4.66
63192,20,0,3,2014,10.858333333333333,10.29,3.94,7.97
63193,20,1,3,2014,10.581666666666667,9.52,4.2700000000000005,8.17
63194,20,2,3,2014,10.384166666666667,7.6,3.75,6.13
63195,20,3,3,2014,10.280833333333334,6.43,3.22,5.03
63196,20,4,3,2014,10.205,5.73,2.95,4.46
63197,20,5,3,2014,10.151666666666666,7.22,3.67,5.5600000000000005
63198,20,6,3,2014,9.9925,8.23,3.66,6.12
63199,20,7,3,2014,10.085,8.34,3.78,6.3
63200,20,8,3,2014,10.146666666666668,9.33,4.1,7.07
63201,20,9,3,2014,10.116666666666667,9.48,4.3500000000000005,7.28
63202,20,10,3,2014,10.074166666666667,9.47,4.28,7.15
63203,20,11,3,2014,10.139999999999999,9.11,3.97,6.93
63204,20,12,3,2014,10.312499999999998,9.16,4.3500000000000005,7.1000000000000005
63205,20,13,3,2014,10.709166666666667,9.1,4.32,6.87
63206,20,14,3,2014,12.274166666666668,10.33,6.5,8.78
63207,20,15,3,2014,14.213333333333331,10.34,7.78,9.23
63208,20,16,3,2014,15.670833333333333,10.73,8.42,9.82
63209,20,17,3,2014,17.2025,10.5,8.31,9.67
63210,20,18,3,2014,18.5275,9.81,8.01,9.17
63211,20,19,3,2014,19.460833333333333,9.2,7.62,8.66
63212,20,20,3,2014,20.20166666666667,10.05,8.17,9.44
63213,20,21,3,2014,20.333333333333332,10.93,9.11,10.47
63214,20,22,3,2014,20.105,9.72,7.1400000000000015,8.78
63215,20,23,3,2014,19.0975,9.2,4.73,6.73
63216,21,0,3,2014,17.918333333333333,8.78,3.41,6.45
63217,21,1,3,2014,17.249166666666667,8.47,3.15,6.32
63218,21,2,3,2014,16.791666666666668,6.61,2.57,5.21
63219,21,3,3,2014,16.4825,4.3100000000000005,2.14,3.87
63220,21,4,3,2014,16.1825,1.75,1.57,1.86
63221,21,5,3,2014,15.915,2.63,2.37,3.16
63222,21,6,3,2014,15.477500000000001,5.29,3.65,5.17
63223,21,7,3,2014,14.832500000000003,9.45,4.73,7.84
63224,21,8,3,2014,14.499166666666667,10.38,4.74,8.23
63225,21,9,3,2014,14.267499999999998,9.74,4.43,7.85
63226,21,10,3,2014,14.248333333333333,10.83,4.83,8.51
63227,21,11,3,2014,14.655833333333332,11.03,5.09,8.66
63228,21,12,3,2014,13.884166666666667,9.94,3.01,6.61
63229,21,13,3,2014,13.916666666666666,11.78,5.71,9.13
63230,21,14,3,2014,12.134999999999998,11.82,8.290000000000001,10.24
63231,21,15,3,2014,12.295833333333334,11.85,9.23,10.82
63232,21,16,3,2014,13.211666666666668,11.85,9.23,10.83
63233,21,17,3,2014,14.124999999999998,11.18,9.05,10.38
63234,21,18,3,2014,14.984166666666667,11.43,9.41,10.75
63235,21,19,3,2014,15.667499999999999,12.62,10.34,11.91
63236,21,20,3,2014,15.857499999999996,12.49,10.21,11.74
63237,21,21,3,2014,15.563333333333333,13.04,10.2,12.06
63238,21,22,3,2014,14.775833333333333,13.05,9.83,11.81
63239,21,23,3,2014,13.610833333333334,13.65,9.65,12.01
63240,22,0,3,2014,12.655833333333332,14.08,7.27,11.52
63241,22,1,3,2014,11.373333333333333,15.12,9.22,12.94
63242,22,2,3,2014,9.570833333333333,14.95,9.22,12.83
63243,22,3,3,2014,7.987500000000001,14.85,9.36,12.81
63244,22,4,3,2014,6.643333333333334,14.28,9.17,12.54
63245,22,5,3,2014,5.08,14.35,9.19,12.68
63246,22,6,3,2014,4.017500000000001,13.72,8.89,12.09
63247,22,7,3,2014,2.8983333333333334,11.29,7.91,10.16
63248,22,8,3,2014,1.7283333333333337,10.43,7.4,9.32
63249,22,9,3,2014,0.9358333333333332,10.26,7.15,9.23
63250,22,10,3,2014,0.15000000000000002,8.35,6.2,7.59
63251,22,11,3,2014,-0.5833333333333334,8.69,6.13,7.81
63252,22,12,3,2014,-1.2558333333333334,9.65,6.7700000000000005,8.66
63253,22,13,3,2014,-1.7308333333333332,10.27,7.44,9.27
63254,22,14,3,2014,-1.774166666666667,10.49,7.63,9.48
63255,22,15,3,2014,-1.1025000000000003,8.96,7.55,8.48
63256,22,16,3,2014,-0.5433333333333333,9.21,7.79,8.72
63257,22,17,3,2014,0.3425,8.950000000000003,7.73,8.57
63258,22,18,3,2014,1.1375000000000002,8.23,7.22,7.91
63259,22,19,3,2014,1.8608333333333336,8.02,7.0600000000000005,7.73
63260,22,20,3,2014,2.5574999999999997,8.84,7.72,8.540000000000001
63261,22,21,3,2014,2.2866666666666666,9.02,7.75,8.63
63262,22,22,3,2014,2.101666666666667,9.28,7.51,8.700000000000001
63263,22,23,3,2014,1.3325,9.58,7.41,8.75
63264,23,0,3,2014,0.4966666666666666,10.14,6.97,9.05
63265,23,1,3,2014,-0.3475,10.21,6.93,9.09
63266,23,2,3,2014,-1.1491666666666667,9.76,6.6400000000000015,8.64
63267,23,3,3,2014,-2.0766666666666667,9.65,6.66,8.56
63268,23,4,3,2014,-2.919166666666667,9.25,6.41,8.24
63269,23,5,3,2014,-3.4875000000000007,8.23,6.08,7.42
63270,23,6,3,2014,-3.918333333333333,7.9300000000000015,5.9,7.25
63271,23,7,3,2014,-4.236666666666666,7.65,5.72,6.96
63272,23,8,3,2014,-4.4175,6.87,5.4,6.3100000000000005
63273,23,9,3,2014,-4.471666666666667,6.07,4.91,5.64
63274,23,10,3,2014,-4.683333333333334,6.11,4.97,5.72
63275,23,11,3,2014,-4.810833333333332,5.29,4.33,4.92
63276,23,12,3,2014,-4.865833333333334,5.15,4.23,4.8
63277,23,13,3,2014,-4.776666666666666,4.42,3.7,4.14
63278,23,14,3,2014,-4.263333333333333,3.97,3.48,3.75
63279,23,15,3,2014,-3.4783333333333335,3.44,3.18,3.3000000000000003
63280,23,16,3,2014,-2.5583333333333336,2.97,2.84,2.88
63281,23,17,3,2014,-1.6349999999999998,2.49,2.45,2.44
63282,23,18,3,2014,-0.9458333333333333,2.12,2.17,2.13
63283,23,19,3,2014,0.4708333333333334,2.89,3.01,3.0
63284,23,20,3,2014,1.2166666666666668,2.53,2.45,2.47
63285,23,21,3,2014,2.6216666666666675,3.92,3.72,3.91
63286,23,22,3,2014,2.94,4.49,4.13,4.45
63287,23,23,3,2014,2.891666666666667,4.42,3.73,4.18
63288,24,0,3,2014,2.5708333333333333,5.86,3.78,4.96
63289,24,1,3,2014,2.401666666666667,6.29,3.58,5.25
63290,24,2,3,2014,2.1266666666666665,7.41,4.08,6.1000000000000005
63291,24,3,3,2014,1.75,9.16,4.93,7.52
63292,24,4,3,2014,1.504166666666667,9.28,4.99,7.6400000000000015
63293,24,5,3,2014,1.2833333333333334,8.870000000000003,4.87,7.3900000000000015
63294,24,6,3,2014,1.0791666666666668,9.18,5.03,7.68
63295,24,7,3,2014,1.1541666666666666,9.66,4.99,7.91
63296,24,8,3,2014,1.1858333333333333,11.22,5.8500000000000005,9.36
63297,24,9,3,2014,1.1291666666666664,12.13,6.5,10.17
63298,24,10,3,2014,1.1508333333333334,10.89,6.19,9.25
63299,24,11,3,2014,1.0966666666666667,7.43,3.8,6.16
63300,24,12,3,2014,0.8216666666666667,6.34,2.7,4.43
63301,24,13,3,2014,0.31166666666666665,6.97,5.1000000000000005,6.26
63302,24,14,3,2014,0.009166666666666682,5.57,4.45,5.08
63303,24,15,3,2014,0.43250000000000005,5.62,4.76,5.23
63304,24,16,3,2014,1.4966666666666668,4.9,4.23,4.57
63305,24,17,3,2014,2.3241666666666667,3.3000000000000003,2.95,3.08
63306,24,18,3,2014,4.0441666666666665,4.0600000000000005,3.68,3.91
63307,24,19,3,2014,5.560833333333334,4.3,3.88,4.13
63308,24,20,3,2014,6.254999999999999,6.16,5.29,5.93
63309,24,21,3,2014,6.691666666666666,5.36,4.2,4.8500000000000005
63310,24,22,3,2014,7.711666666666667,12.98,8.8,11.4
63311,24,23,3,2014,6.477499999999999,13.66,8.14,11.78
63312,25,0,3,2014,5.463333333333334,12.57,6.97,10.56
63313,25,1,3,2014,5.1258333333333335,11.16,3.89,8.44
63314,25,2,3,2014,4.299166666666666,11.12,5.45,8.94
63315,25,3,3,2014,3.7883333333333336,8.0,3.54,6.32
63316,25,4,3,2014,3.330833333333333,5.33,2.5500000000000003,4.05
63317,25,5,3,2014,3.2266666666666666,7.21,3.44,5.59
63318,25,6,3,2014,3.1500000000000004,12.75,6.1400000000000015,10.4
63319,25,7,3,2014,2.339166666666667,12.14,6.57,9.99
63320,25,8,3,2014,1.485,11.08,6.3100000000000005,9.2
63321,25,9,3,2014,0.9308333333333332,10.12,5.8,8.41
63322,25,10,3,2014,0.20333333333333328,14.84,9.27,12.77
63323,25,11,3,2014,-0.8783333333333334,13.19,8.08,11.23
63324,25,12,3,2014,-1.5258333333333332,12.47,7.85,10.69
63325,25,13,3,2014,-1.7583333333333335,11.93,7.7,10.41
63326,25,14,3,2014,-1.5966666666666665,9.4,7.25,8.59
63327,25,15,3,2014,-0.8775,7.85,6.71,7.47
63328,25,16,3,2014,0.0275,7.57,6.58,7.25
63329,25,17,3,2014,0.8616666666666667,10.43,9.05,10.11
63330,25,18,3,2014,1.821666666666667,9.59,8.45,9.29
63331,25,19,3,2014,2.481666666666667,8.540000000000001,7.53,8.27
63332,25,20,3,2014,2.933333333333333,7.01,6.33,6.88
63333,25,21,3,2014,3.766666666666666,6.94,6.2700000000000005,6.83
63334,25,22,3,2014,4.241666666666666,5.68,5.1000000000000005,5.5600000000000005
63335,25,23,3,2014,4.241666666666667,4.75,4.21,4.62
63336,26,0,3,2014,4.131666666666667,1.6,1.35,1.48
63337,26,1,3,2014,4.024166666666667,3.67,2.42,3.16
63338,26,2,3,2014,3.566666666666667,5.63,3.27,4.64
63339,26,3,3,2014,3.2225,7.17,3.84,5.8
63340,26,4,3,2014,3.0125000000000006,8.19,4.17,6.7
63341,26,5,3,2014,2.830833333333333,9.52,4.8500000000000005,7.79
63342,26,6,3,2014,2.5625000000000004,11.02,5.5600000000000005,9.05
63343,26,7,3,2014,2.398333333333333,12.56,6.2700000000000005,10.26
63344,26,8,3,2014,2.420833333333334,13.16,6.3500000000000005,10.71
63345,26,9,3,2014,2.404166666666667,14.73,7.42,12.16
63346,26,10,3,2014,2.4675000000000002,14.88,7.36,12.01
63347,26,11,3,2014,2.6475,15.64,7.85,12.68
63348,26,12,3,2014,2.8841666666666668,17.580000000000002,9.2,14.5
63349,26,13,3,2014,3.5316666666666667,18.53,11.33,15.61
63350,26,14,3,2014,5.053333333333334,18.35,12.2,15.91
63351,26,15,3,2014,7.441666666666667,17.78,12.32,15.56
63352,26,16,3,2014,10.0175,18.19,13.41,16.240000000000002
63353,26,17,3,2014,12.126666666666667,18.18,13.4,16.23
63354,26,18,3,2014,13.850833333333334,17.98,13.19,16.01
63355,26,19,3,2014,15.454999999999998,18.75,13.63,16.68
63356,26,20,3,2014,16.544999999999998,19.78,13.62,17.12
63357,26,21,3,2014,16.264166666666664,22.48,14.62,19.39
63358,26,22,3,2014,14.884166666666667,23.08,12.4,18.93
63359,26,23,3,2014,14.308333333333332,23.87,12.09,19.61
63360,27,0,3,2014,12.269166666666669,23.84,12.44,19.65
63361,27,1,3,2014,10.65,22.73,11.41,18.41
63362,27,2,3,2014,9.933333333333332,21.59,11.17,17.72
63363,27,3,3,2014,9.24,22.46,12.28,18.58
63364,27,4,3,2014,9.000833333333333,21.77,12.01,18.15
63365,27,5,3,2014,9.06,21.44,11.7,17.87
63366,27,6,3,2014,9.388333333333334,20.14,11.17,16.740000000000002
63367,27,7,3,2014,9.678333333333335,21.83,11.24,17.82
63368,27,8,3,2014,9.895833333333334,21.42,11.44,17.67
63369,27,9,3,2014,10.241666666666665,23.0,12.68,19.06
63370,27,10,3,2014,11.053333333333333,22.08,11.98,18.25
63371,27,11,3,2014,11.765,19.24,10.76,15.86
63372,27,12,3,2014,12.525833333333333,19.06,10.32,15.71
63373,27,13,3,2014,13.4475,21.99,11.22,17.31
63374,27,14,3,2014,15.313333333333333,20.25,12.96,17.21
63375,27,15,3,2014,17.27583333333333,20.35,13.17,17.35
63376,27,16,3,2014,19.22583333333333,18.33,12.63,15.99
63377,27,17,3,2014,20.87333333333333,16.580000000000002,12.41,14.9
63378,27,18,3,2014,21.389999999999997,17.54,13.58,16.2
63379,27,19,3,2014,16.769166666666663,18.15,14.1,16.75
63380,27,20,3,2014,13.101666666666667,16.05,12.35,14.65
63381,27,21,3,2014,12.443333333333333,14.97,11.31,13.57
63382,27,22,3,2014,12.059166666666664,15.27,11.37,13.73
63383,27,23,3,2014,10.365833333333333,15.5,10.81,13.55
63384,28,0,3,2014,8.9975,15.58,10.2,13.42
63385,28,1,3,2014,7.905,15.31,9.74,13.17
63386,28,2,3,2014,7.035833333333334,14.3,9.01,12.2
63387,28,3,3,2014,6.121666666666667,13.48,8.76,11.66
63388,28,4,3,2014,5.628333333333334,11.11,7.26,9.55
63389,28,5,3,2014,5.12,11.09,7.44,9.69
63390,28,6,3,2014,4.895833333333333,10.58,7.13,9.19
63391,28,7,3,2014,4.298333333333335,10.53,6.66,9.13
63392,28,8,3,2014,3.5591666666666666,10.63,6.68,9.15
63393,28,9,3,2014,3.369166666666667,9.95,6.22,8.59
63394,28,10,3,2014,3.0400000000000005,8.86,5.49,7.77
63395,28,11,3,2014,2.5516666666666663,8.47,5.43,7.37
63396,28,12,3,2014,2.5141666666666667,5.61,4.04,5.09
63397,28,13,3,2014,2.3958333333333326,6.3500000000000005,4.76,5.69
63398,28,14,3,2014,3.0224999999999995,5.69,4.7,5.29
63399,28,15,3,2014,4.095,4.39,3.91,4.17
63400,28,16,3,2014,5.240833333333333,3.5500000000000003,3.3200000000000003,3.43
63401,28,17,3,2014,5.998333333333334,2.32,2.32,2.29
63402,28,18,3,2014,7.21,1.51,1.61,1.54
63403,28,19,3,2014,8.905,1.25,1.47,1.36
63404,28,20,3,2014,10.651666666666666,2.09,2.19,2.15
63405,28,21,3,2014,11.658333333333331,2.57,2.51,2.5500000000000003
63406,28,22,3,2014,12.020833333333334,3.24,3.1,3.25
63407,28,23,3,2014,11.810000000000002,2.69,2.34,2.65
63408,29,0,3,2014,11.296666666666667,3.51,2.62,3.23
63409,29,1,3,2014,10.997500000000002,3.76,2.11,2.76
63410,29,2,3,2014,10.671666666666667,5.95,3.34,4.8
63411,29,3,3,2014,10.100833333333334,7.12,4.01,5.84
63412,29,4,3,2014,9.700833333333332,6.82,3.63,5.48
63413,29,5,3,2014,9.409166666666668,6.29,3.2,4.96
63414,29,6,3,2014,8.92,7.55,4.12,6.25
63415,29,7,3,2014,7.789166666666667,7.59,4.7,6.44
63416,29,8,3,2014,6.583333333333333,7.6,5.16,6.68
63417,29,9,3,2014,5.285,6.6000000000000005,4.61,5.92
63418,29,10,3,2014,4.891666666666667,5.62,4.08,5.07
63419,29,11,3,2014,4.759166666666666,5.5,3.77,4.88
63420,29,12,3,2014,4.3925,5.2700000000000005,3.7,4.7
63421,29,13,3,2014,4.351666666666667,4.94,3.67,4.43
63422,29,14,3,2014,4.889166666666667,4.2700000000000005,3.61,3.97
63423,29,15,3,2014,5.776666666666667,3.84,3.5,3.7
63424,29,16,3,2014,6.822500000000001,2.92,2.8000000000000003,2.84
63425,29,17,3,2014,7.975833333333334,1.73,1.75,1.7
63426,29,18,3,2014,9.227500000000001,1.31,1.44,1.36
63427,29,19,3,2014,11.0625,1.59,1.61,1.57
63428,29,20,3,2014,13.17,2.46,2.41,2.42
63429,29,21,3,2014,14.538333333333334,3.82,3.48,3.7
63430,29,22,3,2014,15.31583333333333,5.13,4.37,4.91
63431,29,23,3,2014,15.1,7.0600000000000005,5.04,6.25
63432,30,0,3,2014,14.157499999999999,9.02,4.98,7.3900000000000015
63433,30,1,3,2014,13.652500000000002,10.43,5.4,8.41
63434,30,2,3,2014,13.301666666666664,11.75,6.16,9.6
63435,30,3,3,2014,13.025,13.49,7.0200000000000005,10.99
63436,30,4,3,2014,12.726666666666667,14.37,7.72,11.84
63437,30,5,3,2014,12.678333333333335,15.5,8.4,12.82
63438,30,6,3,2014,12.663333333333334,16.51,8.98,13.66
63439,30,7,3,2014,12.664166666666667,16.67,9.05,13.79
63440,30,8,3,2014,12.674166666666665,16.61,8.94,13.67
63441,30,9,3,2014,12.925833333333335,17.150000000000002,9.14,14.0
63442,30,10,3,2014,13.207500000000001,17.23,9.15,14.11
63443,30,11,3,2014,13.2175,17.080000000000002,8.93,13.9
63444,30,12,3,2014,13.355833333333331,17.6,9.23,14.36
63445,30,13,3,2014,13.935833333333333,17.62,10.28,14.53
63446,30,14,3,2014,15.661666666666669,17.39,11.42,14.72
63447,30,15,3,2014,17.641666666666666,16.740000000000002,12.12,14.83
63448,30,16,3,2014,19.290833333333335,16.17,12.08,14.47
63449,30,17,3,2014,21.047500000000003,15.93,12.11,14.44
63450,30,18,3,2014,22.545,16.05,12.21,14.55
63451,30,19,3,2014,23.3325,15.47,11.89,14.1
63452,30,20,3,2014,23.82416666666667,17.87,12.57,15.87
63453,30,21,3,2014,23.984166666666667,19.09,12.81,16.740000000000002
63454,30,22,3,2014,23.785833333333333,18.91,12.05,16.26
63455,30,23,3,2014,23.048333333333336,16.81,10.73,14.24
63456,31,0,3,2014,21.946666666666662,18.5,8.72,14.63
63457,31,1,3,2014,21.10666666666667,17.04,8.03,13.46
63458,31,2,3,2014,20.100833333333334,19.62,9.76,15.66
63459,31,3,3,2014,19.54583333333333,19.71,9.83,15.72
63460,31,4,3,2014,18.887500000000003,19.87,10.08,15.98
63461,31,5,3,2014,18.389166666666668,20.89,10.7,16.88
63462,31,6,3,2014,17.9225,21.73,10.81,17.42
63463,31,7,3,2014,17.50666666666667,22.24,11.81,18.06
63464,31,8,3,2014,17.0075,21.58,11.14,17.490000000000002
63465,31,9,3,2014,16.673333333333336,21.49,11.45,17.490000000000002
63466,31,10,3,2014,16.42083333333333,22.58,11.96,18.39
63467,31,11,3,2014,16.174166666666668,21.22,11.46,17.43
63468,31,12,3,2014,15.909166666666666,20.24,10.43,16.45
63469,31,13,3,2014,16.408333333333335,20.51,12.33,16.91
63470,31,14,3,2014,17.8475,19.44,12.66,16.56
63471,31,15,3,2014,19.669999999999998,18.51,12.43,16.01
63472,31,16,3,2014,21.573333333333334,15.79,11.58,14.07
63473,31,17,3,2014,22.618333333333336,15.52,11.82,14.08
63474,31,18,3,2014,22.8925,16.88,12.87,15.38
63475,31,19,3,2014,22.469166666666666,17.03,12.87,15.5
63476,31,20,3,2014,21.14,17.04,12.72,15.33
63477,31,21,3,2014,18.085000000000004,16.53,12.46,15.03
63478,31,22,3,2014,15.400833333333333,16.27,12.21,14.78
63479,31,23,3,2014,13.871666666666664,14.57,10.53,12.95
63480,1,0,4,2014,11.249166666666667,15.15,9.55,12.8
63481,1,1,4,2014,9.078333333333333,15.95,9.09,13.24
63482,1,2,4,2014,6.416666666666667,17.26,10.15,14.54
63483,1,3,4,2014,4.211666666666667,17.740000000000006,11.04,15.12
63484,1,4,4,2014,2.575,17.16,10.88,14.6
63485,1,5,4,2014,0.9800000000000003,17.05,10.65,14.41
63486,1,6,4,2014,0.07333333333333335,16.5,9.49,13.88
63487,1,7,4,2014,-0.465,15.72,8.86,13.08
63488,1,8,4,2014,-0.8441666666666666,13.26,7.77,11.17
63489,1,9,4,2014,-1.3733333333333333,12.91,7.48,10.89
63490,1,10,4,2014,-1.9658333333333333,12.98,7.21,10.86
63491,1,11,4,2014,-2.3908333333333327,10.5,5.58,8.61
63492,1,12,4,2014,-2.6300000000000003,8.51,4.78,7.08
63493,1,13,4,2014,-2.0500000000000003,7.97,5.7,6.82
63494,1,14,4,2014,-0.7949999999999999,6.8100000000000005,5.46,6.18
63495,1,15,4,2014,0.9483333333333333,5.74,4.9,5.3500000000000005
63496,1,16,4,2014,2.4941666666666666,4.39,3.95,4.15
63497,1,17,4,2014,3.955,2.76,2.68,2.68
63498,1,18,4,2014,5.514166666666665,2.44,2.39,2.37
63499,1,19,4,2014,7.496666666666666,2.54,2.65,2.62
63500,1,20,4,2014,8.794166666666667,3.01,2.96,3.01
63501,1,21,4,2014,10.025833333333331,3.73,3.5700000000000003,3.71
63502,1,22,4,2014,10.438333333333334,4.03,3.72,3.95
63503,1,23,4,2014,10.336666666666668,4.5,3.88,4.36
63504,2,0,4,2014,9.0,5.07,3.18,4.16
63505,2,1,4,2014,7.743333333333332,5.19,2.66,4.12
63506,2,2,4,2014,7.015000000000001,6.2,2.38,4.75
63507,2,3,4,2014,6.525833333333335,6.44,2.19,4.9
63508,2,4,4,2014,6.11,7.55,2.77,5.47
63509,2,5,4,2014,5.546666666666667,9.15,2.92,6.11
63510,2,6,4,2014,5.3741666666666665,10.06,3.5500000000000003,7.0600000000000005
63511,2,7,4,2014,4.947499999999999,10.05,3.51,7.03
63512,2,8,4,2014,4.796666666666668,11.14,4.78,8.4
63513,2,9,4,2014,4.403333333333333,11.23,4.82,8.65
63514,2,10,4,2014,3.6983333333333337,11.41,4.73,8.620000000000001
63515,2,11,4,2014,3.966666666666667,12.14,6.67,10.2
63516,2,12,4,2014,3.841666666666667,14.86,9.97,12.76
63517,2,13,4,2014,3.171666666666667,18.02,10.61,15.02
63518,2,14,4,2014,3.2433333333333327,10.76,7.32,9.35
63519,2,15,4,2014,3.6225000000000005,11.08,7.3900000000000015,9.52
63520,2,16,4,2014,4.715833333333334,9.67,6.7700000000000005,8.34
63521,2,17,4,2014,5.261666666666667,10.9,7.83,9.54
63522,2,18,4,2014,5.820833333333334,10.43,7.68,9.42
63523,2,19,4,2014,6.37,9.22,6.65,8.18
63524,2,20,4,2014,6.943333333333334,8.28,5.64,7.1000000000000005
63525,2,21,4,2014,7.0675,8.27,5.6000000000000005,7.1400000000000015
63526,2,22,4,2014,7.156666666666667,7.61,4.33,6.21
63527,2,23,4,2014,7.0375000000000005,7.72,4.25,6.3100000000000005
63528,3,0,4,2014,6.971666666666668,7.5,4.29,6.1400000000000015
63529,3,1,4,2014,7.041666666666667,7.42,4.15,6.1000000000000005
63530,3,2,4,2014,7.129166666666667,7.56,4.4,6.2700000000000005
63531,3,3,4,2014,7.1691666666666665,7.66,4.66,6.54
63532,3,4,4,2014,7.130833333333334,9.09,5.53,7.76
63533,3,5,4,2014,7.067499999999999,9.45,5.44,7.94
63534,3,6,4,2014,7.059166666666667,9.89,5.86,8.35
63535,3,7,4,2014,7.100833333333333,9.54,6.3,8.34
63536,3,8,4,2014,7.775833333333334,11.04,8.2,10.01
63537,3,9,4,2014,7.511666666666667,7.77,6.03,7.08
63538,3,10,4,2014,6.956666666666667,6.04,5.1000000000000005,6.16
63539,3,11,4,2014,6.931666666666666,7.95,4.89,6.78
63540,3,12,4,2014,6.7299999999999995,7.45,4.43,6.3500000000000005
63541,3,13,4,2014,6.925000000000001,6.6400000000000015,4.17,5.53
63542,3,14,4,2014,7.3450000000000015,6.16,3.88,5.03
63543,3,15,4,2014,8.101666666666668,5.45,4.0600000000000005,4.64
63544,3,16,4,2014,8.789166666666668,4.63,3.92,4.43
63545,3,17,4,2014,9.130833333333333,5.17,4.3500000000000005,4.92
63546,3,18,4,2014,8.44,7.38,5.69,6.79
63547,3,19,4,2014,7.679166666666667,8.66,6.38,7.86
63548,3,20,4,2014,6.46,9.55,6.8500000000000005,8.57
63549,3,21,4,2014,5.642499999999999,9.87,6.68,8.68
63550,3,22,4,2014,4.930000000000001,11.14,7.45,9.76
63551,3,23,4,2014,4.100833333333333,11.08,7.28,9.58
63552,4,0,4,2014,3.466666666666667,11.64,7.26,9.91
63553,4,1,4,2014,3.0725,12.43,7.69,10.53
63554,4,2,4,2014,2.563333333333333,14.35,7.53,11.8
63555,4,3,4,2014,2.436666666666667,14.19,7.19,11.61
63556,4,4,4,2014,2.454166666666667,14.4,7.49,11.87
63557,4,5,4,2014,2.3183333333333334,13.28,6.75,10.88
63558,4,6,4,2014,2.168333333333333,14.82,7.75,12.26
63559,4,7,4,2014,2.144166666666667,16.01,8.35,13.19
63560,4,8,4,2014,2.3175,15.51,8.19,12.81
63561,4,9,4,2014,2.483333333333333,15.29,7.86,12.51
63562,4,10,4,2014,2.140833333333333,15.7,7.85,12.88
63563,4,11,4,2014,1.6983333333333335,15.83,8.03,13.09
63564,4,12,4,2014,1.3066666666666669,15.55,7.9300000000000015,12.83
63565,4,13,4,2014,1.5999999999999999,14.84,9.34,12.38
63566,4,14,4,2014,2.5408333333333335,13.71,9.43,11.95
63567,4,15,4,2014,3.7108333333333334,12.33,9.34,11.13
63568,4,16,4,2014,5.0525,11.09,8.91,10.29
63569,4,17,4,2014,6.135833333333333,10.78,8.86,10.12
63570,4,18,4,2014,7.246666666666666,11.15,9.32,10.57
63571,4,19,4,2014,8.055000000000001,10.97,9.09,10.34
63572,4,20,4,2014,8.767500000000002,10.42,8.700000000000001,9.88
63573,4,21,4,2014,9.3075,9.2,7.6400000000000015,8.71
63574,4,22,4,2014,9.428333333333336,9.45,7.76,8.93
63575,4,23,4,2014,9.185833333333333,7.95,6.3500000000000005,7.43
63576,5,0,4,2014,8.360833333333334,6.15,4.04,4.96
63577,5,1,4,2014,7.723333333333333,6.8900000000000015,2.85,5.2700000000000005
63578,5,2,4,2014,7.247499999999999,5.18,2.01,3.66
63579,5,3,4,2014,6.867500000000001,4.71,1.56,3.5500000000000003
63580,5,4,4,2014,6.5441666666666665,4.25,1.14,2.91
63581,5,5,4,2014,6.3725,4.32,1.7,3.09
63582,5,6,4,2014,6.135833333333333,4.68,2.32,3.84
63583,5,7,4,2014,5.925833333333333,5.37,2.45,4.01
63584,5,8,4,2014,5.802499999999999,5.8,2.72,4.5200000000000005
63585,5,9,4,2014,5.72,6.36,3.15,4.95
63586,5,10,4,2014,5.635833333333333,6.86,3.23,5.34
63587,5,11,4,2014,5.6125,7.44,3.64,5.93
63588,5,12,4,2014,5.594166666666666,7.79,3.75,6.08
63589,5,13,4,2014,6.640833333333333,7.9300000000000015,5.23,6.37
63590,5,14,4,2014,8.356666666666667,7.4,5.88,6.72
63591,5,15,4,2014,9.850833333333334,7.18,5.86,6.6400000000000015
63592,5,16,4,2014,11.348333333333334,7.01,6.0200000000000005,6.68
63593,5,17,4,2014,12.490000000000002,7.15,6.05,6.76
63594,5,18,4,2014,13.954166666666667,6.87,6.05,6.6400000000000015
63595,5,19,4,2014,14.894166666666665,7.74,6.76,7.49
63596,5,20,4,2014,16.006666666666664,8.25,7.09,7.92
63597,5,21,4,2014,16.343333333333337,8.370000000000001,6.92,7.9300000000000015
63598,5,22,4,2014,15.965000000000002,9.16,7.3,8.47
63599,5,23,4,2014,15.419166666666664,10.17,6.82,8.22
63600,6,0,4,2014,14.412500000000001,10.75,5.33,8.540000000000001
63601,6,1,4,2014,13.731666666666667,11.93,5.51,9.25
63602,6,2,4,2014,13.19166666666667,11.99,5.37,9.32
63603,6,3,4,2014,12.782499999999999,11.79,5.79,9.39
63604,6,4,4,2014,12.463333333333333,12.5,6.44,10.13
63605,6,5,4,2014,11.982500000000002,12.59,6.48,10.22
63606,6,6,4,2014,11.818333333333333,12.19,6.5,9.9
63607,6,7,4,2014,11.835833333333333,12.16,6.58,9.75
63608,6,8,4,2014,11.878333333333332,12.58,6.8100000000000005,10.08
63609,6,9,4,2014,11.564166666666667,11.58,6.3,9.38
63610,6,10,4,2014,11.301666666666668,10.61,5.65,8.51
63611,6,11,4,2014,11.131666666666668,9.72,4.92,7.62
63612,6,12,4,2014,11.0525,9.32,4.59,7.3900000000000015
63613,6,13,4,2014,11.791666666666666,8.26,4.69,6.42
63614,6,14,4,2014,13.695833333333331,5.8,4.62,5.34
63615,6,15,4,2014,14.988333333333335,5.15,4.5600000000000005,4.95
63616,6,16,4,2014,15.642499999999997,5.6000000000000005,5.05,5.45
63617,6,17,4,2014,16.220833333333335,7.17,6.2700000000000005,6.8900000000000015
63618,6,18,4,2014,16.80666666666667,8.15,7.17,7.9300000000000015
63619,6,19,4,2014,16.705833333333334,8.58,7.33,8.23
63620,6,20,4,2014,16.468333333333334,9.32,7.92,8.94
63621,6,21,4,2014,16.503333333333334,7.6400000000000015,6.5200000000000005,7.28
63622,6,22,4,2014,15.710833333333335,7.85,6.71,7.57
63623,6,23,4,2014,14.15,5.95,4.9,5.68
63624,7,0,4,2014,14.063333333333333,3.88,2.31,2.97
63625,7,1,4,2014,13.74,2.69,2.2,2.96
63626,7,2,4,2014,12.991666666666667,3.31,2.56,3.3200000000000003
63627,7,3,4,2014,12.693333333333335,3.59,2.29,3.44
63628,7,4,4,2014,12.737499999999999,3.23,2.32,3.44
63629,7,5,4,2014,12.483333333333334,3.34,1.93,3.23
63630,7,6,4,2014,12.045000000000002,5.53,2.27,4.2
63631,7,7,4,2014,11.791666666666664,5.29,2.1,4.08
63632,7,8,4,2014,11.512500000000001,2.83,1.53,2.12
63633,7,9,4,2014,11.214166666666669,1.69,1.72,2.18
63634,7,10,4,2014,11.138333333333334,2.33,1.81,2.91
63635,7,11,4,2014,11.055,3.04,1.56,2.81
63636,7,12,4,2014,10.542499999999999,2.78,2.09,2.76
63637,7,13,4,2014,11.436666666666666,2.52,2.41,2.5500000000000003
63638,7,14,4,2014,12.56,4.03,3.49,3.86
63639,7,15,4,2014,12.225,8.77,7.0200000000000005,8.09
63640,7,16,4,2014,10.824166666666665,8.28,6.8500000000000005,7.82
63641,7,17,4,2014,12.925000000000002,7.09,6.0200000000000005,6.8100000000000005
63642,7,18,4,2014,14.850833333333334,8.05,7.19,7.99
63643,7,19,4,2014,15.02833333333333,9.16,7.54,8.68
63644,7,20,4,2014,12.746666666666668,16.86,12.72,15.42
63645,7,21,4,2014,12.145833333333334,13.64,9.98,12.25
63646,7,22,4,2014,14.8175,7.38,5.0600000000000005,6.05
63647,7,23,4,2014,12.88166666666667,6.5600000000000005,5.68,6.4
63648,8,0,4,2014,12.152500000000002,2.52,2.44,2.83
63649,8,1,4,2014,11.772499999999999,8.08,3.69,5.78
63650,8,2,4,2014,11.025,7.9300000000000015,3.86,6.22
63651,8,3,4,2014,10.696666666666667,6.51,3.04,4.75
63652,8,4,4,2014,10.605833333333335,6.7,3.22,5.1000000000000005
63653,8,5,4,2014,10.597499999999998,9.17,3.71,6.76
63654,8,6,4,2014,10.751666666666665,11.14,4.58,8.5
63655,8,7,4,2014,10.511666666666667,13.06,5.96,10.45
63656,8,8,4,2014,9.887500000000001,12.85,6.15,10.36
63657,8,9,4,2014,9.468333333333332,12.93,6.44,10.49
63658,8,10,4,2014,9.170833333333333,13.13,6.49,10.71
63659,8,11,4,2014,8.863333333333335,13.44,6.78,10.93
63660,8,12,4,2014,8.538333333333332,12.96,6.7700000000000005,10.61
63661,8,13,4,2014,8.473333333333334,12.2,8.120000000000001,10.51
63662,8,14,4,2014,9.11,11.86,8.4,10.43
63663,8,15,4,2014,10.105,11.49,9.11,10.62
63664,8,16,4,2014,11.046666666666667,11.87,9.46,11.02
63665,8,17,4,2014,12.026666666666669,11.98,9.71,11.21
63666,8,18,4,2014,12.925833333333335,12.47,10.08,11.69
63667,8,19,4,2014,13.255,12.45,10.06,11.69
63668,8,20,4,2014,13.7825,10.27,8.47,9.7
63669,8,21,4,2014,13.670833333333334,10.48,8.620000000000001,9.9
63670,8,22,4,2014,13.584166666666667,9.49,7.6400000000000015,8.84
63671,8,23,4,2014,13.168333333333335,10.36,7.43,9.33
63672,9,0,4,2014,12.70833333333333,8.03,4.3100000000000005,6.5600000000000005
63673,9,1,4,2014,12.344166666666666,7.68,3.21,5.97
63674,9,2,4,2014,12.093333333333334,6.05,2.62,4.73
63675,9,3,4,2014,11.910833333333334,3.74,0.98,2.6
63676,9,4,4,2014,11.716666666666669,2.26,0.79,1.27
63677,9,5,4,2014,11.485,2.37,1.49,1.94
63678,9,6,4,2014,11.235,4.0600000000000005,2.33,3.36
63679,9,7,4,2014,10.954166666666666,5.22,2.82,4.28
63680,9,8,4,2014,10.763333333333334,6.73,3.26,5.3500000000000005
63681,9,9,4,2014,10.595,8.76,3.88,6.6400000000000015
63682,9,10,4,2014,10.580833333333333,10.35,4.92,8.11
63683,9,11,4,2014,10.576666666666666,10.39,4.91,8.11
63684,9,12,4,2014,10.655,11.26,5.33,8.870000000000003
63685,9,13,4,2014,11.765833333333335,11.9,6.66,9.77
63686,9,14,4,2014,13.814999999999998,11.46,7.62,9.78
63687,9,15,4,2014,15.670833333333333,11.94,8.91,10.65
63688,9,16,4,2014,17.514166666666668,12.29,9.51,11.21
63689,9,17,4,2014,19.276666666666667,12.88,10.02,11.8
63690,9,18,4,2014,20.65583333333333,12.88,10.11,11.86
63691,9,19,4,2014,21.825,13.0,10.18,11.97
63692,9,20,4,2014,22.9425,13.39,10.2,12.21
63693,9,21,4,2014,23.564999999999998,12.9,9.83,11.76
63694,9,22,4,2014,23.7025,13.14,9.46,11.69
63695,9,23,4,2014,23.283333333333335,11.91,7.72,9.9
63696,10,0,4,2014,22.057500000000005,12.8,6.1000000000000005,10.04
63697,10,1,4,2014,21.2625,13.34,6.1400000000000015,10.24
63698,10,2,4,2014,20.640833333333337,13.97,6.4,10.83
63699,10,3,4,2014,20.356666666666666,15.83,7.29,12.31
63700,10,4,4,2014,20.2625,16.3,7.99,12.89
63701,10,5,4,2014,20.065,16.37,8.26,13.06
63702,10,6,4,2014,19.860833333333336,16.51,8.26,13.16
63703,10,7,4,2014,19.730833333333333,17.04,8.4,13.55
63704,10,8,4,2014,19.333333333333336,16.42,8.28,13.09
63705,10,9,4,2014,18.725000000000005,13.31,6.68,10.36
63706,10,10,4,2014,18.234166666666667,13.42,6.5,10.22
63707,10,11,4,2014,16.573333333333334,13.65,7.29,11.16
63708,10,12,4,2014,15.083333333333334,15.09,7.95,12.43
63709,10,13,4,2014,15.475833333333336,15.88,9.85,13.41
63710,10,14,4,2014,16.078333333333333,13.3,9.87,11.84
63711,10,15,4,2014,16.390833333333337,13.28,10.23,12.07
63712,10,16,4,2014,17.224999999999998,12.55,10.04,11.69
63713,10,17,4,2014,17.83083333333333,11.84,9.69,11.14
63714,10,18,4,2014,18.663333333333334,10.64,8.870000000000003,10.08
63715,10,19,4,2014,18.9625,8.540000000000001,7.45,8.27
63716,10,20,4,2014,18.9575,8.75,7.6,8.47
63717,10,21,4,2014,18.6825,8.64,7.3,8.26
63718,10,22,4,2014,18.8,6.8100000000000005,5.62,6.49
63719,10,23,4,2014,18.577500000000004,7.4,6.15,7.09
63720,11,0,4,2014,17.962500000000002,6.2700000000000005,4.12,5.46
63721,11,1,4,2014,17.480000000000004,6.38,2.79,4.69
63722,11,2,4,2014,17.1225,6.66,2.74,5.14
63723,11,3,4,2014,16.700833333333335,6.3100000000000005,2.78,4.79
63724,11,4,4,2014,16.243333333333332,6.2700000000000005,2.18,4.45
63725,11,5,4,2014,15.819166666666666,6.5200000000000005,2.29,4.64
63726,11,6,4,2014,15.298333333333332,5.7700000000000005,1.97,4.05
63727,11,7,4,2014,14.895000000000001,5.58,1.47,3.71
63728,11,8,4,2014,14.600000000000001,6.18,2.28,4.24
63729,11,9,4,2014,14.3375,6.32,2.36,4.33
63730,11,10,4,2014,14.168333333333335,6.36,2.45,4.64
63731,11,11,4,2014,13.998333333333333,7.47,3.3000000000000003,5.58
63732,11,12,4,2014,13.89,7.79,3.53,5.87
63733,11,13,4,2014,14.770000000000001,7.83,4.7,6.12
63734,11,14,4,2014,16.344166666666666,6.6400000000000015,4.79,5.88
63735,11,15,4,2014,17.7975,5.58,4.69,5.2
63736,11,16,4,2014,18.98,4.21,3.82,4.0600000000000005
63737,11,17,4,2014,20.06833333333333,3.54,3.29,3.43
63738,11,18,4,2014,20.846666666666668,2.89,2.76,2.82
63739,11,19,4,2014,21.603333333333335,2.59,2.49,2.53
63740,11,20,4,2014,22.36916666666667,3.0500000000000003,2.92,3.02
63741,11,21,4,2014,22.918333333333333,4.61,4.1,4.46
63742,11,22,4,2014,22.819166666666664,5.91,4.92,5.54
63743,11,23,4,2014,22.102500000000003,7.45,5.79,6.7700000000000005
63744,12,0,4,2014,21.135833333333334,8.18,4.39,6.3
63745,12,1,4,2014,20.509999999999994,10.17,4.83,7.9
63746,12,2,4,2014,19.9975,10.73,5.14,8.4
63747,12,3,4,2014,19.415000000000003,10.97,5.24,8.620000000000001
63748,12,4,4,2014,18.781666666666663,10.78,5.0600000000000005,8.4
63749,12,5,4,2014,18.419166666666666,11.07,5.34,8.65
63750,12,6,4,2014,18.169999999999998,12.08,6.22,9.64
63751,12,7,4,2014,18.019166666666667,12.62,6.47,10.05
63752,12,8,4,2014,18.185833333333335,13.52,6.83,10.53
63753,12,9,4,2014,18.839166666666667,15.29,7.96,12.24
63754,12,10,4,2014,19.31,16.04,8.49,12.93
63755,12,11,4,2014,19.289166666666667,16.04,8.620000000000001,13.02
63756,12,12,4,2014,19.284166666666668,16.72,9.13,13.67
63757,12,13,4,2014,20.270833333333332,17.22,10.82,14.25
63758,12,14,4,2014,21.742500000000003,16.39,11.35,14.26
63759,12,15,4,2014,23.595,15.38,10.97,13.6
63760,12,16,4,2014,25.275000000000002,12.64,9.74,11.52
63761,12,17,4,2014,26.625833333333333,11.91,9.39,10.98
63762,12,18,4,2014,27.64833333333333,12.27,9.78,11.39
63763,12,19,4,2014,28.396666666666672,13.26,10.33,12.21
63764,12,20,4,2014,29.251666666666665,13.75,10.59,12.62
63765,12,21,4,2014,29.736666666666665,12.9,9.59,11.59
63766,12,22,4,2014,29.715,16.35,10.35,13.92
63767,12,23,4,2014,28.835833333333337,18.12,9.52,14.59
63768,13,0,4,2014,27.787499999999998,19.52,10.16,15.63
63769,13,1,4,2014,20.636666666666667,26.57,15.62,22.5
63770,13,2,4,2014,16.9475,12.62,7.65,10.68
63771,13,3,4,2014,18.240833333333335,10.97,8.27,10.34
63772,13,4,4,2014,18.098333333333333,5.3500000000000005,4.17,5.08
63773,13,5,4,2014,16.68583333333333,12.71,8.21,10.39
63774,13,6,4,2014,16.471666666666668,16.1,9.93,13.29
63775,13,7,4,2014,16.289999999999996,13.9,7.5,10.63
63776,13,8,4,2014,15.803333333333335,13.18,7.63,11.04
63777,13,9,4,2014,15.892499999999998,12.52,7.43,10.46
63778,13,10,4,2014,15.782499999999999,7.94,4.49,6.53
63779,13,11,4,2014,15.778333333333334,11.47,5.95,9.27
63780,13,12,4,2014,15.848333333333334,12.11,6.5200000000000005,9.91
63781,13,13,4,2014,16.2525,11.84,7.11,9.81
63782,13,14,4,2014,16.964166666666667,11.42,6.97,9.61
63783,13,15,4,2014,19.0725,8.64,6.9,8.01
63784,13,16,4,2014,22.0675,6.33,5.41,6.04
63785,13,17,4,2014,24.145,6.75,5.74,6.44
63786,13,18,4,2014,18.1225,13.81,9.54,12.36
63787,13,19,4,2014,16.173333333333332,17.45,12.01,15.33
63788,13,20,4,2014,13.3675,17.69,11.96,15.63
63789,13,21,4,2014,10.315833333333334,20.07,12.68,17.03
63790,13,22,4,2014,8.624166666666667,22.1,13.65,18.79
63791,13,23,4,2014,7.621666666666667,20.86,13.14,17.85
63792,14,0,4,2014,5.923333333333335,20.26,12.68,17.44
63793,14,1,4,2014,4.8708333333333345,19.14,12.24,16.43
63794,14,2,4,2014,4.402500000000001,17.53,11.32,14.98
63795,14,3,4,2014,3.889166666666666,17.3,10.95,14.78
63796,14,4,4,2014,3.1899999999999995,16.490000000000002,10.59,14.06
63797,14,5,4,2014,2.5316666666666667,17.09,11.18,14.7
63798,14,6,4,2014,1.9699999999999998,15.19,10.13,13.21
63799,14,7,4,2014,1.3158333333333332,18.23,11.47,15.65
63800,14,8,4,2014,1.1283333333333332,17.2,10.94,14.76
63801,14,9,4,2014,1.4324999999999999,18.41,9.45,15.39
63802,14,10,4,2014,0.4583333333333333,18.92,10.12,15.76
63803,14,11,4,2014,-0.1925,18.85,9.88,15.66
63804,14,12,4,2014,-0.49000000000000005,16.25,8.65,13.61
63805,14,13,4,2014,-0.26416666666666666,14.78,9.67,12.85
63806,14,14,4,2014,0.32749999999999996,14.79,10.6,13.21
63807,14,15,4,2014,1.2783333333333333,15.19,11.15,13.71
63808,14,16,4,2014,2.6424999999999996,13.97,10.86,12.86
63809,14,17,4,2014,3.901666666666667,14.02,11.23,13.11
63810,14,18,4,2014,4.766666666666667,14.49,11.41,13.43
63811,14,19,4,2014,5.765833333333333,13.18,10.54,12.28
63812,14,20,4,2014,6.079166666666667,14.62,11.56,13.61
63813,14,21,4,2014,6.325,11.9,9.58,11.17
63814,14,22,4,2014,6.274166666666666,11.38,9.06,10.61
63815,14,23,4,2014,6.055,8.27,6.63,7.72
63816,15,0,4,2014,5.706666666666667,6.09,4.72,5.61
63817,15,1,4,2014,5.456666666666667,5.32,2.99,4.5
63818,15,2,4,2014,5.2508333333333335,3.25,2.02,2.84
63819,15,3,4,2014,4.9141666666666675,2.27,2.02,2.26
63820,15,4,4,2014,4.695,2.29,1.98,2.23
63821,15,5,4,2014,4.581666666666666,1.32,1.04,1.12
63822,15,6,4,2014,4.6825,3.17,1.71,2.37
63823,15,7,4,2014,4.6625,6.28,2.94,4.71
63824,15,8,4,2014,4.426666666666666,8.0,3.79,6.41
63825,15,9,4,2014,3.8283333333333336,8.11,4.05,6.59
63826,15,10,4,2014,3.247499999999999,7.5,3.43,6.1000000000000005
63827,15,11,4,2014,2.6808333333333336,5.57,3.29,4.79
63828,15,12,4,2014,2.475833333333333,4.5,2.89,3.86
63829,15,13,4,2014,2.7475,3.49,2.97,3.26
63830,15,14,4,2014,3.2424999999999997,2.69,2.49,2.59
63831,15,15,4,2014,3.9141666666666666,0.92,0.88,0.86
63832,15,16,4,2014,5.970833333333334,2.85,2.72,2.77
63833,15,17,4,2014,7.849166666666666,4.45,4.16,4.37
63834,15,18,4,2014,9.424166666666666,6.9,6.29,6.8100000000000005
63835,15,19,4,2014,10.87,7.86,7.03,7.71
63836,15,20,4,2014,12.1475,8.540000000000001,7.21,8.15
63837,15,21,4,2014,13.157499999999999,9.22,7.72,8.8
63838,15,22,4,2014,13.686666666666666,9.95,8.28,9.5
63839,15,23,4,2014,13.70666666666667,10.47,7.32,9.1
63840,16,0,4,2014,12.894166666666669,10.72,5.28,8.51
63841,16,1,4,2014,11.8925,11.68,5.66,9.17
63842,16,2,4,2014,11.391666666666666,14.55,6.8100000000000005,11.53
63843,16,3,4,2014,11.168333333333331,15.86,7.61,12.69
63844,16,4,4,2014,10.742500000000001,17.51,8.58,14.09
63845,16,5,4,2014,10.431666666666667,18.01,9.02,14.61
63846,16,6,4,2014,10.260000000000002,18.94,9.7,15.5
63847,16,7,4,2014,10.011666666666665,19.32,9.66,15.59
63848,16,8,4,2014,10.005,19.75,9.93,16.04
63849,16,9,4,2014,10.040000000000001,21.3,10.76,17.34
63850,16,10,4,2014,9.934166666666666,21.47,10.97,17.53
63851,16,11,4,2014,9.836666666666666,21.13,10.86,17.29
63852,16,12,4,2014,9.843333333333332,21.25,10.59,17.28
63853,16,13,4,2014,10.603333333333332,20.83,12.52,17.21
63854,16,14,4,2014,11.763333333333335,20.47,12.91,17.36
63855,16,15,4,2014,13.233333333333334,19.81,12.87,16.96
63856,16,16,4,2014,14.6575,18.62,13.09,16.25
63857,16,17,4,2014,15.899166666666666,18.61,13.06,16.330000000000002
63858,16,18,4,2014,17.07916666666667,18.73,13.29,16.69
63859,16,19,4,2014,18.02,20.23,13.74,17.96
63860,16,20,4,2014,18.765833333333333,17.5,12.23,15.56
63861,16,21,4,2014,19.60416666666667,14.71,10.78,13.16
63862,16,22,4,2014,19.43166666666667,15.48,10.53,13.35
63863,16,23,4,2014,17.6125,11.4,5.71,8.47
63864,17,0,4,2014,16.011666666666667,13.79,6.3500000000000005,11.1
63865,17,1,4,2014,12.543333333333331,13.77,7.32,11.36
63866,17,2,4,2014,10.360000000000001,14.03,7.62,11.59
63867,17,3,4,2014,9.691666666666665,13.72,7.3,11.41
63868,17,4,4,2014,9.12,9.88,5.33,8.11
63869,17,5,4,2014,8.370000000000001,9.77,5.76,8.33
63870,17,6,4,2014,7.949999999999999,8.700000000000001,5.17,7.49
63871,17,7,4,2014,7.225833333333333,7.21,4.43,6.23
63872,17,8,4,2014,7.044166666666668,6.38,4.4,5.58
63873,17,9,4,2014,6.330833333333334,9.97,6.12,8.52
63874,17,10,4,2014,5.945833333333333,9.04,5.3100000000000005,7.68
63875,17,11,4,2014,5.800833333333333,7.07,4.42,6.22
63876,17,12,4,2014,5.566666666666667,6.63,4.3,5.82
63877,17,13,4,2014,5.750000000000001,6.09,5.04,5.73
63878,17,14,4,2014,6.243333333333333,6.37,5.5200000000000005,6.1000000000000005
63879,17,15,4,2014,7.145833333333332,6.28,5.37,5.92
63880,17,16,4,2014,8.33,4.62,4.2,4.46
63881,17,17,4,2014,9.478333333333333,3.37,3.19,3.28
63882,17,18,4,2014,10.935,4.19,4.05,4.21
63883,17,19,4,2014,11.729166666666666,4.16,3.97,4.14
63884,17,20,4,2014,12.244166666666665,2.64,2.5500000000000003,2.58
63885,17,21,4,2014,12.871666666666668,1.92,1.9,1.9
63886,17,22,4,2014,13.480000000000002,1.87,1.82,1.85
63887,17,23,4,2014,13.511666666666668,3.18,2.9,3.16
63888,18,0,4,2014,13.110000000000005,3.02,2.09,2.7
63889,18,1,4,2014,12.695833333333333,3.26,2.1,2.75
63890,18,2,4,2014,12.379166666666668,3.67,1.94,2.84
63891,18,3,4,2014,12.068333333333333,4.04,1.83,3.1
63892,18,4,4,2014,11.825000000000001,4.07,1.62,3.08
63893,18,5,4,2014,11.673333333333334,3.81,1.74,3.12
63894,18,6,4,2014,11.534166666666666,4.64,1.79,3.34
63895,18,7,4,2014,11.26,5.23,1.74,3.56
63896,18,8,4,2014,11.101666666666667,5.7,2.28,4.09
63897,18,9,4,2014,10.920000000000002,6.11,2.66,4.91
63898,18,10,4,2014,10.647499999999999,6.04,2.56,4.45
63899,18,11,4,2014,10.334999999999999,5.7700000000000005,2.22,4.3100000000000005
63900,18,12,4,2014,10.503333333333332,6.22,3.02,4.39
63901,18,13,4,2014,12.040833333333332,5.84,3.98,4.43
63902,18,14,4,2014,13.558333333333332,5.2,4.48,4.92
63903,18,15,4,2014,14.789166666666665,5.2700000000000005,4.66,5.05
63904,18,16,4,2014,16.065,6.59,5.8500000000000005,6.3900000000000015
63905,18,17,4,2014,17.10333333333333,7.3,6.43,7.08
63906,18,18,4,2014,18.121666666666666,6.97,6.11,6.71
63907,18,19,4,2014,19.110833333333332,7.08,6.17,6.82
63908,18,20,4,2014,19.62333333333333,8.15,7.04,7.87
63909,18,21,4,2014,19.861666666666668,9.68,7.8900000000000015,9.12
63910,18,22,4,2014,19.890833333333333,8.55,7.07,8.08
63911,18,23,4,2014,19.352500000000003,9.85,6.98,8.59
63912,19,0,4,2014,18.164999999999996,10.64,5.96,8.33
63913,19,1,4,2014,17.3625,11.33,5.37,8.78
63914,19,2,4,2014,16.755,11.13,5.16,8.540000000000001
63915,19,3,4,2014,16.2925,11.41,5.23,8.83
63916,19,4,4,2014,15.982500000000002,11.88,5.39,9.17
63917,19,5,4,2014,15.788333333333332,11.95,5.39,9.19
63918,19,6,4,2014,15.55916666666667,12.14,5.34,9.29
63919,19,7,4,2014,15.216666666666667,12.58,5.79,9.79
63920,19,8,4,2014,14.905,12.41,5.67,9.68
63921,19,9,4,2014,14.614166666666668,12.46,5.73,9.63
63922,19,10,4,2014,14.464166666666666,12.82,5.89,9.85
63923,19,11,4,2014,14.384166666666667,12.98,6.07,9.95
63924,19,12,4,2014,14.565,13.24,6.5600000000000005,10.5
63925,19,13,4,2014,16.519166666666667,14.06,8.83,11.73
63926,19,14,4,2014,18.479999999999997,13.62,9.33,11.69
63927,19,15,4,2014,20.069166666666668,13.16,9.8,11.73
63928,19,16,4,2014,21.201666666666664,13.75,10.44,12.51
63929,19,17,4,2014,22.256666666666664,14.67,11.15,13.45
63930,19,18,4,2014,23.126666666666665,14.68,11.13,13.46
63931,19,19,4,2014,23.990833333333338,13.28,10.33,12.28
63932,19,20,4,2014,24.29666666666667,13.46,10.31,12.37
63933,19,21,4,2014,24.390833333333333,13.89,9.98,12.5
63934,19,22,4,2014,23.985833333333332,13.51,9.49,12.06
63935,19,23,4,2014,23.19333333333333,13.72,8.07,10.87
63936,20,0,4,2014,22.1075,13.89,6.8,11.05
63937,20,1,4,2014,21.485,13.93,6.42,10.86
63938,20,2,4,2014,20.82666666666667,12.98,6.38,10.16
63939,20,3,4,2014,20.53166666666667,13.97,6.3100000000000005,10.82
63940,20,4,4,2014,20.15833333333333,14.46,6.91,11.37
63941,20,5,4,2014,19.853333333333335,14.41,6.59,11.15
63942,20,6,4,2014,19.5825,14.96,7.36,11.84
63943,20,7,4,2014,19.325833333333335,15.25,7.5,12.13
63944,20,8,4,2014,19.13,15.94,7.91,12.66
63945,20,9,4,2014,18.878333333333334,15.09,7.28,11.87
63946,20,10,4,2014,18.66333333333333,14.77,7.3,11.62
63947,20,11,4,2014,18.5125,14.72,7.55,11.8
63948,20,12,4,2014,18.5,14.61,7.35,11.66
63949,20,13,4,2014,19.421666666666667,14.07,8.31,11.29
63950,20,14,4,2014,20.99416666666667,12.74,8.4,10.95
63951,20,15,4,2014,22.432499999999994,11.31,8.32,9.99
63952,20,16,4,2014,23.795,10.22,8.0,9.36
63953,20,17,4,2014,24.93666666666667,9.54,7.9300000000000015,9.03
63954,20,18,4,2014,25.625833333333333,9.95,8.22,9.41
63955,20,19,4,2014,26.088333333333335,9.41,7.67,8.73
63956,20,20,4,2014,24.50916666666667,15.93,11.34,14.42
63957,20,21,4,2014,24.4175,9.56,7.05,8.47
63958,20,22,4,2014,25.123333333333335,8.41,6.68,7.82
63959,20,23,4,2014,20.548333333333332,15.37,10.39,13.46
63960,21,0,4,2014,20.124166666666667,9.96,3.88,7.42
63961,21,1,4,2014,20.28333333333333,10.18,5.08,7.9300000000000015
63962,21,2,4,2014,19.8125,11.13,5.18,8.55
63963,21,3,4,2014,19.375833333333336,12.59,5.75,9.49
63964,21,4,4,2014,19.096666666666668,12.53,5.65,9.69
63965,21,5,4,2014,18.8,12.15,6.22,9.72
63966,21,6,4,2014,18.175,12.4,6.44,9.89
63967,21,7,4,2014,17.873333333333335,12.09,6.0600000000000005,9.44
63968,21,8,4,2014,17.684166666666666,10.64,5.12,8.2
63969,21,9,4,2014,17.425833333333333,10.42,5.15,8.11
63970,21,10,4,2014,17.196666666666665,9.35,4.23,7.03
63971,21,11,4,2014,16.953333333333333,8.89,4.2700000000000005,6.83
63972,21,12,4,2014,17.093333333333334,8.92,4.5200000000000005,7.01
63973,21,13,4,2014,18.42,8.040000000000001,5.34,6.86
63974,21,14,4,2014,19.979166666666668,7.17,5.69,6.59
63975,21,15,4,2014,20.324166666666667,7.12,6.13,6.8500000000000005
63976,21,16,4,2014,21.6775,6.61,5.76,6.36
63977,21,17,4,2014,20.90583333333333,14.56,10.34,12.93
63978,21,18,4,2014,19.078333333333333,12.67,8.96,11.16
63979,21,19,4,2014,21.9075,12.35,9.28,11.34
63980,21,20,4,2014,22.659166666666664,14.63,10.69,13.14
63981,21,21,4,2014,22.32666666666667,14.57,10.47,13.12
63982,21,22,4,2014,21.426666666666666,14.71,9.67,12.57
63983,21,23,4,2014,20.291666666666668,14.59,9.61,12.93
63984,22,0,4,2014,19.198333333333334,13.61,6.41,11.01
63985,22,1,4,2014,18.76833333333333,13.25,6.16,10.69
63986,22,2,4,2014,18.404999999999998,8.41,4.22,6.6000000000000005
63987,22,3,4,2014,18.2375,8.85,4.11,6.78
63988,22,4,4,2014,18.156666666666666,10.79,4.71,8.15
63989,22,5,4,2014,18.0025,9.76,4.69,7.61
63990,22,6,4,2014,17.648333333333337,10.66,5.48,8.64
63991,22,7,4,2014,16.838333333333335,11.0,5.25,8.75
63992,22,8,4,2014,15.656666666666666,9.49,4.74,7.68
63993,22,9,4,2014,14.93583333333333,8.23,4.03,6.67
63994,22,10,4,2014,14.328333333333333,7.05,3.7,5.76
63995,22,11,4,2014,13.955,6.74,3.46,5.44
63996,22,12,4,2014,13.701666666666666,6.55,3.69,5.32
63997,22,13,4,2014,13.921666666666667,5.88,4.15,5.12
63998,22,14,4,2014,14.184999999999997,4.64,4.07,4.44
63999,22,15,4,2014,14.984166666666662,5.09,4.43,4.86
64000,22,16,4,2014,16.004166666666666,4.66,4.17,4.49
64001,22,17,4,2014,16.849999999999998,4.21,3.84,4.07
64002,22,18,4,2014,17.5125,3.52,3.33,3.47
64003,22,19,4,2014,18.1875,4.69,4.47,4.74
64004,22,20,4,2014,18.799166666666668,5.41,4.96,5.3500000000000005
64005,22,21,4,2014,19.008333333333333,5.25,4.72,5.14
64006,22,22,4,2014,18.974166666666665,4.72,4.12,4.53
64007,22,23,4,2014,18.659166666666668,6.08,4.92,5.76
64008,23,0,4,2014,18.03333333333333,6.3,3.77,4.76
64009,23,1,4,2014,17.51,6.98,3.47,5.26
64010,23,2,4,2014,17.123333333333335,8.53,4.11,6.59
64011,23,3,4,2014,16.599999999999998,9.13,4.54,7.36
64012,23,4,4,2014,16.073333333333334,9.74,4.69,7.72
64013,23,5,4,2014,15.624166666666667,11.26,5.68,9.11
64014,23,6,4,2014,15.185833333333335,11.63,5.68,9.31
64015,23,7,4,2014,14.929166666666667,11.36,5.62,9.08
64016,23,8,4,2014,14.66916666666667,12.64,6.57,10.25
64017,23,9,4,2014,14.418333333333335,12.94,6.28,10.27
64018,23,10,4,2014,14.229166666666666,13.88,6.98,11.16
64019,23,11,4,2014,13.310833333333335,15.49,8.23,12.68
64020,23,12,4,2014,13.450833333333334,15.7,7.71,12.57
64021,23,13,4,2014,13.306666666666665,16.06,9.93,13.57
64022,23,14,4,2014,12.875833333333333,16.1,10.12,13.66
64023,23,15,4,2014,13.581666666666669,15.71,10.27,13.57
64024,23,16,4,2014,15.334999999999999,16.04,10.93,14.0
64025,23,17,4,2014,18.045000000000005,14.87,11.16,13.43
64026,23,18,4,2014,19.968333333333334,14.86,11.07,13.29
64027,23,19,4,2014,22.048333333333332,15.63,11.43,13.96
64028,23,20,4,2014,23.5,15.72,11.47,14.03
64029,23,21,4,2014,24.4575,18.3,12.1,15.89
64030,23,22,4,2014,24.492500000000003,19.09,11.78,16.12
64031,23,23,4,2014,23.911666666666665,18.67,10.88,15.09
64032,24,0,4,2014,22.835833333333337,19.42,8.98,14.98
64033,24,1,4,2014,22.293333333333333,18.14,8.47,13.8
64034,24,2,4,2014,22.06916666666667,17.3,8.15,13.46
64035,24,3,4,2014,18.087500000000002,15.05,9.91,13.07
64036,24,4,4,2014,17.905833333333334,14.33,8.26,12.04
64037,24,5,4,2014,16.44,14.7,7.94,11.63
64038,24,6,4,2014,17.01,12.05,4.44,8.06
64039,24,7,4,2014,17.185000000000002,12.08,6.23,9.32
64040,24,8,4,2014,17.354166666666668,12.73,6.74,9.9
64041,24,9,4,2014,17.867500000000003,15.66,8.57,12.72
64042,24,10,4,2014,16.05333333333333,13.96,7.37,11.29
64043,24,11,4,2014,16.19583333333333,12.65,6.58,10.06
64044,24,12,4,2014,16.036666666666665,13.11,6.67,10.6
64045,24,13,4,2014,15.808333333333332,13.57,6.65,10.71
64046,24,14,4,2014,14.932499999999997,15.77,10.15,13.41
64047,24,15,4,2014,14.410833333333334,14.29,8.39,11.87
64048,24,16,4,2014,14.624166666666667,15.65,10.5,13.5
64049,24,17,4,2014,15.87,15.91,11.18,14.0
64050,24,18,4,2014,16.549166666666668,14.57,10.93,13.16
64051,24,19,4,2014,18.111666666666668,11.94,9.54,11.14
64052,24,20,4,2014,19.2175,16.330000000000002,12.12,14.83
64053,24,21,4,2014,19.981666666666666,16.29,11.07,14.26
64054,24,22,4,2014,19.94333333333333,15.09,10.09,13.28
64055,24,23,4,2014,19.433333333333334,12.54,7.71,10.26
64056,25,0,4,2014,18.3025,13.17,6.38,10.48
64057,25,1,4,2014,16.958333333333332,10.46,4.36,7.84
64058,25,2,4,2014,16.01833333333333,9.3,3.48,6.95
64059,25,3,4,2014,15.275833333333333,7.81,2.91,5.86
64060,25,4,4,2014,14.9825,4.92,2.14,3.99
64061,25,5,4,2014,14.704999999999998,3.75,3.34,3.96
64062,25,6,4,2014,14.47083333333333,3.85,3.5,4.45
64063,25,7,4,2014,14.259999999999998,6.22,4.16,5.8500000000000005
64064,25,8,4,2014,13.91666666666667,7.17,4.15,6.33
64065,25,9,4,2014,13.736666666666666,9.02,4.58,7.7
64066,25,10,4,2014,13.793333333333331,10.81,5.24,8.66
64067,25,11,4,2014,13.755833333333335,12.11,5.83,9.49
64068,25,12,4,2014,14.145000000000001,12.27,6.12,9.63
64069,25,13,4,2014,15.859166666666667,11.95,6.63,9.47
64070,25,14,4,2014,18.328333333333333,10.33,6.88,8.790000000000001
64071,25,15,4,2014,20.540833333333335,9.55,7.21,8.48
64072,25,16,4,2014,22.285,9.8,7.76,9.05
64073,25,17,4,2014,23.596666666666664,10.13,8.05,9.37
64074,25,18,4,2014,24.621666666666666,10.08,8.08,9.38
64075,25,19,4,2014,25.4375,9.56,7.77,8.97
64076,25,20,4,2014,25.879166666666666,9.8,7.81,9.13
64077,25,21,4,2014,26.161666666666672,9.25,7.32,8.58
64078,25,22,4,2014,25.938333333333333,10.04,7.48,9.08
64079,25,23,4,2014,25.415000000000006,10.63,5.89,8.18
64080,26,0,4,2014,23.750833333333336,10.64,4.36,7.6400000000000015
64081,26,1,4,2014,22.79833333333333,10.01,3.75,7.43
64082,26,2,4,2014,21.951666666666668,9.5,3.52,6.7700000000000005
64083,26,3,4,2014,21.473333333333333,11.77,4.1,8.16
64084,26,4,4,2014,20.9425,12.74,5.65,9.64
64085,26,5,4,2014,20.560833333333335,13.34,6.0600000000000005,10.15
64086,26,6,4,2014,20.011666666666667,12.58,5.7700000000000005,9.66
64087,26,7,4,2014,19.48083333333333,12.2,5.64,9.34
64088,26,8,4,2014,19.032500000000002,12.26,5.73,9.46
64089,26,9,4,2014,18.813333333333336,12.82,5.98,9.9
64090,26,10,4,2014,18.615833333333335,13.68,6.42,10.66
64091,26,11,4,2014,18.364166666666666,14.07,6.79,11.04
64092,26,12,4,2014,18.275,14.61,7.1000000000000005,11.62
64093,26,13,4,2014,19.385,14.62,8.61,11.83
64094,26,14,4,2014,20.854166666666664,14.42,9.35,12.37
64095,26,15,4,2014,22.09333333333333,13.78,9.18,11.92
64096,26,16,4,2014,23.615833333333338,11.79,9.13,10.79
64097,26,17,4,2014,24.603333333333328,12.28,9.63,11.34
64098,26,18,4,2014,25.311666666666667,12.82,10.01,11.83
64099,26,19,4,2014,26.211666666666662,13.06,10.09,11.98
64100,26,20,4,2014,26.926666666666662,13.88,10.41,12.54
64101,26,21,4,2014,27.534166666666664,14.48,10.37,12.83
64102,26,22,4,2014,27.599999999999998,14.73,10.11,12.63
64103,26,23,4,2014,27.144999999999996,15.31,9.43,12.07
64104,27,0,4,2014,26.06916666666667,17.32,8.3,13.64
64105,27,1,4,2014,25.476666666666663,17.740000000000006,8.66,14.01
64106,27,2,4,2014,24.86333333333333,17.2,8.24,13.49
64107,27,3,4,2014,24.19333333333334,17.94,8.96,14.27
64108,27,4,4,2014,23.849999999999994,18.6,9.47,14.87
64109,27,5,4,2014,23.402500000000003,19.86,9.85,15.74
64110,27,6,4,2014,22.91333333333333,19.61,9.8,15.6
64111,27,7,4,2014,22.623333333333335,17.650000000000006,8.56,13.93
64112,27,8,4,2014,22.441666666666666,17.13,8.93,13.68
64113,27,9,4,2014,22.180833333333336,17.66,8.84,13.99
64114,27,10,4,2014,21.903333333333336,17.14,8.49,13.53
64115,27,11,4,2014,21.772499999999997,15.76,7.79,12.49
64116,27,12,4,2014,21.742500000000003,16.92,8.61,13.58
64117,27,13,4,2014,21.936666666666667,19.79,11.67,16.5
64118,27,14,4,2014,21.613333333333333,17.62,11.73,14.96
64119,27,15,4,2014,18.52333333333333,17.900000000000006,10.9,14.68
64120,27,16,4,2014,22.20583333333333,16.41,11.5,14.33
64121,27,17,4,2014,24.250833333333333,16.29,12.03,14.58
64122,27,18,4,2014,25.026666666666667,15.75,11.89,14.28
64123,27,19,4,2014,25.482499999999998,17.86,11.94,15.53
64124,27,20,4,2014,26.138333333333335,20.08,13.34,17.38
64125,27,21,4,2014,26.509166666666662,19.03,13.25,16.54
64126,27,22,4,2014,26.248333333333335,18.56,11.46,15.83
64127,27,23,4,2014,24.56833333333333,19.39,8.92,15.28
64128,28,0,4,2014,22.578333333333333,17.43,7.88,13.72
64129,28,1,4,2014,20.778333333333336,13.61,5.46,9.92
64130,28,2,4,2014,19.563333333333336,12.72,5.12,9.09
64131,28,3,4,2014,19.044999999999998,14.17,5.82,10.53
64132,28,4,4,2014,18.587500000000002,15.28,6.91,11.47
64133,28,5,4,2014,17.35166666666667,13.22,5.92,10.15
64134,28,6,4,2014,16.581666666666667,13.93,6.13,10.67
64135,28,7,4,2014,15.887499999999998,14.66,6.74,11.42
64136,28,8,4,2014,15.365833333333333,15.08,6.92,11.76
64137,28,9,4,2014,14.462499999999999,14.11,6.95,11.16
64138,28,10,4,2014,14.068333333333333,12.89,6.1400000000000015,10.16
64139,28,11,4,2014,13.7525,11.92,5.76,9.28
64140,28,12,4,2014,14.497499999999997,11.73,5.6000000000000005,9.15
64141,28,13,4,2014,16.159166666666668,8.59,6.12,7.46
64142,28,14,4,2014,16.857499999999998,8.76,7.1000000000000005,8.19
64143,28,15,4,2014,16.888333333333332,8.97,7.55,8.540000000000001
64144,28,16,4,2014,16.6575,10.84,8.92,10.32
64145,28,17,4,2014,16.515833333333337,11.39,9.22,10.72
64146,28,18,4,2014,15.4625,10.19,8.370000000000001,9.62
64147,28,19,4,2014,15.120833333333332,9.94,7.94,9.3
64148,28,20,4,2014,15.088333333333333,9.48,7.62,8.85
64149,28,21,4,2014,15.330833333333333,9.66,7.9,9.12
64150,28,22,4,2014,15.426666666666664,10.23,7.63,9.25
64151,28,23,4,2014,14.542499999999999,11.16,7.58,9.65
64152,29,0,4,2014,13.355833333333331,9.85,6.98,8.8
64153,29,1,4,2014,12.773333333333333,7.8900000000000015,5.23,6.7700000000000005
64154,29,2,4,2014,12.972500000000002,7.07,4.49,5.92
64155,29,3,4,2014,12.564999999999998,6.46,4.43,5.69
64156,29,4,4,2014,12.524166666666668,3.85,2.87,3.49
64157,29,5,4,2014,12.620000000000003,4.01,2.16,2.66
64158,29,6,4,2014,12.799999999999999,4.17,1.64,2.57
64159,29,7,4,2014,12.734166666666667,3.2,1.79,2.5
64160,29,8,4,2014,12.568333333333333,3.77,1.8,2.64
64161,29,9,4,2014,12.469999999999999,5.48,2.92,4.17
64162,29,10,4,2014,12.597500000000002,5.8,2.79,4.32
64163,29,11,4,2014,12.365833333333333,8.26,4.59,6.72
64164,29,12,4,2014,10.936666666666666,9.26,5.03,7.24
64165,29,13,4,2014,10.352500000000001,13.92,8.2,11.66
64166,29,14,4,2014,9.865833333333333,14.17,8.700000000000001,12.03
64167,29,15,4,2014,9.024166666666668,13.96,8.84,11.94
64168,29,16,4,2014,8.736666666666666,13.85,9.06,12.0
64169,29,17,4,2014,8.713333333333333,14.01,9.41,12.23
64170,29,18,4,2014,9.48916666666667,13.96,9.99,12.42
64171,29,19,4,2014,9.488333333333333,14.5,10.25,12.93
64172,29,20,4,2014,9.971666666666666,14.48,10.18,12.95
64173,29,21,4,2014,9.728333333333333,13.87,9.38,12.18
64174,29,22,4,2014,9.179166666666665,13.93,8.77,11.96
64175,29,23,4,2014,8.741666666666669,13.91,8.700000000000001,11.91
64176,30,0,4,2014,8.103333333333333,13.56,7.69,11.16
64177,30,1,4,2014,7.922499999999999,13.56,7.33,11.15
64178,30,2,4,2014,7.714166666666667,11.7,6.49,9.58
64179,30,3,4,2014,7.55,12.17,6.92,10.15
64180,30,4,4,2014,7.2491666666666665,13.05,7.3900000000000015,10.85
64181,30,5,4,2014,7.142500000000001,12.67,6.93,10.36
64182,30,6,4,2014,6.971666666666667,11.91,6.29,9.64
64183,30,7,4,2014,6.799166666666667,11.93,6.79,9.9
64184,30,8,4,2014,6.628333333333334,12.18,7.04,10.1
64185,30,9,4,2014,6.6375,12.74,7.4,10.71
64186,30,10,4,2014,6.403333333333333,12.74,7.46,10.76
64187,30,11,4,2014,5.833333333333335,12.72,7.48,10.71
64188,30,12,4,2014,5.956666666666667,13.59,7.62,11.28
64189,30,13,4,2014,6.569166666666667,12.73,8.49,10.93
64190,30,14,4,2014,7.3308333333333335,12.24,8.99,10.85
64191,30,15,4,2014,8.334166666666667,12.04,9.19,10.94
64192,30,16,4,2014,9.166666666666666,12.1,9.36,11.09
64193,30,17,4,2014,10.1825,11.7,9.25,10.87
64194,30,18,4,2014,10.110833333333334,13.77,9.6,12.28
64195,30,19,4,2014,11.604999999999999,12.95,10.09,11.93
64196,30,20,4,2014,11.020833333333334,13.84,10.02,12.33
64197,30,21,4,2014,10.843333333333334,14.95,11.16,13.73
64198,30,22,4,2014,10.848333333333331,13.27,10.07,12.13
64199,30,23,4,2014,10.2425,12.93,8.56,11.13
64200,1,0,5,2014,9.725833333333336,12.23,7.36,10.01
64201,1,1,5,2014,8.973333333333334,10.39,4.57,8.13
64202,1,2,5,2014,8.925,10.7,4.89,8.46
64203,1,3,5,2014,8.459999999999999,11.49,5.14,9.03
64204,1,4,5,2014,7.945833333333333,11.39,5.15,8.89
64205,1,5,5,2014,7.213333333333332,11.24,4.91,8.75
64206,1,6,5,2014,6.71,11.27,4.92,8.6
64207,1,7,5,2014,6.391666666666666,11.65,5.08,9.04
64208,1,8,5,2014,5.941666666666667,11.45,4.92,8.77
64209,1,9,5,2014,5.480000000000001,11.87,5.05,9.09
64210,1,10,5,2014,5.365833333333334,12.23,5.0600000000000005,9.39
64211,1,11,5,2014,5.710833333333333,12.51,5.58,9.93
64212,1,12,5,2014,6.3075,12.43,6.28,10.01
64213,1,13,5,2014,6.863333333333334,11.76,7.88,10.12
64214,1,14,5,2014,6.841666666666666,11.45,7.85,9.99
64215,1,15,5,2014,7.480833333333334,10.96,7.96,9.76
64216,1,16,5,2014,8.445833333333333,10.32,8.32,9.55
64217,1,17,5,2014,9.785833333333334,11.19,8.78,10.33
64218,1,18,5,2014,10.34,11.5,9.11,10.69
64219,1,19,5,2014,11.173333333333334,11.19,8.69,10.42
64220,1,20,5,2014,11.499166666666666,10.43,8.11,9.65
64221,1,21,5,2014,11.441666666666668,10.81,8.11,9.8
64222,1,22,5,2014,11.48916666666667,10.27,7.85,9.44
64223,1,23,5,2014,11.078333333333333,9.4,6.5,8.19
64224,2,0,5,2014,10.075833333333334,10.21,6.42,8.36
64225,2,1,5,2014,7.945,9.14,3.81,7.04
64226,2,2,5,2014,7.109999999999999,8.08,3.92,6.93
64227,2,3,5,2014,6.160833333333334,7.36,3.48,5.83
64228,2,4,5,2014,5.443333333333335,6.96,3.09,5.37
64229,2,5,5,2014,5.450833333333333,5.95,3.46,5.22
64230,2,6,5,2014,5.273333333333333,5.95,3.54,5.07
64231,2,7,5,2014,5.156666666666667,5.16,3.64,5.26
64232,2,8,5,2014,4.696666666666666,6.24,3.84,5.51
64233,2,9,5,2014,4.678333333333333,8.33,4.17,6.5
64234,2,10,5,2014,4.805833333333333,8.950000000000003,4.25,6.55
64235,2,11,5,2014,4.995,9.09,4.53,7.24
64236,2,12,5,2014,5.800833333333333,10.25,5.18,7.72
64237,2,13,5,2014,8.089166666666669,9.93,5.63,7.68
64238,2,14,5,2014,11.065833333333332,7.52,5.61,6.59
64239,2,15,5,2014,13.495000000000003,7.01,5.69,6.44
64240,2,16,5,2014,15.480833333333335,7.04,5.99,6.7
64241,2,17,5,2014,16.939166666666665,7.79,6.68,7.49
64242,2,18,5,2014,18.078333333333337,7.97,6.8,7.63
64243,2,19,5,2014,19.0825,8.2,6.92,7.79
64244,2,20,5,2014,20.125833333333333,9.39,7.71,8.89
64245,2,21,5,2014,20.655,9.5,7.68,8.96
64246,2,22,5,2014,21.177500000000002,9.4,7.28,8.700000000000001
64247,2,23,5,2014,21.019166666666667,9.57,6.79,8.48
64248,3,0,5,2014,19.722499999999997,10.41,4.82,7.9
64249,3,1,5,2014,18.594166666666663,10.54,4.6000000000000005,7.72
64250,3,2,5,2014,17.995833333333334,11.41,4.84,7.8900000000000015
64251,3,3,5,2014,17.336666666666666,7.53,3.0500000000000003,5.62
64252,3,4,5,2014,16.052500000000002,5.15,2.47,3.79
64253,3,5,5,2014,15.4475,5.22,2.57,4.0200000000000005
64254,3,6,5,2014,14.9225,5.1000000000000005,2.61,4.16
64255,3,7,5,2014,14.60666666666667,3.66,1.54,3.13
64256,3,8,5,2014,14.629166666666668,3.86,1.03,2.26
64257,3,9,5,2014,14.431666666666665,4.15,1.86,3.08
64258,3,10,5,2014,14.394166666666665,4.49,1.99,3.31
64259,3,11,5,2014,14.194166666666662,4.3,1.93,3.51
64260,3,12,5,2014,15.025833333333333,3.06,1.51,2.66
64261,3,13,5,2014,16.366666666666667,2.17,1.89,2.01
64262,3,14,5,2014,17.150833333333335,1.52,1.44,1.45
64263,3,15,5,2014,17.675833333333337,0.99,1.02,0.98
64264,3,16,5,2014,18.6725,0.84,1.01,0.94
64265,3,17,5,2014,19.665000000000003,0.71,0.79,0.74
64266,3,18,5,2014,20.6825,0.6,0.62,0.5700000000000001
64267,3,19,5,2014,21.691666666666666,0.43,0.62,0.55
64268,3,20,5,2014,22.915833333333328,2.46,2.37,2.43
64269,3,21,5,2014,23.719166666666666,2.82,2.66,2.79
64270,3,22,5,2014,24.00166666666667,3.43,3.16,3.38
64271,3,23,5,2014,24.00916666666667,2.85,2.43,2.78
64272,4,0,5,2014,22.988333333333333,4.68,2.82,4.08
64273,4,1,5,2014,21.61583333333333,6.18,2.94,4.7700000000000005
64274,4,2,5,2014,20.720833333333335,7.69,2.72,5.37
64275,4,3,5,2014,20.129166666666666,8.2,2.82,5.6000000000000005
64276,4,4,5,2014,19.578333333333333,8.94,3.3000000000000003,6.58
64277,4,5,5,2014,19.051666666666666,9.05,3.41,6.69
64278,4,6,5,2014,18.43583333333333,9.57,3.56,6.87
64279,4,7,5,2014,17.715,8.66,3.9,6.3500000000000005
64280,4,8,5,2014,17.183333333333334,9.45,4.5600000000000005,7.37
64281,4,9,5,2014,16.640833333333333,8.43,4.11,6.6400000000000015
64282,4,10,5,2014,15.951666666666668,9.23,4.33,7.28
64283,4,11,5,2014,15.325833333333335,11.07,5.14,8.75
64284,4,12,5,2014,15.490833333333333,12.34,6.74,9.98
64285,4,13,5,2014,17.095,10.83,7.41,9.6
64286,4,14,5,2014,19.400000000000002,7.91,6.22,7.18
64287,4,15,5,2014,21.794166666666666,7.6,6.18,7.05
64288,4,16,5,2014,23.201666666666668,6.54,5.73,6.33
64289,4,17,5,2014,24.281666666666666,7.34,6.41,7.11
64290,4,18,5,2014,25.29416666666667,7.23,6.26,6.96
64291,4,19,5,2014,26.12666666666667,6.87,5.96,6.61
64292,4,20,5,2014,26.771666666666672,7.04,6.07,6.78
64293,4,21,5,2014,26.49083333333334,9.84,7.95,9.21
64294,4,22,5,2014,24.804166666666664,10.34,7.94,9.49
64295,4,23,5,2014,23.62,11.01,7.92,9.63
64296,5,0,5,2014,22.1125,12.05,7.27,9.73
64297,5,1,5,2014,20.608333333333334,13.2,6.49,10.58
64298,5,2,5,2014,19.165,14.0,7.82,11.57
64299,5,3,5,2014,17.92666666666667,14.03,7.54,11.47
64300,5,4,5,2014,17.008333333333333,12.63,7.49,10.54
64301,5,5,5,2014,16.641666666666666,12.17,6.42,10.0
64302,5,6,5,2014,16.304999999999996,10.2,5.3500000000000005,8.38
64303,5,7,5,2014,16.005000000000003,8.76,4.48,7.21
64304,5,8,5,2014,15.667500000000002,7.55,4.26,6.32
64305,5,9,5,2014,15.174166666666666,8.77,4.98,7.3900000000000015
64306,5,10,5,2014,14.535000000000002,8.74,4.99,7.3900000000000015
64307,5,11,5,2014,13.920833333333333,8.73,4.84,7.29
64308,5,12,5,2014,14.035000000000004,8.73,5.46,7.5
64309,5,13,5,2014,14.976666666666667,8.03,5.97,7.2
64310,5,14,5,2014,16.566666666666666,7.4,5.9,6.72
64311,5,15,5,2014,18.49583333333333,7.43,6.17,6.93
64312,5,16,5,2014,20.319999999999997,7.6400000000000015,6.44,7.21
64313,5,17,5,2014,21.74083333333333,7.86,6.62,7.43
64314,5,18,5,2014,22.92333333333333,7.81,6.6400000000000015,7.43
64315,5,19,5,2014,23.8325,7.68,6.54,7.32
64316,5,20,5,2014,24.328333333333333,7.9,6.73,7.58
64317,5,21,5,2014,24.34166666666667,7.86,6.57,7.48
64318,5,22,5,2014,23.727499999999996,8.24,6.74,7.78
64319,5,23,5,2014,23.03916666666667,8.69,6.5200000000000005,7.75
64320,6,0,5,2014,21.87333333333333,9.76,6.03,7.8
64321,6,1,5,2014,20.764166666666668,10.04,4.96,7.95
64322,6,2,5,2014,19.7075,11.21,5.3,8.88
64323,6,3,5,2014,18.8325,11.17,5.42,8.93
64324,6,4,5,2014,18.210833333333333,11.15,5.48,8.98
64325,6,5,5,2014,17.773333333333333,10.57,5.32,8.540000000000001
64326,6,6,5,2014,17.364166666666666,11.46,5.58,9.19
64327,6,7,5,2014,16.91,12.08,6.16,9.83
64328,6,8,5,2014,16.43833333333333,11.92,6.04,9.64
64329,6,9,5,2014,15.931666666666667,11.75,5.83,9.49
64330,6,10,5,2014,15.490833333333333,11.84,5.78,9.52
64331,6,11,5,2014,15.325000000000001,11.87,5.9,9.58
64332,6,12,5,2014,16.026666666666667,11.69,6.26,9.57
64333,6,13,5,2014,18.253333333333334,8.88,5.75,7.65
64334,6,14,5,2014,21.61333333333333,7.1000000000000005,5.58,6.51
64335,6,15,5,2014,25.378333333333334,6.91,5.86,6.6000000000000005
64336,6,16,5,2014,27.343333333333334,7.71,6.48,7.33
64337,6,17,5,2014,28.677499999999995,7.78,6.6000000000000005,7.44
64338,6,18,5,2014,29.89333333333333,8.36,7.0600000000000005,7.99
64339,6,19,5,2014,30.735,9.63,7.9300000000000015,9.12
64340,6,20,5,2014,31.44750000000001,10.07,8.15,9.45
64341,6,21,5,2014,31.476666666666663,11.18,8.53,10.18
64342,6,22,5,2014,25.435,26.17,18.45,23.18
64343,6,23,5,2014,27.88083333333333,23.18,13.41,18.26
64344,7,0,5,2014,24.764166666666664,21.2,10.59,16.990000000000002
64345,7,1,5,2014,25.545833333333334,15.71,7.47,12.07
64346,7,2,5,2014,26.37833333333334,15.98,7.24,12.2
64347,7,3,5,2014,25.689166666666665,17.400000000000002,8.64,13.71
64348,7,4,5,2014,24.507499999999997,17.14,8.56,13.61
64349,7,5,5,2014,24.034999999999997,16.43,7.99,12.92
64350,7,6,5,2014,23.956666666666667,17.2,8.620000000000001,13.61
64351,7,7,5,2014,23.6675,18.22,8.9,14.27
64352,7,8,5,2014,23.10083333333333,15.43,7.47,12.23
64353,7,9,5,2014,22.863333333333333,14.43,7.67,11.64
64354,7,10,5,2014,22.769166666666667,14.81,8.41,12.11
64355,7,11,5,2014,22.354166666666668,15.65,8.73,12.75
64356,7,12,5,2014,22.055833333333336,15.31,9.0,12.52
64357,7,13,5,2014,22.959166666666672,14.85,9.69,12.75
64358,7,14,5,2014,24.420833333333334,13.8,9.47,12.06
64359,7,15,5,2014,26.364166666666666,12.32,9.08,11.0
64360,7,16,5,2014,28.105833333333333,11.52,9.03,10.61
64361,7,17,5,2014,29.663333333333338,11.08,8.8,10.27
64362,7,18,5,2014,30.95583333333333,11.5,9.13,10.67
64363,7,19,5,2014,31.794166666666666,12.57,9.77,11.57
64364,7,20,5,2014,32.55833333333334,12.71,9.69,11.6
64365,7,21,5,2014,33.17083333333334,13.81,9.65,12.17
64366,7,22,5,2014,32.8975,15.02,9.93,13.01
64367,7,23,5,2014,31.895833333333332,13.04,8.48,10.8
64368,8,0,5,2014,30.118333333333336,16.23,7.59,12.52
64369,8,1,5,2014,28.530833333333334,17.400000000000002,7.67,13.02
64370,8,2,5,2014,24.11333333333333,25.26,13.21,19.88
64371,8,3,5,2014,24.718333333333334,21.53,8.91,16.09
64372,8,4,5,2014,24.769999999999996,19.89,9.22,15.47
64373,8,5,5,2014,24.48583333333333,22.8,10.73,17.31
64374,8,6,5,2014,22.844166666666666,17.330000000000002,8.63,13.64
64375,8,7,5,2014,22.450000000000003,16.17,8.13,12.89
64376,8,8,5,2014,22.051666666666666,15.02,7.44,11.95
64377,8,9,5,2014,22.251666666666665,15.31,7.49,12.05
64378,8,10,5,2014,22.54416666666667,15.21,7.63,11.95
64379,8,11,5,2014,22.996666666666666,14.49,7.25,11.43
64380,8,12,5,2014,22.886666666666667,19.75,11.64,16.25
64381,8,13,5,2014,22.77916666666667,19.4,8.58,14.65
64382,8,14,5,2014,24.085833333333337,12.99,8.14,10.73
64383,8,15,5,2014,26.054166666666664,13.61,10.05,12.19
64384,8,16,5,2014,26.63083333333333,12.86,9.74,11.68
64385,8,17,5,2014,27.460833333333337,13.16,10.35,12.19
64386,8,18,5,2014,28.288333333333338,13.28,10.46,12.36
64387,8,19,5,2014,29.402500000000003,13.08,10.32,12.19
64388,8,20,5,2014,28.111666666666668,18.04,13.58,16.72
64389,8,21,5,2014,28.97916666666666,15.13,11.04,13.56
64390,8,22,5,2014,27.83583333333333,16.43,10.79,14.27
64391,8,23,5,2014,27.745,12.98,8.41,10.95
64392,9,0,5,2014,25.470833333333335,13.87,6.88,11.13
64393,9,1,5,2014,23.294166666666666,15.22,8.03,12.49
64394,9,2,5,2014,21.200833333333332,15.17,8.68,12.48
64395,9,3,5,2014,19.1025,12.15,7.63,10.41
64396,9,4,5,2014,16.8375,11.96,7.46,10.28
64397,9,5,5,2014,14.99416666666667,10.57,6.33,8.82
64398,9,6,5,2014,14.05916666666667,9.5,6.29,8.22
64399,9,7,5,2014,13.499999999999998,10.19,6.2700000000000005,8.620000000000001
64400,9,8,5,2014,13.049999999999999,8.540000000000001,5.1000000000000005,7.1400000000000015
64401,9,9,5,2014,12.674999999999999,7.75,5.23,6.7700000000000005
64402,9,10,5,2014,12.391666666666666,7.61,5.0600000000000005,6.57
64403,9,11,5,2014,11.8425,9.08,5.87,7.9
64404,9,12,5,2014,11.5875,7.9,5.19,6.83
64405,9,13,5,2014,12.237499999999999,7.08,5.54,6.42
64406,9,14,5,2014,13.256666666666668,6.88,5.67,6.41
64407,9,15,5,2014,14.531666666666666,6.21,5.29,5.87
64408,9,16,5,2014,15.844999999999999,5.76,5.0200000000000005,5.49
64409,9,17,5,2014,17.410833333333333,5.2700000000000005,4.74,5.11
64410,9,18,5,2014,18.553333333333338,6.05,5.42,5.9
64411,9,19,5,2014,19.794999999999998,6.34,5.63,6.16
64412,9,20,5,2014,20.5525,7.12,6.25,6.93
64413,9,21,5,2014,21.121666666666666,6.46,5.66,6.29
64414,9,22,5,2014,21.656666666666663,6.78,5.67,6.46
64415,9,23,5,2014,21.63083333333334,4.47,3.83,4.26
64416,10,0,5,2014,21.308333333333334,2.85,2.26,2.63
64417,10,1,5,2014,20.88166666666667,4.0,2.7,3.59
64418,10,2,5,2014,20.545833333333334,5.8500000000000005,2.98,4.75
64419,10,3,5,2014,20.344166666666666,8.040000000000001,3.8,6.16
64420,10,4,5,2014,20.18666666666667,9.39,4.51,7.3900000000000015
64421,10,5,5,2014,19.9175,10.49,4.9,8.21
64422,10,6,5,2014,19.75166666666667,11.55,5.84,9.0
64423,10,7,5,2014,19.6,12.45,6.03,9.86
64424,10,8,5,2014,19.467499999999998,10.97,5.33,8.67
64425,10,9,5,2014,19.581666666666667,10.43,5.18,8.08
64426,10,10,5,2014,19.47,11.41,5.18,8.83
64427,10,11,5,2014,19.456666666666667,11.54,5.61,9.07
64428,10,12,5,2014,19.493333333333332,10.73,5.55,8.59
64429,10,13,5,2014,20.445833333333336,11.55,7.38,9.83
64430,10,14,5,2014,22.00583333333333,11.13,8.14,9.87
64431,10,15,5,2014,23.820000000000007,10.73,8.13,9.67
64432,10,16,5,2014,25.39333333333333,10.35,8.33,9.66
64433,10,17,5,2014,26.709999999999997,11.04,8.91,10.35
64434,10,18,5,2014,27.77,10.99,8.870000000000003,10.3
64435,10,19,5,2014,28.574166666666667,9.7,8.05,9.22
64436,10,20,5,2014,29.6275,9.72,7.96,9.21
64437,10,21,5,2014,30.310833333333335,12.0,9.31,11.1
64438,10,22,5,2014,30.195000000000007,12.08,8.86,10.86
64439,10,23,5,2014,29.319999999999997,8.81,6.58,7.98
64440,11,0,5,2014,27.68166666666667,8.22,4.34,6.21
64441,11,1,5,2014,26.247500000000002,7.44,3.5700000000000003,5.68
64442,11,2,5,2014,24.752499999999998,7.97,3.49,5.91
64443,11,3,5,2014,23.52916666666667,6.48,3.77,5.13
64444,11,4,5,2014,23.278333333333336,7.21,3.77,5.48
64445,11,5,5,2014,22.145,12.01,6.24,9.45
64446,11,6,5,2014,21.36333333333333,14.37,7.21,11.69
64447,11,7,5,2014,20.8475,13.03,6.26,10.3
64448,11,8,5,2014,21.346666666666664,13.39,6.41,10.49
64449,11,9,5,2014,21.485000000000003,14.28,6.8,11.28
64450,11,10,5,2014,20.66916666666666,15.2,7.1400000000000015,11.98
64451,11,11,5,2014,20.386666666666667,15.11,7.21,11.95
64452,11,12,5,2014,21.18583333333333,14.01,8.22,11.39
64453,11,13,5,2014,23.235833333333332,13.91,9.74,12.2
64454,11,14,5,2014,24.748333333333335,14.71,10.75,13.1
64455,11,15,5,2014,26.171666666666663,15.4,11.23,13.72
64456,11,16,5,2014,27.166666666666668,18.03,12.66,16.13
64457,11,17,5,2014,28.183333333333326,18.45,12.71,16.330000000000002
64458,11,18,5,2014,29.02666666666666,17.86,12.37,15.82
64459,11,19,5,2014,29.763333333333335,15.93,11.91,14.41
64460,11,20,5,2014,30.07416666666666,18.27,12.67,16.15
64461,11,21,5,2014,30.134999999999994,21.67,13.57,18.49
64462,11,22,5,2014,29.727500000000006,20.88,13.45,18.05
64463,11,23,5,2014,29.03916666666667,19.3,11.93,16.45
64464,12,0,5,2014,19.82166666666667,23.15,15.24,19.64
64465,12,1,5,2014,18.209166666666672,10.17,5.18,8.01
64466,12,2,5,2014,18.969166666666666,12.92,7.1000000000000005,9.83
64467,12,3,5,2014,19.180833333333336,13.1,7.1000000000000005,10.12
64468,12,4,5,2014,20.781666666666666,13.66,7.76,10.51
64469,12,5,5,2014,19.42833333333333,16.13,9.01,13.06
64470,12,6,5,2014,18.409166666666668,18.06,10.42,14.41
64471,12,7,5,2014,17.6725,20.64,12.29,16.52
64472,12,8,5,2014,18.219999999999995,25.13,14.0,20.33
64473,12,9,5,2014,18.14166666666667,11.31,4.64,7.54
64474,12,10,5,2014,17.76833333333333,8.32,3.68,5.75
64475,12,11,5,2014,17.485833333333332,7.51,5.0,6.34
64476,12,12,5,2014,17.549166666666665,6.55,4.05,5.3100000000000005
64477,12,13,5,2014,17.125833333333336,6.6400000000000015,5.18,6.19
64478,12,14,5,2014,14.970833333333333,7.56,5.73,6.96
64479,12,15,5,2014,13.8125,8.47,5.91,7.5
64480,12,16,5,2014,13.674999999999999,9.23,6.3500000000000005,8.15
64481,12,17,5,2014,13.7475,9.35,6.68,8.370000000000001
64482,12,18,5,2014,13.807500000000003,10.14,7.27,8.92
64483,12,19,5,2014,13.346666666666666,11.27,7.75,9.92
64484,12,20,5,2014,12.578333333333333,11.91,8.040000000000001,10.4
64485,12,21,5,2014,11.799166666666665,13.03,8.51,11.23
64486,12,22,5,2014,11.227500000000001,13.03,8.47,11.25
64487,12,23,5,2014,10.946666666666667,12.4,7.97,10.56
64488,13,0,5,2014,10.641666666666666,12.56,7.82,10.64
64489,13,1,5,2014,10.362499999999999,12.42,7.7,10.5
64490,13,2,5,2014,10.15,12.25,7.65,10.4
64491,13,3,5,2014,10.081666666666667,12.36,7.69,10.44
64492,13,4,5,2014,10.026666666666667,13.13,8.290000000000001,11.11
64493,13,5,5,2014,9.964166666666667,11.98,7.54,10.12
64494,13,6,5,2014,9.963333333333333,11.79,7.41,9.97
64495,13,7,5,2014,9.963333333333335,11.15,7.07,9.42
64496,13,8,5,2014,9.795000000000002,11.58,7.08,9.55
64497,13,9,5,2014,9.773333333333333,13.72,8.19,11.56
64498,13,10,5,2014,9.603333333333333,13.67,8.03,11.47
64499,13,11,5,2014,9.615,12.44,6.28,10.12
64500,13,12,5,2014,9.853333333333333,12.1,7.44,9.94
64501,13,13,5,2014,10.507499999999999,11.42,8.22,10.08
64502,13,14,5,2014,11.4975,11.21,8.34,9.96
64503,13,15,5,2014,12.435,11.27,8.75,10.35
64504,13,16,5,2014,13.265833333333333,11.45,9.05,10.63
64505,13,17,5,2014,14.273333333333333,10.9,8.700000000000001,10.16
64506,13,18,5,2014,15.238333333333335,10.28,8.39,9.68
64507,13,19,5,2014,15.89,10.2,8.41,9.67
64508,13,20,5,2014,16.275833333333335,10.1,8.290000000000001,9.57
64509,13,21,5,2014,16.535,10.1,8.08,9.48
64510,13,22,5,2014,16.385833333333338,10.35,8.08,9.58
64511,13,23,5,2014,16.05416666666667,9.97,6.65,8.76
64512,14,0,5,2014,15.621666666666664,9.96,5.39,8.1
64513,14,1,5,2014,15.3025,7.1400000000000015,3.44,5.36
64514,14,2,5,2014,15.066666666666668,6.38,2.59,4.79
64515,14,3,5,2014,14.805833333333332,5.8,2.49,4.53
64516,14,4,5,2014,14.475833333333334,5.82,2.61,4.6000000000000005
64517,14,5,5,2014,14.274166666666666,4.92,2.19,3.53
64518,14,6,5,2014,14.070833333333331,6.73,3.17,5.29
64519,14,7,5,2014,13.888333333333334,6.79,3.15,5.25
64520,14,8,5,2014,13.6225,6.54,3.12,5.25
64521,14,9,5,2014,13.3175,6.92,3.52,5.65
64522,14,10,5,2014,13.157499999999999,6.03,3.0,4.84
64523,14,11,5,2014,13.023333333333335,5.58,2.86,4.5200000000000005
64524,14,12,5,2014,13.134166666666665,6.57,4.88,5.9
64525,14,13,5,2014,13.5875,7.5,5.87,6.91
64526,14,14,5,2014,14.05833333333333,7.7,6.38,7.29
64527,14,15,5,2014,14.660000000000002,7.7,6.46,7.33
64528,14,16,5,2014,15.315833333333332,6.78,5.99,6.63
64529,14,17,5,2014,16.041666666666668,6.72,5.88,6.51
64530,14,18,5,2014,16.869166666666665,7.07,6.13,6.82
64531,14,19,5,2014,17.39166666666667,7.72,6.6000000000000005,7.41
64532,14,20,5,2014,17.72,6.34,5.54,6.18
64533,14,21,5,2014,17.785833333333336,6.93,6.0600000000000005,6.7700000000000005
64534,14,22,5,2014,17.798333333333336,4.93,4.39,4.82
64535,14,23,5,2014,17.680833333333336,2.69,2.19,2.54
64536,15,0,5,2014,17.244999999999997,2.85,2.2,2.65
64537,15,1,5,2014,16.611666666666668,3.63,2.22,3.03
64538,15,2,5,2014,16.249166666666667,12.65,4.82,9.49
64539,15,3,5,2014,14.449166666666665,13.53,7.48,11.08
64540,15,4,5,2014,12.739166666666668,11.88,7.75,10.54
64541,15,5,5,2014,11.734166666666667,8.8,5.2700000000000005,7.5
64542,15,6,5,2014,11.832500000000001,4.82,2.48,3.74
64543,15,7,5,2014,11.738333333333335,5.25,3.16,4.5200000000000005
64544,15,8,5,2014,11.878333333333336,10.11,4.7700000000000005,8.23
64545,15,9,5,2014,11.648333333333333,11.33,6.2,9.62
64546,15,10,5,2014,10.8275,11.46,6.48,9.68
64547,15,11,5,2014,10.520833333333334,9.33,5.4,7.87
64548,15,12,5,2014,10.315,10.9,7.17,9.63
64549,15,13,5,2014,10.3925,10.25,7.9300000000000015,9.44
64550,15,14,5,2014,10.680833333333334,13.01,10.03,11.99
64551,15,15,5,2014,11.2875,11.47,9.08,10.64
64552,15,16,5,2014,12.012500000000001,11.66,9.43,10.97
64553,15,17,5,2014,12.810833333333333,11.24,9.31,10.68
64554,15,18,5,2014,13.4275,11.56,9.5,10.95
64555,15,19,5,2014,13.589999999999998,12.1,9.85,11.45
64556,15,20,5,2014,13.825000000000001,11.83,9.54,11.12
64557,15,21,5,2014,13.645000000000001,11.14,8.83,10.39
64558,15,22,5,2014,13.460833333333339,9.84,7.85,9.24
64559,15,23,5,2014,12.8975,10.29,7.91,9.49
64560,16,0,5,2014,12.511666666666665,9.99,6.59,8.75
64561,16,1,5,2014,11.963333333333333,9.6,5.88,8.22
64562,16,2,5,2014,11.768333333333333,8.15,4.7700000000000005,6.72
64563,16,3,5,2014,11.555833333333332,7.3,4.28,6.08
64564,16,4,5,2014,10.957500000000001,6.88,3.91,5.72
64565,16,5,5,2014,10.493333333333332,4.6000000000000005,2.79,3.89
64566,16,6,5,2014,10.2725,3.87,2.17,3.18
64567,16,7,5,2014,9.945,2.95,1.79,2.49
64568,16,8,5,2014,9.765,1.49,0.5,1.06
64569,16,9,5,2014,9.769166666666667,2.89,1.46,2.09
64570,16,10,5,2014,9.609999999999998,3.46,1.78,2.43
64571,16,11,5,2014,9.575000000000001,4.41,1.45,3.21
64572,16,12,5,2014,9.959166666666668,3.69,2.85,3.18
64573,16,13,5,2014,10.489166666666666,4.2700000000000005,3.64,4.0600000000000005
64574,16,14,5,2014,11.149166666666666,4.61,4.0600000000000005,4.43
64575,16,15,5,2014,11.883333333333333,4.49,4.04,4.34
64576,16,16,5,2014,12.614166666666668,4.09,3.82,4.03
64577,16,17,5,2014,13.540833333333333,3.95,3.64,3.84
64578,16,18,5,2014,14.347499999999998,4.24,3.92,4.15
64579,16,19,5,2014,15.555833333333332,3.69,3.49,3.66
64580,16,20,5,2014,16.139166666666668,5.91,5.2700000000000005,5.79
64581,16,21,5,2014,15.913333333333334,4.46,4.1,4.39
64582,16,22,5,2014,15.329999999999998,5.19,4.69,5.12
64583,16,23,5,2014,15.024166666666668,3.12,2.72,3.0
64584,17,0,5,2014,14.660000000000002,3.28,2.65,3.15
64585,17,1,5,2014,14.245833333333332,2.77,2.16,2.7
64586,17,2,5,2014,14.017499999999998,2.34,1.45,2.14
64587,17,3,5,2014,13.707499999999998,1.86,1.27,1.83
64588,17,4,5,2014,13.507500000000002,2.98,2.05,2.64
64589,17,5,5,2014,12.88583333333333,4.95,2.26,3.19
64590,17,6,5,2014,12.3725,5.51,1.68,3.7
64591,17,7,5,2014,12.013333333333335,5.57,1.8,3.7
64592,17,8,5,2014,11.731666666666667,5.65,1.64,3.5500000000000003
64593,17,9,5,2014,11.519166666666669,5.42,2.44,3.83
64594,17,10,5,2014,11.284166666666666,5.42,2.36,3.94
64595,17,11,5,2014,11.0875,4.89,1.91,3.41
64596,17,12,5,2014,11.831666666666669,3.53,1.51,3.09
64597,17,13,5,2014,12.832499999999998,1.9,1.81,1.87
64598,17,14,5,2014,13.472499999999998,1.92,1.86,1.9
64599,17,15,5,2014,13.917499999999999,2.44,2.45,2.5
64600,17,16,5,2014,14.295833333333334,1.51,1.63,1.6
64601,17,17,5,2014,14.968333333333334,1.81,1.85,1.84
64602,17,18,5,2014,16.084166666666665,2.28,2.36,2.37
64603,17,19,5,2014,16.761666666666667,3.49,3.36,3.5
64604,17,20,5,2014,17.249166666666667,2.07,1.92,1.99
64605,17,21,5,2014,17.7925,2.68,2.5,2.63
64606,17,22,5,2014,17.8575,2.8000000000000003,2.65,2.79
64607,17,23,5,2014,17.776666666666667,3.0700000000000003,2.63,2.98
64608,18,0,5,2014,17.192500000000003,4.75,2.85,3.71
64609,18,1,5,2014,16.4,5.72,2.5,3.99
64610,18,2,5,2014,15.914166666666667,7.28,3.6,5.69
64611,18,3,5,2014,15.494166666666667,8.44,4.0600000000000005,6.68
64612,18,4,5,2014,15.174999999999999,8.59,4.22,6.8900000000000015
64613,18,5,5,2014,14.865833333333333,8.73,4.18,6.97
64614,18,6,5,2014,14.62,8.41,4.03,6.71
64615,18,7,5,2014,14.553333333333335,8.38,3.81,6.5600000000000005
64616,18,8,5,2014,14.380833333333335,8.5,4.0,6.74
64617,18,9,5,2014,14.183333333333332,8.55,4.05,6.5600000000000005
64618,18,10,5,2014,14.007499999999999,8.44,4.03,6.57
64619,18,11,5,2014,13.884166666666665,8.66,4.17,6.72
64620,18,12,5,2014,14.176666666666668,9.36,5.68,7.91
64621,18,13,5,2014,15.11333333333333,9.42,6.33,8.01
64622,18,14,5,2014,16.363333333333333,8.370000000000001,6.38,7.54
64623,18,15,5,2014,17.60166666666667,7.82,6.49,7.38
64624,18,16,5,2014,18.704166666666666,7.99,6.72,7.59
64625,18,17,5,2014,19.76,8.18,7.0,7.86
64626,18,18,5,2014,20.823333333333327,9.11,7.61,8.67
64627,18,19,5,2014,21.66333333333333,10.12,8.42,9.66
64628,18,20,5,2014,22.0925,10.58,8.58,9.95
64629,18,21,5,2014,22.063333333333333,10.5,8.22,9.66
64630,18,22,5,2014,22.150000000000002,10.94,8.27,9.91
64631,18,23,5,2014,21.93416666666667,11.22,7.82,9.68
64632,19,0,5,2014,21.236666666666668,13.2,7.0200000000000005,10.48
64633,19,1,5,2014,20.625833333333333,14.1,6.74,11.19
64634,19,2,5,2014,20.41,14.23,6.74,11.2
64635,19,3,5,2014,20.3025,14.56,6.8100000000000005,11.43
64636,19,4,5,2014,20.179166666666667,15.99,7.61,12.61
64637,19,5,5,2014,20.247500000000002,15.65,7.34,12.34
64638,19,6,5,2014,20.335,15.35,7.4,12.1
64639,19,7,5,2014,20.596666666666668,18.73,9.29,14.83
64640,19,8,5,2014,20.423333333333332,17.62,8.07,13.4
64641,19,9,5,2014,19.507499999999997,19.26,11.27,15.99
64642,19,10,5,2014,18.883333333333336,21.44,10.93,17.21
64643,19,11,5,2014,19.1075,22.19,10.84,17.67
64644,19,12,5,2014,19.59,20.33,10.3,16.16
64645,19,13,5,2014,20.857499999999998,19.31,11.27,15.5
64646,19,14,5,2014,22.678333333333327,18.21,12.09,15.46
64647,19,15,5,2014,24.62,18.01,12.36,15.62
64648,19,16,5,2014,26.460000000000004,17.18,12.26,15.13
64649,19,17,5,2014,27.94416666666666,16.59,11.81,14.69
64650,19,18,5,2014,28.735833333333332,16.95,11.96,15.1
64651,19,19,5,2014,29.231666666666666,16.82,11.63,14.82
64652,19,20,5,2014,30.28333333333333,16.21,11.5,14.35
64653,19,21,5,2014,30.864999999999995,15.97,11.0,13.93
64654,19,22,5,2014,31.14333333333333,15.18,10.17,12.95
64655,19,23,5,2014,30.599999999999998,15.05,9.09,12.19
64656,20,0,5,2014,29.715000000000003,17.650000000000006,8.35,13.77
64657,20,1,5,2014,28.853333333333328,16.11,7.88,12.52
64658,20,2,5,2014,28.114166666666662,18.1,8.71,14.28
64659,20,3,5,2014,27.950000000000003,18.53,8.91,14.54
64660,20,4,5,2014,28.011666666666667,18.1,8.65,14.21
64661,20,5,5,2014,28.2675,17.28,8.58,13.69
64662,20,6,5,2014,28.355833333333333,17.6,8.53,13.88
64663,20,7,5,2014,28.14,13.97,6.68,10.88
64664,20,8,5,2014,27.618333333333336,12.13,6.19,9.67
64665,20,9,5,2014,25.821666666666673,2.7,2.87,3.35
64666,20,10,5,2014,25.485833333333332,7.37,1.49,4.1
64667,20,11,5,2014,26.1975,8.5,3.26,5.93
64668,20,12,5,2014,26.31583333333333,9.13,4.7700000000000005,7.22
64669,20,13,5,2014,27.3725,9.16,5.98,7.44
64670,20,14,5,2014,28.532499999999995,8.0,5.96,7.18
64671,20,15,5,2014,29.730833333333326,6.57,5.38,6.15
64672,20,16,5,2014,30.93166666666667,5.7700000000000005,5.0600000000000005,5.58
64673,20,17,5,2014,31.67333333333333,5.78,5.09,5.6000000000000005
64674,20,18,5,2014,32.1475,6.72,5.87,6.5200000000000005
64675,20,19,5,2014,32.73,7.74,6.68,7.53
64676,20,20,5,2014,33.63083333333333,6.26,5.38,6.0200000000000005
64677,20,21,5,2014,34.3575,5.87,5.08,5.69
64678,20,22,5,2014,34.285000000000004,7.83,6.09,7.29
64679,20,23,5,2014,32.93416666666666,9.74,6.16,8.25
64680,21,0,5,2014,31.73,10.28,4.95,7.75
64681,21,1,5,2014,30.695833333333336,11.71,6.01,9.15
64682,21,2,5,2014,30.334999999999994,11.29,5.99,8.98
64683,21,3,5,2014,30.040833333333335,8.27,3.84,6.48
64684,21,4,5,2014,29.47500000000001,3.77,2.17,3.13
64685,21,5,5,2014,28.400833333333328,3.83,2.16,3.17
64686,21,6,5,2014,28.264999999999997,4.84,3.2,4.17
64687,21,7,5,2014,27.985833333333336,7.12,4.58,6.21
64688,21,8,5,2014,27.44333333333333,9.39,4.5,7.45
64689,21,9,5,2014,26.31,9.29,4.76,7.3900000000000015
64690,21,10,5,2014,25.133333333333336,8.53,4.71,7.01
64691,21,11,5,2014,24.50583333333333,9.3,5.28,7.62
64692,21,12,5,2014,24.646666666666672,9.23,5.17,7.28
64693,21,13,5,2014,25.530833333333334,7.22,5.62,6.54
64694,21,14,5,2014,26.7075,7.23,5.72,6.63
64695,21,15,5,2014,27.80416666666667,8.0,6.63,7.57
64696,21,16,5,2014,28.605833333333333,7.12,6.0200000000000005,6.78
64697,21,17,5,2014,29.429166666666664,6.78,5.9,6.5600000000000005
64698,21,18,5,2014,30.31,6.6400000000000015,5.7700000000000005,6.41
64699,21,19,5,2014,31.02083333333334,6.72,5.87,6.5200000000000005
64700,21,20,5,2014,31.2375,6.71,5.8500000000000005,6.53
64701,21,21,5,2014,31.2525,6.0600000000000005,5.26,5.89
64702,21,22,5,2014,31.04166666666667,7.48,6.08,7.07
64703,21,23,5,2014,29.410000000000007,11.34,8.01,9.93
64704,22,0,5,2014,28.265833333333337,11.87,6.8500000000000005,9.84
64705,22,1,5,2014,27.16916666666667,12.45,6.21,9.93
64706,22,2,5,2014,21.106666666666666,14.77,8.81,11.87
64707,22,3,5,2014,19.903333333333332,14.5,8.81,12.12
64708,22,4,5,2014,20.615,15.08,10.01,13.19
64709,22,5,5,2014,21.103333333333335,11.67,5.39,8.6
64710,22,6,5,2014,21.463333333333335,7.63,4.67,6.59
64711,22,7,5,2014,20.551666666666666,12.15,4.67,9.0
64712,22,8,5,2014,18.638333333333335,12.12,7.33,10.41
64713,22,9,5,2014,17.9325,8.9,4.24,7.0600000000000005
64714,22,10,5,2014,17.65,6.92,4.71,6.07
64715,22,11,5,2014,17.203333333333337,7.0,4.55,5.92
64716,22,12,5,2014,17.661666666666665,7.68,5.2,6.71
64717,22,13,5,2014,18.241666666666664,7.11,4.79,6.1000000000000005
64718,22,14,5,2014,18.991666666666664,9.51,7.22,8.540000000000001
64719,22,15,5,2014,19.201666666666668,9.74,7.37,8.8
64720,22,16,5,2014,20.334166666666665,7.33,6.15,6.91
64721,22,17,5,2014,21.935833333333335,7.59,6.36,7.1400000000000015
64722,22,18,5,2014,23.48666666666666,6.97,5.89,6.5600000000000005
64723,22,19,5,2014,21.558333333333334,6.8,5.0,5.89
64724,22,20,5,2014,22.426666666666666,6.9,5.86,6.58
64725,22,21,5,2014,24.188333333333333,6.91,5.8500000000000005,6.5600000000000005
64726,22,22,5,2014,24.587500000000002,6.2,5.26,5.91
64727,22,23,5,2014,24.315,6.63,5.23,6.2
64728,23,0,5,2014,22.8425,8.02,5.48,6.82
64729,23,1,5,2014,21.793333333333333,7.8,4.46,6.34
64730,23,2,5,2014,21.611666666666665,6.7,3.0500000000000003,5.19
64731,23,3,5,2014,21.195833333333333,6.48,3.02,5.09
64732,23,4,5,2014,20.897500000000004,5.8100000000000005,2.85,4.59
64733,23,5,5,2014,20.63833333333333,5.8,2.82,4.32
64734,23,6,5,2014,20.575833333333332,6.76,3.25,5.05
64735,23,7,5,2014,20.511666666666667,7.29,3.54,5.62
64736,23,8,5,2014,20.396666666666665,7.98,3.83,6.18
64737,23,9,5,2014,20.246666666666663,7.87,3.5,6.0
64738,23,10,5,2014,20.06166666666667,7.94,3.44,6.05
64739,23,11,5,2014,19.843333333333334,8.290000000000001,3.61,6.3
64740,23,12,5,2014,20.23333333333333,7.77,4.29,6.33
64741,23,13,5,2014,21.2025,7.82,5.67,6.87
64742,23,14,5,2014,22.3125,7.19,5.68,6.5
64743,23,15,5,2014,23.585833333333337,7.49,6.18,7.04
64744,23,16,5,2014,24.66416666666667,7.42,6.29,7.0600000000000005
64745,23,17,5,2014,25.45583333333333,7.63,6.46,7.27
64746,23,18,5,2014,26.26,8.22,6.99,7.9
64747,23,19,5,2014,26.510000000000005,8.74,7.36,8.36
64748,23,20,5,2014,26.918333333333337,8.81,7.22,8.33
64749,23,21,5,2014,26.791666666666668,9.37,7.46,8.700000000000001
64750,23,22,5,2014,26.461666666666662,9.54,7.38,8.8
64751,23,23,5,2014,25.851666666666663,8.620000000000001,6.48,7.82
64752,24,0,5,2014,25.0325,8.3,5.1000000000000005,6.5200000000000005
64753,24,1,5,2014,24.335000000000004,8.35,4.09,6.54
64754,24,2,5,2014,23.904166666666665,8.78,4.0600000000000005,6.8
64755,24,3,5,2014,23.555000000000003,9.02,4.33,7.11
64756,24,4,5,2014,23.227500000000003,9.04,4.21,7.05
64757,24,5,5,2014,22.89,9.61,4.36,7.45
64758,24,6,5,2014,22.5725,9.06,4.13,7.0200000000000005
64759,24,7,5,2014,21.733333333333334,9.79,4.59,7.65
64760,24,8,5,2014,20.400833333333335,7.9,3.4,5.89
64761,24,9,5,2014,19.263333333333332,6.0,2.71,4.58
64762,24,10,5,2014,19.31166666666667,7.01,3.16,5.22
64763,24,11,5,2014,19.08833333333333,7.67,3.66,5.95
64764,24,12,5,2014,19.33833333333333,7.9,4.05,6.26
64765,24,13,5,2014,20.424166666666668,7.0600000000000005,5.2,6.28
64766,24,14,5,2014,21.57166666666667,7.46,5.96,6.8500000000000005
64767,24,15,5,2014,22.75666666666667,7.95,6.53,7.43
64768,24,16,5,2014,23.609999999999996,8.01,6.7,7.6
64769,24,17,5,2014,24.595833333333335,6.67,5.74,6.37
64770,24,18,5,2014,24.191666666666663,9.84,7.92,9.38
64771,24,19,5,2014,24.878333333333334,9.66,8.01,9.21
64772,24,20,5,2014,22.491666666666664,12.59,9.42,11.44
64773,24,21,5,2014,21.2475,8.48,6.07,7.42
64774,24,22,5,2014,21.825000000000003,6.95,5.7700000000000005,6.59
64775,24,23,5,2014,22.151666666666667,6.55,5.09,6.0200000000000005
64776,25,0,5,2014,21.23083333333333,8.92,5.95,7.76
64777,25,1,5,2014,20.183333333333326,10.0,6.01,8.41
64778,25,2,5,2014,19.823333333333334,9.85,5.66,8.03
64779,25,3,5,2014,19.904999999999998,10.16,5.05,8.07
64780,25,4,5,2014,20.026666666666667,9.7,4.5200000000000005,7.61
64781,25,5,5,2014,19.96,8.92,3.71,6.7700000000000005
64782,25,6,5,2014,19.712500000000002,7.86,2.62,4.96
64783,25,7,5,2014,19.583333333333336,7.91,3.5500000000000003,6.05
64784,25,8,5,2014,19.574166666666667,8.46,4.01,6.5
64785,25,9,5,2014,19.588333333333335,9.09,4.75,7.26
64786,25,10,5,2014,19.691666666666666,8.41,4.23,6.57
64787,25,11,5,2014,19.840833333333332,8.36,4.15,6.51
64788,25,12,5,2014,20.64833333333333,8.71,5.54,7.23
64789,25,13,5,2014,21.325833333333332,9.51,5.95,7.6
64790,25,14,5,2014,21.657500000000002,9.48,6.72,7.99
64791,25,15,5,2014,23.766666666666666,6.8100000000000005,5.21,6.09
64792,25,16,5,2014,24.099166666666665,5.59,4.67,5.22
64793,25,17,5,2014,25.718333333333334,5.54,4.8100000000000005,5.26
64794,25,18,5,2014,28.040000000000003,6.38,5.47,6.07
64795,25,19,5,2014,24.091666666666665,16.13,13.6,16.06
64796,25,20,5,2014,21.852500000000003,6.78,5.32,6.23
64797,25,21,5,2014,24.7225,5.96,4.87,5.55
64798,25,22,5,2014,26.44416666666667,7.46,5.82,6.8500000000000005
64799,25,23,5,2014,26.269999999999996,11.19,7.49,9.68
64800,26,0,5,2014,24.713333333333335,9.74,6.58,8.49
64801,26,1,5,2014,24.426666666666666,9.35,4.71,7.16
64802,26,2,5,2014,24.19666666666667,10.67,5.0600000000000005,8.120000000000001
64803,26,3,5,2014,23.826666666666664,12.45,6.32,9.8
64804,26,4,5,2014,22.13416666666667,12.51,6.53,10.22
64805,26,5,5,2014,22.3875,13.95,6.66,10.99
64806,26,6,5,2014,21.531666666666666,13.04,6.62,10.42
64807,26,7,5,2014,21.761666666666667,11.76,4.65,8.39
64808,26,8,5,2014,21.704166666666666,13.33,5.7700000000000005,10.01
64809,26,9,5,2014,21.50916666666667,7.77,3.64,5.91
64810,26,10,5,2014,21.521666666666665,7.98,3.69,5.8
64811,26,11,5,2014,21.6225,7.63,2.88,5.3100000000000005
64812,26,12,5,2014,22.139999999999997,6.91,3.49,4.87
64813,26,13,5,2014,23.2225,6.59,5.01,5.9
64814,26,14,5,2014,24.0475,6.96,5.4,6.3100000000000005
64815,26,15,5,2014,25.483333333333334,5.68,4.75,5.3100000000000005
64816,26,16,5,2014,26.625833333333333,5.54,4.82,5.3100000000000005
64817,26,17,5,2014,26.757500000000004,6.32,5.33,6.1400000000000015
64818,26,18,5,2014,28.052500000000006,5.68,5.03,5.51
64819,26,19,5,2014,28.411666666666665,3.85,4.23,4.3
64820,26,20,5,2014,29.629999999999995,4.89,4.37,4.79
64821,26,21,5,2014,29.94333333333333,5.33,4.71,5.22
64822,26,22,5,2014,29.176666666666666,8.16,6.34,7.56
64823,26,23,5,2014,28.169999999999998,9.59,7.15,8.71
64824,27,0,5,2014,27.180833333333336,8.18,5.3,6.8
64825,27,1,5,2014,26.349999999999998,7.5,3.89,5.94
64826,27,2,5,2014,25.910833333333333,9.75,4.9,7.73
64827,27,3,5,2014,25.21333333333334,9.81,4.84,7.69
64828,27,4,5,2014,24.852499999999996,9.68,4.5600000000000005,7.56
64829,27,5,5,2014,24.459999999999997,9.87,4.79,7.68
64830,27,6,5,2014,23.636666666666667,11.07,5.44,8.82
64831,27,7,5,2014,23.11333333333334,11.19,5.55,8.94
64832,27,8,5,2014,22.849999999999998,10.06,4.92,7.97
64833,27,9,5,2014,22.738333333333333,8.82,4.46,7.05
64834,27,10,5,2014,22.689999999999998,8.63,4.3500000000000005,6.8500000000000005
64835,27,11,5,2014,22.69333333333333,8.950000000000003,4.55,7.1400000000000015
64836,27,12,5,2014,22.84583333333333,9.3,4.8,7.49
64837,27,13,5,2014,23.642500000000002,7.44,5.42,6.37
64838,27,14,5,2014,24.707499999999996,7.0,5.57,6.44
64839,27,15,5,2014,25.816666666666666,6.08,5.0600000000000005,5.71
64840,27,16,5,2014,26.808333333333334,4.32,3.84,4.15
64841,27,17,5,2014,27.791666666666668,3.87,3.54,3.77
64842,27,18,5,2014,28.612499999999997,3.88,3.66,3.86
64843,27,19,5,2014,29.39,3.8,3.52,3.74
64844,27,20,5,2014,29.939999999999998,3.77,3.48,3.7
64845,27,21,5,2014,30.115,3.74,3.5,3.73
64846,27,22,5,2014,29.9425,12.79,10.1,12.05
64847,27,23,5,2014,24.2325,12.52,8.4,10.61
64848,28,0,5,2014,25.150833333333335,7.8,4.97,6.75
64849,28,1,5,2014,25.32083333333333,4.42,1.55,2.66
64850,28,2,5,2014,24.849166666666665,4.65,2.62,3.81
64851,28,3,5,2014,24.39833333333333,4.7,2.51,3.34
64852,28,4,5,2014,23.656666666666666,4.82,2.79,3.86
64853,28,5,5,2014,23.651666666666667,4.18,2.11,3.19
64854,28,6,5,2014,23.715833333333332,3.44,1.91,2.86
64855,28,7,5,2014,23.775000000000006,3.19,1.86,2.86
64856,28,8,5,2014,23.785,4.2,1.6,3.13
64857,28,9,5,2014,23.385833333333334,4.33,2.25,3.81
64858,28,10,5,2014,23.314999999999998,4.84,2.64,4.26
64859,28,11,5,2014,23.285833333333333,4.83,2.4,3.98
64860,28,12,5,2014,24.235833333333332,4.8,2.65,3.64
64861,28,13,5,2014,25.69,3.7,2.8000000000000003,3.15
64862,28,14,5,2014,26.635,3.5,3.15,3.36
64863,28,15,5,2014,27.59583333333333,3.97,3.75,3.97
64864,28,16,5,2014,28.455833333333334,3.61,3.4,3.5700000000000003
64865,28,17,5,2014,29.391666666666662,3.4,3.17,3.33
64866,28,18,5,2014,30.16,5.41,4.89,5.32
64867,28,19,5,2014,30.832499999999996,5.04,4.62,4.97
64868,28,20,5,2014,31.209166666666665,5.34,4.84,5.26
64869,28,21,5,2014,31.293333333333333,5.89,5.22,5.8
64870,28,22,5,2014,31.110833333333336,5.76,4.92,5.58
64871,28,23,5,2014,30.816666666666663,6.72,5.37,6.33
64872,29,0,5,2014,29.974999999999998,7.15,4.89,5.9
64873,29,1,5,2014,28.517499999999995,8.98,4.03,6.76
64874,29,2,5,2014,27.31416666666667,9.96,4.63,7.82
64875,29,3,5,2014,26.201666666666668,10.44,4.46,8.03
64876,29,4,5,2014,25.040833333333335,10.49,4.58,8.1
64877,29,5,5,2014,24.284166666666668,9.49,4.3500000000000005,7.4
64878,29,6,5,2014,23.67833333333333,8.27,4.09,6.57
64879,29,7,5,2014,23.203333333333337,6.9,3.5500000000000003,5.58
64880,29,8,5,2014,22.771666666666665,6.23,3.12,4.98
64881,29,9,5,2014,22.290000000000003,5.14,2.61,4.0600000000000005
64882,29,10,5,2014,21.867500000000003,4.69,2.62,3.81
64883,29,11,5,2014,21.555000000000003,4.2,2.32,3.39
64884,29,12,5,2014,21.86833333333333,3.82,3.09,3.5
64885,29,13,5,2014,22.785,3.54,3.1,3.34
64886,29,14,5,2014,24.05416666666667,3.99,3.6,3.85
64887,29,15,5,2014,25.25,4.64,4.21,4.5200000000000005
64888,29,16,5,2014,26.304166666666664,4.64,4.2700000000000005,4.5600000000000005
64889,29,17,5,2014,27.405833333333334,5.26,4.75,5.14
64890,29,18,5,2014,28.191666666666666,4.71,4.32,4.61
64891,29,19,5,2014,29.073333333333334,4.79,4.38,4.7
64892,29,20,5,2014,29.454166666666666,5.73,5.26,5.69
64893,29,21,5,2014,29.921666666666663,6.2700000000000005,5.5200000000000005,6.12
64894,29,22,5,2014,30.09833333333333,5.46,4.82,5.33
64895,29,23,5,2014,29.852500000000006,5.08,4.2700000000000005,4.88
64896,30,0,5,2014,29.232500000000005,9.83,5.13,7.9300000000000015
64897,30,1,5,2014,26.377499999999998,11.83,7.41,9.95
64898,30,2,5,2014,25.129999999999995,8.33,4.43,6.78
64899,30,3,5,2014,25.124166666666667,8.13,3.7,6.23
64900,30,4,5,2014,24.99,8.1,3.77,6.3100000000000005
64901,30,5,5,2014,24.879166666666663,8.08,3.73,6.2700000000000005
64902,30,6,5,2014,24.626666666666665,7.87,3.6,6.08
64903,30,7,5,2014,24.34583333333333,7.9300000000000015,3.37,5.97
64904,30,8,5,2014,24.06083333333333,7.01,3.2,5.39
64905,30,9,5,2014,23.786666666666665,7.44,3.52,5.78
64906,30,10,5,2014,23.565833333333334,6.53,2.92,4.92
64907,30,11,5,2014,23.337500000000002,6.29,2.79,4.75
64908,30,12,5,2014,23.7975,5.49,3.63,4.25
64909,30,13,5,2014,24.595,4.6000000000000005,3.87,4.2700000000000005
64910,30,14,5,2014,25.58083333333333,4.8100000000000005,4.23,4.61
64911,30,15,5,2014,26.628333333333334,5.59,4.92,5.39
64912,30,16,5,2014,27.385833333333334,7.16,5.99,6.8900000000000015
64913,30,17,5,2014,28.19,7.79,6.43,7.32
64914,30,18,5,2014,29.1225,7.72,6.67,7.46
64915,30,19,5,2014,29.551666666666666,8.93,7.62,8.65
64916,30,20,5,2014,29.909166666666675,8.58,7.32,8.290000000000001
64917,30,21,5,2014,29.897500000000004,7.69,6.21,7.25
64918,30,22,5,2014,29.894166666666663,7.42,5.94,6.94
64919,30,23,5,2014,29.521666666666665,7.6,6.07,7.11
64920,31,0,5,2014,28.710000000000004,9.01,6.25,7.88
64921,31,1,5,2014,27.570000000000004,10.32,5.23,8.24
64922,31,2,5,2014,26.849166666666665,8.82,4.23,6.87
64923,31,3,5,2014,26.18416666666667,8.870000000000003,4.24,6.91
64924,31,4,5,2014,25.169166666666666,9.71,4.46,7.51
64925,31,5,5,2014,24.331666666666667,9.35,4.55,7.27
64926,31,6,5,2014,23.775000000000002,8.2,3.69,6.29
64927,31,7,5,2014,23.46666666666667,7.87,3.73,6.13
64928,31,8,5,2014,23.050833333333333,8.39,3.64,6.37
64929,31,9,5,2014,22.5725,8.38,3.88,6.46
64930,31,10,5,2014,22.245000000000005,7.94,3.77,6.3100000000000005
64931,31,11,5,2014,21.935833333333335,7.25,3.42,5.63
64932,31,12,5,2014,22.629166666666666,7.0200000000000005,4.28,5.51
64933,31,13,5,2014,23.8,6.61,4.88,5.74
64934,31,14,5,2014,24.813333333333336,5.9,4.83,5.43
64935,31,15,5,2014,25.81166666666667,5.47,4.72,5.2
64936,31,16,5,2014,26.718333333333334,7.13,6.11,6.82
64937,31,17,5,2014,27.64,7.81,6.71,7.52
64938,31,18,5,2014,28.206666666666667,8.27,7.0200000000000005,7.92
64939,31,19,5,2014,28.665833333333328,8.67,7.22,8.22
64940,31,20,5,2014,29.040833333333335,8.45,7.0600000000000005,8.03
64941,31,21,5,2014,29.204166666666666,7.71,6.48,7.37
64942,31,22,5,2014,29.11833333333334,8.44,6.87,7.96
64943,31,23,5,2014,28.6125,8.23,6.2,7.52
64944,1,0,6,2014,27.716666666666665,9.18,5.8100000000000005,7.34
64945,1,1,6,2014,26.23,9.51,4.76,7.37
64946,1,2,6,2014,25.099166666666665,10.1,4.57,7.74
64947,1,3,6,2014,24.195833333333336,11.46,5.01,8.68
64948,1,4,6,2014,23.147499999999997,11.57,5.3100000000000005,8.73
64949,1,5,6,2014,22.352500000000003,12.16,5.29,9.0
64950,1,6,6,2014,21.956666666666663,11.94,5.44,9.21
64951,1,7,6,2014,21.540833333333335,12.16,5.47,9.28
64952,1,8,6,2014,21.14666666666667,12.17,5.34,9.08
64953,1,9,6,2014,20.723333333333333,12.0,5.48,9.07
64954,1,10,6,2014,20.395,11.83,5.34,8.96
64955,1,11,6,2014,20.23166666666667,11.82,5.51,9.01
64956,1,12,6,2014,20.720000000000002,11.19,6.5,9.23
64957,1,13,6,2014,21.86,10.3,6.43,8.73
64958,1,14,6,2014,22.519999999999996,8.57,6.3100000000000005,7.57
64959,1,15,6,2014,23.77083333333334,8.59,6.62,7.79
64960,1,16,6,2014,25.56833333333334,8.540000000000001,7.0,7.98
64961,1,17,6,2014,26.918333333333337,11.47,9.12,10.71
64962,1,18,6,2014,27.8275,11.78,9.39,11.03
64963,1,19,6,2014,27.73,12.65,10.32,12.01
64964,1,20,6,2014,28.381666666666664,10.34,8.33,9.77
64965,1,21,6,2014,28.575833333333332,9.82,7.91,9.22
64966,1,22,6,2014,28.5,10.8,8.08,9.77
64967,1,23,6,2014,27.9825,12.01,7.82,10.21
64968,2,0,6,2014,20.349166666666665,20.95,13.68,18.14
64969,2,1,6,2014,20.081666666666667,11.82,6.2,9.14
64970,2,2,6,2014,20.198333333333334,10.14,6.21,8.56
64971,2,3,6,2014,20.34,8.68,3.34,5.8100000000000005
64972,2,4,6,2014,20.206666666666667,9.36,5.03,7.19
64973,2,5,6,2014,19.916666666666668,10.76,6.13,8.75
64974,2,6,6,2014,19.315,11.53,6.29,9.19
64975,2,7,6,2014,18.616666666666667,10.27,4.6000000000000005,7.65
64976,2,8,6,2014,18.100833333333338,10.44,4.45,7.7
64977,2,9,6,2014,17.91166666666667,10.54,5.33,8.22
64978,2,10,6,2014,17.775000000000002,12.46,6.12,9.46
64979,2,11,6,2014,17.935,11.97,5.82,8.94
64980,2,12,6,2014,18.9575,9.58,5.15,7.52
64981,2,13,6,2014,20.461666666666666,7.71,5.47,6.74
64982,2,14,6,2014,22.1975,5.45,4.47,5.05
64983,2,15,6,2014,23.874166666666664,5.22,4.39,4.87
64984,2,16,6,2014,25.241666666666664,4.79,4.22,4.58
64985,2,17,6,2014,26.3,5.12,4.5200000000000005,4.93
64986,2,18,6,2014,27.3275,5.59,4.88,5.38
64987,2,19,6,2014,27.97666666666667,6.3500000000000005,5.42,6.07
64988,2,20,6,2014,28.754166666666666,5.71,4.92,5.51
64989,2,21,6,2014,29.08916666666667,5.8500000000000005,5.04,5.65
64990,2,22,6,2014,29.304999999999996,5.29,4.44,5.04
64991,2,23,6,2014,29.08916666666666,5.15,4.23,4.88
64992,3,0,6,2014,27.96583333333334,5.75,3.01,4.54
64993,3,1,6,2014,25.56416666666667,4.57,2.22,3.7
64994,3,2,6,2014,24.66333333333333,3.47,1.75,2.99
64995,3,3,6,2014,24.31583333333333,3.87,3.15,4.12
64996,3,4,6,2014,24.79416666666667,3.17,2.6,3.4
64997,3,5,6,2014,23.35833333333333,3.59,3.18,4.1
64998,3,6,6,2014,22.755833333333328,7.0600000000000005,4.21,5.88
64999,3,7,6,2014,22.66333333333333,6.73,3.58,5.21
65000,3,8,6,2014,21.801666666666666,7.11,3.56,5.2700000000000005
65001,3,9,6,2014,20.195833333333333,5.5600000000000005,1.46,2.33
65002,3,10,6,2014,19.749166666666667,5.43,1.16,2.35
65003,3,11,6,2014,19.967499999999998,6.0,1.83,2.99
65004,3,12,6,2014,22.281666666666663,6.12,3.2,3.93
65005,3,13,6,2014,24.444166666666664,4.73,3.72,4.28
65006,3,14,6,2014,26.132499999999997,4.8,4.08,4.5
65007,3,15,6,2014,27.510833333333334,4.86,4.12,4.55
65008,3,16,6,2014,28.856666666666666,5.4,4.7,5.19
65009,3,17,6,2014,29.782500000000002,8.17,6.82,7.79
65010,3,18,6,2014,30.615,8.26,6.79,7.79
65011,3,19,6,2014,31.209166666666665,10.11,7.97,9.37
65012,3,20,6,2014,31.374999999999996,13.56,9.92,12.3
65013,3,21,6,2014,31.285833333333333,15.21,10.61,13.48
65014,3,22,6,2014,30.9875,15.53,9.85,13.24
65015,3,23,6,2014,30.55666666666666,15.5,8.65,12.56
65016,4,0,6,2014,29.42,15.04,7.0600000000000005,11.44
65017,4,1,6,2014,28.11916666666666,14.66,6.76,11.32
65018,4,2,6,2014,27.451666666666664,17.8,9.04,14.09
65019,4,3,6,2014,26.82083333333333,17.96,8.700000000000001,14.08
65020,4,4,6,2014,22.609166666666663,17.31,12.73,14.97
65021,4,5,6,2014,16.151666666666667,17.09,10.39,14.05
65022,4,6,6,2014,17.35083333333333,12.5,6.7,9.66
65023,4,7,6,2014,17.970833333333335,11.94,6.1400000000000015,9.41
65024,4,8,6,2014,19.09916666666667,12.16,5.78,9.04
65025,4,9,6,2014,19.53083333333333,10.88,7.76,9.84
65026,4,10,6,2014,18.881666666666664,11.47,7.45,9.8
65027,4,11,6,2014,18.82083333333333,1.83,1.9,2.16
65028,4,12,6,2014,19.30666666666667,2.09,2.09,2.29
65029,4,13,6,2014,19.633333333333333,2.28,1.73,2.06
65030,4,14,6,2014,19.689999999999998,0.84,0.8,0.8300000000000001
65031,4,15,6,2014,19.9275,2.6,2.02,2.31
65032,4,16,6,2014,20.371666666666666,3.92,3.31,3.78
65033,4,17,6,2014,21.894166666666667,4.67,4.0600000000000005,4.5
65034,4,18,6,2014,23.493333333333336,4.78,4.14,4.6000000000000005
65035,4,19,6,2014,25.120833333333337,4.29,3.86,4.15
65036,4,20,6,2014,26.158333333333335,5.62,4.9,5.41
65037,4,21,6,2014,26.89833333333333,6.13,5.2700000000000005,5.93
65038,4,22,6,2014,26.950833333333332,5.67,4.82,5.44
65039,4,23,6,2014,26.61,4.98,3.93,4.68
65040,5,0,6,2014,25.550833333333333,5.38,3.56,4.55
65041,5,1,6,2014,23.198333333333334,5.5600000000000005,2.61,4.57
65042,5,2,6,2014,21.4825,6.59,2.54,4.3
65043,5,3,6,2014,20.221666666666664,9.17,2.44,5.44
65044,5,4,6,2014,19.375833333333336,10.75,3.92,7.91
65045,5,5,6,2014,19.195833333333336,10.68,4.53,7.99
65046,5,6,6,2014,18.436666666666667,9.94,4.5200000000000005,7.6400000000000015
65047,5,7,6,2014,17.685,9.47,4.38,7.3
65048,5,8,6,2014,16.89,8.92,4.05,6.74
65049,5,9,6,2014,16.645833333333332,8.88,4.98,7.27
65050,5,10,6,2014,16.450000000000003,9.51,5.24,7.81
65051,5,11,6,2014,15.329999999999998,9.29,4.78,7.45
65052,5,12,6,2014,16.225833333333338,8.1,5.0600000000000005,6.87
65053,5,13,6,2014,17.948333333333334,6.76,4.74,5.91
65054,5,14,6,2014,19.640833333333333,8.120000000000001,6.43,7.44
65055,5,15,6,2014,21.805833333333336,8.97,6.97,8.15
65056,5,16,6,2014,23.33583333333333,7.1000000000000005,5.88,6.63
65057,5,17,6,2014,24.46666666666667,5.36,4.72,5.16
65058,5,18,6,2014,25.36166666666666,4.25,3.92,4.18
65059,5,19,6,2014,26.170833333333334,4.8500000000000005,4.37,4.72
65060,5,20,6,2014,26.749166666666664,4.9,4.41,4.8
65061,5,21,6,2014,26.724999999999998,4.44,4.0,4.3500000000000005
65062,5,22,6,2014,26.817500000000006,4.26,3.7,4.07
65063,5,23,6,2014,26.49666666666667,4.19,3.7,4.12
65064,6,0,6,2014,25.50583333333333,6.16,3.73,4.71
65065,6,1,6,2014,23.46166666666667,8.75,3.54,6.5600000000000005
65066,6,2,6,2014,21.839166666666667,8.94,3.36,6.43
65067,6,3,6,2014,20.819166666666668,9.96,4.05,6.84
65068,6,4,6,2014,19.978333333333335,9.88,3.99,7.4
65069,6,5,6,2014,19.199166666666667,10.07,4.3500000000000005,7.76
65070,6,6,6,2014,18.168333333333333,8.49,3.35,5.95
65071,6,7,6,2014,17.53,7.57,2.46,5.18
65072,6,8,6,2014,17.24916666666667,7.04,3.15,5.55
65073,6,9,6,2014,17.004166666666666,6.8500000000000005,2.73,5.3500000000000005
65074,6,10,6,2014,17.144166666666663,7.35,3.44,6.01
65075,6,11,6,2014,17.360833333333332,4.88,2.37,4.43
65076,6,12,6,2014,19.229166666666668,3.83,1.53,3.06
65077,6,13,6,2014,21.55666666666667,2.24,1.89,2.04
65078,6,14,6,2014,22.91,3.22,2.95,3.12
65079,6,15,6,2014,24.214166666666667,3.99,3.6,3.85
65080,6,16,6,2014,25.365,4.17,3.79,4.0600000000000005
65081,6,17,6,2014,26.23166666666667,4.74,4.33,4.67
65082,6,18,6,2014,26.92833333333333,4.7,4.18,4.53
65083,6,19,6,2014,27.672500000000003,5.28,4.64,5.08
65084,6,20,6,2014,27.883333333333336,6.21,5.4,6.0200000000000005
65085,6,21,6,2014,27.87083333333334,8.02,6.6000000000000005,7.6400000000000015
65086,6,22,6,2014,27.628333333333334,9.03,7.0600000000000005,8.39
65087,6,23,6,2014,27.106666666666666,8.540000000000001,6.58,7.88
65088,7,0,6,2014,25.964999999999993,8.98,5.97,7.68
65089,7,1,6,2014,24.271666666666672,10.29,4.48,7.55
65090,7,2,6,2014,22.662499999999998,10.92,4.47,8.0
65091,7,3,6,2014,21.985,11.49,4.12,8.03
65092,7,4,6,2014,21.685,11.98,4.36,8.53
65093,7,5,6,2014,21.266666666666666,11.01,3.99,7.7
65094,7,6,6,2014,20.75583333333333,10.85,3.84,7.53
65095,7,7,6,2014,20.96833333333333,9.2,3.67,5.75
65096,7,8,6,2014,20.345833333333335,8.13,3.62,5.5200000000000005
65097,7,9,6,2014,20.245833333333334,6.94,2.29,4.28
65098,7,10,6,2014,19.864166666666666,6.51,2.35,4.23
65099,7,11,6,2014,19.48,6.49,2.04,4.21
65100,7,12,6,2014,19.179999999999996,11.82,7.28,10.02
65101,7,13,6,2014,18.072499999999998,12.22,7.58,10.4
65102,7,14,6,2014,19.304999999999996,6.94,5.82,6.5600000000000005
65103,7,15,6,2014,19.655,6.78,5.29,6.2700000000000005
65104,7,16,6,2014,21.825,6.49,5.67,6.25
65105,7,17,6,2014,22.7325,8.48,7.23,8.17
65106,7,18,6,2014,23.02666666666666,15.59,11.53,14.17
65107,7,19,6,2014,22.03166666666667,12.34,7.31,10.16
65108,7,20,6,2014,24.334999999999997,9.32,7.16,8.44
65109,7,21,6,2014,23.910833333333333,11.91,8.32,10.36
65110,7,22,6,2014,24.945000000000004,7.61,6.17,7.13
65111,7,23,6,2014,24.379166666666666,6.79,5.45,6.3
65112,8,0,6,2014,23.123333333333335,6.29,4.97,5.84
65113,8,1,6,2014,21.55916666666667,4.67,2.41,3.83
65114,8,2,6,2014,20.474166666666665,5.37,2.18,3.84
65115,8,3,6,2014,20.105,4.87,1.96,3.62
65116,8,4,6,2014,19.991666666666667,2.16,1.11,1.86
65117,8,5,6,2014,19.935833333333335,6.23,3.03,4.76
65118,8,6,6,2014,20.001666666666665,9.28,4.09,7.16
65119,8,7,6,2014,19.18166666666667,9.08,4.3,7.16
65120,8,8,6,2014,18.790000000000003,6.92,3.44,5.54
65121,8,9,6,2014,18.381666666666668,7.41,3.7,5.92
65122,8,10,6,2014,18.1675,6.5200000000000005,3.14,5.01
65123,8,11,6,2014,17.64166666666667,6.68,3.33,5.17
65124,8,12,6,2014,18.228333333333335,5.91,4.5,5.19
65125,8,13,6,2014,18.81,5.69,4.51,5.21
65126,8,14,6,2014,19.912500000000005,5.3,4.49,4.98
65127,8,15,6,2014,20.848333333333333,4.89,4.28,4.68
65128,8,16,6,2014,21.735000000000003,4.18,3.76,4.07
65129,8,17,6,2014,22.064166666666665,4.5600000000000005,4.0200000000000005,4.48
65130,8,18,6,2014,22.398333333333337,5.1000000000000005,4.3100000000000005,4.94
65131,8,19,6,2014,23.895,4.32,3.63,4.13
65132,8,20,6,2014,24.693333333333328,5.01,4.49,4.8500000000000005
65133,8,21,6,2014,24.813333333333336,5.2,4.7,5.14
65134,8,22,6,2014,25.1575,5.45,4.69,5.25
65135,8,23,6,2014,24.706666666666663,6.38,4.7700000000000005,5.62
65136,9,0,6,2014,24.44083333333333,7.07,4.54,5.8100000000000005
65137,9,1,6,2014,22.907500000000002,9.75,4.2,7.07
65138,9,2,6,2014,22.036666666666672,9.68,4.14,7.19
65139,9,3,6,2014,21.415000000000003,9.89,4.28,7.44
65140,9,4,6,2014,20.940833333333334,10.53,4.57,7.9
65141,9,5,6,2014,20.6125,11.47,5.14,8.73
65142,9,6,6,2014,20.076666666666664,10.69,4.39,7.92
65143,9,7,6,2014,19.855833333333333,11.05,4.83,8.34
65144,9,8,6,2014,19.797500000000003,11.12,5.18,8.6
65145,9,9,6,2014,19.755000000000003,11.42,5.16,8.67
65146,9,10,6,2014,19.502499999999998,9.17,4.23,7.1000000000000005
65147,9,11,6,2014,18.97666666666667,6.94,2.93,5.29
65148,9,12,6,2014,19.790000000000003,3.98,2.8000000000000003,3.3200000000000003
65149,9,13,6,2014,20.81833333333333,4.98,4.0200000000000005,4.69
65150,9,14,6,2014,21.614166666666666,6.6000000000000005,5.59,6.3
65151,9,15,6,2014,22.425,7.28,6.1000000000000005,6.97
65152,9,16,6,2014,23.19083333333333,8.99,7.5,8.56
65153,9,17,6,2014,23.80333333333333,10.36,8.47,9.82
65154,9,18,6,2014,23.715833333333336,11.15,9.18,10.59
65155,9,19,6,2014,24.40416666666667,11.84,9.41,11.08
65156,9,20,6,2014,24.614166666666673,12.59,9.73,11.64
65157,9,21,6,2014,20.497500000000002,11.11,8.45,10.06
65158,9,22,6,2014,19.63083333333333,9.85,6.41,8.35
65159,9,23,6,2014,20.659166666666664,9.16,4.34,6.62
65160,10,0,6,2014,20.9875,10.44,4.58,7.74
65161,10,1,6,2014,21.305,10.88,4.8500000000000005,8.290000000000001
65162,10,2,6,2014,21.124166666666667,9.96,4.43,7.68
65163,10,3,6,2014,21.03666666666667,10.35,4.8500000000000005,8.120000000000001
65164,10,4,6,2014,20.825,10.29,4.83,8.01
65165,10,5,6,2014,20.669999999999998,10.1,4.76,7.88
65166,10,6,6,2014,20.474166666666665,9.86,4.5,7.62
65167,10,7,6,2014,20.2975,9.86,4.48,7.62
65168,10,8,6,2014,20.09333333333333,9.69,4.48,7.57
65169,10,9,6,2014,19.764166666666668,9.01,4.15,6.99
65170,10,10,6,2014,19.26583333333333,8.74,4.07,6.87
65171,10,11,6,2014,18.39916666666667,8.33,3.65,6.34
65172,10,12,6,2014,18.526666666666667,7.75,5.3500000000000005,6.57
65173,10,13,6,2014,19.02,7.49,5.61,6.69
65174,10,14,6,2014,19.811666666666667,6.29,5.18,5.88
65175,10,15,6,2014,21.225833333333334,5.3100000000000005,4.65,5.09
65176,10,16,6,2014,22.639166666666664,5.76,5.05,5.5600000000000005
65177,10,17,6,2014,23.23166666666667,7.27,6.3500000000000005,7.08
65178,10,18,6,2014,24.296666666666667,7.91,6.92,7.7
65179,10,19,6,2014,24.45,8.74,7.37,8.38
65180,10,20,6,2014,25.045,6.5200000000000005,5.51,6.18
65181,10,21,6,2014,25.566666666666666,6.51,5.5200000000000005,6.23
65182,10,22,6,2014,25.372500000000002,6.6000000000000005,5.66,6.38
65183,10,23,6,2014,24.935,8.65,6.83,8.15
65184,11,0,6,2014,22.299999999999997,7.3900000000000015,5.76,6.84
65185,11,1,6,2014,21.328333333333333,6.45,4.46,5.71
65186,11,2,6,2014,20.848333333333333,7.1400000000000015,3.74,5.73
65187,11,3,6,2014,20.215833333333332,7.1400000000000015,3.79,5.8100000000000005
65188,11,4,6,2014,19.63,6.13,3.36,5.0600000000000005
65189,11,5,6,2014,19.163333333333338,5.01,2.66,3.98
65190,11,6,6,2014,18.71166666666667,5.41,3.01,4.47
65191,11,7,6,2014,18.450000000000003,3.94,2.19,3.23
65192,11,8,6,2014,18.166666666666664,4.13,2.26,3.34
65193,11,9,6,2014,17.855833333333333,4.12,2.15,3.27
65194,11,10,6,2014,17.673333333333332,4.42,2.14,3.16
65195,11,11,6,2014,17.661666666666665,3.95,1.68,2.62
65196,11,12,6,2014,18.38083333333333,3.39,2.79,3.09
65197,11,13,6,2014,19.493333333333336,3.56,2.98,3.26
65198,11,14,6,2014,20.63333333333333,3.4,3.11,3.28
65199,11,15,6,2014,21.969166666666663,3.8,3.45,3.66
65200,11,16,6,2014,23.230833333333333,3.96,3.62,3.85
65201,11,17,6,2014,24.307499999999994,3.92,3.62,3.83
65202,11,18,6,2014,25.528333333333336,4.34,3.96,4.22
65203,11,19,6,2014,26.375833333333333,4.87,4.46,4.8100000000000005
65204,11,20,6,2014,27.220000000000002,5.73,5.0200000000000005,5.54
65205,11,21,6,2014,27.5425,6.01,5.19,5.8100000000000005
65206,11,22,6,2014,27.5475,6.3900000000000015,5.26,6.07
65207,11,23,6,2014,27.205000000000002,7.17,5.5,6.5
65208,12,0,6,2014,26.405833333333334,7.03,4.36,5.59
65209,12,1,6,2014,25.314166666666665,9.27,4.25,7.08
65210,12,2,6,2014,24.704166666666666,9.46,4.23,7.2
65211,12,3,6,2014,24.136666666666667,8.700000000000001,3.9,6.61
65212,12,4,6,2014,23.839166666666667,7.0200000000000005,2.67,4.98
65213,12,5,6,2014,23.55,7.74,3.15,5.53
65214,12,6,6,2014,20.419999999999998,17.71,9.38,13.97
65215,12,7,6,2014,17.355833333333337,18.15,9.78,14.78
65216,12,8,6,2014,17.382500000000004,13.88,8.5,11.6
65217,12,9,6,2014,17.64,13.27,5.78,9.91
65218,12,10,6,2014,18.140833333333333,12.81,5.8500000000000005,9.65
65219,12,11,6,2014,18.073333333333334,4.75,2.54,3.58
65220,12,12,6,2014,18.998333333333335,6.88,4.86,5.91
65221,12,13,6,2014,19.93,10.8,7.66,9.69
65222,12,14,6,2014,19.454166666666666,10.75,7.97,9.6
65223,12,15,6,2014,20.257500000000004,10.85,8.52,10.01
65224,12,16,6,2014,21.273333333333333,11.08,8.71,10.24
65225,12,17,6,2014,22.109166666666663,9.95,8.19,9.43
65226,12,18,6,2014,22.791666666666668,8.53,7.12,8.11
65227,12,19,6,2014,23.14,9.74,8.1,9.3
65228,12,20,6,2014,23.355,10.73,8.74,10.16
65229,12,21,6,2014,23.562500000000004,10.28,8.35,9.73
65230,12,22,6,2014,23.415833333333335,9.31,7.28,8.63
65231,12,23,6,2014,23.088333333333335,8.5,6.49,7.79
65232,13,0,6,2014,22.359999999999996,8.23,4.91,6.94
65233,13,1,6,2014,21.821666666666662,7.9300000000000015,3.18,5.82
65234,13,2,6,2014,21.478333333333335,8.33,3.28,6.12
65235,13,3,6,2014,21.104166666666668,7.25,3.2,5.49
65236,13,4,6,2014,20.585,8.01,3.89,6.32
65237,13,5,6,2014,19.8925,8.82,3.77,6.75
65238,13,6,6,2014,19.430833333333332,8.09,3.3000000000000003,6.18
65239,13,7,6,2014,19.212500000000002,7.58,3.09,5.7700000000000005
65240,13,8,6,2014,18.997500000000002,6.74,3.17,5.23
65241,13,9,6,2014,18.754166666666666,6.19,2.79,4.8100000000000005
65242,13,10,6,2014,18.535,5.5,2.4,4.14
65243,13,11,6,2014,18.435833333333335,4.12,1.51,2.85
65244,13,12,6,2014,18.761666666666667,4.71,3.14,4.08
65245,13,13,6,2014,19.26083333333333,5.13,4.0600000000000005,4.69
65246,13,14,6,2014,19.989166666666666,4.8100000000000005,4.0600000000000005,4.53
65247,13,15,6,2014,20.99416666666667,4.18,3.71,4.0200000000000005
65248,13,16,6,2014,22.098333333333333,4.2,3.81,4.1
65249,13,17,6,2014,23.191666666666666,5.29,4.8100000000000005,5.22
65250,13,18,6,2014,24.086666666666662,6.99,6.16,6.83
65251,13,19,6,2014,24.799166666666665,6.45,5.67,6.3
65252,13,20,6,2014,25.506666666666664,6.5,5.57,6.25
65253,13,21,6,2014,25.8475,8.33,6.86,7.95
65254,13,22,6,2014,25.71666666666667,7.82,6.3100000000000005,7.34
65255,13,23,6,2014,25.23,9.09,6.3900000000000015,7.9
65256,14,0,6,2014,24.298333333333336,10.92,5.4,8.57
65257,14,1,6,2014,23.663333333333338,11.09,5.28,8.71
65258,14,2,6,2014,23.18166666666667,12.01,5.75,9.45
65259,14,3,6,2014,22.92833333333333,11.88,5.71,9.33
65260,14,4,6,2014,22.855833333333337,12.93,6.1000000000000005,10.14
65261,14,5,6,2014,22.867500000000003,13.46,6.32,10.48
65262,14,6,6,2014,22.749166666666667,14.16,6.73,11.09
65263,14,7,6,2014,22.511666666666667,14.58,7.03,11.47
65264,14,8,6,2014,22.280833333333334,15.39,7.31,12.09
65265,14,9,6,2014,22.147499999999997,15.59,7.4,12.23
65266,14,10,6,2014,22.0525,16.21,7.96,12.78
65267,14,11,6,2014,21.896666666666665,16.69,8.01,13.2
65268,14,12,6,2014,21.765,17.2,9.0,13.84
65269,14,13,6,2014,22.269166666666667,18.0,11.3,15.2
65270,14,14,6,2014,22.500833333333336,21.02,13.52,17.98
65271,14,15,6,2014,21.129166666666666,19.51,12.92,16.86
65272,14,16,6,2014,24.009166666666662,18.24,12.47,15.85
65273,14,17,6,2014,26.07833333333333,18.9,12.94,16.53
65274,14,18,6,2014,26.115833333333338,19.66,13.21,17.1
65275,14,19,6,2014,27.44333333333333,18.02,12.81,15.83
65276,14,20,6,2014,28.284166666666668,20.51,12.97,17.51
65277,14,21,6,2014,28.538333333333338,17.92,12.12,15.25
65278,14,22,6,2014,28.310000000000002,20.29,12.67,17.080000000000002
65279,14,23,6,2014,27.784166666666664,19.36,12.15,16.32
65280,15,0,6,2014,27.0025,21.63,12.63,17.68
65281,15,1,6,2014,26.4375,21.37,10.49,16.82
65282,15,2,6,2014,26.185,20.71,9.86,16.19
65283,15,3,6,2014,25.902499999999993,21.54,10.12,16.79
65284,15,4,6,2014,25.705,21.44,10.54,16.91
65285,15,5,6,2014,25.645000000000007,21.0,10.15,16.43
65286,15,6,6,2014,25.5275,20.72,9.94,16.25
65287,15,7,6,2014,23.25666666666667,18.84,10.03,14.71
65288,15,8,6,2014,19.628333333333334,19.36,12.49,16.1
65289,15,9,6,2014,20.094166666666666,14.12,7.82,11.03
65290,15,10,6,2014,20.025833333333335,13.58,7.57,10.29
65291,15,11,6,2014,19.77333333333333,11.66,6.1000000000000005,8.96
65292,15,12,6,2014,19.56416666666666,7.1000000000000005,4.51,5.9
65293,15,13,6,2014,20.2875,7.61,5.55,6.8
65294,15,14,6,2014,21.18,6.48,5.24,5.97
65295,15,15,6,2014,22.783333333333335,7.04,5.7,6.5200000000000005
65296,15,16,6,2014,24.216666666666665,5.66,4.83,5.36
65297,15,17,6,2014,25.155833333333334,5.44,4.78,5.26
65298,15,18,6,2014,25.939166666666665,5.13,4.55,5.0
65299,15,19,6,2014,26.860833333333332,5.75,5.08,5.62
65300,15,20,6,2014,27.50166666666667,5.0,4.4,4.8500000000000005
65301,15,21,6,2014,27.996666666666666,4.13,3.78,4.11
65302,15,22,6,2014,28.395,3.03,2.71,2.94
65303,15,23,6,2014,28.430833333333336,3.65,3.01,3.47
65304,16,0,6,2014,28.01583333333333,2.21,1.84,2.15
65305,16,1,6,2014,26.28916666666667,3.02,1.9,2.93
65306,16,2,6,2014,25.540833333333335,4.24,2.56,3.98
65307,16,3,6,2014,25.045833333333334,6.44,2.93,4.91
65308,16,4,6,2014,24.0975,10.03,3.94,7.67
65309,16,5,6,2014,24.037499999999998,10.9,3.93,7.78
65310,16,6,6,2014,23.75166666666667,12.28,4.29,8.69
65311,16,7,6,2014,23.602500000000003,10.4,3.98,7.41
65312,16,8,6,2014,23.418333333333333,11.56,4.66,8.51
65313,16,9,6,2014,23.013333333333332,11.2,5.16,8.71
65314,16,10,6,2014,22.650833333333335,12.18,5.22,8.94
65315,16,11,6,2014,22.299166666666665,12.09,5.63,9.32
65316,16,12,6,2014,23.10083333333333,12.17,6.72,9.95
65317,16,13,6,2014,24.624166666666664,10.72,7.19,9.16
65318,16,14,6,2014,26.3025,12.05,8.31,10.51
65319,16,15,6,2014,27.845833333333335,12.63,9.21,11.27
65320,16,16,6,2014,28.865,14.24,9.81,12.64
65321,16,17,6,2014,29.91333333333333,13.78,9.8,12.25
65322,16,18,6,2014,30.625,13.44,9.99,12.07
65323,16,19,6,2014,31.084166666666672,15.96,11.01,14.01
65324,16,20,6,2014,31.099999999999998,16.31,11.24,14.13
65325,16,21,6,2014,31.005,15.96,10.79,13.64
65326,16,22,6,2014,30.658333333333335,18.79,11.06,15.61
65327,16,23,6,2014,30.03333333333333,18.04,10.87,14.71
65328,17,0,6,2014,29.109166666666667,19.42,8.71,14.8
65329,17,1,6,2014,28.617499999999996,20.63,9.88,16.13
65330,17,2,6,2014,28.441666666666666,21.71,10.62,17.05
65331,17,3,6,2014,28.250833333333333,21.46,10.4,16.78
65332,17,4,6,2014,28.192499999999995,21.37,10.14,16.57
65333,17,5,6,2014,28.29166666666667,20.09,9.69,15.74
65334,17,6,6,2014,28.249166666666667,20.06,9.62,15.65
65335,17,7,6,2014,28.230833333333322,19.31,9.27,15.1
65336,17,8,6,2014,28.116666666666664,19.8,9.53,15.46
65337,17,9,6,2014,27.880000000000006,19.24,9.21,14.96
65338,17,10,6,2014,27.664999999999996,18.17,8.08,13.84
65339,17,11,6,2014,27.444166666666664,17.36,8.85,13.83
65340,17,12,6,2014,27.43583333333333,17.400000000000002,8.83,13.83
65341,17,13,6,2014,28.122500000000002,17.18,10.88,14.19
65342,17,14,6,2014,28.929999999999996,16.89,11.29,14.49
65343,17,15,6,2014,29.779166666666665,17.18,11.61,14.81
65344,17,16,6,2014,30.661666666666665,16.11,11.29,14.15
65345,17,17,6,2014,31.929166666666664,15.47,11.28,13.8
65346,17,18,6,2014,32.970000000000006,16.12,11.48,14.22
65347,17,19,6,2014,33.6075,16.2,11.39,14.19
65348,17,20,6,2014,33.9225,16.240000000000002,10.79,13.99
65349,17,21,6,2014,34.14416666666666,15.9,10.49,13.76
65350,17,22,6,2014,33.71999999999999,17.54,11.12,15.0
65351,17,23,6,2014,32.995,16.21,9.58,12.99
65352,18,0,6,2014,31.688333333333333,17.3,8.23,13.48
65353,18,1,6,2014,30.810833333333335,16.240000000000002,8.040000000000001,12.74
65354,18,2,6,2014,30.20333333333333,16.98,8.23,13.35
65355,18,3,6,2014,29.6825,18.01,8.82,14.16
65356,18,4,6,2014,29.45666666666666,18.28,8.99,14.38
65357,18,5,6,2014,29.350000000000005,18.46,9.1,14.52
65358,18,6,6,2014,29.276666666666667,17.11,8.39,13.44
65359,18,7,6,2014,29.182499999999994,17.07,8.88,13.64
65360,18,8,6,2014,29.225833333333338,17.47,9.11,13.87
65361,18,9,6,2014,29.085833333333337,17.080000000000002,8.76,13.35
65362,18,10,6,2014,28.679999999999996,16.16,8.46,12.92
65363,18,11,6,2014,28.56833333333334,18.47,9.61,14.78
65364,18,12,6,2014,28.13083333333333,17.94,9.15,14.26
65365,18,13,6,2014,28.660000000000007,16.95,10.39,13.64
65366,18,14,6,2014,29.554999999999996,16.02,10.8,13.87
65367,18,15,6,2014,30.634166666666662,15.68,10.86,13.67
65368,18,16,6,2014,31.731666666666666,14.48,10.47,12.85
65369,18,17,6,2014,32.82916666666667,12.82,9.61,11.58
65370,18,18,6,2014,33.487500000000004,12.95,9.85,11.84
65371,18,19,6,2014,33.84333333333334,13.82,10.25,12.52
65372,18,20,6,2014,34.08166666666667,13.48,9.92,12.14
65373,18,21,6,2014,34.098333333333336,12.88,8.99,11.48
65374,18,22,6,2014,33.5725,13.33,8.74,11.52
65375,18,23,6,2014,32.803333333333335,14.1,8.51,11.79
65376,19,0,6,2014,31.614166666666666,14.27,7.72,11.33
65377,19,1,6,2014,30.846666666666664,14.97,7.5,11.82
65378,19,2,6,2014,30.3475,16.43,8.120000000000001,12.95
65379,19,3,6,2014,30.139166666666657,16.06,7.96,12.63
65380,19,4,6,2014,29.32416666666666,16.64,8.59,13.09
65381,19,5,6,2014,27.530833333333334,12.92,6.91,10.25
65382,19,6,6,2014,26.960833333333337,12.81,6.3900000000000015,10.03
65383,19,7,6,2014,26.923333333333336,13.72,6.69,10.75
65384,19,8,6,2014,26.634166666666673,14.69,7.47,11.66
65385,19,9,6,2014,26.278333333333336,15.22,7.7,12.09
65386,19,10,6,2014,26.221666666666664,13.94,7.05,11.05
65387,19,11,6,2014,26.168333333333337,12.6,6.2,9.87
65388,19,12,6,2014,26.58416666666666,12.17,6.79,9.64
65389,19,13,6,2014,27.505000000000006,11.2,7.53,9.6
65390,19,14,6,2014,28.496666666666666,10.3,7.46,9.16
65391,19,15,6,2014,29.439999999999998,9.08,7.12,8.38
65392,19,16,6,2014,30.122500000000002,9.34,7.54,8.75
65393,19,17,6,2014,30.62833333333333,10.73,8.63,10.09
65394,19,18,6,2014,31.24416666666667,10.27,8.26,9.62
65395,19,19,6,2014,31.635833333333334,10.4,8.36,9.75
65396,19,20,6,2014,31.956666666666667,9.81,7.97,9.23
65397,19,21,6,2014,32.26583333333333,9.35,7.6,8.84
65398,19,22,6,2014,26.16333333333333,19.95,12.74,17.1
65399,19,23,6,2014,25.613333333333333,16.17,11.4,14.6
65400,20,0,6,2014,28.031666666666663,6.62,3.41,5.3500000000000005
65401,20,1,6,2014,26.9275,7.37,4.12,5.76
65402,20,2,6,2014,23.921666666666663,8.48,4.69,6.8900000000000015
65403,20,3,6,2014,22.185000000000002,8.9,4.83,7.17
65404,20,4,6,2014,22.414999999999996,8.15,4.1,5.91
65405,20,5,6,2014,23.045833333333334,7.81,4.44,6.23
65406,20,6,6,2014,23.245833333333334,7.82,4.65,6.6400000000000015
65407,20,7,6,2014,23.210833333333337,8.48,5.0600000000000005,7.17
65408,20,8,6,2014,23.426666666666666,8.43,4.44,6.72
65409,20,9,6,2014,23.500833333333336,8.33,4.28,6.62
65410,20,10,6,2014,23.26833333333333,7.56,3.82,6.1000000000000005
65411,20,11,6,2014,23.289166666666663,6.8500000000000005,4.0,5.99
65412,20,12,6,2014,24.329166666666666,6.83,4.0200000000000005,5.94
65413,20,13,6,2014,26.051666666666666,5.4,3.7,4.71
65414,20,14,6,2014,28.06083333333334,3.82,3.13,3.49
65415,20,15,6,2014,29.53333333333333,2.85,2.63,2.76
65416,20,16,6,2014,30.68166666666666,2.29,2.16,2.22
65417,20,17,6,2014,31.7475,2.08,2.08,2.11
65418,20,18,6,2014,32.800000000000004,3.61,3.34,3.58
65419,20,19,6,2014,33.67000000000001,5.05,4.64,5.04
65420,20,20,6,2014,34.130833333333335,4.71,4.29,4.69
65421,20,21,6,2014,34.605,4.59,4.05,4.48
65422,20,22,6,2014,34.66499999999999,4.91,4.23,4.75
65423,20,23,6,2014,34.2325,7.58,5.04,6.6000000000000005
65424,21,0,6,2014,32.778333333333336,9.5,4.93,7.28
65425,21,1,6,2014,31.342500000000005,11.44,5.51,8.89
65426,21,2,6,2014,30.785,11.51,5.57,8.91
65427,21,3,6,2014,30.201666666666668,11.55,5.5600000000000005,8.98
65428,21,4,6,2014,29.855000000000004,11.37,5.49,8.78
65429,21,5,6,2014,29.535,11.9,5.68,9.11
65430,21,6,6,2014,25.61833333333334,11.69,7.87,9.79
65431,21,7,6,2014,21.08583333333333,11.82,7.71,10.24
65432,21,8,6,2014,20.34,9.77,6.3500000000000005,8.5
65433,21,9,6,2014,20.418333333333333,7.82,5.34,6.79
65434,21,10,6,2014,21.121666666666666,5.44,4.12,4.92
65435,21,11,6,2014,21.581666666666667,8.57,4.93,6.72
65436,21,12,6,2014,19.89416666666667,11.8,8.38,10.35
65437,21,13,6,2014,22.36916666666667,3.13,2.34,2.52
65438,21,14,6,2014,25.495833333333334,6.34,5.04,5.74
65439,21,15,6,2014,27.287499999999998,5.58,4.61,5.09
65440,21,16,6,2014,28.798333333333332,6.07,5.19,5.76
65441,21,17,6,2014,30.39916666666667,5.37,4.67,5.12
65442,21,18,6,2014,31.825833333333335,4.89,4.43,4.82
65443,21,19,6,2014,32.024166666666666,10.83,9.61,11.01
65444,21,20,6,2014,30.73166666666667,11.79,9.3,11.06
65445,21,21,6,2014,30.385,9.48,7.92,9.16
65446,21,22,6,2014,30.490833333333338,10.46,8.07,9.58
65447,21,23,6,2014,29.92,10.0,7.41,9.1
65448,22,0,6,2014,29.49666666666667,8.44,5.67,7.18
65449,22,1,6,2014,28.866666666666664,7.8900000000000015,4.07,6.01
65450,22,2,6,2014,27.485833333333332,10.66,5.24,8.32
65451,22,3,6,2014,20.60666666666667,27.4,14.11,21.88
65452,22,4,6,2014,20.419999999999998,16.82,9.55,13.48
65453,22,5,6,2014,20.483333333333334,17.490000000000002,9.48,13.93
65454,22,6,6,2014,20.490000000000002,14.63,8.72,11.77
65455,22,7,6,2014,20.592499999999998,15.47,8.14,12.44
65456,22,8,6,2014,19.543333333333333,16.85,11.18,14.41
65457,22,9,6,2014,18.134166666666673,16.6,9.24,13.36
65458,22,10,6,2014,19.831666666666663,16.31,8.45,12.89
65459,22,11,6,2014,22.46083333333333,10.09,4.16,8.05
65460,22,12,6,2014,22.185833333333335,9.47,6.13,7.95
65461,22,13,6,2014,22.04416666666667,10.13,7.01,8.56
65462,22,14,6,2014,24.31916666666667,9.99,6.92,8.46
65463,22,15,6,2014,26.621666666666666,8.19,6.28,7.44
65464,22,16,6,2014,27.646666666666665,8.28,6.86,8.0
65465,22,17,6,2014,22.729166666666668,11.56,7.98,10.24
65466,22,18,6,2014,25.12833333333333,7.29,6.18,7.03
65467,22,19,6,2014,25.872500000000002,7.72,6.69,7.54
65468,22,20,6,2014,27.886666666666667,5.28,4.68,5.14
65469,22,21,6,2014,29.142500000000002,3.43,3.02,3.28
65470,22,22,6,2014,29.930000000000007,4.36,3.65,4.17
65471,22,23,6,2014,30.11333333333333,4.79,4.0,4.59
65472,23,0,6,2014,27.804999999999996,11.08,6.53,8.94
65473,23,1,6,2014,22.2375,10.78,6.88,9.4
65474,23,2,6,2014,21.80583333333333,9.44,4.17,6.6000000000000005
65475,23,3,6,2014,21.151666666666667,10.4,6.05,8.58
65476,23,4,6,2014,21.367499999999996,6.1000000000000005,3.77,5.5
65477,23,5,6,2014,21.620833333333334,4.08,3.69,4.79
65478,23,6,6,2014,21.263333333333332,9.5,5.55,7.79
65479,23,7,6,2014,21.3475,8.53,5.13,7.3
65480,23,8,6,2014,22.09166666666667,8.46,4.14,6.63
65481,23,9,6,2014,22.258333333333336,8.290000000000001,4.14,6.5600000000000005
65482,23,10,6,2014,22.166666666666668,6.29,2.86,4.92
65483,23,11,6,2014,22.246666666666666,4.91,2.07,3.84
65484,23,12,6,2014,23.35916666666667,4.61,2.49,3.2
65485,23,13,6,2014,24.540833333333335,4.6000000000000005,3.81,4.2700000000000005
65486,23,14,6,2014,25.378333333333334,4.91,4.25,4.71
65487,23,15,6,2014,25.67,6.98,6.3,7.03
65488,23,16,6,2014,26.25833333333333,5.36,4.3100000000000005,4.74
65489,23,17,6,2014,27.513333333333335,5.8500000000000005,5.09,5.64
65490,23,18,6,2014,27.992500000000003,5.92,5.1000000000000005,5.75
65491,23,19,6,2014,26.9675,18.31,12.96,16.06
65492,23,20,6,2014,19.444166666666668,19.67,9.06,15.16
65493,23,21,6,2014,20.72416666666667,6.8500000000000005,5.3500000000000005,6.22
65494,23,22,6,2014,21.691666666666666,6.7,5.41,6.19
65495,23,23,6,2014,22.843333333333334,4.26,3.52,3.97
65496,24,0,6,2014,22.555000000000003,3.82,3.29,3.7
65497,24,1,6,2014,22.242499999999996,2.22,1.22,1.81
65498,24,2,6,2014,21.86833333333333,2.81,1.6,2.33
65499,24,3,6,2014,22.0625,3.46,2.12,3.01
65500,24,4,6,2014,22.36583333333333,3.94,2.29,3.31
65501,24,5,6,2014,22.651666666666667,4.49,2.71,3.64
65502,24,6,6,2014,22.728333333333328,4.7,3.19,4.32
65503,24,7,6,2014,22.5925,4.93,3.06,4.46
65504,24,8,6,2014,22.615,5.66,3.04,4.67
65505,24,9,6,2014,22.409166666666664,5.78,2.79,4.49
65506,24,10,6,2014,22.4075,6.0600000000000005,2.98,4.91
65507,24,11,6,2014,22.379166666666663,6.03,2.83,4.91
65508,24,12,6,2014,23.238333333333333,5.38,3.02,4.32
65509,24,13,6,2014,24.761666666666667,4.0200000000000005,2.9,3.43
65510,24,14,6,2014,26.0575,3.59,3.0500000000000003,3.38
65511,24,15,6,2014,26.834999999999994,3.12,2.83,3.03
65512,24,16,6,2014,27.522499999999997,3.53,3.34,3.5500000000000003
65513,24,17,6,2014,27.8775,3.08,2.82,3.0
65514,24,18,6,2014,28.450833333333332,3.15,2.9,3.08
65515,24,19,6,2014,28.617500000000003,2.71,2.66,2.76
65516,24,20,6,2014,28.549999999999997,3.58,3.15,3.53
65517,24,21,6,2014,28.00250000000001,7.52,6.63,7.57
65518,24,22,6,2014,28.817499999999995,0.67,0.68,0.68
65519,24,23,6,2014,28.918333333333333,1.23,1.17,1.22
65520,25,0,6,2014,28.346666666666668,2.35,1.88,2.33
65521,25,1,6,2014,26.573333333333334,3.44,1.38,2.42
65522,25,2,6,2014,24.912499999999998,12.21,6.7700000000000005,10.11
65523,25,3,6,2014,23.020833333333332,9.02,4.75,7.3900000000000015
65524,25,4,6,2014,22.882499999999997,7.58,4.47,6.13
65525,25,5,6,2014,23.034166666666668,6.09,3.21,4.57
65526,25,6,6,2014,22.889166666666668,3.7,1.77,2.62
65527,25,7,6,2014,22.772499999999997,1.89,0.97,1.69
65528,25,8,6,2014,22.548333333333336,0.73,0.92,1.0
65529,25,9,6,2014,22.2625,1.3,0.78,1.03
65530,25,10,6,2014,21.929166666666664,1.79,1.03,1.54
65531,25,11,6,2014,21.81583333333333,3.69,2.5,3.51
65532,25,12,6,2014,22.610833333333336,3.79,2.22,3.3000000000000003
65533,25,13,6,2014,24.149166666666662,4.3500000000000005,3.46,3.94
65534,25,14,6,2014,25.590000000000003,4.53,3.81,4.22
65535,25,15,6,2014,26.660833333333333,4.22,3.76,4.08
65536,25,16,6,2014,27.517500000000002,5.0200000000000005,4.41,4.84
65537,25,17,6,2014,28.090000000000007,4.79,4.25,4.63
65538,25,18,6,2014,28.791666666666675,4.48,3.97,4.33
65539,25,19,6,2014,27.0775,7.23,6.46,7.4
65540,25,20,6,2014,26.55583333333333,6.57,5.94,6.5
65541,25,21,6,2014,26.213333333333335,7.3900000000000015,6.16,7.0600000000000005
65542,25,22,6,2014,26.409166666666675,4.2700000000000005,3.87,4.23
65543,25,23,6,2014,26.902500000000003,5.76,4.68,5.47
65544,26,0,6,2014,25.485833333333332,10.2,6.6000000000000005,8.8
65545,26,1,6,2014,23.946666666666662,8.78,4.94,6.98
65546,26,2,6,2014,23.25,9.91,4.0200000000000005,6.99
65547,26,3,6,2014,23.13083333333333,10.58,4.48,7.7
65548,26,4,6,2014,22.76833333333333,8.99,3.63,6.3100000000000005
65549,26,5,6,2014,22.751666666666665,10.28,4.3100000000000005,7.41
65550,26,6,6,2014,22.787499999999998,10.87,4.76,7.88
65551,26,7,6,2014,22.805833333333336,11.24,5.2700000000000005,8.36
65552,26,8,6,2014,22.709999999999997,10.35,4.54,7.53
65553,26,9,6,2014,22.461666666666662,9.95,4.68,7.48
65554,26,10,6,2014,22.412499999999998,9.63,4.53,7.23
65555,26,11,6,2014,22.374166666666667,9.32,4.43,7.17
65556,26,12,6,2014,23.218333333333334,9.1,5.4,7.53
65557,26,13,6,2014,24.64,7.91,5.69,6.84
65558,26,14,6,2014,25.927500000000006,7.28,5.69,6.61
65559,26,15,6,2014,27.263333333333335,7.0200000000000005,5.8,6.59
65560,26,16,6,2014,28.28,6.88,5.72,6.48
65561,26,17,6,2014,26.048333333333332,4.84,4.25,4.63
65562,26,18,6,2014,29.631666666666664,8.97,7.28,8.43
65563,26,19,6,2014,30.50166666666666,10.52,8.38,9.83
65564,26,20,6,2014,30.970000000000002,10.01,8.02,9.38
65565,26,21,6,2014,25.733333333333338,18.14,10.97,14.66
65566,26,22,6,2014,23.2225,12.5,8.57,11.01
65567,26,23,6,2014,24.08,13.29,9.27,11.7
65568,27,0,6,2014,21.300833333333333,19.6,13.99,17.89
65569,27,1,6,2014,20.365833333333335,12.54,7.31,10.25
65570,27,2,6,2014,19.715833333333332,11.98,6.66,9.59
65571,27,3,6,2014,19.345000000000002,11.64,6.44,9.62
65572,27,4,6,2014,20.070000000000004,9.93,6.08,8.86
65573,27,5,6,2014,20.025833333333328,7.87,2.83,4.6000000000000005
65574,27,6,6,2014,20.397499999999997,11.07,3.19,6.58
65575,27,7,6,2014,21.166666666666668,12.09,5.42,8.98
65576,27,8,6,2014,21.285833333333333,13.12,6.1000000000000005,9.85
65577,27,9,6,2014,21.3325,12.76,5.91,9.48
65578,27,10,6,2014,21.8475,12.85,5.82,9.66
65579,27,11,6,2014,22.415833333333335,12.94,5.8500000000000005,9.68
65580,27,12,6,2014,23.512500000000003,12.81,6.2,9.78
65581,27,13,6,2014,25.145,12.34,7.97,10.39
65582,27,14,6,2014,26.635833333333334,12.08,8.43,10.36
65583,27,15,6,2014,27.8025,12.51,9.06,11.11
65584,27,16,6,2014,28.67083333333333,13.21,9.27,11.69
65585,27,17,6,2014,29.505,12.91,9.59,11.63
65586,27,18,6,2014,30.245833333333337,14.07,10.1,12.5
65587,27,19,6,2014,30.638333333333332,15.17,10.55,13.4
65588,27,20,6,2014,30.999166666666664,15.58,10.42,13.54
65589,27,21,6,2014,31.175,14.58,10.07,12.76
65590,27,22,6,2014,30.89583333333333,16.41,10.18,13.97
65591,27,23,6,2014,30.346666666666664,15.21,9.16,12.64
65592,28,0,6,2014,29.268333333333334,16.57,8.01,12.86
65593,28,1,6,2014,28.250833333333336,16.82,7.79,12.98
65594,28,2,6,2014,27.667500000000004,14.75,6.65,11.31
65595,28,3,6,2014,27.3125,17.14,8.24,13.39
65596,28,4,6,2014,26.968333333333334,19.76,9.82,15.56
65597,28,5,6,2014,22.560833333333335,18.19,11.01,15.34
65598,28,6,6,2014,22.203333333333337,17.34,7.84,13.47
65599,28,7,6,2014,22.4475,18.88,8.03,14.38
65600,28,8,6,2014,23.750833333333333,14.72,6.0200000000000005,10.73
65601,28,9,6,2014,24.1875,13.22,5.41,9.77
65602,28,10,6,2014,23.470000000000002,14.65,6.94,11.4
65603,28,11,6,2014,22.674166666666668,14.35,7.16,11.38
65604,28,12,6,2014,22.735833333333336,16.1,9.15,12.95
65605,28,13,6,2014,24.07833333333333,14.18,8.57,11.8
65606,28,14,6,2014,25.35666666666667,12.22,8.39,10.61
65607,28,15,6,2014,26.770833333333332,11.57,8.370000000000001,10.23
65608,28,16,6,2014,28.15166666666667,10.52,8.11,9.62
65609,28,17,6,2014,29.414166666666663,10.71,8.25,9.8
65610,28,18,6,2014,29.743333333333336,11.86,9.18,10.96
65611,28,19,6,2014,25.5275,18.85,11.73,15.88
65612,28,20,6,2014,21.32333333333333,14.94,7.31,11.56
65613,28,21,6,2014,23.9575,10.72,8.0,9.71
65614,28,22,6,2014,25.379166666666674,11.43,7.87,10.04
65615,28,23,6,2014,25.320833333333336,10.49,7.61,9.39
65616,29,0,6,2014,25.19333333333333,10.1,5.88,8.36
65617,29,1,6,2014,23.734166666666667,10.76,5.32,8.33
65618,29,2,6,2014,22.3425,24.8,10.97,19.68
65619,29,3,6,2014,23.859166666666667,18.1,11.04,15.19
65620,29,4,6,2014,24.02333333333333,11.56,5.58,9.02
65621,29,5,6,2014,21.49083333333333,12.82,6.49,9.86
65622,29,6,6,2014,21.173333333333336,12.29,5.71,9.6
65623,29,7,6,2014,20.894166666666663,12.53,5.72,9.51
65624,29,8,6,2014,20.698333333333334,13.87,6.19,10.13
65625,29,9,6,2014,21.242499999999996,13.96,5.96,10.08
65626,29,10,6,2014,21.750833333333333,14.1,6.13,10.16
65627,29,11,6,2014,22.115833333333338,14.29,6.3100000000000005,10.51
65628,29,12,6,2014,23.705000000000002,14.23,6.41,10.61
65629,29,13,6,2014,25.94583333333333,12.38,7.05,9.67
65630,29,14,6,2014,27.818333333333328,11.42,7.57,9.65
65631,29,15,6,2014,29.55083333333333,10.39,7.53,9.19
65632,29,16,6,2014,30.80083333333333,9.99,7.58,9.07
65633,29,17,6,2014,31.860833333333336,10.26,7.85,9.38
65634,29,18,6,2014,32.6175,11.19,8.43,10.17
65635,29,19,6,2014,33.372499999999995,11.08,8.27,10.01
65636,29,20,6,2014,33.785000000000004,11.48,8.46,10.32
65637,29,21,6,2014,33.678333333333335,15.64,9.85,13.27
65638,29,22,6,2014,33.5675,16.92,10.02,14.13
65639,29,23,6,2014,33.18,15.36,8.24,12.31
65640,30,0,6,2014,31.988333333333333,13.33,6.43,10.29
65641,30,1,6,2014,30.63416666666667,13.1,5.8500000000000005,9.61
65642,30,2,6,2014,29.39,14.22,6.69,11.0
65643,30,3,6,2014,28.8775,14.16,6.61,10.88
65644,30,4,6,2014,27.80333333333333,14.0,6.88,10.97
65645,30,5,6,2014,27.015833333333337,13.78,6.84,10.76
65646,30,6,6,2014,26.432500000000005,13.22,6.24,10.18
65647,30,7,6,2014,26.06916666666667,13.23,6.24,10.09
65648,30,8,6,2014,25.90833333333333,13.98,6.69,10.74
65649,30,9,6,2014,25.869999999999994,13.95,6.61,10.64
65650,30,10,6,2014,25.535,13.47,5.99,10.11
65651,30,11,6,2014,25.145833333333332,13.6,6.23,10.22
65652,30,12,6,2014,25.90833333333333,13.92,6.87,10.83
65653,30,13,6,2014,27.381666666666664,14.32,7.95,11.29
65654,30,14,6,2014,28.729166666666668,13.75,8.6,11.57
65655,30,15,6,2014,30.151666666666667,14.3,9.35,12.22
65656,30,16,6,2014,31.58,12.61,8.82,11.03
65657,30,17,6,2014,32.56,14.54,10.22,12.8
65658,30,18,6,2014,33.42,12.67,9.33,11.37
65659,30,19,6,2014,34.18083333333333,12.7,9.38,11.4
65660,30,20,6,2014,35.305,13.18,9.31,11.6
65661,30,21,6,2014,36.0325,14.08,9.52,12.14
65662,30,22,6,2014,36.41416666666667,13.83,8.96,11.72
65663,30,23,6,2014,34.89666666666667,15.0,8.16,11.82
65664,1,0,7,2014,28.860000000000003,14.87,9.42,12.64
65665,1,1,7,2014,26.862499999999997,14.13,7.0600000000000005,11.2
65666,1,2,7,2014,24.955,13.21,6.37,10.31
65667,1,3,7,2014,23.131666666666664,11.02,4.76,8.07
65668,1,4,7,2014,21.355,8.46,2.99,5.63
65669,1,5,7,2014,20.41583333333333,7.92,2.92,5.37
65670,1,6,7,2014,19.36916666666667,7.58,2.61,5.19
65671,1,7,7,2014,19.345833333333335,6.12,3.66,4.66
65672,1,8,7,2014,19.110000000000003,4.45,3.59,4.69
65673,1,9,7,2014,19.096666666666668,5.21,4.0,5.6000000000000005
65674,1,10,7,2014,18.3325,6.96,4.29,6.43
65675,1,11,7,2014,18.22,7.26,4.11,6.5
65676,1,12,7,2014,20.370833333333334,7.69,3.77,6.32
65677,1,13,7,2014,22.9975,8.33,5.57,6.99
65678,1,14,7,2014,24.390833333333333,8.23,6.0600000000000005,7.23
65679,1,15,7,2014,25.334166666666665,9.32,7.17,8.52
65680,1,16,7,2014,25.98333333333333,10.14,7.79,9.27
65681,1,17,7,2014,26.705000000000002,10.49,8.08,9.61
65682,1,18,7,2014,27.194999999999997,9.95,7.87,9.26
65683,1,19,7,2014,27.442499999999995,11.35,8.790000000000001,10.47
65684,1,20,7,2014,27.478333333333335,12.42,9.2,11.25
65685,1,21,7,2014,27.287499999999998,11.16,8.14,10.04
65686,1,22,7,2014,26.245,12.93,8.88,11.26
65687,1,23,7,2014,25.049166666666665,12.48,7.74,10.18
65688,2,0,7,2014,23.054166666666664,12.52,6.84,10.26
65689,2,1,7,2014,21.2675,12.45,5.84,9.89
65690,2,2,7,2014,20.11916666666667,10.46,4.94,8.290000000000001
65691,2,3,7,2014,19.269166666666667,9.28,4.2700000000000005,7.28
65692,2,4,7,2014,18.687499999999996,11.75,5.5,9.38
65693,2,5,7,2014,18.060833333333335,11.22,5.24,8.92
65694,2,6,7,2014,17.398333333333333,10.48,4.92,8.370000000000001
65695,2,7,7,2014,16.867500000000003,9.99,4.75,7.9300000000000015
65696,2,8,7,2014,16.256666666666664,10.37,5.3500000000000005,8.22
65697,2,9,7,2014,15.839166666666666,10.13,4.79,8.01
65698,2,10,7,2014,15.453333333333333,10.01,4.74,7.96
65699,2,11,7,2014,15.147499999999999,9.37,4.09,7.25
65700,2,12,7,2014,15.591666666666663,8.9,5.3,6.95
65701,2,13,7,2014,16.3075,9.08,6.46,8.0
65702,2,14,7,2014,17.18416666666667,8.35,6.54,7.68
65703,2,15,7,2014,18.087500000000002,8.9,7.1400000000000015,8.290000000000001
65704,2,16,7,2014,18.900833333333335,9.98,7.9300000000000015,9.27
65705,2,17,7,2014,19.65,9.78,7.82,9.13
65706,2,18,7,2014,19.937499999999996,9.51,7.58,8.89
65707,2,19,7,2014,20.483333333333338,9.8,7.9,9.2
65708,2,20,7,2014,21.24666666666667,9.33,7.61,8.8
65709,2,21,7,2014,21.432500000000005,7.96,6.6400000000000015,7.6
65710,2,22,7,2014,21.368333333333336,8.05,6.41,7.55
65711,2,23,7,2014,20.981666666666666,7.18,5.43,6.6000000000000005
65712,3,0,7,2014,20.184166666666666,7.92,4.64,6.25
65713,3,1,7,2014,18.59333333333333,6.98,3.02,5.29
65714,3,2,7,2014,17.755833333333335,5.92,1.58,4.0600000000000005
65715,3,3,7,2014,17.190833333333334,3.86,0.72,2.04
65716,3,4,7,2014,17.216666666666665,3.02,0.4,1.38
65717,3,5,7,2014,17.284166666666668,3.2,0.76,1.4
65718,3,6,7,2014,17.256666666666668,2.29,0.84,1.21
65719,3,7,7,2014,16.83666666666667,1.57,2.48,2.36
65720,3,8,7,2014,16.613333333333337,2.85,2.95,3.7
65721,3,9,7,2014,16.44666666666667,3.33,2.95,3.85
65722,3,10,7,2014,16.25916666666667,3.58,2.76,3.79
65723,3,11,7,2014,16.368333333333332,3.3000000000000003,3.13,4.14
65724,3,12,7,2014,17.473333333333333,3.26,2.44,3.25
65725,3,13,7,2014,19.422500000000003,2.73,2.37,2.64
65726,3,14,7,2014,20.255,1.66,1.61,1.64
65727,3,15,7,2014,20.91833333333333,1.29,1.31,1.3
65728,3,16,7,2014,21.721666666666664,1.12,1.19,1.16
65729,3,17,7,2014,23.011666666666667,2.66,2.63,2.7
65730,3,18,7,2014,23.655833333333334,2.38,2.45,2.48
65731,3,19,7,2014,24.284166666666664,1.18,1.31,1.26
65732,3,20,7,2014,24.980000000000004,1.75,1.79,1.79
65733,3,21,7,2014,25.455,3.12,2.88,3.1
65734,3,22,7,2014,25.614166666666666,3.74,3.3200000000000003,3.7
65735,3,23,7,2014,25.337500000000002,3.5500000000000003,3.17,3.5
65736,4,0,7,2014,24.188333333333333,5.22,3.38,4.39
65737,4,1,7,2014,22.115833333333327,6.78,3.19,5.15
65738,4,2,7,2014,20.78166666666667,7.59,3.09,5.76
65739,4,3,7,2014,20.187499999999996,8.11,3.28,6.1400000000000015
65740,4,4,7,2014,19.950833333333335,8.47,3.43,6.66
65741,4,5,7,2014,19.51833333333333,8.43,3.78,6.74
65742,4,6,7,2014,19.235833333333332,9.25,3.85,6.97
65743,4,7,7,2014,18.900000000000002,10.28,4.24,7.53
65744,4,8,7,2014,18.595,10.53,4.22,7.71
65745,4,9,7,2014,18.2525,10.23,4.33,7.65
65746,4,10,7,2014,18.089166666666667,10.39,4.45,7.82
65747,4,11,7,2014,17.854166666666668,9.73,4.1,7.1400000000000015
65748,4,12,7,2014,18.727499999999996,9.86,4.63,7.34
65749,4,13,7,2014,20.826666666666664,8.370000000000001,5.12,6.5200000000000005
65750,4,14,7,2014,22.69333333333333,7.53,5.82,6.82
65751,4,15,7,2014,24.04166666666667,7.54,5.97,6.91
65752,4,16,7,2014,25.051666666666666,7.6400000000000015,6.23,7.15
65753,4,17,7,2014,25.903333333333336,8.11,6.58,7.6
65754,4,18,7,2014,26.595,7.9,6.47,7.43
65755,4,19,7,2014,26.98,9.28,7.3900000000000015,8.66
65756,4,20,7,2014,27.425,8.64,6.91,8.06
65757,4,21,7,2014,27.45,8.52,6.7700000000000005,7.94
65758,4,22,7,2014,27.125833333333333,10.3,7.1400000000000015,9.11
65759,4,23,7,2014,26.53583333333333,10.37,7.1000000000000005,9.06
65760,5,0,7,2014,25.372500000000002,11.26,5.61,8.99
65761,5,1,7,2014,23.9075,12.16,5.15,9.08
65762,5,2,7,2014,22.99416666666667,12.23,4.8100000000000005,8.67
65763,5,3,7,2014,22.510833333333334,13.63,5.4,9.85
65764,5,4,7,2014,22.2075,13.82,5.5,10.03
65765,5,5,7,2014,21.955,13.73,5.61,10.04
65766,5,6,7,2014,21.665833333333335,14.05,6.26,10.58
65767,5,7,7,2014,21.485833333333332,13.94,6.24,10.49
65768,5,8,7,2014,21.308333333333334,14.01,6.43,10.53
65769,5,9,7,2014,21.22666666666667,13.91,6.26,10.41
65770,5,10,7,2014,21.039999999999996,14.38,6.49,10.79
65771,5,11,7,2014,21.139166666666664,15.32,7.48,11.91
65772,5,12,7,2014,22.515833333333333,15.41,8.1,11.99
65773,5,13,7,2014,24.76583333333333,14.0,8.47,11.49
65774,5,14,7,2014,26.394999999999996,11.37,8.13,10.02
65775,5,15,7,2014,27.09583333333333,9.0,6.4,7.81
65776,5,16,7,2014,28.699166666666667,6.2,4.87,5.7
65777,5,17,7,2014,29.799166666666665,8.18,6.68,7.7
65778,5,18,7,2014,30.909999999999997,10.09,7.92,9.36
65779,5,19,7,2014,31.93916666666667,10.64,8.32,9.88
65780,5,20,7,2014,32.420833333333334,10.06,7.72,9.26
65781,5,21,7,2014,32.935833333333335,10.72,7.67,9.54
65782,5,22,7,2014,32.99666666666667,10.09,7.21,8.99
65783,5,23,7,2014,32.58083333333334,9.67,6.05,8.02
65784,6,0,7,2014,31.115000000000006,11.76,4.7700000000000005,8.16
65785,6,1,7,2014,29.176666666666666,13.97,5.2700000000000005,10.17
65786,6,2,7,2014,27.902500000000003,13.65,5.69,10.09
65787,6,3,7,2014,27.103333333333335,14.96,6.7700000000000005,11.43
65788,6,4,7,2014,26.6375,15.16,6.97,11.65
65789,6,5,7,2014,26.100833333333338,14.62,7.09,11.3
65790,6,6,7,2014,25.820000000000004,14.69,7.17,11.39
65791,6,7,7,2014,25.275833333333335,14.61,6.96,11.18
65792,6,8,7,2014,24.743333333333336,14.94,7.07,11.44
65793,6,9,7,2014,24.293333333333337,14.78,7.21,11.35
65794,6,10,7,2014,23.883333333333336,14.67,6.95,11.16
65795,6,11,7,2014,23.680000000000003,14.51,6.9,11.08
65796,6,12,7,2014,24.669166666666666,14.42,7.54,11.48
65797,6,13,7,2014,26.330833333333334,13.28,8.09,10.92
65798,6,14,7,2014,27.795,11.7,7.9,10.14
65799,6,15,7,2014,29.064999999999998,8.94,6.76,8.06
65800,6,16,7,2014,30.379999999999995,7.51,5.98,6.93
65801,6,17,7,2014,31.636666666666667,6.5,5.34,6.08
65802,6,18,7,2014,32.74916666666667,5.4,4.58,5.11
65803,6,19,7,2014,33.69666666666667,4.76,4.13,4.5600000000000005
65804,6,20,7,2014,34.530833333333334,4.08,3.6,3.93
65805,6,21,7,2014,34.99583333333334,4.2,3.64,4.0600000000000005
65806,6,22,7,2014,35.199999999999996,4.03,3.42,3.82
65807,6,23,7,2014,29.573333333333327,16.43,11.02,14.17
65808,7,0,7,2014,26.330833333333334,15.21,7.68,11.75
65809,7,1,7,2014,25.375833333333336,15.85,5.98,11.75
65810,7,2,7,2014,26.426666666666666,13.35,5.58,9.53
65811,7,3,7,2014,25.491666666666664,5.86,2.66,5.38
65812,7,4,7,2014,25.12416666666667,4.0600000000000005,3.01,3.48
65813,7,5,7,2014,25.015833333333333,8.47,3.74,6.17
65814,7,6,7,2014,25.39833333333333,8.76,4.03,6.7
65815,7,7,7,2014,24.429166666666664,7.21,3.2,5.54
65816,7,8,7,2014,23.703333333333333,6.63,3.34,5.24
65817,7,9,7,2014,22.722499999999997,5.83,2.78,4.51
65818,7,10,7,2014,21.936666666666664,6.0200000000000005,2.92,4.51
65819,7,11,7,2014,21.656666666666666,6.45,2.83,4.76
65820,7,12,7,2014,22.81833333333333,5.43,2.09,3.69
65821,7,13,7,2014,24.480833333333333,3.56,2.31,2.52
65822,7,14,7,2014,26.0,4.05,3.62,3.94
65823,7,15,7,2014,27.44666666666666,3.87,3.3200000000000003,3.6
65824,7,16,7,2014,29.344166666666666,4.68,4.13,4.53
65825,7,17,7,2014,29.9575,6.44,5.53,6.19
65826,7,18,7,2014,30.54583333333333,6.66,5.67,6.38
65827,7,19,7,2014,31.3125,6.32,5.34,5.99
65828,7,20,7,2014,26.06416666666667,15.9,12.01,14.39
65829,7,21,7,2014,26.639166666666664,7.17,5.95,6.74
65830,7,22,7,2014,29.49083333333333,6.3100000000000005,5.1000000000000005,5.92
65831,7,23,7,2014,30.25,5.82,4.58,5.41
65832,8,0,7,2014,29.51583333333333,5.14,3.18,4.36
65833,8,1,7,2014,26.254999999999995,7.53,3.95,5.92
65834,8,2,7,2014,23.47333333333333,6.09,2.84,4.93
65835,8,3,7,2014,22.294166666666666,5.38,2.89,3.92
65836,8,4,7,2014,21.614166666666666,5.09,2.88,4.18
65837,8,5,7,2014,22.595,10.62,6.17,8.71
65838,8,6,7,2014,22.416666666666668,13.24,6.65,10.46
65839,8,7,7,2014,21.2,13.43,6.67,10.71
65840,8,8,7,2014,21.2,12.06,4.82,8.76
65841,8,9,7,2014,21.659166666666664,10.37,5.16,8.18
65842,8,10,7,2014,21.685,10.64,4.95,8.06
65843,8,11,7,2014,22.05,10.62,4.83,8.0
65844,8,12,7,2014,22.8225,10.57,4.9,8.040000000000001
65845,8,13,7,2014,23.963333333333335,9.69,5.76,8.01
65846,8,14,7,2014,24.81833333333333,8.01,6.09,7.21
65847,8,15,7,2014,25.711666666666673,8.52,6.76,7.92
65848,8,16,7,2014,26.490833333333338,9.53,7.61,8.91
65849,8,17,7,2014,26.961666666666662,10.94,8.46,10.1
65850,8,18,7,2014,27.535,10.82,8.47,10.02
65851,8,19,7,2014,27.8575,9.42,7.56,8.84
65852,8,20,7,2014,28.225000000000005,9.8,7.71,9.14
65853,8,21,7,2014,28.450000000000003,8.49,6.84,8.0
65854,8,22,7,2014,28.316666666666666,8.43,6.29,7.56
65855,8,23,7,2014,27.97583333333333,8.76,6.3500000000000005,7.86
65856,9,0,7,2014,27.054166666666664,6.5200000000000005,4.28,5.47
65857,9,1,7,2014,25.945000000000004,7.21,2.61,5.19
65858,9,2,7,2014,24.911666666666665,5.76,2.11,4.29
65859,9,3,7,2014,24.44583333333333,4.89,1.24,3.17
65860,9,4,7,2014,24.145,4.5200000000000005,1.11,3.0
65861,9,5,7,2014,23.915000000000003,3.08,1.26,2.5
65862,9,6,7,2014,23.764166666666668,3.56,2.29,3.38
65863,9,7,7,2014,23.704166666666666,3.59,2.51,3.63
65864,9,8,7,2014,23.56,3.35,2.48,3.49
65865,9,9,7,2014,23.46416666666667,3.67,2.45,3.5700000000000003
65866,9,10,7,2014,23.42,3.74,2.5,3.71
65867,9,11,7,2014,23.4825,3.98,2.54,3.97
65868,9,12,7,2014,23.734166666666667,3.5500000000000003,2.24,3.59
65869,9,13,7,2014,25.0125,1.96,1.56,1.71
65870,9,14,7,2014,25.871666666666666,1.65,1.53,1.6
65871,9,15,7,2014,26.415833333333328,1.79,1.63,1.69
65872,9,16,7,2014,27.114166666666666,1.79,1.68,1.73
65873,9,17,7,2014,27.88,1.66,1.62,1.66
65874,9,18,7,2014,28.76166666666667,2.5,2.42,2.5
65875,9,19,7,2014,29.229166666666668,2.65,2.54,2.65
65876,9,20,7,2014,29.590000000000003,1.36,1.28,1.3
65877,9,21,7,2014,29.890833333333333,1.36,1.32,1.34
65878,9,22,7,2014,29.400833333333335,5.49,3.97,5.0
65879,9,23,7,2014,28.72416666666666,5.65,4.19,5.14
65880,10,0,7,2014,28.10416666666667,7.65,4.1,5.74
65881,10,1,7,2014,26.74,8.92,4.34,6.87
65882,10,2,7,2014,26.130833333333328,9.16,4.2700000000000005,7.05
65883,10,3,7,2014,25.752499999999998,10.43,5.0,8.17
65884,10,4,7,2014,25.09166666666667,10.67,5.01,8.33
65885,10,5,7,2014,24.736666666666665,10.17,4.57,7.85
65886,10,6,7,2014,24.28833333333333,9.32,2.84,5.76
65887,10,7,7,2014,24.05,8.19,3.17,5.57
65888,10,8,7,2014,23.94083333333333,9.71,4.48,7.57
65889,10,9,7,2014,23.709999999999994,10.1,4.93,8.01
65890,10,10,7,2014,23.42833333333333,10.67,5.07,8.31
65891,10,11,7,2014,23.2325,10.85,5.11,8.4
65892,10,12,7,2014,23.195000000000004,10.88,5.33,8.49
65893,10,13,7,2014,24.063333333333336,10.03,6.0200000000000005,8.38
65894,10,14,7,2014,25.389999999999997,10.13,7.29,8.94
65895,10,15,7,2014,26.500833333333333,9.83,7.43,8.84
65896,10,16,7,2014,27.661666666666672,9.87,7.76,9.13
65897,10,17,7,2014,28.4375,9.66,7.62,8.94
65898,10,18,7,2014,29.223333333333333,10.32,8.28,9.69
65899,10,19,7,2014,29.450833333333335,10.32,8.17,9.6
65900,10,20,7,2014,29.78166666666667,10.03,8.01,9.38
65901,10,21,7,2014,29.81833333333333,11.43,8.700000000000001,10.53
65902,10,22,7,2014,29.614166666666662,9.95,7.13,8.84
65903,10,23,7,2014,29.09416666666667,10.61,7.52,9.4
65904,11,0,7,2014,28.185000000000002,9.92,5.86,8.22
65905,11,1,7,2014,27.430833333333336,11.21,5.19,8.63
65906,11,2,7,2014,27.09166666666667,11.73,5.36,9.04
65907,11,3,7,2014,26.7,11.83,5.7,9.29
65908,11,4,7,2014,26.265833333333337,12.47,5.84,9.64
65909,11,5,7,2014,25.993333333333336,12.98,6.0600000000000005,10.03
65910,11,6,7,2014,25.609166666666667,12.78,5.83,9.84
65911,11,7,7,2014,25.1825,12.76,5.88,9.79
65912,11,8,7,2014,24.98,12.51,5.83,9.63
65913,11,9,7,2014,25.020833333333332,12.37,5.69,9.48
65914,11,10,7,2014,24.974999999999998,12.47,5.92,9.63
65915,11,11,7,2014,24.879166666666666,12.56,6.0200000000000005,9.74
65916,11,12,7,2014,25.0475,12.82,6.62,10.17
65917,11,13,7,2014,26.287499999999998,12.77,7.84,10.39
65918,11,14,7,2014,28.08583333333333,10.79,7.41,9.38
65919,11,15,7,2014,29.86916666666667,9.63,7.25,8.72
65920,11,16,7,2014,31.8125,8.08,6.37,7.44
65921,11,17,7,2014,33.31166666666667,8.15,6.55,7.61
65922,11,18,7,2014,34.83416666666667,7.73,6.32,7.28
65923,11,19,7,2014,35.92166666666667,8.27,6.67,7.76
65924,11,20,7,2014,36.6025,9.41,7.4,8.76
65925,11,21,7,2014,36.89333333333334,9.63,7.3,8.8
65926,11,22,7,2014,36.77,11.14,6.71,9.23
65927,11,23,7,2014,36.059999999999995,11.27,6.8100000000000005,9.38
65928,12,0,7,2014,34.42166666666666,11.54,5.03,8.66
65929,12,1,7,2014,33.29833333333334,13.2,6.17,10.15
65930,12,2,7,2014,33.09583333333333,13.19,6.2700000000000005,10.15
65931,12,3,7,2014,32.233333333333334,12.46,6.12,9.71
65932,12,4,7,2014,31.559166666666666,12.84,6.28,9.98
65933,12,5,7,2014,31.238333333333333,13.63,6.66,10.64
65934,12,6,7,2014,31.158333333333335,13.69,6.74,10.73
65935,12,7,7,2014,30.972499999999997,13.37,6.54,10.47
65936,12,8,7,2014,30.524999999999995,13.27,6.57,10.41
65937,12,9,7,2014,30.061666666666667,12.7,6.26,9.94
65938,12,10,7,2014,29.757499999999997,12.44,6.12,9.74
65939,12,11,7,2014,29.29583333333333,11.99,5.7700000000000005,9.27
65940,12,12,7,2014,28.799166666666665,12.06,5.61,9.11
65941,12,13,7,2014,29.654166666666665,11.25,6.66,8.97
65942,12,14,7,2014,30.9275,10.74,6.95,9.12
65943,12,15,7,2014,32.12083333333334,9.14,6.7,8.13
65944,12,16,7,2014,33.166666666666664,8.58,6.73,7.91
65945,12,17,7,2014,34.123333333333335,8.25,6.66,7.73
65946,12,18,7,2014,35.03333333333333,9.74,7.74,9.11
65947,12,19,7,2014,35.57583333333333,10.39,8.1,9.64
65948,12,20,7,2014,35.93,9.04,7.13,8.45
65949,12,21,7,2014,36.0275,9.95,7.68,9.22
65950,12,22,7,2014,36.04583333333333,8.790000000000001,6.6400000000000015,8.05
65951,12,23,7,2014,34.928333333333335,8.32,5.04,6.88
65952,13,0,7,2014,34.25,7.91,3.5700000000000003,5.76
65953,13,1,7,2014,33.4625,9.24,4.0,6.96
65954,13,2,7,2014,28.433333333333334,15.83,8.68,13.05
65955,13,3,7,2014,24.975000000000005,12.41,7.37,10.36
65956,13,4,7,2014,24.1375,9.8,6.0200000000000005,8.17
65957,13,5,7,2014,24.051666666666662,8.26,5.44,7.09
65958,13,6,7,2014,24.008333333333336,7.0,4.22,5.84
65959,13,7,7,2014,23.53916666666667,6.48,3.95,5.48
65960,13,8,7,2014,22.41416666666667,6.5600000000000005,3.96,5.36
65961,13,9,7,2014,21.716666666666665,6.32,3.69,5.24
65962,13,10,7,2014,21.129166666666666,5.28,3.22,4.41
65963,13,11,7,2014,20.305000000000003,4.26,3.01,3.69
65964,13,12,7,2014,20.649166666666666,4.14,2.91,3.36
65965,13,13,7,2014,21.995,4.8500000000000005,3.78,4.34
65966,13,14,7,2014,23.499166666666664,5.55,4.59,5.17
65967,13,15,7,2014,25.15416666666667,5.92,4.9,5.5200000000000005
65968,13,16,7,2014,26.75583333333333,4.92,4.3,4.7
65969,13,17,7,2014,27.970000000000002,4.89,4.3500000000000005,4.73
65970,13,18,7,2014,29.048333333333332,5.09,4.5,4.92
65971,13,19,7,2014,29.84166666666667,4.49,4.03,4.38
65972,13,20,7,2014,30.362500000000008,4.32,3.89,4.21
65973,13,21,7,2014,30.569166666666664,3.39,3.1,3.3200000000000003
65974,13,22,7,2014,30.60083333333333,2.73,2.49,2.65
65975,13,23,7,2014,30.383333333333336,3.18,2.76,3.13
65976,14,0,7,2014,29.615000000000006,3.74,2.7,3.41
65977,14,1,7,2014,28.245833333333334,4.01,2.2,3.42
65978,14,2,7,2014,27.223333333333333,4.66,2.17,3.4
65979,14,3,7,2014,26.64,5.2700000000000005,1.43,3.67
65980,14,4,7,2014,26.388333333333332,4.58,1.02,3.25
65981,14,5,7,2014,26.170833333333334,3.45,0.87,2.46
65982,14,6,7,2014,26.206666666666663,1.94,0.74,1.62
65983,14,7,7,2014,26.173333333333336,1.61,1.79,2.27
65984,14,8,7,2014,25.785,3.2,2.25,2.92
65985,14,9,7,2014,25.489166666666673,3.98,2.39,3.5
65986,14,10,7,2014,25.22333333333333,5.64,3.19,4.7700000000000005
65987,14,11,7,2014,24.348333333333333,10.53,6.2,8.950000000000003
65988,14,12,7,2014,20.0925,13.73,8.31,11.65
65989,14,13,7,2014,20.153333333333332,9.0,6.7700000000000005,8.14
65990,14,14,7,2014,21.40833333333333,9.0,6.88,8.15
65991,14,15,7,2014,20.59583333333333,8.43,6.59,7.72
65992,14,16,7,2014,21.67833333333333,6.58,5.5,6.22
65993,14,17,7,2014,24.190833333333334,8.24,6.95,7.92
65994,14,18,7,2014,25.37833333333333,9.19,7.65,8.76
65995,14,19,7,2014,25.873333333333335,10.14,8.290000000000001,9.62
65996,14,20,7,2014,25.6975,11.47,8.98,10.67
65997,14,21,7,2014,25.194999999999997,10.7,8.53,10.06
65998,14,22,7,2014,24.436666666666667,12.02,9.1,11.04
65999,14,23,7,2014,23.189166666666665,12.24,8.11,10.61
66000,15,0,7,2014,21.810000000000002,11.37,7.25,9.81
66001,15,1,7,2014,20.64916666666667,12.23,6.59,9.95
66002,15,2,7,2014,20.140000000000004,11.01,5.75,8.94
66003,15,3,7,2014,19.365,8.98,5.21,7.52
66004,15,4,7,2014,18.893333333333334,8.91,4.89,7.28
66005,15,5,7,2014,18.558333333333334,7.52,3.93,6.13
66006,15,6,7,2014,18.209166666666665,7.07,3.28,5.48
66007,15,7,7,2014,17.985833333333336,6.92,2.99,5.3
66008,15,8,7,2014,17.92916666666667,7.69,3.71,5.99
66009,15,9,7,2014,17.74416666666667,8.63,4.03,6.8
66010,15,10,7,2014,17.298333333333332,8.98,4.7,7.3900000000000015
66011,15,11,7,2014,17.041666666666664,7.63,4.29,6.18
66012,15,12,7,2014,17.120833333333334,6.55,4.3100000000000005,5.71
66013,15,13,7,2014,17.470833333333335,6.83,5.39,6.3
66014,15,14,7,2014,18.25916666666667,7.11,5.8100000000000005,6.67
66015,15,15,7,2014,19.265,7.25,5.91,6.79
66016,15,16,7,2014,20.345833333333335,7.16,6.09,6.87
66017,15,17,7,2014,21.014166666666664,8.26,7.0200000000000005,7.95
66018,15,18,7,2014,21.7375,8.58,7.26,8.25
66019,15,19,7,2014,22.273333333333337,7.29,6.2700000000000005,7.05
66020,15,20,7,2014,22.68583333333333,7.04,6.1000000000000005,6.84
66021,15,21,7,2014,22.705833333333334,4.87,4.29,4.69
66022,15,22,7,2014,22.588333333333335,5.65,4.87,5.46
66023,15,23,7,2014,22.24083333333333,4.75,4.03,4.55
66024,16,0,7,2014,21.66333333333333,5.03,3.7,4.46
66025,16,1,7,2014,20.99166666666667,4.95,3.34,4.36
66026,16,2,7,2014,20.567500000000003,5.09,2.36,3.96
66027,16,3,7,2014,20.267500000000002,3.89,1.6,2.65
66028,16,4,7,2014,20.10833333333333,3.67,1.56,2.84
66029,16,5,7,2014,19.92,3.83,1.58,2.92
66030,16,6,7,2014,19.71083333333333,3.52,1.23,2.45
66031,16,7,7,2014,19.5125,3.41,1.19,2.41
66032,16,8,7,2014,19.250000000000004,3.67,1.39,2.64
66033,16,9,7,2014,18.931666666666665,3.53,1.5,2.5
66034,16,10,7,2014,18.715833333333332,3.47,1.3,2.69
66035,16,11,7,2014,18.780833333333334,3.61,1.68,2.92
66036,16,12,7,2014,19.055,2.87,1.65,2.13
66037,16,13,7,2014,20.035,1.44,1.36,1.41
66038,16,14,7,2014,20.574166666666667,1.46,1.37,1.4
66039,16,15,7,2014,21.2975,3.45,3.26,3.45
66040,16,16,7,2014,22.064999999999998,3.41,3.21,3.39
66041,16,17,7,2014,22.629166666666666,2.66,2.62,2.69
66042,16,18,7,2014,23.160833333333333,2.62,2.61,2.67
66043,16,19,7,2014,24.080833333333334,4.42,4.08,4.39
66044,16,20,7,2014,24.38,4.18,3.84,4.14
66045,16,21,7,2014,24.75333333333333,3.85,3.51,3.77
66046,16,22,7,2014,24.695000000000004,3.91,3.53,3.83
66047,16,23,7,2014,24.314999999999998,4.9,4.16,4.74
66048,17,0,7,2014,23.580833333333334,6.28,4.15,5.48
66049,17,1,7,2014,22.808333333333337,6.7700000000000005,3.78,5.36
66050,17,2,7,2014,22.200833333333335,7.3900000000000015,3.8,5.93
66051,17,3,7,2014,21.704166666666666,7.73,3.84,6.17
66052,17,4,7,2014,21.263333333333332,7.9,3.77,6.24
66053,17,5,7,2014,20.86,8.01,3.79,6.3100000000000005
66054,17,6,7,2014,20.59416666666667,7.55,3.54,5.94
66055,17,7,7,2014,20.438333333333333,6.9,3.2,5.44
66056,17,8,7,2014,20.25083333333333,6.16,2.94,4.8500000000000005
66057,17,9,7,2014,20.170833333333334,5.91,2.71,4.47
66058,17,10,7,2014,19.95,5.5600000000000005,2.46,4.14
66059,17,11,7,2014,19.763333333333335,5.8100000000000005,2.36,4.16
66060,17,12,7,2014,20.090833333333332,5.69,3.16,4.22
66061,17,13,7,2014,20.862499999999997,4.83,3.63,4.34
66062,17,14,7,2014,21.98583333333333,3.65,3.13,3.44
66063,17,15,7,2014,22.6125,3.49,3.08,3.4
66064,17,16,7,2014,22.49083333333333,3.36,3.0,3.29
66065,17,17,7,2014,22.683333333333334,1.81,1.69,1.75
66066,17,18,7,2014,23.3425,3.5,3.39,3.5500000000000003
66067,17,19,7,2014,23.987499999999997,2.73,2.65,2.73
66068,17,20,7,2014,24.545,1.71,1.6,1.63
66069,17,21,7,2014,23.906666666666666,2.36,1.87,2.39
66070,17,22,7,2014,24.0625,1.95,1.49,1.75
66071,17,23,7,2014,23.11,4.23,2.62,3.69
66072,18,0,7,2014,22.500833333333336,4.54,2.32,3.53
66073,18,1,7,2014,22.22666666666667,4.92,1.57,3.3200000000000003
66074,18,2,7,2014,22.159166666666664,5.08,1.78,3.41
66075,18,3,7,2014,22.015833333333333,6.22,2.13,3.93
66076,18,4,7,2014,21.415833333333335,9.26,4.42,6.97
66077,18,5,7,2014,20.985,7.23,3.27,5.6000000000000005
66078,18,6,7,2014,20.7775,4.65,2.29,3.66
66079,18,7,7,2014,20.8875,5.38,2.27,3.92
66080,18,8,7,2014,20.49416666666667,5.48,2.56,4.01
66081,18,9,7,2014,20.344166666666666,6.3100000000000005,2.8000000000000003,4.68
66082,18,10,7,2014,20.454166666666662,6.32,2.93,4.75
66083,18,11,7,2014,20.34916666666667,6.6000000000000005,3.08,5.12
66084,18,12,7,2014,20.445833333333336,6.21,3.7,5.08
66085,18,13,7,2014,21.182499999999994,6.2700000000000005,4.37,5.39
66086,18,14,7,2014,22.125833333333333,5.49,4.55,5.13
66087,18,15,7,2014,23.05916666666667,5.41,4.57,5.13
66088,18,16,7,2014,23.859999999999996,6.48,5.55,6.24
66089,18,17,7,2014,24.308333333333334,6.34,5.3100000000000005,6.09
66090,18,18,7,2014,23.999999999999996,9.49,7.09,8.71
66091,18,19,7,2014,24.081666666666667,8.72,7.37,8.370000000000001
66092,18,20,7,2014,25.528333333333336,7.9300000000000015,6.61,7.54
66093,18,21,7,2014,25.748333333333335,8.81,6.23,7.8
66094,18,22,7,2014,25.870833333333334,9.37,7.12,8.69
66095,18,23,7,2014,25.645833333333332,8.68,6.2700000000000005,7.76
66096,19,0,7,2014,24.920833333333334,8.77,5.44,7.24
66097,19,1,7,2014,24.134166666666662,9.73,4.93,7.67
66098,19,2,7,2014,23.585833333333337,9.93,4.67,7.75
66099,19,3,7,2014,23.342499999999998,9.94,4.68,7.68
66100,19,4,7,2014,23.187500000000004,9.6,4.54,7.37
66101,19,5,7,2014,22.974999999999998,9.7,4.45,7.35
66102,19,6,7,2014,22.490000000000006,8.84,4.04,6.68
66103,19,7,7,2014,22.150000000000002,8.81,3.84,6.42
66104,19,8,7,2014,21.785833333333333,8.4,3.75,6.2700000000000005
66105,19,9,7,2014,21.688333333333333,9.13,4.25,6.95
66106,19,10,7,2014,21.77,9.67,4.41,7.25
66107,19,11,7,2014,21.64916666666667,8.38,3.94,6.47
66108,19,12,7,2014,21.852500000000003,7.78,4.07,6.07
66109,19,13,7,2014,23.0925,6.29,4.89,5.73
66110,19,14,7,2014,24.10666666666667,6.21,5.19,5.88
66111,19,15,7,2014,25.019166666666667,6.47,5.48,6.16
66112,19,16,7,2014,25.59,6.96,5.65,6.6400000000000015
66113,19,17,7,2014,26.655833333333334,6.53,5.73,6.37
66114,19,18,7,2014,27.63666666666667,6.58,5.71,6.37
66115,19,19,7,2014,28.272500000000004,6.3900000000000015,5.54,6.2
66116,19,20,7,2014,28.959166666666665,6.6000000000000005,5.71,6.41
66117,19,21,7,2014,29.220833333333335,7.21,6.05,6.8900000000000015
66118,19,22,7,2014,29.331666666666663,7.26,6.0200000000000005,6.95
66119,19,23,7,2014,29.153333333333336,7.28,5.82,6.8500000000000005
66120,20,0,7,2014,28.507499999999993,7.24,5.32,6.54
66121,20,1,7,2014,27.415833333333335,7.9300000000000015,3.63,5.95
66122,20,2,7,2014,26.50583333333333,8.5,3.65,6.3500000000000005
66123,20,3,7,2014,25.935,8.8,3.99,6.6400000000000015
66124,20,4,7,2014,25.519166666666663,9.37,4.24,7.05
66125,20,5,7,2014,25.375833333333333,10.09,4.69,7.68
66126,20,6,7,2014,25.144166666666667,10.21,4.83,7.83
66127,20,7,7,2014,24.73,9.53,4.5600000000000005,7.4
66128,20,8,7,2014,24.495,10.06,4.7700000000000005,7.74
66129,20,9,7,2014,24.224166666666665,10.21,4.88,7.88
66130,20,10,7,2014,23.8425,9.57,4.49,7.4
66131,20,11,7,2014,23.4725,9.91,4.55,7.59
66132,20,12,7,2014,23.92,10.25,5.72,8.13
66133,20,13,7,2014,25.1725,9.89,6.71,8.55
66134,20,14,7,2014,26.31083333333333,9.57,6.98,8.38
66135,20,15,7,2014,27.47916666666667,9.1,7.1400000000000015,8.370000000000001
66136,20,16,7,2014,28.59583333333333,10.14,7.98,9.39
66137,20,17,7,2014,29.695833333333336,9.98,7.97,9.31
66138,20,18,7,2014,30.823333333333334,10.75,8.48,9.98
66139,20,19,7,2014,31.871666666666673,10.46,8.38,9.81
66140,20,20,7,2014,32.55916666666666,11.02,8.59,10.21
66141,20,21,7,2014,32.8075,11.42,8.53,10.41
66142,20,22,7,2014,32.99416666666667,11.8,8.73,10.73
66143,20,23,7,2014,32.79416666666667,11.28,7.9,10.02
66144,21,0,7,2014,31.94,12.6,7.21,9.8
66145,21,1,7,2014,31.129166666666663,13.41,6.2,10.36
66146,21,2,7,2014,30.674166666666665,13.77,6.43,10.65
66147,21,3,7,2014,30.270833333333332,14.41,6.8100000000000005,11.19
66148,21,4,7,2014,29.850833333333338,14.58,7.0,11.36
66149,21,5,7,2014,29.528333333333332,14.92,7.27,11.65
66150,21,6,7,2014,29.301666666666666,14.82,7.27,11.64
66151,21,7,7,2014,29.1125,14.68,7.28,11.58
66152,21,8,7,2014,28.8275,14.12,7.1000000000000005,11.15
66153,21,9,7,2014,28.456666666666667,14.89,7.76,11.93
66154,21,10,7,2014,28.24166666666667,14.87,7.82,11.92
66155,21,11,7,2014,28.090833333333332,14.5,7.82,11.74
66156,21,12,7,2014,28.18083333333333,14.04,7.51,11.37
66157,21,13,7,2014,28.913333333333338,13.92,8.69,11.48
66158,21,14,7,2014,30.070000000000004,13.62,9.01,11.75
66159,21,15,7,2014,31.43083333333333,12.89,8.89,11.28
66160,21,16,7,2014,33.02833333333333,11.73,8.63,10.47
66161,21,17,7,2014,34.5325,10.65,8.28,9.8
66162,21,18,7,2014,35.75083333333334,10.79,8.44,9.97
66163,21,19,7,2014,36.80166666666667,10.76,8.44,9.96
66164,21,20,7,2014,37.38583333333334,11.32,8.76,10.45
66165,21,21,7,2014,37.6925,11.78,8.84,10.71
66166,21,22,7,2014,37.5375,11.62,8.16,10.28
66167,21,23,7,2014,36.995833333333344,11.3,7.53,9.81
66168,22,0,7,2014,35.92250000000001,11.53,5.59,8.97
66169,22,1,7,2014,34.995000000000005,12.67,6.19,9.9
66170,22,2,7,2014,34.34166666666667,12.7,6.24,9.81
66171,22,3,7,2014,33.87666666666667,13.46,6.61,10.5
66172,22,4,7,2014,33.49833333333334,13.76,6.63,10.68
66173,22,5,7,2014,32.88833333333333,13.95,6.9,10.94
66174,22,6,7,2014,32.294166666666676,13.89,6.8,10.84
66175,22,7,7,2014,31.7625,13.24,6.45,10.34
66176,22,8,7,2014,31.371666666666666,12.8,6.13,9.96
66177,22,9,7,2014,31.109166666666667,11.33,5.84,8.97
66178,22,10,7,2014,30.87333333333333,11.29,5.82,8.93
66179,22,11,7,2014,30.706666666666667,10.9,5.71,8.69
66180,22,12,7,2014,30.53916666666667,10.16,5.11,8.01
66181,22,13,7,2014,31.14833333333333,7.63,4.93,6.21
66182,22,14,7,2014,32.16916666666667,7.13,5.12,6.3100000000000005
66183,22,15,7,2014,33.49333333333333,6.41,5.17,5.95
66184,22,16,7,2014,34.77583333333333,6.13,5.15,5.8
66185,22,17,7,2014,35.885,5.86,4.95,5.55
66186,22,18,7,2014,37.04,4.75,4.14,4.54
66187,22,19,7,2014,37.80416666666667,4.32,3.89,4.22
66188,22,20,7,2014,38.463333333333345,4.65,4.16,4.5600000000000005
66189,22,21,7,2014,38.80083333333334,4.59,4.09,4.51
66190,22,22,7,2014,32.095000000000006,21.16,14.76,19.17
66191,22,23,7,2014,31.52,9.09,5.89,6.62
66192,23,0,7,2014,32.876666666666665,5.36,2.42,4.07
66193,23,1,7,2014,32.197500000000005,6.84,2.86,4.8100000000000005
66194,23,2,7,2014,31.3475,8.94,3.94,6.6000000000000005
66195,23,3,7,2014,30.693333333333328,8.93,3.7,6.67
66196,23,4,7,2014,30.153333333333336,10.22,4.69,7.87
66197,23,5,7,2014,29.44083333333333,10.68,5.76,8.63
66198,23,6,7,2014,28.466666666666665,10.42,5.6000000000000005,8.4
66199,23,7,7,2014,27.75583333333333,9.42,5.19,7.65
66200,23,8,7,2014,27.084999999999997,9.31,5.17,7.61
66201,23,9,7,2014,26.454166666666666,9.13,5.15,7.5
66202,23,10,7,2014,25.807499999999994,9.63,5.72,8.040000000000001
66203,23,11,7,2014,24.918333333333337,9.51,5.51,7.92
66204,23,12,7,2014,24.45,8.24,4.8100000000000005,6.8100000000000005
66205,23,13,7,2014,24.660833333333333,7.5,4.87,6.47
66206,23,14,7,2014,25.333333333333332,5.57,4.58,5.23
66207,23,15,7,2014,26.259999999999994,5.5600000000000005,4.67,5.26
66208,23,16,7,2014,27.331666666666663,5.38,4.67,5.16
66209,23,17,7,2014,28.415833333333335,6.0600000000000005,5.19,5.79
66210,23,18,7,2014,29.40583333333333,6.38,5.45,6.11
66211,23,19,7,2014,29.985833333333332,6.4,5.51,6.17
66212,23,20,7,2014,30.10916666666667,6.83,5.83,6.58
66213,23,21,7,2014,30.312499999999996,6.38,5.33,6.11
66214,23,22,7,2014,29.95,6.5,5.28,6.16
66215,23,23,7,2014,29.25583333333333,6.0200000000000005,4.82,5.69
66216,24,0,7,2014,28.369166666666658,6.8,4.2700000000000005,5.59
66217,24,1,7,2014,27.25333333333333,7.49,3.69,5.93
66218,24,2,7,2014,26.482499999999998,7.63,3.44,5.76
66219,24,3,7,2014,25.838333333333335,8.14,3.47,6.18
66220,24,4,7,2014,25.30666666666667,7.68,3.53,5.92
66221,24,5,7,2014,24.920833333333334,7.66,3.38,5.9
66222,24,6,7,2014,24.605833333333333,6.94,3.25,5.32
66223,24,7,7,2014,24.269166666666667,7.87,3.64,6.12
66224,24,8,7,2014,23.795833333333334,8.21,3.96,6.48
66225,24,9,7,2014,23.36583333333333,8.69,4.15,6.8500000000000005
66226,24,10,7,2014,22.924166666666668,8.950000000000003,4.28,7.07
66227,24,11,7,2014,22.60916666666667,9.08,4.43,7.22
66228,24,12,7,2014,22.578333333333333,9.27,4.8100000000000005,7.3
66229,24,13,7,2014,23.123333333333335,9.03,5.5600000000000005,7.63
66230,24,14,7,2014,23.940833333333334,8.28,6.11,7.37
66231,24,15,7,2014,24.9175,7.85,6.3100000000000005,7.33
66232,24,16,7,2014,25.884999999999994,8.01,6.41,7.46
66233,24,17,7,2014,26.91416666666667,6.87,5.73,6.5
66234,24,18,7,2014,27.814999999999998,6.43,5.47,6.15
66235,24,19,7,2014,28.55333333333333,5.83,5.03,5.6000000000000005
66236,24,20,7,2014,28.8425,8.05,6.5600000000000005,7.61
66237,24,21,7,2014,28.87166666666667,9.27,7.11,8.55
66238,24,22,7,2014,28.540833333333335,10.62,7.23,9.27
66239,24,23,7,2014,28.044166666666666,10.97,7.05,9.13
66240,25,0,7,2014,27.458333333333332,11.7,6.1400000000000015,8.99
66241,25,1,7,2014,26.95416666666667,11.93,5.19,9.07
66242,25,2,7,2014,26.599166666666665,11.89,5.53,9.26
66243,25,3,7,2014,26.246666666666666,12.56,5.9,9.76
66244,25,4,7,2014,26.036666666666665,12.99,6.33,10.26
66245,25,5,7,2014,25.99833333333333,14.15,7.07,11.23
66246,25,6,7,2014,26.205000000000002,14.49,7.07,11.36
66247,25,7,7,2014,26.471666666666668,15.24,7.66,12.08
66248,25,8,7,2014,26.7325,16.26,8.39,13.0
66249,25,9,7,2014,26.894166666666667,15.91,7.95,12.62
66250,25,10,7,2014,27.090000000000003,14.98,7.16,11.67
66251,25,11,7,2014,27.269999999999996,13.75,7.0200000000000005,10.96
66252,25,12,7,2014,27.5475,13.59,7.08,10.86
66253,25,13,7,2014,28.775000000000002,14.09,7.28,11.16
66254,25,14,7,2014,30.535,13.69,8.15,11.26
66255,25,15,7,2014,32.115,11.97,8.39,10.48
66256,25,16,7,2014,33.71583333333333,12.5,8.82,10.96
66257,25,17,7,2014,35.169166666666676,11.48,8.31,10.18
66258,25,18,7,2014,36.1825,11.06,8.19,9.94
66259,25,19,7,2014,37.515833333333326,10.8,8.22,9.81
66260,25,20,7,2014,38.101666666666674,12.52,9.14,11.17
66261,25,21,7,2014,38.6925,12.31,8.91,10.98
66262,25,22,7,2014,38.522499999999994,12.89,8.63,11.14
66263,25,23,7,2014,37.95083333333333,10.77,6.67,8.74
66264,26,0,7,2014,37.071666666666665,9.79,5.04,7.71
66265,26,1,7,2014,36.15333333333333,8.28,3.5500000000000003,6.16
66266,26,2,7,2014,35.60916666666667,8.290000000000001,3.65,6.23
66267,26,3,7,2014,35.22,10.34,3.73,7.16
66268,26,4,7,2014,35.099999999999994,12.78,5.8,9.77
66269,26,5,7,2014,35.195,13.93,6.71,10.74
66270,26,6,7,2014,34.88916666666666,13.37,6.1000000000000005,10.23
66271,26,7,7,2014,34.43833333333333,11.5,5.15,8.72
66272,26,8,7,2014,33.876666666666665,10.55,4.45,7.87
66273,26,9,7,2014,33.433333333333344,11.81,5.24,8.98
66274,26,10,7,2014,32.86416666666667,13.77,7.03,10.95
66275,26,11,7,2014,31.177500000000006,13.27,6.82,10.58
66276,26,12,7,2014,30.48833333333334,15.38,8.24,12.28
66277,26,13,7,2014,26.481666666666666,15.26,7.49,10.76
66278,26,14,7,2014,28.572499999999994,8.120000000000001,5.45,6.98
66279,26,15,7,2014,31.791666666666668,10.55,7.66,9.36
66280,26,16,7,2014,34.22833333333333,11.71,8.69,10.54
66281,26,17,7,2014,35.49833333333334,7.8,6.22,7.22
66282,26,18,7,2014,36.01166666666668,7.97,6.6400000000000015,7.6
66283,26,19,7,2014,35.97083333333334,7.66,6.3900000000000015,7.31
66284,26,20,7,2014,36.65083333333334,6.3,5.29,6.0
66285,26,21,7,2014,37.01583333333333,5.14,4.29,4.89
66286,26,22,7,2014,31.371666666666666,13.2,9.81,11.98
66287,26,23,7,2014,28.99416666666667,10.21,7.6400000000000015,9.33
66288,27,0,7,2014,26.689999999999998,9.88,6.91,8.77
66289,27,1,7,2014,25.899166666666662,7.32,5.11,6.47
66290,27,2,7,2014,25.88166666666667,6.3,4.18,5.29
66291,27,3,7,2014,25.607499999999998,8.18,4.91,6.86
66292,27,4,7,2014,25.224166666666665,7.95,4.92,6.74
66293,27,5,7,2014,25.549999999999997,7.8900000000000015,4.71,6.54
66294,27,6,7,2014,25.655,7.95,4.37,6.41
66295,27,7,7,2014,25.977500000000003,7.52,3.89,5.97
66296,27,8,7,2014,26.2175,7.01,3.5700000000000003,5.34
66297,27,9,7,2014,26.38,8.49,4.6000000000000005,6.6400000000000015
66298,27,10,7,2014,26.632499999999997,8.33,4.3100000000000005,6.3100000000000005
66299,27,11,7,2014,26.664166666666663,7.07,3.15,5.0200000000000005
66300,27,12,7,2014,26.865833333333327,7.28,4.18,5.58
66301,27,13,7,2014,27.599999999999998,9.9,6.74,8.59
66302,27,14,7,2014,28.034999999999997,8.44,6.4,7.58
66303,27,15,7,2014,28.191666666666666,8.05,6.42,7.51
66304,27,16,7,2014,28.926666666666666,9.77,7.85,9.16
66305,27,17,7,2014,29.7375,10.01,8.040000000000001,9.38
66306,27,18,7,2014,30.359166666666667,12.89,10.01,11.94
66307,27,19,7,2014,30.755,11.97,9.29,11.08
66308,27,20,7,2014,30.918333333333337,13.83,10.74,12.84
66309,27,21,7,2014,30.551666666666666,11.52,8.950000000000003,10.68
66310,27,22,7,2014,29.89833333333333,11.14,8.41,10.17
66311,27,23,7,2014,29.112499999999997,10.97,7.85,9.8
66312,28,0,7,2014,28.037499999999998,9.34,6.29,8.040000000000001
66313,28,1,7,2014,26.86666666666667,9.66,5.15,7.74
66314,28,2,7,2014,25.950833333333332,9.34,4.47,7.32
66315,28,3,7,2014,25.223333333333333,8.0,3.68,6.0
66316,28,4,7,2014,24.673333333333332,10.58,4.79,8.290000000000001
66317,28,5,7,2014,24.180833333333336,9.51,4.65,7.58
66318,28,6,7,2014,23.785,8.64,4.46,7.01
66319,28,7,7,2014,23.125000000000004,8.4,4.48,6.87
66320,28,8,7,2014,22.53,7.76,4.61,6.48
66321,28,9,7,2014,22.0725,7.58,4.49,6.33
66322,28,10,7,2014,21.78583333333333,7.92,4.45,6.5600000000000005
66323,28,11,7,2014,21.515,6.8500000000000005,3.78,5.58
66324,28,12,7,2014,21.48,6.99,4.46,6.03
66325,28,13,7,2014,21.90416666666667,7.53,5.75,6.8500000000000005
66326,28,14,7,2014,22.58,7.13,5.66,6.61
66327,28,15,7,2014,23.279166666666665,7.28,6.01,6.86
66328,28,16,7,2014,24.159166666666668,6.13,5.26,5.87
66329,28,17,7,2014,25.294166666666666,5.73,4.94,5.46
66330,28,18,7,2014,26.225000000000005,5.71,5.1000000000000005,5.59
66331,28,19,7,2014,26.535833333333333,6.3100000000000005,5.58,6.17
66332,28,20,7,2014,26.956666666666667,5.7,4.99,5.51
66333,28,21,7,2014,26.89416666666666,6.11,5.11,5.91
66334,28,22,7,2014,26.91916666666667,5.83,4.97,5.63
66335,28,23,7,2014,26.335833333333337,5.66,4.5200000000000005,5.3100000000000005
66336,29,0,7,2014,25.348333333333333,6.0200000000000005,4.69,5.63
66337,29,1,7,2014,24.416666666666668,5.74,3.34,4.72
66338,29,2,7,2014,23.633333333333336,5.58,2.6,4.14
66339,29,3,7,2014,22.979166666666668,5.04,1.92,3.67
66340,29,4,7,2014,22.3425,4.72,1.83,3.25
66341,29,5,7,2014,21.933333333333334,4.01,2.9,3.49
66342,29,6,7,2014,21.397499999999997,5.53,3.42,4.38
66343,29,7,7,2014,20.655,6.23,2.43,4.63
66344,29,8,7,2014,20.2925,5.84,2.19,4.29
66345,29,9,7,2014,20.003333333333334,5.44,1.83,3.87
66346,29,10,7,2014,19.740833333333335,4.53,1.39,3.13
66347,29,11,7,2014,19.73916666666667,4.41,1.86,3.76
66348,29,12,7,2014,20.334166666666665,4.18,1.86,3.4
66349,29,13,7,2014,21.505,3.5,2.37,2.76
66350,29,14,7,2014,22.316666666666666,2.29,2.07,2.19
66351,29,15,7,2014,22.905,1.24,1.2,1.21
66352,29,16,7,2014,23.985833333333336,1.39,1.41,1.39
66353,29,17,7,2014,25.228333333333335,2.68,2.54,2.62
66354,29,18,7,2014,26.114166666666662,3.1,2.87,2.98
66355,29,19,7,2014,26.9075,2.89,2.76,2.87
66356,29,20,7,2014,27.76666666666667,3.4,3.16,3.35
66357,29,21,7,2014,28.139166666666668,4.11,3.79,4.09
66358,29,22,7,2014,28.1725,4.34,3.82,4.22
66359,29,23,7,2014,27.709999999999997,4.71,3.86,4.53
66360,30,0,7,2014,26.42333333333333,6.34,3.94,5.37
66361,30,1,7,2014,25.027499999999993,7.03,3.21,4.82
66362,30,2,7,2014,23.979166666666668,7.63,3.26,5.6000000000000005
66363,30,3,7,2014,23.132499999999997,7.28,3.06,5.34
66364,30,4,7,2014,22.615,7.54,2.88,5.15
66365,30,5,7,2014,22.236666666666665,7.42,2.67,5.15
66366,30,6,7,2014,21.98,6.7700000000000005,2.33,4.76
66367,30,7,7,2014,21.735833333333332,6.3,2.14,4.53
66368,30,8,7,2014,21.749166666666657,4.7,2.24,4.12
66369,30,9,7,2014,21.459166666666665,3.39,1.57,3.17
66370,30,10,7,2014,21.37833333333333,2.66,1.67,2.87
66371,30,11,7,2014,21.044999999999998,2.62,0.99,1.88
66372,30,12,7,2014,21.220000000000002,3.44,2.26,2.64
66373,30,13,7,2014,22.08083333333333,3.81,3.0700000000000003,3.46
66374,30,14,7,2014,23.244999999999994,4.42,3.87,4.2700000000000005
66375,30,15,7,2014,23.757500000000004,4.4,3.89,4.2700000000000005
66376,30,16,7,2014,24.3425,4.28,3.87,4.18
66377,30,17,7,2014,25.06833333333333,4.68,4.2,4.61
66378,30,18,7,2014,25.149999999999995,3.91,3.73,3.94
66379,30,19,7,2014,25.92583333333333,5.0600000000000005,4.4,4.92
66380,30,20,7,2014,26.55333333333333,6.8100000000000005,5.94,6.65
66381,30,21,7,2014,26.390833333333333,5.53,4.86,5.46
66382,30,22,7,2014,26.583333333333332,5.5,4.7700000000000005,5.3500000000000005
66383,30,23,7,2014,26.0325,5.55,4.61,5.34
66384,31,0,7,2014,25.270833333333332,5.71,4.3500000000000005,5.29
66385,31,1,7,2014,23.7925,7.09,2.89,5.17
66386,31,2,7,2014,22.49416666666667,6.84,2.5,4.86
66387,31,3,7,2014,21.468333333333334,7.08,2.09,4.47
66388,31,4,7,2014,20.81416666666667,6.6400000000000015,2.15,4.37
66389,31,5,7,2014,20.174999999999997,5.82,1.78,4.13
66390,31,6,7,2014,19.91416666666667,4.45,1.7,3.54
66391,31,7,7,2014,19.24,3.61,1.57,3.0
66392,31,8,7,2014,18.9225,3.22,1.56,2.71
66393,31,9,7,2014,18.657500000000002,3.22,1.7,3.01
66394,31,10,7,2014,18.218333333333334,2.66,1.6,2.69
66395,31,11,7,2014,17.754166666666666,2.24,1.46,2.34
66396,31,12,7,2014,18.743333333333336,1.96,1.07,1.71
66397,31,13,7,2014,20.87666666666667,1.74,1.3,1.39
66398,31,14,7,2014,22.60666666666667,1.44,1.36,1.38
66399,31,15,7,2014,23.606666666666666,1.93,1.88,1.93
66400,31,16,7,2014,24.609999999999996,2.47,2.4,2.48
66401,31,17,7,2014,25.301666666666666,1.82,1.79,1.82
66402,31,18,7,2014,25.975833333333338,1.29,1.29,1.29
66403,31,19,7,2014,26.6125,0.97,1.05,1.02
66404,31,20,7,2014,27.411666666666665,1.27,1.39,1.36
66405,31,21,7,2014,27.914166666666663,2.25,2.13,2.23
66406,31,22,7,2014,28.040000000000003,2.25,2.13,2.24
66407,31,23,7,2014,27.765833333333333,3.15,2.64,3.03
66408,1,0,8,2014,26.53,5.04,3.0500000000000003,4.3
66409,1,1,8,2014,24.3775,7.29,3.28,5.74
66410,1,2,8,2014,23.461666666666662,8.31,3.81,5.92
66411,1,3,8,2014,22.860000000000003,9.48,4.23,7.21
66412,1,4,8,2014,22.061666666666667,9.88,4.3,7.48
66413,1,5,8,2014,21.554999999999996,9.77,4.34,7.53
66414,1,6,8,2014,21.106666666666666,10.48,4.49,8.05
66415,1,7,8,2014,20.730833333333333,10.51,4.59,8.25
66416,1,8,8,2014,20.06416666666667,10.56,4.34,7.8900000000000015
66417,1,9,8,2014,19.434999999999995,10.65,4.4,7.86
66418,1,10,8,2014,19.252499999999998,10.09,4.7,7.6
66419,1,11,8,2014,19.099166666666665,9.87,4.71,7.69
66420,1,12,8,2014,19.165000000000003,8.49,3.78,6.48
66421,1,13,8,2014,20.969166666666666,7.79,3.78,5.87
66422,1,14,8,2014,22.87666666666667,5.64,3.66,4.71
66423,1,15,8,2014,24.854166666666668,4.0600000000000005,3.24,3.67
66424,1,16,8,2014,26.409999999999997,3.44,2.95,3.22
66425,1,17,8,2014,27.205,3.42,3.0700000000000003,3.3200000000000003
66426,1,18,8,2014,27.605,4.48,3.93,4.3500000000000005
66427,1,19,8,2014,27.963333333333328,4.16,3.62,4.0200000000000005
66428,1,20,8,2014,28.13083333333333,3.93,3.46,3.82
66429,1,21,8,2014,28.109166666666667,3.53,3.11,3.45
66430,1,22,8,2014,27.450833333333335,5.22,3.85,4.75
66431,1,23,8,2014,26.225833333333338,6.28,3.16,4.5
66432,2,0,8,2014,24.309166666666666,7.55,3.3200000000000003,5.68
66433,2,1,8,2014,22.7975,7.76,2.74,5.18
66434,2,2,8,2014,21.882500000000004,7.97,2.51,5.5600000000000005
66435,2,3,8,2014,21.679166666666664,8.34,2.78,5.96
66436,2,4,8,2014,21.101666666666663,8.05,2.67,5.59
66437,2,5,8,2014,20.55,7.6,2.27,5.26
66438,2,6,8,2014,20.2125,7.54,2.15,5.08
66439,2,7,8,2014,20.071666666666665,6.6400000000000015,2.14,4.7700000000000005
66440,2,8,8,2014,19.953333333333337,6.42,2.37,4.7700000000000005
66441,2,9,8,2014,19.76583333333333,6.05,2.57,4.89
66442,2,10,8,2014,19.167500000000004,5.37,2.62,4.53
66443,2,11,8,2014,18.526666666666667,4.55,1.87,3.79
66444,2,12,8,2014,20.13083333333333,4.08,2.22,3.59
66445,2,13,8,2014,22.576666666666668,4.28,2.11,2.98
66446,2,14,8,2014,24.116666666666664,2.8000000000000003,2.33,2.5500000000000003
66447,2,15,8,2014,25.31166666666667,1.84,1.73,1.78
66448,2,16,8,2014,26.296666666666667,1.65,1.62,1.65
66449,2,17,8,2014,27.12,1.81,1.73,1.78
66450,2,18,8,2014,27.701666666666668,4.46,4.36,4.72
66451,2,19,8,2014,27.287499999999998,5.19,5.0200000000000005,5.55
66452,2,20,8,2014,28.43583333333333,2.93,2.77,2.95
66453,2,21,8,2014,28.766666666666666,2.91,2.76,2.93
66454,2,22,8,2014,28.8775,2.6,2.4,2.6
66455,2,23,8,2014,28.590000000000003,3.66,2.72,3.38
66456,3,0,8,2014,27.07416666666667,5.55,2.99,4.7700000000000005
66457,3,1,8,2014,24.595000000000002,7.15,3.41,5.84
66458,3,2,8,2014,23.435833333333335,8.17,3.45,6.26
66459,3,3,8,2014,22.5325,8.65,3.67,6.84
66460,3,4,8,2014,21.74416666666667,9.3,3.74,7.1400000000000015
66461,3,5,8,2014,21.52,9.62,4.08,7.3
66462,3,6,8,2014,21.318333333333335,9.61,4.09,7.44
66463,3,7,8,2014,20.870833333333334,10.28,4.43,7.92
66464,3,8,8,2014,20.559166666666666,9.81,4.12,7.44
66465,3,9,8,2014,20.505,11.0,4.66,8.44
66466,3,10,8,2014,20.565833333333334,10.73,4.57,8.24
66467,3,11,8,2014,20.249166666666664,10.68,4.7,8.05
66468,3,12,8,2014,20.26833333333333,9.86,3.85,6.83
66469,3,13,8,2014,20.832499999999996,9.39,6.18,7.81
66470,3,14,8,2014,23.31,7.96,5.43,6.6000000000000005
66471,3,15,8,2014,26.080833333333334,6.9,5.29,6.22
66472,3,16,8,2014,28.01583333333333,7.08,5.63,6.5600000000000005
66473,3,17,8,2014,28.785,6.48,5.29,6.07
66474,3,18,8,2014,29.666666666666668,6.5600000000000005,5.41,6.21
66475,3,19,8,2014,30.439166666666665,6.19,5.11,5.84
66476,3,20,8,2014,30.94916666666667,6.1000000000000005,5.0200000000000005,5.7700000000000005
66477,3,21,8,2014,31.264166666666664,5.61,4.46,5.25
66478,3,22,8,2014,31.264999999999997,5.37,4.23,4.99
66479,3,23,8,2014,30.91416666666667,4.79,3.27,4.2
66480,4,0,8,2014,29.522499999999997,4.79,2.32,3.73
66481,4,1,8,2014,27.342500000000005,4.32,3.13,4.21
66482,4,2,8,2014,27.052500000000006,8.15,3.86,5.8100000000000005
66483,4,3,8,2014,25.543333333333337,8.8,4.13,6.62
66484,4,4,8,2014,24.703333333333337,10.38,4.05,7.62
66485,4,5,8,2014,24.233333333333334,12.81,5.72,9.73
66486,4,6,8,2014,24.54583333333333,12.68,5.84,9.85
66487,4,7,8,2014,23.775833333333335,11.33,5.59,8.77
66488,4,8,8,2014,23.00333333333333,11.23,5.73,8.96
66489,4,9,8,2014,22.462499999999995,10.91,5.3100000000000005,8.620000000000001
66490,4,10,8,2014,22.159166666666664,11.81,5.11,9.04
66491,4,11,8,2014,21.951666666666668,12.12,5.08,9.05
66492,4,12,8,2014,21.929999999999996,12.02,5.28,8.89
66493,4,13,8,2014,22.97583333333333,10.44,5.12,7.9300000000000015
66494,4,14,8,2014,24.609166666666667,7.63,5.0600000000000005,6.48
66495,4,15,8,2014,26.324166666666667,6.28,4.75,5.64
66496,4,16,8,2014,27.63416666666667,5.11,4.16,4.7
66497,4,17,8,2014,28.591666666666665,3.26,2.91,3.12
66498,4,18,8,2014,29.453333333333333,3.38,3.1,3.3200000000000003
66499,4,19,8,2014,30.280833333333334,3.39,3.04,3.27
66500,4,20,8,2014,30.701666666666664,3.51,3.18,3.45
66501,4,21,8,2014,30.918333333333333,4.33,3.68,4.18
66502,4,22,8,2014,30.747500000000006,4.91,4.0,4.65
66503,4,23,8,2014,30.004166666666663,4.34,3.43,4.11
66504,5,0,8,2014,28.2775,3.71,1.94,3.02
66505,5,1,8,2014,25.36333333333333,4.74,1.94,3.51
66506,5,2,8,2014,24.022499999999997,6.2,2.4,4.68
66507,5,3,8,2014,23.163333333333338,5.78,1.67,3.79
66508,5,4,8,2014,23.013333333333335,5.51,1.21,3.5
66509,5,5,8,2014,23.264999999999997,4.64,1.07,3.13
66510,5,6,8,2014,22.879166666666666,5.03,1.41,3.5700000000000003
66511,5,7,8,2014,22.373333333333335,5.01,1.36,3.49
66512,5,8,8,2014,22.0,4.2,1.31,2.88
66513,5,9,8,2014,21.386666666666667,4.05,1.06,2.48
66514,5,10,8,2014,21.28083333333333,4.1,1.41,2.82
66515,5,11,8,2014,20.996666666666666,4.73,1.61,3.23
66516,5,12,8,2014,21.170833333333338,5.42,1.97,3.3200000000000003
66517,5,13,8,2014,23.030833333333334,5.11,2.65,3.17
66518,5,14,8,2014,25.288333333333338,3.24,2.56,2.87
66519,5,15,8,2014,26.742500000000003,2.94,2.59,2.78
66520,5,16,8,2014,27.948333333333334,3.39,3.08,3.29
66521,5,17,8,2014,29.003333333333334,3.44,3.12,3.34
66522,5,18,8,2014,30.1825,2.66,2.47,2.61
66523,5,19,8,2014,30.971666666666668,2.76,2.5500000000000003,2.7
66524,5,20,8,2014,31.52,3.34,3.0,3.27
66525,5,21,8,2014,31.710000000000004,4.4,3.7,4.23
66526,5,22,8,2014,31.63166666666667,4.99,4.12,4.78
66527,5,23,8,2014,31.100833333333338,6.79,3.26,5.15
66528,6,0,8,2014,28.890833333333333,6.74,3.27,5.09
66529,6,1,8,2014,26.927500000000006,9.83,3.48,6.92
66530,6,2,8,2014,26.211666666666662,10.49,3.78,7.41
66531,6,3,8,2014,25.881666666666664,10.73,4.18,7.68
66532,6,4,8,2014,25.358333333333334,9.5,3.87,7.11
66533,6,5,8,2014,24.829166666666666,9.72,3.89,6.33
66534,6,6,8,2014,24.61916666666667,10.32,3.82,6.8500000000000005
66535,6,7,8,2014,23.84,9.79,3.53,6.44
66536,6,8,8,2014,23.497500000000002,9.82,3.96,6.74
66537,6,9,8,2014,23.706666666666667,10.38,4.79,7.65
66538,6,10,8,2014,23.805000000000003,10.63,4.75,7.74
66539,6,11,8,2014,22.55916666666667,8.120000000000001,2.98,4.71
66540,6,12,8,2014,22.436666666666667,6.24,3.6,4.79
66541,6,13,8,2014,23.86916666666667,6.4,3.67,4.86
66542,6,14,8,2014,25.53,5.0200000000000005,4.09,4.69
66543,6,15,8,2014,27.047500000000003,5.43,4.5,5.12
66544,6,16,8,2014,28.575833333333332,5.03,4.2700000000000005,4.7700000000000005
66545,6,17,8,2014,29.659166666666664,5.1000000000000005,4.46,4.96
66546,6,18,8,2014,30.5825,5.59,4.82,5.41
66547,6,19,8,2014,31.114166666666666,5.3,4.5200000000000005,5.08
66548,6,20,8,2014,30.602500000000003,7.54,6.1000000000000005,7.1400000000000015
66549,6,21,8,2014,31.020833333333332,4.49,3.85,4.32
66550,6,22,8,2014,31.890000000000004,7.04,5.5,6.54
66551,6,23,8,2014,30.904166666666665,6.69,4.69,5.8500000000000005
66552,7,0,8,2014,26.437500000000004,18.59,11.76,15.9
66553,7,1,8,2014,20.208333333333332,16.59,7.22,12.77
66554,7,2,8,2014,20.30833333333333,13.34,7.35,10.6
66555,7,3,8,2014,20.669166666666666,12.91,6.7700000000000005,9.99
66556,7,4,8,2014,21.221666666666668,14.85,5.8,9.83
66557,7,5,8,2014,20.04083333333333,14.81,7.23,10.79
66558,7,6,8,2014,18.908333333333335,7.43,3.64,6.0
66559,7,7,8,2014,19.076666666666664,4.3500000000000005,1.81,3.0700000000000003
66560,7,8,8,2014,19.235,4.67,1.78,3.08
66561,7,9,8,2014,19.073333333333334,3.34,1.66,2.4
66562,7,10,8,2014,19.249999999999996,4.14,1.58,2.46
66563,7,11,8,2014,19.29,4.09,1.13,2.34
66564,7,12,8,2014,19.45,3.51,1.71,2.5
66565,7,13,8,2014,20.2925,1.72,1.57,1.63
66566,7,14,8,2014,21.4175,1.51,1.4,1.42
66567,7,15,8,2014,22.747500000000002,1.02,1.07,1.05
66568,7,16,8,2014,24.176666666666662,1.17,1.21,1.19
66569,7,17,8,2014,24.86916666666667,1.74,1.72,1.83
66570,7,18,8,2014,24.363333333333333,1.94,1.94,2.07
66571,7,19,8,2014,24.34916666666666,0.88,0.95,0.97
66572,7,20,8,2014,25.35166666666667,1.14,1.13,1.14
66573,7,21,8,2014,26.325833333333332,1.28,1.26,1.27
66574,7,22,8,2014,26.88166666666667,2.0,1.9,2.02
66575,7,23,8,2014,26.545833333333334,4.37,3.22,4.0200000000000005
66576,8,0,8,2014,24.13666666666667,6.78,4.45,5.61
66577,8,1,8,2014,23.120833333333334,6.95,2.82,4.72
66578,8,2,8,2014,22.90583333333333,5.7,1.95,3.68
66579,8,3,8,2014,22.52666666666667,6.29,2.13,4.21
66580,8,4,8,2014,22.29416666666667,7.16,3.27,5.61
66581,8,5,8,2014,21.69666666666667,7.58,3.6,5.91
66582,8,6,8,2014,21.210833333333333,6.05,2.88,4.62
66583,8,7,8,2014,20.9,6.36,3.04,4.96
66584,8,8,8,2014,20.62666666666667,5.01,2.27,3.84
66585,8,9,8,2014,20.4525,4.5200000000000005,2.24,3.46
66586,8,10,8,2014,20.294999999999998,4.08,2.62,3.49
66587,8,11,8,2014,20.145833333333332,4.0600000000000005,2.5500000000000003,3.42
66588,8,12,8,2014,20.141666666666666,4.14,2.53,3.4
66589,8,13,8,2014,20.830833333333334,3.18,2.39,2.71
66590,8,14,8,2014,21.723333333333333,3.01,2.61,2.87
66591,8,15,8,2014,22.790833333333335,2.79,2.58,2.71
66592,8,16,8,2014,23.38416666666667,3.97,3.61,3.96
66593,8,17,8,2014,24.325,5.3500000000000005,4.86,5.34
66594,8,18,8,2014,24.809166666666666,5.57,4.97,5.48
66595,8,19,8,2014,24.30583333333333,5.53,4.75,5.42
66596,8,20,8,2014,26.013333333333332,3.19,2.92,3.09
66597,8,21,8,2014,26.45583333333333,5.5200000000000005,4.84,5.42
66598,8,22,8,2014,26.341666666666665,4.54,3.9,4.4
66599,8,23,8,2014,25.658333333333335,5.65,4.25,5.07
66600,9,0,8,2014,24.615,7.71,4.3,6.12
66601,9,1,8,2014,23.569166666666664,7.85,3.93,6.22
66602,9,2,8,2014,22.969166666666666,7.82,3.72,6.08
66603,9,3,8,2014,22.464166666666667,8.97,3.62,6.92
66604,9,4,8,2014,21.757499999999997,8.36,3.79,6.58
66605,9,5,8,2014,21.088333333333335,7.73,3.87,6.13
66606,9,6,8,2014,20.640833333333333,6.41,3.01,5.0
66607,9,7,8,2014,20.393333333333334,5.66,2.37,4.2700000000000005
66608,9,8,8,2014,20.121666666666666,4.3500000000000005,2.05,3.2
66609,9,9,8,2014,19.868333333333336,4.82,2.34,3.66
66610,9,10,8,2014,19.736666666666668,4.92,2.26,3.77
66611,9,11,8,2014,19.363333333333333,3.84,2.05,2.98
66612,9,12,8,2014,19.590833333333336,4.79,2.53,3.82
66613,9,13,8,2014,20.8575,2.84,2.38,2.6
66614,9,14,8,2014,22.172499999999996,3.27,2.77,3.03
66615,9,15,8,2014,23.445000000000004,3.43,3.1,3.31
66616,9,16,8,2014,24.538333333333338,2.63,2.45,2.5500000000000003
66617,9,17,8,2014,25.605833333333333,2.77,2.53,2.7
66618,9,18,8,2014,26.310000000000006,2.5500000000000003,2.28,2.5
66619,9,19,8,2014,26.43166666666666,3.0700000000000003,2.81,3.0
66620,9,20,8,2014,27.64916666666667,3.02,2.7,2.87
66621,9,21,8,2014,28.004166666666666,3.5500000000000003,3.18,3.45
66622,9,22,8,2014,28.040000000000003,4.24,3.61,4.1
66623,9,23,8,2014,27.733333333333334,4.71,3.73,4.43
66624,10,0,8,2014,26.7175,7.0,3.81,5.62
66625,10,1,8,2014,25.146666666666665,7.52,3.3000000000000003,5.29
66626,10,2,8,2014,24.3425,8.27,3.39,6.09
66627,10,3,8,2014,23.581666666666667,8.61,3.35,6.1400000000000015
66628,10,4,8,2014,23.057500000000005,10.97,4.49,8.2
66629,10,5,8,2014,22.620833333333337,10.68,4.82,8.18
66630,10,6,8,2014,22.235,9.53,4.28,7.24
66631,10,7,8,2014,21.44333333333334,15.45,9.57,12.93
66632,10,8,8,2014,19.255,11.59,5.5600000000000005,9.2
66633,10,9,8,2014,19.4375,5.55,3.13,4.08
66634,10,10,8,2014,19.510833333333334,5.4,3.22,3.89
66635,10,11,8,2014,19.629166666666666,5.82,3.23,4.8
66636,10,12,8,2014,19.46,8.36,5.07,7.05
66637,10,13,8,2014,19.930833333333332,4.59,3.33,4.5200000000000005
66638,10,14,8,2014,22.51166666666667,4.5200000000000005,2.99,3.29
66639,10,15,8,2014,23.227500000000003,3.17,2.72,2.94
66640,10,16,8,2014,24.19583333333333,1.67,1.62,1.67
66641,10,17,8,2014,25.191666666666666,1.62,1.69,1.68
66642,10,18,8,2014,25.729999999999993,2.14,1.83,2.1
66643,10,19,8,2014,26.644166666666663,3.51,3.26,3.49
66644,10,20,8,2014,24.675,4.5,3.39,4.26
66645,10,21,8,2014,24.974166666666665,3.16,2.73,2.91
66646,10,22,8,2014,25.617500000000003,2.51,2.37,2.53
66647,10,23,8,2014,24.918333333333333,5.41,3.91,4.88
66648,11,0,8,2014,24.811666666666667,5.12,3.13,4.21
66649,11,1,8,2014,23.539166666666663,6.45,2.89,4.65
66650,11,2,8,2014,22.344166666666666,4.86,2.78,3.75
66651,11,3,8,2014,21.906666666666666,5.0200000000000005,2.5500000000000003,3.89
66652,11,4,8,2014,21.5125,3.76,1.38,2.75
66653,11,5,8,2014,21.624166666666667,3.53,1.26,2.75
66654,11,6,8,2014,21.401666666666667,2.6,1.64,2.33
66655,11,7,8,2014,21.361666666666665,3.95,2.26,3.28
66656,11,8,8,2014,21.591666666666665,5.13,2.6,3.85
66657,11,9,8,2014,21.583333333333332,7.01,2.79,4.6000000000000005
66658,11,10,8,2014,21.448333333333334,7.97,3.23,5.83
66659,11,11,8,2014,21.232499999999998,8.72,3.87,6.54
66660,11,12,8,2014,21.12666666666667,9.62,5.49,7.92
66661,11,13,8,2014,21.650000000000002,10.27,6.45,8.76
66662,11,14,8,2014,22.195000000000004,9.62,6.61,8.41
66663,11,15,8,2014,23.06833333333333,9.38,7.27,8.65
66664,11,16,8,2014,23.940833333333334,9.21,7.1400000000000015,8.48
66665,11,17,8,2014,24.436666666666667,9.78,7.55,9.02
66666,11,18,8,2014,24.70583333333333,10.75,8.19,9.84
66667,11,19,8,2014,25.144166666666667,10.15,7.76,9.31
66668,11,20,8,2014,25.350833333333338,9.39,7.46,8.790000000000001
66669,11,21,8,2014,25.225000000000005,11.51,8.31,10.41
66670,11,22,8,2014,24.71666666666667,11.79,7.34,10.03
66671,11,23,8,2014,23.880000000000006,11.11,6.8100000000000005,9.48
66672,12,0,8,2014,23.105833333333333,10.61,4.99,8.35
66673,12,1,8,2014,22.626666666666665,9.47,4.53,7.31
66674,12,2,8,2014,22.162499999999998,9.74,4.5,7.61
66675,12,3,8,2014,21.779166666666665,8.6,4.29,6.82
66676,12,4,8,2014,21.506666666666664,9.04,4.38,6.97
66677,12,5,8,2014,21.260833333333334,9.39,4.59,7.36
66678,12,6,8,2014,21.049166666666668,8.67,4.2700000000000005,6.78
66679,12,7,8,2014,20.85333333333333,7.72,4.0,6.13
66680,12,8,8,2014,20.669999999999998,7.0200000000000005,3.36,5.42
66681,12,9,8,2014,20.483333333333334,6.8900000000000015,3.26,5.3100000000000005
66682,12,10,8,2014,20.350833333333334,7.23,3.4,5.59
66683,12,11,8,2014,20.175,7.42,3.67,5.84
66684,12,12,8,2014,19.97583333333333,8.19,3.92,6.37
66685,12,13,8,2014,20.320833333333336,8.51,4.97,6.95
66686,12,14,8,2014,21.2325,8.290000000000001,5.6000000000000005,7.13
66687,12,15,8,2014,22.0125,7.98,6.0,7.23
66688,12,16,8,2014,22.706666666666667,7.26,5.91,6.84
66689,12,17,8,2014,23.323333333333334,7.56,6.23,7.18
66690,12,18,8,2014,23.72583333333333,8.08,6.62,7.68
66691,12,19,8,2014,24.14,7.3900000000000015,6.03,6.98
66692,12,20,8,2014,24.6125,7.05,5.8,6.68
66693,12,21,8,2014,24.655,6.57,5.39,6.24
66694,12,22,8,2014,24.561666666666664,5.82,4.57,5.42
66695,12,23,8,2014,24.074166666666667,5.54,3.93,4.87
66696,13,0,8,2014,23.16916666666667,4.5,2.8000000000000003,3.76
66697,13,1,8,2014,22.27333333333333,4.7,2.16,3.71
66698,13,2,8,2014,21.735833333333332,4.73,1.32,3.16
66699,13,3,8,2014,21.464166666666667,4.7700000000000005,1.04,2.91
66700,13,4,8,2014,21.357499999999998,4.41,1.31,2.82
66701,13,5,8,2014,21.2375,4.16,1.13,2.59
66702,13,6,8,2014,21.035833333333333,3.49,0.89,1.9
66703,13,7,8,2014,20.926666666666673,3.5700000000000003,0.7000000000000001,2.08
66704,13,8,8,2014,20.849999999999998,3.59,1.02,2.39
66705,13,9,8,2014,20.660833333333333,3.06,0.6900000000000001,1.69
66706,13,10,8,2014,20.48833333333333,3.35,1.08,2.33
66707,13,11,8,2014,20.449166666666667,3.34,1.46,2.84
66708,13,12,8,2014,20.63583333333333,2.8000000000000003,1.57,2.59
66709,13,13,8,2014,21.7025,1.87,1.64,1.77
66710,13,14,8,2014,22.505,1.14,1.06,1.09
66711,13,15,8,2014,22.993333333333336,0.85,0.84,0.8300000000000001
66712,13,16,8,2014,23.967499999999998,1.64,1.71,1.71
66713,13,17,8,2014,24.820833333333336,2.03,1.98,2.03
66714,13,18,8,2014,25.34666666666666,1.44,1.47,1.47
66715,13,19,8,2014,25.803333333333338,1.07,1.05,1.06
66716,13,20,8,2014,26.430833333333336,2.8000000000000003,2.59,2.75
66717,13,21,8,2014,26.531666666666666,2.75,2.54,2.72
66718,13,22,8,2014,26.375,3.45,2.97,3.38
66719,13,23,8,2014,25.930000000000003,3.65,3.13,3.5700000000000003
66720,14,0,8,2014,24.9325,4.45,2.94,4.1
66721,14,1,8,2014,23.79166666666666,4.5,2.34,3.52
66722,14,2,8,2014,23.26,5.14,1.88,3.61
66723,14,3,8,2014,22.9075,6.07,2.15,3.89
66724,14,4,8,2014,22.748333333333335,6.7700000000000005,2.51,4.99
66725,14,5,8,2014,22.59,6.47,2.58,4.8500000000000005
66726,14,6,8,2014,22.465833333333332,6.65,2.59,4.98
66727,14,7,8,2014,22.299166666666665,6.54,2.34,4.68
66728,14,8,8,2014,21.984166666666667,6.67,2.23,4.63
66729,14,9,8,2014,21.736666666666668,7.52,2.49,5.3
66730,14,10,8,2014,21.540833333333328,7.08,2.44,5.17
66731,14,11,8,2014,21.294999999999998,6.5,2.52,4.9
66732,14,12,8,2014,21.319166666666664,6.7700000000000005,2.64,4.95
66733,14,13,8,2014,22.320833333333336,6.6000000000000005,3.83,5.17
66734,14,14,8,2014,23.61583333333333,6.13,4.1,5.28
66735,14,15,8,2014,24.76833333333333,5.46,4.38,5.03
66736,14,16,8,2014,25.72083333333333,5.17,4.39,4.92
66737,14,17,8,2014,26.45916666666666,4.84,4.17,4.62
66738,14,18,8,2014,27.183333333333337,4.83,4.19,4.64
66739,14,19,8,2014,27.772499999999997,4.68,4.08,4.5200000000000005
66740,14,20,8,2014,28.205000000000002,4.58,3.93,4.39
66741,14,21,8,2014,28.388333333333335,4.62,3.89,4.41
66742,14,22,8,2014,28.12,5.4,4.28,5.05
66743,14,23,8,2014,27.27,7.34,4.64,5.9
66744,15,0,8,2014,26.093333333333334,8.290000000000001,3.9,6.36
66745,15,1,8,2014,25.218333333333334,9.32,4.0600000000000005,6.97
66746,15,2,8,2014,24.797499999999996,9.97,4.16,7.3900000000000015
66747,15,3,8,2014,24.429999999999996,10.35,4.5200000000000005,7.86
66748,15,4,8,2014,24.219166666666666,10.38,4.46,7.83
66749,15,5,8,2014,24.000833333333333,10.16,4.04,7.4
66750,15,6,8,2014,23.940833333333334,11.23,4.55,8.31
66751,15,7,8,2014,24.03166666666667,11.05,4.6000000000000005,8.26
66752,15,8,8,2014,24.054999999999996,10.77,4.65,8.16
66753,15,9,8,2014,24.094166666666666,10.21,4.45,7.66
66754,15,10,8,2014,24.284999999999997,9.91,4.48,7.53
66755,15,11,8,2014,24.369166666666672,10.4,4.8500000000000005,7.99
66756,15,12,8,2014,24.337500000000002,10.41,4.9,7.97
66757,15,13,8,2014,24.565,10.21,4.82,7.79
66758,15,14,8,2014,26.024166666666662,9.49,5.57,7.43
66759,15,15,8,2014,27.715833333333332,7.84,5.78,7.0
66760,15,16,8,2014,28.874166666666667,6.75,5.23,6.2
66761,15,17,8,2014,28.980833333333337,7.38,5.99,6.99
66762,15,18,8,2014,28.10666666666667,6.23,5.22,5.98
66763,15,19,8,2014,29.06833333333333,5.33,3.78,4.76
66764,15,20,8,2014,28.653333333333332,8.290000000000001,4.92,6.86
66765,15,21,8,2014,28.489999999999995,7.98,4.58,6.29
66766,15,22,8,2014,28.5975,10.26,5.55,8.13
66767,15,23,8,2014,27.9675,11.61,5.51,9.09
66768,16,0,8,2014,27.004166666666663,11.08,4.86,8.46
66769,16,1,8,2014,25.37333333333333,7.88,4.12,6.48
66770,16,2,8,2014,23.205833333333334,11.44,5.7,8.700000000000001
66771,16,3,8,2014,21.682499999999994,6.41,3.41,4.68
66772,16,4,8,2014,21.45,6.7700000000000005,3.87,5.5200000000000005
66773,16,5,8,2014,21.2875,5.0200000000000005,2.71,4.19
66774,16,6,8,2014,20.959166666666665,3.84,2.15,2.75
66775,16,7,8,2014,20.53,4.17,3.0700000000000003,3.92
66776,16,8,8,2014,20.745833333333334,3.44,2.58,3.31
66777,16,9,8,2014,20.84,4.2700000000000005,2.8000000000000003,3.75
66778,16,10,8,2014,21.041666666666668,3.95,2.02,3.31
66779,16,11,8,2014,20.99083333333333,2.5,1.51,2.18
66780,16,12,8,2014,20.87,1.81,1.55,1.75
66781,16,13,8,2014,21.346666666666664,2.65,2.22,2.49
66782,16,14,8,2014,22.404999999999998,3.29,2.77,3.0500000000000003
66783,16,15,8,2014,23.325833333333335,3.76,3.23,3.54
66784,16,16,8,2014,24.405,4.3100000000000005,3.78,4.14
66785,16,17,8,2014,25.381666666666664,4.62,3.99,4.43
66786,16,18,8,2014,26.198333333333334,5.62,4.8500000000000005,5.42
66787,16,19,8,2014,26.864166666666666,5.47,4.65,5.22
66788,16,20,8,2014,27.22916666666667,5.38,4.57,5.13
66789,16,21,8,2014,27.417500000000004,6.04,5.01,5.7700000000000005
66790,16,22,8,2014,27.28333333333333,6.21,4.87,5.64
66791,16,23,8,2014,26.705833333333334,5.36,4.23,5.01
66792,17,0,8,2014,25.995833333333337,5.5600000000000005,3.62,4.63
66793,17,1,8,2014,25.310000000000002,5.48,2.51,4.03
66794,17,2,8,2014,24.9375,4.89,1.82,3.56
66795,17,3,8,2014,24.714166666666667,5.18,1.97,3.5500000000000003
66796,17,4,8,2014,24.4325,5.9,2.08,3.86
66797,17,5,8,2014,23.8925,5.68,2.31,4.12
66798,17,6,8,2014,23.25,5.8500000000000005,2.76,4.51
66799,17,7,8,2014,22.7825,5.09,2.33,3.96
66800,17,8,8,2014,22.471666666666664,3.66,1.68,2.83
66801,17,9,8,2014,22.22666666666667,2.99,1.66,2.44
66802,17,10,8,2014,21.96666666666667,3.02,1.7,2.51
66803,17,11,8,2014,21.8725,2.31,1.39,1.98
66804,17,12,8,2014,21.862499999999997,2.76,1.69,2.36
66805,17,13,8,2014,22.4425,2.23,2.0,2.14
66806,17,14,8,2014,23.012500000000003,2.12,1.91,2.03
66807,17,15,8,2014,24.331666666666674,1.85,1.76,1.79
66808,17,16,8,2014,25.665833333333335,2.29,2.15,2.22
66809,17,17,8,2014,26.77333333333333,2.46,2.36,2.44
66810,17,18,8,2014,27.77333333333333,2.65,2.53,2.62
66811,17,19,8,2014,28.589999999999993,2.59,2.46,2.5500000000000003
66812,17,20,8,2014,29.315,2.51,2.33,2.46
66813,17,21,8,2014,29.576666666666668,2.5,2.41,2.54
66814,17,22,8,2014,29.47583333333333,3.19,2.81,3.15
66815,17,23,8,2014,28.9875,3.96,3.11,3.56
66816,18,0,8,2014,27.94666666666667,5.43,2.82,4.25
66817,18,1,8,2014,27.089999999999993,6.03,2.88,4.49
66818,18,2,8,2014,26.6225,6.38,2.47,4.67
66819,18,3,8,2014,26.377499999999998,8.01,3.56,6.0200000000000005
66820,18,4,8,2014,26.016666666666666,7.32,2.93,5.33
66821,18,5,8,2014,25.723333333333333,6.41,2.91,4.8500000000000005
66822,18,6,8,2014,21.930833333333336,13.95,7.72,10.98
66823,18,7,8,2014,20.709166666666665,8.69,5.54,7.44
66824,18,8,8,2014,21.64916666666667,9.76,4.7,7.28
66825,18,9,8,2014,21.878333333333334,8.51,3.7,6.16
66826,18,10,8,2014,22.16916666666667,5.16,2.4,4.1
66827,18,11,8,2014,22.125833333333333,5.66,2.62,4.13
66828,18,12,8,2014,22.334999999999997,5.0,1.82,3.29
66829,18,13,8,2014,23.22833333333334,3.0,1.5,1.61
66830,18,14,8,2014,24.078333333333337,1.48,1.34,1.37
66831,18,15,8,2014,25.156666666666666,1.01,0.94,0.93
66832,18,16,8,2014,26.683333333333334,0.93,0.88,0.86
66833,18,17,8,2014,28.29166666666667,1.27,1.15,1.16
66834,18,18,8,2014,29.39333333333333,1.14,1.04,1.06
66835,18,19,8,2014,30.394999999999996,1.18,1.1,1.1
66836,18,20,8,2014,31.31916666666667,1.29,1.25,1.26
66837,18,21,8,2014,31.765,1.17,1.18,1.19
66838,18,22,8,2014,31.911666666666665,1.48,1.32,1.44
66839,18,23,8,2014,31.698333333333338,2.33,1.55,2.05
66840,19,0,8,2014,30.271666666666665,3.04,1.8,2.87
66841,19,1,8,2014,29.344166666666666,3.36,2.01,3.17
66842,19,2,8,2014,28.855833333333333,4.61,2.5,3.7
66843,19,3,8,2014,28.106666666666666,5.88,1.97,3.42
66844,19,4,8,2014,27.774999999999995,5.73,1.48,3.5
66845,19,5,8,2014,27.733333333333334,5.99,2.59,4.07
66846,19,6,8,2014,28.144999999999996,6.41,3.25,4.96
66847,19,7,8,2014,27.349999999999998,15.32,8.27,12.74
66848,19,8,8,2014,25.478333333333328,13.36,6.09,10.2
66849,19,9,8,2014,25.468333333333334,8.93,4.53,6.36
66850,19,10,8,2014,25.287500000000005,11.51,6.07,8.94
66851,19,11,8,2014,25.21666666666667,10.74,5.12,8.38
66852,19,12,8,2014,24.799166666666665,7.25,3.62,5.54
66853,19,13,8,2014,25.18166666666666,5.5200000000000005,3.78,4.79
66854,19,14,8,2014,26.55,3.73,2.94,3.37
66855,19,15,8,2014,28.0525,3.54,2.93,3.25
66856,19,16,8,2014,29.105000000000004,2.61,2.33,2.47
66857,19,17,8,2014,29.915833333333328,1.72,1.62,1.65
66858,19,18,8,2014,30.736666666666668,1.41,1.47,1.46
66859,19,19,8,2014,31.414999999999996,1.9,1.93,1.96
66860,19,20,8,2014,31.985833333333332,2.8000000000000003,2.52,2.73
66861,19,21,8,2014,32.470000000000006,3.27,2.92,3.22
66862,19,22,8,2014,32.21916666666667,3.41,2.74,3.16
66863,19,23,8,2014,31.45,4.21,2.7,3.62
66864,20,0,8,2014,30.31083333333333,4.71,2.47,3.89
66865,20,1,8,2014,29.440833333333334,7.37,2.98,5.19
66866,20,2,8,2014,28.941666666666666,8.27,3.06,5.6000000000000005
66867,20,3,8,2014,28.609999999999996,8.88,3.29,6.0
66868,20,4,8,2014,28.484166666666663,9.19,3.4,6.29
66869,20,5,8,2014,28.486666666666665,8.700000000000001,3.27,6.1400000000000015
66870,20,6,8,2014,28.49333333333334,8.790000000000001,3.58,6.22
66871,20,7,8,2014,28.615000000000006,9.13,3.72,6.49
66872,20,8,8,2014,29.16083333333333,11.1,3.81,7.72
66873,20,9,8,2014,29.706666666666667,11.38,4.14,8.040000000000001
66874,20,10,8,2014,29.873333333333335,10.59,3.98,7.53
66875,20,11,8,2014,29.82166666666667,10.32,4.3,7.57
66876,20,12,8,2014,29.671666666666667,10.56,4.49,7.8
66877,20,13,8,2014,29.518333333333334,10.44,4.72,7.94
66878,20,14,8,2014,30.602499999999996,10.31,5.78,8.34
66879,20,15,8,2014,31.64083333333333,9.63,6.5600000000000005,8.32
66880,20,16,8,2014,32.48333333333334,9.36,6.58,8.19
66881,20,17,8,2014,33.30333333333333,8.93,6.75,8.14
66882,20,18,8,2014,33.907500000000006,8.870000000000003,6.7,8.08
66883,20,19,8,2014,34.214999999999996,10.38,7.47,9.28
66884,20,20,8,2014,34.37666666666667,10.32,7.21,9.16
66885,20,21,8,2014,34.358333333333334,10.43,6.54,8.63
66886,20,22,8,2014,33.81499999999999,11.96,6.22,9.5
66887,20,23,8,2014,32.82749999999999,10.44,4.7700000000000005,7.94
66888,21,0,8,2014,32.305,11.44,5.19,8.61
66889,21,1,8,2014,32.30583333333333,11.6,5.37,8.84
66890,21,2,8,2014,32.07083333333333,11.51,5.07,8.71
66891,21,3,8,2014,31.858333333333334,12.33,5.66,9.49
66892,21,4,8,2014,31.69416666666667,13.52,6.45,10.49
66893,21,5,8,2014,31.785,13.82,6.6400000000000015,10.68
66894,21,6,8,2014,31.984166666666667,14.47,6.8900000000000015,11.26
66895,21,7,8,2014,31.758333333333336,14.8,6.99,11.48
66896,21,8,8,2014,31.593333333333334,15.21,7.2,11.84
66897,21,9,8,2014,31.605,15.56,7.45,12.11
66898,21,10,8,2014,31.09416666666667,14.88,7.05,11.58
66899,21,11,8,2014,30.689166666666665,14.85,7.03,11.55
66900,21,12,8,2014,30.49,15.0,7.05,11.64
66901,21,13,8,2014,30.10916666666667,14.37,6.72,11.03
66902,21,14,8,2014,30.583333333333332,14.13,7.67,11.05
66903,21,15,8,2014,31.661666666666665,12.87,8.08,10.66
66904,21,16,8,2014,32.81333333333333,12.3,8.26,10.52
66905,21,17,8,2014,33.87083333333333,11.4,8.040000000000001,10.01
66906,21,18,8,2014,34.63916666666666,10.61,7.7,9.47
66907,21,19,8,2014,35.23916666666667,10.12,7.49,9.16
66908,21,20,8,2014,35.64666666666667,9.35,6.93,8.46
66909,21,21,8,2014,35.75,7.51,5.48,6.72
66910,21,22,8,2014,35.4825,7.69,4.43,5.84
66911,21,23,8,2014,34.56,7.97,3.39,5.67
66912,22,0,8,2014,33.59166666666667,10.89,4.43,7.94
66913,22,1,8,2014,33.605,13.2,5.78,10.11
66914,22,2,8,2014,31.551666666666666,11.87,7.61,10.05
66915,22,3,8,2014,31.449166666666667,8.61,3.03,5.15
66916,22,4,8,2014,32.15166666666667,10.05,4.32,7.47
66917,22,5,8,2014,32.083333333333336,9.79,4.3100000000000005,7.29
66918,22,6,8,2014,31.996666666666666,9.69,4.15,7.22
66919,22,7,8,2014,31.904999999999998,11.95,5.7,9.25
66920,22,8,8,2014,31.97416666666666,13.91,6.73,10.85
66921,22,9,8,2014,31.4275,12.95,6.41,10.21
66922,22,10,8,2014,30.05416666666667,8.73,4.7700000000000005,7.1000000000000005
66923,22,11,8,2014,29.0275,4.29,1.98,3.25
66924,22,12,8,2014,28.6225,2.16,1.12,1.88
66925,22,13,8,2014,27.935,3.11,3.13,3.7
66926,22,14,8,2014,29.543333333333337,3.7,2.9,3.25
66927,22,15,8,2014,30.590000000000003,4.72,3.91,4.45
66928,22,16,8,2014,32.144999999999996,4.16,3.52,3.93
66929,22,17,8,2014,32.46666666666667,4.3,3.36,4.14
66930,22,18,8,2014,31.269166666666667,4.0200000000000005,3.76,4.14
66931,22,19,8,2014,32.1625,2.32,2.32,2.38
66932,22,20,8,2014,33.1725,2.31,2.11,2.23
66933,22,21,8,2014,33.74333333333333,2.43,2.21,2.37
66934,22,22,8,2014,34.03083333333333,4.48,3.5500000000000003,4.23
66935,22,23,8,2014,33.68416666666666,3.93,2.16,3.19
66936,23,0,8,2014,32.79583333333333,3.74,1.84,2.95
66937,23,1,8,2014,32.22833333333334,5.17,2.76,4.17
66938,23,2,8,2014,31.342499999999998,7.81,3.82,5.98
66939,23,3,8,2014,30.88416666666667,6.8500000000000005,2.74,4.4
66940,23,4,8,2014,31.22000000000001,10.27,3.15,6.71
66941,23,5,8,2014,30.955,8.97,1.81,5.38
66942,23,6,8,2014,29.099999999999998,15.7,9.4,13.01
66943,23,7,8,2014,23.403333333333332,13.55,7.0200000000000005,10.72
66944,23,8,8,2014,22.39,10.58,5.41,8.71
66945,23,9,8,2014,22.220833333333335,8.21,5.28,7.1000000000000005
66946,23,10,8,2014,22.52666666666667,7.04,4.96,6.21
66947,23,11,8,2014,22.755,6.87,4.72,6.01
66948,23,12,8,2014,23.334166666666672,6.82,4.5,5.64
66949,23,13,8,2014,24.5525,6.78,5.0,6.07
66950,23,14,8,2014,26.575,7.0600000000000005,5.19,6.3
66951,23,15,8,2014,29.35333333333334,6.7,5.17,6.12
66952,23,16,8,2014,31.608333333333338,6.72,5.34,6.24
66953,23,17,8,2014,33.30916666666667,6.82,5.41,6.33
66954,23,18,8,2014,34.788333333333334,7.1400000000000015,5.7,6.67
66955,23,19,8,2014,35.61833333333333,10.51,7.5,9.34
66956,23,20,8,2014,36.15333333333333,11.47,7.52,9.82
66957,23,21,8,2014,36.26999999999999,12.07,7.47,10.28
66958,23,22,8,2014,35.5875,12.12,6.07,9.33
66959,23,23,8,2014,34.51916666666667,12.53,5.36,9.4
66960,24,0,8,2014,34.31,12.86,5.28,9.45
66961,24,1,8,2014,33.94333333333333,12.27,4.87,8.96
66962,24,2,8,2014,33.291666666666664,12.06,4.74,8.9
66963,24,3,8,2014,32.949999999999996,14.45,6.45,11.01
66964,24,4,8,2014,32.6,14.94,6.74,11.43
66965,24,5,8,2014,32.4025,14.75,6.7700000000000005,11.31
66966,24,6,8,2014,32.145833333333336,14.46,6.7,11.13
66967,24,7,8,2014,31.789999999999996,14.48,6.61,11.11
66968,24,8,8,2014,31.50666666666667,13.89,6.23,10.53
66969,24,9,8,2014,31.156666666666663,13.39,6.11,10.19
66970,24,10,8,2014,30.825833333333332,12.53,6.29,9.88
66971,24,11,8,2014,30.6675,12.69,6.34,9.99
66972,24,12,8,2014,30.47583333333333,12.39,6.12,9.73
66973,24,13,8,2014,29.971666666666664,15.89,8.2,12.23
66974,24,14,8,2014,30.665833333333335,15.48,8.07,12.09
66975,24,15,8,2014,31.760000000000005,10.68,6.79,8.81
66976,24,16,8,2014,32.526666666666664,9.21,6.8500000000000005,8.19
66977,24,17,8,2014,33.354166666666664,9.22,7.03,8.46
66978,24,18,8,2014,34.60333333333333,8.26,6.53,7.68
66979,24,19,8,2014,35.645833333333336,9.75,7.49,9.01
66980,24,20,8,2014,33.403333333333336,11.89,9.26,11.29
66981,24,21,8,2014,34.295833333333334,26.35,14.79,21.8
66982,24,22,8,2014,25.21666666666667,19.07,14.37,17.7
66983,24,23,8,2014,27.979166666666668,12.87,6.45,9.85
66984,25,0,8,2014,27.839166666666667,11.73,4.43,7.75
66985,25,1,8,2014,27.990833333333338,11.65,4.47,8.21
66986,25,2,8,2014,28.752499999999998,12.01,4.7700000000000005,8.290000000000001
66987,25,3,8,2014,30.50166666666667,12.96,4.78,9.2
66988,25,4,8,2014,30.787499999999998,12.2,4.62,8.790000000000001
66989,25,5,8,2014,30.603333333333335,7.48,3.36,5.43
66990,25,6,8,2014,30.6975,8.040000000000001,3.63,5.69
66991,25,7,8,2014,30.40833333333333,9.11,3.49,6.59
66992,25,8,8,2014,30.205833333333327,9.52,3.81,6.9
66993,25,9,8,2014,30.211666666666662,9.94,3.66,6.87
66994,25,10,8,2014,29.88333333333333,8.91,2.61,5.89
66995,25,11,8,2014,29.786666666666665,6.98,2.74,5.12
66996,25,12,8,2014,29.96833333333333,7.35,3.01,5.4
66997,25,13,8,2014,30.45,5.8100000000000005,2.21,4.33
66998,25,14,8,2014,31.9375,3.94,2.33,2.76
66999,25,15,8,2014,32.79750000000001,2.5500000000000003,2.14,2.36
67000,25,16,8,2014,33.48250000000001,2.4,2.19,2.33
67001,25,17,8,2014,34.0575,2.75,2.62,2.78
67002,25,18,8,2014,34.484166666666674,4.15,3.71,4.09
67003,25,19,8,2014,34.34916666666667,5.78,5.0,5.65
67004,25,20,8,2014,34.160833333333336,5.38,4.6000000000000005,5.21
67005,25,21,8,2014,33.88,7.69,6.33,7.42
67006,25,22,8,2014,31.860000000000003,7.85,5.75,7.03
67007,25,23,8,2014,31.265833333333337,5.45,3.5500000000000003,4.72
67008,26,0,8,2014,30.1875,4.46,2.73,3.78
67009,26,1,8,2014,29.742499999999996,5.87,2.69,4.12
67010,26,2,8,2014,29.427499999999995,4.82,2.8000000000000003,4.11
67011,26,3,8,2014,28.491666666666664,6.26,3.3200000000000003,5.07
67012,26,4,8,2014,27.710000000000004,9.85,5.93,7.98
67013,26,5,8,2014,24.170833333333334,11.92,6.17,8.93
67014,26,6,8,2014,23.209999999999997,18.56,10.54,15.45
67015,26,7,8,2014,18.491666666666667,19.95,11.07,16.25
67016,26,8,8,2014,18.536666666666665,15.08,9.3,12.78
67017,26,9,8,2014,18.732499999999998,11.75,5.49,8.58
67018,26,10,8,2014,19.514999999999997,11.99,8.39,11.05
67019,26,11,8,2014,20.195,5.33,3.54,4.19
67020,26,12,8,2014,20.050833333333333,8.540000000000001,4.82,6.69
67021,26,13,8,2014,20.286666666666665,3.93,2.92,3.5
67022,26,14,8,2014,21.389166666666668,2.66,2.19,2.4
67023,26,15,8,2014,23.25916666666667,5.01,4.0600000000000005,4.61
67024,26,16,8,2014,24.902500000000003,4.55,3.83,4.26
67025,26,17,8,2014,26.259999999999994,3.81,3.25,3.5700000000000003
67026,26,18,8,2014,27.605,4.62,3.88,4.33
67027,26,19,8,2014,28.537500000000005,5.14,4.29,4.89
67028,26,20,8,2014,29.37833333333334,3.22,2.77,3.04
67029,26,21,8,2014,29.77333333333334,3.85,3.12,3.64
67030,26,22,8,2014,29.40666666666667,5.39,3.67,4.67
67031,26,23,8,2014,28.23,7.0600000000000005,4.12,5.84
67032,27,0,8,2014,27.135833333333338,7.79,3.89,6.12
67033,27,1,8,2014,26.635,8.49,4.13,6.61
67034,27,2,8,2014,26.373333333333335,8.53,4.0200000000000005,6.63
67035,27,3,8,2014,26.229166666666668,7.9300000000000015,3.61,6.09
67036,27,4,8,2014,26.093333333333334,4.25,3.23,3.76
67037,27,5,8,2014,25.857500000000005,5.08,3.28,4.47
67038,27,6,8,2014,23.978333333333328,6.63,4.67,5.84
67039,27,7,8,2014,22.785,7.05,4.62,6.0200000000000005
67040,27,8,8,2014,22.354166666666668,8.38,5.37,6.94
67041,27,9,8,2014,22.545,7.66,4.08,5.95
67042,27,10,8,2014,22.424166666666668,7.07,3.88,5.71
67043,27,11,8,2014,22.514166666666668,7.62,5.29,6.8
67044,27,12,8,2014,21.482499999999998,7.84,5.33,6.74
67045,27,13,8,2014,21.336666666666662,7.78,5.0,6.73
67046,27,14,8,2014,21.886666666666667,5.41,4.23,4.97
67047,27,15,8,2014,22.705,5.95,4.73,5.5
67048,27,16,8,2014,23.897500000000004,6.26,5.05,5.83
67049,27,17,8,2014,24.323333333333334,6.74,5.37,6.18
67050,27,18,8,2014,25.188333333333336,6.93,5.3,6.16
67051,27,19,8,2014,26.884999999999994,7.74,6.23,7.28
67052,27,20,8,2014,27.323333333333338,7.53,6.0,7.04
67053,27,21,8,2014,27.56833333333333,7.53,5.53,6.79
67054,27,22,8,2014,27.33916666666666,7.6,5.42,6.68
67055,27,23,8,2014,26.906666666666666,7.27,4.53,6.11
67056,28,0,8,2014,26.355833333333333,7.71,4.0600000000000005,6.12
67057,28,1,8,2014,25.935000000000002,7.98,3.92,6.12
67058,28,2,8,2014,24.949166666666667,15.39,8.17,12.09
67059,28,3,8,2014,21.11916666666667,18.43,11.37,15.12
67060,28,4,8,2014,21.524999999999995,16.16,8.21,12.38
67061,28,5,8,2014,22.625,11.36,6.1400000000000015,9.24
67062,28,6,8,2014,22.430000000000003,8.78,5.26,7.3900000000000015
67063,28,7,8,2014,21.808333333333334,8.950000000000003,4.53,6.78
67064,28,8,8,2014,21.90583333333333,9.7,4.79,7.41
67065,28,9,8,2014,21.938333333333333,9.52,4.87,7.45
67066,28,10,8,2014,21.799166666666665,9.54,4.66,7.31
67067,28,11,8,2014,22.386666666666667,9.7,4.5600000000000005,7.31
67068,28,12,8,2014,22.824166666666667,8.55,3.61,6.1000000000000005
67069,28,13,8,2014,23.779166666666665,9.46,4.07,6.97
67070,28,14,8,2014,25.811666666666667,8.33,4.01,6.32
67071,28,15,8,2014,26.546666666666667,7.51,4.64,5.67
67072,28,16,8,2014,24.316666666666666,6.24,5.08,6.0600000000000005
67073,28,17,8,2014,25.33583333333333,4.05,3.7,4.0200000000000005
67074,28,18,8,2014,24.698333333333334,16.9,11.84,14.85
67075,28,19,8,2014,22.213333333333335,13.92,6.07,9.09
67076,28,20,8,2014,25.415833333333328,4.22,3.0700000000000003,3.5
67077,28,21,8,2014,26.59833333333334,5.29,4.17,4.94
67078,28,22,8,2014,26.861666666666665,2.94,1.86,2.29
67079,28,23,8,2014,26.289166666666663,11.97,7.42,9.95
67080,29,0,8,2014,23.66416666666667,14.94,7.65,11.63
67081,29,1,8,2014,22.058333333333334,14.55,7.49,11.54
67082,29,2,8,2014,22.82166666666667,7.56,3.65,6.09
67083,29,3,8,2014,23.915000000000003,6.0600000000000005,2.73,3.89
67084,29,4,8,2014,23.06583333333333,7.03,2.98,4.88
67085,29,5,8,2014,23.51166666666667,9.41,4.2,6.92
67086,29,6,8,2014,23.706666666666663,9.26,3.91,6.67
67087,29,7,8,2014,23.656666666666666,8.21,3.15,5.66
67088,29,8,8,2014,23.376666666666665,6.93,2.3000000000000003,4.3100000000000005
67089,29,9,8,2014,23.366666666666664,8.68,3.87,6.44
67090,29,10,8,2014,23.343333333333334,8.36,3.82,6.42
67091,29,11,8,2014,23.339166666666667,8.290000000000001,3.51,6.09
67092,29,12,8,2014,23.30083333333333,9.04,3.71,6.67
67093,29,13,8,2014,23.763333333333332,8.950000000000003,3.95,6.62
67094,29,14,8,2014,25.289166666666663,8.09,4.49,6.3900000000000015
67095,29,15,8,2014,26.301666666666666,6.73,5.0200000000000005,5.98
67096,29,16,8,2014,27.113333333333333,6.4,4.96,5.84
67097,29,17,8,2014,27.94083333333334,5.88,4.82,5.51
67098,29,18,8,2014,28.695000000000004,6.04,4.99,5.71
67099,29,19,8,2014,29.2825,7.6400000000000015,6.07,7.15
67100,29,20,8,2014,29.575,6.86,5.3500000000000005,6.33
67101,29,21,8,2014,29.80083333333334,7.29,5.48,6.63
67102,29,22,8,2014,29.5625,11.81,5.5200000000000005,9.15
67103,29,23,8,2014,23.965000000000003,16.92,10.69,14.22
67104,30,0,8,2014,22.980833333333333,8.11,4.59,6.49
67105,30,1,8,2014,23.146666666666665,7.69,4.09,6.15
67106,30,2,8,2014,22.603333333333335,6.98,3.89,5.58
67107,30,3,8,2014,22.38166666666667,4.18,2.01,3.17
67108,30,4,8,2014,22.566666666666666,3.74,2.37,3.0500000000000003
67109,30,5,8,2014,22.592499999999998,5.4,3.28,4.46
67110,30,6,8,2014,22.645,5.48,3.1,4.38
67111,30,7,8,2014,22.675833333333333,4.79,2.59,3.81
67112,30,8,8,2014,22.715833333333336,4.95,2.75,3.94
67113,30,9,8,2014,22.753333333333334,5.75,2.92,4.29
67114,30,10,8,2014,22.714166666666667,5.3500000000000005,2.78,4.11
67115,30,11,8,2014,22.5975,5.2,2.56,4.07
67116,30,12,8,2014,22.348333333333333,5.37,2.94,4.33
67117,30,13,8,2014,22.615833333333338,5.08,3.5700000000000003,4.29
67118,30,14,8,2014,23.379999999999995,4.99,3.84,4.48
67119,30,15,8,2014,24.4175,4.21,3.47,3.89
67120,30,16,8,2014,25.4525,3.12,2.77,2.96
67121,30,17,8,2014,26.4875,2.76,2.54,2.67
67122,30,18,8,2014,27.411666666666665,2.57,2.37,2.48
67123,30,19,8,2014,28.277500000000003,1.98,1.85,1.91
67124,30,20,8,2014,29.049999999999997,1.82,1.77,1.83
67125,30,21,8,2014,29.191666666666674,0.9,0.9,0.91
67126,30,22,8,2014,29.154999999999998,0.76,0.78,0.77
67127,30,23,8,2014,28.7075,1.81,1.88,2.1
67128,31,0,8,2014,26.964999999999993,4.73,2.59,4.0200000000000005
67129,31,1,8,2014,25.860833333333336,6.41,3.03,4.91
67130,31,2,8,2014,25.028333333333332,8.41,3.31,6.08
67131,31,3,8,2014,24.598333333333333,8.950000000000003,3.26,6.46
67132,31,4,8,2014,24.374166666666664,9.8,3.53,7.0
67133,31,5,8,2014,24.554166666666664,10.58,4.16,7.63
67134,31,6,8,2014,24.870833333333337,11.19,4.88,8.34
67135,31,7,8,2014,25.10166666666667,11.55,5.1000000000000005,8.55
67136,31,8,8,2014,25.1725,11.86,5.5,9.02
67137,31,9,8,2014,24.925833333333333,12.54,5.92,9.48
67138,31,10,8,2014,24.940833333333334,12.7,5.82,9.62
67139,31,11,8,2014,24.929999999999996,13.03,6.24,10.0
67140,31,12,8,2014,24.742499999999996,13.46,6.3500000000000005,10.35
67141,31,13,8,2014,25.33,14.16,7.0,11.1
67142,31,14,8,2014,26.367499999999996,15.56,9.47,12.85
67143,31,15,8,2014,26.585000000000004,14.08,8.99,11.82
67144,31,16,8,2014,28.484166666666667,12.07,8.22,10.45
67145,31,17,8,2014,28.89333333333333,12.34,8.36,10.7
67146,31,18,8,2014,29.370833333333337,11.45,7.54,9.83
67147,31,19,8,2014,30.51,11.13,7.72,9.74
67148,31,20,8,2014,31.265833333333337,12.21,7.99,10.47
67149,31,21,8,2014,31.18666666666667,14.83,9.04,12.36
67150,31,22,8,2014,30.801666666666666,15.16,7.73,11.8
67151,31,23,8,2014,30.0,16.85,7.98,13.05
67152,1,0,9,2014,26.552499999999995,17.28,9.47,13.31
67153,1,1,9,2014,23.667499999999993,14.04,7.36,11.24
67154,1,2,9,2014,22.451666666666664,16.2,10.3,13.82
67155,1,3,9,2014,19.428333333333335,12.16,7.63,10.08
67156,1,4,9,2014,20.020833333333332,13.11,6.15,10.23
67157,1,5,9,2014,19.907500000000002,11.99,5.96,9.43
67158,1,6,9,2014,19.618333333333336,10.48,5.83,8.36
67159,1,7,9,2014,19.704166666666666,12.18,6.07,9.63
67160,1,8,9,2014,19.43,9.94,4.8,7.56
67161,1,9,9,2014,19.039999999999996,11.49,5.33,8.290000000000001
67162,1,10,9,2014,18.976666666666663,12.94,6.21,9.96
67163,1,11,9,2014,18.6875,12.38,6.19,9.7
67164,1,12,9,2014,18.513333333333332,10.64,5.29,8.39
67165,1,13,9,2014,19.7,9.04,5.19,6.91
67166,1,14,9,2014,21.157499999999995,7.01,4.59,5.87
67167,1,15,9,2014,22.421666666666667,4.08,3.41,3.75
67168,1,16,9,2014,23.27416666666667,3.98,3.46,3.8
67169,1,17,9,2014,24.11,3.7,3.28,3.54
67170,1,18,9,2014,24.735833333333336,3.52,3.19,3.43
67171,1,19,9,2014,25.254166666666663,3.28,2.98,3.18
67172,1,20,9,2014,25.645833333333332,3.14,2.84,3.04
67173,1,21,9,2014,25.575833333333335,4.86,4.22,4.76
67174,1,22,9,2014,24.91083333333334,5.24,4.1,4.8500000000000005
67175,1,23,9,2014,23.991666666666664,6.43,4.37,5.6000000000000005
67176,2,0,9,2014,21.315,6.78,3.45,5.58
67177,2,1,9,2014,19.05916666666667,5.5200000000000005,2.29,4.39
67178,2,2,9,2014,18.048333333333332,5.29,1.94,3.49
67179,2,3,9,2014,17.886666666666667,5.9,2.66,4.91
67180,2,4,9,2014,17.703333333333333,5.79,2.64,4.86
67181,2,5,9,2014,17.486666666666665,4.3100000000000005,2.24,3.8
67182,2,6,9,2014,16.651666666666664,3.51,1.28,2.66
67183,2,7,9,2014,16.263333333333332,3.03,1.37,2.33
67184,2,8,9,2014,15.948333333333336,2.22,0.74,1.34
67185,2,9,9,2014,15.793333333333335,4.83,3.84,5.38
67186,2,10,9,2014,14.535000000000002,4.32,2.9,4.5600000000000005
67187,2,11,9,2014,15.663333333333332,3.45,1.49,2.79
67188,2,12,9,2014,16.121666666666666,2.72,0.91,1.55
67189,2,13,9,2014,18.674166666666665,3.04,1.45,2.01
67190,2,14,9,2014,19.990000000000002,1.87,1.64,1.72
67191,2,15,9,2014,21.349999999999998,1.82,1.75,1.79
67192,2,16,9,2014,22.687499999999996,0.96,1.03,0.98
67193,2,17,9,2014,23.94666666666667,0.87,0.84,0.8200000000000001
67194,2,18,9,2014,25.051666666666662,1.09,1.1,1.08
67195,2,19,9,2014,25.889999999999997,1.44,1.48,1.47
67196,2,20,9,2014,26.571666666666662,2.19,2.01,2.12
67197,2,21,9,2014,26.933333333333334,2.62,2.3000000000000003,2.53
67198,2,22,9,2014,26.859166666666667,3.66,2.8000000000000003,3.39
67199,2,23,9,2014,25.91083333333333,4.05,2.94,3.68
67200,3,0,9,2014,22.924999999999997,4.84,2.56,4.17
67201,3,1,9,2014,21.294166666666666,6.3500000000000005,3.7,5.69
67202,3,2,9,2014,20.43916666666667,7.48,3.73,6.2700000000000005
67203,3,3,9,2014,20.092499999999998,8.65,3.71,6.59
67204,3,4,9,2014,19.605,9.46,3.93,7.56
67205,3,5,9,2014,19.45583333333333,10.75,3.9,7.72
67206,3,6,9,2014,19.599999999999998,11.68,3.86,8.040000000000001
67207,3,7,9,2014,19.900833333333335,11.39,4.12,7.87
67208,3,8,9,2014,20.375833333333333,13.19,5.68,9.84
67209,3,9,9,2014,19.7975,15.24,6.99,11.31
67210,3,10,9,2014,20.625833333333336,16.64,9.39,13.3
67211,3,11,9,2014,20.430833333333332,13.79,6.49,10.56
67212,3,12,9,2014,20.13916666666667,10.34,5.65,8.35
67213,3,13,9,2014,21.434166666666666,14.6,8.83,12.13
67214,3,14,9,2014,22.779166666666665,14.63,9.31,12.14
67215,3,15,9,2014,24.39916666666667,14.23,9.43,12.2
67216,3,16,9,2014,25.999166666666664,13.2,8.98,11.45
67217,3,17,9,2014,27.462499999999995,11.76,8.53,10.44
67218,3,18,9,2014,28.730000000000004,11.61,8.42,10.32
67219,3,19,9,2014,29.673333333333336,11.47,8.290000000000001,10.19
67220,3,20,9,2014,30.514166666666668,11.81,8.36,10.37
67221,3,21,9,2014,31.14916666666667,13.46,8.45,11.3
67222,3,22,9,2014,30.839166666666667,13.69,7.6400000000000015,11.0
67223,3,23,9,2014,29.8625,15.4,6.78,11.7
67224,4,0,9,2014,28.170833333333334,14.2,6.04,10.57
67225,4,1,9,2014,27.26666666666667,15.6,6.97,11.75
67226,4,2,9,2014,26.689166666666665,16.09,7.53,12.19
67227,4,3,9,2014,26.124166666666667,16.91,8.040000000000001,12.99
67228,4,4,9,2014,25.862499999999997,17.53,8.55,13.57
67229,4,5,9,2014,25.770833333333332,17.6,8.63,13.66
67230,4,6,9,2014,25.485000000000003,17.63,8.85,13.83
67231,4,7,9,2014,25.250833333333333,17.650000000000006,8.790000000000001,13.84
67232,4,8,9,2014,25.05583333333333,18.12,8.76,14.11
67233,4,9,9,2014,24.87833333333333,19.17,9.13,14.91
67234,4,10,9,2014,24.853333333333328,19.19,9.16,14.92
67235,4,11,9,2014,24.49,19.21,9.38,15.03
67236,4,12,9,2014,24.0175,19.07,9.56,15.01
67237,4,13,9,2014,24.27666666666667,19.35,9.81,15.34
67238,4,14,9,2014,25.734166666666667,19.05,10.66,15.24
67239,4,15,9,2014,27.63416666666667,17.35,10.55,14.26
67240,4,16,9,2014,29.287499999999994,16.26,10.25,13.71
67241,4,17,9,2014,30.665000000000003,13.8,8.71,11.53
67242,4,18,9,2014,31.319166666666664,12.38,8.75,10.86
67243,4,19,9,2014,31.963333333333335,11.58,8.14,10.12
67244,4,20,9,2014,32.39666666666667,10.68,7.6,9.4
67245,4,21,9,2014,32.47666666666667,11.54,7.22,9.51
67246,4,22,9,2014,32.10916666666666,11.31,6.21,9.06
67247,4,23,9,2014,30.922500000000003,10.77,4.28,7.77
67248,5,0,9,2014,29.052500000000006,11.55,4.34,8.3
67249,5,1,9,2014,27.990833333333338,13.71,4.87,9.68
67250,5,2,9,2014,27.733333333333334,14.29,5.71,10.47
67251,5,3,9,2014,27.072499999999994,14.08,5.82,10.35
67252,5,4,9,2014,26.433333333333337,14.47,5.44,10.36
67253,5,5,9,2014,25.689166666666665,8.49,4.0200000000000005,6.41
67254,5,6,9,2014,23.271666666666665,6.8900000000000015,3.47,5.57
67255,5,7,9,2014,22.36,7.16,3.76,5.59
67256,5,8,9,2014,21.67333333333333,9.68,5.3,7.76
67257,5,9,9,2014,20.745,10.93,5.86,8.99
67258,5,10,9,2014,18.893333333333334,12.03,6.36,9.83
67259,5,11,9,2014,17.653333333333336,10.55,5.53,8.63
67260,5,12,9,2014,17.073333333333334,11.26,6.97,9.46
67261,5,13,9,2014,17.69333333333333,11.09,6.69,9.24
67262,5,14,9,2014,18.325000000000003,9.35,6.8500000000000005,8.38
67263,5,15,9,2014,19.275833333333328,7.55,6.04,7.01
67264,5,16,9,2014,18.9375,7.43,5.78,6.78
67265,5,17,9,2014,17.413333333333338,8.94,6.37,7.94
67266,5,18,9,2014,16.960833333333337,8.45,6.2700000000000005,7.59
67267,5,19,9,2014,15.909999999999998,8.040000000000001,5.89,7.3
67268,5,20,9,2014,16.291666666666668,8.75,6.17,7.79
67269,5,21,9,2014,17.284166666666668,6.8100000000000005,5.09,6.12
67270,5,22,9,2014,18.12,5.92,4.2700000000000005,5.25
67271,5,23,9,2014,17.884999999999994,5.62,3.91,4.93
67272,6,0,9,2014,17.410833333333336,4.79,3.14,4.13
67273,6,1,9,2014,16.623333333333335,6.57,3.74,5.28
67274,6,2,9,2014,15.7575,7.81,4.21,6.21
67275,6,3,9,2014,15.658333333333337,7.33,3.31,5.11
67276,6,4,9,2014,15.919166666666667,5.46,1.84,3.33
67277,6,5,9,2014,15.965833333333334,3.81,1.39,2.47
67278,6,6,9,2014,15.847500000000002,3.34,1.35,2.37
67279,6,7,9,2014,15.7575,4.38,2.03,3.28
67280,6,8,9,2014,15.9375,4.63,2.15,3.36
67281,6,9,9,2014,16.090833333333332,4.8500000000000005,2.05,3.34
67282,6,10,9,2014,16.140833333333333,4.91,2.24,3.63
67283,6,11,9,2014,16.1325,5.88,2.34,4.0200000000000005
67284,6,12,9,2014,16.260833333333338,6.0600000000000005,2.4,4.08
67285,6,13,9,2014,16.9825,5.32,3.75,4.5
67286,6,14,9,2014,18.003333333333334,5.18,4.08,4.73
67287,6,15,9,2014,18.771666666666672,5.12,4.2,4.76
67288,6,16,9,2014,19.459166666666665,4.92,4.15,4.65
67289,6,17,9,2014,20.12666666666667,4.63,4.03,4.44
67290,6,18,9,2014,20.723333333333333,5.04,4.5,4.95
67291,6,19,9,2014,21.319166666666664,4.59,4.0,4.41
67292,6,20,9,2014,21.72083333333333,4.4,3.77,4.18
67293,6,21,9,2014,21.87,4.0,3.45,3.88
67294,6,22,9,2014,21.689166666666665,4.3,3.43,3.97
67295,6,23,9,2014,21.029999999999998,4.48,3.29,4.1
67296,7,0,9,2014,20.2525,4.48,1.85,2.97
67297,7,1,9,2014,19.7625,4.8100000000000005,1.28,3.26
67298,7,2,9,2014,19.5475,5.04,1.38,3.48
67299,7,3,9,2014,19.275000000000002,4.89,1.14,2.92
67300,7,4,9,2014,19.049166666666668,5.97,1.38,3.5
67301,7,5,9,2014,18.776666666666667,6.0600000000000005,1.81,3.78
67302,7,6,9,2014,18.61,5.8500000000000005,1.94,3.66
67303,7,7,9,2014,18.44333333333333,5.91,2.1,4.07
67304,7,8,9,2014,18.239166666666666,5.6000000000000005,1.76,3.63
67305,7,9,9,2014,18.014999999999997,5.65,1.72,3.73
67306,7,10,9,2014,17.83333333333334,5.37,1.66,3.5700000000000003
67307,7,11,9,2014,17.782500000000002,5.5200000000000005,1.92,3.8
67308,7,12,9,2014,17.644166666666667,5.99,2.02,4.01
67309,7,13,9,2014,18.35083333333333,5.82,3.45,4.13
67310,7,14,9,2014,19.414166666666663,4.83,3.76,4.37
67311,7,15,9,2014,20.224166666666665,4.45,3.66,4.15
67312,7,16,9,2014,20.945,3.9,3.41,3.73
67313,7,17,9,2014,21.695833333333336,3.74,3.39,3.66
67314,7,18,9,2014,22.324166666666667,4.32,3.85,4.22
67315,7,19,9,2014,22.845,3.85,3.42,3.7
67316,7,20,9,2014,23.208333333333332,4.9,4.11,4.65
67317,7,21,9,2014,23.354166666666668,5.16,4.36,5.0
67318,7,22,9,2014,23.075833333333335,5.57,4.28,5.15
67319,7,23,9,2014,22.346666666666664,6.7,3.42,5.0600000000000005
67320,8,0,9,2014,21.451666666666664,7.21,3.33,5.66
67321,8,1,9,2014,21.1275,7.35,3.13,5.55
67322,8,2,9,2014,20.8275,7.9300000000000015,2.84,5.68
67323,8,3,9,2014,20.711666666666662,8.77,3.28,6.32
67324,8,4,9,2014,20.441666666666666,8.41,3.3200000000000003,6.11
67325,8,5,9,2014,20.378333333333334,9.12,3.8,6.74
67326,8,6,9,2014,20.358333333333334,9.77,4.11,7.23
67327,8,7,9,2014,20.37833333333333,9.7,3.92,7.13
67328,8,8,9,2014,20.330833333333334,9.82,4.44,7.51
67329,8,9,9,2014,20.104166666666668,10.56,4.99,8.2
67330,8,10,9,2014,19.8925,10.49,5.11,8.15
67331,8,11,9,2014,19.7525,10.87,5.34,8.540000000000001
67332,8,12,9,2014,19.702500000000004,11.22,5.49,8.75
67333,8,13,9,2014,20.06083333333333,10.62,5.5600000000000005,8.4
67334,8,14,9,2014,21.671666666666667,9.15,6.36,7.98
67335,8,15,9,2014,23.242499999999996,9.41,7.08,8.49
67336,8,16,9,2014,24.517500000000002,9.61,7.32,8.73
67337,8,17,9,2014,25.985,10.19,7.84,9.34
67338,8,18,9,2014,26.935000000000002,10.62,8.11,9.7
67339,8,19,9,2014,27.913333333333338,10.11,7.8,9.29
67340,8,20,9,2014,28.436666666666667,10.39,7.67,9.39
67341,8,21,9,2014,28.80666666666667,9.62,7.13,8.700000000000001
67342,8,22,9,2014,28.899999999999995,8.42,5.86,7.29
67343,8,23,9,2014,28.06083333333333,9.74,4.51,7.44
67344,9,0,9,2014,26.67916666666667,10.37,4.48,7.77
67345,9,1,9,2014,25.7375,11.34,5.16,8.65
67346,9,2,9,2014,25.145,12.63,5.79,9.68
67347,9,3,9,2014,25.03333333333333,13.44,6.28,10.34
67348,9,4,9,2014,24.90166666666667,13.42,6.29,10.33
67349,9,5,9,2014,24.955,13.54,6.19,10.38
67350,9,6,9,2014,24.969166666666666,13.37,6.17,10.31
67351,9,7,9,2014,24.907500000000002,13.32,6.17,10.27
67352,9,8,9,2014,24.861666666666665,13.28,6.47,10.42
67353,9,9,9,2014,24.8925,12.64,6.23,9.89
67354,9,10,9,2014,24.913333333333338,13.22,6.7700000000000005,10.37
67355,9,11,9,2014,24.605833333333333,12.78,6.24,9.82
67356,9,12,9,2014,24.46666666666667,12.75,5.92,9.68
67357,9,13,9,2014,24.737499999999997,13.15,6.11,10.21
67358,9,14,9,2014,25.7825,13.32,7.3900000000000015,10.53
67359,9,15,9,2014,27.120833333333337,11.52,7.24,9.76
67360,9,16,9,2014,28.250833333333333,10.32,6.93,8.81
67361,9,17,9,2014,29.234999999999996,9.79,7.16,8.68
67362,9,18,9,2014,30.085833333333337,9.52,7.12,8.6
67363,9,19,9,2014,30.625833333333336,11.19,8.01,9.91
67364,9,20,9,2014,30.545,13.39,8.53,11.2
67365,9,21,9,2014,29.709166666666665,17.37,7.69,13.21
67366,9,22,9,2014,28.6975,20.33,9.81,16.14
67367,9,23,9,2014,26.325,19.29,9.27,15.14
67368,10,0,9,2014,24.168333333333333,16.18,8.18,12.81
67369,10,1,9,2014,24.213333333333335,15.5,7.35,11.87
67370,10,2,9,2014,24.3125,16.57,7.79,12.86
67371,10,3,9,2014,25.523333333333337,17.35,8.13,13.44
67372,10,4,9,2014,26.272500000000004,16.86,8.07,13.14
67373,10,5,9,2014,22.53,10.51,5.54,8.02
67374,10,6,9,2014,22.21416666666667,9.49,5.24,7.66
67375,10,7,9,2014,21.9375,11.04,5.55,8.27
67376,10,8,9,2014,21.7025,10.59,5.29,8.23
67377,10,9,9,2014,21.195,11.25,5.8,9.01
67378,10,10,9,2014,21.13083333333333,8.98,4.92,7.22
67379,10,11,9,2014,20.739166666666666,9.59,5.09,7.72
67380,10,12,9,2014,20.14916666666667,9.49,4.71,7.55
67381,10,13,9,2014,20.201666666666664,9.1,4.95,7.37
67382,10,14,9,2014,19.563333333333336,12.29,6.43,9.88
67383,10,15,9,2014,18.11916666666667,12.91,7.47,10.74
67384,10,16,9,2014,17.30416666666667,13.48,8.08,11.38
67385,10,17,9,2014,17.101666666666667,13.25,8.11,11.25
67386,10,18,9,2014,17.22416666666667,12.08,8.11,10.34
67387,10,19,9,2014,16.7,12.04,8.28,10.47
67388,10,20,9,2014,16.6725,11.85,8.0,10.33
67389,10,21,9,2014,16.804999999999996,11.0,7.81,9.72
67390,10,22,9,2014,16.600833333333338,11.62,7.6400000000000015,10.06
67391,10,23,9,2014,15.950833333333335,12.05,7.31,10.22
67392,11,0,9,2014,15.305,12.28,6.82,9.99
67393,11,1,9,2014,15.018333333333333,11.74,6.61,9.77
67394,11,2,9,2014,14.667500000000002,11.07,6.38,9.2
67395,11,3,9,2014,14.352499999999997,11.28,6.55,9.41
67396,11,4,9,2014,13.7525,10.78,6.3,9.04
67397,11,5,9,2014,13.121666666666668,10.45,6.25,8.790000000000001
67398,11,6,9,2014,12.858333333333333,9.32,5.63,7.84
67399,11,7,9,2014,12.643333333333336,8.48,5.26,7.2
67400,11,8,9,2014,12.4225,8.2,5.04,6.96
67401,11,9,9,2014,12.104166666666666,8.09,4.95,6.92
67402,11,10,9,2014,11.601666666666667,8.120000000000001,4.97,6.91
67403,11,11,9,2014,11.265,7.7,4.65,6.6000000000000005
67404,11,12,9,2014,11.117499999999998,6.74,4.24,5.79
67405,11,13,9,2014,11.291666666666666,6.22,4.67,5.5
67406,11,14,9,2014,11.866666666666667,6.45,5.24,6.0
67407,11,15,9,2014,12.700000000000001,6.53,5.33,6.09
67408,11,16,9,2014,13.667500000000002,6.12,5.23,5.83
67409,11,17,9,2014,14.470833333333331,6.59,5.66,6.38
67410,11,18,9,2014,15.174999999999997,6.8100000000000005,5.87,6.59
67411,11,19,9,2014,15.949166666666665,6.11,5.29,5.91
67412,11,20,9,2014,16.134166666666665,6.7,5.57,6.46
67413,11,21,9,2014,16.371666666666666,7.03,5.7,6.69
67414,11,22,9,2014,16.2025,7.1000000000000005,5.29,6.48
67415,11,23,9,2014,15.418333333333335,7.03,4.5,5.94
67416,12,0,9,2014,14.984166666666669,8.45,4.45,6.94
67417,12,1,9,2014,14.507499999999999,9.44,4.57,7.63
67418,12,2,9,2014,14.089166666666666,9.36,4.6000000000000005,7.57
67419,12,3,9,2014,13.331666666666669,9.56,5.58,8.06
67420,12,4,9,2014,12.475833333333334,9.37,5.62,7.9
67421,12,5,9,2014,12.103333333333333,8.49,5.29,7.18
67422,12,6,9,2014,11.910833333333331,7.75,4.8500000000000005,6.58
67423,12,7,9,2014,11.829166666666666,6.74,4.3,5.74
67424,12,8,9,2014,11.700833333333334,7.46,4.82,6.43
67425,12,9,9,2014,11.516666666666666,7.44,4.79,6.4
67426,12,10,9,2014,11.265833333333333,7.61,4.79,6.3900000000000015
67427,12,11,9,2014,10.615000000000002,10.63,5.69,8.84
67428,12,12,9,2014,8.6725,12.64,6.6400000000000015,10.46
67429,12,13,9,2014,7.678333333333335,11.85,6.61,9.91
67430,12,14,9,2014,7.4425,10.69,6.68,9.1
67431,12,15,9,2014,7.422499999999999,9.43,6.21,8.18
67432,12,16,9,2014,8.081666666666665,8.44,5.5600000000000005,7.36
67433,12,17,9,2014,9.014166666666668,7.84,5.73,6.98
67434,12,18,9,2014,10.561666666666667,8.59,6.7,8.0
67435,12,19,9,2014,9.631666666666666,8.790000000000001,6.68,8.07
67436,12,20,9,2014,10.836666666666668,8.49,6.5600000000000005,7.88
67437,12,21,9,2014,11.334999999999999,7.6400000000000015,5.74,7.0
67438,12,22,9,2014,11.503333333333332,7.57,5.6000000000000005,6.86
67439,12,23,9,2014,11.384166666666665,7.67,4.7,6.54
67440,13,0,9,2014,10.865833333333335,6.68,3.53,5.43
67441,13,1,9,2014,10.500833333333334,6.22,2.93,4.73
67442,13,2,9,2014,10.261666666666665,6.16,2.34,4.5
67443,13,3,9,2014,10.038333333333332,5.91,2.42,4.46
67444,13,4,9,2014,9.799166666666666,4.34,1.67,2.99
67445,13,5,9,2014,9.587499999999999,4.0600000000000005,1.46,2.76
67446,13,6,9,2014,9.408333333333333,3.7,1.57,2.5
67447,13,7,9,2014,9.230833333333335,3.09,1.34,2.02
67448,13,8,9,2014,9.046666666666667,2.45,0.8,1.24
67449,13,9,9,2014,8.921666666666667,2.29,0.81,1.3
67450,13,10,9,2014,8.773333333333333,2.7,0.8,1.47
67451,13,11,9,2014,8.628333333333334,3.13,0.81,1.93
67452,13,12,9,2014,8.5225,3.86,1.15,2.2
67453,13,13,9,2014,9.365,3.91,2.8000000000000003,3.14
67454,13,14,9,2014,10.424999999999999,4.25,3.5500000000000003,3.96
67455,13,15,9,2014,11.251666666666665,4.2700000000000005,3.74,4.09
67456,13,16,9,2014,12.152500000000002,5.46,4.79,5.29
67457,13,17,9,2014,12.739166666666668,5.94,5.23,5.79
67458,13,18,9,2014,13.542500000000002,6.48,5.59,6.24
67459,13,19,9,2014,14.207500000000001,6.88,5.9,6.63
67460,13,20,9,2014,14.78,6.3100000000000005,5.48,6.13
67461,13,21,9,2014,14.995833333333332,7.0200000000000005,5.87,6.73
67462,13,22,9,2014,14.8125,6.67,4.91,6.07
67463,13,23,9,2014,14.259166666666667,6.58,4.86,6.01
67464,14,0,9,2014,13.718333333333332,6.43,3.22,4.99
67465,14,1,9,2014,13.51,6.24,2.62,4.67
67466,14,2,9,2014,13.333333333333334,6.93,2.87,5.19
67467,14,3,9,2014,13.189166666666667,7.51,3.15,5.63
67468,14,4,9,2014,13.116666666666667,7.45,3.18,5.6000000000000005
67469,14,5,9,2014,13.073333333333332,7.82,3.52,5.99
67470,14,6,9,2014,13.013333333333334,7.72,3.5700000000000003,5.96
67471,14,7,9,2014,12.980000000000002,8.27,3.87,6.33
67472,14,8,9,2014,13.014166666666668,8.43,3.95,6.41
67473,14,9,9,2014,13.076666666666668,8.27,3.82,6.28
67474,14,10,9,2014,13.08416666666667,8.120000000000001,3.89,6.23
67475,14,11,9,2014,13.072499999999998,8.26,3.98,6.33
67476,14,12,9,2014,13.049999999999999,8.25,4.01,6.41
67477,14,13,9,2014,13.695833333333331,7.94,4.23,6.3100000000000005
67478,14,14,9,2014,15.294166666666664,6.5,4.45,5.43
67479,14,15,9,2014,16.8175,5.7700000000000005,4.45,5.16
67480,14,16,9,2014,18.011666666666667,4.78,4.03,4.48
67481,14,17,9,2014,18.940833333333334,4.46,3.91,4.2700000000000005
67482,14,18,9,2014,19.613333333333333,5.45,4.65,5.19
67483,14,19,9,2014,20.196666666666665,5.84,5.0200000000000005,5.64
67484,14,20,9,2014,20.679166666666667,5.8500000000000005,4.9,5.58
67485,14,21,9,2014,20.606666666666666,6.3500000000000005,4.99,5.88
67486,14,22,9,2014,20.5025,6.69,4.7700000000000005,5.96
67487,14,23,9,2014,19.715,7.56,4.45,5.87
67488,15,0,9,2014,19.046666666666663,7.92,3.42,5.96
67489,15,1,9,2014,18.780833333333334,8.35,3.08,6.0600000000000005
67490,15,2,9,2014,18.52,7.91,3.2,5.8
67491,15,3,9,2014,18.480833333333333,8.66,3.35,6.3100000000000005
67492,15,4,9,2014,18.6925,8.84,3.81,6.61
67493,15,5,9,2014,18.835000000000004,9.31,4.34,7.16
67494,15,6,9,2014,18.950833333333332,9.24,4.21,7.0600000000000005
67495,15,7,9,2014,19.025833333333335,8.5,3.76,6.41
67496,15,8,9,2014,19.089166666666664,9.43,4.41,7.12
67497,15,9,9,2014,18.94083333333333,10.65,5.38,8.3
67498,15,10,9,2014,18.488333333333333,10.5,6.11,8.77
67499,15,11,9,2014,18.38,9.47,4.67,7.25
67500,15,12,9,2014,18.041666666666668,4.5200000000000005,3.25,4.1
67501,15,13,9,2014,18.578333333333333,6.38,4.7,5.7700000000000005
67502,15,14,9,2014,18.257499999999997,6.65,5.11,6.0
67503,15,15,9,2014,19.375833333333333,8.46,6.45,7.68
67504,15,16,9,2014,20.384999999999994,11.55,8.71,10.51
67505,15,17,9,2014,20.14916666666667,10.31,8.15,9.6
67506,15,18,9,2014,20.275833333333335,10.27,8.1,9.55
67507,15,19,9,2014,19.95416666666667,10.08,7.8900000000000015,9.41
67508,15,20,9,2014,19.99166666666667,8.92,7.1400000000000015,8.33
67509,15,21,9,2014,19.395833333333336,9.38,7.05,8.57
67510,15,22,9,2014,18.50833333333333,8.66,6.72,8.02
67511,15,23,9,2014,17.500833333333333,8.24,5.67,7.18
67512,16,0,9,2014,16.757500000000004,8.86,4.68,7.22
67513,16,1,9,2014,16.287499999999998,8.89,4.29,7.23
67514,16,2,9,2014,15.695000000000002,8.44,4.15,6.88
67515,16,3,9,2014,15.06,7.91,3.99,6.5
67516,16,4,9,2014,14.490000000000002,7.11,3.5500000000000003,5.7700000000000005
67517,16,5,9,2014,14.143333333333333,6.29,3.17,5.08
67518,16,6,9,2014,13.891666666666666,6.0,3.15,4.8500000000000005
67519,16,7,9,2014,13.715833333333334,5.24,2.66,4.11
67520,16,8,9,2014,13.51,5.11,2.67,4.1
67521,16,9,9,2014,13.2975,5.4,2.74,4.34
67522,16,10,9,2014,13.096666666666666,5.44,2.83,4.41
67523,16,11,9,2014,12.857499999999996,5.72,3.18,4.7700000000000005
67524,16,12,9,2014,12.652500000000002,5.93,3.18,4.87
67525,16,13,9,2014,12.914166666666667,5.6000000000000005,4.3100000000000005,5.05
67526,16,14,9,2014,13.559166666666668,5.7,4.49,5.19
67527,16,15,9,2014,14.472499999999998,5.32,4.5,5.01
67528,16,16,9,2014,15.544166666666667,4.99,4.28,4.73
67529,16,17,9,2014,16.686666666666667,4.11,3.64,3.92
67530,16,18,9,2014,17.97166666666667,4.26,3.8,4.1
67531,16,19,9,2014,19.064166666666665,4.09,3.7,4.0
67532,16,20,9,2014,19.883333333333336,5.97,5.04,5.74
67533,16,21,9,2014,18.537499999999998,7.79,6.49,7.48
67534,16,22,9,2014,18.950000000000003,4.29,3.5500000000000003,4.01
67535,16,23,9,2014,18.99,5.57,3.3000000000000003,4.15
67536,17,0,9,2014,18.44,7.43,3.51,5.78
67537,17,1,9,2014,18.18416666666667,8.23,3.22,5.95
67538,17,2,9,2014,17.894166666666667,7.81,3.03,5.74
67539,17,3,9,2014,16.825,7.91,3.1,5.54
67540,17,4,9,2014,16.14666666666667,9.06,3.84,6.76
67541,17,5,9,2014,15.823333333333332,9.05,3.84,6.5200000000000005
67542,17,6,9,2014,15.5675,8.83,5.04,7.1000000000000005
67543,17,7,9,2014,15.444999999999999,7.8900000000000015,3.98,5.86
67544,17,8,9,2014,15.334999999999996,7.56,3.69,5.59
67545,17,9,9,2014,15.239999999999997,7.69,3.75,5.89
67546,17,10,9,2014,15.31083333333333,7.68,3.33,5.55
67547,17,11,9,2014,15.497500000000002,7.18,2.86,5.01
67548,17,12,9,2014,15.429166666666667,5.92,2.73,4.4
67549,17,13,9,2014,16.066666666666666,5.94,3.38,4.68
67550,17,14,9,2014,17.598333333333333,4.63,3.63,4.21
67551,17,15,9,2014,19.44333333333333,3.6,3.04,3.35
67552,17,16,9,2014,21.238333333333333,3.49,3.0500000000000003,3.28
67553,17,17,9,2014,22.758333333333336,3.88,3.45,3.7
67554,17,18,9,2014,23.89583333333334,4.48,3.93,4.28
67555,17,19,9,2014,24.682500000000005,5.19,4.46,4.93
67556,17,20,9,2014,25.055000000000003,4.76,4.16,4.58
67557,17,21,9,2014,25.088333333333335,4.13,3.56,3.95
67558,17,22,9,2014,24.596666666666668,7.6,5.48,6.9
67559,17,23,9,2014,23.528333333333332,9.29,6.01,8.08
67560,18,0,9,2014,22.465,8.28,3.92,6.47
67561,18,1,9,2014,21.823333333333334,8.07,3.89,6.32
67562,18,2,9,2014,20.979166666666668,9.73,4.68,7.76
67563,18,3,9,2014,20.260833333333338,10.53,5.08,8.39
67564,18,4,9,2014,19.66,9.56,4.98,7.6400000000000015
67565,18,5,9,2014,19.160833333333333,8.08,4.2,6.44
67566,18,6,9,2014,18.729166666666668,7.62,4.09,6.2
67567,18,7,9,2014,18.381666666666664,6.51,3.64,5.3100000000000005
67568,18,8,9,2014,17.968333333333334,7.03,3.91,5.76
67569,18,9,9,2014,17.465,6.25,3.38,5.05
67570,18,10,9,2014,17.027499999999996,5.33,3.19,4.42
67571,18,11,9,2014,16.6125,6.11,3.59,5.04
67572,18,12,9,2014,16.192500000000006,6.74,3.97,5.57
67573,18,13,9,2014,16.425833333333333,7.31,4.5,6.1400000000000015
67574,18,14,9,2014,17.503333333333337,6.58,4.72,5.75
67575,18,15,9,2014,18.952500000000004,6.46,5.23,5.95
67576,18,16,9,2014,20.4375,6.83,5.63,6.4
67577,18,17,9,2014,21.595,6.47,5.45,6.13
67578,18,18,9,2014,22.440833333333334,6.12,5.19,5.8100000000000005
67579,18,19,9,2014,23.129166666666666,5.8,5.0,5.59
67580,18,20,9,2014,23.597499999999997,5.33,4.62,5.14
67581,18,21,9,2014,23.693333333333328,5.28,4.43,5.03
67582,18,22,9,2014,23.263333333333332,6.37,4.53,5.62
67583,18,23,9,2014,22.441666666666666,7.52,4.3100000000000005,5.82
67584,19,0,9,2014,21.526666666666667,9.31,4.18,7.08
67585,19,1,9,2014,20.885833333333334,10.71,4.93,8.41
67586,19,2,9,2014,19.944166666666664,11.19,5.18,8.8
67587,19,3,9,2014,19.36916666666667,11.68,5.4,9.16
67588,19,4,9,2014,19.099166666666665,11.5,5.42,9.06
67589,19,5,9,2014,18.985,11.26,5.16,8.81
67590,19,6,9,2014,19.1225,11.58,5.3100000000000005,9.0
67591,19,7,9,2014,19.135,12.06,5.53,9.38
67592,19,8,9,2014,19.01583333333333,12.52,5.79,9.75
67593,19,9,9,2014,19.044166666666666,11.74,5.44,9.13
67594,19,10,9,2014,19.137500000000003,11.77,5.54,9.19
67595,19,11,9,2014,19.2125,11.49,5.54,8.98
67596,19,12,9,2014,19.495,12.27,6.0200000000000005,9.67
67597,19,13,9,2014,20.302500000000002,12.56,7.32,10.05
67598,19,14,9,2014,21.825,11.84,7.82,10.19
67599,19,15,9,2014,23.78916666666667,10.33,7.44,9.15
67600,19,16,9,2014,25.590833333333332,9.86,7.4,8.88
67601,19,17,9,2014,27.19333333333333,9.47,7.32,8.68
67602,19,18,9,2014,28.43416666666667,9.6,7.42,8.8
67603,19,19,9,2014,29.38333333333334,9.38,7.17,8.58
67604,19,20,9,2014,29.833333333333332,9.55,7.26,8.71
67605,19,21,9,2014,29.882500000000004,10.19,6.99,8.790000000000001
67606,19,22,9,2014,29.306666666666672,10.67,6.18,8.36
67607,19,23,9,2014,28.097499999999997,11.36,5.41,8.81
67608,20,0,9,2014,27.319999999999997,12.59,5.87,9.66
67609,20,1,9,2014,26.866666666666664,13.54,6.5,10.53
67610,20,2,9,2014,26.642500000000002,14.96,7.48,11.79
67611,20,3,9,2014,26.536666666666672,15.51,7.81,12.26
67612,20,4,9,2014,26.432500000000005,14.27,6.82,11.16
67613,20,5,9,2014,26.393333333333334,14.05,6.99,11.11
67614,20,6,9,2014,26.207499999999996,14.69,7.17,11.53
67615,20,7,9,2014,26.111666666666665,14.59,7.0200000000000005,11.38
67616,20,8,9,2014,25.506666666666664,14.74,10.45,13.24
67617,20,9,9,2014,20.9625,9.82,6.4,8.21
67618,20,10,9,2014,21.011666666666667,11.94,6.36,9.4
67619,20,11,9,2014,19.79583333333333,12.99,7.05,10.06
67620,20,12,9,2014,19.72416666666667,17.73,8.32,13.69
67621,20,13,9,2014,19.525833333333335,14.47,8.5,11.52
67622,20,14,9,2014,21.69,19.65,10.22,15.69
67623,20,15,9,2014,21.719166666666666,17.3,9.91,14.62
67624,20,16,9,2014,24.227500000000003,12.39,6.95,10.37
67625,20,17,9,2014,26.296666666666663,8.76,6.5,7.82
67626,20,18,9,2014,27.793333333333333,7.46,5.95,6.91
67627,20,19,9,2014,28.864166666666662,5.98,5.0,5.7
67628,20,20,9,2014,29.37583333333333,5.66,4.8,5.48
67629,20,21,9,2014,29.634166666666673,4.74,3.97,4.53
67630,20,22,9,2014,29.346666666666668,6.05,3.76,5.04
67631,20,23,9,2014,28.047500000000003,6.22,3.44,4.86
67632,21,0,9,2014,27.220000000000002,7.61,3.66,5.62
67633,21,1,9,2014,26.16416666666667,9.04,3.5,6.43
67634,21,2,9,2014,24.638333333333335,8.67,3.02,5.93
67635,21,3,9,2014,23.725000000000005,7.76,3.23,5.8500000000000005
67636,21,4,9,2014,23.64583333333334,8.89,3.2,5.65
67637,21,5,9,2014,23.955000000000002,10.94,4.93,8.27
67638,21,6,9,2014,23.799166666666668,12.13,6.04,9.37
67639,21,7,9,2014,22.77416666666667,11.26,5.3500000000000005,8.61
67640,21,8,9,2014,22.15833333333333,9.79,4.68,7.52
67641,21,9,9,2014,21.55666666666666,9.14,3.91,6.7
67642,21,10,9,2014,21.436666666666667,9.22,4.19,6.91
67643,21,11,9,2014,21.0275,8.81,4.0600000000000005,6.8
67644,21,12,9,2014,20.665833333333328,8.51,4.08,6.5600000000000005
67645,21,13,9,2014,20.431666666666665,9.68,4.16,7.3900000000000015
67646,21,14,9,2014,21.045,8.09,5.82,7.15
67647,21,15,9,2014,21.30583333333333,9.19,6.73,8.19
67648,21,16,9,2014,21.605000000000004,9.45,7.2,8.55
67649,21,17,9,2014,21.93166666666667,9.66,7.53,8.91
67650,21,18,9,2014,22.084999999999997,9.83,7.71,9.12
67651,21,19,9,2014,22.284166666666668,9.89,7.65,9.1
67652,21,20,9,2014,22.1875,9.76,7.48,8.96
67653,21,21,9,2014,21.949166666666667,9.18,6.9,8.370000000000001
67654,21,22,9,2014,21.504166666666666,8.23,5.79,7.31
67655,21,23,9,2014,20.757499999999997,7.97,4.3500000000000005,6.42
67656,22,0,9,2014,20.21,6.86,3.27,5.3
67657,22,1,9,2014,19.70416666666667,7.1400000000000015,3.33,5.32
67658,22,2,9,2014,19.249166666666667,6.3,2.29,4.53
67659,22,3,9,2014,18.9175,5.98,2.33,4.4
67660,22,4,9,2014,18.64333333333333,5.59,2.24,4.03
67661,22,5,9,2014,18.383333333333333,5.43,2.22,4.03
67662,22,6,9,2014,18.069166666666664,5.3100000000000005,1.75,3.66
67663,22,7,9,2014,17.871666666666666,4.13,0.99,2.71
67664,22,8,9,2014,17.745833333333337,3.47,1.04,2.29
67665,22,9,9,2014,17.6475,3.12,1.08,2.19
67666,22,10,9,2014,17.579166666666666,3.16,1.09,2.19
67667,22,11,9,2014,17.484166666666667,2.93,1.21,2.14
67668,22,12,9,2014,17.374166666666667,2.86,1.36,2.12
67669,22,13,9,2014,17.59416666666667,3.33,2.2,2.67
67670,22,14,9,2014,18.252499999999998,3.28,2.72,3.0700000000000003
67671,22,15,9,2014,19.049166666666668,3.02,2.67,2.88
67672,22,16,9,2014,19.851666666666667,2.95,2.69,2.85
67673,22,17,9,2014,20.5175,2.67,2.49,2.6
67674,22,18,9,2014,21.319166666666668,3.0500000000000003,2.79,2.95
67675,22,19,9,2014,22.080833333333334,3.62,3.33,3.58
67676,22,20,9,2014,22.483333333333334,3.98,3.54,3.9
67677,22,21,9,2014,22.609999999999996,4.79,3.99,4.58
67678,22,22,9,2014,22.358333333333334,4.98,3.28,4.21
67679,22,23,9,2014,21.49,6.5,3.38,5.0600000000000005
67680,23,0,9,2014,21.0275,7.8900000000000015,3.81,6.15
67681,23,1,9,2014,20.647499999999997,8.47,3.92,6.5200000000000005
67682,23,2,9,2014,20.401666666666667,8.34,3.8,6.46
67683,23,3,9,2014,20.14166666666667,8.620000000000001,4.0600000000000005,6.72
67684,23,4,9,2014,19.991666666666664,8.63,4.03,6.7
67685,23,5,9,2014,19.794166666666666,8.78,4.09,6.74
67686,23,6,9,2014,19.62333333333333,8.64,3.88,6.6000000000000005
67687,23,7,9,2014,19.420833333333334,7.73,3.62,5.98
67688,23,8,9,2014,19.258333333333333,7.86,3.7,6.08
67689,23,9,9,2014,19.105833333333333,8.39,4.1,6.54
67690,23,10,9,2014,19.020833333333332,8.81,4.28,6.8900000000000015
67691,23,11,9,2014,18.895,10.08,4.93,7.94
67692,23,12,9,2014,18.89916666666667,10.38,5.11,8.25
67693,23,13,9,2014,18.98,10.01,4.84,7.75
67694,23,14,9,2014,19.477499999999996,9.9,5.08,7.71
67695,23,15,9,2014,20.952500000000004,10.56,7.42,9.2
67696,23,16,9,2014,21.659999999999997,11.21,8.16,10.01
67697,23,17,9,2014,21.394999999999996,11.02,7.97,9.8
67698,23,18,9,2014,23.085000000000004,8.17,6.67,7.69
67699,23,19,9,2014,24.265,9.65,7.41,8.84
67700,23,20,9,2014,24.310000000000002,11.34,7.69,9.68
67701,23,21,9,2014,24.15166666666667,10.33,7.12,9.03
67702,23,22,9,2014,23.739166666666666,10.0,6.3100000000000005,8.040000000000001
67703,23,23,9,2014,22.351666666666663,14.19,7.23,11.43
67704,24,0,9,2014,20.940833333333334,14.01,7.12,11.2
67705,24,1,9,2014,20.80666666666667,14.06,6.63,10.98
67706,24,2,9,2014,20.984166666666667,13.68,6.61,10.78
67707,24,3,9,2014,20.953333333333333,14.58,7.57,11.69
67708,24,4,9,2014,20.920833333333334,12.85,6.07,10.07
67709,24,5,9,2014,20.754166666666666,12.96,6.11,10.1
67710,24,6,9,2014,20.750833333333333,13.06,6.25,10.28
67711,24,7,9,2014,20.661666666666665,13.0,6.2700000000000005,10.28
67712,24,8,9,2014,20.59,14.84,7.59,11.87
67713,24,9,9,2014,20.400833333333335,12.37,5.82,9.56
67714,24,10,9,2014,19.501666666666665,12.68,6.19,9.88
67715,24,11,9,2014,19.391666666666662,12.99,6.29,10.17
67716,24,12,9,2014,19.497500000000002,13.01,6.54,10.53
67717,24,13,9,2014,18.743333333333336,12.83,6.6400000000000015,10.53
67718,24,14,9,2014,18.9175,10.16,6.61,8.56
67719,24,15,9,2014,19.919166666666666,10.03,6.8100000000000005,8.73
67720,24,16,9,2014,21.506666666666664,8.19,6.5,7.54
67721,24,17,9,2014,22.49166666666667,8.35,6.73,7.79
67722,24,18,9,2014,22.0725,9.59,7.68,8.91
67723,24,19,9,2014,21.511666666666667,10.03,7.76,9.16
67724,24,20,9,2014,21.911666666666665,9.38,7.27,8.58
67725,24,21,9,2014,22.309166666666666,9.17,6.97,8.26
67726,24,22,9,2014,21.846666666666668,9.11,6.58,8.120000000000001
67727,24,23,9,2014,21.21,9.56,5.79,7.6400000000000015
67728,25,0,9,2014,20.6675,9.68,4.97,7.71
67729,25,1,9,2014,20.493333333333336,9.85,4.89,7.79
67730,25,2,9,2014,20.359166666666667,10.0,5.13,7.94
67731,25,3,9,2014,20.342499999999998,10.23,5.2700000000000005,8.14
67732,25,4,9,2014,20.5775,10.86,5.39,8.28
67733,25,5,9,2014,20.993333333333336,10.38,5.14,7.9300000000000015
67734,25,6,9,2014,21.296666666666667,10.28,5.04,7.87
67735,25,7,9,2014,21.428333333333338,10.28,5.11,7.94
67736,25,8,9,2014,21.540833333333335,10.31,5.08,7.91
67737,25,9,9,2014,21.46083333333333,10.3,5.33,8.14
67738,25,10,9,2014,21.331666666666667,10.19,5.4,8.13
67739,25,11,9,2014,21.276666666666667,10.5,5.45,8.290000000000001
67740,25,12,9,2014,21.14916666666667,10.16,5.25,8.03
67741,25,13,9,2014,21.153333333333332,9.68,5.04,7.77
67742,25,14,9,2014,22.44083333333333,8.36,4.9,6.75
67743,25,15,9,2014,24.06083333333333,6.12,4.74,5.58
67744,25,16,9,2014,25.315,4.48,3.79,4.21
67745,25,17,9,2014,26.127499999999998,3.3200000000000003,3.0,3.2
67746,25,18,9,2014,26.97333333333334,3.65,3.3200000000000003,3.56
67747,25,19,9,2014,27.72333333333333,3.62,3.25,3.49
67748,25,20,9,2014,28.264166666666668,3.74,3.31,3.63
67749,25,21,9,2014,28.264166666666664,4.28,3.64,4.1
67750,25,22,9,2014,27.672500000000003,5.65,4.2700000000000005,5.15
67751,25,23,9,2014,26.420833333333338,8.76,4.3500000000000005,6.86
67752,26,0,9,2014,25.7625,8.9,4.4,6.98
67753,26,1,9,2014,25.344166666666666,9.62,4.76,7.46
67754,26,2,9,2014,24.874166666666667,10.3,5.21,8.08
67755,26,3,9,2014,24.69083333333333,10.84,5.51,8.56
67756,26,4,9,2014,24.486666666666665,10.32,5.34,8.19
67757,26,5,9,2014,24.389166666666668,10.64,5.42,8.2
67758,26,6,9,2014,24.349999999999998,10.93,5.94,8.59
67759,26,7,9,2014,24.123333333333335,10.25,5.2700000000000005,8.02
67760,26,8,9,2014,24.07416666666667,9.99,5.16,7.79
67761,26,9,9,2014,23.801666666666666,9.7,4.75,7.45
67762,26,10,9,2014,23.5775,9.02,4.46,6.7700000000000005
67763,26,11,9,2014,23.425833333333333,8.91,4.26,6.73
67764,26,12,9,2014,23.052499999999995,8.11,3.73,6.13
67765,26,13,9,2014,22.939999999999998,7.84,3.68,5.86
67766,26,14,9,2014,23.915833333333335,7.32,4.48,6.04
67767,26,15,9,2014,25.18666666666667,6.79,5.4,6.24
67768,26,16,9,2014,26.136666666666667,6.51,5.34,6.08
67769,26,17,9,2014,26.900833333333335,6.6000000000000005,5.54,6.2700000000000005
67770,26,18,9,2014,27.453333333333333,6.6400000000000015,5.53,6.29
67771,26,19,9,2014,27.596666666666668,7.72,6.34,7.32
67772,26,20,9,2014,27.415833333333335,7.98,6.11,7.28
67773,26,21,9,2014,27.307499999999994,7.59,5.7,6.88
67774,26,22,9,2014,26.704166666666666,8.700000000000001,5.37,7.03
67775,26,23,9,2014,25.706666666666663,9.23,4.72,7.46
67776,27,0,9,2014,25.1375,9.36,4.26,7.2
67777,27,1,9,2014,24.763333333333332,8.86,4.0600000000000005,6.74
67778,27,2,9,2014,24.47083333333333,9.21,4.21,7.07
67779,27,3,9,2014,24.161666666666672,9.42,4.3,7.21
67780,27,4,9,2014,23.8925,9.7,4.69,7.59
67781,27,5,9,2014,23.74833333333333,9.4,4.4,7.31
67782,27,6,9,2014,23.629166666666663,9.19,4.24,7.1000000000000005
67783,27,7,9,2014,23.511666666666667,9.5,4.3100000000000005,7.32
67784,27,8,9,2014,23.384166666666662,8.700000000000001,3.93,6.6400000000000015
67785,27,9,9,2014,23.1275,7.97,3.59,6.03
67786,27,10,9,2014,22.863333333333333,8.08,3.8,6.21
67787,27,11,9,2014,22.736666666666665,8.22,3.73,6.28
67788,27,12,9,2014,22.56583333333333,8.03,3.92,6.24
67789,27,13,9,2014,22.666666666666668,7.84,3.92,6.04
67790,27,14,9,2014,23.688333333333333,7.75,5.74,6.92
67791,27,15,9,2014,24.74666666666667,7.51,5.98,6.97
67792,27,16,9,2014,25.57083333333333,7.76,6.33,7.3
67793,27,17,9,2014,26.22416666666666,7.97,6.57,7.55
67794,27,18,9,2014,26.703333333333333,7.53,6.21,7.1000000000000005
67795,27,19,9,2014,26.991666666666664,7.77,6.42,7.3900000000000015
67796,27,20,9,2014,27.11833333333333,8.14,6.3100000000000005,7.5
67797,27,21,9,2014,26.844166666666666,8.33,6.4,7.6400000000000015
67798,27,22,9,2014,26.210833333333337,8.4,5.62,7.15
67799,27,23,9,2014,25.538333333333338,8.89,4.51,6.96
67800,28,0,9,2014,25.1575,8.65,4.12,6.71
67801,28,1,9,2014,24.831666666666663,8.790000000000001,3.99,6.74
67802,28,2,9,2014,24.645833333333332,9.11,4.3100000000000005,7.03
67803,28,3,9,2014,24.44416666666667,8.86,4.21,6.88
67804,28,4,9,2014,24.12833333333333,9.93,4.65,7.74
67805,28,5,9,2014,23.93916666666667,9.52,4.53,7.44
67806,28,6,9,2014,23.77666666666667,8.88,4.25,6.95
67807,28,7,9,2014,23.514166666666664,8.58,3.97,6.62
67808,28,8,9,2014,23.278333333333332,7.99,3.68,6.11
67809,28,9,9,2014,23.06583333333333,8.02,3.64,6.13
67810,28,10,9,2014,22.799166666666668,7.47,3.47,5.69
67811,28,11,9,2014,22.580833333333334,7.98,3.8,6.1000000000000005
67812,28,12,9,2014,22.4375,7.98,3.78,6.11
67813,28,13,9,2014,22.33083333333333,7.71,3.64,5.95
67814,28,14,9,2014,23.127499999999998,7.16,3.95,5.65
67815,28,15,9,2014,24.400000000000002,5.48,4.13,4.8500000000000005
67816,28,16,9,2014,25.40166666666667,5.11,4.26,4.79
67817,28,17,9,2014,26.029999999999998,4.7,4.0600000000000005,4.5
67818,28,18,9,2014,26.51166666666667,4.21,3.76,4.09
67819,28,19,9,2014,26.87,3.9,3.49,3.8
67820,28,20,9,2014,27.039999999999996,3.83,3.34,3.66
67821,28,21,9,2014,27.057499999999994,4.01,3.42,3.88
67822,28,22,9,2014,26.540833333333335,3.72,2.65,3.28
67823,28,23,9,2014,25.56,5.18,2.63,4.2
67824,29,0,9,2014,25.0125,5.93,2.65,4.5200000000000005
67825,29,1,9,2014,24.620833333333334,5.96,2.54,4.59
67826,29,2,9,2014,24.349999999999998,6.16,2.77,4.87
67827,29,3,9,2014,24.235833333333336,6.45,2.9,5.04
67828,29,4,9,2014,23.992499999999996,6.58,3.13,5.21
67829,29,5,9,2014,23.61,6.66,3.14,5.22
67830,29,6,9,2014,23.325833333333335,6.48,3.11,5.15
67831,29,7,9,2014,23.225833333333338,6.62,2.9,5.13
67832,29,8,9,2014,23.03833333333333,6.45,2.74,4.97
67833,29,9,9,2014,22.926666666666666,5.89,2.52,4.54
67834,29,10,9,2014,22.78916666666667,5.65,2.47,4.48
67835,29,11,9,2014,22.81083333333333,4.93,2.4,4.01
67836,29,12,9,2014,22.76,4.3500000000000005,2.51,3.85
67837,29,13,9,2014,22.971666666666668,4.24,2.44,3.61
67838,29,14,9,2014,24.200833333333332,3.45,2.57,2.88
67839,29,15,9,2014,25.24083333333333,2.73,2.35,2.56
67840,29,16,9,2014,25.974999999999998,2.41,2.17,2.29
67841,29,17,9,2014,26.42083333333333,1.97,1.65,1.91
67842,29,18,9,2014,27.174999999999997,4.0600000000000005,3.82,4.09
67843,29,19,9,2014,27.6125,3.89,3.42,3.75
67844,29,20,9,2014,27.954166666666666,5.42,4.82,5.3500000000000005
67845,29,21,9,2014,27.897499999999997,4.59,3.89,4.43
67846,29,22,9,2014,27.368333333333336,5.46,3.47,4.7
67847,29,23,9,2014,26.331666666666667,6.3,3.51,4.76
67848,30,0,9,2014,25.749166666666667,7.3,3.49,5.72
67849,30,1,9,2014,25.361666666666668,7.11,3.2,5.48
67850,30,2,9,2014,24.883333333333336,7.66,3.12,5.7
67851,30,3,9,2014,24.416666666666668,8.53,3.31,6.07
67852,30,4,9,2014,23.983333333333334,9.02,3.67,6.7
67853,30,5,9,2014,23.59,8.71,3.68,6.4
67854,30,6,9,2014,23.2925,8.85,3.92,6.78
67855,30,7,9,2014,22.92833333333333,9.02,4.0,6.86
67856,30,8,9,2014,22.549999999999997,9.73,4.42,7.35
67857,30,9,9,2014,22.208333333333332,10.25,4.62,7.7
67858,30,10,9,2014,21.921666666666667,10.22,4.93,7.85
67859,30,11,9,2014,21.6575,10.06,4.71,7.79
67860,30,12,9,2014,21.429166666666664,10.62,5.14,8.21
67861,30,13,9,2014,21.6725,11.13,5.32,8.42
67862,30,14,9,2014,23.011666666666667,11.27,6.34,8.6
67863,30,15,9,2014,24.449166666666667,9.8,6.8500000000000005,8.39
67864,30,16,9,2014,25.4675,9.23,7.17,8.45
67865,30,17,9,2014,26.435833333333335,9.58,7.44,8.74
67866,30,18,9,2014,26.954166666666666,11.06,8.41,10.12
67867,30,19,9,2014,27.211666666666662,11.65,8.8,10.64
67868,30,20,9,2014,26.559166666666666,11.22,7.33,9.81
67869,30,21,9,2014,26.065833333333334,10.05,5.69,8.2
67870,30,22,9,2014,25.745833333333337,10.77,5.48,8.19
67871,30,23,9,2014,24.099166666666665,10.44,4.28,7.54
67872,1,0,10,2014,23.0925,12.97,5.49,9.64
67873,1,1,10,2014,23.101666666666663,13.84,6.1000000000000005,10.43
67874,1,2,10,2014,20.5825,14.71,7.33,11.43
67875,1,3,10,2014,18.285833333333333,11.94,5.87,9.08
67876,1,4,10,2014,18.26666666666667,12.55,6.25,9.52
67877,1,5,10,2014,17.657500000000002,12.82,8.31,11.02
67878,1,6,10,2014,17.25583333333333,10.4,6.5600000000000005,8.44
67879,1,7,10,2014,17.7475,11.52,6.19,9.27
67880,1,8,10,2014,17.782500000000002,10.97,5.51,8.6
67881,1,9,10,2014,17.883333333333336,11.39,5.86,8.69
67882,1,10,10,2014,17.805000000000003,12.18,6.19,9.54
67883,1,11,10,2014,17.925,11.23,6.28,9.07
67884,1,12,10,2014,17.799166666666668,10.03,5.3100000000000005,8.17
67885,1,13,10,2014,18.4725,8.790000000000001,4.48,6.84
67886,1,14,10,2014,19.6825,8.92,4.59,6.73
67887,1,15,10,2014,20.7525,7.74,5.26,6.68
67888,1,16,10,2014,21.47083333333333,5.91,4.39,5.08
67889,1,17,10,2014,22.31,4.87,4.21,4.62
67890,1,18,10,2014,23.11916666666667,3.8,3.36,3.62
67891,1,19,10,2014,24.054166666666664,3.82,3.46,3.72
67892,1,20,10,2014,24.774999999999995,3.72,3.17,3.63
67893,1,21,10,2014,25.100000000000005,2.17,2.04,2.15
67894,1,22,10,2014,24.94666666666667,2.92,2.54,2.86
67895,1,23,10,2014,23.11583333333333,2.45,1.66,2.22
67896,2,0,10,2014,20.9725,3.97,2.09,3.53
67897,2,1,10,2014,19.755,4.45,2.07,3.71
67898,2,2,10,2014,18.595833333333335,8.27,2.67,5.09
67899,2,3,10,2014,18.401666666666664,9.67,3.11,5.96
67900,2,4,10,2014,18.423333333333336,9.28,3.41,6.5
67901,2,5,10,2014,18.275000000000002,8.33,2.68,5.37
67902,2,6,10,2014,17.174166666666668,7.01,1.93,4.0600000000000005
67903,2,7,10,2014,16.996666666666666,7.0200000000000005,3.78,5.33
67904,2,8,10,2014,17.04083333333333,4.6000000000000005,2.35,3.7
67905,2,9,10,2014,17.194999999999997,2.85,2.82,3.2
67906,2,10,10,2014,17.78,2.54,2.26,2.57
67907,2,11,10,2014,18.109166666666667,2.86,2.31,2.7
67908,2,12,10,2014,18.16,3.38,2.09,2.62
67909,2,13,10,2014,18.263333333333335,1.97,1.49,1.65
67910,2,14,10,2014,18.32166666666667,3.17,2.61,3.01
67911,2,15,10,2014,16.820833333333336,14.36,8.86,12.38
67912,2,16,10,2014,14.510833333333332,15.89,10.17,13.58
67913,2,17,10,2014,14.397499999999999,12.78,8.17,10.93
67914,2,18,10,2014,15.715833333333334,10.64,7.86,9.38
67915,2,19,10,2014,18.964166666666664,11.23,8.47,10.18
67916,2,20,10,2014,19.330000000000002,12.07,8.97,10.91
67917,2,21,10,2014,18.814166666666665,12.18,8.67,10.77
67918,2,22,10,2014,17.8325,15.07,8.02,12.24
67919,2,23,10,2014,16.31833333333333,14.59,7.25,11.87
67920,3,0,10,2014,15.536666666666667,11.79,5.15,8.93
67921,3,1,10,2014,15.629166666666668,11.14,5.25,8.700000000000001
67922,3,2,10,2014,15.860833333333337,9.36,4.16,7.11
67923,3,3,10,2014,15.972499999999998,7.84,3.9,5.99
67924,3,4,10,2014,16.0375,7.75,3.74,5.86
67925,3,5,10,2014,16.079166666666666,7.4,3.34,5.5600000000000005
67926,3,6,10,2014,16.272500000000004,7.95,4.05,6.28
67927,3,7,10,2014,16.47583333333333,7.58,3.67,5.79
67928,3,8,10,2014,16.596666666666668,8.120000000000001,3.46,5.94
67929,3,9,10,2014,16.168333333333333,17.98,8.53,14.7
67930,3,10,10,2014,13.8075,18.02,8.84,14.79
67931,3,11,10,2014,12.95583333333333,17.080000000000002,9.08,14.19
67932,3,12,10,2014,11.790833333333333,17.85,9.92,14.81
67933,3,13,10,2014,10.906666666666668,13.98,6.99,10.7
67934,3,14,10,2014,10.965000000000002,17.97,10.83,15.08
67935,3,15,10,2014,10.724166666666667,17.89,11.95,15.48
67936,3,16,10,2014,10.688333333333333,16.89,11.95,14.87
67937,3,17,10,2014,11.258333333333335,13.65,10.34,12.4
67938,3,18,10,2014,11.32,15.33,11.5,13.92
67939,3,19,10,2014,11.465833333333334,16.44,12.02,14.85
67940,3,20,10,2014,11.81,14.11,10.38,12.68
67941,3,21,10,2014,12.079166666666666,13.13,9.35,11.68
67942,3,22,10,2014,11.902500000000002,14.43,8.76,12.26
67943,3,23,10,2014,11.68,15.25,7.09,12.38
67944,4,0,10,2014,11.544166666666667,13.92,6.44,11.21
67945,4,1,10,2014,11.449166666666668,11.73,5.66,9.46
67946,4,2,10,2014,11.214166666666669,12.42,6.15,10.08
67947,4,3,10,2014,11.040000000000001,13.61,6.9,11.0
67948,4,4,10,2014,10.5925,13.97,7.21,11.39
67949,4,5,10,2014,10.163333333333332,16.34,8.07,13.43
67950,4,6,10,2014,9.652499999999998,12.77,6.37,10.29
67951,4,7,10,2014,9.135833333333336,18.12,8.85,14.83
67952,4,8,10,2014,8.505,17.75,8.88,14.59
67953,4,9,10,2014,8.133333333333333,14.42,7.12,11.8
67954,4,10,10,2014,7.780833333333334,12.05,6.05,9.79
67955,4,11,10,2014,7.367500000000001,11.77,5.58,9.38
67956,4,12,10,2014,7.114166666666665,13.95,7.09,11.45
67957,4,13,10,2014,7.087500000000001,12.75,7.55,10.44
67958,4,14,10,2014,7.631666666666668,11.37,7.7,9.91
67959,4,15,10,2014,8.348333333333334,12.05,9.13,10.93
67960,4,16,10,2014,9.147499999999999,11.72,8.96,10.66
67961,4,17,10,2014,10.225000000000001,9.9,7.97,9.21
67962,4,18,10,2014,11.058333333333332,10.02,8.03,9.3
67963,4,19,10,2014,11.835,10.03,8.0,9.29
67964,4,20,10,2014,12.585,9.01,7.25,8.41
67965,4,21,10,2014,12.999166666666667,8.68,6.78,8.01
67966,4,22,10,2014,13.113333333333335,7.55,5.47,6.71
67967,4,23,10,2014,12.762500000000001,5.66,3.52,4.78
67968,5,0,10,2014,12.659166666666666,2.53,1.02,1.77
67969,5,1,10,2014,12.644166666666669,1.59,1.82,2.18
67970,5,2,10,2014,12.479999999999999,4.87,2.94,4.09
67971,5,3,10,2014,12.506666666666666,6.15,3.41,5.11
67972,5,4,10,2014,12.472499999999998,7.46,3.67,5.91
67973,5,5,10,2014,12.6,8.66,3.86,6.54
67974,5,6,10,2014,12.929166666666665,9.38,4.36,7.12
67975,5,7,10,2014,13.287500000000001,9.72,5.12,7.67
67976,5,8,10,2014,13.784999999999998,9.92,5.36,7.81
67977,5,9,10,2014,14.379999999999997,10.42,5.26,7.81
67978,5,10,10,2014,15.017499999999998,10.84,4.8,8.040000000000001
67979,5,11,10,2014,15.396666666666667,10.87,4.63,8.13
67980,5,12,10,2014,15.4975,10.25,4.0600000000000005,7.44
67981,5,13,10,2014,15.808333333333332,11.4,5.42,8.82
67982,5,14,10,2014,16.725833333333334,10.72,6.66,8.6
67983,5,15,10,2014,17.5325,9.76,7.2,8.63
67984,5,16,10,2014,18.613333333333333,9.85,7.49,8.91
67985,5,17,10,2014,19.546666666666663,8.66,7.0,8.08
67986,5,18,10,2014,20.525833333333335,8.88,7.18,8.290000000000001
67987,5,19,10,2014,21.256666666666668,11.31,8.82,10.43
67988,5,20,10,2014,21.243333333333332,12.49,9.2,11.26
67989,5,21,10,2014,20.694999999999997,14.23,9.29,12.09
67990,5,22,10,2014,18.545000000000005,11.19,6.48,9.23
67991,5,23,10,2014,18.51833333333333,6.26,3.56,5.01
67992,6,0,10,2014,17.575,6.37,3.31,4.93
67993,6,1,10,2014,16.394166666666663,9.4,4.51,6.03
67994,6,2,10,2014,15.745,9.81,4.17,7.0200000000000005
67995,6,3,10,2014,15.8075,7.01,2.87,4.63
67996,6,4,10,2014,15.947500000000003,5.86,2.81,4.45
67997,6,5,10,2014,15.593333333333334,5.08,2.66,3.92
67998,6,6,10,2014,15.829166666666667,8.4,4.0200000000000005,6.59
67999,6,7,10,2014,16.341666666666665,10.09,5.0200000000000005,7.77
68000,6,8,10,2014,16.5525,11.1,5.2,8.620000000000001
68001,6,9,10,2014,16.5675,11.47,5.48,8.98
68002,6,10,10,2014,16.500833333333333,11.16,5.32,8.74
68003,6,11,10,2014,16.299166666666665,10.34,4.67,7.86
68004,6,12,10,2014,15.6425,7.75,3.63,5.8500000000000005
68005,6,13,10,2014,15.648333333333333,7.59,4.65,6.16
68006,6,14,10,2014,17.433333333333334,9.93,7.1400000000000015,8.76
68007,6,15,10,2014,18.76,10.22,7.6,9.06
68008,6,16,10,2014,19.503333333333334,10.25,7.9300000000000015,9.38
68009,6,17,10,2014,20.260833333333334,10.03,7.9300000000000015,9.27
68010,6,18,10,2014,20.960833333333337,10.68,8.35,9.84
68011,6,19,10,2014,21.5575,11.71,8.91,10.66
68012,6,20,10,2014,22.102500000000003,11.01,7.98,9.8
68013,6,21,10,2014,22.242499999999996,10.65,7.45,9.27
68014,6,22,10,2014,21.676666666666666,9.51,4.95,7.42
68015,6,23,10,2014,20.205833333333334,10.68,4.37,8.08
68016,7,0,10,2014,19.03833333333333,14.46,4.7700000000000005,10.22
68017,7,1,10,2014,17.9475,8.94,3.98,7.11
68018,7,2,10,2014,17.3,5.95,1.42,4.04
68019,7,3,10,2014,17.3475,5.79,3.36,3.45
68020,7,4,10,2014,17.070833333333336,6.03,3.01,4.97
68021,7,5,10,2014,16.214166666666667,5.8500000000000005,3.35,5.37
68022,7,6,10,2014,15.535833333333334,5.11,3.16,4.8500000000000005
68023,7,7,10,2014,15.025833333333333,4.62,2.13,4.15
68024,7,8,10,2014,14.888333333333334,6.79,4.0,5.71
68025,7,9,10,2014,15.570833333333335,8.64,4.6000000000000005,6.8100000000000005
68026,7,10,10,2014,15.5875,12.03,5.05,8.26
68027,7,11,10,2014,15.799166666666666,15.47,7.04,11.67
68028,7,12,10,2014,15.485000000000001,15.26,6.86,11.5
68029,7,13,10,2014,15.977500000000001,14.23,7.0,11.22
68030,7,14,10,2014,17.741666666666667,13.98,7.67,11.04
68031,7,15,10,2014,18.99416666666667,11.36,7.8900000000000015,9.85
68032,7,16,10,2014,20.182500000000005,10.15,7.68,9.15
68033,7,17,10,2014,21.033333333333335,9.6,7.5,8.8
68034,7,18,10,2014,21.864166666666666,8.33,6.8100000000000005,7.8
68035,7,19,10,2014,22.645833333333332,10.03,7.88,9.28
68036,7,20,10,2014,22.84583333333333,10.79,8.46,10.0
68037,7,21,10,2014,22.346666666666664,9.57,7.36,8.75
68038,7,22,10,2014,21.699166666666667,7.04,4.74,5.95
68039,7,23,10,2014,19.8325,5.45,2.82,4.2700000000000005
68040,8,0,10,2014,19.052500000000002,7.82,2.67,5.34
68041,8,1,10,2014,19.112500000000004,8.98,3.79,6.92
68042,8,2,10,2014,18.38,8.18,3.48,6.29
68043,8,3,10,2014,17.815833333333334,7.97,3.34,5.69
68044,8,4,10,2014,17.18916666666667,5.8500000000000005,2.43,4.21
68045,8,5,10,2014,16.897500000000004,7.56,2.87,5.04
68046,8,6,10,2014,16.575833333333332,7.81,3.01,5.26
68047,8,7,10,2014,16.29416666666667,7.08,2.17,4.5600000000000005
68048,8,8,10,2014,16.070000000000004,6.2700000000000005,2.15,4.3
68049,8,9,10,2014,15.866666666666665,5.63,2.36,4.0200000000000005
68050,8,10,10,2014,15.595,4.88,2.08,3.52
68051,8,11,10,2014,15.205833333333333,5.71,2.58,4.19
68052,8,12,10,2014,14.671666666666669,5.8,2.73,4.43
68053,8,13,10,2014,14.660000000000002,6.25,2.89,4.49
68054,8,14,10,2014,15.223333333333334,5.05,3.25,3.95
68055,8,15,10,2014,16.536666666666665,5.0,4.32,4.76
68056,8,16,10,2014,17.5525,4.9,4.3100000000000005,4.69
68057,8,17,10,2014,18.61,4.76,4.23,4.5600000000000005
68058,8,18,10,2014,19.670000000000005,5.04,4.54,4.92
68059,8,19,10,2014,20.4325,4.9,4.3100000000000005,4.7
68060,8,20,10,2014,20.956666666666667,5.26,4.59,5.0600000000000005
68061,8,21,10,2014,21.014166666666668,5.75,4.8,5.42
68062,8,22,10,2014,20.785833333333333,5.54,3.91,4.72
68063,8,23,10,2014,19.7375,6.32,3.4,4.79
68064,9,0,10,2014,18.787499999999998,6.58,2.63,4.44
68065,9,1,10,2014,18.27,7.61,2.88,5.46
68066,9,2,10,2014,17.720833333333335,7.52,3.01,5.38
68067,9,3,10,2014,17.303333333333335,10.37,5.97,8.61
68068,9,4,10,2014,15.812500000000002,8.790000000000001,4.12,6.82
68069,9,5,10,2014,15.691666666666665,10.56,5.43,8.41
68070,9,6,10,2014,14.754166666666665,9.89,5.55,8.040000000000001
68071,9,7,10,2014,13.195,13.29,7.71,10.93
68072,9,8,10,2014,12.695,13.99,7.74,11.22
68073,9,9,10,2014,12.840000000000002,8.8,5.07,7.42
68074,9,10,10,2014,12.294166666666664,11.73,6.67,9.65
68075,9,11,10,2014,12.2875,12.23,7.1400000000000015,10.15
68076,9,12,10,2014,12.1025,13.03,7.82,10.7
68077,9,13,10,2014,11.957500000000001,13.32,7.34,10.67
68078,9,14,10,2014,12.0225,11.18,6.82,9.52
68079,9,15,10,2014,13.844166666666668,10.62,7.76,9.47
68080,9,16,10,2014,14.3275,11.65,6.92,9.87
68081,9,17,10,2014,15.695833333333333,12.2,8.040000000000001,10.69
68082,9,18,10,2014,16.971666666666668,11.84,8.540000000000001,10.57
68083,9,19,10,2014,16.40083333333333,12.99,9.02,11.73
68084,9,20,10,2014,16.220000000000002,10.96,7.57,9.64
68085,9,21,10,2014,15.915000000000001,10.52,6.2,8.73
68086,9,22,10,2014,16.221666666666668,9.54,5.46,7.78
68087,9,23,10,2014,15.076666666666668,10.63,5.49,8.790000000000001
68088,10,0,10,2014,14.01833333333333,11.0,6.6000000000000005,9.28
68089,10,1,10,2014,13.065,8.98,4.47,7.21
68090,10,2,10,2014,12.906666666666668,11.11,5.5600000000000005,8.75
68091,10,3,10,2014,12.493333333333334,9.97,5.38,8.0
68092,10,4,10,2014,12.165,10.4,5.14,8.23
68093,10,5,10,2014,11.915833333333332,10.61,4.97,8.3
68094,10,6,10,2014,11.909166666666666,10.91,5.28,8.63
68095,10,7,10,2014,11.8025,10.78,5.2700000000000005,8.65
68096,10,8,10,2014,11.569166666666666,10.61,5.22,8.52
68097,10,9,10,2014,11.237499999999997,10.58,5.2,8.48
68098,10,10,10,2014,10.990833333333335,10.52,5.18,8.44
68099,10,11,10,2014,10.884166666666665,10.6,5.32,8.56
68100,10,12,10,2014,10.809166666666668,9.05,4.21,7.1400000000000015
68101,10,13,10,2014,10.824999999999998,8.870000000000003,5.04,7.49
68102,10,14,10,2014,11.122500000000002,9.2,6.22,8.07
68103,10,15,10,2014,11.480833333333335,8.48,6.13,7.57
68104,10,16,10,2014,12.234166666666667,8.3,6.0200000000000005,7.37
68105,10,17,10,2014,13.7275,7.68,5.99,7.03
68106,10,18,10,2014,14.791666666666666,7.42,6.15,6.99
68107,10,19,10,2014,15.320833333333333,6.8900000000000015,5.76,6.5200000000000005
68108,10,20,10,2014,15.713333333333333,6.93,5.71,6.5200000000000005
68109,10,21,10,2014,15.661666666666664,6.8,5.4,6.3
68110,10,22,10,2014,15.220833333333331,6.74,5.11,6.18
68111,10,23,10,2014,14.630833333333335,7.63,3.96,6.2
68112,11,0,10,2014,14.255833333333335,7.74,3.89,6.23
68113,11,1,10,2014,13.915833333333337,7.86,3.73,6.26
68114,11,2,10,2014,13.575833333333335,7.96,3.75,6.3500000000000005
68115,11,3,10,2014,13.2875,7.57,3.69,6.11
68116,11,4,10,2014,13.009166666666667,6.91,3.29,5.53
68117,11,5,10,2014,12.754166666666668,6.37,3.11,5.12
68118,11,6,10,2014,12.516666666666666,6.36,3.26,5.21
68119,11,7,10,2014,12.373333333333333,5.76,2.94,4.71
68120,11,8,10,2014,12.24,5.68,2.93,4.66
68121,11,9,10,2014,12.050833333333335,5.68,2.91,4.66
68122,11,10,10,2014,11.874166666666667,5.51,2.81,4.5
68123,11,11,10,2014,11.704999999999998,5.49,2.87,4.51
68124,11,12,10,2014,11.521666666666668,5.37,2.65,4.36
68125,11,13,10,2014,11.478333333333337,5.36,3.43,4.66
68126,11,14,10,2014,11.828333333333333,5.3100000000000005,3.89,4.68
68127,11,15,10,2014,12.390833333333333,4.53,3.88,4.29
68128,11,16,10,2014,12.963333333333331,4.09,3.64,3.93
68129,11,17,10,2014,13.504166666666665,3.69,3.48,3.66
68130,11,18,10,2014,14.036666666666667,3.88,3.69,3.88
68131,11,19,10,2014,14.518333333333333,3.58,3.35,3.53
68132,11,20,10,2014,14.957500000000001,4.57,4.18,4.53
68133,11,21,10,2014,15.041666666666664,4.33,3.89,4.25
68134,11,22,10,2014,14.88,4.32,3.45,4.05
68135,11,23,10,2014,14.450000000000001,4.75,3.0,4.04
68136,12,0,10,2014,14.126666666666665,5.24,2.82,4.37
68137,12,1,10,2014,13.87,6.03,3.03,4.86
68138,12,2,10,2014,13.665000000000001,6.42,3.27,5.2
68139,12,3,10,2014,13.401666666666666,7.91,3.8,6.36
68140,12,4,10,2014,13.047500000000001,8.51,4.23,6.87
68141,12,5,10,2014,12.79,8.47,4.2700000000000005,6.88
68142,12,6,10,2014,12.631666666666668,8.43,4.29,6.8500000000000005
68143,12,7,10,2014,12.4275,8.34,4.3100000000000005,6.8
68144,12,8,10,2014,12.099166666666667,8.32,4.26,6.78
68145,12,9,10,2014,11.910833333333334,7.88,4.13,6.36
68146,12,10,10,2014,11.680833333333334,7.94,4.0200000000000005,6.37
68147,12,11,10,2014,11.444166666666668,8.56,4.21,6.91
68148,12,12,10,2014,11.284166666666666,8.33,4.3100000000000005,6.79
68149,12,13,10,2014,11.349166666666667,8.21,4.76,6.88
68150,12,14,10,2014,12.085833333333333,8.3,5.98,7.32
68151,12,15,10,2014,12.988333333333337,8.08,6.16,7.22
68152,12,16,10,2014,13.988333333333332,7.3900000000000015,6.05,6.86
68153,12,17,10,2014,14.92583333333333,7.21,6.03,6.7700000000000005
68154,12,18,10,2014,15.7575,7.12,6.04,6.75
68155,12,19,10,2014,16.190833333333334,7.35,6.16,6.92
68156,12,20,10,2014,16.169166666666666,7.16,6.0,6.8100000000000005
68157,12,21,10,2014,16.195,7.1000000000000005,5.88,6.68
68158,12,22,10,2014,15.366666666666665,6.86,5.33,6.37
68159,12,23,10,2014,14.267499999999998,8.21,4.95,7.07
68160,13,0,10,2014,13.991666666666667,8.59,5.2,7.09
68161,13,1,10,2014,14.065833333333337,8.96,4.66,7.28
68162,13,2,10,2014,13.819166666666666,9.45,4.7,7.56
68163,13,3,10,2014,13.740833333333333,9.72,5.2,7.96
68164,13,4,10,2014,13.653333333333334,9.55,4.97,7.71
68165,13,5,10,2014,13.561666666666667,7.9,3.42,6.05
68166,13,6,10,2014,13.534999999999997,6.13,2.69,4.82
68167,13,7,10,2014,13.5475,6.26,3.56,5.19
68168,13,8,10,2014,13.457500000000001,5.29,3.0,4.39
68169,13,9,10,2014,13.292499999999999,4.01,2.71,3.38
68170,13,10,10,2014,13.119166666666667,5.73,3.56,4.75
68171,13,11,10,2014,13.050000000000002,5.95,3.56,4.98
68172,13,12,10,2014,12.9225,7.63,4.65,6.2700000000000005
68173,13,13,10,2014,12.88,9.46,5.43,7.8
68174,13,14,10,2014,13.030000000000001,10.53,6.74,8.88
68175,13,15,10,2014,13.278333333333334,11.75,7.69,10.02
68176,13,16,10,2014,13.190833333333332,11.38,7.38,9.62
68177,13,17,10,2014,12.8525,13.62,8.47,11.58
68178,13,18,10,2014,12.601666666666667,14.85,9.57,12.75
68179,13,19,10,2014,12.6425,16.93,10.67,14.4
68180,13,20,10,2014,12.408333333333331,18.11,10.87,14.86
68181,13,21,10,2014,12.0075,18.4,9.93,14.89
68182,13,22,10,2014,11.954166666666666,18.44,9.15,14.89
68183,13,23,10,2014,12.034166666666666,17.14,8.4,13.79
68184,14,0,10,2014,12.015833333333333,15.83,7.69,12.69
68185,14,1,10,2014,12.195833333333333,13.92,6.87,11.16
68186,14,2,10,2014,12.290833333333333,12.97,6.43,10.37
68187,14,3,10,2014,12.425833333333335,12.95,6.18,10.07
68188,14,4,10,2014,12.8075,17.02,8.55,13.7
68189,14,5,10,2014,12.905,17.38,8.76,14.04
68190,14,6,10,2014,12.778333333333334,17.86,8.99,14.43
68191,14,7,10,2014,12.653333333333336,17.68,9.03,14.3
68192,14,8,10,2014,12.643333333333336,18.04,9.09,14.55
68193,14,9,10,2014,12.629166666666665,18.4,9.43,14.9
68194,14,10,10,2014,12.501666666666665,18.61,9.66,15.09
68195,14,11,10,2014,12.423333333333334,18.45,9.31,14.89
68196,14,12,10,2014,12.415833333333333,17.37,8.620000000000001,13.95
68197,14,13,10,2014,12.602500000000001,17.76,9.25,14.48
68198,14,14,10,2014,13.343333333333334,17.71,10.22,14.46
68199,14,15,10,2014,14.354166666666671,16.35,10.92,13.97
68200,14,16,10,2014,15.378333333333336,15.84,11.11,13.86
68201,14,17,10,2014,16.293333333333333,15.44,11.07,13.58
68202,14,18,10,2014,17.040833333333335,15.3,11.05,13.55
68203,14,19,10,2014,17.573333333333334,15.45,10.86,13.5
68204,14,20,10,2014,17.84,15.14,10.31,13.07
68205,14,21,10,2014,17.649166666666666,15.67,9.61,12.91
68206,14,22,10,2014,17.005,15.34,8.2,12.57
68207,14,23,10,2014,16.475833333333338,13.99,6.93,11.16
68208,15,0,10,2014,16.1125,12.01,5.91,9.48
68209,15,1,10,2014,15.898333333333333,12.02,5.72,9.42
68210,15,2,10,2014,15.691666666666668,11.51,5.3500000000000005,8.93
68211,15,3,10,2014,15.427500000000002,10.95,4.9,8.4
68212,15,4,10,2014,15.190833333333337,10.12,4.66,7.82
68213,15,5,10,2014,14.994166666666667,9.37,4.22,7.17
68214,15,6,10,2014,14.795,8.94,3.98,6.76
68215,15,7,10,2014,14.559166666666668,8.83,3.78,6.59
68216,15,8,10,2014,14.363333333333335,8.45,3.58,6.3100000000000005
68217,15,9,10,2014,14.145000000000003,7.78,3.33,5.75
68218,15,10,10,2014,13.925833333333335,6.98,2.94,5.11
68219,15,11,10,2014,13.781666666666665,6.61,2.83,4.92
68220,15,12,10,2014,13.663333333333334,6.24,2.91,4.83
68221,15,13,10,2014,13.694166666666666,5.72,2.61,4.29
68222,15,14,10,2014,14.783333333333333,4.73,3.35,3.89
68223,15,15,10,2014,15.661666666666664,3.79,3.19,3.53
68224,15,16,10,2014,16.5475,3.77,3.34,3.59
68225,15,17,10,2014,17.529999999999998,4.13,3.72,3.99
68226,15,18,10,2014,18.36916666666667,4.11,3.69,3.96
68227,15,19,10,2014,19.067500000000006,4.3500000000000005,3.9,4.22
68228,15,20,10,2014,19.61,3.72,3.38,3.66
68229,15,21,10,2014,19.744999999999997,3.19,2.79,3.03
68230,15,22,10,2014,19.330833333333334,3.31,2.58,3.09
68231,15,23,10,2014,18.604166666666668,2.33,1.71,2.33
68232,16,0,10,2014,18.205000000000002,2.62,1.9,2.66
68233,16,1,10,2014,17.746666666666666,3.02,2.35,3.24
68234,16,2,10,2014,17.329166666666666,4.54,2.73,4.19
68235,16,3,10,2014,16.86583333333333,5.96,2.86,4.97
68236,16,4,10,2014,16.465833333333332,7.43,3.47,6.04
68237,16,5,10,2014,16.18583333333333,8.45,4.03,6.8100000000000005
68238,16,6,10,2014,16.0725,9.09,4.29,7.23
68239,16,7,10,2014,15.906666666666668,9.66,4.64,7.68
68240,16,8,10,2014,15.792499999999999,10.2,4.84,7.97
68241,16,9,10,2014,15.445833333333335,11.03,4.98,8.18
68242,16,10,10,2014,15.329166666666667,11.28,5.17,8.58
68243,16,11,10,2014,15.309166666666668,11.53,5.57,8.91
68244,16,12,10,2014,15.369166666666667,12.76,6.07,9.76
68245,16,13,10,2014,15.490833333333333,12.2,5.73,9.34
68246,16,14,10,2014,16.466666666666665,12.01,6.48,9.35
68247,16,15,10,2014,18.1075,9.6,6.44,8.19
68248,16,16,10,2014,19.743333333333332,8.68,6.24,7.65
68249,16,17,10,2014,21.017500000000002,7.15,5.74,6.57
68250,16,18,10,2014,21.912499999999998,5.79,4.82,5.38
68251,16,19,10,2014,22.715,4.3,3.77,4.1
68252,16,20,10,2014,23.296666666666667,4.63,4.0200000000000005,4.45
68253,16,21,10,2014,23.553333333333338,4.59,3.8,4.33
68254,16,22,10,2014,23.275833333333335,4.92,3.23,3.97
68255,16,23,10,2014,22.141666666666666,5.15,2.3000000000000003,3.95
68256,17,0,10,2014,21.754166666666666,11.4,4.99,8.74
68257,17,1,10,2014,20.966666666666665,10.84,5.01,8.42
68258,17,2,10,2014,20.435833333333335,10.29,3.98,7.26
68259,17,3,10,2014,20.32,9.74,4.29,7.35
68260,17,4,10,2014,20.078333333333333,10.23,3.74,7.0
68261,17,5,10,2014,19.72083333333333,10.17,3.64,6.96
68262,17,6,10,2014,19.43916666666667,12.22,4.99,9.26
68263,17,7,10,2014,19.124166666666667,12.97,5.65,10.07
68264,17,8,10,2014,18.441666666666666,12.87,5.8500000000000005,10.04
68265,17,9,10,2014,17.6625,13.28,5.38,10.04
68266,17,10,10,2014,16.754166666666666,13.09,5.84,10.08
68267,17,11,10,2014,16.206666666666667,12.0,5.22,9.34
68268,17,12,10,2014,15.614166666666664,12.18,5.38,9.52
68269,17,13,10,2014,15.348333333333331,12.96,6.87,10.31
68270,17,14,10,2014,15.392499999999998,12.28,7.8900000000000015,10.38
68271,17,15,10,2014,15.525833333333333,12.21,9.13,11.0
68272,17,16,10,2014,15.43583333333333,13.29,9.72,11.87
68273,17,17,10,2014,16.0425,11.51,8.790000000000001,10.45
68274,17,18,10,2014,16.538333333333334,10.49,8.2,9.63
68275,17,19,10,2014,16.977500000000003,10.46,8.07,9.63
68276,17,20,10,2014,16.7225,10.8,8.18,9.86
68277,17,21,10,2014,16.482499999999998,10.24,7.31,9.11
68278,17,22,10,2014,16.142500000000002,9.57,6.12,8.22
68279,17,23,10,2014,15.749166666666666,8.870000000000003,4.51,7.03
68280,18,0,10,2014,15.336666666666666,10.06,4.32,7.77
68281,18,1,10,2014,14.988333333333332,10.01,4.68,7.94
68282,18,2,10,2014,14.571666666666665,11.01,5.53,8.93
68283,18,3,10,2014,14.0375,11.05,5.49,8.94
68284,18,4,10,2014,13.636666666666665,10.57,5.69,8.73
68285,18,5,10,2014,13.205833333333336,10.49,5.57,8.64
68286,18,6,10,2014,12.990833333333335,8.64,4.5,7.0200000000000005
68287,18,7,10,2014,12.668333333333331,8.85,4.71,7.31
68288,18,8,10,2014,12.3775,8.14,4.39,6.71
68289,18,9,10,2014,12.2125,7.21,3.64,5.82
68290,18,10,10,2014,12.055833333333332,5.9,3.26,4.86
68291,18,11,10,2014,11.929166666666667,5.62,3.38,4.63
68292,18,12,10,2014,11.803333333333333,5.75,3.3000000000000003,4.87
68293,18,13,10,2014,11.664166666666668,5.47,3.48,4.75
68294,18,14,10,2014,11.977500000000001,5.38,3.92,4.74
68295,18,15,10,2014,12.575000000000003,4.46,3.63,4.1
68296,18,16,10,2014,13.1925,3.53,3.13,3.36
68297,18,17,10,2014,13.76,2.66,2.5500000000000003,2.63
68298,18,18,10,2014,14.272500000000003,2.71,2.64,2.71
68299,18,19,10,2014,14.559999999999997,1.78,1.67,1.68
68300,18,20,10,2014,15.097499999999998,1.71,1.66,1.68
68301,18,21,10,2014,15.271666666666667,1.66,1.61,1.68
68302,18,22,10,2014,15.159999999999998,1.71,1.65,1.73
68303,18,23,10,2014,14.939166666666667,3.33,2.04,2.74
68304,19,0,10,2014,14.689166666666667,3.36,2.02,2.8000000000000003
68305,19,1,10,2014,14.551666666666668,4.19,2.42,3.41
68306,19,2,10,2014,14.37,5.5,2.81,4.36
68307,19,3,10,2014,14.165000000000001,5.99,2.99,4.79
68308,19,4,10,2014,13.951666666666666,6.42,3.17,5.07
68309,19,5,10,2014,13.810833333333335,7.07,3.36,5.58
68310,19,6,10,2014,13.689166666666667,7.21,3.44,5.66
68311,19,7,10,2014,13.558333333333332,7.78,3.77,6.1400000000000015
68312,19,8,10,2014,13.482500000000002,7.78,3.74,6.13
68313,19,9,10,2014,13.512500000000001,8.84,4.32,6.97
68314,19,10,10,2014,13.495000000000003,9.3,4.7,7.43
68315,19,11,10,2014,13.42583333333333,9.47,4.79,7.58
68316,19,12,10,2014,13.381666666666666,10.07,5.09,8.02
68317,19,13,10,2014,13.474166666666667,10.74,5.66,8.73
68318,19,14,10,2014,14.3525,10.72,6.88,9.16
68319,19,15,10,2014,15.761666666666665,9.8,6.8100000000000005,8.53
68320,19,16,10,2014,17.029166666666665,9.2,7.05,8.23
68321,19,17,10,2014,18.184166666666666,9.1,7.18,8.35
68322,19,18,10,2014,19.315833333333334,8.370000000000001,6.72,7.74
68323,19,19,10,2014,20.092499999999998,8.08,6.5200000000000005,7.52
68324,19,20,10,2014,20.4275,8.17,6.51,7.57
68325,19,21,10,2014,20.585,7.77,5.79,6.96
68326,19,22,10,2014,20.12333333333333,7.72,4.75,5.94
68327,19,23,10,2014,19.3025,8.28,3.53,6.04
68328,20,0,10,2014,18.92833333333333,8.66,3.52,6.45
68329,20,1,10,2014,18.66333333333333,9.42,4.2700000000000005,7.21
68330,20,2,10,2014,18.371666666666666,9.3,4.34,7.16
68331,20,3,10,2014,18.073333333333334,9.35,4.59,7.28
68332,20,4,10,2014,18.084166666666665,10.24,4.96,7.72
68333,20,5,10,2014,18.22583333333333,10.72,5.23,8.120000000000001
68334,20,6,10,2014,18.220833333333335,10.63,5.23,8.13
68335,20,7,10,2014,18.177500000000002,10.18,5.08,7.8
68336,20,8,10,2014,18.13666666666667,9.91,4.93,7.65
68337,20,9,10,2014,18.083333333333332,9.93,4.82,7.57
68338,20,10,10,2014,18.028333333333336,9.51,4.5,7.25
68339,20,11,10,2014,18.009999999999998,8.85,4.04,6.58
68340,20,12,10,2014,17.97416666666667,7.43,3.37,5.76
68341,20,13,10,2014,18.004166666666666,7.28,3.5,5.5
68342,20,14,10,2014,18.653333333333332,6.88,4.3100000000000005,5.42
68343,20,15,10,2014,19.396666666666665,5.84,4.6000000000000005,5.3100000000000005
68344,20,16,10,2014,20.30416666666667,5.39,4.54,5.0600000000000005
68345,20,17,10,2014,21.03,4.59,4.0,4.36
68346,20,18,10,2014,21.635000000000005,4.21,3.76,4.0600000000000005
68347,20,19,10,2014,22.121666666666666,4.13,3.68,3.97
68348,20,20,10,2014,22.331666666666663,4.55,4.03,4.48
68349,20,21,10,2014,22.1425,4.21,3.74,4.12
68350,20,22,10,2014,21.598333333333333,3.14,2.58,3.01
68351,20,23,10,2014,20.8425,3.65,2.0,3.1
68352,21,0,10,2014,20.455833333333334,3.24,1.63,2.87
68353,21,1,10,2014,20.194166666666668,3.54,1.68,3.12
68354,21,2,10,2014,19.857499999999998,3.5700000000000003,1.51,3.01
68355,21,3,10,2014,19.66333333333333,3.87,1.43,2.86
68356,21,4,10,2014,19.43583333333333,4.5,1.98,3.28
68357,21,5,10,2014,19.129166666666666,4.39,1.97,3.37
68358,21,6,10,2014,18.98416666666667,5.09,2.17,3.79
68359,21,7,10,2014,18.719166666666666,5.5200000000000005,2.64,4.46
68360,21,8,10,2014,18.601666666666663,5.48,2.62,4.55
68361,21,9,10,2014,18.415000000000003,5.5,2.94,4.7700000000000005
68362,21,10,10,2014,18.249166666666664,5.59,2.73,4.76
68363,21,11,10,2014,18.125833333333333,6.16,3.01,5.15
68364,21,12,10,2014,17.94,5.69,2.83,4.74
68365,21,13,10,2014,17.893333333333334,5.26,2.76,4.57
68366,21,14,10,2014,18.730833333333333,4.67,3.19,3.87
68367,21,15,10,2014,19.782500000000002,4.41,3.47,3.99
68368,21,16,10,2014,20.785833333333333,3.89,3.43,3.69
68369,21,17,10,2014,21.589166666666667,4.42,3.94,4.26
68370,21,18,10,2014,22.188333333333333,4.34,3.87,4.17
68371,21,19,10,2014,22.575833333333335,4.93,4.3500000000000005,4.7700000000000005
68372,21,20,10,2014,22.7475,5.38,4.5600000000000005,5.14
68373,21,21,10,2014,22.41416666666667,6.04,4.84,5.58
68374,21,22,10,2014,21.745833333333334,7.32,4.38,5.99
68375,21,23,10,2014,20.870833333333334,8.35,3.84,6.41
68376,22,0,10,2014,20.175833333333333,10.03,4.55,7.71
68377,22,1,10,2014,19.674166666666665,10.55,5.14,8.33
68378,22,2,10,2014,19.010833333333334,10.93,5.28,8.52
68379,22,3,10,2014,18.735,11.51,5.33,8.89
68380,22,4,10,2014,18.541666666666668,11.97,5.7,9.35
68381,22,5,10,2014,17.957500000000003,12.59,6.08,9.98
68382,22,6,10,2014,17.394166666666667,12.75,6.24,10.13
68383,22,7,10,2014,17.2475,13.38,6.69,10.6
68384,22,8,10,2014,17.117500000000003,13.94,7.19,11.22
68385,22,9,10,2014,16.92916666666667,14.48,7.54,11.72
68386,22,10,10,2014,16.80166666666667,14.54,7.59,11.75
68387,22,11,10,2014,16.70666666666667,14.5,7.77,11.8
68388,22,12,10,2014,16.68083333333333,14.28,7.8,11.7
68389,22,13,10,2014,16.77666666666667,13.92,7.35,11.28
68390,22,14,10,2014,17.4475,13.63,8.38,11.25
68391,22,15,10,2014,18.849166666666665,12.46,8.3,10.68
68392,22,16,10,2014,20.474166666666665,11.64,8.2,10.24
68393,22,17,10,2014,21.751666666666665,10.6,8.01,9.56
68394,22,18,10,2014,22.953333333333333,9.67,7.57,8.88
68395,22,19,10,2014,23.7675,10.98,8.19,9.86
68396,22,20,10,2014,24.12166666666667,11.09,8.17,9.86
68397,22,21,10,2014,23.9875,11.56,7.68,9.95
68398,22,22,10,2014,22.698333333333334,11.55,5.75,9.14
68399,22,23,10,2014,21.754166666666663,12.7,6.22,10.02
68400,23,0,10,2014,21.2975,13.23,6.8100000000000005,10.54
68401,23,1,10,2014,20.91333333333333,13.45,7.17,10.9
68402,23,2,10,2014,20.642500000000002,13.51,6.92,10.85
68403,23,3,10,2014,19.845,13.64,7.21,11.01
68404,23,4,10,2014,18.088333333333335,8.48,4.95,6.86
68405,23,5,10,2014,17.229166666666668,8.18,4.97,6.65
68406,23,6,10,2014,16.599166666666665,7.5,3.88,5.89
68407,23,7,10,2014,16.51,7.68,5.46,6.74
68408,23,8,10,2014,16.6825,5.8100000000000005,2.51,4.24
68409,23,9,10,2014,16.728333333333335,5.95,2.57,4.3500000000000005
68410,23,10,10,2014,16.652500000000003,5.18,2.63,3.96
68411,23,11,10,2014,16.680833333333332,8.78,4.23,6.8900000000000015
68412,23,12,10,2014,16.42833333333333,9.14,4.49,7.2
68413,23,13,10,2014,16.433333333333334,9.09,4.8,7.38
68414,23,14,10,2014,16.535,9.31,5.15,7.54
68415,23,15,10,2014,17.0525,9.17,5.14,7.47
68416,23,16,10,2014,18.468333333333334,7.46,5.47,6.46
68417,23,17,10,2014,19.680000000000003,6.59,5.47,6.16
68418,23,18,10,2014,20.7775,4.5,3.98,4.3
68419,23,19,10,2014,21.71083333333333,3.37,3.08,3.24
68420,23,20,10,2014,22.315833333333334,2.87,2.69,2.84
68421,23,21,10,2014,22.502499999999998,2.47,2.27,2.45
68422,23,22,10,2014,22.229166666666668,2.41,2.06,2.31
68423,23,23,10,2014,21.473333333333333,2.86,2.08,2.89
68424,24,0,10,2014,21.101666666666663,3.01,1.97,2.84
68425,24,1,10,2014,20.908333333333335,3.1,2.29,3.12
68426,24,2,10,2014,20.594166666666666,4.7700000000000005,2.94,4.18
68427,24,3,10,2014,20.178333333333335,6.23,2.87,4.8500000000000005
68428,24,4,10,2014,19.819999999999997,7.68,3.17,5.48
68429,24,5,10,2014,19.7725,8.56,3.62,6.25
68430,24,6,10,2014,19.945833333333336,9.3,3.85,6.84
68431,24,7,10,2014,19.918333333333333,9.84,4.5,7.49
68432,24,8,10,2014,19.81,10.78,4.96,8.120000000000001
68433,24,9,10,2014,19.658333333333335,11.56,5.55,8.950000000000003
68434,24,10,10,2014,19.5,11.79,5.62,9.09
68435,24,11,10,2014,19.393333333333334,12.07,6.1000000000000005,9.44
68436,24,12,10,2014,19.270833333333332,12.06,6.51,9.71
68437,24,13,10,2014,19.31,12.47,6.8,10.08
68438,24,14,10,2014,20.436666666666667,12.46,7.9,10.26
68439,24,15,10,2014,21.866666666666664,11.74,8.1,10.24
68440,24,16,10,2014,23.623333333333335,10.65,7.91,9.52
68441,24,17,10,2014,25.060833333333335,10.41,7.83,9.36
68442,24,18,10,2014,26.06416666666667,9.75,7.47,8.83
68443,24,19,10,2014,27.015833333333333,8.89,6.96,8.14
68444,24,20,10,2014,27.781666666666666,8.8,6.68,7.9300000000000015
68445,24,21,10,2014,27.945000000000004,9.05,6.33,7.77
68446,24,22,10,2014,27.013333333333332,9.62,4.22,6.97
68447,24,23,10,2014,25.76833333333333,9.33,3.99,7.01
68448,25,0,10,2014,24.819999999999997,9.14,3.9,6.92
68449,25,1,10,2014,23.84,8.16,3.52,6.0600000000000005
68450,25,2,10,2014,23.400000000000002,6.72,3.44,5.53
68451,25,3,10,2014,22.53,5.18,2.46,4.39
68452,25,4,10,2014,22.108333333333334,4.5600000000000005,2.46,4.07
68453,25,5,10,2014,21.312499999999996,4.1,2.38,3.69
68454,25,6,10,2014,20.883333333333336,4.96,2.69,4.38
68455,25,7,10,2014,20.003333333333334,5.64,2.84,4.62
68456,25,8,10,2014,19.412499999999998,4.37,1.47,2.87
68457,25,9,10,2014,19.270833333333332,3.5,1.15,2.45
68458,25,10,10,2014,19.044166666666666,2.91,0.8,2.06
68459,25,11,10,2014,18.814166666666665,2.52,0.63,1.83
68460,25,12,10,2014,18.37666666666667,3.36,1.7,2.81
68461,25,13,10,2014,18.24416666666667,3.02,1.48,2.42
68462,25,14,10,2014,19.563333333333333,3.12,1.61,2.34
68463,25,15,10,2014,20.964166666666667,2.49,2.2,2.34
68464,25,16,10,2014,22.154166666666665,2.99,2.75,2.88
68465,25,17,10,2014,23.20416666666667,3.6,3.27,3.47
68466,25,18,10,2014,23.82083333333333,2.66,2.54,2.6
68467,25,19,10,2014,24.565,2.25,2.17,2.2
68468,25,20,10,2014,24.938333333333333,2.15,2.05,2.12
68469,25,21,10,2014,24.959166666666665,2.17,2.0,2.13
68470,25,22,10,2014,24.134999999999994,3.3200000000000003,2.11,2.94
68471,25,23,10,2014,22.611666666666668,3.3200000000000003,1.89,2.92
68472,26,0,10,2014,21.683333333333334,4.14,1.98,3.21
68473,26,1,10,2014,20.830833333333334,5.79,2.26,3.83
68474,26,2,10,2014,20.159166666666664,6.53,2.62,4.55
68475,26,3,10,2014,19.545833333333334,8.72,3.29,6.2700000000000005
68476,26,4,10,2014,19.251666666666665,9.62,3.69,6.84
68477,26,5,10,2014,18.938333333333333,9.87,4.18,7.28
68478,26,6,10,2014,18.496666666666666,10.43,4.82,7.9
68479,26,7,10,2014,18.218333333333334,10.9,5.29,8.48
68480,26,8,10,2014,17.98166666666667,11.38,5.55,8.91
68481,26,9,10,2014,17.85,11.21,5.58,8.8
68482,26,10,10,2014,17.755833333333335,11.05,5.5600000000000005,8.700000000000001
68483,26,11,10,2014,17.6675,10.84,5.3500000000000005,8.46
68484,26,12,10,2014,17.69666666666667,10.29,4.5,7.59
68485,26,13,10,2014,18.011666666666667,10.52,4.68,8.01
68486,26,14,10,2014,19.950000000000003,10.93,6.83,8.83
68487,26,15,10,2014,22.27416666666667,10.46,7.48,9.15
68488,26,16,10,2014,24.160833333333333,10.79,8.11,9.7
68489,26,17,10,2014,25.83916666666667,10.84,8.16,9.75
68490,26,18,10,2014,27.080000000000002,11.78,8.71,10.53
68491,26,19,10,2014,27.741666666666664,12.96,9.29,11.39
68492,26,20,10,2014,28.16666666666667,13.05,9.25,11.42
68493,26,21,10,2014,27.803333333333338,13.12,8.290000000000001,10.76
68494,26,22,10,2014,26.60083333333333,12.58,6.33,9.86
68495,26,23,10,2014,25.485,12.88,5.8,9.7
68496,27,0,10,2014,25.168333333333337,13.44,5.8100000000000005,9.85
68497,27,1,10,2014,24.95916666666666,13.94,6.51,10.66
68498,27,2,10,2014,24.762500000000003,14.2,6.5600000000000005,10.81
68499,27,3,10,2014,24.61916666666667,14.16,6.43,10.89
68500,27,4,10,2014,24.4175,13.44,6.23,10.37
68501,27,5,10,2014,24.393333333333334,14.15,6.42,10.9
68502,27,6,10,2014,24.41416666666667,15.03,7.52,11.86
68503,27,7,10,2014,24.205000000000002,14.77,7.35,11.63
68504,27,8,10,2014,23.85666666666667,12.92,6.54,10.11
68505,27,9,10,2014,23.30416666666667,12.09,6.0200000000000005,9.33
68506,27,10,10,2014,22.650833333333335,7.98,3.7,6.3100000000000005
68507,27,11,10,2014,22.687500000000004,5.05,2.68,4.08
68508,27,12,10,2014,22.281666666666666,6.57,3.67,5.29
68509,27,13,10,2014,21.581666666666667,5.32,2.15,3.56
68510,27,14,10,2014,22.249166666666667,5.03,3.27,4.32
68511,27,15,10,2014,23.142500000000002,4.92,4.17,4.64
68512,27,16,10,2014,23.749166666666667,8.09,6.83,7.76
68513,27,17,10,2014,23.650000000000002,8.17,6.87,7.81
68514,27,18,10,2014,24.087500000000002,8.96,7.44,8.51
68515,27,19,10,2014,24.20583333333333,11.63,9.31,10.89
68516,27,20,10,2014,23.290000000000003,11.53,8.93,10.63
68517,27,21,10,2014,22.731666666666666,12.91,9.05,11.4
68518,27,22,10,2014,21.41333333333333,12.12,7.73,10.18
68519,27,23,10,2014,20.75416666666667,11.95,5.86,9.56
68520,28,0,10,2014,20.022499999999997,11.61,5.59,9.28
68521,28,1,10,2014,19.382500000000004,11.04,5.54,8.91
68522,28,2,10,2014,19.259166666666665,9.22,4.69,7.43
68523,28,3,10,2014,19.25333333333333,7.3900000000000015,3.9,5.96
68524,28,4,10,2014,18.439166666666665,13.72,7.77,11.44
68525,28,5,10,2014,17.468333333333337,12.43,6.48,10.13
68526,28,6,10,2014,16.923333333333336,11.35,6.08,9.2
68527,28,7,10,2014,16.639166666666664,9.61,5.04,7.83
68528,28,8,10,2014,16.57166666666667,8.19,4.19,6.68
68529,28,9,10,2014,16.3325,8.01,4.11,6.54
68530,28,10,10,2014,16.083333333333336,5.8100000000000005,3.3000000000000003,4.8500000000000005
68531,28,11,10,2014,15.999166666666667,4.49,2.09,3.5500000000000003
68532,28,12,10,2014,15.950833333333335,4.6000000000000005,2.57,3.64
68533,28,13,10,2014,15.943333333333333,5.82,3.24,4.7700000000000005
68534,28,14,10,2014,16.400000000000002,6.55,4.93,5.86
68535,28,15,10,2014,17.361666666666665,7.9,6.04,7.16
68536,28,16,10,2014,17.246666666666666,8.22,6.83,7.82
68537,28,17,10,2014,17.04666666666667,8.68,7.12,8.17
68538,28,18,10,2014,17.208333333333336,8.82,7.19,8.27
68539,28,19,10,2014,17.417500000000004,8.41,6.78,7.86
68540,28,20,10,2014,17.436666666666667,8.620000000000001,6.84,7.96
68541,28,21,10,2014,17.145833333333336,8.33,6.42,7.61
68542,28,22,10,2014,16.776666666666667,7.91,5.11,6.57
68543,28,23,10,2014,16.18583333333334,9.99,6.04,8.49
68544,29,0,10,2014,15.556666666666667,9.89,5.9,8.36
68545,29,1,10,2014,15.37583333333333,8.51,4.49,6.98
68546,29,2,10,2014,15.084166666666668,8.2,4.25,6.67
68547,29,3,10,2014,14.88,7.37,4.03,6.07
68548,29,4,10,2014,14.679166666666667,6.82,3.62,5.61
68549,29,5,10,2014,14.328333333333333,5.6000000000000005,3.28,4.62
68550,29,6,10,2014,14.029166666666667,5.64,3.28,4.64
68551,29,7,10,2014,13.914166666666668,4.68,2.54,3.76
68552,29,8,10,2014,13.735833333333332,4.51,2.58,3.67
68553,29,9,10,2014,13.475,4.15,2.6,3.45
68554,29,10,10,2014,13.339166666666666,3.96,2.44,3.26
68555,29,11,10,2014,13.217500000000001,2.87,2.01,2.48
68556,29,12,10,2014,13.112500000000002,2.29,1.85,2.14
68557,29,13,10,2014,12.940833333333332,2.37,1.89,2.2
68558,29,14,10,2014,12.990833333333335,1.79,1.55,1.7
68559,29,15,10,2014,13.332500000000001,1.12,1.08,1.07
68560,29,16,10,2014,14.0575,1.64,1.57,1.57
68561,29,17,10,2014,14.9925,2.38,2.2,2.26
68562,29,18,10,2014,15.740833333333335,2.71,2.52,2.61
68563,29,19,10,2014,16.385833333333334,1.97,1.87,1.91
68564,29,20,10,2014,17.036666666666665,2.9,2.58,2.78
68565,29,21,10,2014,17.2725,3.15,2.64,2.98
68566,29,22,10,2014,17.08416666666667,4.99,3.13,4.22
68567,29,23,10,2014,16.45416666666667,5.91,3.34,4.79
68568,30,0,10,2014,16.128333333333334,7.34,3.88,5.99
68569,30,1,10,2014,15.7975,8.370000000000001,4.43,6.8100000000000005
68570,30,2,10,2014,15.575000000000001,9.39,4.92,7.68
68571,30,3,10,2014,15.343333333333334,10.12,5.36,8.22
68572,30,4,10,2014,15.344166666666668,11.07,6.08,9.07
68573,30,5,10,2014,15.279166666666669,10.93,6.04,8.99
68574,30,6,10,2014,15.458333333333334,10.55,5.8100000000000005,8.6
68575,30,7,10,2014,15.884166666666667,9.94,5.67,8.03
68576,30,8,10,2014,15.975000000000001,7.49,4.74,5.95
68577,30,9,10,2014,16.745,8.07,5.5200000000000005,6.98
68578,30,10,10,2014,16.3775,8.25,4.97,6.93
68579,30,11,10,2014,16.035,7.11,4.25,6.22
68580,30,12,10,2014,16.069166666666664,6.29,3.63,4.95
68581,30,13,10,2014,15.779166666666667,10.07,4.93,7.85
68582,30,14,10,2014,15.838333333333333,13.25,7.86,11.08
68583,30,15,10,2014,16.655833333333337,13.42,8.53,11.34
68584,30,16,10,2014,17.370833333333334,12.01,8.47,10.49
68585,30,17,10,2014,17.91583333333333,10.79,8.51,9.94
68586,30,18,10,2014,18.418333333333333,10.75,8.540000000000001,9.95
68587,30,19,10,2014,18.745833333333334,12.73,9.66,11.63
68588,30,20,10,2014,18.645833333333332,12.8,9.7,11.7
68589,30,21,10,2014,18.16,12.69,8.5,11.05
68590,30,22,10,2014,17.433333333333334,12.67,7.47,10.65
68591,30,23,10,2014,16.740000000000006,13.56,6.76,10.96
68592,31,0,10,2014,16.1925,13.79,6.87,11.2
68593,31,1,10,2014,15.565,13.56,7.21,11.17
68594,31,2,10,2014,14.799166666666666,14.41,8.18,12.11
68595,31,3,10,2014,13.5725,16.4,9.78,14.05
68596,31,4,10,2014,11.853333333333333,16.51,10.04,14.22
68597,31,5,10,2014,10.525,15.78,9.72,13.59
68598,31,6,10,2014,9.436666666666667,14.6,9.03,12.55
68599,31,7,10,2014,8.451666666666668,14.6,8.83,12.52
68600,31,8,10,2014,7.554166666666667,13.95,8.53,11.94
68601,31,9,10,2014,6.586666666666666,14.7,8.84,12.69
68602,31,10,10,2014,4.975833333333334,13.82,8.39,11.76
68603,31,11,10,2014,3.638333333333334,13.75,8.39,11.96
68604,31,12,10,2014,1.6341666666666665,13.2,7.9,11.36
68605,31,13,10,2014,0.9308333333333333,10.91,7.0,9.5
68606,31,14,10,2014,1.1816666666666669,10.57,7.71,9.35
68607,31,15,10,2014,1.9008333333333336,9.9,7.68,9.03
68608,31,16,10,2014,2.7616666666666663,8.86,7.26,8.27
68609,31,17,10,2014,3.7158333333333338,7.81,6.59,7.37
68610,31,18,10,2014,4.630833333333333,6.68,5.8,6.38
68611,31,19,10,2014,5.3325,6.55,5.71,6.2700000000000005
68612,31,20,10,2014,5.790833333333333,6.13,5.37,5.89
68613,31,21,10,2014,5.820833333333333,5.26,4.61,5.0600000000000005
68614,31,22,10,2014,5.2175,4.91,4.04,4.55
68615,31,23,10,2014,3.9525,5.03,3.12,4.46
68616,1,0,11,2014,3.260833333333333,5.28,3.18,4.5200000000000005
68617,1,1,11,2014,2.7691666666666666,5.36,2.65,4.14
68618,1,2,11,2014,2.2916666666666665,5.54,2.5,4.26
68619,1,3,11,2014,1.9366666666666668,5.62,2.39,4.16
68620,1,4,11,2014,1.5766666666666669,6.04,2.88,4.55
68621,1,5,11,2014,1.2975,6.42,3.23,4.94
68622,1,6,11,2014,0.9333333333333335,7.1400000000000015,3.45,5.44
68623,1,7,11,2014,0.6458333333333335,7.26,3.44,5.69
68624,1,8,11,2014,0.3733333333333333,7.58,3.63,5.99
68625,1,9,11,2014,0.13750000000000004,8.16,4.01,6.59
68626,1,10,11,2014,-0.06583333333333334,8.33,4.16,6.79
68627,1,11,11,2014,-0.3133333333333333,8.67,4.43,7.09
68628,1,12,11,2014,-0.5583333333333335,9.14,4.58,7.48
68629,1,13,11,2014,-0.5508333333333334,9.43,5.3100000000000005,7.77
68630,1,14,11,2014,0.4175,9.05,6.0,7.85
68631,1,15,11,2014,1.6975,8.74,6.73,7.79
68632,1,16,11,2014,3.063333333333334,8.84,6.99,8.02
68633,1,17,11,2014,4.473333333333334,8.83,7.04,8.06
68634,1,18,11,2014,5.935,9.22,7.38,8.47
68635,1,19,11,2014,6.824166666666666,9.68,7.6,8.83
68636,1,20,11,2014,7.379999999999999,10.03,7.6,9.01
68637,1,21,11,2014,7.390833333333334,10.86,7.58,9.4
68638,1,22,11,2014,6.592500000000001,12.12,7.16,9.69
68639,1,23,11,2014,5.426666666666666,13.65,6.1400000000000015,10.73
68640,2,0,11,2014,4.7283333333333335,13.52,6.12,10.59
68641,2,1,11,2014,4.331666666666667,13.68,6.5600000000000005,10.79
68642,2,2,11,2014,4.1275,15.14,7.2,12.11
68643,2,3,11,2014,4.055833333333334,15.35,7.29,12.25
68644,2,4,11,2014,4.161666666666667,15.56,7.43,12.44
68645,2,5,11,2014,4.295833333333333,15.62,7.49,12.5
68646,2,6,11,2014,4.568333333333334,15.79,7.66,12.67
68647,2,7,11,2014,4.773333333333333,15.81,7.94,12.65
68648,2,8,11,2014,4.7924999999999995,16.06,7.87,12.78
68649,2,9,11,2014,5.046666666666667,17.55,8.43,14.0
68650,2,10,11,2014,5.069166666666667,17.56,8.540000000000001,14.06
68651,2,11,11,2014,4.885000000000002,17.990000000000006,9.24,14.69
68652,2,12,11,2014,4.763333333333333,18.12,9.38,14.79
68653,2,13,11,2014,4.8774999999999995,19.86,10.44,16.35
68654,2,14,11,2014,6.0825,19.83,11.82,16.35
68655,2,15,11,2014,7.7475,19.3,12.87,16.73
68656,2,16,11,2014,9.478333333333333,17.580000000000002,12.01,15.41
68657,2,17,11,2014,11.147499999999999,16.42,11.34,14.29
68658,2,18,11,2014,12.639166666666668,15.83,11.41,13.92
68659,2,19,11,2014,13.7475,15.17,11.09,13.54
68660,2,20,11,2014,14.360000000000001,15.69,11.09,13.78
68661,2,21,11,2014,14.506666666666668,15.16,9.98,13.01
68662,2,22,11,2014,13.650000000000004,14.75,8.51,12.25
68663,2,23,11,2014,12.630833333333333,15.93,8.290000000000001,12.99
68664,3,0,11,2014,12.159999999999998,16.84,9.09,13.89
68665,3,1,11,2014,12.007499999999999,18.87,10.13,15.5
68666,3,2,11,2014,11.698333333333336,19.33,10.69,16.04
68667,3,3,11,2014,11.421666666666667,18.81,10.45,15.65
68668,3,4,11,2014,11.37,17.85,10.17,14.87
68669,3,5,11,2014,11.409999999999998,17.82,10.06,14.83
68670,3,6,11,2014,11.428333333333333,18.77,10.55,15.64
68671,3,7,11,2014,11.391666666666666,19.55,10.93,16.3
68672,3,8,11,2014,11.39,19.52,10.92,16.27
68673,3,9,11,2014,11.35,19.16,10.71,15.93
68674,3,10,11,2014,11.265,19.76,11.04,16.44
68675,3,11,11,2014,11.408333333333333,19.74,10.91,16.3
68676,3,12,11,2014,11.074166666666665,18.6,10.08,15.27
68677,3,13,11,2014,10.9675,19.57,10.64,16.03
68678,3,14,11,2014,12.131666666666668,18.59,11.24,15.14
68679,3,15,11,2014,12.667500000000002,18.13,10.43,14.89
68680,3,16,11,2014,13.495833333333335,17.330000000000002,9.72,14.28
68681,3,17,11,2014,15.594999999999999,15.61,10.91,13.66
68682,3,18,11,2014,16.40416666666667,15.03,10.68,13.23
68683,3,19,11,2014,18.067500000000003,13.19,9.6,11.5
68684,3,20,11,2014,18.58916666666667,14.62,10.15,12.79
68685,3,21,11,2014,17.245833333333334,15.01,9.54,12.69
68686,3,22,11,2014,16.875,13.83,7.17,11.22
68687,3,23,11,2014,16.083333333333336,16.29,8.11,13.03
68688,4,0,11,2014,15.470833333333331,16.11,8.09,12.89
68689,4,1,11,2014,15.644166666666669,15.64,7.87,12.39
68690,4,2,11,2014,14.870833333333335,15.16,7.72,11.85
68691,4,3,11,2014,12.0,13.55,6.93,11.11
68692,4,4,11,2014,11.3975,12.05,6.0,9.61
68693,4,5,11,2014,11.404166666666667,11.37,4.67,8.82
68694,4,6,11,2014,11.081666666666669,11.7,5.44,9.29
68695,4,7,11,2014,10.690833333333336,10.38,5.21,8.38
68696,4,8,11,2014,10.530833333333332,10.79,5.8,8.89
68697,4,9,11,2014,10.565833333333334,9.15,4.75,7.34
68698,4,10,11,2014,10.7325,8.540000000000001,4.26,6.74
68699,4,11,11,2014,10.901666666666666,8.32,3.92,6.3100000000000005
68700,4,12,11,2014,10.960833333333333,8.61,3.27,6.41
68701,4,13,11,2014,10.956666666666669,8.19,3.22,6.15
68702,4,14,11,2014,11.524999999999999,7.79,3.78,5.88
68703,4,15,11,2014,12.535833333333334,6.75,4.66,5.69
68704,4,16,11,2014,13.456666666666669,6.0600000000000005,5.05,5.69
68705,4,17,11,2014,14.301666666666668,5.8100000000000005,4.91,5.48
68706,4,18,11,2014,15.18,5.63,4.82,5.32
68707,4,19,11,2014,15.953333333333331,5.08,4.4,4.8500000000000005
68708,4,20,11,2014,16.404166666666665,5.86,4.89,5.54
68709,4,21,11,2014,16.45416666666667,7.58,5.34,6.62
68710,4,22,11,2014,15.946666666666667,7.51,4.99,6.5200000000000005
68711,4,23,11,2014,15.328333333333335,6.38,2.69,4.89
68712,5,0,11,2014,15.05583333333333,8.13,2.94,5.53
68713,5,1,11,2014,14.732500000000002,7.03,2.94,5.2
68714,5,2,11,2014,14.582500000000001,7.1400000000000015,3.02,5.18
68715,5,3,11,2014,14.430833333333334,8.01,3.7,5.92
68716,5,4,11,2014,14.193333333333333,8.16,3.82,6.17
68717,5,5,11,2014,14.036666666666667,9.19,4.04,6.8
68718,5,6,11,2014,13.9625,9.56,4.3500000000000005,7.29
68719,5,7,11,2014,13.901666666666669,9.76,4.51,7.45
68720,5,8,11,2014,13.866666666666667,9.94,4.57,7.6400000000000015
68721,5,9,11,2014,13.746666666666668,10.75,4.86,8.35
68722,5,10,11,2014,13.753333333333332,11.19,5.18,8.71
68723,5,11,11,2014,13.77833333333333,11.83,5.58,9.23
68724,5,12,11,2014,13.836666666666668,12.21,6.33,9.83
68725,5,13,11,2014,13.809166666666668,12.38,6.41,10.04
68726,5,14,11,2014,14.403333333333334,12.83,7.73,10.57
68727,5,15,11,2014,15.681666666666667,12.16,7.99,10.47
68728,5,16,11,2014,16.930000000000003,11.74,8.67,10.5
68729,5,17,11,2014,18.245833333333334,12.77,9.58,11.51
68730,5,18,11,2014,19.058333333333334,12.79,9.7,11.73
68731,5,19,11,2014,19.489166666666662,11.92,9.18,10.97
68732,5,20,11,2014,19.570833333333333,9.98,7.85,9.22
68733,5,21,11,2014,19.404166666666665,12.11,7.46,10.14
68734,5,22,11,2014,18.075833333333332,12.89,6.63,9.91
68735,5,23,11,2014,16.416666666666668,12.73,5.68,9.73
68736,6,0,11,2014,15.376666666666665,11.67,4.5,8.47
68737,6,1,11,2014,15.193333333333333,12.73,5.3100000000000005,9.65
68738,6,2,11,2014,14.688333333333333,12.35,5.03,9.2
68739,6,3,11,2014,15.112499999999999,12.7,6.25,10.04
68740,6,4,11,2014,15.279166666666667,12.36,6.29,9.83
68741,6,5,11,2014,15.030833333333334,14.69,7.2,11.79
68742,6,6,11,2014,14.215833333333334,15.65,8.1,12.76
68743,6,7,11,2014,13.535000000000002,14.97,7.67,12.24
68744,6,8,11,2014,12.987499999999999,15.77,8.17,12.97
68745,6,9,11,2014,12.37,15.97,8.53,13.21
68746,6,10,11,2014,11.470833333333331,15.35,8.73,12.99
68747,6,11,11,2014,10.433333333333332,15.84,9.88,13.5
68748,6,12,11,2014,9.382499999999999,15.47,9.83,13.26
68749,6,13,11,2014,8.734166666666665,14.17,9.05,12.12
68750,6,14,11,2014,8.585,12.69,8.38,10.91
68751,6,15,11,2014,8.880833333333333,12.32,8.700000000000001,10.86
68752,6,16,11,2014,9.449166666666667,11.64,8.85,10.54
68753,6,17,11,2014,10.139999999999999,10.98,8.52,10.03
68754,6,18,11,2014,10.82,8.94,7.22,8.290000000000001
68755,6,19,11,2014,11.326666666666668,8.620000000000001,7.0600000000000005,8.06
68756,6,20,11,2014,11.659166666666666,7.5,6.19,7.04
68757,6,21,11,2014,11.625833333333333,6.99,5.3500000000000005,6.3100000000000005
68758,6,22,11,2014,11.328333333333333,6.9,5.0200000000000005,6.19
68759,6,23,11,2014,11.155000000000001,5.43,2.95,4.53
68760,7,0,11,2014,11.014166666666666,3.21,1.57,2.51
68761,7,1,11,2014,10.8375,1.61,1.14,1.48
68762,7,2,11,2014,10.74,2.49,1.9,2.32
68763,7,3,11,2014,10.608333333333334,3.76,2.43,3.27
68764,7,4,11,2014,10.4525,5.24,3.01,4.3
68765,7,5,11,2014,10.289166666666668,6.22,3.45,5.11
68766,7,6,11,2014,10.124166666666667,7.61,4.14,6.2700000000000005
68767,7,7,11,2014,9.998333333333333,8.93,4.74,7.3
68768,7,8,11,2014,9.964166666666666,9.49,4.96,7.74
68769,7,9,11,2014,9.85,10.94,5.58,8.86
68770,7,10,11,2014,9.754999999999999,11.93,6.13,9.7
68771,7,11,11,2014,9.601666666666667,13.16,6.69,10.67
68772,7,12,11,2014,9.561666666666667,14.91,7.67,12.2
68773,7,13,11,2014,9.58,15.31,7.85,12.49
68774,7,14,11,2014,10.3275,16.51,10.52,14.17
68775,7,15,11,2014,11.596666666666664,16.46,10.59,14.13
68776,7,16,11,2014,13.141666666666666,15.65,10.81,13.68
68777,7,17,11,2014,14.83083333333333,14.41,10.44,12.7
68778,7,18,11,2014,16.235000000000003,14.46,10.6,12.85
68779,7,19,11,2014,17.3725,13.96,10.25,12.43
68780,7,20,11,2014,18.005,13.16,9.66,11.74
68781,7,21,11,2014,18.11583333333333,12.96,8.9,11.3
68782,7,22,11,2014,17.640000000000004,11.03,5.96,8.89
68783,7,23,11,2014,17.069166666666664,10.23,5.04,7.92
68784,8,0,11,2014,16.875000000000004,10.86,5.25,8.26
68785,8,1,11,2014,17.343333333333334,15.52,7.29,12.27
68786,8,2,11,2014,16.561666666666667,15.41,7.31,12.29
68787,8,3,11,2014,15.725,12.31,5.24,8.99
68788,8,4,11,2014,15.039999999999997,15.25,7.03,11.83
68789,8,5,11,2014,14.170833333333334,16.79,7.81,13.31
68790,8,6,11,2014,13.005,18.01,9.57,14.84
68791,8,7,11,2014,12.22,18.64,9.45,15.32
68792,8,8,11,2014,11.19,18.27,10.72,15.4
68793,8,9,11,2014,10.194999999999999,17.04,10.29,14.43
68794,8,10,11,2014,9.388333333333334,16.13,9.76,13.69
68795,8,11,11,2014,8.605,16.18,9.96,13.78
68796,8,12,11,2014,8.027499999999998,17.76,10.64,15.07
68797,8,13,11,2014,7.598333333333333,13.58,8.55,11.57
68798,8,14,11,2014,7.752500000000001,11.3,7.46,9.77
68799,8,15,11,2014,8.3575,12.93,9.3,11.56
68800,8,16,11,2014,8.960000000000003,11.62,9.06,10.68
68801,8,17,11,2014,9.693333333333333,10.07,8.05,9.31
68802,8,18,11,2014,10.236666666666666,10.36,8.39,9.68
68803,8,19,11,2014,10.84083333333333,8.42,7.01,7.9300000000000015
68804,8,20,11,2014,11.310833333333333,7.82,6.53,7.43
68805,8,21,11,2014,11.328333333333331,7.0,5.64,6.54
68806,8,22,11,2014,11.217500000000001,6.07,4.46,5.49
68807,8,23,11,2014,11.071666666666665,3.97,2.15,3.0
68808,9,0,11,2014,10.924999999999999,3.02,1.47,2.38
68809,9,1,11,2014,10.85,2.12,1.66,2.04
68810,9,2,11,2014,10.744166666666667,4.39,2.82,3.77
68811,9,3,11,2014,10.67666666666667,6.13,3.49,5.0600000000000005
68812,9,4,11,2014,10.68,8.24,4.57,6.76
68813,9,5,11,2014,10.639999999999999,10.25,5.55,8.45
68814,9,6,11,2014,10.693333333333333,12.4,6.5600000000000005,10.17
68815,9,7,11,2014,11.031666666666666,14.37,7.91,11.91
68816,9,8,11,2014,11.364166666666668,14.67,8.040000000000001,12.15
68817,9,9,11,2014,11.449166666666668,15.34,8.4,12.7
68818,9,10,11,2014,11.5175,15.29,8.52,12.7
68819,9,11,11,2014,11.649999999999999,15.02,8.370000000000001,12.47
68820,9,12,11,2014,11.689999999999998,14.65,8.31,12.22
68821,9,13,11,2014,11.785000000000002,13.73,7.83,11.28
68822,9,14,11,2014,12.4275,13.64,9.27,11.84
68823,9,15,11,2014,13.7325,13.46,9.37,11.8
68824,9,16,11,2014,15.180833333333332,11.68,8.73,10.52
68825,9,17,11,2014,16.653333333333332,10.01,7.77,9.12
68826,9,18,11,2014,17.92666666666667,8.1,6.5,7.43
68827,9,19,11,2014,18.808333333333334,5.92,4.96,5.5
68828,9,20,11,2014,19.285833333333333,4.63,3.98,4.39
68829,9,21,11,2014,19.2375,5.37,3.99,4.79
68830,9,22,11,2014,18.203333333333333,6.49,3.85,5.09
68831,9,23,11,2014,16.93583333333333,8.22,3.58,6.29
68832,10,0,11,2014,16.290000000000003,9.42,4.11,7.15
68833,10,1,11,2014,16.003333333333334,11.98,5.57,9.22
68834,10,2,11,2014,15.490000000000002,12.67,5.79,9.74
68835,10,3,11,2014,14.9125,12.78,5.98,9.87
68836,10,4,11,2014,14.191666666666668,12.2,5.6000000000000005,9.37
68837,10,5,11,2014,13.681666666666667,12.53,6.04,9.69
68838,10,6,11,2014,13.361666666666666,14.27,7.34,11.44
68839,10,7,11,2014,13.0775,14.38,7.61,11.58
68840,10,8,11,2014,12.670833333333333,15.37,8.23,12.45
68841,10,9,11,2014,12.304166666666667,16.11,8.77,13.14
68842,10,10,11,2014,12.251666666666667,16.52,9.43,13.69
68843,10,11,11,2014,11.779166666666667,16.5,9.38,13.64
68844,10,12,11,2014,11.414166666666667,17.11,8.8,13.82
68845,10,13,11,2014,11.268333333333333,17.13,8.98,13.99
68846,10,14,11,2014,12.435,17.240000000000002,10.19,14.15
68847,10,15,11,2014,14.265,15.62,10.14,13.49
68848,10,16,11,2014,15.865,12.7,9.03,11.22
68849,10,17,11,2014,17.231666666666666,8.57,6.84,7.85
68850,10,18,11,2014,18.27416666666667,7.19,6.01,6.73
68851,10,19,11,2014,19.18416666666667,6.4,5.45,6.0600000000000005
68852,10,20,11,2014,19.5575,5.94,5.0600000000000005,5.68
68853,10,21,11,2014,19.40666666666667,7.88,6.15,7.29
68854,10,22,11,2014,14.063333333333334,18.58,11.97,16.15
68855,10,23,11,2014,7.243333333333333,18.57,12.05,16.16
68856,11,0,11,2014,5.2125,18.09,11.98,15.75
68857,11,1,11,2014,3.600000000000001,17.8,11.76,15.51
68858,11,2,11,2014,2.1808333333333336,18.78,12.3,16.41
68859,11,3,11,2014,1.1266666666666667,18.35,12.1,15.92
68860,11,4,11,2014,0.5166666666666667,18.59,12.09,16.12
68861,11,5,11,2014,-0.4649999999999999,18.64,12.2,16.17
68862,11,6,11,2014,-1.3708333333333333,18.71,12.3,16.25
68863,11,7,11,2014,-1.9958333333333333,17.240000000000002,11.57,15.05
68864,11,8,11,2014,-2.6116666666666672,16.86,11.37,14.7
68865,11,9,11,2014,-2.5700000000000003,16.73,10.85,14.5
68866,11,10,11,2014,-3.015833333333333,16.72,11.08,14.55
68867,11,11,11,2014,-3.3216666666666668,16.26,10.56,14.1
68868,11,12,11,2014,-3.5525000000000007,15.03,9.96,13.03
68869,11,13,11,2014,-3.7725000000000004,14.54,9.67,12.64
68870,11,14,11,2014,-3.7416666666666667,13.79,9.54,12.21
68871,11,15,11,2014,-3.315,13.72,9.76,12.14
68872,11,16,11,2014,-2.6508333333333334,13.59,10.02,12.24
68873,11,17,11,2014,-1.9074999999999998,12.37,9.76,11.4
68874,11,18,11,2014,-1.3091666666666668,12.14,9.6,11.19
68875,11,19,11,2014,-0.8866666666666667,11.13,8.870000000000003,10.34
68876,11,20,11,2014,-0.7008333333333332,11.15,8.88,10.34
68877,11,21,11,2014,-0.89,10.58,8.03,9.65
68878,11,22,11,2014,-1.3525,10.78,7.56,9.67
68879,11,23,11,2014,-1.6900000000000002,11.86,7.67,10.52
68880,12,0,11,2014,-2.0341666666666662,11.33,7.36,9.93
68881,12,1,11,2014,-2.3366666666666664,11.52,7.51,10.06
68882,12,2,11,2014,-2.6008333333333336,11.34,7.3900000000000015,9.88
68883,12,3,11,2014,-2.8541666666666665,10.83,7.29,9.53
68884,12,4,11,2014,-3.1750000000000003,10.98,7.33,9.63
68885,12,5,11,2014,-3.346666666666667,10.15,6.93,8.89
68886,12,6,11,2014,-3.4966666666666666,10.8,7.0200000000000005,9.55
68887,12,7,11,2014,-3.650833333333333,11.22,7.36,9.97
68888,12,8,11,2014,-3.8441666666666667,11.14,7.26,9.83
68889,12,9,11,2014,-3.8958333333333344,10.42,6.87,9.22
68890,12,10,11,2014,-4.01,10.6,6.92,9.31
68891,12,11,11,2014,-4.1049999999999995,9.96,6.78,8.8
68892,12,12,11,2014,-4.3075,10.72,7.16,9.36
68893,12,13,11,2014,-4.401666666666666,10.76,7.1400000000000015,9.39
68894,12,14,11,2014,-4.298333333333334,10.3,7.49,9.21
68895,12,15,11,2014,-3.935,10.65,8.31,9.77
68896,12,16,11,2014,-3.4299999999999997,9.86,8.05,9.23
68897,12,17,11,2014,-2.9616666666666664,9.49,7.96,8.99
68898,12,18,11,2014,-2.560833333333333,11.91,9.74,11.24
68899,12,19,11,2014,-2.3925,11.94,9.83,11.33
68900,12,20,11,2014,-2.344166666666667,10.61,8.59,9.95
68901,12,21,11,2014,-2.4741666666666666,10.58,7.98,9.63
68902,12,22,11,2014,-2.9250000000000007,11.39,8.22,10.17
68903,12,23,11,2014,-3.0075,11.14,7.35,9.82
68904,13,0,11,2014,-3.1933333333333334,10.93,7.29,9.6
68905,13,1,11,2014,-3.2083333333333335,11.12,7.52,9.74
68906,13,2,11,2014,-3.2908333333333335,10.39,7.21,9.18
68907,13,3,11,2014,-3.1425,10.03,7.08,8.77
68908,13,4,11,2014,-3.249166666666667,10.8,7.37,9.49
68909,13,5,11,2014,-3.3074999999999997,10.5,7.27,9.24
68910,13,6,11,2014,-3.3691666666666666,9.92,6.8500000000000005,8.71
68911,13,7,11,2014,-3.450833333333333,9.85,6.92,8.68
68912,13,8,11,2014,-3.4708333333333328,9.0,6.46,7.95
68913,13,9,11,2014,-3.454166666666667,9.5,6.58,8.32
68914,13,10,11,2014,-3.4700000000000006,9.97,6.88,8.76
68915,13,11,11,2014,-3.4058333333333333,8.78,6.11,7.78
68916,13,12,11,2014,-3.543333333333333,8.83,6.24,7.82
68917,13,13,11,2014,-3.510833333333333,9.81,6.57,8.63
68918,13,14,11,2014,-3.485833333333334,10.81,7.21,9.48
68919,13,15,11,2014,-2.8816666666666664,8.91,7.07,8.23
68920,13,16,11,2014,-2.3325,9.27,7.5,8.65
68921,13,17,11,2014,-1.8458333333333332,8.84,7.31,8.31
68922,13,18,11,2014,-1.43,8.72,7.25,8.22
68923,13,19,11,2014,-1.0508333333333333,8.17,6.86,7.78
68924,13,20,11,2014,-1.0258333333333336,8.02,6.74,7.63
68925,13,21,11,2014,-1.0633333333333332,7.7,6.19,7.21
68926,13,22,11,2014,-1.33,6.87,5.24,6.12
68927,13,23,11,2014,-1.4233333333333331,7.18,5.04,6.33
68928,14,0,11,2014,-1.4191666666666667,5.33,3.96,4.8100000000000005
68929,14,1,11,2014,-1.4400000000000002,5.47,4.08,4.98
68930,14,2,11,2014,-1.5149999999999997,5.36,3.93,4.86
68931,14,3,11,2014,-1.571666666666667,5.1000000000000005,3.71,4.61
68932,14,4,11,2014,-1.6183333333333332,3.81,2.98,3.48
68933,14,5,11,2014,-1.6400000000000003,3.4,2.76,3.17
68934,14,6,11,2014,-1.6541666666666668,3.0700000000000003,2.53,2.87
68935,14,7,11,2014,-1.6666666666666667,2.84,2.36,2.67
68936,14,8,11,2014,-1.6899999999999997,2.27,1.96,2.16
68937,14,9,11,2014,-1.7166666666666668,1.67,1.5,1.61
68938,14,10,11,2014,-1.7491666666666668,1.13,1.06,1.1
68939,14,11,11,2014,-1.7925000000000002,0.74,0.74,0.74
68940,14,12,11,2014,-1.7583333333333335,0.74,0.73,0.73
68941,14,13,11,2014,-1.6541666666666668,1.37,1.25,1.32
68942,14,14,11,2014,-1.4675,1.81,1.68,1.74
68943,14,15,11,2014,-1.05,2.65,2.46,2.56
68944,14,16,11,2014,-0.49416666666666664,2.7,2.53,2.62
68945,14,17,11,2014,0.075,3.28,3.17,3.28
68946,14,18,11,2014,0.7058333333333334,3.81,3.54,3.72
68947,14,19,11,2014,1.1941666666666666,5.11,4.63,5.01
68948,14,20,11,2014,1.5208333333333333,5.58,4.9,5.41
68949,14,21,11,2014,1.5799999999999998,5.12,4.25,4.84
68950,14,22,11,2014,1.4533333333333334,5.58,4.47,5.21
68951,14,23,11,2014,1.4066666666666665,6.28,4.59,5.63
68952,15,0,11,2014,1.4833333333333334,5.82,4.23,5.16
68953,15,1,11,2014,1.5108333333333333,6.16,4.33,5.38
68954,15,2,11,2014,1.5925,6.13,4.34,5.4
68955,15,3,11,2014,1.6524999999999999,6.37,4.48,5.58
68956,15,4,11,2014,1.6591666666666665,7.41,4.83,6.34
68957,15,5,11,2014,1.6499999999999997,7.67,4.94,6.55
68958,15,6,11,2014,1.6233333333333333,8.36,5.28,7.11
68959,15,7,11,2014,1.5966666666666667,8.42,5.26,7.0200000000000005
68960,15,8,11,2014,1.5575000000000003,8.41,5.33,7.04
68961,15,9,11,2014,1.4958333333333333,8.26,5.2,7.0
68962,15,10,11,2014,1.450833333333333,8.67,5.37,7.28
68963,15,11,11,2014,1.4799999999999998,8.790000000000001,5.47,7.36
68964,15,12,11,2014,1.5174999999999998,8.86,5.19,7.37
68965,15,13,11,2014,1.4716666666666665,8.19,5.1000000000000005,6.9
68966,15,14,11,2014,1.675,9.76,6.99,8.69
68967,15,15,11,2014,0.5658333333333334,10.08,7.9,9.27
68968,15,16,11,2014,-0.3625000000000001,8.99,6.78,8.120000000000001
68969,15,17,11,2014,-0.2558333333333333,8.96,6.92,8.1
68970,15,18,11,2014,0.06,8.43,6.55,7.69
68971,15,19,11,2014,0.4058333333333333,7.56,5.82,6.74
68972,15,20,11,2014,0.6866666666666665,7.07,5.08,6.08
68973,15,21,11,2014,0.8433333333333333,6.79,4.79,5.87
68974,15,22,11,2014,0.7083333333333334,6.29,3.96,5.26
68975,15,23,11,2014,0.32749999999999996,5.75,3.33,4.68
68976,16,0,11,2014,0.3483333333333334,5.22,3.29,4.33
68977,16,1,11,2014,0.39916666666666667,5.64,3.35,4.57
68978,16,2,11,2014,0.445,5.0,3.09,4.09
68979,16,3,11,2014,0.3974999999999999,4.21,2.74,3.5
68980,16,4,11,2014,0.39999999999999997,4.3100000000000005,2.66,3.52
68981,16,5,11,2014,0.5100000000000001,4.94,3.06,4.1
68982,16,6,11,2014,0.06999999999999998,10.84,6.23,9.2
68983,16,7,11,2014,-1.2533333333333332,11.33,6.5600000000000005,9.53
68984,16,8,11,2014,-1.5175000000000003,10.27,6.2700000000000005,8.92
68985,16,9,11,2014,-2.2291666666666665,9.7,5.57,8.22
68986,16,10,11,2014,-2.555,9.29,4.89,7.76
68987,16,11,11,2014,-2.611666666666667,8.36,4.32,6.93
68988,16,12,11,2014,-2.7758333333333334,8.1,4.0600000000000005,6.61
68989,16,13,11,2014,-2.9375,8.22,4.21,6.78
68990,16,14,11,2014,-2.7733333333333334,7.45,4.55,6.18
68991,16,15,11,2014,-2.445,7.27,5.1000000000000005,6.38
68992,16,16,11,2014,-1.8591666666666666,6.97,5.37,6.34
68993,16,17,11,2014,-1.2358333333333336,6.66,5.26,6.13
68994,16,18,11,2014,-0.6058333333333333,7.47,5.75,6.8100000000000005
68995,16,19,11,2014,-0.06666666666666665,7.61,5.86,6.99
68996,16,20,11,2014,0.08666666666666667,9.24,6.3100000000000005,8.03
68997,16,21,11,2014,-0.17583333333333337,10.09,6.42,8.65
68998,16,22,11,2014,-0.49,9.14,5.58,7.63
68999,16,23,11,2014,-0.7466666666666666,10.82,5.9,9.0
69000,17,0,11,2014,-1.0625,10.18,5.54,8.42
69001,17,1,11,2014,-1.3166666666666667,10.01,5.09,7.99
69002,17,2,11,2014,-1.7,10.42,5.24,8.35
69003,17,3,11,2014,-1.9625000000000001,14.85,7.52,12.3
69004,17,4,11,2014,-3.985833333333334,17.44,8.92,14.7
69005,17,5,11,2014,-5.660833333333334,14.35,7.54,12.0
69006,17,6,11,2014,-5.9125000000000005,14.56,7.0600000000000005,12.09
69007,17,7,11,2014,-5.7875000000000005,13.73,7.34,11.47
69008,17,8,11,2014,-5.971666666666667,15.09,8.33,12.74
69009,17,9,11,2014,-6.699166666666667,16.67,8.74,14.04
69010,17,10,11,2014,-6.7075,13.64,7.44,11.45
69011,17,11,11,2014,-6.66,14.49,7.84,12.09
69012,17,12,11,2014,-7.1225,14.73,8.92,12.61
69013,17,13,11,2014,-8.004166666666665,11.94,7.76,10.4
69014,17,14,11,2014,-8.251666666666667,12.36,8.5,10.81
69015,17,15,11,2014,-8.514999999999999,14.15,10.18,12.54
69016,17,16,11,2014,-8.299999999999999,17.26,12.07,15.37
69017,17,17,11,2014,-8.489166666666666,16.16,11.29,14.33
69018,17,18,11,2014,-7.959166666666667,14.23,10.46,12.77
69019,17,19,11,2014,-7.553333333333334,14.69,10.52,13.13
69020,17,20,11,2014,-7.545833333333333,16.79,11.71,15.07
69021,17,21,11,2014,-7.3525,11.88,8.35,10.44
69022,17,22,11,2014,-7.6450000000000005,12.89,7.96,10.86
69023,17,23,11,2014,-7.997500000000001,13.28,6.96,11.02
69024,18,0,11,2014,-8.075000000000001,11.75,6.0200000000000005,9.77
69025,18,1,11,2014,-8.224166666666667,12.94,7.35,10.88
69026,18,2,11,2014,-8.633333333333335,12.13,6.96,10.14
69027,18,3,11,2014,-8.668333333333333,10.17,5.51,8.49
69028,18,4,11,2014,-8.52,8.63,4.82,7.13
69029,18,5,11,2014,-8.612500000000002,9.36,5.38,7.71
69030,18,6,11,2014,-8.823333333333332,10.82,5.93,9.0
69031,18,7,11,2014,-8.884166666666667,11.51,6.2700000000000005,9.53
69032,18,8,11,2014,-8.520000000000001,9.13,5.32,7.54
69033,18,9,11,2014,-8.281666666666668,8.41,5.19,7.0200000000000005
69034,18,10,11,2014,-8.166666666666666,7.53,4.59,6.26
69035,18,11,11,2014,-8.210833333333333,8.93,4.74,7.49
69036,18,12,11,2014,-8.310833333333333,9.5,5.4,7.98
69037,18,13,11,2014,-8.857500000000002,9.49,5.5,7.98
69038,18,14,11,2014,-8.430000000000001,6.98,4.87,5.8
69039,18,15,11,2014,-7.084166666666668,6.9,5.4,6.29
69040,18,16,11,2014,-5.535,6.5600000000000005,5.28,6.05
69041,18,17,11,2014,-4.168333333333334,6.17,5.0600000000000005,5.71
69042,18,18,11,2014,-2.6574999999999998,7.73,6.16,7.13
69043,18,19,11,2014,-1.4983333333333333,8.01,6.26,7.34
69044,18,20,11,2014,-0.9025000000000002,8.07,6.13,7.31
69045,18,21,11,2014,-0.5808333333333334,7.76,5.66,6.88
69046,18,22,11,2014,-1.0733333333333335,8.61,4.7,6.69
69047,18,23,11,2014,-1.6183333333333332,9.97,4.75,7.83
69048,19,0,11,2014,-1.1041666666666665,11.28,5.23,9.05
69049,19,1,11,2014,-0.43583333333333335,11.88,5.58,9.08
69050,19,2,11,2014,0.034166666666666665,13.01,6.19,10.02
69051,19,3,11,2014,1.2500000000000002,13.68,6.67,10.41
69052,19,4,11,2014,2.146666666666667,14.31,6.94,10.94
69053,19,5,11,2014,2.5483333333333333,14.18,6.8,10.85
69054,19,6,11,2014,2.2625,14.0,6.58,10.71
69055,19,7,11,2014,1.6025,12.78,5.62,9.93
69056,19,8,11,2014,1.2008333333333334,13.73,5.46,9.99
69057,19,9,11,2014,0.6716666666666665,13.99,5.46,10.27
69058,19,10,11,2014,-0.34,14.07,5.2700000000000005,10.6
69059,19,11,11,2014,-2.015833333333333,14.32,5.48,10.86
69060,19,12,11,2014,-3.655,13.34,5.61,10.36
69061,19,13,11,2014,-5.075833333333333,13.35,5.36,10.26
69062,19,14,11,2014,-4.835000000000001,13.34,6.93,10.77
69063,19,15,11,2014,-4.253333333333333,12.54,7.12,10.63
69064,19,16,11,2014,-3.8100000000000005,10.64,7.04,9.31
69065,19,17,11,2014,-3.01,9.2,7.11,8.36
69066,19,18,11,2014,-2.6291666666666673,9.27,7.15,8.42
69067,19,19,11,2014,-2.2358333333333333,9.06,7.04,8.27
69068,19,20,11,2014,-1.9275,8.44,6.5600000000000005,7.75
69069,19,21,11,2014,-2.12,8.56,6.1000000000000005,7.55
69070,19,22,11,2014,-3.6199999999999997,9.98,4.16,7.9300000000000015
69071,19,23,11,2014,-4.8175,9.92,4.17,8.01
69072,20,0,11,2014,-5.66,7.82,3.31,6.53
69073,20,1,11,2014,-5.88,7.29,3.0700000000000003,5.63
69074,20,2,11,2014,-6.260833333333333,6.43,2.27,4.0600000000000005
69075,20,3,11,2014,-6.2924999999999995,6.54,2.22,4.29
69076,20,4,11,2014,-6.525833333333334,5.29,1.99,3.67
69077,20,5,11,2014,-6.535000000000001,3.61,1.97,2.61
69078,20,6,11,2014,-6.564999999999999,3.23,2.24,2.92
69079,20,7,11,2014,-6.474999999999999,3.2,2.06,2.92
69080,20,8,11,2014,-6.515,2.2,1.36,2.04
69081,20,9,11,2014,-6.3175,1.24,1.93,1.93
69082,20,10,11,2014,-6.164166666666667,2.94,1.5,2.4
69083,20,11,11,2014,-6.239999999999999,2.97,1.56,2.45
69084,20,12,11,2014,-6.384166666666668,1.71,1.1,1.4
69085,20,13,11,2014,-6.256666666666667,1.74,1.17,1.46
69086,20,14,11,2014,-5.433333333333334,1.44,0.71,1.09
69087,20,15,11,2014,-4.485833333333335,1.17,1.2,1.16
69088,20,16,11,2014,-3.519166666666667,1.33,1.37,1.33
69089,20,17,11,2014,-2.6300000000000003,1.38,1.42,1.39
69090,20,18,11,2014,-1.845,1.02,1.03,0.99
69091,20,19,11,2014,-1.080833333333333,0.74,0.81,0.77
69092,20,20,11,2014,-0.39166666666666666,1.5,1.42,1.48
69093,20,21,11,2014,-0.23750000000000002,2.39,1.85,2.33
69094,20,22,11,2014,-1.4016666666666664,3.93,2.51,3.72
69095,20,23,11,2014,-2.2925,4.9,2.78,4.39
69096,21,0,11,2014,-2.7875,5.5600000000000005,2.32,4.26
69097,21,1,11,2014,-2.973333333333333,6.29,2.47,4.71
69098,21,2,11,2014,-3.1374999999999993,6.78,2.76,5.12
69099,21,3,11,2014,-3.2341666666666664,7.31,2.9,5.45
69100,21,4,11,2014,-3.2991666666666664,7.85,3.38,6.09
69101,21,5,11,2014,-3.285,8.01,3.5700000000000003,6.1400000000000015
69102,21,6,11,2014,-3.26,8.08,3.61,6.1400000000000015
69103,21,7,11,2014,-3.250833333333333,8.4,4.12,6.71
69104,21,8,11,2014,-3.2975,8.44,4.0200000000000005,6.82
69105,21,9,11,2014,-3.345,8.56,4.07,6.9
69106,21,10,11,2014,-3.3458333333333328,8.82,4.16,7.1400000000000015
69107,21,11,11,2014,-3.2524999999999995,9.11,4.39,7.41
69108,21,12,11,2014,-3.1391666666666667,9.32,4.3100000000000005,7.43
69109,21,13,11,2014,-2.9791666666666665,9.71,4.5,7.79
69110,21,14,11,2014,-2.3366666666666664,9.44,5.3500000000000005,7.7
69111,21,15,11,2014,-0.8841666666666667,9.19,5.76,7.69
69112,21,16,11,2014,0.9450000000000002,8.620000000000001,5.91,7.44
69113,21,17,11,2014,2.754166666666667,7.85,5.71,6.8900000000000015
69114,21,18,11,2014,4.156666666666667,7.9300000000000015,5.82,7.05
69115,21,19,11,2014,3.920833333333333,8.19,5.76,6.98
69116,21,20,11,2014,2.155,8.4,4.38,6.8500000000000005
69117,21,21,11,2014,1.4649999999999999,8.73,4.5,6.99
69118,21,22,11,2014,0.8933333333333332,8.700000000000001,4.41,6.9
69119,21,23,11,2014,1.1491666666666667,9.15,4.63,7.28
69120,22,0,11,2014,1.440833333333333,7.85,3.58,6.2
69121,22,1,11,2014,1.7391666666666665,7.88,3.67,6.21
69122,22,2,11,2014,2.0408333333333335,7.52,3.58,5.69
69123,22,3,11,2014,2.3850000000000002,7.38,3.27,5.32
69124,22,4,11,2014,2.4324999999999997,7.07,1.74,4.18
69125,22,5,11,2014,3.359166666666667,8.91,4.03,6.7
69126,22,6,11,2014,4.2924999999999995,10.1,4.5,7.15
69127,22,7,11,2014,5.1000000000000005,11.41,5.39,8.56
69128,22,8,11,2014,5.593333333333333,11.4,5.4,8.58
69129,22,9,11,2014,5.880833333333334,10.68,4.9,8.05
69130,22,10,11,2014,5.979166666666667,11.23,5.19,8.18
69131,22,11,11,2014,6.140000000000001,11.68,5.37,8.52
69132,22,12,11,2014,6.537500000000001,11.55,5.08,8.48
69133,22,13,11,2014,7.153333333333333,10.93,5.08,8.33
69134,22,14,11,2014,7.6875,11.05,5.3100000000000005,8.49
69135,22,15,11,2014,8.909166666666666,11.65,5.65,8.77
69136,22,16,11,2014,9.85416666666667,10.13,5.32,7.98
69137,22,17,11,2014,10.638333333333334,10.23,4.96,8.02
69138,22,18,11,2014,12.285000000000002,10.3,5.65,8.3
69139,22,19,11,2014,14.334999999999999,10.32,5.89,8.2
69140,22,20,11,2014,16.59166666666667,9.56,6.15,7.94
69141,22,21,11,2014,16.57,13.4,6.96,10.92
69142,22,22,11,2014,14.620833333333332,15.98,8.25,12.9
69143,22,23,11,2014,13.933333333333332,15.99,8.2,12.77
69144,23,0,11,2014,13.570833333333333,16.71,8.71,13.52
69145,23,1,11,2014,13.381666666666666,17.240000000000002,8.96,13.93
69146,23,2,11,2014,13.375833333333334,17.36,9.07,14.04
69147,23,3,11,2014,13.186666666666667,17.330000000000002,9.01,14.02
69148,23,4,11,2014,13.041666666666666,16.52,8.790000000000001,13.43
69149,23,5,11,2014,12.853333333333333,15.95,8.19,12.81
69150,23,6,11,2014,12.658333333333333,15.97,8.18,12.88
69151,23,7,11,2014,12.453333333333333,15.17,7.94,12.26
69152,23,8,11,2014,12.273333333333335,14.8,7.71,12.0
69153,23,9,11,2014,12.207500000000001,14.76,7.61,11.95
69154,23,10,11,2014,12.125000000000002,14.42,7.73,11.77
69155,23,11,11,2014,12.115,14.82,8.040000000000001,12.16
69156,23,12,11,2014,12.102500000000001,14.33,7.83,11.75
69157,23,13,11,2014,11.907499999999999,12.85,6.59,10.28
69158,23,14,11,2014,11.693333333333333,8.56,2.5,5.73
69159,23,15,11,2014,12.225,7.61,3.31,5.42
69160,23,16,11,2014,14.0925,6.36,4.75,5.36
69161,23,17,11,2014,15.209999999999999,7.17,6.13,7.03
69162,23,18,11,2014,9.33,14.63,10.34,12.85
69163,23,19,11,2014,8.7325,16.57,10.13,14.06
69164,23,20,11,2014,8.548333333333334,17.11,9.73,14.42
69165,23,21,11,2014,7.738333333333333,18.6,9.9,15.46
69166,23,22,11,2014,6.743333333333335,17.34,9.28,14.45
69167,23,23,11,2014,6.074166666666667,14.54,8.14,12.12
69168,24,0,11,2014,6.193333333333334,13.3,7.67,11.24
69169,24,1,11,2014,6.6575,19.14,10.08,15.71
69170,24,2,11,2014,5.815,18.56,9.25,15.1
69171,24,3,11,2014,4.812499999999999,19.07,9.43,15.66
69172,24,4,11,2014,4.1825,20.04,10.28,16.57
69173,24,5,11,2014,3.5941666666666663,17.84,9.27,14.73
69174,24,6,11,2014,2.9875000000000003,18.95,9.67,15.68
69175,24,7,11,2014,2.325833333333333,19.09,9.85,15.82
69176,24,8,11,2014,1.8208333333333329,19.31,9.82,16.05
69177,24,9,11,2014,0.8566666666666666,18.92,9.78,15.75
69178,24,10,11,2014,0.25333333333333335,15.81,8.02,13.1
69179,24,11,11,2014,-0.3383333333333334,15.61,8.02,12.93
69180,24,12,11,2014,-0.8141666666666666,15.14,7.78,12.52
69181,24,13,11,2014,-1.0691666666666666,14.61,7.59,12.14
69182,24,14,11,2014,-0.9666666666666667,13.62,8.8,11.45
69183,24,15,11,2014,-0.4116666666666667,13.26,9.67,11.79
69184,24,16,11,2014,0.18583333333333338,13.87,10.24,12.36
69185,24,17,11,2014,0.7991666666666667,13.58,10.2,12.22
69186,24,18,11,2014,1.5108333333333333,12.94,9.85,11.71
69187,24,19,11,2014,2.09,12.07,9.22,10.94
69188,24,20,11,2014,2.3091666666666666,12.99,9.35,11.54
69189,24,21,11,2014,2.1466666666666665,12.27,8.76,10.8
69190,24,22,11,2014,1.7358333333333331,11.1,7.44,9.44
69191,24,23,11,2014,1.2316666666666667,14.27,6.8900000000000015,11.7
69192,25,0,11,2014,0.8916666666666666,14.91,7.34,12.17
69193,25,1,11,2014,0.6608333333333334,15.08,7.47,12.31
69194,25,2,11,2014,0.42500000000000004,14.87,7.18,12.07
69195,25,3,11,2014,0.20583333333333328,12.31,5.84,9.93
69196,25,4,11,2014,-0.03916666666666667,11.46,5.76,9.25
69197,25,5,11,2014,-0.22166666666666665,11.85,6.29,9.83
69198,25,6,11,2014,-0.45,12.05,6.28,9.99
69199,25,7,11,2014,-0.5083333333333333,11.2,5.64,9.18
69200,25,8,11,2014,-0.5308333333333334,9.24,4.49,7.44
69201,25,9,11,2014,-0.5225,8.84,3.88,6.8500000000000005
69202,25,10,11,2014,-0.44,7.59,3.74,6.08
69203,25,11,11,2014,-0.32,6.61,3.23,5.28
69204,25,12,11,2014,-0.1625,5.7,2.91,4.54
69205,25,13,11,2014,0.020833333333333332,5.51,2.63,4.26
69206,25,14,11,2014,0.435,4.22,2.5,3.35
69207,25,15,11,2014,1.5058333333333334,3.54,3.0500000000000003,3.33
69208,25,16,11,2014,2.9183333333333334,4.34,3.73,4.07
69209,25,17,11,2014,4.3425,5.26,4.44,4.92
69210,25,18,11,2014,5.531666666666667,5.67,4.74,5.32
69211,25,19,11,2014,6.474166666666666,6.59,5.2700000000000005,6.09
69212,25,20,11,2014,7.2491666666666665,6.92,5.32,6.28
69213,25,21,11,2014,7.319166666666667,7.87,5.38,6.76
69214,25,22,11,2014,7.040833333333333,8.73,4.76,7.07
69215,25,23,11,2014,6.748333333333332,10.25,5.48,8.290000000000001
69216,26,0,11,2014,6.5683333333333325,12.37,6.8100000000000005,10.25
69217,26,1,11,2014,6.803333333333334,12.8,7.04,10.49
69218,26,2,11,2014,6.875833333333333,14.08,8.74,11.93
69219,26,3,11,2014,7.166666666666665,14.9,8.16,12.38
69220,26,4,11,2014,7.675833333333332,15.09,8.620000000000001,12.5
69221,26,5,11,2014,8.041666666666666,17.080000000000002,8.85,14.5
69222,26,6,11,2014,7.338333333333332,18.23,10.5,15.27
69223,26,7,11,2014,7.8933333333333335,16.37,9.82,14.25
69224,26,8,11,2014,7.7725,11.83,6.8500000000000005,9.47
69225,26,9,11,2014,6.452500000000001,11.36,5.34,8.28
69226,26,10,11,2014,6.12,12.01,4.34,8.83
69227,26,11,11,2014,6.04,13.4,6.7,10.92
69228,26,12,11,2014,5.445,16.29,7.99,13.31
69229,26,13,11,2014,4.7675,17.97,9.08,14.86
69230,26,14,11,2014,4.465833333333332,17.69,9.05,14.66
69231,26,15,11,2014,4.0841666666666665,14.07,9.28,12.27
69232,26,16,11,2014,3.5408333333333335,14.27,9.87,12.59
69233,26,17,11,2014,2.794166666666667,13.92,9.79,12.33
69234,26,18,11,2014,2.948333333333333,13.55,9.67,12.03
69235,26,19,11,2014,3.6916666666666664,14.74,10.17,12.96
69236,26,20,11,2014,3.1766666666666663,15.96,10.52,13.98
69237,26,21,11,2014,2.5066666666666664,15.3,10.2,13.32
69238,26,22,11,2014,1.715,15.26,9.93,13.21
69239,26,23,11,2014,1.2283333333333333,15.23,9.89,13.19
69240,27,0,11,2014,0.7225,14.62,9.77,12.79
69241,27,1,11,2014,0.21416666666666664,13.44,9.09,11.8
69242,27,2,11,2014,-0.15,14.07,9.12,12.31
69243,27,3,11,2014,-0.6191666666666666,13.16,8.73,11.59
69244,27,4,11,2014,-1.0366666666666666,12.01,7.75,10.4
69245,27,5,11,2014,-1.3416666666666666,10.52,6.46,9.04
69246,27,6,11,2014,-1.4266666666666665,9.02,5.63,7.81
69247,27,7,11,2014,-1.6033333333333333,7.9300000000000015,5.49,7.0200000000000005
69248,27,8,11,2014,-1.8649999999999995,7.6400000000000015,4.78,6.67
69249,27,9,11,2014,-1.9441666666666668,5.74,4.03,5.09
69250,27,10,11,2014,-2.044166666666667,5.45,3.89,4.91
69251,27,11,11,2014,-1.99,4.14,3.35,3.86
69252,27,12,11,2014,-2.1158333333333332,4.43,3.44,4.05
69253,27,13,11,2014,-2.1383333333333328,4.46,3.45,4.08
69254,27,14,11,2014,-2.1025,3.06,2.36,2.75
69255,27,15,11,2014,-2.1074999999999995,1.64,1.51,1.54
69256,27,16,11,2014,-1.7850000000000001,0.58,0.6,0.56
69257,27,17,11,2014,-0.6616666666666666,1.65,1.54,1.54
69258,27,18,11,2014,0.735,2.83,2.71,2.78
69259,27,19,11,2014,1.8608333333333336,4.26,3.81,4.1
69260,27,20,11,2014,2.720833333333333,5.87,4.87,5.48
69261,27,21,11,2014,3.0483333333333325,6.65,5.08,6.04
69262,27,22,11,2014,2.9158333333333335,7.15,4.92,5.98
69263,27,23,11,2014,2.793333333333333,8.01,4.08,6.49
69264,28,0,11,2014,2.8174999999999994,9.38,4.8500000000000005,7.68
69265,28,1,11,2014,2.9941666666666666,9.57,5.12,7.9
69266,28,2,11,2014,3.091666666666667,11.51,5.8100000000000005,9.35
69267,28,3,11,2014,3.6116666666666664,13.34,6.96,10.99
69268,28,4,11,2014,3.881666666666666,13.34,6.88,10.96
69269,28,5,11,2014,4.2475,14.6,7.51,11.92
69270,28,6,11,2014,4.629166666666667,15.65,8.25,12.82
69271,28,7,11,2014,5.0249999999999995,16.080000000000002,8.39,13.17
69272,28,8,11,2014,5.304166666666666,16.23,8.84,13.42
69273,28,9,11,2014,5.6499999999999995,16.13,8.96,13.39
69274,28,10,11,2014,6.203333333333333,15.79,8.85,13.08
69275,28,11,11,2014,6.719166666666667,15.51,8.44,12.69
69276,28,12,11,2014,6.976666666666666,15.42,8.16,12.52
69277,28,13,11,2014,7.069999999999999,15.6,8.67,12.81
69278,28,14,11,2014,7.618333333333332,15.67,9.08,13.17
69279,28,15,11,2014,9.168333333333335,15.54,9.96,13.14
69280,28,16,11,2014,10.7525,14.06,9.82,12.38
69281,28,17,11,2014,12.4675,11.76,8.49,10.4
69282,28,18,11,2014,13.916666666666666,10.19,7.61,9.07
69283,28,19,11,2014,15.026666666666666,10.39,7.76,9.31
69284,28,20,11,2014,15.556666666666667,10.27,7.28,9.02
69285,28,21,11,2014,15.234166666666665,12.04,7.31,10.0
69286,28,22,11,2014,14.040833333333333,13.28,6.93,10.54
69287,28,23,11,2014,13.245,15.54,8.0,12.33
69288,29,0,11,2014,12.584999999999999,17.11,9.09,13.8
69289,29,1,11,2014,12.262500000000001,16.97,9.18,13.76
69290,29,2,11,2014,11.750000000000002,16.34,8.81,13.13
69291,29,3,11,2014,11.323333333333332,16.27,8.74,13.06
69292,29,4,11,2014,10.96,16.86,9.03,13.46
69293,29,5,11,2014,10.645833333333334,16.86,9.06,13.46
69294,29,6,11,2014,10.084166666666668,16.02,8.76,12.68
69295,29,7,11,2014,9.5825,14.8,8.24,11.87
69296,29,8,11,2014,9.272499999999999,15.45,8.67,12.42
69297,29,9,11,2014,8.970833333333331,15.51,8.73,12.37
69298,29,10,11,2014,8.614166666666666,15.12,8.68,12.36
69299,29,11,11,2014,8.178333333333333,15.2,8.71,12.61
69300,29,12,11,2014,7.851666666666667,14.83,8.59,12.01
69301,29,13,11,2014,7.444166666666667,14.95,8.63,12.24
69302,29,14,11,2014,7.927499999999999,14.54,8.46,12.12
69303,29,15,11,2014,9.624166666666666,13.16,8.53,11.35
69304,29,16,11,2014,11.737499999999999,11.38,8.46,10.13
69305,29,17,11,2014,13.72,9.44,7.3900000000000015,8.61
69306,29,18,11,2014,14.8675,5.51,4.46,4.99
69307,29,19,11,2014,15.85666666666667,4.76,3.96,4.36
69308,29,20,11,2014,16.223333333333333,4.79,3.83,4.39
69309,29,21,11,2014,15.620833333333335,5.55,3.89,4.6000000000000005
69310,29,22,11,2014,13.660000000000002,7.6400000000000015,4.04,5.95
69311,29,23,11,2014,12.230833333333337,9.98,5.14,7.95
69312,30,0,11,2014,11.935833333333335,11.56,6.0,9.35
69313,30,1,11,2014,11.455833333333333,12.58,6.73,9.96
69314,30,2,11,2014,10.777500000000002,12.49,6.63,9.88
69315,30,3,11,2014,10.022499999999999,11.69,6.16,9.37
69316,30,4,11,2014,8.801666666666666,10.94,5.19,8.42
69317,30,5,11,2014,7.223333333333333,7.56,2.76,5.0200000000000005
69318,30,6,11,2014,6.508333333333334,4.19,2.56,3.15
69319,30,7,11,2014,6.452500000000001,2.85,1.14,1.77
69320,30,8,11,2014,5.91,4.53,1.56,2.8000000000000003
69321,30,9,11,2014,4.9558333333333335,6.25,3.11,5.05
69322,30,10,11,2014,3.7791666666666655,9.92,5.0600000000000005,8.370000000000001
69323,30,11,11,2014,2.3400000000000003,11.75,7.15,9.71
69324,30,12,11,2014,1.6499999999999997,13.32,7.79,11.33
69325,30,13,11,2014,1.1916666666666667,14.08,9.41,12.44
69326,30,14,11,2014,-1.0925,15.14,9.79,13.26
69327,30,15,11,2014,-1.6825,14.83,9.8,13.06
69328,30,16,11,2014,-1.6241666666666663,13.85,10.14,12.5
69329,30,17,11,2014,-1.4649999999999999,13.3,10.14,12.16
69330,30,18,11,2014,-1.1333333333333333,12.66,9.9,11.73
69331,30,19,11,2014,-1.0550000000000002,11.48,9.2,10.67
69332,30,20,11,2014,-1.6391666666666664,12.04,9.35,11.1
69333,30,21,11,2014,-2.478333333333333,11.83,8.76,10.84
69334,30,22,11,2014,-3.6133333333333333,11.54,7.91,10.21
69335,30,23,11,2014,-4.5841666666666665,12.82,8.45,11.56
69336,1,0,12,2014,-5.458333333333335,12.58,8.15,11.08
69337,1,1,12,2014,-6.118333333333333,13.0,8.43,11.52
69338,1,2,12,2014,-6.693333333333334,12.73,8.540000000000001,11.33
69339,1,3,12,2014,-7.2575,13.37,9.11,11.93
69340,1,4,12,2014,-7.570000000000001,13.45,9.13,12.01
69341,1,5,12,2014,-7.890833333333333,12.13,8.47,10.79
69342,1,6,12,2014,-8.338333333333333,12.04,8.26,10.64
69343,1,7,12,2014,-8.838333333333333,12.1,8.09,10.6
69344,1,8,12,2014,-9.0675,11.73,7.79,10.29
69345,1,9,12,2014,-9.228333333333333,11.45,7.62,10.06
69346,1,10,12,2014,-9.368333333333334,10.87,7.46,9.62
69347,1,11,12,2014,-9.63,10.03,6.92,8.88
69348,1,12,12,2014,-9.897499999999999,9.93,6.8900000000000015,8.85
69349,1,13,12,2014,-10.041666666666666,9.19,6.41,8.22
69350,1,14,12,2014,-9.9675,9.08,6.42,8.18
69351,1,15,12,2014,-9.334166666666667,7.5,6.23,7.0
69352,1,16,12,2014,-8.510833333333336,7.22,6.1000000000000005,6.8
69353,1,17,12,2014,-7.657499999999999,6.65,5.7700000000000005,6.32
69354,1,18,12,2014,-6.809166666666667,5.7,5.0600000000000005,5.45
69355,1,19,12,2014,-6.114166666666667,5.19,4.64,4.97
69356,1,20,12,2014,-5.765000000000001,4.5600000000000005,4.1,4.38
69357,1,21,12,2014,-5.745,3.92,3.54,3.79
69358,1,22,12,2014,-6.093333333333334,3.67,3.15,3.52
69359,1,23,12,2014,-6.406666666666667,3.66,2.81,3.38
69360,2,0,12,2014,-6.478333333333334,3.58,2.57,3.24
69361,2,1,12,2014,-6.543333333333333,4.04,2.71,3.54
69362,2,2,12,2014,-6.650000000000001,4.58,2.94,4.01
69363,2,3,12,2014,-6.710833333333333,5.2700000000000005,3.25,4.55
69364,2,4,12,2014,-6.745,6.51,3.88,5.64
69365,2,5,12,2014,-6.7425,6.5,4.01,5.58
69366,2,6,12,2014,-6.690833333333333,6.95,4.34,5.98
69367,2,7,12,2014,-6.596666666666668,6.8500000000000005,4.32,5.88
69368,2,8,12,2014,-6.3758333333333335,7.78,4.8500000000000005,6.5
69369,2,9,12,2014,-6.096666666666667,8.35,5.23,7.17
69370,2,10,12,2014,-5.963333333333334,8.53,5.34,7.32
69371,2,11,12,2014,-5.810833333333332,8.6,5.37,7.32
69372,2,12,12,2014,-5.703333333333333,9.0,5.67,7.66
69373,2,13,12,2014,-5.4675,9.15,5.76,7.74
69374,2,14,12,2014,-5.045833333333333,9.31,6.05,8.040000000000001
69375,2,15,12,2014,-4.194166666666667,9.74,6.48,8.47
69376,2,16,12,2014,-3.0908333333333338,9.95,6.82,8.72
69377,2,17,12,2014,-1.7874999999999999,10.05,7.09,8.870000000000003
69378,2,18,12,2014,-0.5625,9.87,7.07,8.72
69379,2,19,12,2014,0.47666666666666657,9.91,7.04,8.71
69380,2,20,12,2014,1.1133333333333333,10.06,6.88,8.71
69381,2,21,12,2014,1.3325,9.96,6.48,8.540000000000001
69382,2,22,12,2014,0.8733333333333334,8.99,3.71,6.72
69383,2,23,12,2014,0.5058333333333334,8.370000000000001,2.75,5.74
69384,3,0,12,2014,0.535,8.41,2.73,5.72
69385,3,1,12,2014,0.7816666666666666,8.6,3.97,6.47
69386,3,2,12,2014,1.1175000000000002,8.78,4.3500000000000005,6.75
69387,3,3,12,2014,1.2383333333333333,8.41,4.47,6.71
69388,3,4,12,2014,1.3466666666666667,8.09,4.46,6.5
69389,3,5,12,2014,1.4375,7.78,4.2700000000000005,6.47
69390,3,6,12,2014,1.2941666666666665,7.72,4.1,6.5
69391,3,7,12,2014,0.9849999999999999,8.06,4.2700000000000005,6.59
69392,3,8,12,2014,0.67,7.91,3.6,6.0200000000000005
69393,3,9,12,2014,0.6658333333333334,7.82,3.47,5.64
69394,3,10,12,2014,0.6383333333333333,8.19,3.38,5.47
69395,3,11,12,2014,0.5691666666666667,9.36,3.49,6.22
69396,3,12,12,2014,0.68,10.85,4.05,7.74
69397,3,13,12,2014,1.0291666666666666,11.37,4.59,8.290000000000001
69398,3,14,12,2014,1.1058333333333332,10.14,4.53,7.79
69399,3,15,12,2014,2.1391666666666667,8.74,4.22,6.86
69400,3,16,12,2014,2.954166666666667,5.97,5.0,5.57
69401,3,17,12,2014,3.7566666666666664,5.8100000000000005,4.93,5.45
69402,3,18,12,2014,4.3566666666666665,5.39,4.66,5.09
69403,3,19,12,2014,4.658333333333333,4.51,4.0200000000000005,4.3100000000000005
69404,3,20,12,2014,4.8025,3.95,3.54,3.83
69405,3,21,12,2014,4.530833333333333,4.24,3.69,4.1
69406,3,22,12,2014,4.0249999999999995,4.76,3.26,4.26
69407,3,23,12,2014,3.5691666666666664,5.55,2.85,4.51
69408,4,0,12,2014,3.2183333333333333,6.51,3.26,5.08
69409,4,1,12,2014,2.9175000000000004,6.99,3.5,5.74
69410,4,2,12,2014,2.5974999999999997,7.58,3.8,6.25
69411,4,3,12,2014,2.2625,7.75,3.9,6.4
69412,4,4,12,2014,1.945,8.1,4.05,6.69
69413,4,5,12,2014,1.6358333333333335,8.24,4.38,6.88
69414,4,6,12,2014,1.3858333333333333,7.96,4.13,6.61
69415,4,7,12,2014,1.2241666666666668,7.9300000000000015,4.33,6.6400000000000015
69416,4,8,12,2014,1.0875000000000001,8.07,4.26,6.71
69417,4,9,12,2014,0.9433333333333334,8.35,4.4,6.95
69418,4,10,12,2014,0.765,8.39,4.41,6.99
69419,4,11,12,2014,0.605,8.65,4.58,7.2
69420,4,12,12,2014,0.4616666666666665,9.24,4.99,7.7
69421,4,13,12,2014,0.4308333333333334,8.89,4.5200000000000005,7.28
69422,4,14,12,2014,0.6408333333333333,8.19,4.7700000000000005,6.74
69423,4,15,12,2014,1.4483333333333333,7.32,5.25,6.42
69424,4,16,12,2014,2.6625000000000005,6.66,5.3,6.09
69425,4,17,12,2014,3.8275000000000006,5.97,4.98,5.54
69426,4,18,12,2014,4.795,5.59,4.7700000000000005,5.24
69427,4,19,12,2014,5.610833333333335,5.3,4.59,5.01
69428,4,20,12,2014,6.060833333333334,5.25,4.48,4.96
69429,4,21,12,2014,6.0616666666666665,5.51,4.42,5.11
69430,4,22,12,2014,5.748333333333332,6.29,3.8,5.19
69431,4,23,12,2014,5.487500000000001,7.35,3.64,5.8500000000000005
69432,5,0,12,2014,5.333333333333333,7.54,3.69,5.95
69433,5,1,12,2014,4.853333333333334,7.79,4.03,6.4
69434,5,2,12,2014,4.644999999999999,8.41,4.34,6.9
69435,5,3,12,2014,4.568333333333333,8.68,4.5200000000000005,7.15
69436,5,4,12,2014,4.626666666666666,8.52,4.3100000000000005,6.86
69437,5,5,12,2014,4.715,7.6400000000000015,3.78,5.99
69438,5,6,12,2014,4.785833333333334,7.6400000000000015,3.62,5.89
69439,5,7,12,2014,4.855,8.2,4.17,6.36
69440,5,8,12,2014,4.910833333333334,8.0,4.03,6.2
69441,5,9,12,2014,4.9275,6.3900000000000015,3.09,5.0
69442,5,10,12,2014,4.955833333333334,6.66,3.02,5.22
69443,5,11,12,2014,5.073333333333333,6.73,3.5700000000000003,5.66
69444,5,12,12,2014,5.041666666666667,6.0200000000000005,2.59,4.72
69445,5,13,12,2014,4.869166666666666,5.79,2.37,4.43
69446,5,14,12,2014,4.894166666666666,5.76,2.53,4.57
69447,5,15,12,2014,4.979166666666667,4.84,2.61,4.21
69448,5,16,12,2014,5.88,5.01,2.75,4.36
69449,5,17,12,2014,7.113333333333334,3.17,1.73,2.41
69450,5,18,12,2014,7.928333333333334,0.89,1.09,1.01
69451,5,19,12,2014,8.619166666666667,2.04,2.03,2.06
69452,5,20,12,2014,8.986666666666668,2.62,2.44,2.59
69453,5,21,12,2014,8.408333333333333,2.58,2.4,2.5500000000000003
69454,5,22,12,2014,7.52,2.49,2.24,2.56
69455,5,23,12,2014,6.8566666666666665,2.98,2.39,2.77
69456,6,0,12,2014,6.321666666666666,3.69,2.63,3.09
69457,6,1,12,2014,5.924999999999998,4.38,2.84,3.48
69458,6,2,12,2014,5.580000000000001,4.84,3.06,3.79
69459,6,3,12,2014,5.3808333333333325,5.24,3.36,4.3
69460,6,4,12,2014,5.218333333333334,5.59,3.74,4.8500000000000005
69461,6,5,12,2014,4.95,6.41,4.36,5.58
69462,6,6,12,2014,4.5566666666666675,7.1000000000000005,4.72,6.2
69463,6,7,12,2014,4.090833333333333,7.36,4.9,6.44
69464,6,8,12,2014,3.606666666666667,7.56,4.9,6.6000000000000005
69465,6,9,12,2014,3.2208333333333328,7.57,4.94,6.62
69466,6,10,12,2014,2.9075,7.23,4.75,6.33
69467,6,11,12,2014,2.495,7.01,4.76,6.16
69468,6,12,12,2014,2.1950000000000003,7.01,4.74,6.16
69469,6,13,12,2014,1.9641666666666664,6.49,4.3500000000000005,5.73
69470,6,14,12,2014,1.821666666666667,6.09,4.3,5.42
69471,6,15,12,2014,1.8025000000000002,5.72,3.98,5.0600000000000005
69472,6,16,12,2014,1.8691666666666666,5.38,4.1,4.87
69473,6,17,12,2014,2.0974999999999997,4.93,3.99,4.54
69474,6,18,12,2014,2.529166666666667,3.93,3.34,3.67
69475,6,19,12,2014,3.081666666666667,3.88,3.35,3.64
69476,6,20,12,2014,3.4458333333333333,3.99,3.42,3.76
69477,6,21,12,2014,3.500833333333333,3.63,3.03,3.37
69478,6,22,12,2014,3.426666666666667,3.93,2.73,3.2
69479,6,23,12,2014,3.4283333333333332,4.84,2.34,3.54
69480,7,0,12,2014,3.4366666666666674,5.3,2.46,3.99
69481,7,1,12,2014,3.4391666666666674,5.82,2.73,4.49
69482,7,2,12,2014,3.44,6.91,3.45,5.53
69483,7,3,12,2014,3.3183333333333334,7.69,3.79,6.26
69484,7,4,12,2014,3.119166666666667,7.85,3.94,6.43
69485,7,5,12,2014,2.875833333333334,8.46,4.69,6.96
69486,7,6,12,2014,2.6558333333333333,8.78,5.0200000000000005,7.21
69487,7,7,12,2014,2.5400000000000005,8.85,5.01,7.25
69488,7,8,12,2014,2.47,8.58,4.91,7.09
69489,7,9,12,2014,2.450833333333333,9.17,4.69,7.46
69490,7,10,12,2014,2.4308333333333336,9.96,4.94,8.13
69491,7,11,12,2014,2.4975,9.95,4.92,8.1
69492,7,12,12,2014,2.584166666666667,9.77,4.8100000000000005,7.9
69493,7,13,12,2014,2.6975,9.96,5.15,8.22
69494,7,14,12,2014,2.924166666666667,9.72,5.01,7.91
69495,7,15,12,2014,3.4124999999999996,10.82,5.59,8.74
69496,7,16,12,2014,4.255,10.82,6.55,8.870000000000003
69497,7,17,12,2014,5.100833333333333,9.08,6.2700000000000005,7.95
69498,7,18,12,2014,6.315833333333334,8.84,6.47,7.83
69499,7,19,12,2014,7.368333333333335,8.41,6.47,7.56
69500,7,20,12,2014,7.3975,9.1,6.48,7.8900000000000015
69501,7,21,12,2014,7.535833333333333,9.24,6.36,8.040000000000001
69502,7,22,12,2014,7.266666666666668,9.34,4.66,7.32
69503,7,23,12,2014,7.234166666666667,10.22,5.04,8.03
69504,8,0,12,2014,7.3725,10.5,5.11,8.18
69505,8,1,12,2014,7.680000000000001,10.75,5.3100000000000005,8.48
69506,8,2,12,2014,7.894166666666667,9.97,5.22,7.94
69507,8,3,12,2014,8.100833333333334,9.63,4.61,7.29
69508,8,4,12,2014,8.334166666666668,9.56,4.71,7.27
69509,8,5,12,2014,8.465000000000002,9.56,4.7,7.28
69510,8,6,12,2014,8.655,9.59,4.8,7.36
69511,8,7,12,2014,8.821666666666667,10.07,5.18,7.57
69512,8,8,12,2014,8.969166666666666,10.13,5.0600000000000005,7.87
69513,8,9,12,2014,9.280833333333334,9.78,4.5,7.3900000000000015
69514,8,10,12,2014,9.245,10.87,3.9,7.29
69515,8,11,12,2014,9.535833333333333,11.44,4.86,8.6
69516,8,12,12,2014,9.414166666666665,10.77,4.8100000000000005,8.2
69517,8,13,12,2014,8.875000000000002,10.92,4.63,8.24
69518,8,14,12,2014,8.515833333333333,9.94,3.97,7.37
69519,8,15,12,2014,9.169166666666667,11.48,7.44,9.83
69520,8,16,12,2014,9.769166666666669,11.44,7.59,9.84
69521,8,17,12,2014,10.485000000000001,10.23,7.33,8.99
69522,8,18,12,2014,11.113333333333335,9.05,7.03,8.21
69523,8,19,12,2014,11.574166666666665,8.19,6.47,7.48
69524,8,20,12,2014,12.025833333333331,7.82,5.88,6.98
69525,8,21,12,2014,11.943333333333333,7.86,5.73,6.96
69526,8,22,12,2014,11.525833333333333,8.94,4.5200000000000005,7.0200000000000005
69527,8,23,12,2014,11.280833333333334,8.9,4.5,6.98
69528,9,0,12,2014,11.162500000000001,9.74,4.3500000000000005,7.23
69529,9,1,12,2014,11.086666666666666,10.51,4.88,7.95
69530,9,2,12,2014,10.350833333333332,11.88,6.3500000000000005,9.84
69531,9,3,12,2014,8.130833333333333,12.01,7.32,10.41
69532,9,4,12,2014,6.119166666666666,11.15,7.08,9.65
69533,9,5,12,2014,5.2175,11.04,6.95,9.56
69534,9,6,12,2014,4.239999999999999,10.45,6.78,9.15
69535,9,7,12,2014,3.3850000000000002,9.06,6.26,8.05
69536,9,8,12,2014,2.3425000000000007,10.17,6.76,9.02
69537,9,9,12,2014,1.6883333333333335,8.81,6.0600000000000005,7.91
69538,9,10,12,2014,1.1141666666666667,8.02,5.61,7.18
69539,9,11,12,2014,0.8133333333333334,6.82,4.97,6.16
69540,9,12,12,2014,0.7408333333333333,5.53,4.3,5.04
69541,9,13,12,2014,0.46916666666666657,6.48,4.62,5.82
69542,9,14,12,2014,0.24500000000000002,6.46,4.71,5.84
69543,9,15,12,2014,0.43999999999999995,4.92,4.13,4.57
69544,9,16,12,2014,0.9033333333333333,4.83,4.29,4.62
69545,9,17,12,2014,1.5474999999999997,4.1,3.69,3.91
69546,9,18,12,2014,2.2508333333333335,3.66,3.42,3.56
69547,9,19,12,2014,2.9408333333333334,3.31,3.13,3.22
69548,9,20,12,2014,3.4158333333333335,3.49,3.24,3.41
69549,9,21,12,2014,3.414166666666667,3.47,3.2,3.38
69550,9,22,12,2014,3.1666666666666665,3.65,3.27,3.59
69551,9,23,12,2014,3.0500000000000003,4.15,3.35,3.86
69552,10,0,12,2014,2.8775,4.7,3.59,4.29
69553,10,1,12,2014,2.720833333333333,5.01,3.59,4.51
69554,10,2,12,2014,2.535833333333333,5.51,3.85,4.93
69555,10,3,12,2014,2.3441666666666667,5.71,3.93,5.07
69556,10,4,12,2014,2.2133333333333334,6.17,4.21,5.41
69557,10,5,12,2014,2.121666666666667,6.11,4.15,5.34
69558,10,6,12,2014,1.9691666666666665,6.08,3.99,5.32
69559,10,7,12,2014,1.8533333333333335,6.41,4.16,5.58
69560,10,8,12,2014,1.7908333333333335,6.68,4.33,5.8
69561,10,9,12,2014,1.776666666666667,6.47,4.16,5.57
69562,10,10,12,2014,1.7425,6.37,4.08,5.51
69563,10,11,12,2014,1.719166666666667,6.6400000000000015,4.26,5.73
69564,10,12,12,2014,1.7216666666666665,6.5200000000000005,4.15,5.63
69565,10,13,12,2014,1.759166666666667,6.65,4.19,5.68
69566,10,14,12,2014,1.6974999999999998,6.5600000000000005,4.19,5.67
69567,10,15,12,2014,1.5783333333333334,6.48,4.24,5.61
69568,10,16,12,2014,1.7225000000000001,6.11,4.0,5.33
69569,10,17,12,2014,1.8250000000000002,6.24,4.09,5.43
69570,10,18,12,2014,1.9216666666666666,5.79,4.0,5.14
69571,10,19,12,2014,1.9883333333333333,5.08,3.78,4.58
69572,10,20,12,2014,1.8883333333333336,4.99,3.64,4.49
69573,10,21,12,2014,1.776666666666667,5.04,3.3200000000000003,4.4
69574,10,22,12,2014,1.74,4.93,3.21,4.28
69575,10,23,12,2014,1.7575,4.73,3.11,4.13
69576,11,0,12,2014,1.7908333333333335,5.0200000000000005,3.2,4.33
69577,11,1,12,2014,1.8199999999999996,4.98,3.16,4.29
69578,11,2,12,2014,1.83,4.95,3.17,4.24
69579,11,3,12,2014,1.8258333333333334,4.5200000000000005,3.01,3.89
69580,11,4,12,2014,1.8566666666666667,4.44,2.89,3.78
69581,11,5,12,2014,1.8741666666666672,4.38,2.86,3.76
69582,11,6,12,2014,1.928333333333333,4.25,2.66,3.58
69583,11,7,12,2014,1.975833333333333,4.01,2.47,3.36
69584,11,8,12,2014,2.0241666666666664,3.92,2.37,3.28
69585,11,9,12,2014,2.044166666666667,3.67,2.22,3.08
69586,11,10,12,2014,2.0749999999999993,3.56,2.14,2.97
69587,11,11,12,2014,2.103333333333333,3.38,2.09,2.83
69588,11,12,12,2014,2.119166666666666,3.27,2.03,2.68
69589,11,13,12,2014,2.1625,3.61,2.18,2.96
69590,11,14,12,2014,2.1875,4.09,2.28,3.31
69591,11,15,12,2014,2.2675,4.41,2.38,3.52
69592,11,16,12,2014,2.458333333333333,4.16,2.75,3.41
69593,11,17,12,2014,2.6775,4.42,3.26,3.93
69594,11,18,12,2014,2.885833333333333,4.37,3.23,3.89
69595,11,19,12,2014,3.0991666666666666,4.15,3.16,3.73
69596,11,20,12,2014,3.103333333333333,4.42,3.08,3.85
69597,11,21,12,2014,2.986666666666667,5.09,3.14,4.25
69598,11,22,12,2014,2.9625000000000004,5.45,2.98,4.53
69599,11,23,12,2014,3.0116666666666663,5.82,3.0700000000000003,4.73
69600,12,0,12,2014,3.0741666666666667,6.09,3.34,5.0600000000000005
69601,12,1,12,2014,3.16,6.24,3.43,5.17
69602,12,2,12,2014,3.2300000000000004,5.96,3.24,4.88
69603,12,3,12,2014,3.3216666666666668,6.23,3.38,5.07
69604,12,4,12,2014,3.4333333333333336,6.25,3.27,4.97
69605,12,5,12,2014,3.5875,6.26,3.0700000000000003,4.84
69606,12,6,12,2014,3.7275000000000005,6.22,3.0700000000000003,4.8500000000000005
69607,12,7,12,2014,3.8358333333333334,6.29,3.0700000000000003,4.84
69608,12,8,12,2014,3.9116666666666666,6.71,3.34,5.2
69609,12,9,12,2014,4.058333333333333,7.18,3.61,5.59
69610,12,10,12,2014,4.205833333333334,7.61,3.88,5.95
69611,12,11,12,2014,4.420000000000001,8.5,4.33,6.7700000000000005
69612,12,12,12,2014,4.734999999999999,8.5,4.38,6.76
69613,12,13,12,2014,4.946666666666667,8.42,4.42,6.74
69614,12,14,12,2014,5.221666666666667,9.17,5.1000000000000005,7.57
69615,12,15,12,2014,5.765833333333333,8.99,5.23,7.62
69616,12,16,12,2014,6.202500000000001,9.22,5.53,7.8
69617,12,17,12,2014,6.631666666666668,8.870000000000003,5.71,7.47
69618,12,18,12,2014,7.479166666666667,8.22,5.71,7.13
69619,12,19,12,2014,8.588333333333333,6.92,5.33,6.04
69620,12,20,12,2014,8.518333333333333,7.58,5.3100000000000005,6.47
69621,12,21,12,2014,8.418333333333333,8.06,4.86,6.62
69622,12,22,12,2014,7.739999999999998,8.86,4.57,6.91
69623,12,23,12,2014,7.644166666666668,9.18,4.53,7.07
69624,13,0,12,2014,7.674166666666667,9.6,4.79,7.29
69625,13,1,12,2014,7.806666666666665,9.88,4.89,7.58
69626,13,2,12,2014,7.894166666666667,9.92,4.87,7.61
69627,13,3,12,2014,7.951666666666668,9.72,4.63,7.5
69628,13,4,12,2014,8.095,10.09,4.92,7.94
69629,13,5,12,2014,8.235833333333334,10.28,4.93,8.07
69630,13,6,12,2014,8.385833333333332,10.65,5.37,8.47
69631,13,7,12,2014,8.473333333333331,10.65,5.43,8.47
69632,13,8,12,2014,8.509166666666667,10.18,5.22,8.17
69633,13,9,12,2014,8.519166666666665,9.82,4.94,7.86
69634,13,10,12,2014,8.525833333333333,9.39,4.47,7.3900000000000015
69635,13,11,12,2014,8.511666666666665,9.74,4.72,7.75
69636,13,12,12,2014,8.522499999999999,9.9,4.89,7.9
69637,13,13,12,2014,8.541666666666666,10.17,4.59,7.85
69638,13,14,12,2014,8.625,11.41,6.12,9.23
69639,13,15,12,2014,8.658333333333333,11.26,6.11,9.18
69640,13,16,12,2014,8.768333333333333,11.1,5.98,9.09
69641,13,17,12,2014,8.970833333333333,11.27,6.2700000000000005,9.4
69642,13,18,12,2014,9.190833333333336,11.19,6.2700000000000005,9.34
69643,13,19,12,2014,9.410833333333333,11.3,6.04,9.34
69644,13,20,12,2014,9.533333333333331,10.95,5.72,8.85
69645,13,21,12,2014,9.595,11.82,5.58,9.41
69646,13,22,12,2014,9.748333333333333,11.83,5.5600000000000005,9.36
69647,13,23,12,2014,9.934166666666668,11.87,5.8500000000000005,9.44
69648,14,0,12,2014,10.194999999999999,12.3,5.82,9.68
69649,14,1,12,2014,10.514166666666666,12.58,5.95,9.86
69650,14,2,12,2014,10.920833333333334,12.81,6.15,10.05
69651,14,3,12,2014,11.4675,13.96,7.23,11.15
69652,14,4,12,2014,11.993333333333332,14.02,7.26,11.19
69653,14,5,12,2014,12.384166666666667,14.18,7.6,11.46
69654,14,6,12,2014,12.693333333333335,14.21,7.4,11.44
69655,14,7,12,2014,12.943333333333333,14.62,7.52,11.77
69656,14,8,12,2014,13.101666666666667,15.27,7.92,12.29
69657,14,9,12,2014,13.201666666666668,15.35,8.24,12.43
69658,14,10,12,2014,13.251666666666667,15.29,8.45,12.52
69659,14,11,12,2014,13.279166666666669,15.17,8.4,12.47
69660,14,12,12,2014,13.261666666666668,14.57,7.6400000000000015,11.81
69661,14,13,12,2014,13.276666666666666,15.19,8.21,12.41
69662,14,14,12,2014,13.310833333333333,15.31,8.3,12.43
69663,14,15,12,2014,13.62166666666667,15.38,8.94,12.83
69664,14,16,12,2014,14.324166666666668,15.41,9.26,12.94
69665,14,17,12,2014,15.134166666666665,13.55,9.17,11.58
69666,14,18,12,2014,16.19333333333333,12.93,9.56,11.48
69667,14,19,12,2014,16.956666666666667,13.06,9.7,11.66
69668,14,20,12,2014,17.06833333333333,12.75,9.58,11.45
69669,14,21,12,2014,16.6575,12.69,8.76,11.01
69670,14,22,12,2014,15.614166666666668,12.26,7.16,10.13
69671,14,23,12,2014,14.81333333333333,13.2,6.87,10.79
69672,15,0,12,2014,14.348333333333334,14.39,7.22,11.45
69673,15,1,12,2014,14.106666666666667,14.58,7.57,11.69
69674,15,2,12,2014,13.764166666666668,14.03,7.28,11.25
69675,15,3,12,2014,13.056666666666667,14.76,7.85,12.02
69676,15,4,12,2014,12.265833333333335,12.64,6.6400000000000015,10.31
69677,15,5,12,2014,11.974166666666664,11.61,6.11,9.34
69678,15,6,12,2014,11.861666666666666,14.67,7.57,12.04
69679,15,7,12,2014,11.438333333333333,12.8,6.55,10.14
69680,15,8,12,2014,11.085833333333333,7.59,4.38,4.96
69681,15,9,12,2014,10.697499999999998,9.73,5.18,7.99
69682,15,10,12,2014,10.854999999999999,11.24,5.99,9.17
69683,15,11,12,2014,10.923333333333334,11.26,6.19,9.27
69684,15,12,12,2014,10.928333333333333,10.35,5.42,8.290000000000001
69685,15,13,12,2014,10.90333333333333,9.88,5.07,7.86
69686,15,14,12,2014,10.615833333333335,8.870000000000003,4.57,7.0
69687,15,15,12,2014,10.775833333333333,7.03,3.6,5.74
69688,15,16,12,2014,11.320833333333335,2.9,1.93,2.59
69689,15,17,12,2014,11.222500000000002,14.1,10.32,12.71
69690,15,18,12,2014,8.617500000000001,13.24,9.82,11.98
69691,15,19,12,2014,8.890833333333333,13.37,9.81,12.08
69692,15,20,12,2014,8.126666666666667,12.63,9.21,11.33
69693,15,21,12,2014,7.216666666666668,13.24,8.71,11.45
69694,15,22,12,2014,6.360833333333333,14.09,9.15,12.21
69695,15,23,12,2014,5.208333333333334,14.98,9.74,13.01
69696,16,0,12,2014,4.2575,16.15,10.49,13.93
69697,16,1,12,2014,3.2724999999999995,17.03,11.17,14.82
69698,16,2,12,2014,2.1975000000000002,17.92,11.81,15.62
69699,16,3,12,2014,1.3233333333333335,16.88,11.26,14.73
69700,16,4,12,2014,0.4383333333333333,16.6,10.74,14.48
69701,16,5,12,2014,-0.023333333333333334,16.37,10.74,14.29
69702,16,6,12,2014,-0.5541666666666667,16.22,11.03,14.18
69703,16,7,12,2014,-1.0250000000000001,17.06,11.46,14.94
69704,16,8,12,2014,-1.1091666666666669,16.28,11.21,14.32
69705,16,9,12,2014,-1.225,16.37,11.37,14.44
69706,16,10,12,2014,-1.2858333333333334,14.56,9.67,12.61
69707,16,11,12,2014,-1.6116666666666666,13.53,8.74,11.66
69708,16,12,12,2014,-1.8708333333333336,13.18,8.78,11.5
69709,16,13,12,2014,-1.9658333333333335,13.39,8.620000000000001,11.59
69710,16,14,12,2014,-1.8750000000000007,13.66,9.09,11.95
69711,16,15,12,2014,-1.5508333333333335,13.8,9.23,12.08
69712,16,16,12,2014,-0.9033333333333333,11.25,8.540000000000001,10.17
69713,16,17,12,2014,-0.23416666666666666,10.81,8.58,9.95
69714,16,18,12,2014,0.41500000000000004,9.93,8.01,9.19
69715,16,19,12,2014,1.025,8.67,7.1400000000000015,8.13
69716,16,20,12,2014,1.09,8.96,7.23,8.33
69717,16,21,12,2014,0.9591666666666668,8.55,6.73,7.88
69718,16,22,12,2014,0.58,8.16,5.97,7.31
69719,16,23,12,2014,0.4683333333333333,7.17,4.73,6.21
69720,17,0,12,2014,0.29416666666666674,6.72,4.22,5.76
69721,17,1,12,2014,0.1266666666666667,5.86,3.92,5.14
69722,17,2,12,2014,0.004166666666666667,5.46,3.87,4.83
69723,17,3,12,2014,-0.11583333333333333,5.32,3.67,4.67
69724,17,4,12,2014,-0.26166666666666666,5.32,3.72,4.78
69725,17,5,12,2014,-0.5616666666666666,5.36,3.71,4.8
69726,17,6,12,2014,-0.6241666666666666,4.84,3.36,4.32
69727,17,7,12,2014,-0.7283333333333334,3.75,2.95,3.45
69728,17,8,12,2014,-0.9091666666666667,3.73,2.94,3.45
69729,17,9,12,2014,-1.024166666666667,3.19,2.66,3.02
69730,17,10,12,2014,-1.0750000000000002,3.0,2.54,2.85
69731,17,11,12,2014,-1.1266666666666667,2.56,2.27,2.49
69732,17,12,12,2014,-1.2208333333333334,2.5,2.16,2.38
69733,17,13,12,2014,-1.2441666666666666,2.35,2.02,2.21
69734,17,14,12,2014,-1.1783333333333335,2.34,2.06,2.2
69735,17,15,12,2014,-0.8775,2.26,2.03,2.15
69736,17,16,12,2014,-0.3683333333333334,2.31,2.23,2.27
69737,17,17,12,2014,0.15833333333333333,2.06,2.08,2.06
69738,17,18,12,2014,0.8458333333333333,2.32,2.25,2.27
69739,17,19,12,2014,1.7291666666666663,2.66,2.56,2.61
69740,17,20,12,2014,2.2891666666666666,2.59,2.43,2.5
69741,17,21,12,2014,2.606666666666667,3.3000000000000003,2.98,3.19
69742,17,22,12,2014,2.5258333333333334,3.47,2.87,3.29
69743,17,23,12,2014,2.4333333333333336,3.39,2.75,3.18
69744,18,0,12,2014,2.4124999999999996,3.87,2.92,3.5
69745,18,1,12,2014,2.3699999999999997,4.74,3.33,4.22
69746,18,2,12,2014,2.1791666666666663,5.15,3.42,4.43
69747,18,3,12,2014,2.0375,5.26,3.97,4.76
69748,18,4,12,2014,0.75,5.46,4.23,4.92
69749,18,5,12,2014,0.20500000000000004,4.83,3.39,4.14
69750,18,6,12,2014,0.14333333333333334,5.23,3.83,4.6000000000000005
69751,18,7,12,2014,-0.06083333333333333,5.34,3.7,4.54
69752,18,8,12,2014,-0.14250000000000004,5.71,3.7,4.72
69753,18,9,12,2014,-0.11833333333333333,5.7700000000000005,3.64,4.7700000000000005
69754,18,10,12,2014,-0.1341666666666667,5.41,3.4,4.51
69755,18,11,12,2014,-0.18583333333333338,5.53,3.67,4.76
69756,18,12,12,2014,-0.1625,5.39,3.31,4.47
69757,18,13,12,2014,-0.17666666666666667,5.05,3.31,4.33
69758,18,14,12,2014,-0.16666666666666666,4.5600000000000005,3.06,3.87
69759,18,15,12,2014,0.1741666666666667,3.76,3.03,3.4
69760,18,16,12,2014,0.6125,3.47,2.99,3.27
69761,18,17,12,2014,1.1075,3.02,2.68,2.88
69762,18,18,12,2014,1.4608333333333334,2.49,2.27,2.4
69763,18,19,12,2014,1.705,1.86,1.67,1.74
69764,18,20,12,2014,1.9433333333333334,1.64,1.42,1.54
69765,18,21,12,2014,1.9608333333333334,1.7,1.45,1.59
69766,18,22,12,2014,1.7316666666666665,1.61,1.19,1.51
69767,18,23,12,2014,1.5825000000000002,1.67,0.96,1.46
69768,19,0,12,2014,1.4941666666666666,1.91,1.07,1.58
69769,19,1,12,2014,1.4216666666666666,2.23,1.23,1.94
69770,19,2,12,2014,1.3633333333333333,2.61,1.6,2.39
69771,19,3,12,2014,1.285,2.87,1.58,2.46
69772,19,4,12,2014,1.2191666666666667,3.25,1.61,2.64
69773,19,5,12,2014,1.188333333333333,3.24,1.65,2.68
69774,19,6,12,2014,1.156666666666667,3.44,1.82,2.78
69775,19,7,12,2014,1.1158333333333332,3.54,1.91,2.83
69776,19,8,12,2014,1.1091666666666666,3.8,2.18,3.24
69777,19,9,12,2014,1.1016666666666663,3.73,2.18,3.2
69778,19,10,12,2014,1.0966666666666665,3.22,2.17,3.0500000000000003
69779,19,11,12,2014,1.0875000000000001,3.7,2.16,3.14
69780,19,12,12,2014,1.0458333333333332,4.04,2.43,3.47
69781,19,13,12,2014,1.0374999999999999,3.7,2.31,3.26
69782,19,14,12,2014,1.075,3.88,2.57,3.56
69783,19,15,12,2014,1.3958333333333333,4.43,3.56,4.12
69784,19,16,12,2014,1.7725,4.49,3.6,4.15
69785,19,17,12,2014,2.1366666666666663,4.29,3.58,3.99
69786,19,18,12,2014,2.370833333333333,4.29,3.58,3.99
69787,19,19,12,2014,2.5991666666666666,4.3100000000000005,3.5700000000000003,4.01
69788,19,20,12,2014,2.749166666666667,4.14,3.35,3.82
69789,19,21,12,2014,2.7225,4.33,2.98,3.56
69790,19,22,12,2014,2.424166666666667,4.78,2.58,3.68
69791,19,23,12,2014,2.2933333333333334,5.7,2.8000000000000003,4.29
69792,20,0,12,2014,2.2450000000000006,6.71,3.3000000000000003,5.15
69793,20,1,12,2014,2.243333333333333,6.83,3.46,5.43
69794,20,2,12,2014,2.1908333333333334,7.1400000000000015,3.76,5.66
69795,20,3,12,2014,2.2374999999999994,7.55,4.24,6.16
69796,20,4,12,2014,2.2758333333333334,7.54,4.28,6.2
69797,20,5,12,2014,2.388333333333333,8.42,4.62,6.83
69798,20,6,12,2014,2.4391666666666665,8.69,4.9,7.15
69799,20,7,12,2014,2.4675,9.24,5.03,7.47
69800,20,8,12,2014,2.584166666666667,9.91,5.29,7.95
69801,20,9,12,2014,2.778333333333333,10.65,5.73,8.51
69802,20,10,12,2014,2.984166666666667,10.81,5.89,8.77
69803,20,11,12,2014,3.174166666666667,10.22,5.11,8.08
69804,20,12,12,2014,3.334166666666667,10.01,4.98,7.8900000000000015
69805,20,13,12,2014,3.4791666666666665,10.67,5.53,8.55
69806,20,14,12,2014,3.810833333333333,10.99,5.9,8.96
69807,20,15,12,2014,4.822500000000001,10.81,6.48,8.91
69808,20,16,12,2014,6.071666666666668,9.44,6.49,8.26
69809,20,17,12,2014,7.222500000000001,8.44,6.23,7.53
69810,20,18,12,2014,8.151666666666666,7.25,5.69,6.6000000000000005
69811,20,19,12,2014,8.860000000000001,7.01,5.51,6.41
69812,20,20,12,2014,9.243333333333332,6.94,5.41,6.32
69813,20,21,12,2014,9.097499999999998,7.49,4.84,6.0
69814,20,22,12,2014,8.3575,8.26,4.03,6.46
69815,20,23,12,2014,7.933333333333333,9.9,4.74,7.67
69816,21,0,12,2014,7.671666666666666,11.37,5.8500000000000005,9.03
69817,21,1,12,2014,7.569166666666668,11.92,6.43,9.63
69818,21,2,12,2014,7.37,11.91,6.42,9.61
69819,21,3,12,2014,7.0874999999999995,11.98,6.28,9.75
69820,21,4,12,2014,6.850833333333334,12.28,6.58,10.02
69821,21,5,12,2014,6.635000000000001,12.63,6.58,10.17
69822,21,6,12,2014,6.5325000000000015,13.44,7.32,11.09
69823,21,7,12,2014,6.400833333333334,13.14,7.29,10.89
69824,21,8,12,2014,6.209166666666667,13.24,7.32,10.96
69825,21,9,12,2014,6.056666666666666,13.15,7.24,10.87
69826,21,10,12,2014,5.993333333333333,12.5,6.68,10.24
69827,21,11,12,2014,5.884999999999999,12.19,6.48,10.03
69828,21,12,12,2014,5.739166666666667,12.27,6.74,10.18
69829,21,13,12,2014,5.785833333333333,12.24,6.74,10.15
69830,21,14,12,2014,5.892500000000001,12.31,6.73,10.21
69831,21,15,12,2014,6.162499999999999,12.98,7.97,11.08
69832,21,16,12,2014,7.098333333333334,12.98,8.44,11.16
69833,21,17,12,2014,7.606666666666666,11.88,8.51,10.57
69834,21,18,12,2014,7.1933333333333325,11.51,7.6,9.7
69835,21,19,12,2014,6.98,11.94,6.6000000000000005,9.97
69836,21,20,12,2014,6.801666666666667,11.63,6.2700000000000005,9.66
69837,21,21,12,2014,6.734999999999999,12.16,6.23,9.94
69838,21,22,12,2014,6.6575,12.95,6.63,10.6
69839,21,23,12,2014,6.6066666666666665,13.52,6.84,10.98
69840,22,0,12,2014,6.560833333333332,14.27,7.42,11.74
69841,22,1,12,2014,6.546666666666667,14.74,7.72,12.13
69842,22,2,12,2014,6.488333333333332,14.34,7.68,11.85
69843,22,3,12,2014,6.391666666666668,13.53,7.03,11.07
69844,22,4,12,2014,6.246666666666666,14.01,7.31,11.5
69845,22,5,12,2014,6.145833333333333,13.9,7.15,11.4
69846,22,6,12,2014,6.089166666666667,13.9,7.72,11.53
69847,22,7,12,2014,5.9941666666666675,13.56,7.69,11.39
69848,22,8,12,2014,5.960000000000001,13.21,7.71,11.16
69849,22,9,12,2014,5.956666666666667,12.34,7.37,10.21
69850,22,10,12,2014,6.022500000000001,10.8,6.45,8.98
69851,22,11,12,2014,6.148333333333333,10.63,5.93,8.78
69852,22,12,12,2014,6.263333333333332,9.46,5.05,7.69
69853,22,13,12,2014,6.451666666666667,9.52,4.99,7.74
69854,22,14,12,2014,6.689166666666668,9.52,4.58,7.52
69855,22,15,12,2014,7.038333333333334,9.96,4.91,7.9
69856,22,16,12,2014,7.605833333333333,9.62,5.62,7.97
69857,22,17,12,2014,7.676666666666667,7.97,4.46,6.58
69858,22,18,12,2014,8.353333333333333,6.22,4.49,5.47
69859,22,19,12,2014,8.581666666666665,7.07,5.01,6.23
69860,22,20,12,2014,7.620833333333333,10.41,5.79,8.78
69861,22,21,12,2014,7.136666666666667,9.69,5.83,7.87
69862,22,22,12,2014,6.861666666666667,8.68,4.33,6.93
69863,22,23,12,2014,6.7,9.25,5.09,7.63
69864,23,0,12,2014,6.310833333333334,8.45,4.75,6.99
69865,23,1,12,2014,6.189166666666668,11.05,5.37,8.89
69866,23,2,12,2014,5.972500000000001,10.33,5.15,8.2
69867,23,3,12,2014,5.765,10.38,4.9,8.31
69868,23,4,12,2014,5.6675,9.81,4.89,7.79
69869,23,5,12,2014,5.5249999999999995,9.95,4.32,7.6400000000000015
69870,23,6,12,2014,5.281666666666667,8.84,4.0200000000000005,6.88
69871,23,7,12,2014,5.1275,10.7,4.7700000000000005,8.55
69872,23,8,12,2014,4.8025,9.93,4.79,8.08
69873,23,9,12,2014,4.6049999999999995,9.65,4.49,7.69
69874,23,10,12,2014,4.276666666666666,10.22,4.99,8.27
69875,23,11,12,2014,3.9874999999999994,10.31,5.09,8.34
69876,23,12,12,2014,3.6999999999999993,9.79,4.8500000000000005,7.92
69877,23,13,12,2014,3.3800000000000003,10.14,5.19,8.3
69878,23,14,12,2014,3.252500000000001,9.6,5.14,8.01
69879,23,15,12,2014,3.4875000000000003,9.78,5.36,8.17
69880,23,16,12,2014,3.9708333333333337,8.65,5.76,7.38
69881,23,17,12,2014,4.139166666666667,8.45,5.95,7.53
69882,23,18,12,2014,4.230833333333334,8.49,5.98,7.53
69883,23,19,12,2014,4.555000000000001,9.02,6.16,7.83
69884,23,20,12,2014,4.697500000000001,9.95,6.47,8.61
69885,23,21,12,2014,4.365,10.36,6.61,8.78
69886,23,22,12,2014,3.6875,10.32,6.04,8.61
69887,23,23,12,2014,3.2699999999999996,13.07,6.9,10.92
69888,24,0,12,2014,3.0508333333333333,12.88,6.97,10.79
69889,24,1,12,2014,2.9358333333333335,12.84,6.8,10.68
69890,24,2,12,2014,2.8541666666666674,13.88,7.34,11.59
69891,24,3,12,2014,2.6891666666666665,13.68,7.21,11.37
69892,24,4,12,2014,2.3099999999999996,14.63,7.43,12.19
69893,24,5,12,2014,2.0349999999999997,13.78,7.86,11.65
69894,24,6,12,2014,1.7858333333333336,13.81,7.84,11.69
69895,24,7,12,2014,1.7408333333333335,13.77,7.81,11.65
69896,24,8,12,2014,1.5008333333333335,14.4,8.3,12.23
69897,24,9,12,2014,1.365,14.31,8.07,12.12
69898,24,10,12,2014,1.2141666666666666,14.54,7.76,12.19
69899,24,11,12,2014,1.0358333333333336,13.68,7.46,11.57
69900,24,12,12,2014,0.8383333333333334,12.9,6.9,10.79
69901,24,13,12,2014,0.65,11.61,6.23,9.76
69902,24,14,12,2014,0.5075000000000002,11.21,6.12,9.39
69903,24,15,12,2014,0.6591666666666667,10.29,6.45,8.84
69904,24,16,12,2014,1.1216666666666668,9.15,6.74,8.17
69905,24,17,12,2014,1.7316666666666667,8.94,6.8100000000000005,8.09
69906,24,18,12,2014,2.404166666666667,7.47,6.0200000000000005,6.8900000000000015
69907,24,19,12,2014,3.4274999999999998,5.7,4.8100000000000005,5.32
69908,24,20,12,2014,3.9149999999999996,5.0200000000000005,4.32,4.75
69909,24,21,12,2014,4.066666666666666,5.2,4.12,4.79
69910,24,22,12,2014,3.8058333333333327,6.0,3.62,5.01
69911,24,23,12,2014,3.5600000000000005,6.13,3.19,4.75
69912,25,0,12,2014,3.529166666666667,7.32,3.72,5.7700000000000005
69913,25,1,12,2014,3.5625,8.56,4.43,6.84
69914,25,2,12,2014,3.728333333333333,9.48,4.96,7.54
69915,25,3,12,2014,3.955,10.14,5.19,7.97
69916,25,4,12,2014,4.0725,10.63,5.4,8.32
69917,25,5,12,2014,4.283333333333334,11.91,6.1400000000000015,9.41
69918,25,6,12,2014,4.484166666666667,12.91,6.75,10.28
69919,25,7,12,2014,4.650833333333333,12.92,6.76,10.33
69920,25,8,12,2014,4.944166666666667,13.59,7.05,10.94
69921,25,9,12,2014,5.128333333333333,13.48,6.99,10.87
69922,25,10,12,2014,5.264166666666666,15.25,7.83,12.3
69923,25,11,12,2014,5.345,15.21,7.9,12.28
69924,25,12,12,2014,5.354166666666667,15.16,8.290000000000001,12.43
69925,25,13,12,2014,5.4025,16.01,8.55,13.0
69926,25,14,12,2014,5.555833333333333,16.13,8.61,13.13
69927,25,15,12,2014,6.304166666666667,17.63,8.91,14.4
69928,25,16,12,2014,7.403333333333333,18.3,11.61,15.15
69929,25,17,12,2014,8.698333333333332,14.9,10.05,12.99
69930,25,18,12,2014,9.727500000000001,15.99,10.72,13.74
69931,25,19,12,2014,10.486666666666666,16.05,10.97,13.82
69932,25,20,12,2014,11.011666666666668,14.89,10.43,12.99
69933,25,21,12,2014,10.941666666666668,14.92,7.82,12.07
69934,25,22,12,2014,10.453333333333331,14.95,8.05,12.21
69935,25,23,12,2014,10.275833333333331,15.88,8.28,12.78
69936,26,0,12,2014,10.3075,15.95,8.63,12.86
69937,26,1,12,2014,10.3075,15.91,8.24,12.75
69938,26,2,12,2014,10.458333333333334,16.990000000000002,9.08,13.76
69939,26,3,12,2014,10.4675,16.94,9.33,13.76
69940,26,4,12,2014,10.524999999999999,17.41,9.49,14.08
69941,26,5,12,2014,10.479999999999999,17.22,9.11,13.86
69942,26,6,12,2014,10.435,16.12,8.4,12.91
69943,26,7,12,2014,10.366666666666665,15.16,7.83,12.0
69944,26,8,12,2014,10.1825,14.68,7.67,11.63
69945,26,9,12,2014,10.015,13.12,6.66,10.3
69946,26,10,12,2014,9.826666666666666,12.16,5.8,9.38
69947,26,11,12,2014,9.582500000000001,10.69,4.95,8.18
69948,26,12,12,2014,9.081666666666665,9.77,4.0600000000000005,7.1400000000000015
69949,26,13,12,2014,7.898333333333333,7.43,4.64,6.46
69950,26,14,12,2014,7.023333333333334,8.120000000000001,5.51,7.25
69951,26,15,12,2014,6.985833333333333,7.8900000000000015,5.54,7.16
69952,26,16,12,2014,7.355833333333333,6.53,5.45,6.18
69953,26,17,12,2014,7.797499999999999,6.0600000000000005,5.3100000000000005,5.84
69954,26,18,12,2014,8.185833333333333,5.89,5.22,5.7
69955,26,19,12,2014,8.554166666666665,5.3500000000000005,4.82,5.22
69956,26,20,12,2014,8.768333333333333,4.97,4.5,4.86
69957,26,21,12,2014,8.5975,6.11,5.05,5.82
69958,26,22,12,2014,7.884999999999999,7.22,5.16,6.44
69959,26,23,12,2014,7.157499999999999,8.11,5.65,7.23
69960,27,0,12,2014,6.390000000000001,8.9,6.29,8.02
69961,27,1,12,2014,5.3133333333333335,8.88,6.29,8.0
69962,27,2,12,2014,4.618333333333333,8.540000000000001,6.1400000000000015,7.74
69963,27,3,12,2014,3.981666666666668,8.43,6.05,7.65
69964,27,4,12,2014,3.535,8.58,6.45,7.85
69965,27,5,12,2014,2.77,8.58,6.42,7.82
69966,27,6,12,2014,2.0158333333333336,8.39,6.09,7.53
69967,27,7,12,2014,1.7191666666666665,8.72,6.34,7.84
69968,27,8,12,2014,1.3791666666666664,9.43,6.44,8.33
69969,27,9,12,2014,1.0250000000000001,9.65,6.5200000000000005,8.49
69970,27,10,12,2014,0.6941666666666667,9.01,6.15,7.98
69971,27,11,12,2014,0.3958333333333333,8.97,6.0600000000000005,7.9
69972,27,12,12,2014,0.1625,8.69,5.84,7.6
69973,27,13,12,2014,0.13166666666666663,8.27,5.5600000000000005,7.21
69974,27,14,12,2014,0.0675,9.03,6.0,7.91
69975,27,15,12,2014,0.22583333333333333,8.13,6.21,7.23
69976,27,16,12,2014,0.5399999999999999,7.92,6.29,7.26
69977,27,17,12,2014,0.8674999999999998,7.81,6.46,7.32
69978,27,18,12,2014,1.2508333333333332,7.68,6.44,7.25
69979,27,19,12,2014,1.4216666666666669,7.99,6.63,7.51
69980,27,20,12,2014,1.7658333333333334,7.21,6.0200000000000005,6.8
69981,27,21,12,2014,1.7433333333333334,6.66,5.3500000000000005,6.19
69982,27,22,12,2014,1.613333333333333,6.51,4.7,5.8100000000000005
69983,27,23,12,2014,1.6458333333333333,5.16,3.5700000000000003,4.44
69984,28,0,12,2014,1.7141666666666664,4.7,3.08,4.01
69985,28,1,12,2014,1.7883333333333338,3.86,2.22,3.18
69986,28,2,12,2014,1.7725,3.44,2.01,2.83
69987,28,3,12,2014,1.7958333333333334,4.55,2.4,3.8
69988,28,4,12,2014,1.7074999999999996,4.2700000000000005,2.47,3.5700000000000003
69989,28,5,12,2014,1.6708333333333332,4.61,2.7,3.87
69990,28,6,12,2014,1.6716666666666669,5.09,3.04,4.23
69991,28,7,12,2014,1.7308333333333337,5.48,3.38,4.69
69992,28,8,12,2014,1.8075,5.51,3.41,4.71
69993,28,9,12,2014,1.8866666666666667,6.05,3.5,5.01
69994,28,10,12,2014,1.9516666666666662,6.62,3.85,5.45
69995,28,11,12,2014,2.0083333333333333,6.76,3.97,5.63
69996,28,12,12,2014,2.0575,6.94,4.11,5.8
69997,28,13,12,2014,2.14,7.57,4.3,6.23
69998,28,14,12,2014,2.3249999999999997,7.81,4.5,6.55
69999,28,15,12,2014,3.0925000000000007,7.63,5.17,6.43
70000,28,16,12,2014,4.114999999999999,7.13,5.41,6.32
70001,28,17,12,2014,4.9725,6.73,5.43,6.21
70002,28,18,12,2014,5.628333333333334,6.36,5.33,5.99
70003,28,19,12,2014,6.035833333333334,5.98,5.1000000000000005,5.68
70004,28,20,12,2014,6.254166666666666,5.8,4.87,5.48
70005,28,21,12,2014,6.277499999999999,5.2700000000000005,4.3,4.92
70006,28,22,12,2014,5.883333333333333,5.99,3.0500000000000003,4.67
70007,28,23,12,2014,5.579999999999999,6.01,2.84,4.66
70008,29,0,12,2014,5.349166666666668,5.97,2.74,4.3500000000000005
70009,29,1,12,2014,5.083333333333333,7.15,3.52,5.61
70010,29,2,12,2014,4.905,7.31,3.72,5.8
70011,29,3,12,2014,4.755000000000001,7.12,3.75,5.67
70012,29,4,12,2014,4.626666666666667,6.75,3.46,5.23
70013,29,5,12,2014,4.458333333333333,6.32,3.22,4.91
70014,29,6,12,2014,4.309166666666667,6.13,3.47,4.93
70015,29,7,12,2014,4.191666666666666,6.18,3.3200000000000003,4.9
70016,29,8,12,2014,4.114999999999999,6.19,3.3000000000000003,4.93
70017,29,9,12,2014,4.058333333333334,6.21,3.23,4.8
70018,29,10,12,2014,3.9758333333333327,5.96,2.93,4.61
70019,29,11,12,2014,3.885833333333333,5.66,2.58,4.3
70020,29,12,12,2014,3.8066666666666666,5.5600000000000005,2.46,4.17
70021,29,13,12,2014,3.7091666666666665,4.9,1.94,3.58
70022,29,14,12,2014,3.653333333333333,4.04,2.47,3.11
70023,29,15,12,2014,4.046666666666667,3.7,2.9,3.26
70024,29,16,12,2014,4.791666666666667,3.29,2.94,3.13
70025,29,17,12,2014,5.455833333333334,3.35,3.02,3.2
70026,29,18,12,2014,5.701666666666667,3.5500000000000003,3.31,3.5
70027,29,19,12,2014,5.752500000000001,4.13,3.78,4.07
70028,29,20,12,2014,5.6883333333333335,4.29,3.96,4.25
70029,29,21,12,2014,5.515833333333333,3.3200000000000003,2.94,3.26
70030,29,22,12,2014,4.99,6.78,4.3,5.59
70031,29,23,12,2014,2.2716666666666665,11.38,7.72,10.01
70032,30,0,12,2014,0.5599999999999999,11.69,8.03,10.41
70033,30,1,12,2014,-0.5391666666666667,11.55,8.0,10.28
70034,30,2,12,2014,-1.4283333333333335,10.78,7.87,9.63
70035,30,3,12,2014,-2.1525000000000003,10.86,7.79,9.78
70036,30,4,12,2014,-2.816666666666666,10.98,7.94,9.96
70037,30,5,12,2014,-3.365,11.2,7.83,9.99
70038,30,6,12,2014,-3.7716666666666665,10.67,7.63,9.6
70039,30,7,12,2014,-4.071666666666666,10.07,7.16,9.0
70040,30,8,12,2014,-4.269166666666666,9.9,6.99,8.85
70041,30,9,12,2014,-4.6625000000000005,9.81,6.96,8.86
70042,30,10,12,2014,-5.145833333333335,9.62,6.83,8.700000000000001
70043,30,11,12,2014,-5.3016666666666685,9.09,6.42,8.14
70044,30,12,12,2014,-5.088333333333334,8.91,6.62,8.05
70045,30,13,12,2014,-5.2941666666666665,9.28,6.75,8.4
70046,30,14,12,2014,-5.506666666666668,8.55,6.63,7.86
70047,30,15,12,2014,-5.734999999999999,8.5,6.63,7.8
70048,30,16,12,2014,-5.441666666666666,7.86,6.3900000000000015,7.32
70049,30,17,12,2014,-5.049166666666666,7.58,6.5200000000000005,7.25
70050,30,18,12,2014,-4.866666666666666,7.73,6.67,7.41
70051,30,19,12,2014,-5.0566666666666675,7.73,6.67,7.41
70052,30,20,12,2014,-5.549166666666667,7.42,6.32,7.12
70053,30,21,12,2014,-6.011666666666667,7.67,6.44,7.3
70054,30,22,12,2014,-6.541666666666667,7.03,5.69,6.53
70055,30,23,12,2014,-6.960833333333333,7.38,5.76,6.88
70056,31,0,12,2014,-7.1816666666666675,7.34,5.82,6.8500000000000005
70057,31,1,12,2014,-7.355,7.09,5.58,6.61
70058,31,2,12,2014,-7.508333333333334,6.57,5.3,6.16
70059,31,3,12,2014,-7.632500000000001,5.93,4.79,5.5200000000000005
70060,31,4,12,2014,-7.634166666666668,5.11,4.33,4.87
70061,31,5,12,2014,-7.695833333333334,4.97,4.2,4.72
70062,31,6,12,2014,-7.644166666666666,4.14,3.6,3.98
70063,31,7,12,2014,-7.607499999999999,3.73,3.2,3.52
70064,31,8,12,2014,-7.586666666666666,3.41,2.99,3.27
70065,31,9,12,2014,-7.54,3.16,2.74,2.99
70066,31,10,12,2014,-7.424166666666667,3.06,2.66,2.9
70067,31,11,12,2014,-7.238333333333332,3.51,2.96,3.3000000000000003
70068,31,12,12,2014,-7.056666666666665,4.32,3.51,4.0
70069,31,13,12,2014,-6.9375,5.59,4.3500000000000005,5.11
70070,31,14,12,2014,-6.802499999999999,6.78,5.26,6.17
70071,31,15,12,2014,-6.4175,7.82,6.23,7.2
70072,31,16,12,2014,-5.696666666666666,8.36,6.7700000000000005,7.74
70073,31,17,12,2014,-4.891666666666667,9.27,7.48,8.58
70074,31,18,12,2014,-4.050833333333332,10.35,8.22,9.53
70075,31,19,12,2014,-3.3083333333333336,11.35,8.72,10.31
70076,31,20,12,2014,-2.8691666666666666,11.6,8.790000000000001,10.5
70077,31,21,12,2014,-2.7225,11.74,8.56,10.5
70078,31,22,12,2014,-2.851666666666667,12.12,7.92,10.17
70079,31,23,12,2014,-2.8866666666666667,12.31,6.5,10.19
